   1.0000000e+00   1.0000000e+00   1.0382315e-15   4.0375000e-02   4.0375000e-02
   2.0000000e+00   1.0000000e+00   1.6586773e-15   5.5343750e-02   5.5343750e-02
   3.0000000e+00   1.0000000e+00   1.4587720e-15   3.8718750e-02   3.8718750e-02
   4.0000000e+00   1.0000000e+00   1.7486330e-15   5.1031250e-02   5.1031250e-02
   5.0000000e+00   1.0000000e+00   1.4935762e-15   4.4906250e-02   4.4906250e-02
   6.0000000e+00   1.0000000e+00   1.8318354e-15   4.0906250e-02   4.0906250e-02
   7.0000000e+00   1.0000000e+00   1.5452166e-15   4.3437500e-02   4.3437500e-02
   8.0000000e+00   1.0000000e+00   2.0876948e-15   4.9218750e-02   4.9218750e-02
   9.0000000e+00   1.0000000e+00   1.5101228e-15   4.6125000e-02   4.6125000e-02
   1.0000000e+01   1.0000000e+00   1.5476210e-15   4.1781250e-02   4.1781250e-02
   1.1000000e+01   1.0000000e+00   1.9283057e-15   5.2968750e-02   5.2968750e-02
   1.2000000e+01   1.0000000e+00   1.9190623e-15   5.5625000e-02   5.5625000e-02
   1.3000000e+01   1.0000000e+00   1.7674515e-15   4.5375000e-02   4.5375000e-02
   1.4000000e+01   1.0000000e+00   1.5098503e-15   4.9156250e-02   4.9156250e-02
   1.5000000e+01   1.0000000e+00   1.8301411e-15   5.2500000e-02   5.2500000e-02
   1.6000000e+01   1.0000000e+00   1.9262277e-15   5.1531250e-02   5.1531250e-02
   1.7000000e+01   1.0000000e+00   1.9660056e-15   5.2968750e-02   5.2968750e-02
   1.8000000e+01   1.0000000e+00   1.8090341e-15   5.2843750e-02   5.2843750e-02
   1.9000000e+01   1.0000000e+00   1.7500629e-15   4.7812500e-02   4.7812500e-02
   1.0000000e+00   2.0000000e+00   1.6381836e-15   4.3718750e-02   4.3718750e-02
   2.0000000e+00   2.0000000e+00   1.8958630e-15   6.2812500e-02   6.2812500e-02
   3.0000000e+00   2.0000000e+00   2.1792035e-15   5.3875000e-02   5.3875000e-02
   4.0000000e+00   2.0000000e+00   1.5547007e-15   4.0562500e-02   4.0562500e-02
   5.0000000e+00   2.0000000e+00   1.7350454e-15   3.9718750e-02   3.9718750e-02
   6.0000000e+00   2.0000000e+00   1.7121483e-15   4.1437500e-02   4.1437500e-02
   7.0000000e+00   2.0000000e+00   2.1613529e-15   5.6281250e-02   5.6281250e-02
   8.0000000e+00   2.0000000e+00   1.8011698e-15   6.0468750e-02   6.0468750e-02
   9.0000000e+00   2.0000000e+00   1.9535529e-15   4.8125000e-02   4.8125000e-02
   1.0000000e+01   2.0000000e+00   1.5114094e-15   4.8812500e-02   4.8812500e-02
   1.1000000e+01   2.0000000e+00   1.7831609e-15   5.1718750e-02   5.1718750e-02
   1.2000000e+01   2.0000000e+00   1.5383210e-15   4.3437500e-02   4.3437500e-02
   1.3000000e+01   2.0000000e+00   1.8485892e-15   5.7843750e-02   5.7843750e-02
   1.4000000e+01   2.0000000e+00   1.7334320e-15   4.0218750e-02   4.0218750e-02
   1.5000000e+01   2.0000000e+00   1.3521184e-15   3.4218750e-02   3.4218750e-02
   1.6000000e+01   2.0000000e+00   1.5737539e-15   4.2812500e-02   4.2812500e-02
   1.7000000e+01   2.0000000e+00   1.7237714e-15   5.7156250e-02   5.7156250e-02
   1.8000000e+01   2.0000000e+00   1.8399507e-15   4.0468750e-02   4.0468750e-02
   1.9000000e+01   2.0000000e+00   1.5951650e-15   4.6531250e-02   4.6531250e-02
   1.0000000e+00   3.0000000e+00   1.5707099e-15   4.3406250e-02   4.3406250e-02
   2.0000000e+00   3.0000000e+00   1.5413836e-15   5.1656250e-02   5.1656250e-02
   3.0000000e+00   3.0000000e+00   2.0199898e-15   5.1281250e-02   5.1281250e-02
   4.0000000e+00   3.0000000e+00   1.5045108e-15   3.8031250e-02   3.8031250e-02
   5.0000000e+00   3.0000000e+00   1.7742624e-15   5.6062500e-02   5.6062500e-02
   6.0000000e+00   3.0000000e+00   1.4145499e-15   3.5187500e-02   3.5187500e-02
   7.0000000e+00   3.0000000e+00   1.5759557e-15   4.3500000e-02   4.3500000e-02
   8.0000000e+00   3.0000000e+00   1.8279669e-15   4.8062500e-02   4.8062500e-02
   9.0000000e+00   3.0000000e+00   1.4550536e-15   4.2937500e-02   4.2937500e-02
   1.0000000e+01   3.0000000e+00   1.9853775e-15   4.4250000e-02   4.4250000e-02
   1.1000000e+01   3.0000000e+00   1.6129981e-15   5.4500000e-02   5.4500000e-02
   1.2000000e+01   3.0000000e+00   1.6781450e-15   4.7406250e-02   4.7406250e-02
   1.3000000e+01   3.0000000e+00   1.8698616e-15   5.2031250e-02   5.2031250e-02
   1.4000000e+01   3.0000000e+00   1.4533569e-15   3.7312500e-02   3.7312500e-02
   1.5000000e+01   3.0000000e+00   1.7257590e-15   3.3343750e-02   3.3343750e-02
   1.6000000e+01   3.0000000e+00   1.8856783e-15   4.4156250e-02   4.4156250e-02
   1.7000000e+01   3.0000000e+00   1.6026962e-15   3.5062500e-02   3.5062500e-02
   1.8000000e+01   3.0000000e+00   1.8481918e-15   5.7250000e-02   5.7250000e-02
   1.9000000e+01   3.0000000e+00   1.6243523e-15   3.5406250e-02   3.5406250e-02
   1.0000000e+00   4.0000000e+00   1.9023120e-15   5.0562500e-02   5.0562500e-02
   2.0000000e+00   4.0000000e+00   1.3920771e-15   4.4093750e-02   4.4093750e-02
   3.0000000e+00   4.0000000e+00   1.8181435e-15   5.7750000e-02   5.7750000e-02
   4.0000000e+00   4.0000000e+00   1.4838579e-15   4.3687500e-02   4.3687500e-02
   5.0000000e+00   4.0000000e+00   1.5635943e-15   5.1687500e-02   5.1687500e-02
   6.0000000e+00   4.0000000e+00   1.6866691e-15   4.7812500e-02   4.7812500e-02
   7.0000000e+00   4.0000000e+00   1.6499519e-15   5.2718750e-02   5.2718750e-02
   8.0000000e+00   4.0000000e+00   1.4893482e-15   3.7656250e-02   3.7656250e-02
   9.0000000e+00   4.0000000e+00   1.6791504e-15   4.4875000e-02   4.4875000e-02
   1.0000000e+01   4.0000000e+00   1.9037258e-15   5.3625000e-02   5.3625000e-02
   1.1000000e+01   4.0000000e+00   1.5616393e-15   6.0156250e-02   6.0156250e-02
   1.2000000e+01   4.0000000e+00   1.7641533e-15   4.6312500e-02   4.6312500e-02
   1.3000000e+01   4.0000000e+00   1.6144568e-15   4.2843750e-02   4.2843750e-02
   1.4000000e+01   4.0000000e+00   1.6395694e-15   4.5343750e-02   4.5343750e-02
   1.5000000e+01   4.0000000e+00   1.3372260e-15   4.5718750e-02   4.5718750e-02
   1.6000000e+01   4.0000000e+00   1.5947395e-15   4.8125000e-02   4.8125000e-02
   1.7000000e+01   4.0000000e+00   1.9128330e-15   5.1500000e-02   5.1500000e-02
   1.8000000e+01   4.0000000e+00   1.7945774e-15   4.7531250e-02   4.7531250e-02
   1.9000000e+01   4.0000000e+00   1.7657858e-15   4.4875000e-02   4.4875000e-02
   1.0000000e+00   5.0000000e+00   1.7440020e-15   4.3093750e-02   4.3093750e-02
   2.0000000e+00   5.0000000e+00   1.8237381e-15   4.4062500e-02   4.4062500e-02
   3.0000000e+00   5.0000000e+00   2.0697525e-15   6.3687500e-02   6.3687500e-02
   4.0000000e+00   5.0000000e+00   1.6672025e-15   3.9906250e-02   3.9906250e-02
   5.0000000e+00   5.0000000e+00   1.5849087e-15   5.4656250e-02   5.4656250e-02
   6.0000000e+00   5.0000000e+00   1.9084630e-15   4.2156250e-02   4.2156250e-02
   7.0000000e+00   5.0000000e+00   1.8226438e-15   4.4062500e-02   4.4062500e-02
   8.0000000e+00   5.0000000e+00   1.6555510e-15   5.1062500e-02   5.1062500e-02
   9.0000000e+00   5.0000000e+00   1.7702710e-15   4.4031250e-02   4.4031250e-02
   1.0000000e+01   5.0000000e+00   1.4687555e-15   3.7687500e-02   3.7687500e-02
   1.1000000e+01   5.0000000e+00   1.4872617e-15   4.3937500e-02   4.3937500e-02
   1.2000000e+01   5.0000000e+00   1.9694424e-15   6.0500000e-02   6.0500000e-02
   1.3000000e+01   5.0000000e+00   1.7476946e-15   4.6343750e-02   4.6343750e-02
   1.4000000e+01   5.0000000e+00   1.7588754e-15   5.7437500e-02   5.7437500e-02
   1.5000000e+01   5.0000000e+00   1.6206743e-15   4.1250000e-02   4.1250000e-02
   1.6000000e+01   5.0000000e+00   1.6893698e-15   4.6218750e-02   4.6218750e-02
   1.7000000e+01   5.0000000e+00   1.9536417e-15   5.3312500e-02   5.3312500e-02
   1.8000000e+01   5.0000000e+00   1.5836318e-15   5.3406250e-02   5.3406250e-02
   1.9000000e+01   5.0000000e+00   1.3635179e-15   5.3000000e-02   5.3000000e-02
   1.0000000e+00   6.0000000e+00   1.5459651e-15   5.0968750e-02   5.0968750e-02
   2.0000000e+00   6.0000000e+00   1.6856312e-15   5.6062500e-02   5.6062500e-02
   3.0000000e+00   6.0000000e+00   1.7035660e-15   5.0406250e-02   5.0406250e-02
   4.0000000e+00   6.0000000e+00   1.3955721e-15   3.8062500e-02   3.8062500e-02
   5.0000000e+00   6.0000000e+00   1.3595885e-15   4.2312500e-02   4.2312500e-02
   6.0000000e+00   6.0000000e+00   1.5630661e-15   4.3000000e-02   4.3000000e-02
   7.0000000e+00   6.0000000e+00   1.5187368e-15   4.9718750e-02   4.9718750e-02
   8.0000000e+00   6.0000000e+00   1.5482028e-15   4.1406250e-02   4.1406250e-02
   9.0000000e+00   6.0000000e+00   1.6012903e-15   5.8218750e-02   5.8218750e-02
   1.0000000e+01   6.0000000e+00   1.5325677e-15   3.3625000e-02   3.3625000e-02
   1.1000000e+01   6.0000000e+00   1.3489130e-15   4.4000000e-02   4.4000000e-02
   1.2000000e+01   6.0000000e+00   1.5392634e-15   4.8625000e-02   4.8625000e-02
   1.3000000e+01   6.0000000e+00   1.8651503e-15   4.8906250e-02   4.8906250e-02
   1.4000000e+01   6.0000000e+00   1.4100758e-15   4.1906250e-02   4.1906250e-02
   1.5000000e+01   6.0000000e+00   1.6794680e-15   4.1718750e-02   4.1718750e-02
   1.6000000e+01   6.0000000e+00   1.9061040e-15   5.4031250e-02   5.4031250e-02
   1.7000000e+01   6.0000000e+00   1.7204978e-15   5.0968750e-02   5.0968750e-02
   1.8000000e+01   6.0000000e+00   1.8307569e-15   5.9750000e-02   5.9750000e-02
   1.9000000e+01   6.0000000e+00   1.3152122e-15   3.9906250e-02   3.9906250e-02
   1.0000000e+00   7.0000000e+00   1.7884094e-15   4.9625000e-02   4.9625000e-02
   2.0000000e+00   7.0000000e+00   1.5506531e-15   4.1562500e-02   4.1562500e-02
   3.0000000e+00   7.0000000e+00   1.6364610e-15   4.2687500e-02   4.2687500e-02
   4.0000000e+00   7.0000000e+00   1.5786842e-15   4.3625000e-02   4.3625000e-02
   5.0000000e+00   7.0000000e+00   1.4847820e-15   4.6062500e-02   4.6062500e-02
   6.0000000e+00   7.0000000e+00   1.6126943e-15   4.3156250e-02   4.3156250e-02
   7.0000000e+00   7.0000000e+00   1.5629264e-15   3.3906250e-02   3.3906250e-02
   8.0000000e+00   7.0000000e+00   1.4994559e-15   3.9687500e-02   3.9687500e-02
   9.0000000e+00   7.0000000e+00   1.3877569e-15   4.3968750e-02   4.3968750e-02
   1.0000000e+01   7.0000000e+00   1.7483157e-15   4.9125000e-02   4.9125000e-02
   1.1000000e+01   7.0000000e+00   1.6617849e-15   5.4906250e-02   5.4906250e-02
   1.2000000e+01   7.0000000e+00   1.4860168e-15   3.6343750e-02   3.6343750e-02
   1.3000000e+01   7.0000000e+00   1.7548781e-15   3.6468750e-02   3.6468750e-02
   1.4000000e+01   7.0000000e+00   1.7131726e-15   4.5593750e-02   4.5593750e-02
   1.5000000e+01   7.0000000e+00   1.4084125e-15   3.1968750e-02   3.1968750e-02
   1.6000000e+01   7.0000000e+00   1.4619893e-15   4.8375000e-02   4.8375000e-02
   1.7000000e+01   7.0000000e+00   1.4535725e-15   3.7343750e-02   3.7343750e-02
   1.8000000e+01   7.0000000e+00   1.6191845e-15   5.3968750e-02   5.3968750e-02
   1.9000000e+01   7.0000000e+00   1.7311230e-15   4.5156250e-02   4.5156250e-02
   1.0000000e+00   8.0000000e+00   1.5370217e-15   3.7000000e-02   3.7000000e-02
   2.0000000e+00   8.0000000e+00   1.2773377e-15   6.2812500e-02   6.2812500e-02
   3.0000000e+00   8.0000000e+00   1.5043911e-15   5.2093750e-02   5.2093750e-02
   4.0000000e+00   8.0000000e+00   1.5590646e-15   4.5156250e-02   4.5156250e-02
   5.0000000e+00   8.0000000e+00   1.6322411e-15   4.3875000e-02   4.3875000e-02
   6.0000000e+00   8.0000000e+00   1.6331870e-15   5.8343750e-02   5.8343750e-02
   7.0000000e+00   8.0000000e+00   1.4925668e-15   3.6906250e-02   3.6906250e-02
   8.0000000e+00   8.0000000e+00   1.5536728e-15   4.0843750e-02   4.0843750e-02
   9.0000000e+00   8.0000000e+00   1.3433800e-15   3.5843750e-02   3.5843750e-02
   1.0000000e+01   8.0000000e+00   1.6000174e-15   4.0875000e-02   4.0875000e-02
   1.1000000e+01   8.0000000e+00   1.3798997e-15   4.6687500e-02   4.6687500e-02
   1.2000000e+01   8.0000000e+00   1.2057259e-15   3.6875000e-02   3.6875000e-02
   1.3000000e+01   8.0000000e+00   1.4702042e-15   4.1750000e-02   4.1750000e-02
   1.4000000e+01   8.0000000e+00   1.5515469e-15   5.0937500e-02   5.0937500e-02
   1.5000000e+01   8.0000000e+00   1.2934671e-15   3.2781250e-02   3.2781250e-02
   1.6000000e+01   8.0000000e+00   1.5529963e-15   4.0718750e-02   4.0718750e-02
   1.7000000e+01   8.0000000e+00   1.7740990e-15   3.9750000e-02   3.9750000e-02
   1.8000000e+01   8.0000000e+00   1.2548696e-15   3.1625000e-02   3.1625000e-02
   1.9000000e+01   8.0000000e+00   1.6548504e-15   5.4593750e-02   5.4593750e-02
   1.0000000e+00   9.0000000e+00   1.4191763e-15   3.5031250e-02   3.5031250e-02
   2.0000000e+00   9.0000000e+00   1.3145415e-15   3.6531250e-02   3.6531250e-02
   3.0000000e+00   9.0000000e+00   1.3934938e-15   3.4250000e-02   3.4250000e-02
   4.0000000e+00   9.0000000e+00   1.3739708e-15   3.6750000e-02   3.6750000e-02
   5.0000000e+00   9.0000000e+00   1.3833767e-15   4.1906250e-02   4.1906250e-02
   6.0000000e+00   9.0000000e+00   1.7689444e-15   4.6875000e-02   4.6875000e-02
   7.0000000e+00   9.0000000e+00   1.6914467e-15   4.5656250e-02   4.5656250e-02
   8.0000000e+00   9.0000000e+00   1.4969733e-15   4.2468750e-02   4.2468750e-02
   9.0000000e+00   9.0000000e+00   1.5082392e-15   3.5093750e-02   3.5093750e-02
   1.0000000e+01   9.0000000e+00   1.4601310e-15   3.5125000e-02   3.5125000e-02
   1.1000000e+01   9.0000000e+00   1.6454881e-15   4.3312500e-02   4.3312500e-02
   1.2000000e+01   9.0000000e+00   1.2077163e-15   3.0718750e-02   3.0718750e-02
   1.3000000e+01   9.0000000e+00   1.4838284e-15   4.8687500e-02   4.8687500e-02
   1.4000000e+01   9.0000000e+00   1.4947440e-15   4.1937500e-02   4.1937500e-02
   1.5000000e+01   9.0000000e+00   1.5643267e-15   4.7187500e-02   4.7187500e-02
   1.6000000e+01   9.0000000e+00   1.7974690e-15   5.4187500e-02   5.4187500e-02
   1.7000000e+01   9.0000000e+00   1.6155192e-15   4.4062500e-02   4.4062500e-02
   1.8000000e+01   9.0000000e+00   1.6180909e-15   4.2593750e-02   4.2593750e-02
   1.9000000e+01   9.0000000e+00   1.6157363e-15   4.4000000e-02   4.4000000e-02
   1.0000000e+00   1.0000000e+01   1.9046096e-15   4.5406250e-02   4.5406250e-02
   2.0000000e+00   1.0000000e+01   1.9687834e-15   5.0750000e-02   5.0750000e-02
   3.0000000e+00   1.0000000e+01   1.4469092e-15   3.7281250e-02   3.7281250e-02
   4.0000000e+00   1.0000000e+01   1.4297851e-15   3.8906250e-02   3.8906250e-02
   5.0000000e+00   1.0000000e+01   1.5811049e-15   4.5343750e-02   4.5343750e-02
   6.0000000e+00   1.0000000e+01   1.4720020e-15   3.8281250e-02   3.8281250e-02
   7.0000000e+00   1.0000000e+01   1.2514773e-15   3.0750000e-02   3.0750000e-02
   8.0000000e+00   1.0000000e+01   1.2886229e-15   3.4562500e-02   3.4562500e-02
   9.0000000e+00   1.0000000e+01   1.6620604e-15   5.8125000e-02   5.8125000e-02
   1.0000000e+01   1.0000000e+01   1.2040525e-15   3.3437500e-02   3.3437500e-02
   1.1000000e+01   1.0000000e+01   1.7525843e-15   5.1500000e-02   5.1500000e-02
   1.2000000e+01   1.0000000e+01   1.4701876e-15   4.6593750e-02   4.6593750e-02
   1.3000000e+01   1.0000000e+01   1.6877040e-15   4.2812500e-02   4.2812500e-02
   1.4000000e+01   1.0000000e+01   1.4015574e-15   4.2093750e-02   4.2093750e-02
   1.5000000e+01   1.0000000e+01   1.3638156e-15   4.6843750e-02   4.6843750e-02
   1.6000000e+01   1.0000000e+01   1.4519194e-15   4.2343750e-02   4.2343750e-02
   1.7000000e+01   1.0000000e+01   1.3438753e-15   4.2031250e-02   4.2031250e-02
   1.8000000e+01   1.0000000e+01   1.6034290e-15   5.4968750e-02   5.4968750e-02
   1.9000000e+01   1.0000000e+01   1.3505971e-15   4.0468750e-02   4.0468750e-02
   1.0000000e+00   1.1000000e+01   1.6382635e-15   4.6875000e-02   4.6875000e-02
   2.0000000e+00   1.1000000e+01   1.5038597e-15   3.7656250e-02   3.7656250e-02
   3.0000000e+00   1.1000000e+01   1.4782339e-15   4.1468750e-02   4.1468750e-02
   4.0000000e+00   1.1000000e+01   1.1067482e-15   3.5312500e-02   3.5312500e-02
   5.0000000e+00   1.1000000e+01   1.3745097e-15   5.1375000e-02   5.1375000e-02
   6.0000000e+00   1.1000000e+01   1.3914324e-15   4.4531250e-02   4.4531250e-02
   7.0000000e+00   1.1000000e+01   1.6770272e-15   4.4656250e-02   4.4656250e-02
   8.0000000e+00   1.1000000e+01   1.5202363e-15   4.4000000e-02   4.4000000e-02
   9.0000000e+00   1.1000000e+01   1.5745704e-15   4.5531250e-02   4.5531250e-02
   1.0000000e+01   1.1000000e+01   1.5215594e-15   5.4718750e-02   5.4718750e-02
   1.1000000e+01   1.1000000e+01   1.3685731e-15   3.4531250e-02   3.4531250e-02
   1.2000000e+01   1.1000000e+01   1.4803585e-15   4.5062500e-02   4.5062500e-02
   1.3000000e+01   1.1000000e+01   1.7986924e-15   5.4000000e-02   5.4000000e-02
   1.4000000e+01   1.1000000e+01   1.5254810e-15   4.4406250e-02   4.4406250e-02
   1.5000000e+01   1.1000000e+01   1.2255129e-15   3.7906250e-02   3.7906250e-02
   1.6000000e+01   1.1000000e+01   1.5524491e-15   4.4468750e-02   4.4468750e-02
   1.7000000e+01   1.1000000e+01   1.6444269e-15   4.9500000e-02   4.9500000e-02
   1.8000000e+01   1.1000000e+01   1.4415511e-15   3.7093750e-02   3.7093750e-02
   1.9000000e+01   1.1000000e+01   1.1382045e-15   3.6468750e-02   3.6468750e-02
   1.0000000e+00   1.2000000e+01   1.6505727e-15   4.9000000e-02   4.9000000e-02
   2.0000000e+00   1.2000000e+01   1.8206510e-15   4.2000000e-02   4.2000000e-02
   3.0000000e+00   1.2000000e+01   1.3472144e-15   4.1375000e-02   4.1375000e-02
   4.0000000e+00   1.2000000e+01   1.3569691e-15   4.4687500e-02   4.4687500e-02
   5.0000000e+00   1.2000000e+01   1.1443339e-15   4.7906250e-02   4.7906250e-02
   6.0000000e+00   1.2000000e+01   1.5087788e-15   5.1343750e-02   5.1343750e-02
   7.0000000e+00   1.2000000e+01   1.5180036e-15   4.0343750e-02   4.0343750e-02
   8.0000000e+00   1.2000000e+01   1.5120799e-15   4.6718750e-02   4.6718750e-02
   9.0000000e+00   1.2000000e+01   1.3890034e-15   3.6281250e-02   3.6281250e-02
   1.0000000e+01   1.2000000e+01   1.7880733e-15   6.4000000e-02   6.4000000e-02
   1.1000000e+01   1.2000000e+01   1.5065563e-15   4.9062500e-02   4.9062500e-02
   1.2000000e+01   1.2000000e+01   1.6776377e-15   4.2656250e-02   4.2656250e-02
   1.3000000e+01   1.2000000e+01   1.8261095e-15   5.2875000e-02   5.2875000e-02
   1.4000000e+01   1.2000000e+01   1.9497217e-15   4.9156250e-02   4.9156250e-02
   1.5000000e+01   1.2000000e+01   1.2884384e-15   3.8218750e-02   3.8218750e-02
   1.6000000e+01   1.2000000e+01   1.4979459e-15   4.4843750e-02   4.4843750e-02
   1.7000000e+01   1.2000000e+01   1.5841176e-15   4.5656250e-02   4.5656250e-02
   1.8000000e+01   1.2000000e+01   1.4048859e-15   5.0968750e-02   5.0968750e-02
   1.9000000e+01   1.2000000e+01   1.8451583e-15   4.5812500e-02   4.5812500e-02
   1.0000000e+00   1.3000000e+01   1.3836967e-15   4.4562500e-02   4.4562500e-02
   2.0000000e+00   1.3000000e+01   1.3721600e-15   4.5718750e-02   4.5718750e-02
   3.0000000e+00   1.3000000e+01   1.5801592e-15   4.5062500e-02   4.5062500e-02
   4.0000000e+00   1.3000000e+01   1.7558039e-15   5.4218750e-02   5.4218750e-02
   5.0000000e+00   1.3000000e+01   1.4442118e-15   4.2562500e-02   4.2562500e-02
   6.0000000e+00   1.3000000e+01   1.6150083e-15   5.3281250e-02   5.3281250e-02
   7.0000000e+00   1.3000000e+01   1.2648601e-15   5.0406250e-02   5.0406250e-02
   8.0000000e+00   1.3000000e+01   1.4321726e-15   4.6875000e-02   4.6875000e-02
   9.0000000e+00   1.3000000e+01   1.4319022e-15   4.3531250e-02   4.3531250e-02
   1.0000000e+01   1.3000000e+01   1.5149812e-15   3.6875000e-02   3.6875000e-02
   1.1000000e+01   1.3000000e+01   1.4522437e-15   4.3625000e-02   4.3625000e-02
   1.2000000e+01   1.3000000e+01   1.6466607e-15   4.0093750e-02   4.0093750e-02
   1.3000000e+01   1.3000000e+01   1.4627811e-15   5.0750000e-02   5.0750000e-02
   1.4000000e+01   1.3000000e+01   1.6070806e-15   4.4406250e-02   4.4406250e-02
   1.5000000e+01   1.3000000e+01   1.5198177e-15   4.2031250e-02   4.2031250e-02
   1.6000000e+01   1.3000000e+01   1.3105114e-15   4.5906250e-02   4.5906250e-02
   1.7000000e+01   1.3000000e+01   1.3638949e-15   4.0437500e-02   4.0437500e-02
   1.8000000e+01   1.3000000e+01   1.4983626e-15   4.6718750e-02   4.6718750e-02
   1.9000000e+01   1.3000000e+01   1.2837620e-15   4.7593750e-02   4.7593750e-02
   1.0000000e+00   1.4000000e+01   1.5679059e-15   4.6687500e-02   4.6687500e-02
   2.0000000e+00   1.4000000e+01   1.3521152e-15   4.0406250e-02   4.0406250e-02
   3.0000000e+00   1.4000000e+01   1.5050286e-15   4.0093750e-02   4.0093750e-02
   4.0000000e+00   1.4000000e+01   1.5587702e-15   5.2812500e-02   5.2812500e-02
   5.0000000e+00   1.4000000e+01   1.4722169e-15   4.1156250e-02   4.1156250e-02
   6.0000000e+00   1.4000000e+01   1.5409552e-15   4.7125000e-02   4.7125000e-02
   7.0000000e+00   1.4000000e+01   1.1911818e-15   3.4906250e-02   3.4906250e-02
   8.0000000e+00   1.4000000e+01   1.3225682e-15   3.9406250e-02   3.9406250e-02
   9.0000000e+00   1.4000000e+01   1.4566646e-15   4.1875000e-02   4.1875000e-02
   1.0000000e+01   1.4000000e+01   1.6730966e-15   4.8562500e-02   4.8562500e-02
   1.1000000e+01   1.4000000e+01   1.4331109e-15   4.3437500e-02   4.3437500e-02
   1.2000000e+01   1.4000000e+01   1.6007781e-15   4.0375000e-02   4.0375000e-02
   1.3000000e+01   1.4000000e+01   1.4605526e-15   3.8062500e-02   3.8062500e-02
   1.4000000e+01   1.4000000e+01   1.2766542e-15   5.3687500e-02   5.3687500e-02
   1.5000000e+01   1.4000000e+01   1.6179576e-15   4.9343750e-02   4.9343750e-02
   1.6000000e+01   1.4000000e+01   1.7441700e-15   5.9437500e-02   5.9437500e-02
   1.7000000e+01   1.4000000e+01   1.5025762e-15   3.9156250e-02   3.9156250e-02
   1.8000000e+01   1.4000000e+01   1.4125950e-15   3.9593750e-02   3.9593750e-02
   1.9000000e+01   1.4000000e+01   1.6339608e-15   4.4812500e-02   4.4812500e-02
   1.0000000e+00   1.5000000e+01   1.3732462e-15   3.6437500e-02   3.6437500e-02
   2.0000000e+00   1.5000000e+01   1.5209674e-15   4.7187500e-02   4.7187500e-02
   3.0000000e+00   1.5000000e+01   1.2412426e-15   3.8750000e-02   3.8750000e-02
   4.0000000e+00   1.5000000e+01   1.3550000e-15   4.3812500e-02   4.3812500e-02
   5.0000000e+00   1.5000000e+01   1.2580960e-15   3.6562500e-02   3.6562500e-02
   6.0000000e+00   1.5000000e+01   1.3503018e-15   3.3906250e-02   3.3906250e-02
   7.0000000e+00   1.5000000e+01   1.3549190e-15   4.8218750e-02   4.8218750e-02
   8.0000000e+00   1.5000000e+01   1.7207168e-15   4.5343750e-02   4.5343750e-02
   9.0000000e+00   1.5000000e+01   1.3925450e-15   4.7781250e-02   4.7781250e-02
   1.0000000e+01   1.5000000e+01   1.6810998e-15   5.5125000e-02   5.5125000e-02
   1.1000000e+01   1.5000000e+01   1.4087031e-15   3.6218750e-02   3.6218750e-02
   1.2000000e+01   1.5000000e+01   1.3215129e-15   3.7437500e-02   3.7437500e-02
   1.3000000e+01   1.5000000e+01   1.4967571e-15   3.4406250e-02   3.4406250e-02
   1.4000000e+01   1.5000000e+01   2.0566677e-15   5.2468750e-02   5.2468750e-02
   1.5000000e+01   1.5000000e+01   1.5940757e-15   5.9187500e-02   5.9187500e-02
   1.6000000e+01   1.5000000e+01   1.3061531e-15   4.1625000e-02   4.1625000e-02
   1.7000000e+01   1.5000000e+01   1.5199963e-15   6.5312500e-02   6.5312500e-02
   1.8000000e+01   1.5000000e+01   1.5232434e-15   3.4437500e-02   3.4437500e-02
   1.9000000e+01   1.5000000e+01   1.3457381e-15   3.1562500e-02   3.1562500e-02
   1.0000000e+00   1.6000000e+01   1.6522856e-15   5.1906250e-02   5.1906250e-02
   2.0000000e+00   1.6000000e+01   1.5019887e-15   5.1812500e-02   5.1812500e-02
   3.0000000e+00   1.6000000e+01   1.3492931e-15   4.8625000e-02   4.8625000e-02
   4.0000000e+00   1.6000000e+01   1.5906748e-15   3.9812500e-02   3.9812500e-02
   5.0000000e+00   1.6000000e+01   1.5151163e-15   4.4343750e-02   4.4343750e-02
   6.0000000e+00   1.6000000e+01   1.5313539e-15   3.4843750e-02   3.4843750e-02
   7.0000000e+00   1.6000000e+01   1.4596647e-15   3.7062500e-02   3.7062500e-02
   8.0000000e+00   1.6000000e+01   1.6602022e-15   4.3906250e-02   4.3906250e-02
   9.0000000e+00   1.6000000e+01   1.2561766e-15   3.3187500e-02   3.3187500e-02
   1.0000000e+01   1.6000000e+01   1.5327288e-15   4.4781250e-02   4.4781250e-02
   1.1000000e+01   1.6000000e+01   1.5791988e-15   5.2218750e-02   5.2218750e-02
   1.2000000e+01   1.6000000e+01   1.5458169e-15   3.9718750e-02   3.9718750e-02
   1.3000000e+01   1.6000000e+01   1.4309034e-15   4.0875000e-02   4.0875000e-02
   1.4000000e+01   1.6000000e+01   1.6037817e-15   5.0781250e-02   5.0781250e-02
   1.5000000e+01   1.6000000e+01   1.2276004e-15   4.5812500e-02   4.5812500e-02
   1.6000000e+01   1.6000000e+01   1.4413116e-15   4.6750000e-02   4.6750000e-02
   1.7000000e+01   1.6000000e+01   1.5164998e-15   4.4718750e-02   4.4718750e-02
   1.8000000e+01   1.6000000e+01   1.6406011e-15   4.4343750e-02   4.4343750e-02
   1.9000000e+01   1.6000000e+01   1.4183053e-15   3.5156250e-02   3.5156250e-02
   1.0000000e+00   1.7000000e+01   1.2500466e-15   3.7937500e-02   3.7937500e-02
   2.0000000e+00   1.7000000e+01   1.6130193e-15   5.2875000e-02   5.2875000e-02
   3.0000000e+00   1.7000000e+01   1.2842445e-15   4.3968750e-02   4.3968750e-02
   4.0000000e+00   1.7000000e+01   1.4474656e-15   3.8031250e-02   3.8031250e-02
   5.0000000e+00   1.7000000e+01   1.6230925e-15   4.3468750e-02   4.3468750e-02
   6.0000000e+00   1.7000000e+01   1.4401541e-15   4.2843750e-02   4.2843750e-02
   7.0000000e+00   1.7000000e+01   1.2893939e-15   4.5312500e-02   4.5312500e-02
   8.0000000e+00   1.7000000e+01   1.4736376e-15   4.0968750e-02   4.0968750e-02
   9.0000000e+00   1.7000000e+01   1.1683062e-15   4.5718750e-02   4.5718750e-02
   1.0000000e+01   1.7000000e+01   1.2813534e-15   3.6125000e-02   3.6125000e-02
   1.1000000e+01   1.7000000e+01   1.5421794e-15   4.3562500e-02   4.3562500e-02
   1.2000000e+01   1.7000000e+01   1.5238133e-15   4.0843750e-02   4.0843750e-02
   1.3000000e+01   1.7000000e+01   1.3686235e-15   3.7062500e-02   3.7062500e-02
   1.4000000e+01   1.7000000e+01   1.5650926e-15   4.9250000e-02   4.9250000e-02
   1.5000000e+01   1.7000000e+01   1.4809799e-15   3.9093750e-02   3.9093750e-02
   1.6000000e+01   1.7000000e+01   1.0925841e-15   3.1781250e-02   3.1781250e-02
   1.7000000e+01   1.7000000e+01   1.3675121e-15   3.8968750e-02   3.8968750e-02
   1.8000000e+01   1.7000000e+01   1.5352818e-15   4.2156250e-02   4.2156250e-02
   1.9000000e+01   1.7000000e+01   1.5952930e-15   4.3843750e-02   4.3843750e-02
   1.0000000e+00   1.8000000e+01   1.8849260e-15   5.0031250e-02   5.0031250e-02
   2.0000000e+00   1.8000000e+01   1.4943271e-15   6.0093750e-02   6.0093750e-02
   3.0000000e+00   1.8000000e+01   1.4423308e-15   5.0781250e-02   5.0781250e-02
   4.0000000e+00   1.8000000e+01   1.5318287e-15   4.3031250e-02   4.3031250e-02
   5.0000000e+00   1.8000000e+01   1.3401170e-15   4.5000000e-02   4.5000000e-02
   6.0000000e+00   1.8000000e+01   1.6598346e-15   5.3468750e-02   5.3468750e-02
   7.0000000e+00   1.8000000e+01   1.4935256e-15   3.7187500e-02   3.7187500e-02
   8.0000000e+00   1.8000000e+01   1.4620182e-15   4.2843750e-02   4.2843750e-02
   9.0000000e+00   1.8000000e+01   1.2585011e-15   4.7500000e-02   4.7500000e-02
   1.0000000e+01   1.8000000e+01   1.2506018e-15   3.2000000e-02   3.2000000e-02
   1.1000000e+01   1.8000000e+01   1.6061551e-15   3.8656250e-02   3.8656250e-02
   1.2000000e+01   1.8000000e+01   1.3489090e-15   5.5218750e-02   5.5218750e-02
   1.3000000e+01   1.8000000e+01   9.8426361e-16   4.0312500e-02   4.0312500e-02
   1.4000000e+01   1.8000000e+01   1.5029338e-15   4.9531250e-02   4.9531250e-02
   1.5000000e+01   1.8000000e+01   1.2798155e-15   4.1093750e-02   4.1093750e-02
   1.6000000e+01   1.8000000e+01   1.4337040e-15   5.1687500e-02   5.1687500e-02
   1.7000000e+01   1.8000000e+01   1.6234396e-15   4.7562500e-02   4.7562500e-02
   1.8000000e+01   1.8000000e+01   1.4658102e-15   5.5687500e-02   5.5687500e-02
   1.9000000e+01   1.8000000e+01   1.5292776e-15   3.8250000e-02   3.8250000e-02
   1.0000000e+00   1.9000000e+01   1.1427703e-15   3.6843750e-02   3.6843750e-02
   2.0000000e+00   1.9000000e+01   1.2365963e-15   4.5812500e-02   4.5812500e-02
   3.0000000e+00   1.9000000e+01   1.2647823e-15   5.2687500e-02   5.2687500e-02
   4.0000000e+00   1.9000000e+01   1.4792639e-15   4.8593750e-02   4.8593750e-02
   5.0000000e+00   1.9000000e+01   1.3771543e-15   4.1718750e-02   4.1718750e-02
   6.0000000e+00   1.9000000e+01   1.4290177e-15   4.3687500e-02   4.3687500e-02
   7.0000000e+00   1.9000000e+01   1.5137262e-15   4.6187500e-02   4.6187500e-02
   8.0000000e+00   1.9000000e+01   1.3571143e-15   3.6468750e-02   3.6468750e-02
   9.0000000e+00   1.9000000e+01   1.1314117e-15   2.9843750e-02   2.9843750e-02
   1.0000000e+01   1.9000000e+01   1.3825324e-15   4.9406250e-02   4.9406250e-02
   1.1000000e+01   1.9000000e+01   1.4141917e-15   4.6437500e-02   4.6437500e-02
   1.2000000e+01   1.9000000e+01   1.3323679e-15   3.6125000e-02   3.6125000e-02
   1.3000000e+01   1.9000000e+01   1.5766992e-15   4.8656250e-02   4.8656250e-02
   1.4000000e+01   1.9000000e+01   1.5001787e-15   4.7375000e-02   4.7375000e-02
   1.5000000e+01   1.9000000e+01   1.6465653e-15   5.8500000e-02   5.8500000e-02
   1.6000000e+01   1.9000000e+01   1.8128165e-15   4.4000000e-02   4.4000000e-02
   1.7000000e+01   1.9000000e+01   1.2550646e-15   4.3593750e-02   4.3593750e-02
   1.8000000e+01   1.9000000e+01   1.3544204e-15   3.4968750e-02   3.4968750e-02
   1.9000000e+01   1.9000000e+01   1.5743545e-15   6.0531250e-02   6.0531250e-02
