   1.0000000e+00   1.0000000e+00   1.0862490e-15   1.6640625e-02   1.6640625e-02
   2.0000000e+00   1.0000000e+00   1.1677551e-15   1.7890625e-02   1.7890625e-02
   3.0000000e+00   1.0000000e+00   1.1421549e-15   1.6406250e-02   1.6406250e-02
   4.0000000e+00   1.0000000e+00   1.0992990e-15   1.5937500e-02   1.5937500e-02
   5.0000000e+00   1.0000000e+00   1.1058854e-15   1.7265625e-02   1.7265625e-02
   6.0000000e+00   1.0000000e+00   1.0997450e-15   1.6796875e-02   1.6796875e-02
   7.0000000e+00   1.0000000e+00   1.0135585e-15   1.5156250e-02   1.5156250e-02
   8.0000000e+00   1.0000000e+00   1.0756187e-15   1.5625000e-02   1.5625000e-02
   9.0000000e+00   1.0000000e+00   1.0390825e-15   1.5546875e-02   1.5546875e-02
   1.0000000e+01   1.0000000e+00   1.1848679e-15   1.7031250e-02   1.7031250e-02
   1.1000000e+01   1.0000000e+00   1.1082761e-15   1.6640625e-02   1.6640625e-02
   1.2000000e+01   1.0000000e+00   1.0727033e-15   1.6093750e-02   1.6093750e-02
   1.3000000e+01   1.0000000e+00   1.1436406e-15   1.7265625e-02   1.7265625e-02
   1.4000000e+01   1.0000000e+00   1.1928490e-15   1.7500000e-02   1.7500000e-02
   1.5000000e+01   1.0000000e+00   1.1620933e-15   1.7265625e-02   1.7265625e-02
   1.6000000e+01   1.0000000e+00   1.1701299e-15   1.7968750e-02   1.7968750e-02
   1.7000000e+01   1.0000000e+00   1.1346818e-15   1.6953125e-02   1.6953125e-02
   1.8000000e+01   1.0000000e+00   1.1114121e-15   1.7265625e-02   1.7265625e-02
   1.9000000e+01   1.0000000e+00   1.1493673e-15   1.6953125e-02   1.6953125e-02
   2.0000000e+01   1.0000000e+00   1.1078488e-15   1.6640625e-02   1.6640625e-02
   2.1000000e+01   1.0000000e+00   1.0275195e-15   1.6015625e-02   1.6015625e-02
   2.2000000e+01   1.0000000e+00   1.0986781e-15   1.6875000e-02   1.6875000e-02
   2.3000000e+01   1.0000000e+00   1.1099804e-15   1.5937500e-02   1.5937500e-02
   2.4000000e+01   1.0000000e+00   1.0708440e-15   1.6093750e-02   1.6093750e-02
   2.5000000e+01   1.0000000e+00   1.1017086e-15   1.5781250e-02   1.5781250e-02
   2.6000000e+01   1.0000000e+00   1.0214507e-15   1.6562500e-02   1.6562500e-02
   2.7000000e+01   1.0000000e+00   1.1377833e-15   1.7500000e-02   1.7500000e-02
   2.8000000e+01   1.0000000e+00   1.1098533e-15   1.6718750e-02   1.6718750e-02
   2.9000000e+01   1.0000000e+00   1.1180018e-15   1.7421875e-02   1.7421875e-02
   3.0000000e+01   1.0000000e+00   1.1105204e-15   1.7265625e-02   1.7265625e-02
   3.1000000e+01   1.0000000e+00   1.0353799e-15   1.5937500e-02   1.5937500e-02
   3.2000000e+01   1.0000000e+00   1.0356655e-15   1.5937500e-02   1.5937500e-02
   3.3000000e+01   1.0000000e+00   1.0311318e-15   1.5312500e-02   1.5312500e-02
   3.4000000e+01   1.0000000e+00   1.0268034e-15   1.6328125e-02   1.6328125e-02
   3.5000000e+01   1.0000000e+00   1.0213090e-15   1.6328125e-02   1.6328125e-02
   1.0000000e+00   2.0000000e+00   9.6761472e-16   1.4687500e-02   1.4687500e-02
   2.0000000e+00   2.0000000e+00   1.0406823e-15   1.5000000e-02   1.5000000e-02
   3.0000000e+00   2.0000000e+00   1.0502487e-15   1.5625000e-02   1.5625000e-02
   4.0000000e+00   2.0000000e+00   1.0938235e-15   1.7265625e-02   1.7265625e-02
   5.0000000e+00   2.0000000e+00   1.0472786e-15   1.5546875e-02   1.5546875e-02
   6.0000000e+00   2.0000000e+00   9.9462963e-16   1.5859375e-02   1.5859375e-02
   7.0000000e+00   2.0000000e+00   1.1060083e-15   1.6328125e-02   1.6328125e-02
   8.0000000e+00   2.0000000e+00   1.0207362e-15   1.7109375e-02   1.7109375e-02
   9.0000000e+00   2.0000000e+00   1.0406917e-15   1.5546875e-02   1.5546875e-02
   1.0000000e+01   2.0000000e+00   1.0762500e-15   1.6406250e-02   1.6406250e-02
   1.1000000e+01   2.0000000e+00   1.1141937e-15   1.6640625e-02   1.6640625e-02
   1.2000000e+01   2.0000000e+00   1.0782541e-15   1.6796875e-02   1.6796875e-02
   1.3000000e+01   2.0000000e+00   1.0780813e-15   1.6562500e-02   1.6562500e-02
   1.4000000e+01   2.0000000e+00   1.1118682e-15   1.6718750e-02   1.6718750e-02
   1.5000000e+01   2.0000000e+00   1.0694949e-15   1.6250000e-02   1.6250000e-02
   1.6000000e+01   2.0000000e+00   1.0708448e-15   1.6718750e-02   1.6718750e-02
   1.7000000e+01   2.0000000e+00   1.0687579e-15   1.6250000e-02   1.6250000e-02
   1.8000000e+01   2.0000000e+00   1.1004411e-15   1.6406250e-02   1.6406250e-02
   1.9000000e+01   2.0000000e+00   1.0353697e-15   1.6406250e-02   1.6406250e-02
   2.0000000e+01   2.0000000e+00   1.0356165e-15   1.6562500e-02   1.6562500e-02
   2.1000000e+01   2.0000000e+00   1.0726381e-15   1.6484375e-02   1.6484375e-02
   2.2000000e+01   2.0000000e+00   1.0635151e-15   1.5781250e-02   1.5781250e-02
   2.3000000e+01   2.0000000e+00   1.0401896e-15   1.5781250e-02   1.5781250e-02
   2.4000000e+01   2.0000000e+00   1.0021414e-15   1.5937500e-02   1.5937500e-02
   2.5000000e+01   2.0000000e+00   9.5477490e-16   1.5937500e-02   1.5937500e-02
   2.6000000e+01   2.0000000e+00   9.9093940e-16   1.5390625e-02   1.5390625e-02
   2.7000000e+01   2.0000000e+00   1.0536792e-15   1.5937500e-02   1.5937500e-02
   2.8000000e+01   2.0000000e+00   9.6399441e-16   1.6250000e-02   1.6250000e-02
   2.9000000e+01   2.0000000e+00   9.9636731e-16   1.6015625e-02   1.6015625e-02
   3.0000000e+01   2.0000000e+00   1.0213343e-15   1.6015625e-02   1.6015625e-02
   3.1000000e+01   2.0000000e+00   9.3241155e-16   1.5625000e-02   1.5625000e-02
   3.2000000e+01   2.0000000e+00   1.0048074e-15   1.5468750e-02   1.5468750e-02
   3.3000000e+01   2.0000000e+00   1.0020808e-15   1.6875000e-02   1.6875000e-02
   3.4000000e+01   2.0000000e+00   1.0068847e-15   1.5625000e-02   1.5625000e-02
   3.5000000e+01   2.0000000e+00   9.8292374e-16   1.5468750e-02   1.5468750e-02
   1.0000000e+00   3.0000000e+00   9.2397361e-16   1.5234375e-02   1.5234375e-02
   2.0000000e+00   3.0000000e+00   1.0137358e-15   1.6015625e-02   1.6015625e-02
   3.0000000e+00   3.0000000e+00   9.0726216e-16   1.5234375e-02   1.5234375e-02
   4.0000000e+00   3.0000000e+00   9.5467939e-16   1.5156250e-02   1.5156250e-02
   5.0000000e+00   3.0000000e+00   9.7408009e-16   1.5859375e-02   1.5859375e-02
   6.0000000e+00   3.0000000e+00   9.2712259e-16   1.4687500e-02   1.4687500e-02
   7.0000000e+00   3.0000000e+00   8.7634122e-16   1.3750000e-02   1.3750000e-02
   8.0000000e+00   3.0000000e+00   9.4598032e-16   1.5937500e-02   1.5937500e-02
   9.0000000e+00   3.0000000e+00   9.4430362e-16   1.5156250e-02   1.5156250e-02
   1.0000000e+01   3.0000000e+00   9.6820581e-16   1.5234375e-02   1.5234375e-02
   1.1000000e+01   3.0000000e+00   9.5728418e-16   1.5000000e-02   1.5000000e-02
   1.2000000e+01   3.0000000e+00   9.8863227e-16   1.4843750e-02   1.4843750e-02
   1.3000000e+01   3.0000000e+00   9.2838245e-16   1.4453125e-02   1.4453125e-02
   1.4000000e+01   3.0000000e+00   1.0101408e-15   1.5468750e-02   1.5468750e-02
   1.5000000e+01   3.0000000e+00   9.7317141e-16   1.4453125e-02   1.4453125e-02
   1.6000000e+01   3.0000000e+00   9.6254834e-16   1.5234375e-02   1.5234375e-02
   1.7000000e+01   3.0000000e+00   1.0060980e-15   1.5312500e-02   1.5312500e-02
   1.8000000e+01   3.0000000e+00   1.0461966e-15   1.6406250e-02   1.6406250e-02
   1.9000000e+01   3.0000000e+00   1.0128162e-15   1.5781250e-02   1.5781250e-02
   2.0000000e+01   3.0000000e+00   1.0123688e-15   1.5859375e-02   1.5859375e-02
   2.1000000e+01   3.0000000e+00   1.0035036e-15   1.5625000e-02   1.5625000e-02
   2.2000000e+01   3.0000000e+00   9.5272933e-16   1.4843750e-02   1.4843750e-02
   2.3000000e+01   3.0000000e+00   9.7053537e-16   1.4843750e-02   1.4843750e-02
   2.4000000e+01   3.0000000e+00   9.7522409e-16   1.5546875e-02   1.5546875e-02
   2.5000000e+01   3.0000000e+00   1.0141887e-15   1.6796875e-02   1.6796875e-02
   2.6000000e+01   3.0000000e+00   1.0015045e-15   1.6328125e-02   1.6328125e-02
   2.7000000e+01   3.0000000e+00   1.0143279e-15   1.5625000e-02   1.5625000e-02
   2.8000000e+01   3.0000000e+00   1.0201067e-15   1.5781250e-02   1.5781250e-02
   2.9000000e+01   3.0000000e+00   1.0616384e-15   1.6328125e-02   1.6328125e-02
   3.0000000e+01   3.0000000e+00   1.0441560e-15   1.5937500e-02   1.5937500e-02
   3.1000000e+01   3.0000000e+00   1.0450977e-15   1.6718750e-02   1.6718750e-02
   3.2000000e+01   3.0000000e+00   1.0009939e-15   1.5703125e-02   1.5703125e-02
   3.3000000e+01   3.0000000e+00   1.0689325e-15   1.6718750e-02   1.6718750e-02
   3.4000000e+01   3.0000000e+00   9.6492465e-16   1.5312500e-02   1.5312500e-02
   3.5000000e+01   3.0000000e+00   1.0645963e-15   1.6640625e-02   1.6640625e-02
   1.0000000e+00   4.0000000e+00   1.1039443e-15   1.6953125e-02   1.6953125e-02
   2.0000000e+00   4.0000000e+00   1.1023652e-15   1.7187500e-02   1.7187500e-02
   3.0000000e+00   4.0000000e+00   1.0806160e-15   1.7187500e-02   1.7187500e-02
   4.0000000e+00   4.0000000e+00   1.0217711e-15   1.6093750e-02   1.6093750e-02
   5.0000000e+00   4.0000000e+00   1.0156239e-15   1.5234375e-02   1.5234375e-02
   6.0000000e+00   4.0000000e+00   1.0190302e-15   1.5625000e-02   1.5625000e-02
   7.0000000e+00   4.0000000e+00   9.8486047e-16   1.5703125e-02   1.5703125e-02
   8.0000000e+00   4.0000000e+00   1.0682313e-15   1.6953125e-02   1.6953125e-02
   9.0000000e+00   4.0000000e+00   1.0733109e-15   1.6796875e-02   1.6796875e-02
   1.0000000e+01   4.0000000e+00   1.0557568e-15   1.7812500e-02   1.7812500e-02
   1.1000000e+01   4.0000000e+00   1.0152368e-15   1.6562500e-02   1.6562500e-02
   1.2000000e+01   4.0000000e+00   1.0452038e-15   1.6015625e-02   1.6015625e-02
   1.3000000e+01   4.0000000e+00   1.0308310e-15   1.5546875e-02   1.5546875e-02
   1.4000000e+01   4.0000000e+00   1.0926137e-15   1.7890625e-02   1.7890625e-02
   1.5000000e+01   4.0000000e+00   1.0841539e-15   1.6484375e-02   1.6484375e-02
   1.6000000e+01   4.0000000e+00   1.0251795e-15   1.5312500e-02   1.5312500e-02
   1.7000000e+01   4.0000000e+00   9.5291164e-16   1.4218750e-02   1.4218750e-02
   1.8000000e+01   4.0000000e+00   1.0500460e-15   1.5859375e-02   1.5859375e-02
   1.9000000e+01   4.0000000e+00   1.0441138e-15   1.6875000e-02   1.6875000e-02
   2.0000000e+01   4.0000000e+00   9.9217250e-16   1.5312500e-02   1.5312500e-02
   2.1000000e+01   4.0000000e+00   9.2224516e-16   1.4843750e-02   1.4843750e-02
   2.2000000e+01   4.0000000e+00   1.0024866e-15   1.4609375e-02   1.4609375e-02
   2.3000000e+01   4.0000000e+00   1.0227553e-15   1.6171875e-02   1.6171875e-02
   2.4000000e+01   4.0000000e+00   1.0339867e-15   1.5546875e-02   1.5546875e-02
   2.5000000e+01   4.0000000e+00   1.1108896e-15   1.6406250e-02   1.6406250e-02
   2.6000000e+01   4.0000000e+00   1.0365165e-15   1.6093750e-02   1.6093750e-02
   2.7000000e+01   4.0000000e+00   1.1116631e-15   1.7265625e-02   1.7265625e-02
   2.8000000e+01   4.0000000e+00   1.0020492e-15   1.6250000e-02   1.6250000e-02
   2.9000000e+01   4.0000000e+00   9.9613395e-16   1.6093750e-02   1.6093750e-02
   3.0000000e+01   4.0000000e+00   1.0272731e-15   1.5625000e-02   1.5625000e-02
   3.1000000e+01   4.0000000e+00   1.0048786e-15   1.5468750e-02   1.5468750e-02
   3.2000000e+01   4.0000000e+00   9.9233840e-16   1.6406250e-02   1.6406250e-02
   3.3000000e+01   4.0000000e+00   9.7043756e-16   1.5937500e-02   1.5937500e-02
   3.4000000e+01   4.0000000e+00   9.8751124e-16   1.4765625e-02   1.4765625e-02
   3.5000000e+01   4.0000000e+00   1.0874323e-15   1.6250000e-02   1.6250000e-02
   1.0000000e+00   5.0000000e+00   9.7562433e-16   1.5000000e-02   1.5000000e-02
   2.0000000e+00   5.0000000e+00   9.9761869e-16   1.4921875e-02   1.4921875e-02
   3.0000000e+00   5.0000000e+00   1.0893750e-15   1.7109375e-02   1.7109375e-02
   4.0000000e+00   5.0000000e+00   1.0406691e-15   1.6015625e-02   1.6015625e-02
   5.0000000e+00   5.0000000e+00   1.1090602e-15   1.6796875e-02   1.6796875e-02
   6.0000000e+00   5.0000000e+00   1.0424818e-15   1.5546875e-02   1.5546875e-02
   7.0000000e+00   5.0000000e+00   1.0597051e-15   1.7031250e-02   1.7031250e-02
   8.0000000e+00   5.0000000e+00   1.0422115e-15   1.7187500e-02   1.7187500e-02
   9.0000000e+00   5.0000000e+00   1.0613950e-15   1.6562500e-02   1.6562500e-02
   1.0000000e+01   5.0000000e+00   1.0864377e-15   1.6015625e-02   1.6015625e-02
   1.1000000e+01   5.0000000e+00   1.0917840e-15   1.6562500e-02   1.6562500e-02
   1.2000000e+01   5.0000000e+00   1.0423495e-15   1.6484375e-02   1.6484375e-02
   1.3000000e+01   5.0000000e+00   1.1116390e-15   1.7968750e-02   1.7968750e-02
   1.4000000e+01   5.0000000e+00   1.1965511e-15   1.7734375e-02   1.7734375e-02
   1.5000000e+01   5.0000000e+00   1.0835044e-15   1.6562500e-02   1.6562500e-02
   1.6000000e+01   5.0000000e+00   1.0490527e-15   1.6328125e-02   1.6328125e-02
   1.7000000e+01   5.0000000e+00   1.0621544e-15   1.6562500e-02   1.6562500e-02
   1.8000000e+01   5.0000000e+00   1.1463735e-15   1.7578125e-02   1.7578125e-02
   1.9000000e+01   5.0000000e+00   1.0615881e-15   1.6718750e-02   1.6718750e-02
   2.0000000e+01   5.0000000e+00   1.1359989e-15   1.8281250e-02   1.8281250e-02
   2.1000000e+01   5.0000000e+00   1.1268517e-15   1.6875000e-02   1.6875000e-02
   2.2000000e+01   5.0000000e+00   1.1939305e-15   1.7421875e-02   1.7421875e-02
   2.3000000e+01   5.0000000e+00   1.0896857e-15   1.6015625e-02   1.6015625e-02
   2.4000000e+01   5.0000000e+00   1.1388820e-15   1.7656250e-02   1.7656250e-02
   2.5000000e+01   5.0000000e+00   1.1470930e-15   1.7265625e-02   1.7265625e-02
   2.6000000e+01   5.0000000e+00   1.0670528e-15   1.5859375e-02   1.5859375e-02
   2.7000000e+01   5.0000000e+00   1.1463434e-15   1.6640625e-02   1.6640625e-02
   2.8000000e+01   5.0000000e+00   1.0909345e-15   1.7734375e-02   1.7734375e-02
   2.9000000e+01   5.0000000e+00   1.0452679e-15   1.5859375e-02   1.5859375e-02
   3.0000000e+01   5.0000000e+00   1.0017184e-15   1.6796875e-02   1.6796875e-02
   3.1000000e+01   5.0000000e+00   9.9307571e-16   1.5625000e-02   1.5625000e-02
   3.2000000e+01   5.0000000e+00   1.0093228e-15   1.5312500e-02   1.5312500e-02
   3.3000000e+01   5.0000000e+00   1.0205193e-15   1.6562500e-02   1.6562500e-02
   3.4000000e+01   5.0000000e+00   1.0132464e-15   1.5937500e-02   1.5937500e-02
   3.5000000e+01   5.0000000e+00   1.0472636e-15   1.5703125e-02   1.5703125e-02
   1.0000000e+00   6.0000000e+00   1.0196207e-15   1.5312500e-02   1.5312500e-02
   2.0000000e+00   6.0000000e+00   1.0067922e-15   1.5703125e-02   1.5703125e-02
   3.0000000e+00   6.0000000e+00   9.9419088e-16   1.5468750e-02   1.5468750e-02
   4.0000000e+00   6.0000000e+00   1.0374780e-15   1.5546875e-02   1.5546875e-02
   5.0000000e+00   6.0000000e+00   9.5665191e-16   1.5000000e-02   1.5000000e-02
   6.0000000e+00   6.0000000e+00   1.0547874e-15   1.6718750e-02   1.6718750e-02
   7.0000000e+00   6.0000000e+00   1.0482766e-15   1.6015625e-02   1.6015625e-02
   8.0000000e+00   6.0000000e+00   1.0895503e-15   1.6484375e-02   1.6484375e-02
   9.0000000e+00   6.0000000e+00   9.9650071e-16   1.5859375e-02   1.5859375e-02
   1.0000000e+01   6.0000000e+00   9.3603010e-16   1.5000000e-02   1.5000000e-02
   1.1000000e+01   6.0000000e+00   1.0256463e-15   1.6953125e-02   1.6953125e-02
   1.2000000e+01   6.0000000e+00   9.4970524e-16   1.4843750e-02   1.4843750e-02
   1.3000000e+01   6.0000000e+00   9.8046836e-16   1.5000000e-02   1.5000000e-02
   1.4000000e+01   6.0000000e+00   1.0292384e-15   1.5312500e-02   1.5312500e-02
   1.5000000e+01   6.0000000e+00   1.0901083e-15   1.5937500e-02   1.5937500e-02
   1.6000000e+01   6.0000000e+00   1.0468335e-15   1.5390625e-02   1.5390625e-02
   1.7000000e+01   6.0000000e+00   1.1517329e-15   1.6953125e-02   1.6953125e-02
   1.8000000e+01   6.0000000e+00   1.1447893e-15   1.7890625e-02   1.7890625e-02
   1.9000000e+01   6.0000000e+00   1.1397035e-15   1.6718750e-02   1.6718750e-02
   2.0000000e+01   6.0000000e+00   1.0033418e-15   1.4765625e-02   1.4765625e-02
   2.1000000e+01   6.0000000e+00   1.1241917e-15   1.6875000e-02   1.6875000e-02
   2.2000000e+01   6.0000000e+00   1.1224103e-15   1.6796875e-02   1.6796875e-02
   2.3000000e+01   6.0000000e+00   1.1459144e-15   1.7968750e-02   1.7968750e-02
   2.4000000e+01   6.0000000e+00   1.0810480e-15   1.6875000e-02   1.6875000e-02
   2.5000000e+01   6.0000000e+00   9.5102564e-16   1.5625000e-02   1.5625000e-02
   2.6000000e+01   6.0000000e+00   1.0018376e-15   1.4765625e-02   1.4765625e-02
   2.7000000e+01   6.0000000e+00   1.0262450e-15   1.5312500e-02   1.5312500e-02
   2.8000000e+01   6.0000000e+00   1.0617785e-15   1.6796875e-02   1.6796875e-02
   2.9000000e+01   6.0000000e+00   1.0743416e-15   1.6640625e-02   1.6640625e-02
   3.0000000e+01   6.0000000e+00   1.0058930e-15   1.5937500e-02   1.5937500e-02
   3.1000000e+01   6.0000000e+00   1.0709212e-15   1.5937500e-02   1.5937500e-02
   3.2000000e+01   6.0000000e+00   1.0469090e-15   1.7109375e-02   1.7109375e-02
   3.3000000e+01   6.0000000e+00   1.0497501e-15   1.6015625e-02   1.6015625e-02
   3.4000000e+01   6.0000000e+00   9.8826305e-16   1.5156250e-02   1.5156250e-02
   3.5000000e+01   6.0000000e+00   9.5247917e-16   1.5468750e-02   1.5468750e-02
   1.0000000e+00   7.0000000e+00   9.4520363e-16   1.5156250e-02   1.5156250e-02
   2.0000000e+00   7.0000000e+00   1.0057429e-15   1.5937500e-02   1.5937500e-02
   3.0000000e+00   7.0000000e+00   1.0343964e-15   1.6718750e-02   1.6718750e-02
   4.0000000e+00   7.0000000e+00   1.0213815e-15   1.5859375e-02   1.5859375e-02
   5.0000000e+00   7.0000000e+00   1.0648554e-15   1.6093750e-02   1.6093750e-02
   6.0000000e+00   7.0000000e+00   9.9532886e-16   1.4609375e-02   1.4609375e-02
   7.0000000e+00   7.0000000e+00   1.0619197e-15   1.7578125e-02   1.7578125e-02
   8.0000000e+00   7.0000000e+00   1.0013843e-15   1.5703125e-02   1.5703125e-02
   9.0000000e+00   7.0000000e+00   9.7053330e-16   1.6171875e-02   1.6171875e-02
   1.0000000e+01   7.0000000e+00   9.7422884e-16   1.4843750e-02   1.4843750e-02
   1.1000000e+01   7.0000000e+00   9.3377246e-16   1.4375000e-02   1.4375000e-02
   1.2000000e+01   7.0000000e+00   9.6902047e-16   1.5312500e-02   1.5312500e-02
   1.3000000e+01   7.0000000e+00   9.3736707e-16   1.4531250e-02   1.4531250e-02
   1.4000000e+01   7.0000000e+00   9.3736070e-16   1.3906250e-02   1.3906250e-02
   1.5000000e+01   7.0000000e+00   9.2634114e-16   1.4687500e-02   1.4687500e-02
   1.6000000e+01   7.0000000e+00   9.1995654e-16   1.5937500e-02   1.5937500e-02
   1.7000000e+01   7.0000000e+00   9.5337563e-16   1.4453125e-02   1.4453125e-02
   1.8000000e+01   7.0000000e+00   9.4194036e-16   1.5156250e-02   1.5156250e-02
   1.9000000e+01   7.0000000e+00   8.7276302e-16   1.3750000e-02   1.3750000e-02
   2.0000000e+01   7.0000000e+00   8.6672996e-16   1.4765625e-02   1.4765625e-02
   2.1000000e+01   7.0000000e+00   9.5363817e-16   1.4765625e-02   1.4765625e-02
   2.2000000e+01   7.0000000e+00   9.5831611e-16   1.6015625e-02   1.6015625e-02
   2.3000000e+01   7.0000000e+00   8.9814008e-16   1.4375000e-02   1.4375000e-02
   2.4000000e+01   7.0000000e+00   8.9117208e-16   1.4375000e-02   1.4375000e-02
   2.5000000e+01   7.0000000e+00   8.9759542e-16   1.6171875e-02   1.6171875e-02
   2.6000000e+01   7.0000000e+00   8.9454852e-16   1.3984375e-02   1.3984375e-02
   2.7000000e+01   7.0000000e+00   8.9881438e-16   1.3750000e-02   1.3750000e-02
   2.8000000e+01   7.0000000e+00   9.2521378e-16   1.5312500e-02   1.5312500e-02
   2.9000000e+01   7.0000000e+00   9.5090904e-16   1.4531250e-02   1.4531250e-02
   3.0000000e+01   7.0000000e+00   9.2686942e-16   1.4296875e-02   1.4296875e-02
   3.1000000e+01   7.0000000e+00   9.5324336e-16   1.5234375e-02   1.5234375e-02
   3.2000000e+01   7.0000000e+00   9.4573079e-16   1.5859375e-02   1.5859375e-02
   3.3000000e+01   7.0000000e+00   9.5099205e-16   1.7031250e-02   1.7031250e-02
   3.4000000e+01   7.0000000e+00   8.9033672e-16   1.4765625e-02   1.4765625e-02
   3.5000000e+01   7.0000000e+00   9.3182932e-16   1.4296875e-02   1.4296875e-02
   1.0000000e+00   8.0000000e+00   9.2960320e-16   1.5546875e-02   1.5546875e-02
   2.0000000e+00   8.0000000e+00   9.0964570e-16   1.4218750e-02   1.4218750e-02
   3.0000000e+00   8.0000000e+00   1.0155061e-15   1.6015625e-02   1.6015625e-02
   4.0000000e+00   8.0000000e+00   9.7012810e-16   1.5546875e-02   1.5546875e-02
   5.0000000e+00   8.0000000e+00   9.5561745e-16   1.4687500e-02   1.4687500e-02
   6.0000000e+00   8.0000000e+00   9.2450901e-16   1.4687500e-02   1.4687500e-02
   7.0000000e+00   8.0000000e+00   9.5611855e-16   1.5781250e-02   1.5781250e-02
   8.0000000e+00   8.0000000e+00   1.0010693e-15   1.5156250e-02   1.5156250e-02
   9.0000000e+00   8.0000000e+00   1.0610889e-15   1.5625000e-02   1.5625000e-02
   1.0000000e+01   8.0000000e+00   9.1983236e-16   1.5000000e-02   1.5000000e-02
   1.1000000e+01   8.0000000e+00   9.4424042e-16   1.5234375e-02   1.5234375e-02
   1.2000000e+01   8.0000000e+00   9.2757185e-16   1.4453125e-02   1.4453125e-02
   1.3000000e+01   8.0000000e+00   9.2114917e-16   1.5078125e-02   1.5078125e-02
   1.4000000e+01   8.0000000e+00   8.9713288e-16   1.4296875e-02   1.4296875e-02
   1.5000000e+01   8.0000000e+00   9.7653996e-16   1.5625000e-02   1.5625000e-02
   1.6000000e+01   8.0000000e+00   9.2801846e-16   1.4296875e-02   1.4296875e-02
   1.7000000e+01   8.0000000e+00   8.8832861e-16   1.4531250e-02   1.4531250e-02
   1.8000000e+01   8.0000000e+00   9.3776801e-16   1.5078125e-02   1.5078125e-02
   1.9000000e+01   8.0000000e+00   9.9984000e-16   1.5781250e-02   1.5781250e-02
   2.0000000e+01   8.0000000e+00   9.3757305e-16   1.5546875e-02   1.5546875e-02
   2.1000000e+01   8.0000000e+00   1.0437032e-15   1.5078125e-02   1.5078125e-02
   2.2000000e+01   8.0000000e+00   9.2203324e-16   1.4687500e-02   1.4687500e-02
   2.3000000e+01   8.0000000e+00   8.8919034e-16   1.5703125e-02   1.5703125e-02
   2.4000000e+01   8.0000000e+00   8.9690506e-16   1.5468750e-02   1.5468750e-02
   2.5000000e+01   8.0000000e+00   9.9090616e-16   1.5312500e-02   1.5312500e-02
   2.6000000e+01   8.0000000e+00   9.6031339e-16   1.5468750e-02   1.5468750e-02
   2.7000000e+01   8.0000000e+00   1.0757175e-15   1.6171875e-02   1.6171875e-02
   2.8000000e+01   8.0000000e+00   9.3109451e-16   1.5546875e-02   1.5546875e-02
   2.9000000e+01   8.0000000e+00   9.7343278e-16   1.5078125e-02   1.5078125e-02
   3.0000000e+01   8.0000000e+00   9.5595011e-16   1.5625000e-02   1.5625000e-02
   3.1000000e+01   8.0000000e+00   1.0350505e-15   1.6171875e-02   1.6171875e-02
   3.2000000e+01   8.0000000e+00   1.0428000e-15   1.5625000e-02   1.5625000e-02
   3.3000000e+01   8.0000000e+00   1.0400389e-15   1.6250000e-02   1.6250000e-02
   3.4000000e+01   8.0000000e+00   1.0387028e-15   1.5234375e-02   1.5234375e-02
   3.5000000e+01   8.0000000e+00   9.7453705e-16   1.6093750e-02   1.6093750e-02
   1.0000000e+00   9.0000000e+00   9.9607867e-16   1.6484375e-02   1.6484375e-02
   2.0000000e+00   9.0000000e+00   1.0586823e-15   1.5390625e-02   1.5390625e-02
   3.0000000e+00   9.0000000e+00   1.0604598e-15   1.5703125e-02   1.5703125e-02
   4.0000000e+00   9.0000000e+00   1.0977355e-15   1.6015625e-02   1.6015625e-02
   5.0000000e+00   9.0000000e+00   1.0654379e-15   1.6093750e-02   1.6093750e-02
   6.0000000e+00   9.0000000e+00   9.9696817e-16   1.4843750e-02   1.4843750e-02
   7.0000000e+00   9.0000000e+00   1.0675146e-15   1.6093750e-02   1.6093750e-02
   8.0000000e+00   9.0000000e+00   1.0295826e-15   1.6484375e-02   1.6484375e-02
   9.0000000e+00   9.0000000e+00   1.0101657e-15   1.5703125e-02   1.5703125e-02
   1.0000000e+01   9.0000000e+00   1.0481728e-15   1.5312500e-02   1.5312500e-02
   1.1000000e+01   9.0000000e+00   1.0499551e-15   1.5781250e-02   1.5781250e-02
   1.2000000e+01   9.0000000e+00   1.0731041e-15   1.6406250e-02   1.6406250e-02
   1.3000000e+01   9.0000000e+00   9.7977722e-16   1.5312500e-02   1.5312500e-02
   1.4000000e+01   9.0000000e+00   1.0233081e-15   1.5546875e-02   1.5546875e-02
   1.5000000e+01   9.0000000e+00   1.0288380e-15   1.5390625e-02   1.5390625e-02
   1.6000000e+01   9.0000000e+00   1.0389800e-15   1.6484375e-02   1.6484375e-02
   1.7000000e+01   9.0000000e+00   9.5283722e-16   1.4375000e-02   1.4375000e-02
   1.8000000e+01   9.0000000e+00   9.8148634e-16   1.6640625e-02   1.6640625e-02
   1.9000000e+01   9.0000000e+00   1.0176125e-15   1.4843750e-02   1.4843750e-02
   2.0000000e+01   9.0000000e+00   1.0647121e-15   1.5703125e-02   1.5703125e-02
   2.1000000e+01   9.0000000e+00   1.0752733e-15   1.6171875e-02   1.6171875e-02
   2.2000000e+01   9.0000000e+00   1.0368011e-15   1.6875000e-02   1.6875000e-02
   2.3000000e+01   9.0000000e+00   9.9709208e-16   1.6015625e-02   1.6015625e-02
   2.4000000e+01   9.0000000e+00   9.2683860e-16   1.6093750e-02   1.6093750e-02
   2.5000000e+01   9.0000000e+00   1.0896418e-15   1.5859375e-02   1.5859375e-02
   2.6000000e+01   9.0000000e+00   1.1174566e-15   1.6875000e-02   1.6875000e-02
   2.7000000e+01   9.0000000e+00   1.1195640e-15   1.7343750e-02   1.7343750e-02
   2.8000000e+01   9.0000000e+00   1.1193820e-15   1.7734375e-02   1.7734375e-02
   2.9000000e+01   9.0000000e+00   1.1129636e-15   1.6796875e-02   1.6796875e-02
   3.0000000e+01   9.0000000e+00   1.1378867e-15   1.6796875e-02   1.6796875e-02
   3.1000000e+01   9.0000000e+00   1.1395260e-15   1.6875000e-02   1.6875000e-02
   3.2000000e+01   9.0000000e+00   1.0524003e-15   1.6250000e-02   1.6250000e-02
   3.3000000e+01   9.0000000e+00   1.0230039e-15   1.5312500e-02   1.5312500e-02
   3.4000000e+01   9.0000000e+00   1.0745638e-15   1.6093750e-02   1.6093750e-02
   3.5000000e+01   9.0000000e+00   1.0630139e-15   1.6250000e-02   1.6250000e-02
   1.0000000e+00   1.0000000e+01   1.0801477e-15   1.6484375e-02   1.6484375e-02
   2.0000000e+00   1.0000000e+01   9.5890521e-16   1.5156250e-02   1.5156250e-02
   3.0000000e+00   1.0000000e+01   1.0661612e-15   1.6796875e-02   1.6796875e-02
   4.0000000e+00   1.0000000e+01   1.0908455e-15   1.6250000e-02   1.6250000e-02
   5.0000000e+00   1.0000000e+01   1.1500173e-15   1.6875000e-02   1.6875000e-02
   6.0000000e+00   1.0000000e+01   1.0305459e-15   1.6406250e-02   1.6406250e-02
   7.0000000e+00   1.0000000e+01   1.0141419e-15   1.6250000e-02   1.6250000e-02
   8.0000000e+00   1.0000000e+01   9.5468822e-16   1.5078125e-02   1.5078125e-02
   9.0000000e+00   1.0000000e+01   1.0157725e-15   1.6250000e-02   1.6250000e-02
   1.0000000e+01   1.0000000e+01   1.0301464e-15   1.5390625e-02   1.5390625e-02
   1.1000000e+01   1.0000000e+01   1.0361374e-15   1.6328125e-02   1.6328125e-02
   1.2000000e+01   1.0000000e+01   1.0768537e-15   1.6093750e-02   1.6093750e-02
   1.3000000e+01   1.0000000e+01   1.1100372e-15   1.7578125e-02   1.7578125e-02
   1.4000000e+01   1.0000000e+01   1.0233148e-15   1.5781250e-02   1.5781250e-02
   1.5000000e+01   1.0000000e+01   1.1256195e-15   1.6640625e-02   1.6640625e-02
   1.6000000e+01   1.0000000e+01   9.9079893e-16   1.4609375e-02   1.4609375e-02
   1.7000000e+01   1.0000000e+01   1.0887262e-15   1.6093750e-02   1.6093750e-02
   1.8000000e+01   1.0000000e+01   1.1028306e-15   1.6953125e-02   1.6953125e-02
   1.9000000e+01   1.0000000e+01   1.1211769e-15   1.7734375e-02   1.7734375e-02
   2.0000000e+01   1.0000000e+01   1.1502028e-15   1.7031250e-02   1.7031250e-02
   2.1000000e+01   1.0000000e+01   1.1263180e-15   1.6484375e-02   1.6484375e-02
   2.2000000e+01   1.0000000e+01   1.1212830e-15   1.6953125e-02   1.6953125e-02
   2.3000000e+01   1.0000000e+01   1.0993478e-15   1.7265625e-02   1.7265625e-02
   2.4000000e+01   1.0000000e+01   1.1372513e-15   1.6484375e-02   1.6484375e-02
   2.5000000e+01   1.0000000e+01   1.0934919e-15   1.5859375e-02   1.5859375e-02
   2.6000000e+01   1.0000000e+01   1.0802430e-15   1.7343750e-02   1.7343750e-02
   2.7000000e+01   1.0000000e+01   1.1871341e-15   1.7578125e-02   1.7578125e-02
   2.8000000e+01   1.0000000e+01   1.1471578e-15   1.6718750e-02   1.6718750e-02
   2.9000000e+01   1.0000000e+01   1.0348762e-15   1.5546875e-02   1.5546875e-02
   3.0000000e+01   1.0000000e+01   1.0703075e-15   1.6796875e-02   1.6796875e-02
   3.1000000e+01   1.0000000e+01   1.0380199e-15   1.5781250e-02   1.5781250e-02
   3.2000000e+01   1.0000000e+01   1.0657651e-15   1.5937500e-02   1.5937500e-02
   3.3000000e+01   1.0000000e+01   9.8159376e-16   1.5546875e-02   1.5546875e-02
   3.4000000e+01   1.0000000e+01   9.8031832e-16   1.5390625e-02   1.5390625e-02
   3.5000000e+01   1.0000000e+01   9.6911403e-16   1.6328125e-02   1.6328125e-02
   1.0000000e+00   1.1000000e+01   1.0048902e-15   1.5937500e-02   1.5937500e-02
   2.0000000e+00   1.1000000e+01   9.8755855e-16   1.5703125e-02   1.5703125e-02
   3.0000000e+00   1.1000000e+01   9.2267434e-16   1.5156250e-02   1.5156250e-02
   4.0000000e+00   1.1000000e+01   9.8113649e-16   1.4921875e-02   1.4921875e-02
   5.0000000e+00   1.1000000e+01   9.2274610e-16   1.5312500e-02   1.5312500e-02
   6.0000000e+00   1.1000000e+01   8.8846736e-16   1.4375000e-02   1.4375000e-02
   7.0000000e+00   1.1000000e+01   9.4722545e-16   1.5859375e-02   1.5859375e-02
   8.0000000e+00   1.1000000e+01   9.6131371e-16   1.5625000e-02   1.5625000e-02
   9.0000000e+00   1.1000000e+01   9.9500800e-16   1.4687500e-02   1.4687500e-02
   1.0000000e+01   1.1000000e+01   1.0267622e-15   1.5156250e-02   1.5156250e-02
   1.1000000e+01   1.1000000e+01   1.0321977e-15   1.6562500e-02   1.6562500e-02
   1.2000000e+01   1.1000000e+01   9.8351636e-16   1.5546875e-02   1.5546875e-02
   1.3000000e+01   1.1000000e+01   1.0287548e-15   1.5625000e-02   1.5625000e-02
   1.4000000e+01   1.1000000e+01   9.5034138e-16   1.7109375e-02   1.7109375e-02
   1.5000000e+01   1.1000000e+01   9.5881392e-16   1.4453125e-02   1.4453125e-02
   1.6000000e+01   1.1000000e+01   9.5531959e-16   1.5937500e-02   1.5937500e-02
   1.7000000e+01   1.1000000e+01   9.8281116e-16   1.5312500e-02   1.5312500e-02
   1.8000000e+01   1.1000000e+01   1.0034445e-15   1.5390625e-02   1.5390625e-02
   1.9000000e+01   1.1000000e+01   1.0568147e-15   1.6171875e-02   1.6171875e-02
   2.0000000e+01   1.1000000e+01   1.0634418e-15   1.6093750e-02   1.6093750e-02
   2.1000000e+01   1.1000000e+01   1.1740223e-15   1.8046875e-02   1.8046875e-02
   2.2000000e+01   1.1000000e+01   1.0284189e-15   1.5859375e-02   1.5859375e-02
   2.3000000e+01   1.1000000e+01   9.9992070e-16   1.7031250e-02   1.7031250e-02
   2.4000000e+01   1.1000000e+01   1.0170712e-15   1.5546875e-02   1.5546875e-02
   2.5000000e+01   1.1000000e+01   1.0072615e-15   1.5625000e-02   1.5625000e-02
   2.6000000e+01   1.1000000e+01   1.0311971e-15   1.5703125e-02   1.5703125e-02
   2.7000000e+01   1.1000000e+01   1.0112386e-15   1.5781250e-02   1.5781250e-02
   2.8000000e+01   1.1000000e+01   9.9298388e-16   1.5234375e-02   1.5234375e-02
   2.9000000e+01   1.1000000e+01   1.0551554e-15   1.5546875e-02   1.5546875e-02
   3.0000000e+01   1.1000000e+01   1.0263349e-15   1.5078125e-02   1.5078125e-02
   3.1000000e+01   1.1000000e+01   1.0786140e-15   1.6093750e-02   1.6093750e-02
   3.2000000e+01   1.1000000e+01   1.1056253e-15   1.6328125e-02   1.6328125e-02
   3.3000000e+01   1.1000000e+01   1.0393495e-15   1.7421875e-02   1.7421875e-02
   3.4000000e+01   1.1000000e+01   1.1051415e-15   1.6171875e-02   1.6171875e-02
   3.5000000e+01   1.1000000e+01   1.0715786e-15   1.5625000e-02   1.5625000e-02
   1.0000000e+00   1.2000000e+01   1.0720265e-15   1.6015625e-02   1.6015625e-02
   2.0000000e+00   1.2000000e+01   9.6468805e-16   1.4921875e-02   1.4921875e-02
   3.0000000e+00   1.2000000e+01   1.0432571e-15   1.6640625e-02   1.6640625e-02
   4.0000000e+00   1.2000000e+01   9.7929487e-16   1.6171875e-02   1.6171875e-02
   5.0000000e+00   1.2000000e+01   1.0080463e-15   1.5312500e-02   1.5312500e-02
   6.0000000e+00   1.2000000e+01   9.8547970e-16   1.4921875e-02   1.4921875e-02
   7.0000000e+00   1.2000000e+01   9.4516949e-16   1.5156250e-02   1.5156250e-02
   8.0000000e+00   1.2000000e+01   9.7823259e-16   1.4843750e-02   1.4843750e-02
   9.0000000e+00   1.2000000e+01   1.0181190e-15   1.5468750e-02   1.5468750e-02
   1.0000000e+01   1.2000000e+01   9.4799237e-16   1.4765625e-02   1.4765625e-02
   1.1000000e+01   1.2000000e+01   1.0419466e-15   1.6875000e-02   1.6875000e-02
   1.2000000e+01   1.2000000e+01   9.6488645e-16   1.6171875e-02   1.6171875e-02
   1.3000000e+01   1.2000000e+01   9.6325358e-16   1.5312500e-02   1.5312500e-02
   1.4000000e+01   1.2000000e+01   9.6564067e-16   1.5390625e-02   1.5390625e-02
   1.5000000e+01   1.2000000e+01   9.7606921e-16   1.6093750e-02   1.6093750e-02
   1.6000000e+01   1.2000000e+01   9.5870435e-16   1.5234375e-02   1.5234375e-02
   1.7000000e+01   1.2000000e+01   9.2663645e-16   1.4609375e-02   1.4609375e-02
   1.8000000e+01   1.2000000e+01   1.0459951e-15   1.5781250e-02   1.5781250e-02
   1.9000000e+01   1.2000000e+01   9.6992650e-16   1.5312500e-02   1.5312500e-02
   2.0000000e+01   1.2000000e+01   9.0970519e-16   1.6328125e-02   1.6328125e-02
   2.1000000e+01   1.2000000e+01   1.0161884e-15   1.5156250e-02   1.5156250e-02
   2.2000000e+01   1.2000000e+01   9.5687203e-16   1.5078125e-02   1.5078125e-02
   2.3000000e+01   1.2000000e+01   1.0160515e-15   1.5000000e-02   1.5000000e-02
   2.4000000e+01   1.2000000e+01   1.0989599e-15   1.6562500e-02   1.6562500e-02
   2.5000000e+01   1.2000000e+01   1.0441603e-15   1.5937500e-02   1.5937500e-02
   2.6000000e+01   1.2000000e+01   1.1153967e-15   1.6093750e-02   1.6093750e-02
   2.7000000e+01   1.2000000e+01   1.0586204e-15   1.5546875e-02   1.5546875e-02
   2.8000000e+01   1.2000000e+01   1.0762990e-15   1.7031250e-02   1.7031250e-02
   2.9000000e+01   1.2000000e+01   1.0455476e-15   1.5859375e-02   1.5859375e-02
   3.0000000e+01   1.2000000e+01   9.5322188e-16   1.5468750e-02   1.5468750e-02
   3.1000000e+01   1.2000000e+01   1.0364772e-15   1.5546875e-02   1.5546875e-02
   3.2000000e+01   1.2000000e+01   1.0002160e-15   1.5937500e-02   1.5937500e-02
   3.3000000e+01   1.2000000e+01   1.0644311e-15   1.6562500e-02   1.6562500e-02
   3.4000000e+01   1.2000000e+01   1.0376903e-15   1.6250000e-02   1.6250000e-02
   3.5000000e+01   1.2000000e+01   1.0938728e-15   1.6640625e-02   1.6640625e-02
   1.0000000e+00   1.3000000e+01   1.0392903e-15   1.7500000e-02   1.7500000e-02
   2.0000000e+00   1.3000000e+01   1.0619543e-15   1.5937500e-02   1.5937500e-02
   3.0000000e+00   1.3000000e+01   1.0101848e-15   1.6484375e-02   1.6484375e-02
   4.0000000e+00   1.3000000e+01   1.0572338e-15   1.6250000e-02   1.6250000e-02
   5.0000000e+00   1.3000000e+01   1.0006647e-15   1.5000000e-02   1.5000000e-02
   6.0000000e+00   1.3000000e+01   1.1015777e-15   1.6953125e-02   1.6953125e-02
   7.0000000e+00   1.3000000e+01   1.0814847e-15   1.7187500e-02   1.7187500e-02
   8.0000000e+00   1.3000000e+01   1.0689995e-15   1.5468750e-02   1.5468750e-02
   9.0000000e+00   1.3000000e+01   1.0313853e-15   1.6093750e-02   1.6093750e-02
   1.0000000e+01   1.3000000e+01   9.9919991e-16   1.5703125e-02   1.5703125e-02
   1.1000000e+01   1.3000000e+01   1.0640523e-15   1.6250000e-02   1.6250000e-02
   1.2000000e+01   1.3000000e+01   1.0215232e-15   1.5234375e-02   1.5234375e-02
   1.3000000e+01   1.3000000e+01   1.0205756e-15   1.6171875e-02   1.6171875e-02
   1.4000000e+01   1.3000000e+01   9.4190532e-16   1.5000000e-02   1.5000000e-02
   1.5000000e+01   1.3000000e+01   1.0021921e-15   1.5937500e-02   1.5937500e-02
   1.6000000e+01   1.3000000e+01   9.7251258e-16   1.4609375e-02   1.4609375e-02
   1.7000000e+01   1.3000000e+01   9.8417644e-16   1.5234375e-02   1.5234375e-02
   1.8000000e+01   1.3000000e+01   1.0195101e-15   1.5703125e-02   1.5703125e-02
   1.9000000e+01   1.3000000e+01   1.0340551e-15   1.5781250e-02   1.5781250e-02
   2.0000000e+01   1.3000000e+01   1.0189934e-15   1.4921875e-02   1.4921875e-02
   2.1000000e+01   1.3000000e+01   9.7472244e-16   1.5468750e-02   1.5468750e-02
   2.2000000e+01   1.3000000e+01   8.9806964e-16   1.4296875e-02   1.4296875e-02
   2.3000000e+01   1.3000000e+01   1.0223239e-15   1.5937500e-02   1.5937500e-02
   2.4000000e+01   1.3000000e+01   9.0710673e-16   1.4843750e-02   1.4843750e-02
   2.5000000e+01   1.3000000e+01   9.3593959e-16   1.4453125e-02   1.4453125e-02
   2.6000000e+01   1.3000000e+01   9.8390574e-16   1.6093750e-02   1.6093750e-02
   2.7000000e+01   1.3000000e+01   9.3341965e-16   1.5781250e-02   1.5781250e-02
   2.8000000e+01   1.3000000e+01   9.3063052e-16   1.4375000e-02   1.4375000e-02
   2.9000000e+01   1.3000000e+01   9.6514442e-16   1.5390625e-02   1.5390625e-02
   3.0000000e+01   1.3000000e+01   9.1069907e-16   1.5937500e-02   1.5937500e-02
   3.1000000e+01   1.3000000e+01   9.4054753e-16   1.5859375e-02   1.5859375e-02
   3.2000000e+01   1.3000000e+01   9.7805873e-16   1.7187500e-02   1.7187500e-02
   3.3000000e+01   1.3000000e+01   9.3838638e-16   1.5078125e-02   1.5078125e-02
   3.4000000e+01   1.3000000e+01   1.0074057e-15   1.6171875e-02   1.6171875e-02
   3.5000000e+01   1.3000000e+01   9.5471795e-16   1.5156250e-02   1.5156250e-02
   1.0000000e+00   1.4000000e+01   9.3532213e-16   1.5546875e-02   1.5546875e-02
   2.0000000e+00   1.4000000e+01   9.3313261e-16   1.5234375e-02   1.5234375e-02
   3.0000000e+00   1.4000000e+01   8.8505678e-16   1.4765625e-02   1.4765625e-02
   4.0000000e+00   1.4000000e+01   1.0056377e-15   1.5703125e-02   1.5703125e-02
   5.0000000e+00   1.4000000e+01   9.8304549e-16   1.7890625e-02   1.7890625e-02
   6.0000000e+00   1.4000000e+01   1.0199084e-15   1.5234375e-02   1.5234375e-02
   7.0000000e+00   1.4000000e+01   1.0233790e-15   1.6640625e-02   1.6640625e-02
   8.0000000e+00   1.4000000e+01   1.0937143e-15   1.7265625e-02   1.7265625e-02
   9.0000000e+00   1.4000000e+01   9.9610750e-16   1.6562500e-02   1.6562500e-02
   1.0000000e+01   1.4000000e+01   9.4805827e-16   1.5156250e-02   1.5156250e-02
   1.1000000e+01   1.4000000e+01   9.9368244e-16   1.5468750e-02   1.5468750e-02
   1.2000000e+01   1.4000000e+01   9.5364922e-16   1.5703125e-02   1.5703125e-02
   1.3000000e+01   1.4000000e+01   9.4627376e-16   1.5703125e-02   1.5703125e-02
   1.4000000e+01   1.4000000e+01   8.6749856e-16   1.4140625e-02   1.4140625e-02
   1.5000000e+01   1.4000000e+01   8.5967485e-16   1.4218750e-02   1.4218750e-02
   1.6000000e+01   1.4000000e+01   8.5623212e-16   1.5234375e-02   1.5234375e-02
   1.7000000e+01   1.4000000e+01   8.5085202e-16   1.4296875e-02   1.4296875e-02
   1.8000000e+01   1.4000000e+01   9.6892742e-16   1.4843750e-02   1.4843750e-02
   1.9000000e+01   1.4000000e+01   9.5238429e-16   1.4687500e-02   1.4687500e-02
   2.0000000e+01   1.4000000e+01   9.3524775e-16   1.5703125e-02   1.5703125e-02
   2.1000000e+01   1.4000000e+01   9.6447586e-16   1.4921875e-02   1.4921875e-02
   2.2000000e+01   1.4000000e+01   1.0144619e-15   1.4765625e-02   1.4765625e-02
   2.3000000e+01   1.4000000e+01   1.0383620e-15   1.7031250e-02   1.7031250e-02
   2.4000000e+01   1.4000000e+01   9.9944316e-16   1.6171875e-02   1.6171875e-02
   2.5000000e+01   1.4000000e+01   9.9562097e-16   1.5937500e-02   1.5937500e-02
   2.6000000e+01   1.4000000e+01   9.7931315e-16   1.5781250e-02   1.5781250e-02
   2.7000000e+01   1.4000000e+01   9.3451810e-16   1.4453125e-02   1.4453125e-02
   2.8000000e+01   1.4000000e+01   9.0916187e-16   1.5234375e-02   1.5234375e-02
   2.9000000e+01   1.4000000e+01   9.4385549e-16   1.5078125e-02   1.5078125e-02
   3.0000000e+01   1.4000000e+01   9.8261834e-16   1.5390625e-02   1.5390625e-02
   3.1000000e+01   1.4000000e+01   9.8799843e-16   1.5234375e-02   1.5234375e-02
   3.2000000e+01   1.4000000e+01   9.7509139e-16   1.5156250e-02   1.5156250e-02
   3.3000000e+01   1.4000000e+01   9.7217261e-16   1.5234375e-02   1.5234375e-02
   3.4000000e+01   1.4000000e+01   9.5723399e-16   1.5000000e-02   1.5000000e-02
   3.5000000e+01   1.4000000e+01   9.7367614e-16   1.5312500e-02   1.5312500e-02
   1.0000000e+00   1.5000000e+01   1.0176897e-15   1.5937500e-02   1.5937500e-02
   2.0000000e+00   1.5000000e+01   1.0978251e-15   1.6171875e-02   1.6171875e-02
   3.0000000e+00   1.5000000e+01   1.0706877e-15   1.6093750e-02   1.6093750e-02
   4.0000000e+00   1.5000000e+01   9.9246028e-16   1.6171875e-02   1.6171875e-02
   5.0000000e+00   1.5000000e+01   9.6519782e-16   1.5156250e-02   1.5156250e-02
   6.0000000e+00   1.5000000e+01   9.7787783e-16   1.6015625e-02   1.6015625e-02
   7.0000000e+00   1.5000000e+01   1.0168504e-15   1.5234375e-02   1.5234375e-02
   8.0000000e+00   1.5000000e+01   9.8082375e-16   1.4843750e-02   1.4843750e-02
   9.0000000e+00   1.5000000e+01   9.6462972e-16   1.5234375e-02   1.5234375e-02
   1.0000000e+01   1.5000000e+01   9.7185280e-16   1.4843750e-02   1.4843750e-02
   1.1000000e+01   1.5000000e+01   1.0245973e-15   1.5312500e-02   1.5312500e-02
   1.2000000e+01   1.5000000e+01   1.0337932e-15   1.6250000e-02   1.6250000e-02
   1.3000000e+01   1.5000000e+01   9.8850446e-16   1.5937500e-02   1.5937500e-02
   1.4000000e+01   1.5000000e+01   1.0498453e-15   1.6640625e-02   1.6640625e-02
   1.5000000e+01   1.5000000e+01   1.0083097e-15   1.6171875e-02   1.6171875e-02
   1.6000000e+01   1.5000000e+01   1.0509131e-15   1.5234375e-02   1.5234375e-02
   1.7000000e+01   1.5000000e+01   9.7337036e-16   1.6171875e-02   1.6171875e-02
   1.8000000e+01   1.5000000e+01   1.0396523e-15   1.7656250e-02   1.7656250e-02
   1.9000000e+01   1.5000000e+01   1.0307813e-15   1.5859375e-02   1.5859375e-02
   2.0000000e+01   1.5000000e+01   9.6199036e-16   1.5078125e-02   1.5078125e-02
   2.1000000e+01   1.5000000e+01   9.5038236e-16   1.6328125e-02   1.6328125e-02
   2.2000000e+01   1.5000000e+01   9.3013731e-16   1.4296875e-02   1.4296875e-02
   2.3000000e+01   1.5000000e+01   1.0292690e-15   1.5937500e-02   1.5937500e-02
   2.4000000e+01   1.5000000e+01   1.0070956e-15   1.5781250e-02   1.5781250e-02
   2.5000000e+01   1.5000000e+01   1.0346598e-15   1.6015625e-02   1.6015625e-02
   2.6000000e+01   1.5000000e+01   1.0311983e-15   1.5468750e-02   1.5468750e-02
   2.7000000e+01   1.5000000e+01   1.0304097e-15   1.6718750e-02   1.6718750e-02
   2.8000000e+01   1.5000000e+01   1.0393489e-15   1.6171875e-02   1.6171875e-02
   2.9000000e+01   1.5000000e+01   9.2047319e-16   1.5781250e-02   1.5781250e-02
   3.0000000e+01   1.5000000e+01   1.0185319e-15   1.5625000e-02   1.5625000e-02
   3.1000000e+01   1.5000000e+01   1.0596390e-15   1.6484375e-02   1.6484375e-02
   3.2000000e+01   1.5000000e+01   1.0435305e-15   1.6328125e-02   1.6328125e-02
   3.3000000e+01   1.5000000e+01   1.0722274e-15   1.6015625e-02   1.6015625e-02
   3.4000000e+01   1.5000000e+01   1.1685784e-15   1.7578125e-02   1.7578125e-02
   3.5000000e+01   1.5000000e+01   1.0824781e-15   1.6328125e-02   1.6328125e-02
   1.0000000e+00   1.6000000e+01   1.1013550e-15   1.6640625e-02   1.6640625e-02
   2.0000000e+00   1.6000000e+01   1.1307836e-15   1.7421875e-02   1.7421875e-02
   3.0000000e+00   1.6000000e+01   1.2131665e-15   1.8281250e-02   1.8281250e-02
   4.0000000e+00   1.6000000e+01   1.0571300e-15   1.6328125e-02   1.6328125e-02
   5.0000000e+00   1.6000000e+01   1.1187861e-15   1.6171875e-02   1.6171875e-02
   6.0000000e+00   1.6000000e+01   1.1228601e-15   1.5781250e-02   1.5781250e-02
   7.0000000e+00   1.6000000e+01   1.0916804e-15   1.6406250e-02   1.6406250e-02
   8.0000000e+00   1.6000000e+01   1.0917877e-15   1.6093750e-02   1.6093750e-02
   9.0000000e+00   1.6000000e+01   1.1193055e-15   1.6328125e-02   1.6328125e-02
   1.0000000e+01   1.6000000e+01   1.1121164e-15   1.6875000e-02   1.6875000e-02
   1.1000000e+01   1.6000000e+01   1.1267012e-15   1.7812500e-02   1.7812500e-02
   1.2000000e+01   1.6000000e+01   1.1649531e-15   1.7109375e-02   1.7109375e-02
   1.3000000e+01   1.6000000e+01   1.1122247e-15   1.6093750e-02   1.6093750e-02
   1.4000000e+01   1.6000000e+01   1.1022266e-15   1.6406250e-02   1.6406250e-02
   1.5000000e+01   1.6000000e+01   1.1390027e-15   1.6718750e-02   1.6718750e-02
   1.6000000e+01   1.6000000e+01   1.1182006e-15   1.7578125e-02   1.7578125e-02
   1.7000000e+01   1.6000000e+01   1.0620882e-15   1.5781250e-02   1.5781250e-02
   1.8000000e+01   1.6000000e+01   1.0975738e-15   1.6171875e-02   1.6171875e-02
   1.9000000e+01   1.6000000e+01   1.0876988e-15   1.6640625e-02   1.6640625e-02
   2.0000000e+01   1.6000000e+01   1.0617868e-15   1.7656250e-02   1.7656250e-02
   2.1000000e+01   1.6000000e+01   1.0844353e-15   1.6875000e-02   1.6875000e-02
   2.2000000e+01   1.6000000e+01   1.0818932e-15   1.6250000e-02   1.6250000e-02
   2.3000000e+01   1.6000000e+01   1.0497417e-15   1.5625000e-02   1.5625000e-02
   2.4000000e+01   1.6000000e+01   1.1614095e-15   1.6953125e-02   1.6953125e-02
   2.5000000e+01   1.6000000e+01   1.0763174e-15   1.6718750e-02   1.6718750e-02
   2.6000000e+01   1.6000000e+01   1.0774984e-15   1.5703125e-02   1.5703125e-02
   2.7000000e+01   1.6000000e+01   1.1237780e-15   1.6250000e-02   1.6250000e-02
   2.8000000e+01   1.6000000e+01   1.1108922e-15   1.7265625e-02   1.7265625e-02
   2.9000000e+01   1.6000000e+01   1.0567967e-15   1.5625000e-02   1.5625000e-02
   3.0000000e+01   1.6000000e+01   1.0965010e-15   1.6406250e-02   1.6406250e-02
   3.1000000e+01   1.6000000e+01   1.0555431e-15   1.6562500e-02   1.6562500e-02
   3.2000000e+01   1.6000000e+01   1.0236652e-15   1.5703125e-02   1.5703125e-02
   3.3000000e+01   1.6000000e+01   1.0576654e-15   1.6328125e-02   1.6328125e-02
   3.4000000e+01   1.6000000e+01   1.0823974e-15   1.5937500e-02   1.5937500e-02
   3.5000000e+01   1.6000000e+01   1.0265422e-15   1.5781250e-02   1.5781250e-02
   1.0000000e+00   1.7000000e+01   1.1371482e-15   1.6562500e-02   1.6562500e-02
   2.0000000e+00   1.7000000e+01   1.1064902e-15   1.6953125e-02   1.6953125e-02
   3.0000000e+00   1.7000000e+01   1.0632461e-15   1.5546875e-02   1.5546875e-02
   4.0000000e+00   1.7000000e+01   1.0710145e-15   1.6562500e-02   1.6562500e-02
   5.0000000e+00   1.7000000e+01   1.1473856e-15   1.7421875e-02   1.7421875e-02
   6.0000000e+00   1.7000000e+01   1.1215122e-15   1.6093750e-02   1.6093750e-02
   7.0000000e+00   1.7000000e+01   1.1835552e-15   1.7500000e-02   1.7500000e-02
   8.0000000e+00   1.7000000e+01   1.1249172e-15   1.7656250e-02   1.7656250e-02
   9.0000000e+00   1.7000000e+01   1.1081495e-15   1.6406250e-02   1.6406250e-02
   1.0000000e+01   1.7000000e+01   1.0729655e-15   1.6640625e-02   1.6640625e-02
   1.1000000e+01   1.7000000e+01   1.0970816e-15   1.6250000e-02   1.6250000e-02
   1.2000000e+01   1.7000000e+01   1.0683744e-15   1.6718750e-02   1.6718750e-02
   1.3000000e+01   1.7000000e+01   1.1882020e-15   1.7890625e-02   1.7890625e-02
   1.4000000e+01   1.7000000e+01   1.0816646e-15   1.6796875e-02   1.6796875e-02
   1.5000000e+01   1.7000000e+01   1.1047551e-15   1.6562500e-02   1.6562500e-02
   1.6000000e+01   1.7000000e+01   1.0541099e-15   1.7187500e-02   1.7187500e-02
   1.7000000e+01   1.7000000e+01   1.0663448e-15   1.7578125e-02   1.7578125e-02
   1.8000000e+01   1.7000000e+01   1.0116367e-15   1.6953125e-02   1.6953125e-02
   1.9000000e+01   1.7000000e+01   1.0277193e-15   1.5468750e-02   1.5468750e-02
   2.0000000e+01   1.7000000e+01   1.0057896e-15   1.5156250e-02   1.5156250e-02
   2.1000000e+01   1.7000000e+01   1.0257246e-15   1.6328125e-02   1.6328125e-02
   2.2000000e+01   1.7000000e+01   1.1095621e-15   1.6796875e-02   1.6796875e-02
   2.3000000e+01   1.7000000e+01   1.1078277e-15   1.6796875e-02   1.6796875e-02
   2.4000000e+01   1.7000000e+01   1.1003510e-15   1.6328125e-02   1.6328125e-02
   2.5000000e+01   1.7000000e+01   1.0924485e-15   1.6484375e-02   1.6484375e-02
   2.6000000e+01   1.7000000e+01   1.0702985e-15   1.5937500e-02   1.5937500e-02
   2.7000000e+01   1.7000000e+01   1.1285728e-15   1.7578125e-02   1.7578125e-02
   2.8000000e+01   1.7000000e+01   1.1259993e-15   1.6328125e-02   1.6328125e-02
   2.9000000e+01   1.7000000e+01   1.0816430e-15   1.7421875e-02   1.7421875e-02
   3.0000000e+01   1.7000000e+01   1.0047791e-15   1.5546875e-02   1.5546875e-02
   3.1000000e+01   1.7000000e+01   1.0966643e-15   1.7812500e-02   1.7812500e-02
   3.2000000e+01   1.7000000e+01   1.0781190e-15   1.6328125e-02   1.6328125e-02
   3.3000000e+01   1.7000000e+01   1.1061029e-15   1.6562500e-02   1.6562500e-02
   3.4000000e+01   1.7000000e+01   1.0641938e-15   1.5937500e-02   1.5937500e-02
   3.5000000e+01   1.7000000e+01   1.0713981e-15   1.7343750e-02   1.7343750e-02
   1.0000000e+00   1.8000000e+01   1.0922232e-15   1.6875000e-02   1.6875000e-02
   2.0000000e+00   1.8000000e+01   1.1431763e-15   1.7265625e-02   1.7265625e-02
   3.0000000e+00   1.8000000e+01   1.0505689e-15   1.6250000e-02   1.6250000e-02
   4.0000000e+00   1.8000000e+01   1.0970612e-15   1.6562500e-02   1.6562500e-02
   5.0000000e+00   1.8000000e+01   1.0602558e-15   1.6093750e-02   1.6093750e-02
   6.0000000e+00   1.8000000e+01   1.0029146e-15   1.6093750e-02   1.6093750e-02
   7.0000000e+00   1.8000000e+01   9.5927022e-16   1.4843750e-02   1.4843750e-02
   8.0000000e+00   1.8000000e+01   1.0309325e-15   1.5468750e-02   1.5468750e-02
   9.0000000e+00   1.8000000e+01   1.0967750e-15   1.6406250e-02   1.6406250e-02
   1.0000000e+01   1.8000000e+01   1.1224209e-15   1.7734375e-02   1.7734375e-02
   1.1000000e+01   1.8000000e+01   1.0561985e-15   1.5546875e-02   1.5546875e-02
   1.2000000e+01   1.8000000e+01   1.0830933e-15   1.6171875e-02   1.6171875e-02
   1.3000000e+01   1.8000000e+01   1.1339108e-15   1.6875000e-02   1.6875000e-02
   1.4000000e+01   1.8000000e+01   1.1332808e-15   1.7968750e-02   1.7968750e-02
   1.5000000e+01   1.8000000e+01   1.1759256e-15   1.6875000e-02   1.6875000e-02
   1.6000000e+01   1.8000000e+01   1.0946554e-15   1.7421875e-02   1.7421875e-02
   1.7000000e+01   1.8000000e+01   1.0161950e-15   1.5625000e-02   1.5625000e-02
   1.8000000e+01   1.8000000e+01   1.0565419e-15   1.5937500e-02   1.5937500e-02
   1.9000000e+01   1.8000000e+01   1.0935038e-15   1.7812500e-02   1.7812500e-02
   2.0000000e+01   1.8000000e+01   1.0971980e-15   1.7343750e-02   1.7343750e-02
   2.1000000e+01   1.8000000e+01   1.0557225e-15   1.7031250e-02   1.7031250e-02
   2.2000000e+01   1.8000000e+01   1.0798730e-15   1.7343750e-02   1.7343750e-02
   2.3000000e+01   1.8000000e+01   1.1008082e-15   1.7812500e-02   1.7812500e-02
   2.4000000e+01   1.8000000e+01   1.1159287e-15   1.8515625e-02   1.8515625e-02
   2.5000000e+01   1.8000000e+01   1.1412372e-15   1.7265625e-02   1.7265625e-02
   2.6000000e+01   1.8000000e+01   1.0719772e-15   1.6640625e-02   1.6640625e-02
   2.7000000e+01   1.8000000e+01   1.1584174e-15   1.7109375e-02   1.7109375e-02
   2.8000000e+01   1.8000000e+01   1.0842367e-15   1.7343750e-02   1.7343750e-02
   2.9000000e+01   1.8000000e+01   1.0990654e-15   1.7578125e-02   1.7578125e-02
   3.0000000e+01   1.8000000e+01   1.1406849e-15   1.6796875e-02   1.6796875e-02
   3.1000000e+01   1.8000000e+01   1.1656803e-15   1.6484375e-02   1.6484375e-02
   3.2000000e+01   1.8000000e+01   1.1454199e-15   1.6640625e-02   1.6640625e-02
   3.3000000e+01   1.8000000e+01   1.1009322e-15   1.6718750e-02   1.6718750e-02
   3.4000000e+01   1.8000000e+01   1.1531559e-15   1.7031250e-02   1.7031250e-02
   3.5000000e+01   1.8000000e+01   1.1681016e-15   1.6953125e-02   1.6953125e-02
   1.0000000e+00   1.9000000e+01   1.1093694e-15   1.7734375e-02   1.7734375e-02
   2.0000000e+00   1.9000000e+01   1.1440299e-15   1.6484375e-02   1.6484375e-02
   3.0000000e+00   1.9000000e+01   1.1314309e-15   1.7734375e-02   1.7734375e-02
   4.0000000e+00   1.9000000e+01   1.1146851e-15   1.6484375e-02   1.6484375e-02
   5.0000000e+00   1.9000000e+01   1.1361388e-15   1.6875000e-02   1.6875000e-02
   6.0000000e+00   1.9000000e+01   1.1507438e-15   1.6718750e-02   1.6718750e-02
   7.0000000e+00   1.9000000e+01   1.0875353e-15   1.6796875e-02   1.6796875e-02
   8.0000000e+00   1.9000000e+01   1.0701245e-15   1.5937500e-02   1.5937500e-02
   9.0000000e+00   1.9000000e+01   1.1360862e-15   1.6875000e-02   1.6875000e-02
   1.0000000e+01   1.9000000e+01   1.0615452e-15   1.5625000e-02   1.5625000e-02
   1.1000000e+01   1.9000000e+01   1.0887093e-15   1.6015625e-02   1.6015625e-02
   1.2000000e+01   1.9000000e+01   1.1278707e-15   1.7890625e-02   1.7890625e-02
   1.3000000e+01   1.9000000e+01   1.1044735e-15   1.6875000e-02   1.6875000e-02
   1.4000000e+01   1.9000000e+01   1.0528161e-15   1.6562500e-02   1.6562500e-02
   1.5000000e+01   1.9000000e+01   1.0316288e-15   1.5312500e-02   1.5312500e-02
   1.6000000e+01   1.9000000e+01   1.0358553e-15   1.6171875e-02   1.6171875e-02
   1.7000000e+01   1.9000000e+01   1.0136317e-15   1.6640625e-02   1.6640625e-02
   1.8000000e+01   1.9000000e+01   1.1399172e-15   1.7734375e-02   1.7734375e-02
   1.9000000e+01   1.9000000e+01   1.0272204e-15   1.5937500e-02   1.5937500e-02
   2.0000000e+01   1.9000000e+01   1.0468676e-15   1.7656250e-02   1.7656250e-02
   2.1000000e+01   1.9000000e+01   1.0025149e-15   1.5937500e-02   1.5937500e-02
   2.2000000e+01   1.9000000e+01   1.0952735e-15   1.6953125e-02   1.6953125e-02
   2.3000000e+01   1.9000000e+01   1.1039862e-15   1.5546875e-02   1.5546875e-02
   2.4000000e+01   1.9000000e+01   1.0026066e-15   1.5937500e-02   1.5937500e-02
   2.5000000e+01   1.9000000e+01   9.8154411e-16   1.5937500e-02   1.5937500e-02
   2.6000000e+01   1.9000000e+01   1.0415753e-15   1.6718750e-02   1.6718750e-02
   2.7000000e+01   1.9000000e+01   1.0944482e-15   1.6093750e-02   1.6093750e-02
   2.8000000e+01   1.9000000e+01   1.1023586e-15   1.6484375e-02   1.6484375e-02
   2.9000000e+01   1.9000000e+01   1.1593463e-15   1.6640625e-02   1.6640625e-02
   3.0000000e+01   1.9000000e+01   1.1110742e-15   1.7187500e-02   1.7187500e-02
   3.1000000e+01   1.9000000e+01   1.1128213e-15   1.7109375e-02   1.7109375e-02
   3.2000000e+01   1.9000000e+01   1.1182961e-15   1.5937500e-02   1.5937500e-02
   3.3000000e+01   1.9000000e+01   1.0886336e-15   1.6093750e-02   1.6093750e-02
   3.4000000e+01   1.9000000e+01   1.0986174e-15   1.6953125e-02   1.6953125e-02
   3.5000000e+01   1.9000000e+01   1.0698941e-15   1.6562500e-02   1.6562500e-02
   1.0000000e+00   2.0000000e+01   1.1465644e-15   1.7421875e-02   1.7421875e-02
   2.0000000e+00   2.0000000e+01   1.1395355e-15   1.7578125e-02   1.7578125e-02
   3.0000000e+00   2.0000000e+01   1.0323741e-15   1.4921875e-02   1.4921875e-02
   4.0000000e+00   2.0000000e+01   1.0674762e-15   1.5078125e-02   1.5078125e-02
   5.0000000e+00   2.0000000e+01   1.0331462e-15   1.6640625e-02   1.6640625e-02
   6.0000000e+00   2.0000000e+01   1.0108852e-15   1.5625000e-02   1.5625000e-02
   7.0000000e+00   2.0000000e+01   1.0684392e-15   1.7187500e-02   1.7187500e-02
   8.0000000e+00   2.0000000e+01   1.0643576e-15   1.6093750e-02   1.6093750e-02
   9.0000000e+00   2.0000000e+01   1.0948538e-15   1.6953125e-02   1.6953125e-02
   1.0000000e+01   2.0000000e+01   1.0723324e-15   1.7109375e-02   1.7109375e-02
   1.1000000e+01   2.0000000e+01   1.0776880e-15   1.6718750e-02   1.6718750e-02
   1.2000000e+01   2.0000000e+01   1.1160848e-15   1.6015625e-02   1.6015625e-02
   1.3000000e+01   2.0000000e+01   1.1008225e-15   1.7031250e-02   1.7031250e-02
   1.4000000e+01   2.0000000e+01   1.0532760e-15   1.6484375e-02   1.6484375e-02
   1.5000000e+01   2.0000000e+01   1.1524845e-15   1.6640625e-02   1.6640625e-02
   1.6000000e+01   2.0000000e+01   1.0288877e-15   1.5625000e-02   1.5625000e-02
   1.7000000e+01   2.0000000e+01   1.0409767e-15   1.5703125e-02   1.5703125e-02
   1.8000000e+01   2.0000000e+01   1.0263376e-15   1.6875000e-02   1.6875000e-02
   1.9000000e+01   2.0000000e+01   1.1047794e-15   1.6562500e-02   1.6562500e-02
   2.0000000e+01   2.0000000e+01   1.0435907e-15   1.5859375e-02   1.5859375e-02
   2.1000000e+01   2.0000000e+01   1.1211468e-15   1.7031250e-02   1.7031250e-02
   2.2000000e+01   2.0000000e+01   9.8773144e-16   1.6484375e-02   1.6484375e-02
   2.3000000e+01   2.0000000e+01   9.8476993e-16   1.6250000e-02   1.6250000e-02
   2.4000000e+01   2.0000000e+01   1.0331377e-15   1.5156250e-02   1.5156250e-02
   2.5000000e+01   2.0000000e+01   1.0034556e-15   1.6250000e-02   1.6250000e-02
   2.6000000e+01   2.0000000e+01   1.0918802e-15   1.6406250e-02   1.6406250e-02
   2.7000000e+01   2.0000000e+01   1.0609370e-15   1.6484375e-02   1.6484375e-02
   2.8000000e+01   2.0000000e+01   1.0475519e-15   1.5859375e-02   1.5859375e-02
   2.9000000e+01   2.0000000e+01   1.0622298e-15   1.6640625e-02   1.6640625e-02
   3.0000000e+01   2.0000000e+01   1.1368338e-15   1.6406250e-02   1.6406250e-02
   3.1000000e+01   2.0000000e+01   1.1102115e-15   1.7031250e-02   1.7031250e-02
   3.2000000e+01   2.0000000e+01   1.1268285e-15   1.6953125e-02   1.6953125e-02
   3.3000000e+01   2.0000000e+01   1.0488803e-15   1.5312500e-02   1.5312500e-02
   3.4000000e+01   2.0000000e+01   1.0887766e-15   1.7265625e-02   1.7265625e-02
   3.5000000e+01   2.0000000e+01   1.0835798e-15   1.5703125e-02   1.5703125e-02
   1.0000000e+00   2.1000000e+01   1.0073658e-15   1.5390625e-02   1.5390625e-02
   2.0000000e+00   2.1000000e+01   1.0280449e-15   1.6093750e-02   1.6093750e-02
   3.0000000e+00   2.1000000e+01   1.1059794e-15   1.6562500e-02   1.6562500e-02
   4.0000000e+00   2.1000000e+01   1.0554809e-15   1.6718750e-02   1.6718750e-02
   5.0000000e+00   2.1000000e+01   1.1494056e-15   1.6640625e-02   1.6640625e-02
   6.0000000e+00   2.1000000e+01   1.0934314e-15   1.6406250e-02   1.6406250e-02
   7.0000000e+00   2.1000000e+01   1.1161947e-15   1.7031250e-02   1.7031250e-02
   8.0000000e+00   2.1000000e+01   1.0988230e-15   1.6640625e-02   1.6640625e-02
   9.0000000e+00   2.1000000e+01   1.0840568e-15   1.6562500e-02   1.6562500e-02
   1.0000000e+01   2.1000000e+01   1.0639399e-15   1.5781250e-02   1.5781250e-02
   1.1000000e+01   2.1000000e+01   1.0449378e-15   1.6250000e-02   1.6250000e-02
   1.2000000e+01   2.1000000e+01   1.0287784e-15   1.6015625e-02   1.6015625e-02
   1.3000000e+01   2.1000000e+01   1.0730757e-15   1.6640625e-02   1.6640625e-02
   1.4000000e+01   2.1000000e+01   1.0519078e-15   1.6796875e-02   1.6796875e-02
   1.5000000e+01   2.1000000e+01   9.7923702e-16   1.6015625e-02   1.6015625e-02
   1.6000000e+01   2.1000000e+01   9.8489192e-16   1.5390625e-02   1.5390625e-02
   1.7000000e+01   2.1000000e+01   9.4061515e-16   1.4453125e-02   1.4453125e-02
   1.8000000e+01   2.1000000e+01   1.0003063e-15   1.6171875e-02   1.6171875e-02
   1.9000000e+01   2.1000000e+01   1.0223726e-15   1.5312500e-02   1.5312500e-02
   2.0000000e+01   2.1000000e+01   1.0289284e-15   1.5781250e-02   1.5781250e-02
   2.1000000e+01   2.1000000e+01   1.0341250e-15   1.5546875e-02   1.5546875e-02
   2.2000000e+01   2.1000000e+01   1.0726037e-15   1.6093750e-02   1.6093750e-02
   2.3000000e+01   2.1000000e+01   1.0479625e-15   1.5781250e-02   1.5781250e-02
   2.4000000e+01   2.1000000e+01   1.0476690e-15   1.6328125e-02   1.6328125e-02
   2.5000000e+01   2.1000000e+01   1.0130047e-15   1.5859375e-02   1.5859375e-02
   2.6000000e+01   2.1000000e+01   1.0068172e-15   1.4531250e-02   1.4531250e-02
   2.7000000e+01   2.1000000e+01   9.6018468e-16   1.5625000e-02   1.5625000e-02
   2.8000000e+01   2.1000000e+01   9.0262782e-16   1.4531250e-02   1.4531250e-02
   2.9000000e+01   2.1000000e+01   1.0018642e-15   1.5234375e-02   1.5234375e-02
   3.0000000e+01   2.1000000e+01   9.6798433e-16   1.4921875e-02   1.4921875e-02
   3.1000000e+01   2.1000000e+01   1.0533213e-15   1.7578125e-02   1.7578125e-02
   3.2000000e+01   2.1000000e+01   9.9058819e-16   1.5625000e-02   1.5625000e-02
   3.3000000e+01   2.1000000e+01   1.0927500e-15   1.5937500e-02   1.5937500e-02
   3.4000000e+01   2.1000000e+01   1.0722638e-15   1.6953125e-02   1.6953125e-02
   3.5000000e+01   2.1000000e+01   1.0866693e-15   1.6640625e-02   1.6640625e-02
   1.0000000e+00   2.2000000e+01   1.0115298e-15   1.5781250e-02   1.5781250e-02
   2.0000000e+00   2.2000000e+01   1.0225021e-15   1.5390625e-02   1.5390625e-02
   3.0000000e+00   2.2000000e+01   1.0598332e-15   1.7109375e-02   1.7109375e-02
   4.0000000e+00   2.2000000e+01   9.9187004e-16   1.5390625e-02   1.5390625e-02
   5.0000000e+00   2.2000000e+01   9.8206298e-16   1.5625000e-02   1.5625000e-02
   6.0000000e+00   2.2000000e+01   1.0318100e-15   1.6328125e-02   1.6328125e-02
   7.0000000e+00   2.2000000e+01   1.0692396e-15   1.5859375e-02   1.5859375e-02
   8.0000000e+00   2.2000000e+01   1.0036584e-15   1.5859375e-02   1.5859375e-02
   9.0000000e+00   2.2000000e+01   9.4476683e-16   1.5468750e-02   1.5468750e-02
   1.0000000e+01   2.2000000e+01   1.0166874e-15   1.5625000e-02   1.5625000e-02
   1.1000000e+01   2.2000000e+01   9.8006168e-16   1.5234375e-02   1.5234375e-02
   1.2000000e+01   2.2000000e+01   1.0570952e-15   1.7109375e-02   1.7109375e-02
   1.3000000e+01   2.2000000e+01   9.8945368e-16   1.5000000e-02   1.5000000e-02
   1.4000000e+01   2.2000000e+01   9.7009232e-16   1.4765625e-02   1.4765625e-02
   1.5000000e+01   2.2000000e+01   1.0185678e-15   1.5937500e-02   1.5937500e-02
   1.6000000e+01   2.2000000e+01   9.2289317e-16   1.4687500e-02   1.4687500e-02
   1.7000000e+01   2.2000000e+01   9.6376561e-16   1.4765625e-02   1.4765625e-02
   1.8000000e+01   2.2000000e+01   1.0789679e-15   1.6406250e-02   1.6406250e-02
   1.9000000e+01   2.2000000e+01   1.0704974e-15   1.6093750e-02   1.6093750e-02
   2.0000000e+01   2.2000000e+01   1.0553005e-15   1.7500000e-02   1.7500000e-02
   2.1000000e+01   2.2000000e+01   1.0352537e-15   1.5859375e-02   1.5859375e-02
   2.2000000e+01   2.2000000e+01   1.0294979e-15   1.5781250e-02   1.5781250e-02
   2.3000000e+01   2.2000000e+01   1.1084270e-15   1.6406250e-02   1.6406250e-02
   2.4000000e+01   2.2000000e+01   9.8022289e-16   1.5703125e-02   1.5703125e-02
   2.5000000e+01   2.2000000e+01   1.0089140e-15   1.5312500e-02   1.5312500e-02
   2.6000000e+01   2.2000000e+01   9.4970071e-16   1.4531250e-02   1.4531250e-02
   2.7000000e+01   2.2000000e+01   9.7356020e-16   1.5468750e-02   1.5468750e-02
   2.8000000e+01   2.2000000e+01   9.3308062e-16   1.5390625e-02   1.5390625e-02
   2.9000000e+01   2.2000000e+01   9.5780602e-16   1.5078125e-02   1.5078125e-02
   3.0000000e+01   2.2000000e+01   1.0508100e-15   1.6093750e-02   1.6093750e-02
   3.1000000e+01   2.2000000e+01   9.7642168e-16   1.5625000e-02   1.5625000e-02
   3.2000000e+01   2.2000000e+01   9.9845319e-16   1.5937500e-02   1.5937500e-02
   3.3000000e+01   2.2000000e+01   9.1739246e-16   1.4453125e-02   1.4453125e-02
   3.4000000e+01   2.2000000e+01   9.7814443e-16   1.4843750e-02   1.4843750e-02
   3.5000000e+01   2.2000000e+01   9.4350307e-16   1.5312500e-02   1.5312500e-02
   1.0000000e+00   2.3000000e+01   1.0266657e-15   1.5859375e-02   1.5859375e-02
   2.0000000e+00   2.3000000e+01   1.0006335e-15   1.5312500e-02   1.5312500e-02
   3.0000000e+00   2.3000000e+01   9.9375060e-16   1.5937500e-02   1.5937500e-02
   4.0000000e+00   2.3000000e+01   9.7886483e-16   1.6015625e-02   1.6015625e-02
   5.0000000e+00   2.3000000e+01   9.8199216e-16   1.5000000e-02   1.5000000e-02
   6.0000000e+00   2.3000000e+01   9.8628756e-16   1.6015625e-02   1.6015625e-02
   7.0000000e+00   2.3000000e+01   9.5454908e-16   1.5000000e-02   1.5000000e-02
   8.0000000e+00   2.3000000e+01   9.6659318e-16   1.4765625e-02   1.4765625e-02
   9.0000000e+00   2.3000000e+01   1.0267237e-15   1.5625000e-02   1.5625000e-02
   1.0000000e+01   2.3000000e+01   1.0127736e-15   1.4765625e-02   1.4765625e-02
   1.1000000e+01   2.3000000e+01   1.0617348e-15   1.6093750e-02   1.6093750e-02
   1.2000000e+01   2.3000000e+01   1.0352619e-15   1.5546875e-02   1.5546875e-02
   1.3000000e+01   2.3000000e+01   1.0124867e-15   1.6015625e-02   1.6015625e-02
   1.4000000e+01   2.3000000e+01   9.4193723e-16   1.4296875e-02   1.4296875e-02
   1.5000000e+01   2.3000000e+01   1.0401290e-15   1.5234375e-02   1.5234375e-02
   1.6000000e+01   2.3000000e+01   1.0239540e-15   1.5937500e-02   1.5937500e-02
   1.7000000e+01   2.3000000e+01   9.6175528e-16   1.5781250e-02   1.5781250e-02
   1.8000000e+01   2.3000000e+01   9.9076651e-16   1.5703125e-02   1.5703125e-02
   1.9000000e+01   2.3000000e+01   9.5593659e-16   1.4453125e-02   1.4453125e-02
   2.0000000e+01   2.3000000e+01   1.0239636e-15   1.5234375e-02   1.5234375e-02
   2.1000000e+01   2.3000000e+01   9.8658979e-16   1.6171875e-02   1.6171875e-02
   2.2000000e+01   2.3000000e+01   1.0590316e-15   1.6093750e-02   1.6093750e-02
   2.3000000e+01   2.3000000e+01   1.0535626e-15   1.6796875e-02   1.6796875e-02
   2.4000000e+01   2.3000000e+01   1.0026002e-15   1.6250000e-02   1.6250000e-02
   2.5000000e+01   2.3000000e+01   9.7946468e-16   1.5937500e-02   1.5937500e-02
   2.6000000e+01   2.3000000e+01   9.8238732e-16   1.4375000e-02   1.4375000e-02
   2.7000000e+01   2.3000000e+01   9.7786521e-16   1.4375000e-02   1.4375000e-02
   2.8000000e+01   2.3000000e+01   1.0073609e-15   1.6718750e-02   1.6718750e-02
   2.9000000e+01   2.3000000e+01   9.8556876e-16   1.6328125e-02   1.6328125e-02
   3.0000000e+01   2.3000000e+01   9.6288545e-16   1.4921875e-02   1.4921875e-02
   3.1000000e+01   2.3000000e+01   8.8164956e-16   1.6015625e-02   1.6015625e-02
   3.2000000e+01   2.3000000e+01   9.2712857e-16   1.6406250e-02   1.6406250e-02
   3.3000000e+01   2.3000000e+01   9.1009141e-16   1.6015625e-02   1.6015625e-02
   3.4000000e+01   2.3000000e+01   9.7195499e-16   1.6093750e-02   1.6093750e-02
   3.5000000e+01   2.3000000e+01   9.8849071e-16   1.6484375e-02   1.6484375e-02
   1.0000000e+00   2.4000000e+01   9.4976665e-16   1.6406250e-02   1.6406250e-02
   2.0000000e+00   2.4000000e+01   9.3009770e-16   1.4218750e-02   1.4218750e-02
   3.0000000e+00   2.4000000e+01   9.0028096e-16   1.5156250e-02   1.5156250e-02
   4.0000000e+00   2.4000000e+01   9.6767698e-16   1.4453125e-02   1.4453125e-02
   5.0000000e+00   2.4000000e+01   1.0123509e-15   1.6328125e-02   1.6328125e-02
   6.0000000e+00   2.4000000e+01   9.4802300e-16   1.3906250e-02   1.3906250e-02
   7.0000000e+00   2.4000000e+01   9.3312546e-16   1.4531250e-02   1.4531250e-02
   8.0000000e+00   2.4000000e+01   1.0033037e-15   1.4687500e-02   1.4687500e-02
   9.0000000e+00   2.4000000e+01   9.9002146e-16   1.5468750e-02   1.5468750e-02
   1.0000000e+01   2.4000000e+01   9.8888360e-16   1.4843750e-02   1.4843750e-02
   1.1000000e+01   2.4000000e+01   9.4413382e-16   1.4921875e-02   1.4921875e-02
   1.2000000e+01   2.4000000e+01   1.0258875e-15   1.6796875e-02   1.6796875e-02
   1.3000000e+01   2.4000000e+01   9.3623725e-16   1.4843750e-02   1.4843750e-02
   1.4000000e+01   2.4000000e+01   8.7653236e-16   1.4140625e-02   1.4140625e-02
   1.5000000e+01   2.4000000e+01   9.2302681e-16   1.5234375e-02   1.5234375e-02
   1.6000000e+01   2.4000000e+01   1.0465236e-15   1.7109375e-02   1.7109375e-02
   1.7000000e+01   2.4000000e+01   9.0062346e-16   1.4531250e-02   1.4531250e-02
   1.8000000e+01   2.4000000e+01   1.0052942e-15   1.5312500e-02   1.5312500e-02
   1.9000000e+01   2.4000000e+01   8.5011815e-16   1.4687500e-02   1.4687500e-02
   2.0000000e+01   2.4000000e+01   8.5577145e-16   1.4062500e-02   1.4062500e-02
   2.1000000e+01   2.4000000e+01   8.1753907e-16   1.4218750e-02   1.4218750e-02
   2.2000000e+01   2.4000000e+01   9.1184049e-16   1.4453125e-02   1.4453125e-02
   2.3000000e+01   2.4000000e+01   9.4666915e-16   1.5312500e-02   1.5312500e-02
   2.4000000e+01   2.4000000e+01   9.7723192e-16   1.6093750e-02   1.6093750e-02
   2.5000000e+01   2.4000000e+01   1.0101096e-15   1.5546875e-02   1.5546875e-02
   2.6000000e+01   2.4000000e+01   1.0111038e-15   1.5937500e-02   1.5937500e-02
   2.7000000e+01   2.4000000e+01   9.5556420e-16   1.5390625e-02   1.5390625e-02
   2.8000000e+01   2.4000000e+01   1.0047805e-15   1.5000000e-02   1.5000000e-02
   2.9000000e+01   2.4000000e+01   9.8722632e-16   1.5000000e-02   1.5000000e-02
   3.0000000e+01   2.4000000e+01   9.2888550e-16   1.5000000e-02   1.5000000e-02
   3.1000000e+01   2.4000000e+01   9.2075768e-16   1.5312500e-02   1.5312500e-02
   3.2000000e+01   2.4000000e+01   9.6505012e-16   1.5468750e-02   1.5468750e-02
   3.3000000e+01   2.4000000e+01   9.5718680e-16   1.5937500e-02   1.5937500e-02
   3.4000000e+01   2.4000000e+01   1.0161508e-15   1.5312500e-02   1.5312500e-02
   3.5000000e+01   2.4000000e+01   9.8641318e-16   1.5546875e-02   1.5546875e-02
   1.0000000e+00   2.5000000e+01   1.0565817e-15   1.5468750e-02   1.5468750e-02
   2.0000000e+00   2.5000000e+01   9.3449138e-16   1.4921875e-02   1.4921875e-02
   3.0000000e+00   2.5000000e+01   1.0069074e-15   1.5234375e-02   1.5234375e-02
   4.0000000e+00   2.5000000e+01   1.0187791e-15   1.5156250e-02   1.5156250e-02
   5.0000000e+00   2.5000000e+01   1.0759756e-15   1.8203125e-02   1.8203125e-02
   6.0000000e+00   2.5000000e+01   1.0066915e-15   1.5937500e-02   1.5937500e-02
   7.0000000e+00   2.5000000e+01   1.0699912e-15   1.5546875e-02   1.5546875e-02
   8.0000000e+00   2.5000000e+01   9.7342083e-16   1.6015625e-02   1.6015625e-02
   9.0000000e+00   2.5000000e+01   1.0113588e-15   1.5859375e-02   1.5859375e-02
   1.0000000e+01   2.5000000e+01   1.0148815e-15   1.5625000e-02   1.5625000e-02
   1.1000000e+01   2.5000000e+01   9.0375501e-16   1.4531250e-02   1.4531250e-02
   1.2000000e+01   2.5000000e+01   1.0202887e-15   1.5078125e-02   1.5078125e-02
   1.3000000e+01   2.5000000e+01   9.6343299e-16   1.5390625e-02   1.5390625e-02
   1.4000000e+01   2.5000000e+01   9.8365214e-16   1.5234375e-02   1.5234375e-02
   1.5000000e+01   2.5000000e+01   8.7094469e-16   1.4687500e-02   1.4687500e-02
   1.6000000e+01   2.5000000e+01   8.9717022e-16   1.4453125e-02   1.4453125e-02
   1.7000000e+01   2.5000000e+01   9.1674678e-16   1.6093750e-02   1.6093750e-02
   1.8000000e+01   2.5000000e+01   8.8644859e-16   1.4296875e-02   1.4296875e-02
   1.9000000e+01   2.5000000e+01   8.6583296e-16   1.5000000e-02   1.5000000e-02
   2.0000000e+01   2.5000000e+01   9.2132339e-16   1.3828125e-02   1.3828125e-02
   2.1000000e+01   2.5000000e+01   9.2610500e-16   1.4218750e-02   1.4218750e-02
   2.2000000e+01   2.5000000e+01   1.0110017e-15   1.5468750e-02   1.5468750e-02
   2.3000000e+01   2.5000000e+01   9.0198640e-16   1.5781250e-02   1.5781250e-02
   2.4000000e+01   2.5000000e+01   9.4173153e-16   1.5156250e-02   1.5156250e-02
   2.5000000e+01   2.5000000e+01   1.0026963e-15   1.5000000e-02   1.5000000e-02
   2.6000000e+01   2.5000000e+01   9.3959346e-16   1.6171875e-02   1.6171875e-02
   2.7000000e+01   2.5000000e+01   9.7511135e-16   1.6015625e-02   1.6015625e-02
   2.8000000e+01   2.5000000e+01   9.0018267e-16   1.5000000e-02   1.5000000e-02
   2.9000000e+01   2.5000000e+01   9.7401099e-16   1.4609375e-02   1.4609375e-02
   3.0000000e+01   2.5000000e+01   1.0147587e-15   1.5000000e-02   1.5000000e-02
   3.1000000e+01   2.5000000e+01   1.0310414e-15   1.6093750e-02   1.6093750e-02
   3.2000000e+01   2.5000000e+01   9.3078095e-16   1.4843750e-02   1.4843750e-02
   3.3000000e+01   2.5000000e+01   9.3329957e-16   1.5078125e-02   1.5078125e-02
   3.4000000e+01   2.5000000e+01   9.0284551e-16   1.5312500e-02   1.5312500e-02
   3.5000000e+01   2.5000000e+01   8.9952650e-16   1.5156250e-02   1.5156250e-02
   1.0000000e+00   2.6000000e+01   1.0008523e-15   1.6093750e-02   1.6093750e-02
   2.0000000e+00   2.6000000e+01   1.0741121e-15   1.7109375e-02   1.7109375e-02
   3.0000000e+00   2.6000000e+01   1.0767519e-15   1.6640625e-02   1.6640625e-02
   4.0000000e+00   2.6000000e+01   1.0851748e-15   1.7500000e-02   1.7500000e-02
   5.0000000e+00   2.6000000e+01   1.0516456e-15   1.6250000e-02   1.6250000e-02
   6.0000000e+00   2.6000000e+01   1.0334415e-15   1.5390625e-02   1.5390625e-02
   7.0000000e+00   2.6000000e+01   9.8383472e-16   1.5078125e-02   1.5078125e-02
   8.0000000e+00   2.6000000e+01   9.6306932e-16   1.5859375e-02   1.5859375e-02
   9.0000000e+00   2.6000000e+01   9.9061409e-16   1.5390625e-02   1.5390625e-02
   1.0000000e+01   2.6000000e+01   9.6751932e-16   1.6015625e-02   1.6015625e-02
   1.1000000e+01   2.6000000e+01   9.5956796e-16   1.4687500e-02   1.4687500e-02
   1.2000000e+01   2.6000000e+01   8.7972700e-16   1.4609375e-02   1.4609375e-02
   1.3000000e+01   2.6000000e+01   9.4274372e-16   1.5000000e-02   1.5000000e-02
   1.4000000e+01   2.6000000e+01   9.8744519e-16   1.6015625e-02   1.6015625e-02
   1.5000000e+01   2.6000000e+01   9.5723321e-16   1.5859375e-02   1.5859375e-02
   1.6000000e+01   2.6000000e+01   1.0385369e-15   1.5859375e-02   1.5859375e-02
   1.7000000e+01   2.6000000e+01   1.0386509e-15   1.5625000e-02   1.5625000e-02
   1.8000000e+01   2.6000000e+01   1.0525647e-15   1.5312500e-02   1.5312500e-02
   1.9000000e+01   2.6000000e+01   1.0561297e-15   1.6406250e-02   1.6406250e-02
   2.0000000e+01   2.6000000e+01   1.0671218e-15   1.6953125e-02   1.6953125e-02
   2.1000000e+01   2.6000000e+01   9.7670762e-16   1.5625000e-02   1.5625000e-02
   2.2000000e+01   2.6000000e+01   1.0476083e-15   1.5390625e-02   1.5390625e-02
   2.3000000e+01   2.6000000e+01   1.0462617e-15   1.6406250e-02   1.6406250e-02
   2.4000000e+01   2.6000000e+01   9.9046971e-16   1.5156250e-02   1.5156250e-02
   2.5000000e+01   2.6000000e+01   9.5290426e-16   1.6562500e-02   1.6562500e-02
   2.6000000e+01   2.6000000e+01   9.4813768e-16   1.4531250e-02   1.4531250e-02
   2.7000000e+01   2.6000000e+01   1.0472169e-15   1.6093750e-02   1.6093750e-02
   2.8000000e+01   2.6000000e+01   1.0380516e-15   1.5234375e-02   1.5234375e-02
   2.9000000e+01   2.6000000e+01   1.0227522e-15   1.6093750e-02   1.6093750e-02
   3.0000000e+01   2.6000000e+01   1.0817597e-15   1.6640625e-02   1.6640625e-02
   3.1000000e+01   2.6000000e+01   1.0956121e-15   1.6093750e-02   1.6093750e-02
   3.2000000e+01   2.6000000e+01   9.9046670e-16   1.4921875e-02   1.4921875e-02
   3.3000000e+01   2.6000000e+01   1.0449283e-15   1.6171875e-02   1.6171875e-02
   3.4000000e+01   2.6000000e+01   9.9676098e-16   1.5781250e-02   1.5781250e-02
   3.5000000e+01   2.6000000e+01   9.6971032e-16   1.5156250e-02   1.5156250e-02
   1.0000000e+00   2.7000000e+01   1.0014211e-15   1.6562500e-02   1.6562500e-02
   2.0000000e+00   2.7000000e+01   9.5359118e-16   1.5312500e-02   1.5312500e-02
   3.0000000e+00   2.7000000e+01   9.5433349e-16   1.4296875e-02   1.4296875e-02
   4.0000000e+00   2.7000000e+01   9.3576123e-16   1.5312500e-02   1.5312500e-02
   5.0000000e+00   2.7000000e+01   9.8864172e-16   1.5703125e-02   1.5703125e-02
   6.0000000e+00   2.7000000e+01   9.0502995e-16   1.4843750e-02   1.4843750e-02
   7.0000000e+00   2.7000000e+01   8.6531139e-16   1.4609375e-02   1.4609375e-02
   8.0000000e+00   2.7000000e+01   9.6897957e-16   1.5000000e-02   1.5000000e-02
   9.0000000e+00   2.7000000e+01   9.2241965e-16   1.5078125e-02   1.5078125e-02
   1.0000000e+01   2.7000000e+01   9.2918621e-16   1.5234375e-02   1.5234375e-02
   1.1000000e+01   2.7000000e+01   9.6778542e-16   1.5390625e-02   1.5390625e-02
   1.2000000e+01   2.7000000e+01   8.9860110e-16   1.3906250e-02   1.3906250e-02
   1.3000000e+01   2.7000000e+01   9.1012484e-16   1.4531250e-02   1.4531250e-02
   1.4000000e+01   2.7000000e+01   9.4717771e-16   1.5000000e-02   1.5000000e-02
   1.5000000e+01   2.7000000e+01   8.7144008e-16   1.3750000e-02   1.3750000e-02
   1.6000000e+01   2.7000000e+01   9.3841755e-16   1.4921875e-02   1.4921875e-02
   1.7000000e+01   2.7000000e+01   9.0874139e-16   1.4375000e-02   1.4375000e-02
   1.8000000e+01   2.7000000e+01   9.0804267e-16   1.4218750e-02   1.4218750e-02
   1.9000000e+01   2.7000000e+01   1.0148514e-15   1.5078125e-02   1.5078125e-02
   2.0000000e+01   2.7000000e+01   9.0658282e-16   1.4609375e-02   1.4609375e-02
   2.1000000e+01   2.7000000e+01   9.9324982e-16   1.5000000e-02   1.5000000e-02
   2.2000000e+01   2.7000000e+01   9.5028896e-16   1.4843750e-02   1.4843750e-02
   2.3000000e+01   2.7000000e+01   9.6036308e-16   1.4296875e-02   1.4296875e-02
   2.4000000e+01   2.7000000e+01   9.0536316e-16   1.5234375e-02   1.5234375e-02
   2.5000000e+01   2.7000000e+01   9.2263934e-16   1.4765625e-02   1.4765625e-02
   2.6000000e+01   2.7000000e+01   9.5790052e-16   1.5000000e-02   1.5000000e-02
   2.7000000e+01   2.7000000e+01   1.0604622e-15   1.5937500e-02   1.5937500e-02
   2.8000000e+01   2.7000000e+01   9.6078539e-16   1.5937500e-02   1.5937500e-02
   2.9000000e+01   2.7000000e+01   9.7458123e-16   1.5468750e-02   1.5468750e-02
   3.0000000e+01   2.7000000e+01   1.0245685e-15   1.6406250e-02   1.6406250e-02
   3.1000000e+01   2.7000000e+01   9.7164878e-16   1.5000000e-02   1.5000000e-02
   3.2000000e+01   2.7000000e+01   9.3348191e-16   1.5312500e-02   1.5312500e-02
   3.3000000e+01   2.7000000e+01   1.0003311e-15   1.5468750e-02   1.5468750e-02
   3.4000000e+01   2.7000000e+01   1.0075033e-15   1.5625000e-02   1.5625000e-02
   3.5000000e+01   2.7000000e+01   9.5277254e-16   1.4843750e-02   1.4843750e-02
   1.0000000e+00   2.8000000e+01   9.1177552e-16   1.4296875e-02   1.4296875e-02
   2.0000000e+00   2.8000000e+01   9.5054841e-16   1.5000000e-02   1.5000000e-02
   3.0000000e+00   2.8000000e+01   1.0048098e-15   1.4843750e-02   1.4843750e-02
   4.0000000e+00   2.8000000e+01   8.9183306e-16   1.5390625e-02   1.5390625e-02
   5.0000000e+00   2.8000000e+01   9.6110832e-16   1.5781250e-02   1.5781250e-02
   6.0000000e+00   2.8000000e+01   9.5462783e-16   1.4843750e-02   1.4843750e-02
   7.0000000e+00   2.8000000e+01   9.1515153e-16   1.5000000e-02   1.5000000e-02
   8.0000000e+00   2.8000000e+01   1.0232360e-15   1.8750000e-02   1.8750000e-02
   9.0000000e+00   2.8000000e+01   9.9461280e-16   1.6718750e-02   1.6718750e-02
   1.0000000e+01   2.8000000e+01   1.0211778e-15   1.5468750e-02   1.5468750e-02
   1.1000000e+01   2.8000000e+01   9.6430785e-16   1.5156250e-02   1.5156250e-02
   1.2000000e+01   2.8000000e+01   1.0078023e-15   1.5390625e-02   1.5390625e-02
   1.3000000e+01   2.8000000e+01   9.7128499e-16   1.5859375e-02   1.5859375e-02
   1.4000000e+01   2.8000000e+01   9.0329255e-16   1.4453125e-02   1.4453125e-02
   1.5000000e+01   2.8000000e+01   9.2062843e-16   1.4687500e-02   1.4687500e-02
   1.6000000e+01   2.8000000e+01   9.3288542e-16   1.5156250e-02   1.5156250e-02
   1.7000000e+01   2.8000000e+01   9.5000997e-16   1.5703125e-02   1.5703125e-02
   1.8000000e+01   2.8000000e+01   9.1584857e-16   1.4765625e-02   1.4765625e-02
   1.9000000e+01   2.8000000e+01   9.7395833e-16   1.5078125e-02   1.5078125e-02
   2.0000000e+01   2.8000000e+01   9.3302300e-16   1.4921875e-02   1.4921875e-02
   2.1000000e+01   2.8000000e+01   9.0291165e-16   1.3906250e-02   1.3906250e-02
   2.2000000e+01   2.8000000e+01   9.0824088e-16   1.5000000e-02   1.5000000e-02
   2.3000000e+01   2.8000000e+01   9.0721099e-16   1.4375000e-02   1.4375000e-02
   2.4000000e+01   2.8000000e+01   9.3662296e-16   1.4218750e-02   1.4218750e-02
   2.5000000e+01   2.8000000e+01   9.8735519e-16   1.5390625e-02   1.5390625e-02
   2.6000000e+01   2.8000000e+01   9.7040478e-16   1.5625000e-02   1.5625000e-02
   2.7000000e+01   2.8000000e+01   1.0162050e-15   1.7265625e-02   1.7265625e-02
   2.8000000e+01   2.8000000e+01   9.8464942e-16   1.4843750e-02   1.4843750e-02
   2.9000000e+01   2.8000000e+01   9.5670457e-16   1.4843750e-02   1.4843750e-02
   3.0000000e+01   2.8000000e+01   8.6210585e-16   1.5000000e-02   1.5000000e-02
   3.1000000e+01   2.8000000e+01   9.2691275e-16   1.4375000e-02   1.4375000e-02
   3.2000000e+01   2.8000000e+01   9.3792465e-16   1.4609375e-02   1.4609375e-02
   3.3000000e+01   2.8000000e+01   8.8508338e-16   1.4140625e-02   1.4140625e-02
   3.4000000e+01   2.8000000e+01   8.8720872e-16   1.5312500e-02   1.5312500e-02
   3.5000000e+01   2.8000000e+01   8.6379184e-16   1.4531250e-02   1.4531250e-02
   1.0000000e+00   2.9000000e+01   8.8733063e-16   1.3984375e-02   1.3984375e-02
   2.0000000e+00   2.9000000e+01   9.3238639e-16   1.5234375e-02   1.5234375e-02
   3.0000000e+00   2.9000000e+01   9.8809215e-16   1.6093750e-02   1.6093750e-02
   4.0000000e+00   2.9000000e+01   9.5677847e-16   1.5468750e-02   1.5468750e-02
   5.0000000e+00   2.9000000e+01   9.6799077e-16   1.4687500e-02   1.4687500e-02
   6.0000000e+00   2.9000000e+01   9.5876373e-16   1.6328125e-02   1.6328125e-02
   7.0000000e+00   2.9000000e+01   8.7087472e-16   1.3515625e-02   1.3515625e-02
   8.0000000e+00   2.9000000e+01   8.5832292e-16   1.4765625e-02   1.4765625e-02
   9.0000000e+00   2.9000000e+01   9.9164507e-16   1.4921875e-02   1.4921875e-02
   1.0000000e+01   2.9000000e+01   8.6579491e-16   1.4921875e-02   1.4921875e-02
   1.1000000e+01   2.9000000e+01   9.1736882e-16   1.4687500e-02   1.4687500e-02
   1.2000000e+01   2.9000000e+01   8.7898484e-16   1.5156250e-02   1.5156250e-02
   1.3000000e+01   2.9000000e+01   9.8239986e-16   1.4921875e-02   1.4921875e-02
   1.4000000e+01   2.9000000e+01   9.8541146e-16   1.6015625e-02   1.6015625e-02
   1.5000000e+01   2.9000000e+01   9.1751835e-16   1.5468750e-02   1.5468750e-02
   1.6000000e+01   2.9000000e+01   9.5582745e-16   1.5625000e-02   1.5625000e-02
   1.7000000e+01   2.9000000e+01   9.6667744e-16   1.5937500e-02   1.5937500e-02
   1.8000000e+01   2.9000000e+01   9.6113551e-16   1.5234375e-02   1.5234375e-02
   1.9000000e+01   2.9000000e+01   9.0447158e-16   1.5000000e-02   1.5000000e-02
   2.0000000e+01   2.9000000e+01   9.8021484e-16   1.6328125e-02   1.6328125e-02
   2.1000000e+01   2.9000000e+01   9.7501104e-16   1.6328125e-02   1.6328125e-02
   2.2000000e+01   2.9000000e+01   1.0298624e-15   1.5468750e-02   1.5468750e-02
   2.3000000e+01   2.9000000e+01   9.7590788e-16   1.6250000e-02   1.6250000e-02
   2.4000000e+01   2.9000000e+01   9.3490411e-16   1.4531250e-02   1.4531250e-02
   2.5000000e+01   2.9000000e+01   9.8167275e-16   1.5781250e-02   1.5781250e-02
   2.6000000e+01   2.9000000e+01   1.0179412e-15   1.5234375e-02   1.5234375e-02
   2.7000000e+01   2.9000000e+01   8.6071931e-16   1.4140625e-02   1.4140625e-02
   2.8000000e+01   2.9000000e+01   9.7829580e-16   1.5156250e-02   1.5156250e-02
   2.9000000e+01   2.9000000e+01   1.0336090e-15   1.6640625e-02   1.6640625e-02
   3.0000000e+01   2.9000000e+01   1.0291548e-15   1.5156250e-02   1.5156250e-02
   3.1000000e+01   2.9000000e+01   1.0596542e-15   1.6093750e-02   1.6093750e-02
   3.2000000e+01   2.9000000e+01   9.6155680e-16   1.5156250e-02   1.5156250e-02
   3.3000000e+01   2.9000000e+01   1.0311439e-15   1.6562500e-02   1.6562500e-02
   3.4000000e+01   2.9000000e+01   9.6541727e-16   1.5078125e-02   1.5078125e-02
   3.5000000e+01   2.9000000e+01   9.7025462e-16   1.5937500e-02   1.5937500e-02
   1.0000000e+00   3.0000000e+01   9.7126928e-16   1.5000000e-02   1.5000000e-02
   2.0000000e+00   3.0000000e+01   9.5192261e-16   1.5234375e-02   1.5234375e-02
   3.0000000e+00   3.0000000e+01   1.0106696e-15   1.5234375e-02   1.5234375e-02
   4.0000000e+00   3.0000000e+01   1.0570274e-15   1.6640625e-02   1.6640625e-02
   5.0000000e+00   3.0000000e+01   1.0117806e-15   1.6328125e-02   1.6328125e-02
   6.0000000e+00   3.0000000e+01   9.8603283e-16   1.6093750e-02   1.6093750e-02
   7.0000000e+00   3.0000000e+01   1.0346727e-15   1.5703125e-02   1.5703125e-02
   8.0000000e+00   3.0000000e+01   1.0077155e-15   1.5390625e-02   1.5390625e-02
   9.0000000e+00   3.0000000e+01   1.0631506e-15   1.6796875e-02   1.6796875e-02
   1.0000000e+01   3.0000000e+01   1.0159756e-15   1.6640625e-02   1.6640625e-02
   1.1000000e+01   3.0000000e+01   1.1339243e-15   1.7343750e-02   1.7343750e-02
   1.2000000e+01   3.0000000e+01   1.0247780e-15   1.5625000e-02   1.5625000e-02
   1.3000000e+01   3.0000000e+01   9.7739876e-16   1.5000000e-02   1.5000000e-02
   1.4000000e+01   3.0000000e+01   9.6196614e-16   1.6250000e-02   1.6250000e-02
   1.5000000e+01   3.0000000e+01   9.5069447e-16   1.5468750e-02   1.5468750e-02
   1.6000000e+01   3.0000000e+01   9.5593495e-16   1.6015625e-02   1.6015625e-02
   1.7000000e+01   3.0000000e+01   8.9507067e-16   1.4609375e-02   1.4609375e-02
   1.8000000e+01   3.0000000e+01   9.6475637e-16   1.5546875e-02   1.5546875e-02
   1.9000000e+01   3.0000000e+01   8.7276990e-16   1.4218750e-02   1.4218750e-02
   2.0000000e+01   3.0000000e+01   9.4140219e-16   1.4921875e-02   1.4921875e-02
   2.1000000e+01   3.0000000e+01   8.0859543e-16   1.3515625e-02   1.3515625e-02
   2.2000000e+01   3.0000000e+01   9.1873481e-16   1.4453125e-02   1.4453125e-02
   2.3000000e+01   3.0000000e+01   1.0197039e-15   1.5390625e-02   1.5390625e-02
   2.4000000e+01   3.0000000e+01   8.8677434e-16   1.5000000e-02   1.5000000e-02
   2.5000000e+01   3.0000000e+01   9.2538230e-16   1.5000000e-02   1.5000000e-02
   2.6000000e+01   3.0000000e+01   9.1842504e-16   1.4921875e-02   1.4921875e-02
   2.7000000e+01   3.0000000e+01   9.5595511e-16   1.4453125e-02   1.4453125e-02
   2.8000000e+01   3.0000000e+01   1.0454460e-15   1.7421875e-02   1.7421875e-02
   2.9000000e+01   3.0000000e+01   9.5479564e-16   1.5859375e-02   1.5859375e-02
   3.0000000e+01   3.0000000e+01   9.3705753e-16   1.4843750e-02   1.4843750e-02
   3.1000000e+01   3.0000000e+01   9.7013861e-16   1.6171875e-02   1.6171875e-02
   3.2000000e+01   3.0000000e+01   9.4143723e-16   1.5078125e-02   1.5078125e-02
   3.3000000e+01   3.0000000e+01   9.1696698e-16   1.6562500e-02   1.6562500e-02
   3.4000000e+01   3.0000000e+01   9.0399990e-16   1.4296875e-02   1.4296875e-02
   3.5000000e+01   3.0000000e+01   9.0699110e-16   1.4531250e-02   1.4531250e-02
   1.0000000e+00   3.1000000e+01   9.2984020e-16   1.5312500e-02   1.5312500e-02
   2.0000000e+00   3.1000000e+01   9.6476019e-16   1.4687500e-02   1.4687500e-02
   3.0000000e+00   3.1000000e+01   9.9097413e-16   1.5156250e-02   1.5156250e-02
   4.0000000e+00   3.1000000e+01   1.0517150e-15   1.5781250e-02   1.5781250e-02
   5.0000000e+00   3.1000000e+01   1.0675431e-15   1.6562500e-02   1.6562500e-02
   6.0000000e+00   3.1000000e+01   1.1010542e-15   1.7187500e-02   1.7187500e-02
   7.0000000e+00   3.1000000e+01   1.0506608e-15   1.7031250e-02   1.7031250e-02
   8.0000000e+00   3.1000000e+01   9.0510991e-16   1.3984375e-02   1.3984375e-02
   9.0000000e+00   3.1000000e+01   9.5875451e-16   1.5234375e-02   1.5234375e-02
   1.0000000e+01   3.1000000e+01   9.9962367e-16   1.5703125e-02   1.5703125e-02
   1.1000000e+01   3.1000000e+01   1.0068669e-15   1.5937500e-02   1.5937500e-02
   1.2000000e+01   3.1000000e+01   9.5436911e-16   1.5468750e-02   1.5468750e-02
   1.3000000e+01   3.1000000e+01   1.0542735e-15   1.6250000e-02   1.6250000e-02
   1.4000000e+01   3.1000000e+01   9.9781752e-16   1.6562500e-02   1.6562500e-02
   1.5000000e+01   3.1000000e+01   1.0674910e-15   1.6406250e-02   1.6406250e-02
   1.6000000e+01   3.1000000e+01   8.8358364e-16   1.4687500e-02   1.4687500e-02
   1.7000000e+01   3.1000000e+01   1.0254469e-15   1.5546875e-02   1.5546875e-02
   1.8000000e+01   3.1000000e+01   9.4606137e-16   1.4687500e-02   1.4687500e-02
   1.9000000e+01   3.1000000e+01   9.7208449e-16   1.6562500e-02   1.6562500e-02
   2.0000000e+01   3.1000000e+01   8.8137284e-16   1.3671875e-02   1.3671875e-02
   2.1000000e+01   3.1000000e+01   8.9882707e-16   1.4687500e-02   1.4687500e-02
   2.2000000e+01   3.1000000e+01   8.6516744e-16   1.4687500e-02   1.4687500e-02
   2.3000000e+01   3.1000000e+01   8.8165737e-16   1.3906250e-02   1.3906250e-02
   2.4000000e+01   3.1000000e+01   9.6465277e-16   1.5625000e-02   1.5625000e-02
   2.5000000e+01   3.1000000e+01   9.5769469e-16   1.5000000e-02   1.5000000e-02
   2.6000000e+01   3.1000000e+01   9.6747159e-16   1.5312500e-02   1.5312500e-02
   2.7000000e+01   3.1000000e+01   9.6245677e-16   1.5546875e-02   1.5546875e-02
   2.8000000e+01   3.1000000e+01   9.2217340e-16   1.5000000e-02   1.5000000e-02
   2.9000000e+01   3.1000000e+01   9.4064003e-16   1.4687500e-02   1.4687500e-02
   3.0000000e+01   3.1000000e+01   9.7207589e-16   1.6093750e-02   1.6093750e-02
   3.1000000e+01   3.1000000e+01   9.4425444e-16   1.4531250e-02   1.4531250e-02
   3.2000000e+01   3.1000000e+01   9.8233596e-16   1.4765625e-02   1.4765625e-02
   3.3000000e+01   3.1000000e+01   9.5312293e-16   1.6015625e-02   1.6015625e-02
   3.4000000e+01   3.1000000e+01   9.4784335e-16   1.5078125e-02   1.5078125e-02
   3.5000000e+01   3.1000000e+01   9.3079982e-16   1.4531250e-02   1.4531250e-02
   1.0000000e+00   3.2000000e+01   9.6767663e-16   1.6093750e-02   1.6093750e-02
   2.0000000e+00   3.2000000e+01   9.4184332e-16   1.5234375e-02   1.5234375e-02
   3.0000000e+00   3.2000000e+01   1.0020953e-15   1.6406250e-02   1.6406250e-02
   4.0000000e+00   3.2000000e+01   9.8707964e-16   1.5312500e-02   1.5312500e-02
   5.0000000e+00   3.2000000e+01   9.7177355e-16   1.5546875e-02   1.5546875e-02
   6.0000000e+00   3.2000000e+01   9.8231478e-16   1.4921875e-02   1.4921875e-02
   7.0000000e+00   3.2000000e+01   9.3166486e-16   1.5546875e-02   1.5546875e-02
   8.0000000e+00   3.2000000e+01   9.3110470e-16   1.5703125e-02   1.5703125e-02
   9.0000000e+00   3.2000000e+01   9.6919282e-16   1.5859375e-02   1.5859375e-02
   1.0000000e+01   3.2000000e+01   9.6958802e-16   1.6171875e-02   1.6171875e-02
   1.1000000e+01   3.2000000e+01   9.7792423e-16   1.6015625e-02   1.6015625e-02
   1.2000000e+01   3.2000000e+01   9.6755503e-16   1.4921875e-02   1.4921875e-02
   1.3000000e+01   3.2000000e+01   9.4724615e-16   1.5156250e-02   1.5156250e-02
   1.4000000e+01   3.2000000e+01   9.8403800e-16   1.5546875e-02   1.5546875e-02
   1.5000000e+01   3.2000000e+01   9.9280958e-16   1.5390625e-02   1.5390625e-02
   1.6000000e+01   3.2000000e+01   1.0079595e-15   1.5468750e-02   1.5468750e-02
   1.7000000e+01   3.2000000e+01   8.6189678e-16   1.4140625e-02   1.4140625e-02
   1.8000000e+01   3.2000000e+01   9.6278256e-16   1.6171875e-02   1.6171875e-02
   1.9000000e+01   3.2000000e+01   8.7330533e-16   1.3593750e-02   1.3593750e-02
   2.0000000e+01   3.2000000e+01   9.5497963e-16   1.5312500e-02   1.5312500e-02
   2.1000000e+01   3.2000000e+01   8.4250964e-16   1.3750000e-02   1.3750000e-02
   2.2000000e+01   3.2000000e+01   9.6329440e-16   1.5703125e-02   1.5703125e-02
   2.3000000e+01   3.2000000e+01   9.1152056e-16   1.4843750e-02   1.4843750e-02
   2.4000000e+01   3.2000000e+01   9.9593910e-16   1.5468750e-02   1.5468750e-02
   2.5000000e+01   3.2000000e+01   1.0304962e-15   1.6171875e-02   1.6171875e-02
   2.6000000e+01   3.2000000e+01   1.0092218e-15   1.5859375e-02   1.5859375e-02
   2.7000000e+01   3.2000000e+01   9.1623022e-16   1.4843750e-02   1.4843750e-02
   2.8000000e+01   3.2000000e+01   9.0931179e-16   1.4531250e-02   1.4531250e-02
   2.9000000e+01   3.2000000e+01   1.0009267e-15   1.5468750e-02   1.5468750e-02
   3.0000000e+01   3.2000000e+01   9.7787982e-16   1.5312500e-02   1.5312500e-02
   3.1000000e+01   3.2000000e+01   9.3348473e-16   1.4453125e-02   1.4453125e-02
   3.2000000e+01   3.2000000e+01   9.5604964e-16   1.5546875e-02   1.5546875e-02
   3.3000000e+01   3.2000000e+01   9.5057025e-16   1.5312500e-02   1.5312500e-02
   3.4000000e+01   3.2000000e+01   9.1558287e-16   1.5156250e-02   1.5156250e-02
   3.5000000e+01   3.2000000e+01   9.3547904e-16   1.5156250e-02   1.5156250e-02
   1.0000000e+00   3.3000000e+01   9.5176147e-16   1.5859375e-02   1.5859375e-02
   2.0000000e+00   3.3000000e+01   8.9074551e-16   1.6093750e-02   1.6093750e-02
   3.0000000e+00   3.3000000e+01   9.8320354e-16   1.5390625e-02   1.5390625e-02
   4.0000000e+00   3.3000000e+01   9.7895698e-16   1.4296875e-02   1.4296875e-02
   5.0000000e+00   3.3000000e+01   1.0063496e-15   1.5625000e-02   1.5625000e-02
   6.0000000e+00   3.3000000e+01   9.5914326e-16   1.5078125e-02   1.5078125e-02
   7.0000000e+00   3.3000000e+01   9.6297459e-16   1.5156250e-02   1.5156250e-02
   8.0000000e+00   3.3000000e+01   9.5335871e-16   1.5000000e-02   1.5000000e-02
   9.0000000e+00   3.3000000e+01   9.9190027e-16   1.5937500e-02   1.5937500e-02
   1.0000000e+01   3.3000000e+01   8.8610585e-16   1.4218750e-02   1.4218750e-02
   1.1000000e+01   3.3000000e+01   8.9718163e-16   1.4531250e-02   1.4531250e-02
   1.2000000e+01   3.3000000e+01   9.5379173e-16   1.5078125e-02   1.5078125e-02
   1.3000000e+01   3.3000000e+01   9.2418998e-16   1.4687500e-02   1.4687500e-02
   1.4000000e+01   3.3000000e+01   9.1299565e-16   1.4843750e-02   1.4843750e-02
   1.5000000e+01   3.3000000e+01   9.5433150e-16   1.4687500e-02   1.4687500e-02
   1.6000000e+01   3.3000000e+01   8.2085501e-16   1.4062500e-02   1.4062500e-02
   1.7000000e+01   3.3000000e+01   7.5705886e-16   1.2968750e-02   1.2968750e-02
   1.8000000e+01   3.3000000e+01   7.7363684e-16   1.3281250e-02   1.3281250e-02
   1.9000000e+01   3.3000000e+01   7.8027187e-16   1.4140625e-02   1.4140625e-02
   2.0000000e+01   3.3000000e+01   7.7251085e-16   1.4218750e-02   1.4218750e-02
   2.1000000e+01   3.3000000e+01   8.4725773e-16   1.3593750e-02   1.3593750e-02
   2.2000000e+01   3.3000000e+01   9.2244770e-16   1.5937500e-02   1.5937500e-02
   2.3000000e+01   3.3000000e+01   9.2309107e-16   1.5703125e-02   1.5703125e-02
   2.4000000e+01   3.3000000e+01   8.8866705e-16   1.4062500e-02   1.4062500e-02
   2.5000000e+01   3.3000000e+01   8.9156770e-16   1.5312500e-02   1.5312500e-02
   2.6000000e+01   3.3000000e+01   9.6588567e-16   1.4765625e-02   1.4765625e-02
   2.7000000e+01   3.3000000e+01   8.7764358e-16   1.4687500e-02   1.4687500e-02
   2.8000000e+01   3.3000000e+01   8.9007269e-16   1.3437500e-02   1.3437500e-02
   2.9000000e+01   3.3000000e+01   9.4079499e-16   1.6171875e-02   1.6171875e-02
   3.0000000e+01   3.3000000e+01   9.0913397e-16   1.4218750e-02   1.4218750e-02
   3.1000000e+01   3.3000000e+01   9.3249140e-16   1.5781250e-02   1.5781250e-02
   3.2000000e+01   3.3000000e+01   9.3237057e-16   1.4218750e-02   1.4218750e-02
   3.3000000e+01   3.3000000e+01   9.1109653e-16   1.4140625e-02   1.4140625e-02
   3.4000000e+01   3.3000000e+01   8.5322791e-16   1.4453125e-02   1.4453125e-02
   3.5000000e+01   3.3000000e+01   9.1350359e-16   1.4531250e-02   1.4531250e-02
   1.0000000e+00   3.4000000e+01   9.6150739e-16   1.5546875e-02   1.5546875e-02
   2.0000000e+00   3.4000000e+01   8.9943220e-16   1.5000000e-02   1.5000000e-02
   3.0000000e+00   3.4000000e+01   9.7363278e-16   1.5078125e-02   1.5078125e-02
   4.0000000e+00   3.4000000e+01   9.7432658e-16   1.6250000e-02   1.6250000e-02
   5.0000000e+00   3.4000000e+01   9.3286831e-16   1.4531250e-02   1.4531250e-02
   6.0000000e+00   3.4000000e+01   1.0089063e-15   1.6093750e-02   1.6093750e-02
   7.0000000e+00   3.4000000e+01   9.6756104e-16   1.5312500e-02   1.5312500e-02
   8.0000000e+00   3.4000000e+01   9.3667937e-16   1.4296875e-02   1.4296875e-02
   9.0000000e+00   3.4000000e+01   9.3592596e-16   1.5000000e-02   1.5000000e-02
   1.0000000e+01   3.4000000e+01   9.2992617e-16   1.4296875e-02   1.4296875e-02
   1.1000000e+01   3.4000000e+01   9.0128823e-16   1.4375000e-02   1.4375000e-02
   1.2000000e+01   3.4000000e+01   9.2302251e-16   1.4921875e-02   1.4921875e-02
   1.3000000e+01   3.4000000e+01   9.4167680e-16   1.4765625e-02   1.4765625e-02
   1.4000000e+01   3.4000000e+01   9.4677759e-16   1.5781250e-02   1.5781250e-02
   1.5000000e+01   3.4000000e+01   1.0591364e-15   1.6562500e-02   1.6562500e-02
   1.6000000e+01   3.4000000e+01   9.7644461e-16   1.7656250e-02   1.7656250e-02
   1.7000000e+01   3.4000000e+01   1.0284471e-15   1.6953125e-02   1.6953125e-02
   1.8000000e+01   3.4000000e+01   1.0033511e-15   1.6484375e-02   1.6484375e-02
   1.9000000e+01   3.4000000e+01   1.0205549e-15   1.6562500e-02   1.6562500e-02
   2.0000000e+01   3.4000000e+01   1.0082562e-15   1.5703125e-02   1.5703125e-02
   2.1000000e+01   3.4000000e+01   1.0418649e-15   1.6718750e-02   1.6718750e-02
   2.2000000e+01   3.4000000e+01   9.6268564e-16   1.4765625e-02   1.4765625e-02
   2.3000000e+01   3.4000000e+01   8.7915832e-16   1.4296875e-02   1.4296875e-02
   2.4000000e+01   3.4000000e+01   9.4730588e-16   1.5468750e-02   1.5468750e-02
   2.5000000e+01   3.4000000e+01   9.8741546e-16   1.6484375e-02   1.6484375e-02
   2.6000000e+01   3.4000000e+01   1.0098438e-15   1.5859375e-02   1.5859375e-02
   2.7000000e+01   3.4000000e+01   9.3334660e-16   1.4609375e-02   1.4609375e-02
   2.8000000e+01   3.4000000e+01   9.1359750e-16   1.4609375e-02   1.4609375e-02
   2.9000000e+01   3.4000000e+01   9.5936690e-16   1.4843750e-02   1.4843750e-02
   3.0000000e+01   3.4000000e+01   9.5462076e-16   1.5390625e-02   1.5390625e-02
   3.1000000e+01   3.4000000e+01   1.0229807e-15   1.5937500e-02   1.5937500e-02
   3.2000000e+01   3.4000000e+01   9.0851182e-16   1.5234375e-02   1.5234375e-02
   3.3000000e+01   3.4000000e+01   1.0204533e-15   1.6406250e-02   1.6406250e-02
   3.4000000e+01   3.4000000e+01   9.6738092e-16   1.5703125e-02   1.5703125e-02
   3.5000000e+01   3.4000000e+01   9.5172272e-16   1.4375000e-02   1.4375000e-02
   1.0000000e+00   3.5000000e+01   9.4805175e-16   1.5859375e-02   1.5859375e-02
   2.0000000e+00   3.5000000e+01   1.0271429e-15   1.5156250e-02   1.5156250e-02
   3.0000000e+00   3.5000000e+01   1.0463312e-15   1.5234375e-02   1.5234375e-02
   4.0000000e+00   3.5000000e+01   1.0308005e-15   1.5546875e-02   1.5546875e-02
   5.0000000e+00   3.5000000e+01   9.5607980e-16   1.5468750e-02   1.5468750e-02
   6.0000000e+00   3.5000000e+01   1.0292708e-15   1.6406250e-02   1.6406250e-02
   7.0000000e+00   3.5000000e+01   9.8413988e-16   1.5000000e-02   1.5000000e-02
   8.0000000e+00   3.5000000e+01   9.5960776e-16   1.4921875e-02   1.4921875e-02
   9.0000000e+00   3.5000000e+01   1.0249504e-15   1.7031250e-02   1.7031250e-02
   1.0000000e+01   3.5000000e+01   1.0272405e-15   1.5625000e-02   1.5625000e-02
   1.1000000e+01   3.5000000e+01   1.0555200e-15   1.6406250e-02   1.6406250e-02
   1.2000000e+01   3.5000000e+01   1.0270889e-15   1.6171875e-02   1.6171875e-02
   1.3000000e+01   3.5000000e+01   1.0605246e-15   1.7343750e-02   1.7343750e-02
   1.4000000e+01   3.5000000e+01   1.0164710e-15   1.5390625e-02   1.5390625e-02
   1.5000000e+01   3.5000000e+01   9.2957961e-16   1.4531250e-02   1.4531250e-02
   1.6000000e+01   3.5000000e+01   9.3199256e-16   1.4296875e-02   1.4296875e-02
   1.7000000e+01   3.5000000e+01   1.0114226e-15   1.5937500e-02   1.5937500e-02
   1.8000000e+01   3.5000000e+01   9.3557342e-16   1.4296875e-02   1.4296875e-02
   1.9000000e+01   3.5000000e+01   9.8342925e-16   1.5390625e-02   1.5390625e-02
   2.0000000e+01   3.5000000e+01   9.7080635e-16   1.5625000e-02   1.5625000e-02
   2.1000000e+01   3.5000000e+01   1.0738092e-15   1.6953125e-02   1.6953125e-02
   2.2000000e+01   3.5000000e+01   9.9862081e-16   1.5312500e-02   1.5312500e-02
   2.3000000e+01   3.5000000e+01   9.8493344e-16   1.5468750e-02   1.5468750e-02
   2.4000000e+01   3.5000000e+01   9.4709236e-16   1.4765625e-02   1.4765625e-02
   2.5000000e+01   3.5000000e+01   9.3659733e-16   1.4609375e-02   1.4609375e-02
   2.6000000e+01   3.5000000e+01   9.1277799e-16   1.4453125e-02   1.4453125e-02
   2.7000000e+01   3.5000000e+01   9.3239667e-16   1.4531250e-02   1.4531250e-02
   2.8000000e+01   3.5000000e+01   9.4409221e-16   1.4843750e-02   1.4843750e-02
   2.9000000e+01   3.5000000e+01   1.0255047e-15   1.5625000e-02   1.5625000e-02
   3.0000000e+01   3.5000000e+01   9.2366146e-16   1.4609375e-02   1.4609375e-02
   3.1000000e+01   3.5000000e+01   1.0161835e-15   1.6093750e-02   1.6093750e-02
   3.2000000e+01   3.5000000e+01   1.0020942e-15   1.5390625e-02   1.5390625e-02
   3.3000000e+01   3.5000000e+01   1.0137034e-15   1.5625000e-02   1.5625000e-02
   3.4000000e+01   3.5000000e+01   1.0029967e-15   1.4921875e-02   1.4921875e-02
   3.5000000e+01   3.5000000e+01   1.0243447e-15   1.6250000e-02   1.6250000e-02
