   1.0000000e+00   1.0000000e+00   1.0757478e-14   1.1742969e+00   1.1742969e+00
   2.0000000e+00   1.0000000e+00   1.1054310e-14   1.2374219e+00   1.2374219e+00
   3.0000000e+00   1.0000000e+00   1.1124657e-14   1.1595313e+00   1.1595313e+00
   4.0000000e+00   1.0000000e+00   1.1685423e-14   1.2572656e+00   1.2572656e+00
   5.0000000e+00   1.0000000e+00   1.0983735e-14   1.2107031e+00   1.2107031e+00
   6.0000000e+00   1.0000000e+00   1.2547596e-14   1.3560938e+00   1.3560938e+00
   7.0000000e+00   1.0000000e+00   1.2353080e-14   1.3789844e+00   1.3789844e+00
   8.0000000e+00   1.0000000e+00   1.1942738e-14   1.3668750e+00   1.3668750e+00
   9.0000000e+00   1.0000000e+00   1.2034233e-14   1.3084375e+00   1.3084375e+00
   1.0000000e+01   1.0000000e+00   1.1669813e-14   1.2537500e+00   1.2537500e+00
   1.1000000e+01   1.0000000e+00   1.1265173e-14   1.1740625e+00   1.1740625e+00
   1.2000000e+01   1.0000000e+00   1.1278968e-14   1.2351563e+00   1.2351563e+00
   1.3000000e+01   1.0000000e+00   1.2368301e-14   1.2617188e+00   1.2617188e+00
   1.4000000e+01   1.0000000e+00   1.1864335e-14   1.2660156e+00   1.2660156e+00
   1.5000000e+01   1.0000000e+00   1.2470151e-14   1.3552344e+00   1.3552344e+00
   1.6000000e+01   1.0000000e+00   1.1982599e-14   1.3071875e+00   1.3071875e+00
   1.7000000e+01   1.0000000e+00   1.2051127e-14   1.2988281e+00   1.2988281e+00
   1.8000000e+01   1.0000000e+00   1.1745899e-14   1.2555469e+00   1.2555469e+00
   1.9000000e+01   1.0000000e+00   1.0993246e-14   1.2113281e+00   1.2113281e+00
   2.0000000e+01   1.0000000e+00   1.0693154e-14   1.1874219e+00   1.1874219e+00
   2.1000000e+01   1.0000000e+00   1.1272718e-14   1.2639063e+00   1.2639063e+00
   2.2000000e+01   1.0000000e+00   1.1820426e-14   1.2705469e+00   1.2705469e+00
   2.3000000e+01   1.0000000e+00   1.1701317e-14   1.2733594e+00   1.2733594e+00
   2.4000000e+01   1.0000000e+00   1.2085353e-14   1.3396875e+00   1.3396875e+00
   2.5000000e+01   1.0000000e+00   1.2094379e-14   1.3025000e+00   1.3025000e+00
   2.6000000e+01   1.0000000e+00   1.1726840e-14   1.2675781e+00   1.2675781e+00
   2.7000000e+01   1.0000000e+00   1.0836683e-14   1.1930469e+00   1.1930469e+00
   2.8000000e+01   1.0000000e+00   1.1622897e-14   1.2372656e+00   1.2372656e+00
   2.9000000e+01   1.0000000e+00   1.0981440e-14   1.2202344e+00   1.2202344e+00
   3.0000000e+01   1.0000000e+00   1.1090783e-14   1.2201563e+00   1.2201563e+00
   3.1000000e+01   1.0000000e+00   1.2551057e-14   1.3098438e+00   1.3098438e+00
   3.2000000e+01   1.0000000e+00   1.1538428e-14   1.2691406e+00   1.2691406e+00
   3.3000000e+01   1.0000000e+00   1.1622903e-14   1.2247656e+00   1.2247656e+00
   3.4000000e+01   1.0000000e+00   1.1373418e-14   1.2117188e+00   1.2117188e+00
   3.5000000e+01   1.0000000e+00   1.1501588e-14   1.2353906e+00   1.2353906e+00
   1.0000000e+00   2.0000000e+00   1.1808055e-14   1.2998438e+00   1.2998438e+00
   2.0000000e+00   2.0000000e+00   1.0878106e-14   1.1999219e+00   1.1999219e+00
   3.0000000e+00   2.0000000e+00   1.1514147e-14   1.2061719e+00   1.2061719e+00
   4.0000000e+00   2.0000000e+00   1.1925982e-14   1.2590625e+00   1.2590625e+00
   5.0000000e+00   2.0000000e+00   1.1903285e-14   1.3116406e+00   1.3116406e+00
   6.0000000e+00   2.0000000e+00   1.2064256e-14   1.3017188e+00   1.3017188e+00
   7.0000000e+00   2.0000000e+00   1.2076792e-14   1.3370313e+00   1.3370313e+00
   8.0000000e+00   2.0000000e+00   1.2759982e-14   1.3982813e+00   1.3982813e+00
   9.0000000e+00   2.0000000e+00   1.2434420e-14   1.3772656e+00   1.3772656e+00
   1.0000000e+01   2.0000000e+00   1.1284932e-14   1.2517969e+00   1.2517969e+00
   1.1000000e+01   2.0000000e+00   1.1699148e-14   1.2525000e+00   1.2525000e+00
   1.2000000e+01   2.0000000e+00   1.0886546e-14   1.2296094e+00   1.2296094e+00
   1.3000000e+01   2.0000000e+00   1.1869383e-14   1.2563281e+00   1.2563281e+00
   1.4000000e+01   2.0000000e+00   1.1728415e-14   1.2648438e+00   1.2648438e+00
   1.5000000e+01   2.0000000e+00   1.2454545e-14   1.3513281e+00   1.3513281e+00
   1.6000000e+01   2.0000000e+00   1.2615932e-14   1.3375781e+00   1.3375781e+00
   1.7000000e+01   2.0000000e+00   1.2578910e-14   1.3339844e+00   1.3339844e+00
   1.8000000e+01   2.0000000e+00   1.1587313e-14   1.2585938e+00   1.2585938e+00
   1.9000000e+01   2.0000000e+00   1.1486940e-14   1.2012500e+00   1.2012500e+00
   2.0000000e+01   2.0000000e+00   1.0781848e-14   1.1954688e+00   1.1954688e+00
   2.1000000e+01   2.0000000e+00   1.0989987e-14   1.2576563e+00   1.2576563e+00
   2.2000000e+01   2.0000000e+00   1.1834950e-14   1.2957031e+00   1.2957031e+00
   2.3000000e+01   2.0000000e+00   1.1880789e-14   1.2594531e+00   1.2594531e+00
   2.4000000e+01   2.0000000e+00   1.2061002e-14   1.3217969e+00   1.3217969e+00
   2.5000000e+01   2.0000000e+00   1.1954850e-14   1.2910156e+00   1.2910156e+00
   2.6000000e+01   2.0000000e+00   1.2009260e-14   1.3192969e+00   1.3192969e+00
   2.7000000e+01   2.0000000e+00   1.1299646e-14   1.2391406e+00   1.2391406e+00
   2.8000000e+01   2.0000000e+00   1.1275807e-14   1.2520313e+00   1.2520313e+00
   2.9000000e+01   2.0000000e+00   1.0768972e-14   1.1633594e+00   1.1633594e+00
   3.0000000e+01   2.0000000e+00   1.1172131e-14   1.2431250e+00   1.2431250e+00
   3.1000000e+01   2.0000000e+00   1.2020247e-14   1.2660156e+00   1.2660156e+00
   3.2000000e+01   2.0000000e+00   1.1283390e-14   1.2317188e+00   1.2317188e+00
   3.3000000e+01   2.0000000e+00   1.1943773e-14   1.3512500e+00   1.3512500e+00
   3.4000000e+01   2.0000000e+00   1.1778076e-14   1.2916406e+00   1.2916406e+00
   3.5000000e+01   2.0000000e+00   1.1502694e-14   1.1996094e+00   1.1996094e+00
   1.0000000e+00   3.0000000e+00   1.1501555e-14   1.2528125e+00   1.2528125e+00
   2.0000000e+00   3.0000000e+00   1.1714067e-14   1.2776563e+00   1.2776563e+00
   3.0000000e+00   3.0000000e+00   1.1283691e-14   1.2428906e+00   1.2428906e+00
   4.0000000e+00   3.0000000e+00   1.1514759e-14   1.2928906e+00   1.2928906e+00
   5.0000000e+00   3.0000000e+00   1.1468758e-14   1.2562500e+00   1.2562500e+00
   6.0000000e+00   3.0000000e+00   1.2335803e-14   1.3371094e+00   1.3371094e+00
   7.0000000e+00   3.0000000e+00   1.2375698e-14   1.3673438e+00   1.3673438e+00
   8.0000000e+00   3.0000000e+00   1.3283762e-14   1.4453125e+00   1.4453125e+00
   9.0000000e+00   3.0000000e+00   1.2846257e-14   1.3628125e+00   1.3628125e+00
   1.0000000e+01   3.0000000e+00   1.2092605e-14   1.3368750e+00   1.3368750e+00
   1.1000000e+01   3.0000000e+00   1.1413558e-14   1.2815625e+00   1.2815625e+00
   1.2000000e+01   3.0000000e+00   1.1982760e-14   1.2639063e+00   1.2639063e+00
   1.3000000e+01   3.0000000e+00   1.1991546e-14   1.3024219e+00   1.3024219e+00
   1.4000000e+01   3.0000000e+00   1.2649463e-14   1.3439063e+00   1.3439063e+00
   1.5000000e+01   3.0000000e+00   1.2442990e-14   1.3245313e+00   1.3245313e+00
   1.6000000e+01   3.0000000e+00   1.1955090e-14   1.3671094e+00   1.3671094e+00
   1.7000000e+01   3.0000000e+00   1.2527114e-14   1.4075000e+00   1.4075000e+00
   1.8000000e+01   3.0000000e+00   1.2151513e-14   1.3025781e+00   1.3025781e+00
   1.9000000e+01   3.0000000e+00   1.1379651e-14   1.2433594e+00   1.2433594e+00
   2.0000000e+01   3.0000000e+00   1.1052527e-14   1.2441406e+00   1.2441406e+00
   2.1000000e+01   3.0000000e+00   1.1190083e-14   1.2275781e+00   1.2275781e+00
   2.2000000e+01   3.0000000e+00   1.2022533e-14   1.2996094e+00   1.2996094e+00
   2.3000000e+01   3.0000000e+00   1.2111794e-14   1.3795313e+00   1.3795313e+00
   2.4000000e+01   3.0000000e+00   1.2436430e-14   1.3689063e+00   1.3689063e+00
   2.5000000e+01   3.0000000e+00   1.3024863e-14   1.4045313e+00   1.4045313e+00
   2.6000000e+01   3.0000000e+00   1.1915777e-14   1.3682813e+00   1.3682813e+00
   2.7000000e+01   3.0000000e+00   1.2043740e-14   1.2282031e+00   1.2282031e+00
   2.8000000e+01   3.0000000e+00   1.1356000e-14   1.2327344e+00   1.2327344e+00
   2.9000000e+01   3.0000000e+00   1.1212197e-14   1.2333594e+00   1.2333594e+00
   3.0000000e+01   3.0000000e+00   1.1480656e-14   1.2808594e+00   1.2808594e+00
   3.1000000e+01   3.0000000e+00   1.2218223e-14   1.3389063e+00   1.3389063e+00
   3.2000000e+01   3.0000000e+00   1.2345361e-14   1.3152344e+00   1.3152344e+00
   3.3000000e+01   3.0000000e+00   1.2645871e-14   1.3492188e+00   1.3492188e+00
   3.4000000e+01   3.0000000e+00   1.2002262e-14   1.2746875e+00   1.2746875e+00
   3.5000000e+01   3.0000000e+00   1.1691185e-14   1.2206250e+00   1.2206250e+00
   1.0000000e+00   4.0000000e+00   1.2046163e-14   1.3806250e+00   1.3806250e+00
   2.0000000e+00   4.0000000e+00   1.1755189e-14   1.2746875e+00   1.2746875e+00
   3.0000000e+00   4.0000000e+00   1.1257411e-14   1.2244531e+00   1.2244531e+00
   4.0000000e+00   4.0000000e+00   1.2029036e-14   1.2765625e+00   1.2765625e+00
   5.0000000e+00   4.0000000e+00   1.2198636e-14   1.3479688e+00   1.3479688e+00
   6.0000000e+00   4.0000000e+00   1.1922272e-14   1.3091406e+00   1.3091406e+00
   7.0000000e+00   4.0000000e+00   1.2471677e-14   1.3925781e+00   1.3925781e+00
   8.0000000e+00   4.0000000e+00   1.3483622e-14   1.4650781e+00   1.4650781e+00
   9.0000000e+00   4.0000000e+00   1.2886507e-14   1.4057031e+00   1.4057031e+00
   1.0000000e+01   4.0000000e+00   1.1922581e-14   1.3707031e+00   1.3707031e+00
   1.1000000e+01   4.0000000e+00   1.2008721e-14   1.3064063e+00   1.3064063e+00
   1.2000000e+01   4.0000000e+00   1.1446605e-14   1.2455469e+00   1.2455469e+00
   1.3000000e+01   4.0000000e+00   1.1965726e-14   1.3283594e+00   1.3283594e+00
   1.4000000e+01   4.0000000e+00   1.2355795e-14   1.3438281e+00   1.3438281e+00
   1.5000000e+01   4.0000000e+00   1.2874090e-14   1.3473438e+00   1.3473438e+00
   1.6000000e+01   4.0000000e+00   1.2831560e-14   1.3978125e+00   1.3978125e+00
   1.7000000e+01   4.0000000e+00   1.1714101e-14   1.3558594e+00   1.3558594e+00
   1.8000000e+01   4.0000000e+00   1.2223820e-14   1.3357813e+00   1.3357813e+00
   1.9000000e+01   4.0000000e+00   1.1969625e-14   1.2956250e+00   1.2956250e+00
   2.0000000e+01   4.0000000e+00   1.1698982e-14   1.2818750e+00   1.2818750e+00
   2.1000000e+01   4.0000000e+00   1.1604249e-14   1.2875000e+00   1.2875000e+00
   2.2000000e+01   4.0000000e+00   1.1930836e-14   1.3439063e+00   1.3439063e+00
   2.3000000e+01   4.0000000e+00   1.2361882e-14   1.3759375e+00   1.3759375e+00
   2.4000000e+01   4.0000000e+00   1.2828911e-14   1.4043750e+00   1.4043750e+00
   2.5000000e+01   4.0000000e+00   1.2801956e-14   1.4454688e+00   1.4454688e+00
   2.6000000e+01   4.0000000e+00   1.2867042e-14   1.3916406e+00   1.3916406e+00
   2.7000000e+01   4.0000000e+00   1.1991023e-14   1.3249219e+00   1.3249219e+00
   2.8000000e+01   4.0000000e+00   1.1546675e-14   1.2458594e+00   1.2458594e+00
   2.9000000e+01   4.0000000e+00   1.1364306e-14   1.2257813e+00   1.2257813e+00
   3.0000000e+01   4.0000000e+00   1.1537262e-14   1.2465625e+00   1.2465625e+00
   3.1000000e+01   4.0000000e+00   1.2157489e-14   1.2922656e+00   1.2922656e+00
   3.2000000e+01   4.0000000e+00   1.2504249e-14   1.3339844e+00   1.3339844e+00
   3.3000000e+01   4.0000000e+00   1.2204596e-14   1.3529688e+00   1.3529688e+00
   3.4000000e+01   4.0000000e+00   1.2187589e-14   1.3073438e+00   1.3073438e+00
   3.5000000e+01   4.0000000e+00   1.2318914e-14   1.2667969e+00   1.2667969e+00
   1.0000000e+00   5.0000000e+00   1.2531701e-14   1.3553125e+00   1.3553125e+00
   2.0000000e+00   5.0000000e+00   1.2311393e-14   1.3173438e+00   1.3173438e+00
   3.0000000e+00   5.0000000e+00   1.2046047e-14   1.2782813e+00   1.2782813e+00
   4.0000000e+00   5.0000000e+00   1.1369897e-14   1.2751563e+00   1.2751563e+00
   5.0000000e+00   5.0000000e+00   1.2110569e-14   1.3117188e+00   1.3117188e+00
   6.0000000e+00   5.0000000e+00   1.2339906e-14   1.3651563e+00   1.3651563e+00
   7.0000000e+00   5.0000000e+00   1.3028252e-14   1.4078906e+00   1.4078906e+00
   8.0000000e+00   5.0000000e+00   1.2669962e-14   1.4184375e+00   1.4184375e+00
   9.0000000e+00   5.0000000e+00   1.2929738e-14   1.4324219e+00   1.4324219e+00
   1.0000000e+01   5.0000000e+00   1.2583397e-14   1.3518750e+00   1.3518750e+00
   1.1000000e+01   5.0000000e+00   1.1639736e-14   1.3092188e+00   1.3092188e+00
   1.2000000e+01   5.0000000e+00   1.1435190e-14   1.2885156e+00   1.2885156e+00
   1.3000000e+01   5.0000000e+00   1.1999342e-14   1.3354688e+00   1.3354688e+00
   1.4000000e+01   5.0000000e+00   1.2687562e-14   1.3733594e+00   1.3733594e+00
   1.5000000e+01   5.0000000e+00   1.2859700e-14   1.3977344e+00   1.3977344e+00
   1.6000000e+01   5.0000000e+00   1.3106265e-14   1.4162500e+00   1.4162500e+00
   1.7000000e+01   5.0000000e+00   1.2691745e-14   1.3827344e+00   1.3827344e+00
   1.8000000e+01   5.0000000e+00   1.2263160e-14   1.3331250e+00   1.3331250e+00
   1.9000000e+01   5.0000000e+00   1.0179204e-14   1.1878906e+00   1.1878906e+00
   2.0000000e+01   5.0000000e+00   1.1543179e-14   1.2707813e+00   1.2707813e+00
   2.1000000e+01   5.0000000e+00   1.1197131e-14   1.2456250e+00   1.2456250e+00
   2.2000000e+01   5.0000000e+00   1.1916109e-14   1.3257813e+00   1.3257813e+00
   2.3000000e+01   5.0000000e+00   1.2531633e-14   1.3442969e+00   1.3442969e+00
   2.4000000e+01   5.0000000e+00   1.3157617e-14   1.4116406e+00   1.4116406e+00
   2.5000000e+01   5.0000000e+00   1.3409680e-14   1.4393750e+00   1.4393750e+00
   2.6000000e+01   5.0000000e+00   1.2727654e-14   1.3814844e+00   1.3814844e+00
   2.7000000e+01   5.0000000e+00   1.2890396e-14   1.3639063e+00   1.3639063e+00
   2.8000000e+01   5.0000000e+00   1.1468330e-14   1.2895313e+00   1.2895313e+00
   2.9000000e+01   5.0000000e+00   1.1556009e-14   1.2962500e+00   1.2962500e+00
   3.0000000e+01   5.0000000e+00   1.1917127e-14   1.3160156e+00   1.3160156e+00
   3.1000000e+01   5.0000000e+00   1.2285255e-14   1.3250000e+00   1.3250000e+00
   3.2000000e+01   5.0000000e+00   1.2621685e-14   1.3623438e+00   1.3623438e+00
   3.3000000e+01   5.0000000e+00   1.2798463e-14   1.3907813e+00   1.3907813e+00
   3.4000000e+01   5.0000000e+00   1.2986139e-14   1.4021875e+00   1.4021875e+00
   3.5000000e+01   5.0000000e+00   1.1667364e-14   1.3291406e+00   1.3291406e+00
   1.0000000e+00   6.0000000e+00   1.2446583e-14   1.3453906e+00   1.3453906e+00
   2.0000000e+00   6.0000000e+00   1.2145886e-14   1.3096094e+00   1.3096094e+00
   3.0000000e+00   6.0000000e+00   1.1745832e-14   1.2635938e+00   1.2635938e+00
   4.0000000e+00   6.0000000e+00   1.1706903e-14   1.2871875e+00   1.2871875e+00
   5.0000000e+00   6.0000000e+00   1.1698912e-14   1.3175781e+00   1.3175781e+00
   6.0000000e+00   6.0000000e+00   1.2284710e-14   1.3568750e+00   1.3568750e+00
   7.0000000e+00   6.0000000e+00   1.3217801e-14   1.4364844e+00   1.4364844e+00
   8.0000000e+00   6.0000000e+00   1.3700746e-14   1.4150781e+00   1.4150781e+00
   9.0000000e+00   6.0000000e+00   1.2974069e-14   1.4346875e+00   1.4346875e+00
   1.0000000e+01   6.0000000e+00   1.2949132e-14   1.4096875e+00   1.4096875e+00
   1.1000000e+01   6.0000000e+00   1.1950226e-14   1.3125000e+00   1.3125000e+00
   1.2000000e+01   6.0000000e+00   1.1460526e-14   1.2236719e+00   1.2236719e+00
   1.3000000e+01   6.0000000e+00   1.1656535e-14   1.2681250e+00   1.2681250e+00
   1.4000000e+01   6.0000000e+00   1.2971355e-14   1.3832813e+00   1.3832813e+00
   1.5000000e+01   6.0000000e+00   1.3016359e-14   1.3919531e+00   1.3919531e+00
   1.6000000e+01   6.0000000e+00   1.2782758e-14   1.3985156e+00   1.3985156e+00
   1.7000000e+01   6.0000000e+00   1.2131802e-14   1.3677344e+00   1.3677344e+00
   1.8000000e+01   6.0000000e+00   1.1519613e-14   1.2309375e+00   1.2309375e+00
   1.9000000e+01   6.0000000e+00   1.0849492e-14   1.1716406e+00   1.1716406e+00
   2.0000000e+01   6.0000000e+00   1.1199041e-14   1.2279688e+00   1.2279688e+00
   2.1000000e+01   6.0000000e+00   1.1565783e-14   1.2738281e+00   1.2738281e+00
   2.2000000e+01   6.0000000e+00   1.2473454e-14   1.3559375e+00   1.3559375e+00
   2.3000000e+01   6.0000000e+00   1.2553740e-14   1.3582813e+00   1.3582813e+00
   2.4000000e+01   6.0000000e+00   1.2952834e-14   1.3872656e+00   1.3872656e+00
   2.5000000e+01   6.0000000e+00   1.2812586e-14   1.4160938e+00   1.4160938e+00
   2.6000000e+01   6.0000000e+00   1.3054952e-14   1.4271094e+00   1.4271094e+00
   2.7000000e+01   6.0000000e+00   1.2360397e-14   1.3344531e+00   1.3344531e+00
   2.8000000e+01   6.0000000e+00   1.1724841e-14   1.2967969e+00   1.2967969e+00
   2.9000000e+01   6.0000000e+00   1.1724193e-14   1.2986719e+00   1.2986719e+00
   3.0000000e+01   6.0000000e+00   1.2212330e-14   1.2972656e+00   1.2972656e+00
   3.1000000e+01   6.0000000e+00   1.1942362e-14   1.2966406e+00   1.2966406e+00
   3.2000000e+01   6.0000000e+00   1.2960467e-14   1.3792188e+00   1.3792188e+00
   3.3000000e+01   6.0000000e+00   1.2568804e-14   1.3975000e+00   1.3975000e+00
   3.4000000e+01   6.0000000e+00   1.2299207e-14   1.3467969e+00   1.3467969e+00
   3.5000000e+01   6.0000000e+00   1.1347858e-14   1.2639844e+00   1.2639844e+00
   1.0000000e+00   7.0000000e+00   1.1860591e-14   1.3189844e+00   1.3189844e+00
   2.0000000e+00   7.0000000e+00   1.1274252e-14   1.2135156e+00   1.2135156e+00
   3.0000000e+00   7.0000000e+00   1.1482847e-14   1.2180469e+00   1.2180469e+00
   4.0000000e+00   7.0000000e+00   1.1486788e-14   1.2163281e+00   1.2163281e+00
   5.0000000e+00   7.0000000e+00   1.0777709e-14   1.1925781e+00   1.1925781e+00
   6.0000000e+00   7.0000000e+00   1.2112545e-14   1.2753125e+00   1.2753125e+00
   7.0000000e+00   7.0000000e+00   1.1232840e-14   1.2545313e+00   1.2545313e+00
   8.0000000e+00   7.0000000e+00   1.2248492e-14   1.3249219e+00   1.3249219e+00
   9.0000000e+00   7.0000000e+00   1.2245267e-14   1.3637500e+00   1.3637500e+00
   1.0000000e+01   7.0000000e+00   1.1333347e-14   1.2728125e+00   1.2728125e+00
   1.1000000e+01   7.0000000e+00   1.1391446e-14   1.2102344e+00   1.2102344e+00
   1.2000000e+01   7.0000000e+00   1.1154483e-14   1.1926563e+00   1.1926563e+00
   1.3000000e+01   7.0000000e+00   1.1193810e-14   1.2237500e+00   1.2237500e+00
   1.4000000e+01   7.0000000e+00   1.2182469e-14   1.3020313e+00   1.3020313e+00
   1.5000000e+01   7.0000000e+00   1.2335924e-14   1.2817969e+00   1.2817969e+00
   1.6000000e+01   7.0000000e+00   1.1622062e-14   1.2953125e+00   1.2953125e+00
   1.7000000e+01   7.0000000e+00   1.2003949e-14   1.2733594e+00   1.2733594e+00
   1.8000000e+01   7.0000000e+00   1.2132866e-14   1.2724219e+00   1.2724219e+00
   1.9000000e+01   7.0000000e+00   1.1451407e-14   1.2354688e+00   1.2354688e+00
   2.0000000e+01   7.0000000e+00   1.0783175e-14   1.2228906e+00   1.2228906e+00
   2.1000000e+01   7.0000000e+00   1.1250905e-14   1.2127344e+00   1.2127344e+00
   2.2000000e+01   7.0000000e+00   1.1626846e-14   1.2854688e+00   1.2854688e+00
   2.3000000e+01   7.0000000e+00   1.1685364e-14   1.2930469e+00   1.2930469e+00
   2.4000000e+01   7.0000000e+00   1.2967937e-14   1.4551563e+00   1.4551563e+00
   2.5000000e+01   7.0000000e+00   1.2678878e-14   1.4062500e+00   1.4062500e+00
   2.6000000e+01   7.0000000e+00   1.2735721e-14   1.4023438e+00   1.4023438e+00
   2.7000000e+01   7.0000000e+00   1.1111259e-14   1.2085938e+00   1.2085938e+00
   2.8000000e+01   7.0000000e+00   1.1176669e-14   1.2235938e+00   1.2235938e+00
   2.9000000e+01   7.0000000e+00   1.1531401e-14   1.2618750e+00   1.2618750e+00
   3.0000000e+01   7.0000000e+00   1.1915395e-14   1.3171875e+00   1.3171875e+00
   3.1000000e+01   7.0000000e+00   1.2095143e-14   1.3207031e+00   1.3207031e+00
   3.2000000e+01   7.0000000e+00   1.2754906e-14   1.4014063e+00   1.4014063e+00
   3.3000000e+01   7.0000000e+00   1.2518549e-14   1.3392969e+00   1.3392969e+00
   3.4000000e+01   7.0000000e+00   1.2539561e-14   1.3948438e+00   1.3948438e+00
   3.5000000e+01   7.0000000e+00   1.1986932e-14   1.2746094e+00   1.2746094e+00
   1.0000000e+00   8.0000000e+00   1.1825178e-14   1.2654688e+00   1.2654688e+00
   2.0000000e+00   8.0000000e+00   1.1669405e-14   1.2782813e+00   1.2782813e+00
   3.0000000e+00   8.0000000e+00   1.1177636e-14   1.1575000e+00   1.1575000e+00
   4.0000000e+00   8.0000000e+00   1.1236509e-14   1.2737500e+00   1.2737500e+00
   5.0000000e+00   8.0000000e+00   1.1452284e-14   1.2658594e+00   1.2658594e+00
   6.0000000e+00   8.0000000e+00   1.1974695e-14   1.3229688e+00   1.3229688e+00
   7.0000000e+00   8.0000000e+00   1.2184964e-14   1.3619531e+00   1.3619531e+00
   8.0000000e+00   8.0000000e+00   1.2230685e-14   1.3639844e+00   1.3639844e+00
   9.0000000e+00   8.0000000e+00   1.2543095e-14   1.3634375e+00   1.3634375e+00
   1.0000000e+01   8.0000000e+00   1.2293423e-14   1.3290625e+00   1.3290625e+00
   1.1000000e+01   8.0000000e+00   1.1881265e-14   1.2675000e+00   1.2675000e+00
   1.2000000e+01   8.0000000e+00   1.1928642e-14   1.2492969e+00   1.2492969e+00
   1.3000000e+01   8.0000000e+00   1.1455505e-14   1.2491406e+00   1.2491406e+00
   1.4000000e+01   8.0000000e+00   1.2206224e-14   1.2749219e+00   1.2749219e+00
   1.5000000e+01   8.0000000e+00   1.2545984e-14   1.3720313e+00   1.3720313e+00
   1.6000000e+01   8.0000000e+00   1.2442346e-14   1.3839844e+00   1.3839844e+00
   1.7000000e+01   8.0000000e+00   1.2274317e-14   1.2867969e+00   1.2867969e+00
   1.8000000e+01   8.0000000e+00   1.2126185e-14   1.3471875e+00   1.3471875e+00
   1.9000000e+01   8.0000000e+00   1.1864112e-14   1.2841406e+00   1.2841406e+00
   2.0000000e+01   8.0000000e+00   1.1227926e-14   1.2667188e+00   1.2667188e+00
   2.1000000e+01   8.0000000e+00   1.1188125e-14   1.2046875e+00   1.2046875e+00
   2.2000000e+01   8.0000000e+00   1.1832691e-14   1.3042969e+00   1.3042969e+00
   2.3000000e+01   8.0000000e+00   1.2279894e-14   1.3184375e+00   1.3184375e+00
   2.4000000e+01   8.0000000e+00   1.2563369e-14   1.3760938e+00   1.3760938e+00
   2.5000000e+01   8.0000000e+00   1.2868788e-14   1.4316406e+00   1.4316406e+00
   2.6000000e+01   8.0000000e+00   1.3537226e-14   1.4039844e+00   1.4039844e+00
   2.7000000e+01   8.0000000e+00   1.2636296e-14   1.3343750e+00   1.3343750e+00
   2.8000000e+01   8.0000000e+00   1.1755912e-14   1.2810156e+00   1.2810156e+00
   2.9000000e+01   8.0000000e+00   1.1237238e-14   1.1817969e+00   1.1817969e+00
   3.0000000e+01   8.0000000e+00   1.2010165e-14   1.2960938e+00   1.2960938e+00
   3.1000000e+01   8.0000000e+00   1.1562555e-14   1.2418750e+00   1.2418750e+00
   3.2000000e+01   8.0000000e+00   1.1734469e-14   1.2579688e+00   1.2579688e+00
   3.3000000e+01   8.0000000e+00   1.1834450e-14   1.3093750e+00   1.3093750e+00
   3.4000000e+01   8.0000000e+00   1.2700213e-14   1.3643750e+00   1.3643750e+00
   3.5000000e+01   8.0000000e+00   1.1783819e-14   1.2761719e+00   1.2761719e+00
   1.0000000e+00   9.0000000e+00   1.1825407e-14   1.2996094e+00   1.2996094e+00
   2.0000000e+00   9.0000000e+00   1.1543926e-14   1.2416406e+00   1.2416406e+00
   3.0000000e+00   9.0000000e+00   1.0356329e-14   1.1350000e+00   1.1350000e+00
   4.0000000e+00   9.0000000e+00   1.1273622e-14   1.1979688e+00   1.1979688e+00
   5.0000000e+00   9.0000000e+00   1.1361442e-14   1.2366406e+00   1.2366406e+00
   6.0000000e+00   9.0000000e+00   1.1473010e-14   1.2825000e+00   1.2825000e+00
   7.0000000e+00   9.0000000e+00   1.2351921e-14   1.3486719e+00   1.3486719e+00
   8.0000000e+00   9.0000000e+00   1.2504851e-14   1.3575781e+00   1.3575781e+00
   9.0000000e+00   9.0000000e+00   1.1838042e-14   1.2793750e+00   1.2793750e+00
   1.0000000e+01   9.0000000e+00   1.2396689e-14   1.3169531e+00   1.3169531e+00
   1.1000000e+01   9.0000000e+00   1.1638331e-14   1.2459375e+00   1.2459375e+00
   1.2000000e+01   9.0000000e+00   1.0966554e-14   1.2332813e+00   1.2332813e+00
   1.3000000e+01   9.0000000e+00   1.1087539e-14   1.1952344e+00   1.1952344e+00
   1.4000000e+01   9.0000000e+00   1.1677721e-14   1.2859375e+00   1.2859375e+00
   1.5000000e+01   9.0000000e+00   1.1761201e-14   1.3235938e+00   1.3235938e+00
   1.6000000e+01   9.0000000e+00   1.2448253e-14   1.3640625e+00   1.3640625e+00
   1.7000000e+01   9.0000000e+00   1.2337843e-14   1.3495313e+00   1.3495313e+00
   1.8000000e+01   9.0000000e+00   1.1479392e-14   1.2573438e+00   1.2573438e+00
   1.9000000e+01   9.0000000e+00   1.1445478e-14   1.2294531e+00   1.2294531e+00
   2.0000000e+01   9.0000000e+00   1.1287754e-14   1.2564844e+00   1.2564844e+00
   2.1000000e+01   9.0000000e+00   1.1159002e-14   1.2400000e+00   1.2400000e+00
   2.2000000e+01   9.0000000e+00   1.1005568e-14   1.2578125e+00   1.2578125e+00
   2.3000000e+01   9.0000000e+00   1.1627724e-14   1.2950000e+00   1.2950000e+00
   2.4000000e+01   9.0000000e+00   1.1860479e-14   1.3033594e+00   1.3033594e+00
   2.5000000e+01   9.0000000e+00   1.2433966e-14   1.3908594e+00   1.3908594e+00
   2.6000000e+01   9.0000000e+00   1.2631088e-14   1.2966406e+00   1.2966406e+00
   2.7000000e+01   9.0000000e+00   1.2264177e-14   1.2911719e+00   1.2911719e+00
   2.8000000e+01   9.0000000e+00   1.0899253e-14   1.2002344e+00   1.2002344e+00
   2.9000000e+01   9.0000000e+00   1.1218851e-14   1.1964844e+00   1.1964844e+00
   3.0000000e+01   9.0000000e+00   1.0769293e-14   1.1582031e+00   1.1582031e+00
   3.1000000e+01   9.0000000e+00   1.1346890e-14   1.2147656e+00   1.2147656e+00
   3.2000000e+01   9.0000000e+00   1.2136312e-14   1.3457813e+00   1.3457813e+00
   3.3000000e+01   9.0000000e+00   1.2076839e-14   1.3464063e+00   1.3464063e+00
   3.4000000e+01   9.0000000e+00   1.1988731e-14   1.3182813e+00   1.3182813e+00
   3.5000000e+01   9.0000000e+00   1.2208507e-14   1.3035156e+00   1.3035156e+00
   1.0000000e+00   1.0000000e+01   1.1295665e-14   1.2410156e+00   1.2410156e+00
   2.0000000e+00   1.0000000e+01   1.0897754e-14   1.1975000e+00   1.1975000e+00
   3.0000000e+00   1.0000000e+01   1.0511219e-14   1.1545313e+00   1.1545313e+00
   4.0000000e+00   1.0000000e+01   1.0370824e-14   1.1159375e+00   1.1159375e+00
   5.0000000e+00   1.0000000e+01   1.0669789e-14   1.1502344e+00   1.1502344e+00
   6.0000000e+00   1.0000000e+01   1.0731887e-14   1.2074219e+00   1.2074219e+00
   7.0000000e+00   1.0000000e+01   1.1664693e-14   1.2981250e+00   1.2981250e+00
   8.0000000e+00   1.0000000e+01   1.1714982e-14   1.2896875e+00   1.2896875e+00
   9.0000000e+00   1.0000000e+01   1.2077013e-14   1.3189063e+00   1.3189063e+00
   1.0000000e+01   1.0000000e+01   1.1840682e-14   1.2783594e+00   1.2783594e+00
   1.1000000e+01   1.0000000e+01   1.1379709e-14   1.2028125e+00   1.2028125e+00
   1.2000000e+01   1.0000000e+01   1.0747931e-14   1.1392188e+00   1.1392188e+00
   1.3000000e+01   1.0000000e+01   1.1132181e-14   1.1606250e+00   1.1606250e+00
   1.4000000e+01   1.0000000e+01   1.1133957e-14   1.1899219e+00   1.1899219e+00
   1.5000000e+01   1.0000000e+01   1.2012049e-14   1.2535156e+00   1.2535156e+00
   1.6000000e+01   1.0000000e+01   1.2162183e-14   1.2696875e+00   1.2696875e+00
   1.7000000e+01   1.0000000e+01   1.1720833e-14   1.2896094e+00   1.2896094e+00
   1.8000000e+01   1.0000000e+01   1.1244626e-14   1.2297656e+00   1.2297656e+00
   1.9000000e+01   1.0000000e+01   1.0933843e-14   1.2058594e+00   1.2058594e+00
   2.0000000e+01   1.0000000e+01   1.0230857e-14   1.1898438e+00   1.1898438e+00
   2.1000000e+01   1.0000000e+01   1.0852315e-14   1.1934375e+00   1.1934375e+00
   2.2000000e+01   1.0000000e+01   1.1071363e-14   1.2489063e+00   1.2489063e+00
   2.3000000e+01   1.0000000e+01   1.1508260e-14   1.2610938e+00   1.2610938e+00
   2.4000000e+01   1.0000000e+01   1.2063232e-14   1.3571875e+00   1.3571875e+00
   2.5000000e+01   1.0000000e+01   1.2233625e-14   1.3385938e+00   1.3385938e+00
   2.6000000e+01   1.0000000e+01   1.2603190e-14   1.3492969e+00   1.3492969e+00
   2.7000000e+01   1.0000000e+01   1.2138134e-14   1.3082031e+00   1.3082031e+00
   2.8000000e+01   1.0000000e+01   1.0687293e-14   1.2121875e+00   1.2121875e+00
   2.9000000e+01   1.0000000e+01   1.0723612e-14   1.2333594e+00   1.2333594e+00
   3.0000000e+01   1.0000000e+01   1.1686442e-14   1.2344531e+00   1.2344531e+00
   3.1000000e+01   1.0000000e+01   1.1454608e-14   1.2553906e+00   1.2553906e+00
   3.2000000e+01   1.0000000e+01   1.1471775e-14   1.2837500e+00   1.2837500e+00
   3.3000000e+01   1.0000000e+01   1.2223487e-14   1.3409375e+00   1.3409375e+00
   3.4000000e+01   1.0000000e+01   1.2136841e-14   1.3235156e+00   1.3235156e+00
   3.5000000e+01   1.0000000e+01   1.1676909e-14   1.2678125e+00   1.2678125e+00
   1.0000000e+00   1.1000000e+01   1.1181510e-14   1.1667188e+00   1.1667188e+00
   2.0000000e+00   1.1000000e+01   1.0759887e-14   1.1882031e+00   1.1882031e+00
   3.0000000e+00   1.1000000e+01   1.0586500e-14   1.1720313e+00   1.1720313e+00
   4.0000000e+00   1.1000000e+01   1.0973416e-14   1.1146875e+00   1.1146875e+00
   5.0000000e+00   1.1000000e+01   1.0823012e-14   1.1588281e+00   1.1588281e+00
   6.0000000e+00   1.1000000e+01   1.1201851e-14   1.2138281e+00   1.2138281e+00
   7.0000000e+00   1.1000000e+01   1.1692396e-14   1.2007031e+00   1.2007031e+00
   8.0000000e+00   1.1000000e+01   1.1384283e-14   1.2332031e+00   1.2332031e+00
   9.0000000e+00   1.1000000e+01   1.1647589e-14   1.2832813e+00   1.2832813e+00
   1.0000000e+01   1.1000000e+01   1.1714754e-14   1.2676563e+00   1.2676563e+00
   1.1000000e+01   1.1000000e+01   1.1320896e-14   1.2189844e+00   1.2189844e+00
   1.2000000e+01   1.1000000e+01   1.1373650e-14   1.2185938e+00   1.2185938e+00
   1.3000000e+01   1.1000000e+01   1.0990054e-14   1.2055469e+00   1.2055469e+00
   1.4000000e+01   1.1000000e+01   1.0850934e-14   1.1903906e+00   1.1903906e+00
   1.5000000e+01   1.1000000e+01   1.0903825e-14   1.2275781e+00   1.2275781e+00
   1.6000000e+01   1.1000000e+01   1.1377515e-14   1.2554688e+00   1.2554688e+00
   1.7000000e+01   1.1000000e+01   1.1353333e-14   1.2441406e+00   1.2441406e+00
   1.8000000e+01   1.1000000e+01   1.0444494e-14   1.1294531e+00   1.1294531e+00
   1.9000000e+01   1.1000000e+01   1.0446640e-14   1.1646875e+00   1.1646875e+00
   2.0000000e+01   1.1000000e+01   1.0600703e-14   1.1032031e+00   1.1032031e+00
   2.1000000e+01   1.1000000e+01   1.0638440e-14   1.1191406e+00   1.1191406e+00
   2.2000000e+01   1.1000000e+01   1.0905276e-14   1.2023438e+00   1.2023438e+00
   2.3000000e+01   1.1000000e+01   1.0501524e-14   1.1305469e+00   1.1305469e+00
   2.4000000e+01   1.1000000e+01   1.2122604e-14   1.2950781e+00   1.2950781e+00
   2.5000000e+01   1.1000000e+01   1.1477629e-14   1.2805469e+00   1.2805469e+00
   2.6000000e+01   1.1000000e+01   1.1908233e-14   1.3095313e+00   1.3095313e+00
   2.7000000e+01   1.1000000e+01   1.1967093e-14   1.2918750e+00   1.2918750e+00
   2.8000000e+01   1.1000000e+01   1.0824080e-14   1.1945313e+00   1.1945313e+00
   2.9000000e+01   1.1000000e+01   1.1016617e-14   1.1863281e+00   1.1863281e+00
   3.0000000e+01   1.1000000e+01   1.1167117e-14   1.1928125e+00   1.1928125e+00
   3.1000000e+01   1.1000000e+01   1.0705241e-14   1.1687500e+00   1.1687500e+00
   3.2000000e+01   1.1000000e+01   1.1549568e-14   1.2582813e+00   1.2582813e+00
   3.3000000e+01   1.1000000e+01   1.1373422e-14   1.2598438e+00   1.2598438e+00
   3.4000000e+01   1.1000000e+01   1.1005186e-14   1.2570313e+00   1.2570313e+00
   3.5000000e+01   1.1000000e+01   1.1242744e-14   1.1800000e+00   1.1800000e+00
   1.0000000e+00   1.2000000e+01   1.0420210e-14   1.1490625e+00   1.1490625e+00
   2.0000000e+00   1.2000000e+01   1.0589605e-14   1.1208594e+00   1.1208594e+00
   3.0000000e+00   1.2000000e+01   1.0199235e-14   1.0595313e+00   1.0595313e+00
   4.0000000e+00   1.2000000e+01   1.0664294e-14   1.1660156e+00   1.1660156e+00
   5.0000000e+00   1.2000000e+01   1.0751154e-14   1.1464063e+00   1.1464063e+00
   6.0000000e+00   1.2000000e+01   1.0989312e-14   1.1612500e+00   1.1612500e+00
   7.0000000e+00   1.2000000e+01   1.1063743e-14   1.1800000e+00   1.1800000e+00
   8.0000000e+00   1.2000000e+01   1.1714253e-14   1.2336719e+00   1.2336719e+00
   9.0000000e+00   1.2000000e+01   1.1458225e-14   1.2500781e+00   1.2500781e+00
   1.0000000e+01   1.2000000e+01   1.1894831e-14   1.2603125e+00   1.2603125e+00
   1.1000000e+01   1.2000000e+01   1.0942996e-14   1.2011719e+00   1.2011719e+00
   1.2000000e+01   1.2000000e+01   1.0342072e-14   1.1117188e+00   1.1117188e+00
   1.3000000e+01   1.2000000e+01   1.0762587e-14   1.1221094e+00   1.1221094e+00
   1.4000000e+01   1.2000000e+01   1.0465332e-14   1.1655469e+00   1.1655469e+00
   1.5000000e+01   1.2000000e+01   1.1211569e-14   1.1880469e+00   1.1880469e+00
   1.6000000e+01   1.2000000e+01   1.1470962e-14   1.2413281e+00   1.2413281e+00
   1.7000000e+01   1.2000000e+01   1.1427852e-14   1.2106250e+00   1.2106250e+00
   1.8000000e+01   1.2000000e+01   1.1046859e-14   1.1874219e+00   1.1874219e+00
   1.9000000e+01   1.2000000e+01   1.0763901e-14   1.1389844e+00   1.1389844e+00
   2.0000000e+01   1.2000000e+01   1.0202567e-14   1.0875781e+00   1.0875781e+00
   2.1000000e+01   1.2000000e+01   9.9328640e-15   1.1029688e+00   1.1029688e+00
   2.2000000e+01   1.2000000e+01   1.0491161e-14   1.1328125e+00   1.1328125e+00
   2.3000000e+01   1.2000000e+01   1.1304722e-14   1.2334375e+00   1.2334375e+00
   2.4000000e+01   1.2000000e+01   1.2064940e-14   1.2696875e+00   1.2696875e+00
   2.5000000e+01   1.2000000e+01   1.1852883e-14   1.2713281e+00   1.2713281e+00
   2.6000000e+01   1.2000000e+01   1.1959060e-14   1.3024219e+00   1.3024219e+00
   2.7000000e+01   1.2000000e+01   1.1669747e-14   1.2567188e+00   1.2567188e+00
   2.8000000e+01   1.2000000e+01   1.0331123e-14   1.1140625e+00   1.1140625e+00
   2.9000000e+01   1.2000000e+01   1.1170093e-14   1.1701563e+00   1.1701563e+00
   3.0000000e+01   1.2000000e+01   1.1061610e-14   1.1596875e+00   1.1596875e+00
   3.1000000e+01   1.2000000e+01   1.1171407e-14   1.1896875e+00   1.1896875e+00
   3.2000000e+01   1.2000000e+01   1.1525437e-14   1.2086719e+00   1.2086719e+00
   3.3000000e+01   1.2000000e+01   1.1786412e-14   1.2135938e+00   1.2135938e+00
   3.4000000e+01   1.2000000e+01   1.1269994e-14   1.2503125e+00   1.2503125e+00
   3.5000000e+01   1.2000000e+01   1.0894938e-14   1.2093750e+00   1.2093750e+00
   1.0000000e+00   1.3000000e+01   1.1409860e-14   1.2253906e+00   1.2253906e+00
   2.0000000e+00   1.3000000e+01   1.1511774e-14   1.1890625e+00   1.1890625e+00
   3.0000000e+00   1.3000000e+01   1.0195740e-14   1.1128906e+00   1.1128906e+00
   4.0000000e+00   1.3000000e+01   1.1216196e-14   1.1436719e+00   1.1436719e+00
   5.0000000e+00   1.3000000e+01   1.0805284e-14   1.1660938e+00   1.1660938e+00
   6.0000000e+00   1.3000000e+01   1.1328732e-14   1.2338281e+00   1.2338281e+00
   7.0000000e+00   1.3000000e+01   1.0953636e-14   1.2073438e+00   1.2073438e+00
   8.0000000e+00   1.3000000e+01   1.1874247e-14   1.2490625e+00   1.2490625e+00
   9.0000000e+00   1.3000000e+01   1.2239606e-14   1.2536719e+00   1.2536719e+00
   1.0000000e+01   1.3000000e+01   1.1574385e-14   1.2642969e+00   1.2642969e+00
   1.1000000e+01   1.3000000e+01   1.1230934e-14   1.2321094e+00   1.2321094e+00
   1.2000000e+01   1.3000000e+01   1.0300613e-14   1.1509375e+00   1.1509375e+00
   1.3000000e+01   1.3000000e+01   1.1127928e-14   1.1753906e+00   1.1753906e+00
   1.4000000e+01   1.3000000e+01   1.1119465e-14   1.1942188e+00   1.1942188e+00
   1.5000000e+01   1.3000000e+01   1.1448846e-14   1.2157031e+00   1.2157031e+00
   1.6000000e+01   1.3000000e+01   1.0812750e-14   1.1875000e+00   1.1875000e+00
   1.7000000e+01   1.3000000e+01   1.1510691e-14   1.2353906e+00   1.2353906e+00
   1.8000000e+01   1.3000000e+01   1.0344370e-14   1.1595313e+00   1.1595313e+00
   1.9000000e+01   1.3000000e+01   1.0685572e-14   1.1358594e+00   1.1358594e+00
   2.0000000e+01   1.3000000e+01   1.0177502e-14   1.1176563e+00   1.1176563e+00
   2.1000000e+01   1.3000000e+01   1.0333671e-14   1.1521875e+00   1.1521875e+00
   2.2000000e+01   1.3000000e+01   1.0517188e-14   1.0935156e+00   1.0935156e+00
   2.3000000e+01   1.3000000e+01   1.0257590e-14   1.1673438e+00   1.1673438e+00
   2.4000000e+01   1.3000000e+01   1.1339640e-14   1.2401563e+00   1.2401563e+00
   2.5000000e+01   1.3000000e+01   1.1527790e-14   1.2722656e+00   1.2722656e+00
   2.6000000e+01   1.3000000e+01   1.1659915e-14   1.2911719e+00   1.2911719e+00
   2.7000000e+01   1.3000000e+01   1.1408070e-14   1.2386719e+00   1.2386719e+00
   2.8000000e+01   1.3000000e+01   1.1514238e-14   1.2336719e+00   1.2336719e+00
   2.9000000e+01   1.3000000e+01   1.0218848e-14   1.1528906e+00   1.1528906e+00
   3.0000000e+01   1.3000000e+01   1.0619930e-14   1.1669531e+00   1.1669531e+00
   3.1000000e+01   1.3000000e+01   1.1216388e-14   1.2020313e+00   1.2020313e+00
   3.2000000e+01   1.3000000e+01   1.1013236e-14   1.2194531e+00   1.2194531e+00
   3.3000000e+01   1.3000000e+01   1.1778958e-14   1.2850000e+00   1.2850000e+00
   3.4000000e+01   1.3000000e+01   1.1063194e-14   1.2653125e+00   1.2653125e+00
   3.5000000e+01   1.3000000e+01   1.0851810e-14   1.1411719e+00   1.1411719e+00
   1.0000000e+00   1.4000000e+01   1.0733101e-14   1.1674219e+00   1.1674219e+00
   2.0000000e+00   1.4000000e+01   1.0358083e-14   1.1549219e+00   1.1549219e+00
   3.0000000e+00   1.4000000e+01   1.0280656e-14   1.1328906e+00   1.1328906e+00
   4.0000000e+00   1.4000000e+01   1.0248251e-14   1.1099219e+00   1.1099219e+00
   5.0000000e+00   1.4000000e+01   1.0333186e-14   1.1036719e+00   1.1036719e+00
   6.0000000e+00   1.4000000e+01   1.0655868e-14   1.1536719e+00   1.1536719e+00
   7.0000000e+00   1.4000000e+01   1.1422934e-14   1.1842969e+00   1.1842969e+00
   8.0000000e+00   1.4000000e+01   1.1741360e-14   1.2759375e+00   1.2759375e+00
   9.0000000e+00   1.4000000e+01   1.1487884e-14   1.2717188e+00   1.2717188e+00
   1.0000000e+01   1.4000000e+01   1.0952885e-14   1.2059375e+00   1.2059375e+00
   1.1000000e+01   1.4000000e+01   1.1832069e-14   1.1630469e+00   1.1630469e+00
   1.2000000e+01   1.4000000e+01   1.0609843e-14   1.1609375e+00   1.1609375e+00
   1.3000000e+01   1.4000000e+01   1.1043321e-14   1.1960156e+00   1.1960156e+00
   1.4000000e+01   1.4000000e+01   1.0849096e-14   1.2066406e+00   1.2066406e+00
   1.5000000e+01   1.4000000e+01   1.1130970e-14   1.2045313e+00   1.2045313e+00
   1.6000000e+01   1.4000000e+01   1.1358523e-14   1.2082813e+00   1.2082813e+00
   1.7000000e+01   1.4000000e+01   1.0919118e-14   1.1389844e+00   1.1389844e+00
   1.8000000e+01   1.4000000e+01   1.1131715e-14   1.2219531e+00   1.2219531e+00
   1.9000000e+01   1.4000000e+01   1.0711311e-14   1.1158594e+00   1.1158594e+00
   2.0000000e+01   1.4000000e+01   1.0642420e-14   1.1064844e+00   1.1064844e+00
   2.1000000e+01   1.4000000e+01   1.0185184e-14   1.1016406e+00   1.1016406e+00
   2.2000000e+01   1.4000000e+01   1.1226467e-14   1.1746875e+00   1.1746875e+00
   2.3000000e+01   1.4000000e+01   1.0862891e-14   1.1789844e+00   1.1789844e+00
   2.4000000e+01   1.4000000e+01   1.1300581e-14   1.1806250e+00   1.1806250e+00
   2.5000000e+01   1.4000000e+01   1.2215792e-14   1.2887500e+00   1.2887500e+00
   2.6000000e+01   1.4000000e+01   1.1729629e-14   1.2973438e+00   1.2973438e+00
   2.7000000e+01   1.4000000e+01   1.1246852e-14   1.2399219e+00   1.2399219e+00
   2.8000000e+01   1.4000000e+01   1.0476430e-14   1.1441406e+00   1.1441406e+00
   2.9000000e+01   1.4000000e+01   1.0687730e-14   1.1367969e+00   1.1367969e+00
   3.0000000e+01   1.4000000e+01   1.0996555e-14   1.1874219e+00   1.1874219e+00
   3.1000000e+01   1.4000000e+01   1.1325491e-14   1.2295313e+00   1.2295313e+00
   3.2000000e+01   1.4000000e+01   1.1392621e-14   1.1765625e+00   1.1765625e+00
   3.3000000e+01   1.4000000e+01   1.1364198e-14   1.2300000e+00   1.2300000e+00
   3.4000000e+01   1.4000000e+01   1.0908226e-14   1.1792969e+00   1.1792969e+00
   3.5000000e+01   1.4000000e+01   1.0140017e-14   1.0938281e+00   1.0938281e+00
   1.0000000e+00   1.5000000e+01   1.0649594e-14   1.1949219e+00   1.1949219e+00
   2.0000000e+00   1.5000000e+01   1.0926997e-14   1.2223438e+00   1.2223438e+00
   3.0000000e+00   1.5000000e+01   1.0620969e-14   1.1212500e+00   1.1212500e+00
   4.0000000e+00   1.5000000e+01   1.0319717e-14   1.1565625e+00   1.1565625e+00
   5.0000000e+00   1.5000000e+01   1.0572867e-14   1.1761719e+00   1.1761719e+00
   6.0000000e+00   1.5000000e+01   1.1333097e-14   1.1845313e+00   1.1845313e+00
   7.0000000e+00   1.5000000e+01   1.1375499e-14   1.1666406e+00   1.1666406e+00
   8.0000000e+00   1.5000000e+01   1.1793959e-14   1.2576563e+00   1.2576563e+00
   9.0000000e+00   1.5000000e+01   1.1843206e-14   1.2967969e+00   1.2967969e+00
   1.0000000e+01   1.5000000e+01   1.1016363e-14   1.2462500e+00   1.2462500e+00
   1.1000000e+01   1.5000000e+01   1.1059459e-14   1.1694531e+00   1.1694531e+00
   1.2000000e+01   1.5000000e+01   1.0769781e-14   1.1913281e+00   1.1913281e+00
   1.3000000e+01   1.5000000e+01   1.1106319e-14   1.1297656e+00   1.1297656e+00
   1.4000000e+01   1.5000000e+01   1.0741605e-14   1.2206250e+00   1.2206250e+00
   1.5000000e+01   1.5000000e+01   1.1140814e-14   1.1965625e+00   1.1965625e+00
   1.6000000e+01   1.5000000e+01   1.1125361e-14   1.2092188e+00   1.2092188e+00
   1.7000000e+01   1.5000000e+01   1.1420264e-14   1.2368750e+00   1.2368750e+00
   1.8000000e+01   1.5000000e+01   1.1072138e-14   1.1992969e+00   1.1992969e+00
   1.9000000e+01   1.5000000e+01   1.0589004e-14   1.1385156e+00   1.1385156e+00
   2.0000000e+01   1.5000000e+01   1.0151595e-14   1.1267969e+00   1.1267969e+00
   2.1000000e+01   1.5000000e+01   1.0217181e-14   1.1014844e+00   1.1014844e+00
   2.2000000e+01   1.5000000e+01   1.0633186e-14   1.1704688e+00   1.1704688e+00
   2.3000000e+01   1.5000000e+01   1.1150750e-14   1.1871094e+00   1.1871094e+00
   2.4000000e+01   1.5000000e+01   1.1358193e-14   1.2439844e+00   1.2439844e+00
   2.5000000e+01   1.5000000e+01   1.1946616e-14   1.3168750e+00   1.3168750e+00
   2.6000000e+01   1.5000000e+01   1.1572732e-14   1.2826563e+00   1.2826563e+00
   2.7000000e+01   1.5000000e+01   1.1438864e-14   1.2472656e+00   1.2472656e+00
   2.8000000e+01   1.5000000e+01   1.0721690e-14   1.1505469e+00   1.1505469e+00
   2.9000000e+01   1.5000000e+01   1.1265185e-14   1.1467969e+00   1.1467969e+00
   3.0000000e+01   1.5000000e+01   1.0961595e-14   1.1517188e+00   1.1517188e+00
   3.1000000e+01   1.5000000e+01   1.0701318e-14   1.1613281e+00   1.1613281e+00
   3.2000000e+01   1.5000000e+01   1.1323431e-14   1.1750000e+00   1.1750000e+00
   3.3000000e+01   1.5000000e+01   1.1622222e-14   1.2564844e+00   1.2564844e+00
   3.4000000e+01   1.5000000e+01   1.1153448e-14   1.2445313e+00   1.2445313e+00
   3.5000000e+01   1.5000000e+01   1.1197352e-14   1.2091406e+00   1.2091406e+00
   1.0000000e+00   1.6000000e+01   1.1542655e-14   1.2476563e+00   1.2476563e+00
   2.0000000e+00   1.6000000e+01   1.1215062e-14   1.2087500e+00   1.2087500e+00
   3.0000000e+00   1.6000000e+01   1.0445628e-14   1.1754688e+00   1.1754688e+00
   4.0000000e+00   1.6000000e+01   1.0045378e-14   1.1060938e+00   1.1060938e+00
   5.0000000e+00   1.6000000e+01   1.0151350e-14   1.1307813e+00   1.1307813e+00
   6.0000000e+00   1.6000000e+01   1.0711364e-14   1.2118750e+00   1.2118750e+00
   7.0000000e+00   1.6000000e+01   1.1225420e-14   1.2025781e+00   1.2025781e+00
   8.0000000e+00   1.6000000e+01   1.1368025e-14   1.2474219e+00   1.2474219e+00
   9.0000000e+00   1.6000000e+01   1.1554792e-14   1.2933594e+00   1.2933594e+00
   1.0000000e+01   1.6000000e+01   1.1737555e-14   1.2989063e+00   1.2989063e+00
   1.1000000e+01   1.6000000e+01   1.2055904e-14   1.2702344e+00   1.2702344e+00
   1.2000000e+01   1.6000000e+01   1.1549251e-14   1.1913281e+00   1.1913281e+00
   1.3000000e+01   1.6000000e+01   1.0047058e-14   1.1264844e+00   1.1264844e+00
   1.4000000e+01   1.6000000e+01   1.0776424e-14   1.0928906e+00   1.0928906e+00
   1.5000000e+01   1.6000000e+01   1.1662228e-14   1.1982031e+00   1.1982031e+00
   1.6000000e+01   1.6000000e+01   1.1571581e-14   1.2424219e+00   1.2424219e+00
   1.7000000e+01   1.6000000e+01   1.1277628e-14   1.2804688e+00   1.2804688e+00
   1.8000000e+01   1.6000000e+01   1.1177392e-14   1.2175781e+00   1.2175781e+00
   1.9000000e+01   1.6000000e+01   1.0791747e-14   1.1908594e+00   1.1908594e+00
   2.0000000e+01   1.6000000e+01   1.0588173e-14   1.1360938e+00   1.1360938e+00
   2.1000000e+01   1.6000000e+01   1.0251100e-14   1.1388281e+00   1.1388281e+00
   2.2000000e+01   1.6000000e+01   1.0505922e-14   1.1703906e+00   1.1703906e+00
   2.3000000e+01   1.6000000e+01   1.0895317e-14   1.1675000e+00   1.1675000e+00
   2.4000000e+01   1.6000000e+01   1.2080840e-14   1.2411719e+00   1.2411719e+00
   2.5000000e+01   1.6000000e+01   1.2058519e-14   1.2679688e+00   1.2679688e+00
   2.6000000e+01   1.6000000e+01   1.1680052e-14   1.2827344e+00   1.2827344e+00
   2.7000000e+01   1.6000000e+01   1.2361507e-14   1.2789063e+00   1.2789063e+00
   2.8000000e+01   1.6000000e+01   1.1504880e-14   1.1873438e+00   1.1873438e+00
   2.9000000e+01   1.6000000e+01   1.0747213e-14   1.1431250e+00   1.1431250e+00
   3.0000000e+01   1.6000000e+01   1.1184815e-14   1.1478125e+00   1.1478125e+00
   3.1000000e+01   1.6000000e+01   1.1008717e-14   1.1923438e+00   1.1923438e+00
   3.2000000e+01   1.6000000e+01   1.1221673e-14   1.2095313e+00   1.2095313e+00
   3.3000000e+01   1.6000000e+01   1.1121564e-14   1.2547656e+00   1.2547656e+00
   3.4000000e+01   1.6000000e+01   1.1543455e-14   1.2372656e+00   1.2372656e+00
   3.5000000e+01   1.6000000e+01   1.0785295e-14   1.1425781e+00   1.1425781e+00
   1.0000000e+00   1.7000000e+01   1.1878930e-14   1.2840625e+00   1.2840625e+00
   2.0000000e+00   1.7000000e+01   1.2173867e-14   1.2736719e+00   1.2736719e+00
   3.0000000e+00   1.7000000e+01   1.1103466e-14   1.2025000e+00   1.2025000e+00
   4.0000000e+00   1.7000000e+01   1.1010128e-14   1.1842188e+00   1.1842188e+00
   5.0000000e+00   1.7000000e+01   1.0980412e-14   1.1780469e+00   1.1780469e+00
   6.0000000e+00   1.7000000e+01   1.1077732e-14   1.1699219e+00   1.1699219e+00
   7.0000000e+00   1.7000000e+01   1.1545583e-14   1.2702344e+00   1.2702344e+00
   8.0000000e+00   1.7000000e+01   1.1706577e-14   1.3201563e+00   1.3201563e+00
   9.0000000e+00   1.7000000e+01   1.2068632e-14   1.3435938e+00   1.3435938e+00
   1.0000000e+01   1.7000000e+01   1.2312689e-14   1.3032031e+00   1.3032031e+00
   1.1000000e+01   1.7000000e+01   1.1390984e-14   1.2948438e+00   1.2948438e+00
   1.2000000e+01   1.7000000e+01   1.1353658e-14   1.2407813e+00   1.2407813e+00
   1.3000000e+01   1.7000000e+01   1.0946706e-14   1.1614844e+00   1.1614844e+00
   1.4000000e+01   1.7000000e+01   1.1659105e-14   1.1921094e+00   1.1921094e+00
   1.5000000e+01   1.7000000e+01   1.1453159e-14   1.2589844e+00   1.2589844e+00
   1.6000000e+01   1.7000000e+01   1.1822012e-14   1.2857813e+00   1.2857813e+00
   1.7000000e+01   1.7000000e+01   1.0993647e-14   1.2767188e+00   1.2767188e+00
   1.8000000e+01   1.7000000e+01   1.1776577e-14   1.2497656e+00   1.2497656e+00
   1.9000000e+01   1.7000000e+01   1.1431667e-14   1.2617969e+00   1.2617969e+00
   2.0000000e+01   1.7000000e+01   1.0585015e-14   1.1846875e+00   1.1846875e+00
   2.1000000e+01   1.7000000e+01   1.0261006e-14   1.1197656e+00   1.1197656e+00
   2.2000000e+01   1.7000000e+01   1.0872747e-14   1.2026563e+00   1.2026563e+00
   2.3000000e+01   1.7000000e+01   1.1463741e-14   1.2632813e+00   1.2632813e+00
   2.4000000e+01   1.7000000e+01   1.1500250e-14   1.2571094e+00   1.2571094e+00
   2.5000000e+01   1.7000000e+01   1.1631171e-14   1.2695313e+00   1.2695313e+00
   2.6000000e+01   1.7000000e+01   1.2259515e-14   1.3000781e+00   1.3000781e+00
   2.7000000e+01   1.7000000e+01   1.1582495e-14   1.2750781e+00   1.2750781e+00
   2.8000000e+01   1.7000000e+01   1.1399605e-14   1.2500781e+00   1.2500781e+00
   2.9000000e+01   1.7000000e+01   1.1221238e-14   1.2111719e+00   1.2111719e+00
   3.0000000e+01   1.7000000e+01   1.1479062e-14   1.2092969e+00   1.2092969e+00
   3.1000000e+01   1.7000000e+01   1.0903995e-14   1.1816406e+00   1.1816406e+00
   3.2000000e+01   1.7000000e+01   1.1495781e-14   1.2132031e+00   1.2132031e+00
   3.3000000e+01   1.7000000e+01   1.1536759e-14   1.2784375e+00   1.2784375e+00
   3.4000000e+01   1.7000000e+01   1.0977713e-14   1.1989844e+00   1.1989844e+00
   3.5000000e+01   1.7000000e+01   1.1257478e-14   1.2420313e+00   1.2420313e+00
   1.0000000e+00   1.8000000e+01   1.1955716e-14   1.2824219e+00   1.2824219e+00
   2.0000000e+00   1.8000000e+01   1.1296959e-14   1.2386719e+00   1.2386719e+00
   3.0000000e+00   1.8000000e+01   1.1281086e-14   1.2592969e+00   1.2592969e+00
   4.0000000e+00   1.8000000e+01   1.0801787e-14   1.2052344e+00   1.2052344e+00
   5.0000000e+00   1.8000000e+01   1.0565965e-14   1.1896094e+00   1.1896094e+00
   6.0000000e+00   1.8000000e+01   1.1380145e-14   1.2215625e+00   1.2215625e+00
   7.0000000e+00   1.8000000e+01   1.2104596e-14   1.3178906e+00   1.3178906e+00
   8.0000000e+00   1.8000000e+01   1.2294102e-14   1.3184375e+00   1.3184375e+00
   9.0000000e+00   1.8000000e+01   1.1837156e-14   1.2877344e+00   1.2877344e+00
   1.0000000e+01   1.8000000e+01   1.1753912e-14   1.3080469e+00   1.3080469e+00
   1.1000000e+01   1.8000000e+01   1.1295134e-14   1.2597656e+00   1.2597656e+00
   1.2000000e+01   1.8000000e+01   1.1148919e-14   1.2216406e+00   1.2216406e+00
   1.3000000e+01   1.8000000e+01   1.0962903e-14   1.1377344e+00   1.1377344e+00
   1.4000000e+01   1.8000000e+01   1.1239814e-14   1.2656250e+00   1.2656250e+00
   1.5000000e+01   1.8000000e+01   1.1801892e-14   1.2225000e+00   1.2225000e+00
   1.6000000e+01   1.8000000e+01   1.2341987e-14   1.2828125e+00   1.2828125e+00
   1.7000000e+01   1.8000000e+01   1.1455955e-14   1.2742969e+00   1.2742969e+00
   1.8000000e+01   1.8000000e+01   1.1410795e-14   1.2171094e+00   1.2171094e+00
   1.9000000e+01   1.8000000e+01   1.1348817e-14   1.2477344e+00   1.2477344e+00
   2.0000000e+01   1.8000000e+01   1.0749699e-14   1.2130469e+00   1.2130469e+00
   2.1000000e+01   1.8000000e+01   1.0813496e-14   1.1710938e+00   1.1710938e+00
   2.2000000e+01   1.8000000e+01   1.0694677e-14   1.1804688e+00   1.1804688e+00
   2.3000000e+01   1.8000000e+01   1.1792966e-14   1.2354688e+00   1.2354688e+00
   2.4000000e+01   1.8000000e+01   1.1667825e-14   1.2994531e+00   1.2994531e+00
   2.5000000e+01   1.8000000e+01   1.1957126e-14   1.3175781e+00   1.3175781e+00
   2.6000000e+01   1.8000000e+01   1.2722935e-14   1.3563281e+00   1.3563281e+00
   2.7000000e+01   1.8000000e+01   1.1971167e-14   1.2781250e+00   1.2781250e+00
   2.8000000e+01   1.8000000e+01   1.1746820e-14   1.2629688e+00   1.2629688e+00
   2.9000000e+01   1.8000000e+01   1.1476579e-14   1.1945313e+00   1.1945313e+00
   3.0000000e+01   1.8000000e+01   1.1041164e-14   1.1671875e+00   1.1671875e+00
   3.1000000e+01   1.8000000e+01   1.1409363e-14   1.2006250e+00   1.2006250e+00
   3.2000000e+01   1.8000000e+01   1.1801635e-14   1.2668750e+00   1.2668750e+00
   3.3000000e+01   1.8000000e+01   1.1578485e-14   1.2632031e+00   1.2632031e+00
   3.4000000e+01   1.8000000e+01   1.1453773e-14   1.2112500e+00   1.2112500e+00
   3.5000000e+01   1.8000000e+01   1.1402397e-14   1.2574219e+00   1.2574219e+00
   1.0000000e+00   1.9000000e+01   1.2416187e-14   1.3400000e+00   1.3400000e+00
   2.0000000e+00   1.9000000e+01   1.2232030e-14   1.3237500e+00   1.3237500e+00
   3.0000000e+00   1.9000000e+01   1.1356086e-14   1.2730469e+00   1.2730469e+00
   4.0000000e+00   1.9000000e+01   1.1099085e-14   1.2411719e+00   1.2411719e+00
   5.0000000e+00   1.9000000e+01   1.1578512e-14   1.2550000e+00   1.2550000e+00
   6.0000000e+00   1.9000000e+01   1.1617179e-14   1.2543750e+00   1.2543750e+00
   7.0000000e+00   1.9000000e+01   1.2003379e-14   1.2763281e+00   1.2763281e+00
   8.0000000e+00   1.9000000e+01   1.2155835e-14   1.3207031e+00   1.3207031e+00
   9.0000000e+00   1.9000000e+01   1.2715809e-14   1.3885156e+00   1.3885156e+00
   1.0000000e+01   1.9000000e+01   1.2181271e-14   1.3435156e+00   1.3435156e+00
   1.1000000e+01   1.9000000e+01   1.2209455e-14   1.3254688e+00   1.3254688e+00
   1.2000000e+01   1.9000000e+01   1.0922125e-14   1.2088281e+00   1.2088281e+00
   1.3000000e+01   1.9000000e+01   1.1188584e-14   1.1900781e+00   1.1900781e+00
   1.4000000e+01   1.9000000e+01   1.1696286e-14   1.2660156e+00   1.2660156e+00
   1.5000000e+01   1.9000000e+01   1.1704168e-14   1.2461719e+00   1.2461719e+00
   1.6000000e+01   1.9000000e+01   1.1830306e-14   1.3421875e+00   1.3421875e+00
   1.7000000e+01   1.9000000e+01   1.2120839e-14   1.3047656e+00   1.3047656e+00
   1.8000000e+01   1.9000000e+01   1.2443632e-14   1.3451563e+00   1.3451563e+00
   1.9000000e+01   1.9000000e+01   1.1608503e-14   1.2917969e+00   1.2917969e+00
   2.0000000e+01   1.9000000e+01   1.1170157e-14   1.2439844e+00   1.2439844e+00
   2.1000000e+01   1.9000000e+01   1.1063882e-14   1.1745313e+00   1.1745313e+00
   2.2000000e+01   1.9000000e+01   1.1709039e-14   1.2351563e+00   1.2351563e+00
   2.3000000e+01   1.9000000e+01   1.0965813e-14   1.2289063e+00   1.2289063e+00
   2.4000000e+01   1.9000000e+01   1.1639950e-14   1.2555469e+00   1.2555469e+00
   2.5000000e+01   1.9000000e+01   1.2355268e-14   1.3466406e+00   1.3466406e+00
   2.6000000e+01   1.9000000e+01   1.2019450e-14   1.3565625e+00   1.3565625e+00
   2.7000000e+01   1.9000000e+01   1.2987750e-14   1.3355469e+00   1.3355469e+00
   2.8000000e+01   1.9000000e+01   1.1236215e-14   1.2691406e+00   1.2691406e+00
   2.9000000e+01   1.9000000e+01   1.0820012e-14   1.1762500e+00   1.1762500e+00
   3.0000000e+01   1.9000000e+01   1.1511042e-14   1.2152344e+00   1.2152344e+00
   3.1000000e+01   1.9000000e+01   1.0652537e-14   1.1935938e+00   1.1935938e+00
   3.2000000e+01   1.9000000e+01   1.2058682e-14   1.2803906e+00   1.2803906e+00
   3.3000000e+01   1.9000000e+01   1.1916016e-14   1.2549219e+00   1.2549219e+00
   3.4000000e+01   1.9000000e+01   1.2188528e-14   1.3190625e+00   1.3190625e+00
   3.5000000e+01   1.9000000e+01   1.1704001e-14   1.2907813e+00   1.2907813e+00
   1.0000000e+00   2.0000000e+01   1.2337721e-14   1.3321875e+00   1.3321875e+00
   2.0000000e+00   2.0000000e+01   1.2664210e-14   1.3934375e+00   1.3934375e+00
   3.0000000e+00   2.0000000e+01   1.1618745e-14   1.2902344e+00   1.2902344e+00
   4.0000000e+00   2.0000000e+01   1.1964578e-14   1.2332813e+00   1.2332813e+00
   5.0000000e+00   2.0000000e+01   1.1827016e-14   1.2814063e+00   1.2814063e+00
   6.0000000e+00   2.0000000e+01   1.1653185e-14   1.2439844e+00   1.2439844e+00
   7.0000000e+00   2.0000000e+01   1.1749906e-14   1.2964063e+00   1.2964063e+00
   8.0000000e+00   2.0000000e+01   1.2461312e-14   1.3634375e+00   1.3634375e+00
   9.0000000e+00   2.0000000e+01   1.2932169e-14   1.4059375e+00   1.4059375e+00
   1.0000000e+01   2.0000000e+01   1.2420026e-14   1.3443750e+00   1.3443750e+00
   1.1000000e+01   2.0000000e+01   1.2176342e-14   1.3505469e+00   1.3505469e+00
   1.2000000e+01   2.0000000e+01   1.1262635e-14   1.2902344e+00   1.2902344e+00
   1.3000000e+01   2.0000000e+01   1.1363542e-14   1.2725781e+00   1.2725781e+00
   1.4000000e+01   2.0000000e+01   1.1613711e-14   1.2869531e+00   1.2869531e+00
   1.5000000e+01   2.0000000e+01   1.1785517e-14   1.2676563e+00   1.2676563e+00
   1.6000000e+01   2.0000000e+01   1.2629437e-14   1.3549219e+00   1.3549219e+00
   1.7000000e+01   2.0000000e+01   1.2368113e-14   1.3748438e+00   1.3748438e+00
   1.8000000e+01   2.0000000e+01   1.1998278e-14   1.3485938e+00   1.3485938e+00
   1.9000000e+01   2.0000000e+01   1.1904863e-14   1.2785938e+00   1.2785938e+00
   2.0000000e+01   2.0000000e+01   1.1992514e-14   1.2648438e+00   1.2648438e+00
   2.1000000e+01   2.0000000e+01   1.1589850e-14   1.2546875e+00   1.2546875e+00
   2.2000000e+01   2.0000000e+01   1.1551977e-14   1.2726563e+00   1.2726563e+00
   2.3000000e+01   2.0000000e+01   1.1738651e-14   1.2617188e+00   1.2617188e+00
   2.4000000e+01   2.0000000e+01   1.2291658e-14   1.3328906e+00   1.3328906e+00
   2.5000000e+01   2.0000000e+01   1.2651531e-14   1.3697656e+00   1.3697656e+00
   2.6000000e+01   2.0000000e+01   1.2702898e-14   1.3766406e+00   1.3766406e+00
   2.7000000e+01   2.0000000e+01   1.2407487e-14   1.3263281e+00   1.3263281e+00
   2.8000000e+01   2.0000000e+01   1.2312142e-14   1.3160156e+00   1.3160156e+00
   2.9000000e+01   2.0000000e+01   1.1153111e-14   1.2935156e+00   1.2935156e+00
   3.0000000e+01   2.0000000e+01   1.1396469e-14   1.2267969e+00   1.2267969e+00
   3.1000000e+01   2.0000000e+01   1.1788699e-14   1.2453906e+00   1.2453906e+00
   3.2000000e+01   2.0000000e+01   1.1808403e-14   1.3038281e+00   1.3038281e+00
   3.3000000e+01   2.0000000e+01   1.1822840e-14   1.3201563e+00   1.3201563e+00
   3.4000000e+01   2.0000000e+01   1.2711755e-14   1.3687500e+00   1.3687500e+00
   3.5000000e+01   2.0000000e+01   1.2267207e-14   1.3320313e+00   1.3320313e+00
   1.0000000e+00   2.1000000e+01   1.2859595e-14   1.4051563e+00   1.4051563e+00
   2.0000000e+00   2.1000000e+01   1.2693490e-14   1.3775000e+00   1.3775000e+00
   3.0000000e+00   2.1000000e+01   1.2224014e-14   1.3381250e+00   1.3381250e+00
   4.0000000e+00   2.1000000e+01   1.1477130e-14   1.2278906e+00   1.2278906e+00
   5.0000000e+00   2.1000000e+01   1.1709786e-14   1.2817188e+00   1.2817188e+00
   6.0000000e+00   2.1000000e+01   1.1858294e-14   1.2997656e+00   1.2997656e+00
   7.0000000e+00   2.1000000e+01   1.2071036e-14   1.3358594e+00   1.3358594e+00
   8.0000000e+00   2.1000000e+01   1.2499392e-14   1.3771094e+00   1.3771094e+00
   9.0000000e+00   2.1000000e+01   1.3046316e-14   1.4267969e+00   1.4267969e+00
   1.0000000e+01   2.1000000e+01   1.2769835e-14   1.4054688e+00   1.4054688e+00
   1.1000000e+01   2.1000000e+01   1.2979405e-14   1.4000000e+00   1.4000000e+00
   1.2000000e+01   2.1000000e+01   1.1935652e-14   1.3082031e+00   1.3082031e+00
   1.3000000e+01   2.1000000e+01   1.1853476e-14   1.2909375e+00   1.2909375e+00
   1.4000000e+01   2.1000000e+01   1.2417171e-14   1.3044531e+00   1.3044531e+00
   1.5000000e+01   2.1000000e+01   1.2391382e-14   1.3515625e+00   1.3515625e+00
   1.6000000e+01   2.1000000e+01   1.2731506e-14   1.3669531e+00   1.3669531e+00
   1.7000000e+01   2.1000000e+01   1.2586453e-14   1.3439844e+00   1.3439844e+00
   1.8000000e+01   2.1000000e+01   1.2805192e-14   1.3862500e+00   1.3862500e+00
   1.9000000e+01   2.1000000e+01   1.2529431e-14   1.3483594e+00   1.3483594e+00
   2.0000000e+01   2.1000000e+01   1.1398054e-14   1.2975000e+00   1.2975000e+00
   2.1000000e+01   2.1000000e+01   1.1792665e-14   1.2371875e+00   1.2371875e+00
   2.2000000e+01   2.1000000e+01   1.1621768e-14   1.2783594e+00   1.2783594e+00
   2.3000000e+01   2.1000000e+01   1.2089833e-14   1.2650000e+00   1.2650000e+00
   2.4000000e+01   2.1000000e+01   1.2583567e-14   1.3303125e+00   1.3303125e+00
   2.5000000e+01   2.1000000e+01   1.2746894e-14   1.4040625e+00   1.4040625e+00
   2.6000000e+01   2.1000000e+01   1.3043736e-14   1.4200000e+00   1.4200000e+00
   2.7000000e+01   2.1000000e+01   1.3339436e-14   1.4334375e+00   1.4334375e+00
   2.8000000e+01   2.1000000e+01   1.2429865e-14   1.3503125e+00   1.3503125e+00
   2.9000000e+01   2.1000000e+01   1.2129979e-14   1.3202344e+00   1.3202344e+00
   3.0000000e+01   2.1000000e+01   1.1528199e-14   1.2275000e+00   1.2275000e+00
   3.1000000e+01   2.1000000e+01   1.1864940e-14   1.3056250e+00   1.3056250e+00
   3.2000000e+01   2.1000000e+01   1.1785743e-14   1.3225781e+00   1.3225781e+00
   3.3000000e+01   2.1000000e+01   1.2163419e-14   1.3175781e+00   1.3175781e+00
   3.4000000e+01   2.1000000e+01   1.2804115e-14   1.3684375e+00   1.3684375e+00
   3.5000000e+01   2.1000000e+01   1.2350862e-14   1.3427344e+00   1.3427344e+00
   1.0000000e+00   2.2000000e+01   1.2709132e-14   1.3822656e+00   1.3822656e+00
   2.0000000e+00   2.2000000e+01   1.2988572e-14   1.3819531e+00   1.3819531e+00
   3.0000000e+00   2.2000000e+01   1.1862417e-14   1.3109375e+00   1.3109375e+00
   4.0000000e+00   2.2000000e+01   1.1605965e-14   1.2479688e+00   1.2479688e+00
   5.0000000e+00   2.2000000e+01   1.1652911e-14   1.2714844e+00   1.2714844e+00
   6.0000000e+00   2.2000000e+01   1.2260626e-14   1.3206250e+00   1.3206250e+00
   7.0000000e+00   2.2000000e+01   1.2280930e-14   1.3256250e+00   1.3256250e+00
   8.0000000e+00   2.2000000e+01   1.2329135e-14   1.3737500e+00   1.3737500e+00
   9.0000000e+00   2.2000000e+01   1.3143647e-14   1.4517188e+00   1.4517188e+00
   1.0000000e+01   2.2000000e+01   1.3141908e-14   1.4448438e+00   1.4448438e+00
   1.1000000e+01   2.2000000e+01   1.2737226e-14   1.3997656e+00   1.3997656e+00
   1.2000000e+01   2.2000000e+01   1.2302047e-14   1.3272656e+00   1.3272656e+00
   1.3000000e+01   2.2000000e+01   1.2404092e-14   1.3231250e+00   1.3231250e+00
   1.4000000e+01   2.2000000e+01   1.1577050e-14   1.2472656e+00   1.2472656e+00
   1.5000000e+01   2.2000000e+01   1.1801781e-14   1.3356250e+00   1.3356250e+00
   1.6000000e+01   2.2000000e+01   1.3323821e-14   1.3996094e+00   1.3996094e+00
   1.7000000e+01   2.2000000e+01   1.2544947e-14   1.3174219e+00   1.3174219e+00
   1.8000000e+01   2.2000000e+01   1.2806769e-14   1.4164063e+00   1.4164063e+00
   1.9000000e+01   2.2000000e+01   1.2240228e-14   1.3250000e+00   1.3250000e+00
   2.0000000e+01   2.2000000e+01   1.2198976e-14   1.2599219e+00   1.2599219e+00
   2.1000000e+01   2.2000000e+01   1.1129149e-14   1.2152344e+00   1.2152344e+00
   2.2000000e+01   2.2000000e+01   1.1714812e-14   1.2685156e+00   1.2685156e+00
   2.3000000e+01   2.2000000e+01   1.1684185e-14   1.2940625e+00   1.2940625e+00
   2.4000000e+01   2.2000000e+01   1.2320368e-14   1.3855469e+00   1.3855469e+00
   2.5000000e+01   2.2000000e+01   1.3046024e-14   1.4082813e+00   1.4082813e+00
   2.6000000e+01   2.2000000e+01   1.3005440e-14   1.4300000e+00   1.4300000e+00
   2.7000000e+01   2.2000000e+01   1.2630170e-14   1.4381250e+00   1.4381250e+00
   2.8000000e+01   2.2000000e+01   1.1878279e-14   1.3419531e+00   1.3419531e+00
   2.9000000e+01   2.2000000e+01   1.1828172e-14   1.2952344e+00   1.2952344e+00
   3.0000000e+01   2.2000000e+01   1.1373626e-14   1.2387500e+00   1.2387500e+00
   3.1000000e+01   2.2000000e+01   1.1185293e-14   1.2717188e+00   1.2717188e+00
   3.2000000e+01   2.2000000e+01   1.2736933e-14   1.3822656e+00   1.3822656e+00
   3.3000000e+01   2.2000000e+01   1.2805689e-14   1.3442188e+00   1.3442188e+00
   3.4000000e+01   2.2000000e+01   1.3317964e-14   1.3780469e+00   1.3780469e+00
   3.5000000e+01   2.2000000e+01   1.3122741e-14   1.3980469e+00   1.3980469e+00
   1.0000000e+00   2.3000000e+01   1.2920130e-14   1.4181250e+00   1.4181250e+00
   2.0000000e+00   2.3000000e+01   1.2735865e-14   1.3469531e+00   1.3469531e+00
   3.0000000e+00   2.3000000e+01   1.2526047e-14   1.3253906e+00   1.3253906e+00
   4.0000000e+00   2.3000000e+01   1.1694982e-14   1.3010156e+00   1.3010156e+00
   5.0000000e+00   2.3000000e+01   1.1697875e-14   1.3032031e+00   1.3032031e+00
   6.0000000e+00   2.3000000e+01   1.2154533e-14   1.3322656e+00   1.3322656e+00
   7.0000000e+00   2.3000000e+01   1.2637718e-14   1.3457813e+00   1.3457813e+00
   8.0000000e+00   2.3000000e+01   1.2673044e-14   1.3621875e+00   1.3621875e+00
   9.0000000e+00   2.3000000e+01   1.2657718e-14   1.4536719e+00   1.4536719e+00
   1.0000000e+01   2.3000000e+01   1.3323503e-14   1.3881250e+00   1.3881250e+00
   1.1000000e+01   2.3000000e+01   1.3105439e-14   1.4164844e+00   1.4164844e+00
   1.2000000e+01   2.3000000e+01   1.2294879e-14   1.3108594e+00   1.3108594e+00
   1.3000000e+01   2.3000000e+01   1.2392740e-14   1.3427344e+00   1.3427344e+00
   1.4000000e+01   2.3000000e+01   1.2398300e-14   1.3531250e+00   1.3531250e+00
   1.5000000e+01   2.3000000e+01   1.1699434e-14   1.3185156e+00   1.3185156e+00
   1.6000000e+01   2.3000000e+01   1.3078426e-14   1.4144531e+00   1.4144531e+00
   1.7000000e+01   2.3000000e+01   1.2788672e-14   1.3861719e+00   1.3861719e+00
   1.8000000e+01   2.3000000e+01   1.2430976e-14   1.3762500e+00   1.3762500e+00
   1.9000000e+01   2.3000000e+01   1.2736409e-14   1.3477344e+00   1.3477344e+00
   2.0000000e+01   2.3000000e+01   1.2317080e-14   1.3355469e+00   1.3355469e+00
   2.1000000e+01   2.3000000e+01   1.1278106e-14   1.2542188e+00   1.2542188e+00
   2.2000000e+01   2.3000000e+01   1.2226901e-14   1.2817969e+00   1.2817969e+00
   2.3000000e+01   2.3000000e+01   1.2165711e-14   1.2970313e+00   1.2970313e+00
   2.4000000e+01   2.3000000e+01   1.2394453e-14   1.3167969e+00   1.3167969e+00
   2.5000000e+01   2.3000000e+01   1.3282143e-14   1.4033594e+00   1.4033594e+00
   2.6000000e+01   2.3000000e+01   1.3342028e-14   1.4453125e+00   1.4453125e+00
   2.7000000e+01   2.3000000e+01   1.3637079e-14   1.4314063e+00   1.4314063e+00
   2.8000000e+01   2.3000000e+01   1.2657099e-14   1.3335156e+00   1.3335156e+00
   2.9000000e+01   2.3000000e+01   1.1836329e-14   1.2863281e+00   1.2863281e+00
   3.0000000e+01   2.3000000e+01   1.2021052e-14   1.3077344e+00   1.3077344e+00
   3.1000000e+01   2.3000000e+01   1.1766838e-14   1.3153906e+00   1.3153906e+00
   3.2000000e+01   2.3000000e+01   1.2138161e-14   1.3455469e+00   1.3455469e+00
   3.3000000e+01   2.3000000e+01   1.2478483e-14   1.4051563e+00   1.4051563e+00
   3.4000000e+01   2.3000000e+01   1.2736969e-14   1.4012500e+00   1.4012500e+00
   3.5000000e+01   2.3000000e+01   1.2927557e-14   1.4136719e+00   1.4136719e+00
   1.0000000e+00   2.4000000e+01   1.2708690e-14   1.3715625e+00   1.3715625e+00
   2.0000000e+00   2.4000000e+01   1.2351447e-14   1.3400000e+00   1.3400000e+00
   3.0000000e+00   2.4000000e+01   1.2185453e-14   1.3131250e+00   1.3131250e+00
   4.0000000e+00   2.4000000e+01   1.1766754e-14   1.2435938e+00   1.2435938e+00
   5.0000000e+00   2.4000000e+01   1.1461099e-14   1.2614844e+00   1.2614844e+00
   6.0000000e+00   2.4000000e+01   1.1759347e-14   1.2882031e+00   1.2882031e+00
   7.0000000e+00   2.4000000e+01   1.1762371e-14   1.2842188e+00   1.2842188e+00
   8.0000000e+00   2.4000000e+01   1.2499555e-14   1.3611719e+00   1.3611719e+00
   9.0000000e+00   2.4000000e+01   1.3315773e-14   1.3808594e+00   1.3808594e+00
   1.0000000e+01   2.4000000e+01   1.3304801e-14   1.4559375e+00   1.4559375e+00
   1.1000000e+01   2.4000000e+01   1.3172510e-14   1.3649219e+00   1.3649219e+00
   1.2000000e+01   2.4000000e+01   1.1921625e-14   1.3500781e+00   1.3500781e+00
   1.3000000e+01   2.4000000e+01   1.1752623e-14   1.2668750e+00   1.2668750e+00
   1.4000000e+01   2.4000000e+01   1.1822259e-14   1.2985156e+00   1.2985156e+00
   1.5000000e+01   2.4000000e+01   1.2002697e-14   1.3329688e+00   1.3329688e+00
   1.6000000e+01   2.4000000e+01   1.2394904e-14   1.3507031e+00   1.3507031e+00
   1.7000000e+01   2.4000000e+01   1.2448880e-14   1.3621875e+00   1.3621875e+00
   1.8000000e+01   2.4000000e+01   1.3204721e-14   1.4180469e+00   1.4180469e+00
   1.9000000e+01   2.4000000e+01   1.2993887e-14   1.3941406e+00   1.3941406e+00
   2.0000000e+01   2.4000000e+01   1.1858176e-14   1.3110938e+00   1.3110938e+00
   2.1000000e+01   2.4000000e+01   1.1741908e-14   1.2397656e+00   1.2397656e+00
   2.2000000e+01   2.4000000e+01   1.2654932e-14   1.2811719e+00   1.2811719e+00
   2.3000000e+01   2.4000000e+01   1.2179931e-14   1.2614063e+00   1.2614063e+00
   2.4000000e+01   2.4000000e+01   1.2928078e-14   1.3550781e+00   1.3550781e+00
   2.5000000e+01   2.4000000e+01   1.2309698e-14   1.3105469e+00   1.3105469e+00
   2.6000000e+01   2.4000000e+01   1.3401760e-14   1.4225000e+00   1.4225000e+00
   2.7000000e+01   2.4000000e+01   1.3333701e-14   1.4344531e+00   1.4344531e+00
   2.8000000e+01   2.4000000e+01   1.2677846e-14   1.3499219e+00   1.3499219e+00
   2.9000000e+01   2.4000000e+01   1.2294673e-14   1.3267188e+00   1.3267188e+00
   3.0000000e+01   2.4000000e+01   1.1613061e-14   1.2387500e+00   1.2387500e+00
   3.1000000e+01   2.4000000e+01   1.1839227e-14   1.2910938e+00   1.2910938e+00
   3.2000000e+01   2.4000000e+01   1.2424856e-14   1.3704688e+00   1.3704688e+00
   3.3000000e+01   2.4000000e+01   1.2938768e-14   1.3964063e+00   1.3964063e+00
   3.4000000e+01   2.4000000e+01   1.2725520e-14   1.3778125e+00   1.3778125e+00
   3.5000000e+01   2.4000000e+01   1.2660521e-14   1.3777344e+00   1.3777344e+00
   1.0000000e+00   2.5000000e+01   1.2401248e-14   1.3685938e+00   1.3685938e+00
   2.0000000e+00   2.5000000e+01   1.2380417e-14   1.3525000e+00   1.3525000e+00
   3.0000000e+00   2.5000000e+01   1.1879661e-14   1.3425000e+00   1.3425000e+00
   4.0000000e+00   2.5000000e+01   1.1975767e-14   1.2639844e+00   1.2639844e+00
   5.0000000e+00   2.5000000e+01   1.1305239e-14   1.2667969e+00   1.2667969e+00
   6.0000000e+00   2.5000000e+01   1.2562708e-14   1.2993750e+00   1.2993750e+00
   7.0000000e+00   2.5000000e+01   1.2073725e-14   1.2616406e+00   1.2616406e+00
   8.0000000e+00   2.5000000e+01   1.2969020e-14   1.3834375e+00   1.3834375e+00
   9.0000000e+00   2.5000000e+01   1.2558034e-14   1.4216406e+00   1.4216406e+00
   1.0000000e+01   2.5000000e+01   1.3117994e-14   1.3784375e+00   1.3784375e+00
   1.1000000e+01   2.5000000e+01   1.3006720e-14   1.4000781e+00   1.4000781e+00
   1.2000000e+01   2.5000000e+01   1.1898116e-14   1.3045313e+00   1.3045313e+00
   1.3000000e+01   2.5000000e+01   1.1477611e-14   1.2346094e+00   1.2346094e+00
   1.4000000e+01   2.5000000e+01   1.1529068e-14   1.2667969e+00   1.2667969e+00
   1.5000000e+01   2.5000000e+01   1.1467153e-14   1.2997656e+00   1.2997656e+00
   1.6000000e+01   2.5000000e+01   1.1664646e-14   1.3337500e+00   1.3337500e+00
   1.7000000e+01   2.5000000e+01   1.2203044e-14   1.3279688e+00   1.3279688e+00
   1.8000000e+01   2.5000000e+01   1.2667623e-14   1.3542188e+00   1.3542188e+00
   1.9000000e+01   2.5000000e+01   1.2141014e-14   1.3582031e+00   1.3582031e+00
   2.0000000e+01   2.5000000e+01   1.1666161e-14   1.2764844e+00   1.2764844e+00
   2.1000000e+01   2.5000000e+01   1.1436190e-14   1.2673438e+00   1.2673438e+00
   2.2000000e+01   2.5000000e+01   1.1678149e-14   1.2055469e+00   1.2055469e+00
   2.3000000e+01   2.5000000e+01   1.2137594e-14   1.3233594e+00   1.3233594e+00
   2.4000000e+01   2.5000000e+01   1.2697135e-14   1.3479688e+00   1.3479688e+00
   2.5000000e+01   2.5000000e+01   1.2740776e-14   1.3202344e+00   1.3202344e+00
   2.6000000e+01   2.5000000e+01   1.3341268e-14   1.4473438e+00   1.4473438e+00
   2.7000000e+01   2.5000000e+01   1.2989603e-14   1.3860156e+00   1.3860156e+00
   2.8000000e+01   2.5000000e+01   1.3106923e-14   1.4091406e+00   1.4091406e+00
   2.9000000e+01   2.5000000e+01   1.2196403e-14   1.2928125e+00   1.2928125e+00
   3.0000000e+01   2.5000000e+01   1.1298181e-14   1.2626563e+00   1.2626563e+00
   3.1000000e+01   2.5000000e+01   1.2141971e-14   1.3330469e+00   1.3330469e+00
   3.2000000e+01   2.5000000e+01   1.1775339e-14   1.3027344e+00   1.3027344e+00
   3.3000000e+01   2.5000000e+01   1.2186530e-14   1.3434375e+00   1.3434375e+00
   3.4000000e+01   2.5000000e+01   1.3015833e-14   1.3717969e+00   1.3717969e+00
   3.5000000e+01   2.5000000e+01   1.3095839e-14   1.3855469e+00   1.3855469e+00
   1.0000000e+00   2.6000000e+01   1.2683067e-14   1.3730469e+00   1.3730469e+00
   2.0000000e+00   2.6000000e+01   1.1927499e-14   1.3074219e+00   1.3074219e+00
   3.0000000e+00   2.6000000e+01   1.1599432e-14   1.2441406e+00   1.2441406e+00
   4.0000000e+00   2.6000000e+01   1.1205589e-14   1.2038281e+00   1.2038281e+00
   5.0000000e+00   2.6000000e+01   1.1843424e-14   1.2250781e+00   1.2250781e+00
   6.0000000e+00   2.6000000e+01   1.1500091e-14   1.2315625e+00   1.2315625e+00
   7.0000000e+00   2.6000000e+01   1.1411330e-14   1.2665625e+00   1.2665625e+00
   8.0000000e+00   2.6000000e+01   1.2419041e-14   1.3100000e+00   1.3100000e+00
   9.0000000e+00   2.6000000e+01   1.2746344e-14   1.3656250e+00   1.3656250e+00
   1.0000000e+01   2.6000000e+01   1.3005998e-14   1.4085938e+00   1.4085938e+00
   1.1000000e+01   2.6000000e+01   1.2538237e-14   1.3204688e+00   1.3204688e+00
   1.2000000e+01   2.6000000e+01   1.1545444e-14   1.2560938e+00   1.2560938e+00
   1.3000000e+01   2.6000000e+01   1.1149433e-14   1.1887500e+00   1.1887500e+00
   1.4000000e+01   2.6000000e+01   1.0944721e-14   1.2149219e+00   1.2149219e+00
   1.5000000e+01   2.6000000e+01   1.1441426e-14   1.2576563e+00   1.2576563e+00
   1.6000000e+01   2.6000000e+01   1.2138605e-14   1.3413281e+00   1.3413281e+00
   1.7000000e+01   2.6000000e+01   1.1543097e-14   1.2710938e+00   1.2710938e+00
   1.8000000e+01   2.6000000e+01   1.2812977e-14   1.3969531e+00   1.3969531e+00
   1.9000000e+01   2.6000000e+01   1.2400459e-14   1.3392188e+00   1.3392188e+00
   2.0000000e+01   2.6000000e+01   1.2306233e-14   1.3100781e+00   1.3100781e+00
   2.1000000e+01   2.6000000e+01   1.1264759e-14   1.2675000e+00   1.2675000e+00
   2.2000000e+01   2.6000000e+01   1.1055852e-14   1.1767188e+00   1.1767188e+00
   2.3000000e+01   2.6000000e+01   1.1635180e-14   1.2664844e+00   1.2664844e+00
   2.4000000e+01   2.6000000e+01   1.2067281e-14   1.3264844e+00   1.3264844e+00
   2.5000000e+01   2.6000000e+01   1.2522248e-14   1.3287500e+00   1.3287500e+00
   2.6000000e+01   2.6000000e+01   1.2506823e-14   1.3596875e+00   1.3596875e+00
   2.7000000e+01   2.6000000e+01   1.2943074e-14   1.4067188e+00   1.4067188e+00
   2.8000000e+01   2.6000000e+01   1.2644141e-14   1.3666406e+00   1.3666406e+00
   2.9000000e+01   2.6000000e+01   1.2312100e-14   1.3046094e+00   1.3046094e+00
   3.0000000e+01   2.6000000e+01   1.1250222e-14   1.2007813e+00   1.2007813e+00
   3.1000000e+01   2.6000000e+01   1.1839306e-14   1.2735156e+00   1.2735156e+00
   3.2000000e+01   2.6000000e+01   1.2348225e-14   1.3407031e+00   1.3407031e+00
   3.3000000e+01   2.6000000e+01   1.2666008e-14   1.3385938e+00   1.3385938e+00
   3.4000000e+01   2.6000000e+01   1.2576484e-14   1.3878906e+00   1.3878906e+00
   3.5000000e+01   2.6000000e+01   1.2984427e-14   1.3934375e+00   1.3934375e+00
   1.0000000e+00   2.7000000e+01   1.1491914e-14   1.2778125e+00   1.2778125e+00
   2.0000000e+00   2.7000000e+01   1.1885485e-14   1.2437500e+00   1.2437500e+00
   3.0000000e+00   2.7000000e+01   1.1533310e-14   1.2203125e+00   1.2203125e+00
   4.0000000e+00   2.7000000e+01   1.0850056e-14   1.1511719e+00   1.1511719e+00
   5.0000000e+00   2.7000000e+01   1.0594991e-14   1.1138281e+00   1.1138281e+00
   6.0000000e+00   2.7000000e+01   1.0707370e-14   1.1632813e+00   1.1632813e+00
   7.0000000e+00   2.7000000e+01   1.0370577e-14   1.1362500e+00   1.1362500e+00
   8.0000000e+00   2.7000000e+01   1.1584373e-14   1.2871094e+00   1.2871094e+00
   9.0000000e+00   2.7000000e+01   1.2306501e-14   1.3342969e+00   1.3342969e+00
   1.0000000e+01   2.7000000e+01   1.2493879e-14   1.3186719e+00   1.3186719e+00
   1.1000000e+01   2.7000000e+01   1.1704032e-14   1.2635938e+00   1.2635938e+00
   1.2000000e+01   2.7000000e+01   1.1873503e-14   1.2653125e+00   1.2653125e+00
   1.3000000e+01   2.7000000e+01   1.1254756e-14   1.1983594e+00   1.1983594e+00
   1.4000000e+01   2.7000000e+01   1.0722051e-14   1.1603125e+00   1.1603125e+00
   1.5000000e+01   2.7000000e+01   1.1339254e-14   1.2211719e+00   1.2211719e+00
   1.6000000e+01   2.7000000e+01   1.1331179e-14   1.2112500e+00   1.2112500e+00
   1.7000000e+01   2.7000000e+01   1.1409018e-14   1.2563281e+00   1.2563281e+00
   1.8000000e+01   2.7000000e+01   1.1616617e-14   1.3275000e+00   1.3275000e+00
   1.9000000e+01   2.7000000e+01   1.1898091e-14   1.3124219e+00   1.3124219e+00
   2.0000000e+01   2.7000000e+01   1.1011324e-14   1.1804688e+00   1.1804688e+00
   2.1000000e+01   2.7000000e+01   1.1061964e-14   1.1557031e+00   1.1557031e+00
   2.2000000e+01   2.7000000e+01   1.0936525e-14   1.2015625e+00   1.2015625e+00
   2.3000000e+01   2.7000000e+01   1.1135919e-14   1.2212500e+00   1.2212500e+00
   2.4000000e+01   2.7000000e+01   1.2335894e-14   1.2901563e+00   1.2901563e+00
   2.5000000e+01   2.7000000e+01   1.1972546e-14   1.2712500e+00   1.2712500e+00
   2.6000000e+01   2.7000000e+01   1.2430250e-14   1.3171094e+00   1.3171094e+00
   2.7000000e+01   2.7000000e+01   1.2209779e-14   1.3160156e+00   1.3160156e+00
   2.8000000e+01   2.7000000e+01   1.2186609e-14   1.3278125e+00   1.3278125e+00
   2.9000000e+01   2.7000000e+01   1.1467176e-14   1.2727344e+00   1.2727344e+00
   3.0000000e+01   2.7000000e+01   1.1279041e-14   1.2292969e+00   1.2292969e+00
   3.1000000e+01   2.7000000e+01   1.1168488e-14   1.2322656e+00   1.2322656e+00
   3.2000000e+01   2.7000000e+01   1.1664016e-14   1.2797656e+00   1.2797656e+00
   3.3000000e+01   2.7000000e+01   1.1608359e-14   1.2591406e+00   1.2591406e+00
   3.4000000e+01   2.7000000e+01   1.2506577e-14   1.3801563e+00   1.3801563e+00
   3.5000000e+01   2.7000000e+01   1.2872110e-14   1.3968750e+00   1.3968750e+00
   1.0000000e+00   2.8000000e+01   1.1408252e-14   1.2488281e+00   1.2488281e+00
   2.0000000e+00   2.8000000e+01   1.1497800e-14   1.2396094e+00   1.2396094e+00
   3.0000000e+00   2.8000000e+01   1.0485046e-14   1.1845313e+00   1.1845313e+00
   4.0000000e+00   2.8000000e+01   1.0678416e-14   1.1665625e+00   1.1665625e+00
   5.0000000e+00   2.8000000e+01   1.0854543e-14   1.1503125e+00   1.1503125e+00
   6.0000000e+00   2.8000000e+01   1.0827504e-14   1.2042969e+00   1.2042969e+00
   7.0000000e+00   2.8000000e+01   1.0624178e-14   1.1528906e+00   1.1528906e+00
   8.0000000e+00   2.8000000e+01   1.1654053e-14   1.2426563e+00   1.2426563e+00
   9.0000000e+00   2.8000000e+01   1.1815715e-14   1.2757031e+00   1.2757031e+00
   1.0000000e+01   2.8000000e+01   1.2165786e-14   1.3089844e+00   1.3089844e+00
   1.1000000e+01   2.8000000e+01   1.2295363e-14   1.3088281e+00   1.3088281e+00
   1.2000000e+01   2.8000000e+01   1.1278870e-14   1.2475781e+00   1.2475781e+00
   1.3000000e+01   2.8000000e+01   1.1195360e-14   1.1874219e+00   1.1874219e+00
   1.4000000e+01   2.8000000e+01   1.1477416e-14   1.2033594e+00   1.2033594e+00
   1.5000000e+01   2.8000000e+01   1.2013614e-14   1.2246094e+00   1.2246094e+00
   1.6000000e+01   2.8000000e+01   1.1904827e-14   1.2799219e+00   1.2799219e+00
   1.7000000e+01   2.8000000e+01   1.1269846e-14   1.2817188e+00   1.2817188e+00
   1.8000000e+01   2.8000000e+01   1.1730247e-14   1.2703125e+00   1.2703125e+00
   1.9000000e+01   2.8000000e+01   1.1409956e-14   1.2659375e+00   1.2659375e+00
   2.0000000e+01   2.8000000e+01   1.0805528e-14   1.2078125e+00   1.2078125e+00
   2.1000000e+01   2.8000000e+01   1.1123909e-14   1.1982813e+00   1.1982813e+00
   2.2000000e+01   2.8000000e+01   1.1054641e-14   1.1601563e+00   1.1601563e+00
   2.3000000e+01   2.8000000e+01   1.0688785e-14   1.1880469e+00   1.1880469e+00
   2.4000000e+01   2.8000000e+01   1.1991207e-14   1.2617188e+00   1.2617188e+00
   2.5000000e+01   2.8000000e+01   1.1157663e-14   1.2752344e+00   1.2752344e+00
   2.6000000e+01   2.8000000e+01   1.2405661e-14   1.3409375e+00   1.3409375e+00
   2.7000000e+01   2.8000000e+01   1.2483963e-14   1.3015625e+00   1.3015625e+00
   2.8000000e+01   2.8000000e+01   1.1374090e-14   1.2967969e+00   1.2967969e+00
   2.9000000e+01   2.8000000e+01   1.1602293e-14   1.2089063e+00   1.2089063e+00
   3.0000000e+01   2.8000000e+01   1.1144531e-14   1.1672656e+00   1.1672656e+00
   3.1000000e+01   2.8000000e+01   1.2000572e-14   1.2578125e+00   1.2578125e+00
   3.2000000e+01   2.8000000e+01   1.1250576e-14   1.2317188e+00   1.2317188e+00
   3.3000000e+01   2.8000000e+01   1.1950129e-14   1.2935156e+00   1.2935156e+00
   3.4000000e+01   2.8000000e+01   1.2095351e-14   1.2785156e+00   1.2785156e+00
   3.5000000e+01   2.8000000e+01   1.1601144e-14   1.2660156e+00   1.2660156e+00
   1.0000000e+00   2.9000000e+01   1.1369447e-14   1.2911719e+00   1.2911719e+00
   2.0000000e+00   2.9000000e+01   1.1027797e-14   1.2305469e+00   1.2305469e+00
   3.0000000e+00   2.9000000e+01   1.0738265e-14   1.1911719e+00   1.1911719e+00
   4.0000000e+00   2.9000000e+01   1.0706456e-14   1.1482813e+00   1.1482813e+00
   5.0000000e+00   2.9000000e+01   1.0576022e-14   1.1548438e+00   1.1548438e+00
   6.0000000e+00   2.9000000e+01   1.0183599e-14   1.0607031e+00   1.0607031e+00
   7.0000000e+00   2.9000000e+01   1.1240203e-14   1.1611719e+00   1.1611719e+00
   8.0000000e+00   2.9000000e+01   1.1640017e-14   1.2359375e+00   1.2359375e+00
   9.0000000e+00   2.9000000e+01   1.2159452e-14   1.2667188e+00   1.2667188e+00
   1.0000000e+01   2.9000000e+01   1.1412668e-14   1.2428906e+00   1.2428906e+00
   1.1000000e+01   2.9000000e+01   1.1910980e-14   1.2753906e+00   1.2753906e+00
   1.2000000e+01   2.9000000e+01   1.1486231e-14   1.2258594e+00   1.2258594e+00
   1.3000000e+01   2.9000000e+01   1.0871127e-14   1.1570313e+00   1.1570313e+00
   1.4000000e+01   2.9000000e+01   1.1274027e-14   1.1861719e+00   1.1861719e+00
   1.5000000e+01   2.9000000e+01   1.1243439e-14   1.1610938e+00   1.1610938e+00
   1.6000000e+01   2.9000000e+01   1.0985383e-14   1.2067188e+00   1.2067188e+00
   1.7000000e+01   2.9000000e+01   1.1448869e-14   1.2747656e+00   1.2747656e+00
   1.8000000e+01   2.9000000e+01   1.1666738e-14   1.2612500e+00   1.2612500e+00
   1.9000000e+01   2.9000000e+01   1.1450451e-14   1.2203125e+00   1.2203125e+00
   2.0000000e+01   2.9000000e+01   1.0729820e-14   1.1864063e+00   1.1864063e+00
   2.1000000e+01   2.9000000e+01   1.0732565e-14   1.1476563e+00   1.1476563e+00
   2.2000000e+01   2.9000000e+01   1.0280193e-14   1.0906250e+00   1.0906250e+00
   2.3000000e+01   2.9000000e+01   1.0864357e-14   1.2035156e+00   1.2035156e+00
   2.4000000e+01   2.9000000e+01   1.1028276e-14   1.1603906e+00   1.1603906e+00
   2.5000000e+01   2.9000000e+01   1.1671842e-14   1.2768750e+00   1.2768750e+00
   2.6000000e+01   2.9000000e+01   1.1671954e-14   1.3288281e+00   1.3288281e+00
   2.7000000e+01   2.9000000e+01   1.1904273e-14   1.3071875e+00   1.3071875e+00
   2.8000000e+01   2.9000000e+01   1.1364539e-14   1.2619531e+00   1.2619531e+00
   2.9000000e+01   2.9000000e+01   1.1436585e-14   1.2349219e+00   1.2349219e+00
   3.0000000e+01   2.9000000e+01   1.1274284e-14   1.2183594e+00   1.2183594e+00
   3.1000000e+01   2.9000000e+01   1.1337102e-14   1.2228906e+00   1.2228906e+00
   3.2000000e+01   2.9000000e+01   1.0861671e-14   1.1833594e+00   1.1833594e+00
   3.3000000e+01   2.9000000e+01   1.1856950e-14   1.2472656e+00   1.2472656e+00
   3.4000000e+01   2.9000000e+01   1.1500352e-14   1.2996875e+00   1.2996875e+00
   3.5000000e+01   2.9000000e+01   1.1725987e-14   1.2592969e+00   1.2592969e+00
   1.0000000e+00   3.0000000e+01   1.1139856e-14   1.2535938e+00   1.2535938e+00
   2.0000000e+00   3.0000000e+01   1.0775739e-14   1.1244531e+00   1.1244531e+00
   3.0000000e+00   3.0000000e+01   1.0858315e-14   1.2028906e+00   1.2028906e+00
   4.0000000e+00   3.0000000e+01   1.0884728e-14   1.1438281e+00   1.1438281e+00
   5.0000000e+00   3.0000000e+01   9.9866874e-15   1.0842969e+00   1.0842969e+00
   6.0000000e+00   3.0000000e+01   1.0630150e-14   1.1225781e+00   1.1225781e+00
   7.0000000e+00   3.0000000e+01   1.0496373e-14   1.1864063e+00   1.1864063e+00
   8.0000000e+00   3.0000000e+01   1.1954680e-14   1.2040625e+00   1.2040625e+00
   9.0000000e+00   3.0000000e+01   1.1888634e-14   1.2450781e+00   1.2450781e+00
   1.0000000e+01   3.0000000e+01   1.1861223e-14   1.2246875e+00   1.2246875e+00
   1.1000000e+01   3.0000000e+01   1.2020471e-14   1.2887500e+00   1.2887500e+00
   1.2000000e+01   3.0000000e+01   1.1534117e-14   1.2558594e+00   1.2558594e+00
   1.3000000e+01   3.0000000e+01   1.1007157e-14   1.1900000e+00   1.1900000e+00
   1.4000000e+01   3.0000000e+01   1.0614555e-14   1.1439844e+00   1.1439844e+00
   1.5000000e+01   3.0000000e+01   1.0860618e-14   1.2282031e+00   1.2282031e+00
   1.6000000e+01   3.0000000e+01   1.1301458e-14   1.2357813e+00   1.2357813e+00
   1.7000000e+01   3.0000000e+01   1.1788746e-14   1.2373438e+00   1.2373438e+00
   1.8000000e+01   3.0000000e+01   1.1659235e-14   1.2428906e+00   1.2428906e+00
   1.9000000e+01   3.0000000e+01   1.1249599e-14   1.1775000e+00   1.1775000e+00
   2.0000000e+01   3.0000000e+01   1.0936086e-14   1.1900781e+00   1.1900781e+00
   2.1000000e+01   3.0000000e+01   1.0804063e-14   1.1404688e+00   1.1404688e+00
   2.2000000e+01   3.0000000e+01   1.0625967e-14   1.1731250e+00   1.1731250e+00
   2.3000000e+01   3.0000000e+01   1.0787987e-14   1.1304688e+00   1.1304688e+00
   2.4000000e+01   3.0000000e+01   1.1632776e-14   1.2100781e+00   1.2100781e+00
   2.5000000e+01   3.0000000e+01   1.1607309e-14   1.2278906e+00   1.2278906e+00
   2.6000000e+01   3.0000000e+01   1.1503538e-14   1.2285938e+00   1.2285938e+00
   2.7000000e+01   3.0000000e+01   1.1574705e-14   1.2486719e+00   1.2486719e+00
   2.8000000e+01   3.0000000e+01   1.1117763e-14   1.2413281e+00   1.2413281e+00
   2.9000000e+01   3.0000000e+01   1.0690352e-14   1.1431250e+00   1.1431250e+00
   3.0000000e+01   3.0000000e+01   1.0930127e-14   1.1546875e+00   1.1546875e+00
   3.1000000e+01   3.0000000e+01   1.1181298e-14   1.2003125e+00   1.2003125e+00
   3.2000000e+01   3.0000000e+01   1.0750967e-14   1.1827344e+00   1.1827344e+00
   3.3000000e+01   3.0000000e+01   1.1566517e-14   1.2826563e+00   1.2826563e+00
   3.4000000e+01   3.0000000e+01   1.1283376e-14   1.2408594e+00   1.2408594e+00
   3.5000000e+01   3.0000000e+01   1.1805746e-14   1.2577344e+00   1.2577344e+00
   1.0000000e+00   3.1000000e+01   1.2057219e-14   1.2277344e+00   1.2277344e+00
   2.0000000e+00   3.1000000e+01   1.1435954e-14   1.2413281e+00   1.2413281e+00
   3.0000000e+00   3.1000000e+01   1.0874420e-14   1.1805469e+00   1.1805469e+00
   4.0000000e+00   3.1000000e+01   1.0580454e-14   1.1455469e+00   1.1455469e+00
   5.0000000e+00   3.1000000e+01   1.0566260e-14   1.1251563e+00   1.1251563e+00
   6.0000000e+00   3.1000000e+01   1.0600670e-14   1.1487500e+00   1.1487500e+00
   7.0000000e+00   3.1000000e+01   1.1338664e-14   1.2305469e+00   1.2305469e+00
   8.0000000e+00   3.1000000e+01   1.1033911e-14   1.2572656e+00   1.2572656e+00
   9.0000000e+00   3.1000000e+01   1.2003381e-14   1.2856250e+00   1.2856250e+00
   1.0000000e+01   3.1000000e+01   1.2452783e-14   1.2737500e+00   1.2737500e+00
   1.1000000e+01   3.1000000e+01   1.1676086e-14   1.2925000e+00   1.2925000e+00
   1.2000000e+01   3.1000000e+01   1.1462527e-14   1.2019531e+00   1.2019531e+00
   1.3000000e+01   3.1000000e+01   1.1215344e-14   1.1539844e+00   1.1539844e+00
   1.4000000e+01   3.1000000e+01   1.0851232e-14   1.2002344e+00   1.2002344e+00
   1.5000000e+01   3.1000000e+01   1.0982686e-14   1.2234375e+00   1.2234375e+00
   1.6000000e+01   3.1000000e+01   1.1497039e-14   1.2132813e+00   1.2132813e+00
   1.7000000e+01   3.1000000e+01   1.1364804e-14   1.2225000e+00   1.2225000e+00
   1.8000000e+01   3.1000000e+01   1.1360144e-14   1.2144531e+00   1.2144531e+00
   1.9000000e+01   3.1000000e+01   1.1081829e-14   1.2145313e+00   1.2145313e+00
   2.0000000e+01   3.1000000e+01   1.0782246e-14   1.1685156e+00   1.1685156e+00
   2.1000000e+01   3.1000000e+01   1.1104966e-14   1.1644531e+00   1.1644531e+00
   2.2000000e+01   3.1000000e+01   1.0587767e-14   1.1160938e+00   1.1160938e+00
   2.3000000e+01   3.1000000e+01   1.0671707e-14   1.1591406e+00   1.1591406e+00
   2.4000000e+01   3.1000000e+01   1.1389742e-14   1.2006250e+00   1.2006250e+00
   2.5000000e+01   3.1000000e+01   1.1178785e-14   1.2080469e+00   1.2080469e+00
   2.6000000e+01   3.1000000e+01   1.1815224e-14   1.2510156e+00   1.2510156e+00
   2.7000000e+01   3.1000000e+01   1.1820433e-14   1.3093750e+00   1.3093750e+00
   2.8000000e+01   3.1000000e+01   1.1965518e-14   1.2646094e+00   1.2646094e+00
   2.9000000e+01   3.1000000e+01   1.1914526e-14   1.2635156e+00   1.2635156e+00
   3.0000000e+01   3.1000000e+01   1.0684236e-14   1.1450000e+00   1.1450000e+00
   3.1000000e+01   3.1000000e+01   1.1054464e-14   1.1709375e+00   1.1709375e+00
   3.2000000e+01   3.1000000e+01   1.1079236e-14   1.2232813e+00   1.2232813e+00
   3.3000000e+01   3.1000000e+01   1.1391597e-14   1.1821094e+00   1.1821094e+00
   3.4000000e+01   3.1000000e+01   1.1079050e-14   1.1967969e+00   1.1967969e+00
   3.5000000e+01   3.1000000e+01   1.1456696e-14   1.2245313e+00   1.2245313e+00
   1.0000000e+00   3.2000000e+01   1.1647747e-14   1.2897656e+00   1.2897656e+00
   2.0000000e+00   3.2000000e+01   1.0894050e-14   1.1646875e+00   1.1646875e+00
   3.0000000e+00   3.2000000e+01   1.1122062e-14   1.2276563e+00   1.2276563e+00
   4.0000000e+00   3.2000000e+01   1.0666486e-14   1.1634375e+00   1.1634375e+00
   5.0000000e+00   3.2000000e+01   9.9604224e-15   1.1065625e+00   1.1065625e+00
   6.0000000e+00   3.2000000e+01   1.0176877e-14   1.1337500e+00   1.1337500e+00
   7.0000000e+00   3.2000000e+01   1.0909667e-14   1.1793750e+00   1.1793750e+00
   8.0000000e+00   3.2000000e+01   1.1394252e-14   1.2415625e+00   1.2415625e+00
   9.0000000e+00   3.2000000e+01   1.1652440e-14   1.2316406e+00   1.2316406e+00
   1.0000000e+01   3.2000000e+01   1.2165969e-14   1.2967188e+00   1.2967188e+00
   1.1000000e+01   3.2000000e+01   1.1932078e-14   1.3054688e+00   1.3054688e+00
   1.2000000e+01   3.2000000e+01   1.1147394e-14   1.2166406e+00   1.2166406e+00
   1.3000000e+01   3.2000000e+01   1.1279149e-14   1.1597656e+00   1.1597656e+00
   1.4000000e+01   3.2000000e+01   1.0900422e-14   1.1725781e+00   1.1725781e+00
   1.5000000e+01   3.2000000e+01   1.0847026e-14   1.2035156e+00   1.2035156e+00
   1.6000000e+01   3.2000000e+01   1.1497501e-14   1.1912500e+00   1.1912500e+00
   1.7000000e+01   3.2000000e+01   1.0909853e-14   1.2182813e+00   1.2182813e+00
   1.8000000e+01   3.2000000e+01   1.1552406e-14   1.2707031e+00   1.2707031e+00
   1.9000000e+01   3.2000000e+01   1.1477254e-14   1.2518750e+00   1.2518750e+00
   2.0000000e+01   3.2000000e+01   1.0525361e-14   1.1814844e+00   1.1814844e+00
   2.1000000e+01   3.2000000e+01   1.0544790e-14   1.1266406e+00   1.1266406e+00
   2.2000000e+01   3.2000000e+01   1.0692361e-14   1.1245313e+00   1.1245313e+00
   2.3000000e+01   3.2000000e+01   1.0683861e-14   1.1816406e+00   1.1816406e+00
   2.4000000e+01   3.2000000e+01   1.1286634e-14   1.2212500e+00   1.2212500e+00
   2.5000000e+01   3.2000000e+01   1.1143704e-14   1.1889063e+00   1.1889063e+00
   2.6000000e+01   3.2000000e+01   1.2080062e-14   1.2982031e+00   1.2982031e+00
   2.7000000e+01   3.2000000e+01   1.2039349e-14   1.2878125e+00   1.2878125e+00
   2.8000000e+01   3.2000000e+01   1.1793734e-14   1.2948438e+00   1.2948438e+00
   2.9000000e+01   3.2000000e+01   1.1447190e-14   1.1927344e+00   1.1927344e+00
   3.0000000e+01   3.2000000e+01   1.0879281e-14   1.1777344e+00   1.1777344e+00
   3.1000000e+01   3.2000000e+01   1.0409236e-14   1.1003125e+00   1.1003125e+00
   3.2000000e+01   3.2000000e+01   1.1164407e-14   1.1733594e+00   1.1733594e+00
   3.3000000e+01   3.2000000e+01   1.1490143e-14   1.2536719e+00   1.2536719e+00
   3.4000000e+01   3.2000000e+01   1.1366959e-14   1.2063281e+00   1.2063281e+00
   3.5000000e+01   3.2000000e+01   1.1264461e-14   1.1814063e+00   1.1814063e+00
   1.0000000e+00   3.3000000e+01   1.1412399e-14   1.2331250e+00   1.2331250e+00
   2.0000000e+00   3.3000000e+01   1.1362725e-14   1.2315625e+00   1.2315625e+00
   3.0000000e+00   3.3000000e+01   1.1457536e-14   1.2507813e+00   1.2507813e+00
   4.0000000e+00   3.3000000e+01   1.0938710e-14   1.1474219e+00   1.1474219e+00
   5.0000000e+00   3.3000000e+01   1.1009357e-14   1.1620313e+00   1.1620313e+00
   6.0000000e+00   3.3000000e+01   1.1034501e-14   1.1507813e+00   1.1507813e+00
   7.0000000e+00   3.3000000e+01   1.0879319e-14   1.1674219e+00   1.1674219e+00
   8.0000000e+00   3.3000000e+01   1.1265606e-14   1.2554688e+00   1.2554688e+00
   9.0000000e+00   3.3000000e+01   1.2031172e-14   1.2660938e+00   1.2660938e+00
   1.0000000e+01   3.3000000e+01   1.2001734e-14   1.3200000e+00   1.3200000e+00
   1.1000000e+01   3.3000000e+01   1.2031101e-14   1.3207813e+00   1.3207813e+00
   1.2000000e+01   3.3000000e+01   1.1156732e-14   1.2423438e+00   1.2423438e+00
   1.3000000e+01   3.3000000e+01   1.1075131e-14   1.1871875e+00   1.1871875e+00
   1.4000000e+01   3.3000000e+01   1.0981282e-14   1.2085938e+00   1.2085938e+00
   1.5000000e+01   3.3000000e+01   1.0159814e-14   1.1746094e+00   1.1746094e+00
   1.6000000e+01   3.3000000e+01   1.1090128e-14   1.2067188e+00   1.2067188e+00
   1.7000000e+01   3.3000000e+01   1.1555264e-14   1.2471875e+00   1.2471875e+00
   1.8000000e+01   3.3000000e+01   1.1155144e-14   1.2596094e+00   1.2596094e+00
   1.9000000e+01   3.3000000e+01   1.2031097e-14   1.2699219e+00   1.2699219e+00
   2.0000000e+01   3.3000000e+01   1.0927018e-14   1.2030469e+00   1.2030469e+00
   2.1000000e+01   3.3000000e+01   1.0511028e-14   1.1591406e+00   1.1591406e+00
   2.2000000e+01   3.3000000e+01   1.0445263e-14   1.1548438e+00   1.1548438e+00
   2.3000000e+01   3.3000000e+01   1.0733298e-14   1.1103125e+00   1.1103125e+00
   2.4000000e+01   3.3000000e+01   1.1323739e-14   1.2278906e+00   1.2278906e+00
   2.5000000e+01   3.3000000e+01   1.1641510e-14   1.2372656e+00   1.2372656e+00
   2.6000000e+01   3.3000000e+01   1.1793645e-14   1.2785938e+00   1.2785938e+00
   2.7000000e+01   3.3000000e+01   1.2200990e-14   1.3013281e+00   1.3013281e+00
   2.8000000e+01   3.3000000e+01   1.1549070e-14   1.2517969e+00   1.2517969e+00
   2.9000000e+01   3.3000000e+01   1.1627504e-14   1.2257813e+00   1.2257813e+00
   3.0000000e+01   3.3000000e+01   1.1355826e-14   1.1889844e+00   1.1889844e+00
   3.1000000e+01   3.3000000e+01   1.0755207e-14   1.1474219e+00   1.1474219e+00
   3.2000000e+01   3.3000000e+01   1.0719693e-14   1.1598438e+00   1.1598438e+00
   3.3000000e+01   3.3000000e+01   1.1647061e-14   1.2501563e+00   1.2501563e+00
   3.4000000e+01   3.3000000e+01   1.1874902e-14   1.2436719e+00   1.2436719e+00
   3.5000000e+01   3.3000000e+01   1.1019399e-14   1.2234375e+00   1.2234375e+00
   1.0000000e+00   3.4000000e+01   1.1875465e-14   1.2760156e+00   1.2760156e+00
   2.0000000e+00   3.4000000e+01   1.1784541e-14   1.2570313e+00   1.2570313e+00
   3.0000000e+00   3.4000000e+01   1.1153448e-14   1.2433594e+00   1.2433594e+00
   4.0000000e+00   3.4000000e+01   1.0735980e-14   1.1900781e+00   1.1900781e+00
   5.0000000e+00   3.4000000e+01   1.0821436e-14   1.2207031e+00   1.2207031e+00
   6.0000000e+00   3.4000000e+01   1.0653963e-14   1.1911719e+00   1.1911719e+00
   7.0000000e+00   3.4000000e+01   1.1083018e-14   1.1490625e+00   1.1490625e+00
   8.0000000e+00   3.4000000e+01   1.1451276e-14   1.2286719e+00   1.2286719e+00
   9.0000000e+00   3.4000000e+01   1.2009970e-14   1.3017188e+00   1.3017188e+00
   1.0000000e+01   3.4000000e+01   1.2341447e-14   1.3093750e+00   1.3093750e+00
   1.1000000e+01   3.4000000e+01   1.2010059e-14   1.3183594e+00   1.3183594e+00
   1.2000000e+01   3.4000000e+01   1.1889761e-14   1.2530469e+00   1.2530469e+00
   1.3000000e+01   3.4000000e+01   1.1360379e-14   1.2414063e+00   1.2414063e+00
   1.4000000e+01   3.4000000e+01   1.0859576e-14   1.1827344e+00   1.1827344e+00
   1.5000000e+01   3.4000000e+01   1.1133378e-14   1.2250781e+00   1.2250781e+00
   1.6000000e+01   3.4000000e+01   1.1641406e-14   1.2274219e+00   1.2274219e+00
   1.7000000e+01   3.4000000e+01   1.1580966e-14   1.2601563e+00   1.2601563e+00
   1.8000000e+01   3.4000000e+01   1.1759938e-14   1.3041406e+00   1.3041406e+00
   1.9000000e+01   3.4000000e+01   1.1433736e-14   1.2265625e+00   1.2265625e+00
   2.0000000e+01   3.4000000e+01   1.1070144e-14   1.2422656e+00   1.2422656e+00
   2.1000000e+01   3.4000000e+01   1.0744286e-14   1.2015625e+00   1.2015625e+00
   2.2000000e+01   3.4000000e+01   1.0742958e-14   1.1800781e+00   1.1800781e+00
   2.3000000e+01   3.4000000e+01   1.0584335e-14   1.1397656e+00   1.1397656e+00
   2.4000000e+01   3.4000000e+01   1.1469996e-14   1.2317969e+00   1.2317969e+00
   2.5000000e+01   3.4000000e+01   1.1859789e-14   1.2353125e+00   1.2353125e+00
   2.6000000e+01   3.4000000e+01   1.2172548e-14   1.3228125e+00   1.3228125e+00
   2.7000000e+01   3.4000000e+01   1.2078501e-14   1.3067188e+00   1.3067188e+00
   2.8000000e+01   3.4000000e+01   1.1922376e-14   1.3085156e+00   1.3085156e+00
   2.9000000e+01   3.4000000e+01   1.0942340e-14   1.2320313e+00   1.2320313e+00
   3.0000000e+01   3.4000000e+01   1.1060092e-14   1.2121094e+00   1.2121094e+00
   3.1000000e+01   3.4000000e+01   1.0814379e-14   1.2069531e+00   1.2069531e+00
   3.2000000e+01   3.4000000e+01   1.1461305e-14   1.2388281e+00   1.2388281e+00
   3.3000000e+01   3.4000000e+01   1.1003175e-14   1.1951563e+00   1.1951563e+00
   3.4000000e+01   3.4000000e+01   1.1474825e-14   1.2485156e+00   1.2485156e+00
   3.5000000e+01   3.4000000e+01   1.1428801e-14   1.2833594e+00   1.2833594e+00
   1.0000000e+00   3.5000000e+01   1.1731106e-14   1.2913281e+00   1.2913281e+00
   2.0000000e+00   3.5000000e+01   1.1763343e-14   1.2821875e+00   1.2821875e+00
   3.0000000e+00   3.5000000e+01   1.1922899e-14   1.3136719e+00   1.3136719e+00
   4.0000000e+00   3.5000000e+01   1.1691333e-14   1.2924219e+00   1.2924219e+00
   5.0000000e+00   3.5000000e+01   1.1347126e-14   1.2367188e+00   1.2367188e+00
   6.0000000e+00   3.5000000e+01   1.0762370e-14   1.1655469e+00   1.1655469e+00
   7.0000000e+00   3.5000000e+01   1.1665463e-14   1.2293750e+00   1.2293750e+00
   8.0000000e+00   3.5000000e+01   1.1343232e-14   1.2317188e+00   1.2317188e+00
   9.0000000e+00   3.5000000e+01   1.1821483e-14   1.3196094e+00   1.3196094e+00
   1.0000000e+01   3.5000000e+01   1.2456603e-14   1.3493750e+00   1.3493750e+00
   1.1000000e+01   3.5000000e+01   1.2279834e-14   1.3118750e+00   1.3118750e+00
   1.2000000e+01   3.5000000e+01   1.2622613e-14   1.3751563e+00   1.3751563e+00
   1.3000000e+01   3.5000000e+01   1.1891926e-14   1.2675000e+00   1.2675000e+00
   1.4000000e+01   3.5000000e+01   1.2090399e-14   1.2586719e+00   1.2586719e+00
   1.5000000e+01   3.5000000e+01   1.1202585e-14   1.2316406e+00   1.2316406e+00
   1.6000000e+01   3.5000000e+01   1.1502176e-14   1.2648438e+00   1.2648438e+00
   1.7000000e+01   3.5000000e+01   1.1652142e-14   1.2897656e+00   1.2897656e+00
   1.8000000e+01   3.5000000e+01   1.1507557e-14   1.2635156e+00   1.2635156e+00
   1.9000000e+01   3.5000000e+01   1.2126060e-14   1.2617188e+00   1.2617188e+00
   2.0000000e+01   3.5000000e+01   1.1428993e-14   1.2675781e+00   1.2675781e+00
   2.1000000e+01   3.5000000e+01   1.1733204e-14   1.2265625e+00   1.2265625e+00
   2.2000000e+01   3.5000000e+01   1.0362657e-14   1.1767969e+00   1.1767969e+00
   2.3000000e+01   3.5000000e+01   1.0966088e-14   1.2056250e+00   1.2056250e+00
   2.4000000e+01   3.5000000e+01   1.1250006e-14   1.2301563e+00   1.2301563e+00
   2.5000000e+01   3.5000000e+01   1.1732581e-14   1.2695313e+00   1.2695313e+00
   2.6000000e+01   3.5000000e+01   1.2101493e-14   1.2970313e+00   1.2970313e+00
   2.7000000e+01   3.5000000e+01   1.2519892e-14   1.3585156e+00   1.3585156e+00
   2.8000000e+01   3.5000000e+01   1.1950342e-14   1.2832813e+00   1.2832813e+00
   2.9000000e+01   3.5000000e+01   1.2393401e-14   1.2283594e+00   1.2283594e+00
   3.0000000e+01   3.5000000e+01   1.0836162e-14   1.2346875e+00   1.2346875e+00
   3.1000000e+01   3.5000000e+01   1.0342816e-14   1.1039063e+00   1.1039063e+00
   3.2000000e+01   3.5000000e+01   1.1311044e-14   1.1655469e+00   1.1655469e+00
   3.3000000e+01   3.5000000e+01   1.1487478e-14   1.2947656e+00   1.2947656e+00
   3.4000000e+01   3.5000000e+01   1.1710900e-14   1.2892188e+00   1.2892188e+00
   3.5000000e+01   3.5000000e+01   1.1793526e-14   1.2658594e+00   1.2658594e+00
