   1.0000000e+00   1.0000000e+00   7.9906293e-15   8.4164063e-01   8.4164063e-01
   2.0000000e+00   1.0000000e+00   7.8972893e-15   8.5234375e-01   8.5234375e-01
   3.0000000e+00   1.0000000e+00   8.2567341e-15   8.6921875e-01   8.6921875e-01
   4.0000000e+00   1.0000000e+00   7.9369126e-15   8.4406250e-01   8.4406250e-01
   5.0000000e+00   1.0000000e+00   7.9751467e-15   8.6656250e-01   8.6656250e-01
   6.0000000e+00   1.0000000e+00   7.8369334e-15   7.9320313e-01   7.9320313e-01
   7.0000000e+00   1.0000000e+00   7.5854620e-15   7.9687500e-01   7.9687500e-01
   8.0000000e+00   1.0000000e+00   7.9675995e-15   8.0671875e-01   8.0671875e-01
   9.0000000e+00   1.0000000e+00   8.0391826e-15   8.6867188e-01   8.6867188e-01
   1.0000000e+01   1.0000000e+00   8.2985507e-15   8.8343750e-01   8.8343750e-01
   1.1000000e+01   1.0000000e+00   8.4980961e-15   9.0484375e-01   9.0484375e-01
   1.2000000e+01   1.0000000e+00   8.5002385e-15   8.9101563e-01   8.9101563e-01
   1.3000000e+01   1.0000000e+00   8.2161580e-15   8.9203125e-01   8.9203125e-01
   1.4000000e+01   1.0000000e+00   7.9771150e-15   8.6976563e-01   8.6976563e-01
   1.5000000e+01   1.0000000e+00   7.7962035e-15   8.1195313e-01   8.1195313e-01
   1.6000000e+01   1.0000000e+00   7.6687809e-15   8.3148438e-01   8.3148438e-01
   1.7000000e+01   1.0000000e+00   8.2324149e-15   8.4984375e-01   8.4984375e-01
   1.8000000e+01   1.0000000e+00   8.3551175e-15   8.8617188e-01   8.8617188e-01
   1.9000000e+01   1.0000000e+00   8.1823942e-15   8.7750000e-01   8.7750000e-01
   2.0000000e+01   1.0000000e+00   7.9834684e-15   8.3468750e-01   8.3468750e-01
   2.1000000e+01   1.0000000e+00   8.0635877e-15   8.6328125e-01   8.6328125e-01
   2.2000000e+01   1.0000000e+00   7.5363593e-15   8.2976563e-01   8.2976563e-01
   2.3000000e+01   1.0000000e+00   7.4191572e-15   7.7867188e-01   7.7867188e-01
   2.4000000e+01   1.0000000e+00   7.2450943e-15   7.8523438e-01   7.8523438e-01
   2.5000000e+01   1.0000000e+00   7.6917069e-15   8.3203125e-01   8.3203125e-01
   2.6000000e+01   1.0000000e+00   7.8933760e-15   8.5289063e-01   8.5289063e-01
   2.7000000e+01   1.0000000e+00   8.2167740e-15   8.5367188e-01   8.5367188e-01
   2.8000000e+01   1.0000000e+00   8.3370824e-15   8.9429688e-01   8.9429688e-01
   2.9000000e+01   1.0000000e+00   8.5323309e-15   9.0828125e-01   9.0828125e-01
   3.0000000e+01   1.0000000e+00   8.3296145e-15   8.8523438e-01   8.8523438e-01
   3.1000000e+01   1.0000000e+00   7.8347715e-15   8.3328125e-01   8.3328125e-01
   3.2000000e+01   1.0000000e+00   7.5742733e-15   7.8812500e-01   7.8812500e-01
   3.3000000e+01   1.0000000e+00   7.7226706e-15   8.3257813e-01   8.3257813e-01
   3.4000000e+01   1.0000000e+00   8.1203175e-15   8.3335938e-01   8.3335938e-01
   3.5000000e+01   1.0000000e+00   8.1130203e-15   8.6437500e-01   8.6437500e-01
   1.0000000e+00   2.0000000e+00   8.3256877e-15   8.7164063e-01   8.7164063e-01
   2.0000000e+00   2.0000000e+00   8.4060817e-15   9.0429688e-01   9.0429688e-01
   3.0000000e+00   2.0000000e+00   8.1939904e-15   8.8054688e-01   8.8054688e-01
   4.0000000e+00   2.0000000e+00   7.9894539e-15   8.5054688e-01   8.5054688e-01
   5.0000000e+00   2.0000000e+00   8.1231608e-15   8.8679688e-01   8.8679688e-01
   6.0000000e+00   2.0000000e+00   7.8715270e-15   8.2820313e-01   8.2820313e-01
   7.0000000e+00   2.0000000e+00   7.6749334e-15   8.0906250e-01   8.0906250e-01
   8.0000000e+00   2.0000000e+00   7.9728893e-15   8.5304688e-01   8.5304688e-01
   9.0000000e+00   2.0000000e+00   8.1585880e-15   8.7578125e-01   8.7578125e-01
   1.0000000e+01   2.0000000e+00   8.5615905e-15   9.3984375e-01   9.3984375e-01
   1.1000000e+01   2.0000000e+00   9.0342489e-15   9.2265625e-01   9.2265625e-01
   1.2000000e+01   2.0000000e+00   8.5624652e-15   9.3343750e-01   9.3343750e-01
   1.3000000e+01   2.0000000e+00   8.3844251e-15   9.0046875e-01   9.0046875e-01
   1.4000000e+01   2.0000000e+00   8.3520540e-15   8.8859375e-01   8.8859375e-01
   1.5000000e+01   2.0000000e+00   7.8482947e-15   8.4546875e-01   8.4546875e-01
   1.6000000e+01   2.0000000e+00   8.1094466e-15   8.5000000e-01   8.5000000e-01
   1.7000000e+01   2.0000000e+00   8.1768938e-15   8.6195313e-01   8.6195313e-01
   1.8000000e+01   2.0000000e+00   8.1424701e-15   8.9609375e-01   8.9609375e-01
   1.9000000e+01   2.0000000e+00   8.1329940e-15   9.1437500e-01   9.1437500e-01
   2.0000000e+01   2.0000000e+00   8.4274515e-15   8.5960938e-01   8.5960938e-01
   2.1000000e+01   2.0000000e+00   8.1500803e-15   8.8445313e-01   8.8445313e-01
   2.2000000e+01   2.0000000e+00   7.6873484e-15   7.8867188e-01   7.8867188e-01
   2.3000000e+01   2.0000000e+00   7.5382902e-15   7.9351563e-01   7.9351563e-01
   2.4000000e+01   2.0000000e+00   7.5849714e-15   8.1171875e-01   8.1171875e-01
   2.5000000e+01   2.0000000e+00   7.5931182e-15   8.0859375e-01   8.0859375e-01
   2.6000000e+01   2.0000000e+00   8.0690093e-15   8.5812500e-01   8.5812500e-01
   2.7000000e+01   2.0000000e+00   8.4902510e-15   9.0625000e-01   9.0625000e-01
   2.8000000e+01   2.0000000e+00   8.4567972e-15   9.0476563e-01   9.0476563e-01
   2.9000000e+01   2.0000000e+00   8.3987666e-15   9.3523438e-01   9.3523438e-01
   3.0000000e+01   2.0000000e+00   8.3431427e-15   9.0398438e-01   9.0398438e-01
   3.1000000e+01   2.0000000e+00   8.2681907e-15   8.6140625e-01   8.6140625e-01
   3.2000000e+01   2.0000000e+00   7.7031395e-15   7.9929688e-01   7.9929688e-01
   3.3000000e+01   2.0000000e+00   7.8090566e-15   8.4890625e-01   8.4890625e-01
   3.4000000e+01   2.0000000e+00   8.0785696e-15   8.4664063e-01   8.4664063e-01
   3.5000000e+01   2.0000000e+00   8.1219883e-15   8.6851563e-01   8.6851563e-01
   1.0000000e+00   3.0000000e+00   8.5750526e-15   9.2375000e-01   9.2375000e-01
   2.0000000e+00   3.0000000e+00   8.6508502e-15   9.2179688e-01   9.2179688e-01
   3.0000000e+00   3.0000000e+00   8.3871949e-15   8.8531250e-01   8.8531250e-01
   4.0000000e+00   3.0000000e+00   8.4171550e-15   8.7359375e-01   8.7359375e-01
   5.0000000e+00   3.0000000e+00   8.1629543e-15   8.9250000e-01   8.9250000e-01
   6.0000000e+00   3.0000000e+00   7.8251007e-15   8.1390625e-01   8.1390625e-01
   7.0000000e+00   3.0000000e+00   7.7645566e-15   8.3382813e-01   8.3382813e-01
   8.0000000e+00   3.0000000e+00   8.4391095e-15   8.9492188e-01   8.9492188e-01
   9.0000000e+00   3.0000000e+00   8.5576133e-15   9.0148438e-01   9.0148438e-01
   1.0000000e+01   3.0000000e+00   8.7167856e-15   9.3664063e-01   9.3664063e-01
   1.1000000e+01   3.0000000e+00   8.6744735e-15   9.5976563e-01   9.5976563e-01
   1.2000000e+01   3.0000000e+00   8.7440044e-15   9.5515625e-01   9.5515625e-01
   1.3000000e+01   3.0000000e+00   8.7629598e-15   9.2601563e-01   9.2601563e-01
   1.4000000e+01   3.0000000e+00   8.4783316e-15   9.2250000e-01   9.2250000e-01
   1.5000000e+01   3.0000000e+00   7.8486597e-15   8.5382813e-01   8.5382813e-01
   1.6000000e+01   3.0000000e+00   8.3041380e-15   8.8492188e-01   8.8492188e-01
   1.7000000e+01   3.0000000e+00   8.4378306e-15   9.0273438e-01   9.0273438e-01
   1.8000000e+01   3.0000000e+00   8.6586689e-15   9.1515625e-01   9.1515625e-01
   1.9000000e+01   3.0000000e+00   8.4575763e-15   9.2109375e-01   9.2109375e-01
   2.0000000e+01   3.0000000e+00   8.3398058e-15   8.6085938e-01   8.6085938e-01
   2.1000000e+01   3.0000000e+00   8.2531333e-15   8.9507813e-01   8.9507813e-01
   2.2000000e+01   3.0000000e+00   7.9209393e-15   8.5937500e-01   8.5937500e-01
   2.3000000e+01   3.0000000e+00   7.8643942e-15   7.9812500e-01   7.9812500e-01
   2.4000000e+01   3.0000000e+00   8.0722563e-15   8.4546875e-01   8.4546875e-01
   2.5000000e+01   3.0000000e+00   8.1666205e-15   8.5742188e-01   8.5742188e-01
   2.6000000e+01   3.0000000e+00   8.6221089e-15   9.1328125e-01   9.1328125e-01
   2.7000000e+01   3.0000000e+00   8.5701514e-15   8.9742188e-01   8.9742188e-01
   2.8000000e+01   3.0000000e+00   8.5712750e-15   9.0710938e-01   9.0710938e-01
   2.9000000e+01   3.0000000e+00   8.9663660e-15   9.2882813e-01   9.2882813e-01
   3.0000000e+01   3.0000000e+00   8.4588751e-15   9.2500000e-01   9.2500000e-01
   3.1000000e+01   3.0000000e+00   8.3140496e-15   8.8382813e-01   8.8382813e-01
   3.2000000e+01   3.0000000e+00   7.8727526e-15   8.1265625e-01   8.1265625e-01
   3.3000000e+01   3.0000000e+00   8.0832998e-15   8.8203125e-01   8.8203125e-01
   3.4000000e+01   3.0000000e+00   8.4364808e-15   9.0351563e-01   9.0351563e-01
   3.5000000e+01   3.0000000e+00   8.3222826e-15   9.0507813e-01   9.0507813e-01
   1.0000000e+00   4.0000000e+00   8.7188934e-15   9.2265625e-01   9.2265625e-01
   2.0000000e+00   4.0000000e+00   8.5377978e-15   9.2570313e-01   9.2570313e-01
   3.0000000e+00   4.0000000e+00   8.4413488e-15   9.4039063e-01   9.4039063e-01
   4.0000000e+00   4.0000000e+00   8.7564785e-15   9.3265625e-01   9.3265625e-01
   5.0000000e+00   4.0000000e+00   8.3375756e-15   8.6796875e-01   8.6796875e-01
   6.0000000e+00   4.0000000e+00   7.8491776e-15   8.0375000e-01   8.0375000e-01
   7.0000000e+00   4.0000000e+00   7.7845638e-15   8.4617188e-01   8.4617188e-01
   8.0000000e+00   4.0000000e+00   8.2436777e-15   8.9812500e-01   8.9812500e-01
   9.0000000e+00   4.0000000e+00   8.7628719e-15   9.3445313e-01   9.3445313e-01
   1.0000000e+01   4.0000000e+00   8.8541800e-15   9.1023438e-01   9.1023438e-01
   1.1000000e+01   4.0000000e+00   9.0062326e-15   9.6937500e-01   9.6937500e-01
   1.2000000e+01   4.0000000e+00   9.3153653e-15   1.0023438e+00   1.0023438e+00
   1.3000000e+01   4.0000000e+00   8.8610086e-15   9.5101563e-01   9.5101563e-01
   1.4000000e+01   4.0000000e+00   8.3075456e-15   9.0062500e-01   9.0062500e-01
   1.5000000e+01   4.0000000e+00   7.9102341e-15   8.7632813e-01   8.7632813e-01
   1.6000000e+01   4.0000000e+00   8.3145075e-15   8.7406250e-01   8.7406250e-01
   1.7000000e+01   4.0000000e+00   8.1090893e-15   8.5609375e-01   8.5609375e-01
   1.8000000e+01   4.0000000e+00   8.7489815e-15   9.5203125e-01   9.5203125e-01
   1.9000000e+01   4.0000000e+00   8.5417750e-15   9.0937500e-01   9.0937500e-01
   2.0000000e+01   4.0000000e+00   8.3406054e-15   9.0617188e-01   9.0617188e-01
   2.1000000e+01   4.0000000e+00   8.1883860e-15   8.9015625e-01   8.9015625e-01
   2.2000000e+01   4.0000000e+00   8.2519740e-15   8.6085938e-01   8.6085938e-01
   2.3000000e+01   4.0000000e+00   7.7252071e-15   8.2343750e-01   8.2343750e-01
   2.4000000e+01   4.0000000e+00   7.9478717e-15   8.4500000e-01   8.4500000e-01
   2.5000000e+01   4.0000000e+00   8.5045034e-15   8.7718750e-01   8.7718750e-01
   2.6000000e+01   4.0000000e+00   8.6181884e-15   9.2898438e-01   9.2898438e-01
   2.7000000e+01   4.0000000e+00   8.5577622e-15   9.4335938e-01   9.4335938e-01
   2.8000000e+01   4.0000000e+00   8.6919578e-15   9.1898438e-01   9.1898438e-01
   2.9000000e+01   4.0000000e+00   9.1205873e-15   9.9093750e-01   9.9093750e-01
   3.0000000e+01   4.0000000e+00   8.6880106e-15   9.4312500e-01   9.4312500e-01
   3.1000000e+01   4.0000000e+00   8.2020364e-15   8.4820313e-01   8.4820313e-01
   3.2000000e+01   4.0000000e+00   7.9912512e-15   8.6421875e-01   8.6421875e-01
   3.3000000e+01   4.0000000e+00   8.1317552e-15   8.9234375e-01   8.9234375e-01
   3.4000000e+01   4.0000000e+00   8.4629755e-15   9.0789063e-01   9.0789063e-01
   3.5000000e+01   4.0000000e+00   8.3076208e-15   8.9406250e-01   8.9406250e-01
   1.0000000e+00   5.0000000e+00   8.8232764e-15   9.3703125e-01   9.3703125e-01
   2.0000000e+00   5.0000000e+00   9.1968017e-15   9.5851563e-01   9.5851563e-01
   3.0000000e+00   5.0000000e+00   8.9367779e-15   9.4078125e-01   9.4078125e-01
   4.0000000e+00   5.0000000e+00   8.7739374e-15   9.2492188e-01   9.2492188e-01
   5.0000000e+00   5.0000000e+00   8.8578584e-15   9.3375000e-01   9.3375000e-01
   6.0000000e+00   5.0000000e+00   7.8807056e-15   8.4718750e-01   8.4718750e-01
   7.0000000e+00   5.0000000e+00   8.4756162e-15   8.8195313e-01   8.8195313e-01
   8.0000000e+00   5.0000000e+00   8.2496194e-15   9.0046875e-01   9.0046875e-01
   9.0000000e+00   5.0000000e+00   8.9638203e-15   9.4734375e-01   9.4734375e-01
   1.0000000e+01   5.0000000e+00   8.8574099e-15   9.4929688e-01   9.4929688e-01
   1.1000000e+01   5.0000000e+00   9.0974043e-15   9.4898438e-01   9.4898438e-01
   1.2000000e+01   5.0000000e+00   8.8872729e-15   9.9437500e-01   9.9437500e-01
   1.3000000e+01   5.0000000e+00   9.0059517e-15   9.7554688e-01   9.7554688e-01
   1.4000000e+01   5.0000000e+00   8.4853500e-15   9.0984375e-01   9.0984375e-01
   1.5000000e+01   5.0000000e+00   8.2137395e-15   8.8156250e-01   8.8156250e-01
   1.6000000e+01   5.0000000e+00   8.5061156e-15   9.0289063e-01   9.0289063e-01
   1.7000000e+01   5.0000000e+00   8.7800848e-15   9.4554688e-01   9.4554688e-01
   1.8000000e+01   5.0000000e+00   9.1299773e-15   9.5117188e-01   9.5117188e-01
   1.9000000e+01   5.0000000e+00   8.7199875e-15   9.4773438e-01   9.4773438e-01
   2.0000000e+01   5.0000000e+00   8.5393377e-15   9.3156250e-01   9.3156250e-01
   2.1000000e+01   5.0000000e+00   8.5848640e-15   9.2492188e-01   9.2492188e-01
   2.2000000e+01   5.0000000e+00   8.1530748e-15   8.9007813e-01   8.9007813e-01
   2.3000000e+01   5.0000000e+00   7.8873764e-15   8.6007813e-01   8.6007813e-01
   2.4000000e+01   5.0000000e+00   8.2827741e-15   8.7789063e-01   8.7789063e-01
   2.5000000e+01   5.0000000e+00   8.7452787e-15   9.1046875e-01   9.1046875e-01
   2.6000000e+01   5.0000000e+00   8.7602937e-15   9.4601563e-01   9.4601563e-01
   2.7000000e+01   5.0000000e+00   9.0086961e-15   9.6804688e-01   9.6804688e-01
   2.8000000e+01   5.0000000e+00   9.0408540e-15   9.7953125e-01   9.7953125e-01
   2.9000000e+01   5.0000000e+00   9.2059338e-15   9.6789063e-01   9.6789063e-01
   3.0000000e+01   5.0000000e+00   8.6603363e-15   9.1328125e-01   9.1328125e-01
   3.1000000e+01   5.0000000e+00   7.9768012e-15   8.6031250e-01   8.6031250e-01
   3.2000000e+01   5.0000000e+00   8.2745849e-15   8.8335938e-01   8.8335938e-01
   3.3000000e+01   5.0000000e+00   8.4963222e-15   9.1164063e-01   9.1164063e-01
   3.4000000e+01   5.0000000e+00   9.0011976e-15   9.3500000e-01   9.3500000e-01
   3.5000000e+01   5.0000000e+00   8.7012675e-15   9.0093750e-01   9.0093750e-01
   1.0000000e+00   6.0000000e+00   9.1270063e-15   9.8039063e-01   9.8039063e-01
   2.0000000e+00   6.0000000e+00   9.0309868e-15   9.7273438e-01   9.7273438e-01
   3.0000000e+00   6.0000000e+00   8.9201470e-15   9.2867188e-01   9.2867188e-01
   4.0000000e+00   6.0000000e+00   8.5684018e-15   9.2304688e-01   9.2304688e-01
   5.0000000e+00   6.0000000e+00   8.2844567e-15   9.0382813e-01   9.0382813e-01
   6.0000000e+00   6.0000000e+00   8.2028452e-15   8.8210938e-01   8.8210938e-01
   7.0000000e+00   6.0000000e+00   8.2627966e-15   8.7382813e-01   8.7382813e-01
   8.0000000e+00   6.0000000e+00   8.6096023e-15   9.1796875e-01   9.1796875e-01
   9.0000000e+00   6.0000000e+00   8.7829826e-15   9.0671875e-01   9.0671875e-01
   1.0000000e+01   6.0000000e+00   8.8489833e-15   9.6421875e-01   9.6421875e-01
   1.1000000e+01   6.0000000e+00   8.9233956e-15   9.8726563e-01   9.8726563e-01
   1.2000000e+01   6.0000000e+00   9.3663015e-15   1.0042188e+00   1.0042188e+00
   1.3000000e+01   6.0000000e+00   9.1217516e-15   9.8218750e-01   9.8218750e-01
   1.4000000e+01   6.0000000e+00   8.4320946e-15   9.2570313e-01   9.2570313e-01
   1.5000000e+01   6.0000000e+00   8.3558071e-15   8.8679688e-01   8.8679688e-01
   1.6000000e+01   6.0000000e+00   8.4172359e-15   8.8945313e-01   8.8945313e-01
   1.7000000e+01   6.0000000e+00   8.8281408e-15   9.4710938e-01   9.4710938e-01
   1.8000000e+01   6.0000000e+00   9.1862942e-15   9.8375000e-01   9.8375000e-01
   1.9000000e+01   6.0000000e+00   9.0840129e-15   9.7382813e-01   9.7382813e-01
   2.0000000e+01   6.0000000e+00   8.7379226e-15   9.6484375e-01   9.6484375e-01
   2.1000000e+01   6.0000000e+00   8.5860223e-15   9.3476563e-01   9.3476563e-01
   2.2000000e+01   6.0000000e+00   8.6110417e-15   9.1218750e-01   9.1218750e-01
   2.3000000e+01   6.0000000e+00   7.9325340e-15   8.7664063e-01   8.7664063e-01
   2.4000000e+01   6.0000000e+00   8.0976975e-15   8.9304688e-01   8.9304688e-01
   2.5000000e+01   6.0000000e+00   8.4302890e-15   9.2757813e-01   9.2757813e-01
   2.6000000e+01   6.0000000e+00   8.7848125e-15   9.5812500e-01   9.5812500e-01
   2.7000000e+01   6.0000000e+00   8.8115106e-15   9.5304688e-01   9.5304688e-01
   2.8000000e+01   6.0000000e+00   9.2616982e-15   9.7773438e-01   9.7773438e-01
   2.9000000e+01   6.0000000e+00   9.1033479e-15   1.0046094e+00   1.0046094e+00
   3.0000000e+01   6.0000000e+00   8.6187822e-15   9.5125000e-01   9.5125000e-01
   3.1000000e+01   6.0000000e+00   8.1738383e-15   8.7820313e-01   8.7820313e-01
   3.2000000e+01   6.0000000e+00   8.5345937e-15   8.9304688e-01   8.9304688e-01
   3.3000000e+01   6.0000000e+00   8.4284892e-15   9.2210938e-01   9.2210938e-01
   3.4000000e+01   6.0000000e+00   8.6975865e-15   9.2273438e-01   9.2273438e-01
   3.5000000e+01   6.0000000e+00   8.4897729e-15   9.1921875e-01   9.1921875e-01
   1.0000000e+00   7.0000000e+00   9.3073422e-15   9.7664063e-01   9.7664063e-01
   2.0000000e+00   7.0000000e+00   9.0234352e-15   9.8023438e-01   9.8023438e-01
   3.0000000e+00   7.0000000e+00   9.0949370e-15   9.6937500e-01   9.6937500e-01
   4.0000000e+00   7.0000000e+00   8.5919236e-15   9.4867188e-01   9.4867188e-01
   5.0000000e+00   7.0000000e+00   8.3629633e-15   9.1765625e-01   9.1765625e-01
   6.0000000e+00   7.0000000e+00   8.1854737e-15   8.5679688e-01   8.5679688e-01
   7.0000000e+00   7.0000000e+00   8.1335457e-15   8.8085938e-01   8.8085938e-01
   8.0000000e+00   7.0000000e+00   8.7102320e-15   9.3859375e-01   9.3859375e-01
   9.0000000e+00   7.0000000e+00   8.9585424e-15   9.5953125e-01   9.5953125e-01
   1.0000000e+01   7.0000000e+00   9.0910247e-15   9.9539063e-01   9.9539063e-01
   1.1000000e+01   7.0000000e+00   9.3831364e-15   1.0009375e+00   1.0009375e+00
   1.2000000e+01   7.0000000e+00   9.6497472e-15   1.0459375e+00   1.0459375e+00
   1.3000000e+01   7.0000000e+00   9.3302372e-15   9.9062500e-01   9.9062500e-01
   1.4000000e+01   7.0000000e+00   8.5716362e-15   9.2015625e-01   9.2015625e-01
   1.5000000e+01   7.0000000e+00   7.9579700e-15   8.7195313e-01   8.7195313e-01
   1.6000000e+01   7.0000000e+00   8.7482814e-15   9.2046875e-01   9.2046875e-01
   1.7000000e+01   7.0000000e+00   8.9427015e-15   9.7078125e-01   9.7078125e-01
   1.8000000e+01   7.0000000e+00   9.4301818e-15   1.0194531e+00   1.0194531e+00
   1.9000000e+01   7.0000000e+00   9.2578797e-15   9.5531250e-01   9.5531250e-01
   2.0000000e+01   7.0000000e+00   8.9188490e-15   9.6679688e-01   9.6679688e-01
   2.1000000e+01   7.0000000e+00   8.8712587e-15   9.6109375e-01   9.6109375e-01
   2.2000000e+01   7.0000000e+00   8.6863953e-15   8.8570313e-01   8.8570313e-01
   2.3000000e+01   7.0000000e+00   8.1326275e-15   8.3203125e-01   8.3203125e-01
   2.4000000e+01   7.0000000e+00   8.4940602e-15   9.1617188e-01   9.1617188e-01
   2.5000000e+01   7.0000000e+00   8.8968578e-15   9.4367188e-01   9.4367188e-01
   2.6000000e+01   7.0000000e+00   9.0084212e-15   9.7835938e-01   9.7835938e-01
   2.7000000e+01   7.0000000e+00   9.2346096e-15   9.8703125e-01   9.8703125e-01
   2.8000000e+01   7.0000000e+00   9.4666448e-15   1.0134375e+00   1.0134375e+00
   2.9000000e+01   7.0000000e+00   9.2555012e-15   1.0146094e+00   1.0146094e+00
   3.0000000e+01   7.0000000e+00   8.9822496e-15   9.6601563e-01   9.6601563e-01
   3.1000000e+01   7.0000000e+00   8.6736169e-15   9.1328125e-01   9.1328125e-01
   3.2000000e+01   7.0000000e+00   8.4326662e-15   8.5812500e-01   8.5812500e-01
   3.3000000e+01   7.0000000e+00   8.5405933e-15   9.0546875e-01   9.0546875e-01
   3.4000000e+01   7.0000000e+00   8.8432154e-15   9.2867188e-01   9.2867188e-01
   3.5000000e+01   7.0000000e+00   8.9894818e-15   9.4960938e-01   9.4960938e-01
   1.0000000e+00   8.0000000e+00   9.3221793e-15   9.8554688e-01   9.8554688e-01
   2.0000000e+00   8.0000000e+00   9.4709923e-15   9.8945313e-01   9.8945313e-01
   3.0000000e+00   8.0000000e+00   8.9020694e-15   9.7929688e-01   9.7929688e-01
   4.0000000e+00   8.0000000e+00   9.1073674e-15   9.6101563e-01   9.6101563e-01
   5.0000000e+00   8.0000000e+00   8.9444130e-15   9.2335938e-01   9.2335938e-01
   6.0000000e+00   8.0000000e+00   8.2435540e-15   8.6406250e-01   8.6406250e-01
   7.0000000e+00   8.0000000e+00   8.2586635e-15   8.8085938e-01   8.8085938e-01
   8.0000000e+00   8.0000000e+00   8.6533249e-15   9.2562500e-01   9.2562500e-01
   9.0000000e+00   8.0000000e+00   9.0866585e-15   1.0072656e+00   1.0072656e+00
   1.0000000e+01   8.0000000e+00   9.4452981e-15   1.0300000e+00   1.0300000e+00
   1.1000000e+01   8.0000000e+00   9.5431357e-15   1.0390625e+00   1.0390625e+00
   1.2000000e+01   8.0000000e+00   9.8208100e-15   1.0326563e+00   1.0326563e+00
   1.3000000e+01   8.0000000e+00   9.5580421e-15   1.0064844e+00   1.0064844e+00
   1.4000000e+01   8.0000000e+00   8.5113814e-15   9.3171875e-01   9.3171875e-01
   1.5000000e+01   8.0000000e+00   8.4130148e-15   9.1031250e-01   9.1031250e-01
   1.6000000e+01   8.0000000e+00   9.0312066e-15   9.6140625e-01   9.6140625e-01
   1.7000000e+01   8.0000000e+00   9.2361198e-15   1.0063281e+00   1.0063281e+00
   1.8000000e+01   8.0000000e+00   9.1996750e-15   1.0075000e+00   1.0075000e+00
   1.9000000e+01   8.0000000e+00   9.3154760e-15   9.9554688e-01   9.9554688e-01
   2.0000000e+01   8.0000000e+00   8.9310090e-15   9.4156250e-01   9.4156250e-01
   2.1000000e+01   8.0000000e+00   8.7068922e-15   9.5210938e-01   9.5210938e-01
   2.2000000e+01   8.0000000e+00   8.3348749e-15   9.0539063e-01   9.0539063e-01
   2.3000000e+01   8.0000000e+00   8.3588046e-15   9.0015625e-01   9.0015625e-01
   2.4000000e+01   8.0000000e+00   8.6319067e-15   9.3812500e-01   9.3812500e-01
   2.5000000e+01   8.0000000e+00   8.9691906e-15   9.5054688e-01   9.5054688e-01
   2.6000000e+01   8.0000000e+00   9.4063373e-15   9.8007813e-01   9.8007813e-01
   2.7000000e+01   8.0000000e+00   8.9489193e-15   9.8476563e-01   9.8476563e-01
   2.8000000e+01   8.0000000e+00   9.3989801e-15   1.0381250e+00   1.0381250e+00
   2.9000000e+01   8.0000000e+00   9.5595895e-15   1.0457813e+00   1.0457813e+00
   3.0000000e+01   8.0000000e+00   9.1478654e-15   9.8757813e-01   9.8757813e-01
   3.1000000e+01   8.0000000e+00   8.3800722e-15   9.0695313e-01   9.0695313e-01
   3.2000000e+01   8.0000000e+00   8.2396627e-15   8.9742188e-01   8.9742188e-01
   3.3000000e+01   8.0000000e+00   8.8169534e-15   9.9781250e-01   9.9781250e-01
   3.4000000e+01   8.0000000e+00   9.1631303e-15   9.9382813e-01   9.9382813e-01
   3.5000000e+01   8.0000000e+00   8.9601831e-15   9.6523438e-01   9.6523438e-01
   1.0000000e+00   9.0000000e+00   9.2781856e-15   9.7703125e-01   9.7703125e-01
   2.0000000e+00   9.0000000e+00   8.8146588e-15   9.6507813e-01   9.6507813e-01
   3.0000000e+00   9.0000000e+00   8.9271377e-15   9.5335938e-01   9.5335938e-01
   4.0000000e+00   9.0000000e+00   8.8184271e-15   9.5101563e-01   9.5101563e-01
   5.0000000e+00   9.0000000e+00   8.4638475e-15   9.2531250e-01   9.2531250e-01
   6.0000000e+00   9.0000000e+00   8.1172054e-15   9.0476563e-01   9.0476563e-01
   7.0000000e+00   9.0000000e+00   8.5014430e-15   9.1093750e-01   9.1093750e-01
   8.0000000e+00   9.0000000e+00   8.8202014e-15   9.4960938e-01   9.4960938e-01
   9.0000000e+00   9.0000000e+00   8.9332407e-15   9.9265625e-01   9.9265625e-01
   1.0000000e+01   9.0000000e+00   9.4569354e-15   1.0355469e+00   1.0355469e+00
   1.1000000e+01   9.0000000e+00   9.5698744e-15   1.0557813e+00   1.0557813e+00
   1.2000000e+01   9.0000000e+00   9.9428172e-15   1.0586719e+00   1.0586719e+00
   1.3000000e+01   9.0000000e+00   9.4312992e-15   1.0155469e+00   1.0155469e+00
   1.4000000e+01   9.0000000e+00   8.7257863e-15   9.2976563e-01   9.2976563e-01
   1.5000000e+01   9.0000000e+00   8.4901476e-15   9.2210938e-01   9.2210938e-01
   1.6000000e+01   9.0000000e+00   8.7232479e-15   9.6796875e-01   9.6796875e-01
   1.7000000e+01   9.0000000e+00   8.9452262e-15   9.8453125e-01   9.8453125e-01
   1.8000000e+01   9.0000000e+00   9.4466090e-15   1.0137500e+00   1.0137500e+00
   1.9000000e+01   9.0000000e+00   8.9700457e-15   9.6453125e-01   9.6453125e-01
   2.0000000e+01   9.0000000e+00   8.8056237e-15   9.6195313e-01   9.6195313e-01
   2.1000000e+01   9.0000000e+00   8.7018927e-15   9.4453125e-01   9.4453125e-01
   2.2000000e+01   9.0000000e+00   8.1627878e-15   9.2085938e-01   9.2085938e-01
   2.3000000e+01   9.0000000e+00   8.3369456e-15   9.0773438e-01   9.0773438e-01
   2.4000000e+01   9.0000000e+00   8.3742225e-15   8.9835938e-01   8.9835938e-01
   2.5000000e+01   9.0000000e+00   9.1556512e-15   9.4382813e-01   9.4382813e-01
   2.6000000e+01   9.0000000e+00   9.4138199e-15   9.9812500e-01   9.9812500e-01
   2.7000000e+01   9.0000000e+00   9.5665433e-15   1.0228906e+00   1.0228906e+00
   2.8000000e+01   9.0000000e+00   9.6913842e-15   1.0446875e+00   1.0446875e+00
   2.9000000e+01   9.0000000e+00   9.5079065e-15   1.0386719e+00   1.0386719e+00
   3.0000000e+01   9.0000000e+00   9.1551890e-15   1.0065625e+00   1.0065625e+00
   3.1000000e+01   9.0000000e+00   8.2387347e-15   9.1421875e-01   9.1421875e-01
   3.2000000e+01   9.0000000e+00   8.6087509e-15   9.2179688e-01   9.2179688e-01
   3.3000000e+01   9.0000000e+00   8.8077984e-15   9.8429688e-01   9.8429688e-01
   3.4000000e+01   9.0000000e+00   8.9332137e-15   9.5906250e-01   9.5906250e-01
   3.5000000e+01   9.0000000e+00   9.3597874e-15   1.0055469e+00   1.0055469e+00
   1.0000000e+00   1.0000000e+01   9.0966062e-15   1.0004688e+00   1.0004688e+00
   2.0000000e+00   1.0000000e+01   9.0881642e-15   9.8445313e-01   9.8445313e-01
   3.0000000e+00   1.0000000e+01   8.6161142e-15   9.2695313e-01   9.2695313e-01
   4.0000000e+00   1.0000000e+01   8.8443275e-15   9.1796875e-01   9.1796875e-01
   5.0000000e+00   1.0000000e+01   8.5336675e-15   9.1960938e-01   9.1960938e-01
   6.0000000e+00   1.0000000e+01   8.0886126e-15   8.8875000e-01   8.8875000e-01
   7.0000000e+00   1.0000000e+01   8.3987320e-15   8.9750000e-01   8.9750000e-01
   8.0000000e+00   1.0000000e+01   8.7360988e-15   9.3773438e-01   9.3773438e-01
   9.0000000e+00   1.0000000e+01   9.2567116e-15   9.9156250e-01   9.9156250e-01
   1.0000000e+01   1.0000000e+01   9.2669193e-15   1.0061719e+00   1.0061719e+00
   1.1000000e+01   1.0000000e+01   9.4614978e-15   1.0457813e+00   1.0457813e+00
   1.2000000e+01   1.0000000e+01   9.3058538e-15   1.0271875e+00   1.0271875e+00
   1.3000000e+01   1.0000000e+01   9.4309503e-15   1.0060156e+00   1.0060156e+00
   1.4000000e+01   1.0000000e+01   8.5403298e-15   9.4445313e-01   9.4445313e-01
   1.5000000e+01   1.0000000e+01   8.3849834e-15   8.9234375e-01   8.9234375e-01
   1.6000000e+01   1.0000000e+01   8.9383271e-15   9.2960938e-01   9.2960938e-01
   1.7000000e+01   1.0000000e+01   9.4046142e-15   9.9117188e-01   9.9117188e-01
   1.8000000e+01   1.0000000e+01   9.3575417e-15   1.0235156e+00   1.0235156e+00
   1.9000000e+01   1.0000000e+01   9.1316103e-15   9.8156250e-01   9.8156250e-01
   2.0000000e+01   1.0000000e+01   8.9838644e-15   9.8992188e-01   9.8992188e-01
   2.1000000e+01   1.0000000e+01   8.8040253e-15   9.4367188e-01   9.4367188e-01
   2.2000000e+01   1.0000000e+01   8.3174012e-15   9.0187500e-01   9.0187500e-01
   2.3000000e+01   1.0000000e+01   7.9944106e-15   8.7031250e-01   8.7031250e-01
   2.4000000e+01   1.0000000e+01   8.6495380e-15   9.1812500e-01   9.1812500e-01
   2.5000000e+01   1.0000000e+01   8.9906118e-15   9.6031250e-01   9.6031250e-01
   2.6000000e+01   1.0000000e+01   9.3729525e-15   1.0099219e+00   1.0099219e+00
   2.7000000e+01   1.0000000e+01   9.5830447e-15   1.0639063e+00   1.0639063e+00
   2.8000000e+01   1.0000000e+01   9.6738854e-15   1.0476563e+00   1.0476563e+00
   2.9000000e+01   1.0000000e+01   9.5035132e-15   1.0300781e+00   1.0300781e+00
   3.0000000e+01   1.0000000e+01   8.9657541e-15   9.7804688e-01   9.7804688e-01
   3.1000000e+01   1.0000000e+01   8.5605912e-15   9.2500000e-01   9.2500000e-01
   3.2000000e+01   1.0000000e+01   8.5552943e-15   9.3187500e-01   9.3187500e-01
   3.3000000e+01   1.0000000e+01   9.0258920e-15   9.8125000e-01   9.8125000e-01
   3.4000000e+01   1.0000000e+01   9.2330672e-15   9.8421875e-01   9.8421875e-01
   3.5000000e+01   1.0000000e+01   9.5701849e-15   9.9757813e-01   9.9757813e-01
   1.0000000e+00   1.1000000e+01   9.0612544e-15   9.4687500e-01   9.4687500e-01
   2.0000000e+00   1.1000000e+01   9.0957679e-15   9.8062500e-01   9.8062500e-01
   3.0000000e+00   1.1000000e+01   8.9349340e-15   9.5820313e-01   9.5820313e-01
   4.0000000e+00   1.1000000e+01   8.4150551e-15   9.4148438e-01   9.4148438e-01
   5.0000000e+00   1.1000000e+01   8.4542371e-15   8.8664063e-01   8.8664063e-01
   6.0000000e+00   1.1000000e+01   7.9418489e-15   8.5914063e-01   8.5914063e-01
   7.0000000e+00   1.1000000e+01   8.4722975e-15   9.0382813e-01   9.0382813e-01
   8.0000000e+00   1.1000000e+01   8.6424919e-15   9.3992188e-01   9.3992188e-01
   9.0000000e+00   1.1000000e+01   9.0851518e-15   9.7406250e-01   9.7406250e-01
   1.0000000e+01   1.1000000e+01   9.0093913e-15   9.8382813e-01   9.8382813e-01
   1.1000000e+01   1.1000000e+01   9.3877324e-15   1.0121094e+00   1.0121094e+00
   1.2000000e+01   1.1000000e+01   9.3873066e-15   1.0524219e+00   1.0524219e+00
   1.3000000e+01   1.1000000e+01   9.2154856e-15   1.0173438e+00   1.0173438e+00
   1.4000000e+01   1.1000000e+01   8.6070838e-15   9.2515625e-01   9.2515625e-01
   1.5000000e+01   1.1000000e+01   8.1755391e-15   8.9046875e-01   8.9046875e-01
   1.6000000e+01   1.1000000e+01   8.9307421e-15   9.4367188e-01   9.4367188e-01
   1.7000000e+01   1.1000000e+01   9.3378605e-15   1.0205469e+00   1.0205469e+00
   1.8000000e+01   1.1000000e+01   9.2947761e-15   1.0022656e+00   1.0022656e+00
   1.9000000e+01   1.1000000e+01   9.3882624e-15   1.0105469e+00   1.0105469e+00
   2.0000000e+01   1.1000000e+01   8.9162799e-15   9.6781250e-01   9.6781250e-01
   2.1000000e+01   1.1000000e+01   8.7714176e-15   9.3195313e-01   9.3195313e-01
   2.2000000e+01   1.1000000e+01   8.1794830e-15   8.9484375e-01   8.9484375e-01
   2.3000000e+01   1.1000000e+01   8.3319995e-15   8.8890625e-01   8.8890625e-01
   2.4000000e+01   1.1000000e+01   8.4781040e-15   9.3789063e-01   9.3789063e-01
   2.5000000e+01   1.1000000e+01   8.9201556e-15   9.7890625e-01   9.7890625e-01
   2.6000000e+01   1.1000000e+01   9.0613499e-15   9.8312500e-01   9.8312500e-01
   2.7000000e+01   1.1000000e+01   9.6429652e-15   1.0181250e+00   1.0181250e+00
   2.8000000e+01   1.1000000e+01   9.6664246e-15   1.0372656e+00   1.0372656e+00
   2.9000000e+01   1.1000000e+01   9.3828829e-15   1.0223438e+00   1.0223438e+00
   3.0000000e+01   1.1000000e+01   9.0243274e-15   9.7992188e-01   9.7992188e-01
   3.1000000e+01   1.1000000e+01   8.3524899e-15   9.2523438e-01   9.2523438e-01
   3.2000000e+01   1.1000000e+01   8.4854393e-15   9.0015625e-01   9.0015625e-01
   3.3000000e+01   1.1000000e+01   9.0018332e-15   9.8039063e-01   9.8039063e-01
   3.4000000e+01   1.1000000e+01   9.2672430e-15   1.0044531e+00   1.0044531e+00
   3.5000000e+01   1.1000000e+01   9.0982302e-15   1.0071875e+00   1.0071875e+00
   1.0000000e+00   1.2000000e+01   8.9192288e-15   9.6578125e-01   9.6578125e-01
   2.0000000e+00   1.2000000e+01   8.6923563e-15   9.6281250e-01   9.6281250e-01
   3.0000000e+00   1.2000000e+01   8.9861419e-15   9.4492188e-01   9.4492188e-01
   4.0000000e+00   1.2000000e+01   8.6824793e-15   9.5234375e-01   9.5234375e-01
   5.0000000e+00   1.2000000e+01   8.0196130e-15   8.8945313e-01   8.8945313e-01
   6.0000000e+00   1.2000000e+01   7.7002733e-15   8.3960938e-01   8.3960938e-01
   7.0000000e+00   1.2000000e+01   8.3803218e-15   8.9296875e-01   8.9296875e-01
   8.0000000e+00   1.2000000e+01   8.4698436e-15   9.1843750e-01   9.1843750e-01
   9.0000000e+00   1.2000000e+01   8.7015224e-15   9.6968750e-01   9.6968750e-01
   1.0000000e+01   1.2000000e+01   8.9958005e-15   9.5679688e-01   9.5679688e-01
   1.1000000e+01   1.2000000e+01   9.4483826e-15   1.0016406e+00   1.0016406e+00
   1.2000000e+01   1.2000000e+01   9.6670864e-15   1.0474219e+00   1.0474219e+00
   1.3000000e+01   1.2000000e+01   8.8748736e-15   9.6445313e-01   9.6445313e-01
   1.4000000e+01   1.2000000e+01   8.4118230e-15   8.8750000e-01   8.8750000e-01
   1.5000000e+01   1.2000000e+01   8.4173294e-15   9.1617188e-01   9.1617188e-01
   1.6000000e+01   1.2000000e+01   8.6418192e-15   9.5250000e-01   9.5250000e-01
   1.7000000e+01   1.2000000e+01   8.8967487e-15   9.7234375e-01   9.7234375e-01
   1.8000000e+01   1.2000000e+01   9.1129761e-15   9.7359375e-01   9.7359375e-01
   1.9000000e+01   1.2000000e+01   9.1194189e-15   9.7453125e-01   9.7453125e-01
   2.0000000e+01   1.2000000e+01   8.7575304e-15   9.6375000e-01   9.6375000e-01
   2.1000000e+01   1.2000000e+01   8.4923419e-15   9.1406250e-01   9.1406250e-01
   2.2000000e+01   1.2000000e+01   8.2506007e-15   8.4273438e-01   8.4273438e-01
   2.3000000e+01   1.2000000e+01   8.1300620e-15   8.7453125e-01   8.7453125e-01
   2.4000000e+01   1.2000000e+01   8.5657353e-15   9.4070313e-01   9.4070313e-01
   2.5000000e+01   1.2000000e+01   8.6581045e-15   9.4289063e-01   9.4289063e-01
   2.6000000e+01   1.2000000e+01   9.3844314e-15   9.8945313e-01   9.8945313e-01
   2.7000000e+01   1.2000000e+01   9.5386180e-15   1.0339844e+00   1.0339844e+00
   2.8000000e+01   1.2000000e+01   9.3255310e-15   1.0121094e+00   1.0121094e+00
   2.9000000e+01   1.2000000e+01   9.2002382e-15   1.0222656e+00   1.0222656e+00
   3.0000000e+01   1.2000000e+01   8.7303850e-15   9.2757813e-01   9.2757813e-01
   3.1000000e+01   1.2000000e+01   8.3697294e-15   8.8562500e-01   8.8562500e-01
   3.2000000e+01   1.2000000e+01   8.5066904e-15   9.3820313e-01   9.3820313e-01
   3.3000000e+01   1.2000000e+01   8.9252986e-15   9.6992188e-01   9.6992188e-01
   3.4000000e+01   1.2000000e+01   9.0643608e-15   1.0082031e+00   1.0082031e+00
   3.5000000e+01   1.2000000e+01   9.0350818e-15   9.8593750e-01   9.8593750e-01
   1.0000000e+00   1.3000000e+01   8.5981435e-15   9.3101563e-01   9.3101563e-01
   2.0000000e+00   1.3000000e+01   8.5791860e-15   9.0023438e-01   9.0023438e-01
   3.0000000e+00   1.3000000e+01   8.5060164e-15   9.1148438e-01   9.1148438e-01
   4.0000000e+00   1.3000000e+01   8.2187908e-15   8.6679688e-01   8.6679688e-01
   5.0000000e+00   1.3000000e+01   7.7885896e-15   8.3656250e-01   8.3656250e-01
   6.0000000e+00   1.3000000e+01   7.8693657e-15   8.0171875e-01   8.0171875e-01
   7.0000000e+00   1.3000000e+01   7.9535579e-15   8.4812500e-01   8.4812500e-01
   8.0000000e+00   1.3000000e+01   8.3106621e-15   9.1031250e-01   9.1031250e-01
   9.0000000e+00   1.3000000e+01   8.5952674e-15   9.2960938e-01   9.2960938e-01
   1.0000000e+01   1.3000000e+01   8.8072574e-15   9.6312500e-01   9.6312500e-01
   1.1000000e+01   1.3000000e+01   8.8293843e-15   9.7070313e-01   9.7070313e-01
   1.2000000e+01   1.3000000e+01   9.0339989e-15   9.8382813e-01   9.8382813e-01
   1.3000000e+01   1.3000000e+01   8.4309300e-15   9.2312500e-01   9.2312500e-01
   1.4000000e+01   1.3000000e+01   8.1003645e-15   8.8570313e-01   8.8570313e-01
   1.5000000e+01   1.3000000e+01   7.8906709e-15   8.5687500e-01   8.5687500e-01
   1.6000000e+01   1.3000000e+01   8.5988090e-15   9.1617188e-01   9.1617188e-01
   1.7000000e+01   1.3000000e+01   8.9326764e-15   9.4500000e-01   9.4500000e-01
   1.8000000e+01   1.3000000e+01   8.7549543e-15   9.8281250e-01   9.8281250e-01
   1.9000000e+01   1.3000000e+01   8.6416715e-15   9.6437500e-01   9.6437500e-01
   2.0000000e+01   1.3000000e+01   8.2632773e-15   8.9351563e-01   8.9351563e-01
   2.1000000e+01   1.3000000e+01   8.3805642e-15   8.8125000e-01   8.8125000e-01
   2.2000000e+01   1.3000000e+01   8.1344919e-15   8.7578125e-01   8.7578125e-01
   2.3000000e+01   1.3000000e+01   8.1012590e-15   8.6687500e-01   8.6687500e-01
   2.4000000e+01   1.3000000e+01   8.0602491e-15   9.0132813e-01   9.0132813e-01
   2.5000000e+01   1.3000000e+01   8.7085606e-15   9.3898438e-01   9.3898438e-01
   2.6000000e+01   1.3000000e+01   9.0429108e-15   9.3898438e-01   9.3898438e-01
   2.7000000e+01   1.3000000e+01   9.2170922e-15   1.0174219e+00   1.0174219e+00
   2.8000000e+01   1.3000000e+01   9.4603418e-15   1.0268750e+00   1.0268750e+00
   2.9000000e+01   1.3000000e+01   8.9084758e-15   9.9109375e-01   9.9109375e-01
   3.0000000e+01   1.3000000e+01   8.1874695e-15   9.2375000e-01   9.2375000e-01
   3.1000000e+01   1.3000000e+01   8.0484042e-15   8.5554688e-01   8.5554688e-01
   3.2000000e+01   1.3000000e+01   8.6459283e-15   9.2835938e-01   9.2835938e-01
   3.3000000e+01   1.3000000e+01   8.6215826e-15   9.6304688e-01   9.6304688e-01
   3.4000000e+01   1.3000000e+01   8.9637744e-15   9.9070313e-01   9.9070313e-01
   3.5000000e+01   1.3000000e+01   8.8217146e-15   9.4554688e-01   9.4554688e-01
   1.0000000e+00   1.4000000e+01   8.4039053e-15   8.9210938e-01   8.9210938e-01
   2.0000000e+00   1.4000000e+01   8.0610362e-15   8.8085938e-01   8.8085938e-01
   3.0000000e+00   1.4000000e+01   8.2189686e-15   8.5929688e-01   8.5929688e-01
   4.0000000e+00   1.4000000e+01   7.8523840e-15   8.1468750e-01   8.1468750e-01
   5.0000000e+00   1.4000000e+01   7.6688811e-15   8.0015625e-01   8.0015625e-01
   6.0000000e+00   1.4000000e+01   7.3228578e-15   7.8320313e-01   7.8320313e-01
   7.0000000e+00   1.4000000e+01   7.6530585e-15   7.9695313e-01   7.9695313e-01
   8.0000000e+00   1.4000000e+01   8.0450437e-15   8.6046875e-01   8.6046875e-01
   9.0000000e+00   1.4000000e+01   8.3276175e-15   8.9039063e-01   8.9039063e-01
   1.0000000e+01   1.4000000e+01   8.5077478e-15   9.1578125e-01   9.1578125e-01
   1.1000000e+01   1.4000000e+01   8.4672828e-15   9.0898438e-01   9.0898438e-01
   1.2000000e+01   1.4000000e+01   8.5842635e-15   9.2445313e-01   9.2445313e-01
   1.3000000e+01   1.4000000e+01   8.3959722e-15   8.9773438e-01   8.9773438e-01
   1.4000000e+01   1.4000000e+01   7.8302081e-15   8.3109375e-01   8.3109375e-01
   1.5000000e+01   1.4000000e+01   7.6482739e-15   8.1781250e-01   8.1781250e-01
   1.6000000e+01   1.4000000e+01   8.2391590e-15   8.9750000e-01   8.9750000e-01
   1.7000000e+01   1.4000000e+01   8.4410328e-15   9.1617188e-01   9.1617188e-01
   1.8000000e+01   1.4000000e+01   8.2888745e-15   9.1234375e-01   9.1234375e-01
   1.9000000e+01   1.4000000e+01   8.4365352e-15   9.1773438e-01   9.1773438e-01
   2.0000000e+01   1.4000000e+01   8.6370547e-15   8.8492188e-01   8.8492188e-01
   2.1000000e+01   1.4000000e+01   8.1511248e-15   8.7125000e-01   8.7125000e-01
   2.2000000e+01   1.4000000e+01   7.7063269e-15   8.2046875e-01   8.2046875e-01
   2.3000000e+01   1.4000000e+01   7.7462121e-15   8.2289063e-01   8.2289063e-01
   2.4000000e+01   1.4000000e+01   8.4182603e-15   8.8625000e-01   8.8625000e-01
   2.5000000e+01   1.4000000e+01   8.5052658e-15   9.2226563e-01   9.2226563e-01
   2.6000000e+01   1.4000000e+01   8.7677267e-15   9.4468750e-01   9.4468750e-01
   2.7000000e+01   1.4000000e+01   8.5207761e-15   9.2585938e-01   9.2585938e-01
   2.8000000e+01   1.4000000e+01   9.3332340e-15   9.8812500e-01   9.8812500e-01
   2.9000000e+01   1.4000000e+01   8.7512328e-15   9.6539063e-01   9.6539063e-01
   3.0000000e+01   1.4000000e+01   7.9997191e-15   8.8375000e-01   8.8375000e-01
   3.1000000e+01   1.4000000e+01   8.0242958e-15   8.6570313e-01   8.6570313e-01
   3.2000000e+01   1.4000000e+01   8.3643606e-15   8.6820313e-01   8.6820313e-01
   3.3000000e+01   1.4000000e+01   8.4536613e-15   9.1945313e-01   9.1945313e-01
   3.4000000e+01   1.4000000e+01   8.6882063e-15   9.2406250e-01   9.2406250e-01
   3.5000000e+01   1.4000000e+01   8.5337855e-15   9.1960938e-01   9.1960938e-01
   1.0000000e+00   1.5000000e+01   8.2970925e-15   8.7203125e-01   8.7203125e-01
   2.0000000e+00   1.5000000e+01   8.3306049e-15   8.8046875e-01   8.8046875e-01
   3.0000000e+00   1.5000000e+01   8.0047354e-15   8.5250000e-01   8.5250000e-01
   4.0000000e+00   1.5000000e+01   7.6590119e-15   8.2960938e-01   8.2960938e-01
   5.0000000e+00   1.5000000e+01   7.4122495e-15   7.7937500e-01   7.7937500e-01
   6.0000000e+00   1.5000000e+01   7.1523003e-15   7.5140625e-01   7.5140625e-01
   7.0000000e+00   1.5000000e+01   7.3926731e-15   7.8523438e-01   7.8523438e-01
   8.0000000e+00   1.5000000e+01   7.9310354e-15   8.1679688e-01   8.1679688e-01
   9.0000000e+00   1.5000000e+01   8.1446895e-15   8.5992188e-01   8.5992188e-01
   1.0000000e+01   1.5000000e+01   8.3372733e-15   8.9046875e-01   8.9046875e-01
   1.1000000e+01   1.5000000e+01   8.2397905e-15   9.0640625e-01   9.0640625e-01
   1.2000000e+01   1.5000000e+01   8.4713574e-15   8.7703125e-01   8.7703125e-01
   1.3000000e+01   1.5000000e+01   8.1483855e-15   8.3101563e-01   8.3101563e-01
   1.4000000e+01   1.5000000e+01   7.7793843e-15   8.1039063e-01   8.1039063e-01
   1.5000000e+01   1.5000000e+01   8.1483192e-15   8.4273438e-01   8.4273438e-01
   1.6000000e+01   1.5000000e+01   7.9144307e-15   8.4390625e-01   8.4390625e-01
   1.7000000e+01   1.5000000e+01   8.3581466e-15   9.0765625e-01   9.0765625e-01
   1.8000000e+01   1.5000000e+01   8.1749343e-15   8.8507813e-01   8.8507813e-01
   1.9000000e+01   1.5000000e+01   8.1053867e-15   8.7976563e-01   8.7976563e-01
   2.0000000e+01   1.5000000e+01   8.3223057e-15   8.5226563e-01   8.5226563e-01
   2.1000000e+01   1.5000000e+01   7.8026580e-15   8.2078125e-01   8.2078125e-01
   2.2000000e+01   1.5000000e+01   7.1475332e-15   7.6906250e-01   7.6906250e-01
   2.3000000e+01   1.5000000e+01   7.2242390e-15   7.9460938e-01   7.9460938e-01
   2.4000000e+01   1.5000000e+01   7.9402900e-15   8.4687500e-01   8.4687500e-01
   2.5000000e+01   1.5000000e+01   8.1071655e-15   8.9171875e-01   8.9171875e-01
   2.6000000e+01   1.5000000e+01   8.3623755e-15   8.9843750e-01   8.9843750e-01
   2.7000000e+01   1.5000000e+01   8.1114381e-15   9.1328125e-01   9.1328125e-01
   2.8000000e+01   1.5000000e+01   8.4184940e-15   9.2789063e-01   9.2789063e-01
   2.9000000e+01   1.5000000e+01   8.4592055e-15   8.9281250e-01   8.9281250e-01
   3.0000000e+01   1.5000000e+01   7.9178910e-15   8.4898438e-01   8.4898438e-01
   3.1000000e+01   1.5000000e+01   7.3625457e-15   7.9929688e-01   7.9929688e-01
   3.2000000e+01   1.5000000e+01   8.2568414e-15   8.5906250e-01   8.5906250e-01
   3.3000000e+01   1.5000000e+01   8.0792576e-15   8.8546875e-01   8.8546875e-01
   3.4000000e+01   1.5000000e+01   8.2645095e-15   9.0531250e-01   9.0531250e-01
   3.5000000e+01   1.5000000e+01   8.0782374e-15   8.8812500e-01   8.8812500e-01
   1.0000000e+00   1.6000000e+01   7.9909321e-15   8.6101563e-01   8.6101563e-01
   2.0000000e+00   1.6000000e+01   7.5976958e-15   8.1664063e-01   8.1664063e-01
   3.0000000e+00   1.6000000e+01   7.6009704e-15   8.1484375e-01   8.1484375e-01
   4.0000000e+00   1.6000000e+01   7.5392584e-15   7.7492188e-01   7.7492188e-01
   5.0000000e+00   1.6000000e+01   7.2077504e-15   7.3914063e-01   7.3914063e-01
   6.0000000e+00   1.6000000e+01   7.3850302e-15   7.6601563e-01   7.6601563e-01
   7.0000000e+00   1.6000000e+01   7.7595761e-15   8.0703125e-01   8.0703125e-01
   8.0000000e+00   1.6000000e+01   7.9653266e-15   8.4265625e-01   8.4265625e-01
   9.0000000e+00   1.6000000e+01   8.2319991e-15   8.6585938e-01   8.6585938e-01
   1.0000000e+01   1.6000000e+01   8.2712218e-15   8.8390625e-01   8.8390625e-01
   1.1000000e+01   1.6000000e+01   8.3171370e-15   8.7015625e-01   8.7015625e-01
   1.2000000e+01   1.6000000e+01   8.1446830e-15   8.6953125e-01   8.6953125e-01
   1.3000000e+01   1.6000000e+01   7.5041769e-15   8.0929688e-01   8.0929688e-01
   1.4000000e+01   1.6000000e+01   7.5912111e-15   7.8062500e-01   7.8062500e-01
   1.5000000e+01   1.6000000e+01   7.6927921e-15   8.2757813e-01   8.2757813e-01
   1.6000000e+01   1.6000000e+01   7.9208035e-15   8.5195313e-01   8.5195313e-01
   1.7000000e+01   1.6000000e+01   7.8914763e-15   8.5750000e-01   8.5750000e-01
   1.8000000e+01   1.6000000e+01   7.8314025e-15   8.3414063e-01   8.3414063e-01
   1.9000000e+01   1.6000000e+01   8.0511902e-15   8.5351563e-01   8.5351563e-01
   2.0000000e+01   1.6000000e+01   7.8597148e-15   8.4250000e-01   8.4250000e-01
   2.1000000e+01   1.6000000e+01   7.4807753e-15   7.9250000e-01   7.9250000e-01
   2.2000000e+01   1.6000000e+01   7.0755867e-15   7.6367188e-01   7.6367188e-01
   2.3000000e+01   1.6000000e+01   7.3220434e-15   7.6234375e-01   7.6234375e-01
   2.4000000e+01   1.6000000e+01   8.2183290e-15   8.4593750e-01   8.4593750e-01
   2.5000000e+01   1.6000000e+01   7.9296913e-15   8.4257813e-01   8.4257813e-01
   2.6000000e+01   1.6000000e+01   8.3865966e-15   8.9742188e-01   8.9742188e-01
   2.7000000e+01   1.6000000e+01   8.2328285e-15   8.8492188e-01   8.8492188e-01
   2.8000000e+01   1.6000000e+01   8.2598008e-15   8.8953125e-01   8.8953125e-01
   2.9000000e+01   1.6000000e+01   8.2119284e-15   8.7343750e-01   8.7343750e-01
   3.0000000e+01   1.6000000e+01   7.7051032e-15   8.2226563e-01   8.2226563e-01
   3.1000000e+01   1.6000000e+01   7.6276319e-15   7.7742188e-01   7.7742188e-01
   3.2000000e+01   1.6000000e+01   7.8065868e-15   8.4328125e-01   8.4328125e-01
   3.3000000e+01   1.6000000e+01   8.4201258e-15   8.7359375e-01   8.7359375e-01
   3.4000000e+01   1.6000000e+01   8.0637477e-15   8.5789063e-01   8.5789063e-01
   3.5000000e+01   1.6000000e+01   8.0365777e-15   8.7296875e-01   8.7296875e-01
   1.0000000e+00   1.7000000e+01   7.9392526e-15   8.1484375e-01   8.1484375e-01
   2.0000000e+00   1.7000000e+01   7.8294518e-15   8.3125000e-01   8.3125000e-01
   3.0000000e+00   1.7000000e+01   7.8014938e-15   8.3031250e-01   8.3031250e-01
   4.0000000e+00   1.7000000e+01   7.4341995e-15   8.1171875e-01   8.1171875e-01
   5.0000000e+00   1.7000000e+01   7.0705706e-15   7.5804688e-01   7.5804688e-01
   6.0000000e+00   1.7000000e+01   7.3261729e-15   7.6265625e-01   7.6265625e-01
   7.0000000e+00   1.7000000e+01   7.5929616e-15   8.1679688e-01   8.1679688e-01
   8.0000000e+00   1.7000000e+01   7.6336212e-15   8.3515625e-01   8.3515625e-01
   9.0000000e+00   1.7000000e+01   8.1547639e-15   8.5234375e-01   8.5234375e-01
   1.0000000e+01   1.7000000e+01   8.4196174e-15   8.6492188e-01   8.6492188e-01
   1.1000000e+01   1.7000000e+01   8.2838056e-15   8.8484375e-01   8.8484375e-01
   1.2000000e+01   1.7000000e+01   7.9132965e-15   8.6398438e-01   8.6398438e-01
   1.3000000e+01   1.7000000e+01   7.4784645e-15   7.9007813e-01   7.9007813e-01
   1.4000000e+01   1.7000000e+01   7.2801113e-15   7.7968750e-01   7.7968750e-01
   1.5000000e+01   1.7000000e+01   7.8932803e-15   8.0703125e-01   8.0703125e-01
   1.6000000e+01   1.7000000e+01   7.7242309e-15   8.3320313e-01   8.3320313e-01
   1.7000000e+01   1.7000000e+01   7.7117337e-15   8.5695313e-01   8.5695313e-01
   1.8000000e+01   1.7000000e+01   7.9442917e-15   8.3445313e-01   8.3445313e-01
   1.9000000e+01   1.7000000e+01   7.9351760e-15   8.6585938e-01   8.6585938e-01
   2.0000000e+01   1.7000000e+01   7.5899933e-15   8.1296875e-01   8.1296875e-01
   2.1000000e+01   1.7000000e+01   7.7309772e-15   8.0945313e-01   8.0945313e-01
   2.2000000e+01   1.7000000e+01   6.8846061e-15   7.5726563e-01   7.5726563e-01
   2.3000000e+01   1.7000000e+01   7.2741543e-15   7.7015625e-01   7.7015625e-01
   2.4000000e+01   1.7000000e+01   7.8458726e-15   8.2703125e-01   8.2703125e-01
   2.5000000e+01   1.7000000e+01   7.7637876e-15   8.3429688e-01   8.3429688e-01
   2.6000000e+01   1.7000000e+01   8.1066579e-15   8.6257813e-01   8.6257813e-01
   2.7000000e+01   1.7000000e+01   8.4709082e-15   9.0148438e-01   9.0148438e-01
   2.8000000e+01   1.7000000e+01   8.1767011e-15   8.7320313e-01   8.7320313e-01
   2.9000000e+01   1.7000000e+01   8.1893337e-15   8.4960938e-01   8.4960938e-01
   3.0000000e+01   1.7000000e+01   7.7880356e-15   7.9203125e-01   7.9203125e-01
   3.1000000e+01   1.7000000e+01   7.5753420e-15   8.0148438e-01   8.0148438e-01
   3.2000000e+01   1.7000000e+01   7.8977530e-15   8.2570313e-01   8.2570313e-01
   3.3000000e+01   1.7000000e+01   8.0522320e-15   8.4804688e-01   8.4804688e-01
   3.4000000e+01   1.7000000e+01   8.0948542e-15   8.5390625e-01   8.5390625e-01
   3.5000000e+01   1.7000000e+01   8.0794527e-15   8.6859375e-01   8.6859375e-01
   1.0000000e+00   1.8000000e+01   8.2267512e-15   8.4578125e-01   8.4578125e-01
   2.0000000e+00   1.8000000e+01   7.9126876e-15   8.3585938e-01   8.3585938e-01
   3.0000000e+00   1.8000000e+01   7.9161975e-15   8.1179688e-01   8.1179688e-01
   4.0000000e+00   1.8000000e+01   7.8206760e-15   8.0796875e-01   8.0796875e-01
   5.0000000e+00   1.8000000e+01   7.2723932e-15   7.7515625e-01   7.7515625e-01
   6.0000000e+00   1.8000000e+01   7.3828677e-15   7.6781250e-01   7.6781250e-01
   7.0000000e+00   1.8000000e+01   7.6985706e-15   8.1335938e-01   8.1335938e-01
   8.0000000e+00   1.8000000e+01   8.0069343e-15   8.5390625e-01   8.5390625e-01
   9.0000000e+00   1.8000000e+01   7.9741841e-15   8.8203125e-01   8.8203125e-01
   1.0000000e+01   1.8000000e+01   8.1800466e-15   8.6757813e-01   8.6757813e-01
   1.1000000e+01   1.8000000e+01   8.0553324e-15   8.6218750e-01   8.6218750e-01
   1.2000000e+01   1.8000000e+01   8.1260227e-15   8.6000000e-01   8.6000000e-01
   1.3000000e+01   1.8000000e+01   7.4834394e-15   7.7687500e-01   7.7687500e-01
   1.4000000e+01   1.8000000e+01   7.5742650e-15   8.0000000e-01   8.0000000e-01
   1.5000000e+01   1.8000000e+01   7.8915414e-15   8.1132813e-01   8.1132813e-01
   1.6000000e+01   1.8000000e+01   8.1721395e-15   8.3359375e-01   8.3359375e-01
   1.7000000e+01   1.8000000e+01   8.2793795e-15   8.7429688e-01   8.7429688e-01
   1.8000000e+01   1.8000000e+01   7.9101409e-15   8.3671875e-01   8.3671875e-01
   1.9000000e+01   1.8000000e+01   8.0885660e-15   8.3304688e-01   8.3304688e-01
   2.0000000e+01   1.8000000e+01   8.0001673e-15   8.3343750e-01   8.3343750e-01
   2.1000000e+01   1.8000000e+01   7.4204838e-15   7.7687500e-01   7.7687500e-01
   2.2000000e+01   1.8000000e+01   7.2877510e-15   7.6445313e-01   7.6445313e-01
   2.3000000e+01   1.8000000e+01   7.4271668e-15   7.7929688e-01   7.7929688e-01
   2.4000000e+01   1.8000000e+01   7.8591503e-15   8.5343750e-01   8.5343750e-01
   2.5000000e+01   1.8000000e+01   8.0823170e-15   8.7664063e-01   8.7664063e-01
   2.6000000e+01   1.8000000e+01   7.9336781e-15   8.3335938e-01   8.3335938e-01
   2.7000000e+01   1.8000000e+01   8.1677712e-15   8.7421875e-01   8.7421875e-01
   2.8000000e+01   1.8000000e+01   8.1378428e-15   8.8562500e-01   8.8562500e-01
   2.9000000e+01   1.8000000e+01   7.8488976e-15   8.5203125e-01   8.5203125e-01
   3.0000000e+01   1.8000000e+01   7.4735042e-15   7.3476563e-01   7.3476563e-01
   3.1000000e+01   1.8000000e+01   7.6201058e-15   8.2125000e-01   8.2125000e-01
   3.2000000e+01   1.8000000e+01   7.7154635e-15   8.2945313e-01   8.2945313e-01
   3.3000000e+01   1.8000000e+01   8.1452099e-15   8.6984375e-01   8.6984375e-01
   3.4000000e+01   1.8000000e+01   8.3274518e-15   8.7085938e-01   8.7085938e-01
   3.5000000e+01   1.8000000e+01   7.6349356e-15   8.1773438e-01   8.1773438e-01
   1.0000000e+00   1.9000000e+01   8.2097022e-15   8.4921875e-01   8.4921875e-01
   2.0000000e+00   1.9000000e+01   7.8370656e-15   8.3359375e-01   8.3359375e-01
   3.0000000e+00   1.9000000e+01   7.9323773e-15   7.9757813e-01   7.9757813e-01
   4.0000000e+00   1.9000000e+01   7.6895245e-15   7.8023438e-01   7.8023438e-01
   5.0000000e+00   1.9000000e+01   7.0293151e-15   7.6656250e-01   7.6656250e-01
   6.0000000e+00   1.9000000e+01   7.7065704e-15   8.0234375e-01   8.0234375e-01
   7.0000000e+00   1.9000000e+01   8.1625626e-15   8.4601563e-01   8.4601563e-01
   8.0000000e+00   1.9000000e+01   7.8991812e-15   8.5898438e-01   8.5898438e-01
   9.0000000e+00   1.9000000e+01   8.3287924e-15   8.7812500e-01   8.7812500e-01
   1.0000000e+01   1.9000000e+01   8.3169421e-15   8.7765625e-01   8.7765625e-01
   1.1000000e+01   1.9000000e+01   8.1594368e-15   8.8468750e-01   8.8468750e-01
   1.2000000e+01   1.9000000e+01   8.3742062e-15   9.1062500e-01   9.1062500e-01
   1.3000000e+01   1.9000000e+01   7.7002713e-15   8.0382813e-01   8.0382813e-01
   1.4000000e+01   1.9000000e+01   7.8087019e-15   8.2734375e-01   8.2734375e-01
   1.5000000e+01   1.9000000e+01   7.7694111e-15   8.2882813e-01   8.2882813e-01
   1.6000000e+01   1.9000000e+01   8.1992732e-15   8.5195313e-01   8.5195313e-01
   1.7000000e+01   1.9000000e+01   8.0623266e-15   8.7351563e-01   8.7351563e-01
   1.8000000e+01   1.9000000e+01   8.0190798e-15   8.5718750e-01   8.5718750e-01
   1.9000000e+01   1.9000000e+01   8.0684870e-15   8.4257813e-01   8.4257813e-01
   2.0000000e+01   1.9000000e+01   7.7881924e-15   8.5078125e-01   8.5078125e-01
   2.1000000e+01   1.9000000e+01   7.6142201e-15   7.8484375e-01   7.8484375e-01
   2.2000000e+01   1.9000000e+01   7.1603812e-15   7.4437500e-01   7.4437500e-01
   2.3000000e+01   1.9000000e+01   7.8621635e-15   7.8445313e-01   7.8445313e-01
   2.4000000e+01   1.9000000e+01   7.9101738e-15   8.6500000e-01   8.6500000e-01
   2.5000000e+01   1.9000000e+01   8.0027837e-15   8.7304688e-01   8.7304688e-01
   2.6000000e+01   1.9000000e+01   8.0067639e-15   8.8585938e-01   8.8585938e-01
   2.7000000e+01   1.9000000e+01   8.5866847e-15   9.0617188e-01   9.0617188e-01
   2.8000000e+01   1.9000000e+01   8.2326125e-15   8.9992188e-01   8.9992188e-01
   2.9000000e+01   1.9000000e+01   7.8853027e-15   8.3148438e-01   8.3148438e-01
   3.0000000e+01   1.9000000e+01   7.3895996e-15   8.0171875e-01   8.0171875e-01
   3.1000000e+01   1.9000000e+01   7.7087662e-15   7.9179688e-01   7.9179688e-01
   3.2000000e+01   1.9000000e+01   7.8777559e-15   8.4679688e-01   8.4679688e-01
   3.3000000e+01   1.9000000e+01   8.1382547e-15   8.5109375e-01   8.5109375e-01
   3.4000000e+01   1.9000000e+01   7.8387257e-15   8.5828125e-01   8.5828125e-01
   3.5000000e+01   1.9000000e+01   7.9432591e-15   8.4093750e-01   8.4093750e-01
   1.0000000e+00   2.0000000e+01   8.1043525e-15   8.7734375e-01   8.7734375e-01
   2.0000000e+00   2.0000000e+01   7.7556987e-15   8.3250000e-01   8.3250000e-01
   3.0000000e+00   2.0000000e+01   8.1813383e-15   8.8609375e-01   8.8609375e-01
   4.0000000e+00   2.0000000e+01   7.7406604e-15   8.1445313e-01   8.1445313e-01
   5.0000000e+00   2.0000000e+01   7.3810932e-15   7.9125000e-01   7.9125000e-01
   6.0000000e+00   2.0000000e+01   7.6879056e-15   8.2187500e-01   8.2187500e-01
   7.0000000e+00   2.0000000e+01   8.1209889e-15   8.6578125e-01   8.6578125e-01
   8.0000000e+00   2.0000000e+01   8.5627071e-15   9.1507813e-01   9.1507813e-01
   9.0000000e+00   2.0000000e+01   8.3773168e-15   9.1500000e-01   9.1500000e-01
   1.0000000e+01   2.0000000e+01   8.7406455e-15   9.3367188e-01   9.3367188e-01
   1.1000000e+01   2.0000000e+01   8.5403207e-15   8.8742188e-01   8.8742188e-01
   1.2000000e+01   2.0000000e+01   8.2092543e-15   9.0421875e-01   9.0421875e-01
   1.3000000e+01   2.0000000e+01   7.5600902e-15   7.9195313e-01   7.9195313e-01
   1.4000000e+01   2.0000000e+01   7.7571626e-15   8.1179688e-01   8.1179688e-01
   1.5000000e+01   2.0000000e+01   7.9382834e-15   8.3765625e-01   8.3765625e-01
   1.6000000e+01   2.0000000e+01   7.9873835e-15   8.6968750e-01   8.6968750e-01
   1.7000000e+01   2.0000000e+01   8.2133159e-15   8.9773438e-01   8.9773438e-01
   1.8000000e+01   2.0000000e+01   8.0316534e-15   8.6929688e-01   8.6929688e-01
   1.9000000e+01   2.0000000e+01   8.1359631e-15   8.7414063e-01   8.7414063e-01
   2.0000000e+01   2.0000000e+01   8.0428534e-15   8.3109375e-01   8.3109375e-01
   2.1000000e+01   2.0000000e+01   7.8325934e-15   7.9882813e-01   7.9882813e-01
   2.2000000e+01   2.0000000e+01   7.5826882e-15   7.7890625e-01   7.7890625e-01
   2.3000000e+01   2.0000000e+01   7.9652289e-15   8.2156250e-01   8.2156250e-01
   2.4000000e+01   2.0000000e+01   8.4179154e-15   8.6828125e-01   8.6828125e-01
   2.5000000e+01   2.0000000e+01   8.2376817e-15   8.8375000e-01   8.8375000e-01
   2.6000000e+01   2.0000000e+01   8.5089445e-15   8.9945313e-01   8.9945313e-01
   2.7000000e+01   2.0000000e+01   8.6407436e-15   9.0710938e-01   9.0710938e-01
   2.8000000e+01   2.0000000e+01   8.3542761e-15   9.0796875e-01   9.0796875e-01
   2.9000000e+01   2.0000000e+01   8.1890768e-15   8.4312500e-01   8.4312500e-01
   3.0000000e+01   2.0000000e+01   7.7272172e-15   8.3625000e-01   8.3625000e-01
   3.1000000e+01   2.0000000e+01   7.7588563e-15   7.9945313e-01   7.9945313e-01
   3.2000000e+01   2.0000000e+01   8.0731573e-15   8.6414063e-01   8.6414063e-01
   3.3000000e+01   2.0000000e+01   8.2007920e-15   8.4929688e-01   8.4929688e-01
   3.4000000e+01   2.0000000e+01   8.1418465e-15   8.8843750e-01   8.8843750e-01
   3.5000000e+01   2.0000000e+01   8.1185979e-15   8.3179688e-01   8.3179688e-01
   1.0000000e+00   2.1000000e+01   8.5093753e-15   8.9710938e-01   8.9710938e-01
   2.0000000e+00   2.1000000e+01   8.4173226e-15   8.8132813e-01   8.8132813e-01
   3.0000000e+00   2.1000000e+01   8.2612442e-15   8.9289063e-01   8.9289063e-01
   4.0000000e+00   2.1000000e+01   8.0163457e-15   8.3976563e-01   8.3976563e-01
   5.0000000e+00   2.1000000e+01   7.8917967e-15   8.1843750e-01   8.1843750e-01
   6.0000000e+00   2.1000000e+01   8.1895095e-15   8.3695313e-01   8.3695313e-01
   7.0000000e+00   2.1000000e+01   8.1855140e-15   8.8835938e-01   8.8835938e-01
   8.0000000e+00   2.1000000e+01   8.5292680e-15   9.1968750e-01   9.1968750e-01
   9.0000000e+00   2.1000000e+01   8.8422672e-15   9.2679688e-01   9.2679688e-01
   1.0000000e+01   2.1000000e+01   8.8291018e-15   9.3328125e-01   9.3328125e-01
   1.1000000e+01   2.1000000e+01   8.8914028e-15   9.5023438e-01   9.5023438e-01
   1.2000000e+01   2.1000000e+01   8.6052842e-15   8.8109375e-01   8.8109375e-01
   1.3000000e+01   2.1000000e+01   8.0783100e-15   8.5031250e-01   8.5031250e-01
   1.4000000e+01   2.1000000e+01   8.2520260e-15   8.5007813e-01   8.5007813e-01
   1.5000000e+01   2.1000000e+01   8.2783618e-15   8.7484375e-01   8.7484375e-01
   1.6000000e+01   2.1000000e+01   8.2352503e-15   8.7484375e-01   8.7484375e-01
   1.7000000e+01   2.1000000e+01   8.6363900e-15   8.8445313e-01   8.8445313e-01
   1.8000000e+01   2.1000000e+01   8.4944164e-15   8.9210938e-01   8.9210938e-01
   1.9000000e+01   2.1000000e+01   8.3180841e-15   8.9578125e-01   8.9578125e-01
   2.0000000e+01   2.1000000e+01   8.4067901e-15   8.6515625e-01   8.6515625e-01
   2.1000000e+01   2.1000000e+01   7.8609175e-15   7.9898438e-01   7.9898438e-01
   2.2000000e+01   2.1000000e+01   7.7463372e-15   7.9273438e-01   7.9273438e-01
   2.3000000e+01   2.1000000e+01   8.0589416e-15   8.5984375e-01   8.5984375e-01
   2.4000000e+01   2.1000000e+01   8.6105995e-15   9.0585938e-01   9.0585938e-01
   2.5000000e+01   2.1000000e+01   9.1334237e-15   9.5437500e-01   9.5437500e-01
   2.6000000e+01   2.1000000e+01   8.6454798e-15   9.1250000e-01   9.1250000e-01
   2.7000000e+01   2.1000000e+01   8.9304091e-15   9.2703125e-01   9.2703125e-01
   2.8000000e+01   2.1000000e+01   8.8675898e-15   9.1500000e-01   9.1500000e-01
   2.9000000e+01   2.1000000e+01   8.3466578e-15   8.7414063e-01   8.7414063e-01
   3.0000000e+01   2.1000000e+01   8.0304964e-15   8.3015625e-01   8.3015625e-01
   3.1000000e+01   2.1000000e+01   7.8997899e-15   8.3773438e-01   8.3773438e-01
   3.2000000e+01   2.1000000e+01   8.5052521e-15   8.8093750e-01   8.8093750e-01
   3.3000000e+01   2.1000000e+01   8.5186263e-15   8.7914063e-01   8.7914063e-01
   3.4000000e+01   2.1000000e+01   8.3247638e-15   8.8546875e-01   8.8546875e-01
   3.5000000e+01   2.1000000e+01   8.1722254e-15   8.5085938e-01   8.5085938e-01
   1.0000000e+00   2.2000000e+01   8.6555087e-15   9.1953125e-01   9.1953125e-01
   2.0000000e+00   2.2000000e+01   8.7271481e-15   9.1703125e-01   9.1703125e-01
   3.0000000e+00   2.2000000e+01   8.6124861e-15   9.0023438e-01   9.0023438e-01
   4.0000000e+00   2.2000000e+01   8.0863934e-15   8.4664063e-01   8.4664063e-01
   5.0000000e+00   2.2000000e+01   7.8015380e-15   8.2585938e-01   8.2585938e-01
   6.0000000e+00   2.2000000e+01   8.3086953e-15   8.8039063e-01   8.8039063e-01
   7.0000000e+00   2.2000000e+01   8.8605799e-15   9.1492188e-01   9.1492188e-01
   8.0000000e+00   2.2000000e+01   8.7412050e-15   9.3968750e-01   9.3968750e-01
   9.0000000e+00   2.2000000e+01   9.1565731e-15   9.5203125e-01   9.5203125e-01
   1.0000000e+01   2.2000000e+01   8.7966257e-15   9.4703125e-01   9.4703125e-01
   1.1000000e+01   2.2000000e+01   8.9667852e-15   9.8640625e-01   9.8640625e-01
   1.2000000e+01   2.2000000e+01   9.0864632e-15   9.3750000e-01   9.3750000e-01
   1.3000000e+01   2.2000000e+01   8.1592663e-15   8.6640625e-01   8.6640625e-01
   1.4000000e+01   2.2000000e+01   8.1598170e-15   8.6796875e-01   8.6796875e-01
   1.5000000e+01   2.2000000e+01   8.4579439e-15   8.9789063e-01   8.9789063e-01
   1.6000000e+01   2.2000000e+01   8.5722265e-15   9.3851563e-01   9.3851563e-01
   1.7000000e+01   2.2000000e+01   8.5937160e-15   9.2320313e-01   9.2320313e-01
   1.8000000e+01   2.2000000e+01   8.3580591e-15   8.9062500e-01   8.9062500e-01
   1.9000000e+01   2.2000000e+01   8.4015641e-15   8.5085938e-01   8.5085938e-01
   2.0000000e+01   2.2000000e+01   7.8052525e-15   8.6234375e-01   8.6234375e-01
   2.1000000e+01   2.2000000e+01   7.6900247e-15   8.4125000e-01   8.4125000e-01
   2.2000000e+01   2.2000000e+01   7.8830888e-15   8.6218750e-01   8.6218750e-01
   2.3000000e+01   2.2000000e+01   8.5435849e-15   8.8187500e-01   8.8187500e-01
   2.4000000e+01   2.2000000e+01   8.5936386e-15   9.1171875e-01   9.1171875e-01
   2.5000000e+01   2.2000000e+01   8.5577083e-15   9.4929688e-01   9.4929688e-01
   2.6000000e+01   2.2000000e+01   8.7149266e-15   9.7617188e-01   9.7617188e-01
   2.7000000e+01   2.2000000e+01   8.7636428e-15   9.4703125e-01   9.4703125e-01
   2.8000000e+01   2.2000000e+01   8.9160589e-15   9.6531250e-01   9.6531250e-01
   2.9000000e+01   2.2000000e+01   8.3992868e-15   9.1140625e-01   9.1140625e-01
   3.0000000e+01   2.2000000e+01   8.0724747e-15   8.5414063e-01   8.5414063e-01
   3.1000000e+01   2.2000000e+01   8.3342605e-15   8.8359375e-01   8.8359375e-01
   3.2000000e+01   2.2000000e+01   8.6101097e-15   9.1546875e-01   9.1546875e-01
   3.3000000e+01   2.2000000e+01   8.4052670e-15   9.0687500e-01   9.0687500e-01
   3.4000000e+01   2.2000000e+01   8.2722040e-15   9.0773438e-01   9.0773438e-01
   3.5000000e+01   2.2000000e+01   8.3232783e-15   8.7515625e-01   8.7515625e-01
   1.0000000e+00   2.3000000e+01   8.7082269e-15   9.3625000e-01   9.3625000e-01
   2.0000000e+00   2.3000000e+01   8.7006676e-15   9.4789063e-01   9.4789063e-01
   3.0000000e+00   2.3000000e+01   8.4424085e-15   9.1585938e-01   9.1585938e-01
   4.0000000e+00   2.3000000e+01   7.9990433e-15   8.1929688e-01   8.1929688e-01
   5.0000000e+00   2.3000000e+01   7.9905261e-15   8.6007813e-01   8.6007813e-01
   6.0000000e+00   2.3000000e+01   8.3683615e-15   9.1718750e-01   9.1718750e-01
   7.0000000e+00   2.3000000e+01   9.0337722e-15   9.7812500e-01   9.7812500e-01
   8.0000000e+00   2.3000000e+01   8.9625892e-15   9.7000000e-01   9.7000000e-01
   9.0000000e+00   2.3000000e+01   9.3674605e-15   9.8632813e-01   9.8632813e-01
   1.0000000e+01   2.3000000e+01   9.1981270e-15   9.9578125e-01   9.9578125e-01
   1.1000000e+01   2.3000000e+01   9.0288592e-15   9.6992188e-01   9.6992188e-01
   1.2000000e+01   2.3000000e+01   8.7005434e-15   9.4179688e-01   9.4179688e-01
   1.3000000e+01   2.3000000e+01   8.0230706e-15   8.5960938e-01   8.5960938e-01
   1.4000000e+01   2.3000000e+01   8.2344155e-15   8.8187500e-01   8.8187500e-01
   1.5000000e+01   2.3000000e+01   8.4094348e-15   9.0695313e-01   9.0695313e-01
   1.6000000e+01   2.3000000e+01   8.6926362e-15   9.4687500e-01   9.4687500e-01
   1.7000000e+01   2.3000000e+01   8.6622435e-15   9.5648438e-01   9.5648438e-01
   1.8000000e+01   2.3000000e+01   8.5248413e-15   9.5882813e-01   9.5882813e-01
   1.9000000e+01   2.3000000e+01   8.3199450e-15   9.2554688e-01   9.2554688e-01
   2.0000000e+01   2.3000000e+01   8.1642745e-15   8.8632813e-01   8.8632813e-01
   2.1000000e+01   2.3000000e+01   7.7573877e-15   8.4570313e-01   8.4570313e-01
   2.2000000e+01   2.3000000e+01   8.1495895e-15   8.2281250e-01   8.2281250e-01
   2.3000000e+01   2.3000000e+01   8.3884448e-15   8.8320313e-01   8.8320313e-01
   2.4000000e+01   2.3000000e+01   8.8809254e-15   9.4609375e-01   9.4609375e-01
   2.5000000e+01   2.3000000e+01   9.1282812e-15   9.7078125e-01   9.7078125e-01
   2.6000000e+01   2.3000000e+01   8.8755204e-15   9.6132813e-01   9.6132813e-01
   2.7000000e+01   2.3000000e+01   9.0193563e-15   9.6859375e-01   9.6859375e-01
   2.8000000e+01   2.3000000e+01   8.8624008e-15   9.5398438e-01   9.5398438e-01
   2.9000000e+01   2.3000000e+01   8.3332509e-15   9.0257813e-01   9.0257813e-01
   3.0000000e+01   2.3000000e+01   7.7970360e-15   8.6132813e-01   8.6132813e-01
   3.1000000e+01   2.3000000e+01   8.5962324e-15   9.0367188e-01   9.0367188e-01
   3.2000000e+01   2.3000000e+01   8.7965587e-15   9.3000000e-01   9.3000000e-01
   3.3000000e+01   2.3000000e+01   8.6654677e-15   9.3585938e-01   9.3585938e-01
   3.4000000e+01   2.3000000e+01   8.7370958e-15   9.3703125e-01   9.3703125e-01
   3.5000000e+01   2.3000000e+01   8.6144045e-15   9.2437500e-01   9.2437500e-01
   1.0000000e+00   2.4000000e+01   8.9927458e-15   9.6109375e-01   9.6109375e-01
   2.0000000e+00   2.4000000e+01   8.6701552e-15   9.2593750e-01   9.2593750e-01
   3.0000000e+00   2.4000000e+01   8.5707645e-15   9.2968750e-01   9.2968750e-01
   4.0000000e+00   2.4000000e+01   8.0590806e-15   8.6359375e-01   8.6359375e-01
   5.0000000e+00   2.4000000e+01   8.1459843e-15   8.7593750e-01   8.7593750e-01
   6.0000000e+00   2.4000000e+01   8.4787265e-15   8.9984375e-01   8.9984375e-01
   7.0000000e+00   2.4000000e+01   8.9376836e-15   9.3718750e-01   9.3718750e-01
   8.0000000e+00   2.4000000e+01   9.0237898e-15   9.5257813e-01   9.5257813e-01
   9.0000000e+00   2.4000000e+01   9.1558644e-15   9.6328125e-01   9.6328125e-01
   1.0000000e+01   2.4000000e+01   9.1409602e-15   9.7835938e-01   9.7835938e-01
   1.1000000e+01   2.4000000e+01   9.4141374e-15   9.9109375e-01   9.9109375e-01
   1.2000000e+01   2.4000000e+01   8.8116772e-15   9.2312500e-01   9.2312500e-01
   1.3000000e+01   2.4000000e+01   8.3480665e-15   8.4843750e-01   8.4843750e-01
   1.4000000e+01   2.4000000e+01   8.5552999e-15   8.9179688e-01   8.9179688e-01
   1.5000000e+01   2.4000000e+01   8.8570104e-15   9.4281250e-01   9.4281250e-01
   1.6000000e+01   2.4000000e+01   9.1830612e-15   9.6835938e-01   9.6835938e-01
   1.7000000e+01   2.4000000e+01   8.7463271e-15   9.5867188e-01   9.5867188e-01
   1.8000000e+01   2.4000000e+01   8.7129203e-15   9.3445313e-01   9.3445313e-01
   1.9000000e+01   2.4000000e+01   8.6707164e-15   9.2726563e-01   9.2726563e-01
   2.0000000e+01   2.4000000e+01   8.5726649e-15   9.1750000e-01   9.1750000e-01
   2.1000000e+01   2.4000000e+01   8.1244946e-15   8.5601563e-01   8.5601563e-01
   2.2000000e+01   2.4000000e+01   8.4447743e-15   8.7906250e-01   8.7906250e-01
   2.3000000e+01   2.4000000e+01   8.7004053e-15   9.4296875e-01   9.4296875e-01
   2.4000000e+01   2.4000000e+01   8.8313193e-15   9.5968750e-01   9.5968750e-01
   2.5000000e+01   2.4000000e+01   9.0331206e-15   9.7984375e-01   9.7984375e-01
   2.6000000e+01   2.4000000e+01   9.3830996e-15   9.8828125e-01   9.8828125e-01
   2.7000000e+01   2.4000000e+01   9.0313264e-15   9.9125000e-01   9.9125000e-01
   2.8000000e+01   2.4000000e+01   9.2864427e-15   9.8718750e-01   9.8718750e-01
   2.9000000e+01   2.4000000e+01   8.5406840e-15   9.1585938e-01   9.1585938e-01
   3.0000000e+01   2.4000000e+01   8.0672367e-15   8.8234375e-01   8.8234375e-01
   3.1000000e+01   2.4000000e+01   8.3096627e-15   8.9593750e-01   8.9593750e-01
   3.2000000e+01   2.4000000e+01   8.5195341e-15   9.4171875e-01   9.4171875e-01
   3.3000000e+01   2.4000000e+01   8.5646624e-15   9.3062500e-01   9.3062500e-01
   3.4000000e+01   2.4000000e+01   8.7510311e-15   9.2757813e-01   9.2757813e-01
   3.5000000e+01   2.4000000e+01   8.5824000e-15   9.2718750e-01   9.2718750e-01
   1.0000000e+00   2.5000000e+01   8.8105237e-15   9.8453125e-01   9.8453125e-01
   2.0000000e+00   2.5000000e+01   8.7737549e-15   9.5593750e-01   9.5593750e-01
   3.0000000e+00   2.5000000e+01   8.7339853e-15   9.3789063e-01   9.3789063e-01
   4.0000000e+00   2.5000000e+01   8.6599718e-15   9.0789063e-01   9.0789063e-01
   5.0000000e+00   2.5000000e+01   7.9381198e-15   8.7617188e-01   8.7617188e-01
   6.0000000e+00   2.5000000e+01   8.6859278e-15   9.5062500e-01   9.5062500e-01
   7.0000000e+00   2.5000000e+01   8.6074879e-15   9.3531250e-01   9.3531250e-01
   8.0000000e+00   2.5000000e+01   9.1986576e-15   9.9992188e-01   9.9992188e-01
   9.0000000e+00   2.5000000e+01   9.1006540e-15   1.0015625e+00   1.0015625e+00
   1.0000000e+01   2.5000000e+01   9.4859881e-15   1.0277344e+00   1.0277344e+00
   1.1000000e+01   2.5000000e+01   9.4964064e-15   1.0299219e+00   1.0299219e+00
   1.2000000e+01   2.5000000e+01   8.7131719e-15   9.5585938e-01   9.5585938e-01
   1.3000000e+01   2.5000000e+01   8.6684152e-15   9.0367188e-01   9.0367188e-01
   1.4000000e+01   2.5000000e+01   8.3842166e-15   9.0765625e-01   9.0765625e-01
   1.5000000e+01   2.5000000e+01   9.0242481e-15   9.3859375e-01   9.3859375e-01
   1.6000000e+01   2.5000000e+01   9.4171097e-15   1.0028906e+00   1.0028906e+00
   1.7000000e+01   2.5000000e+01   9.2832991e-15   9.9570313e-01   9.9570313e-01
   1.8000000e+01   2.5000000e+01   8.7841082e-15   9.6648438e-01   9.6648438e-01
   1.9000000e+01   2.5000000e+01   8.9002193e-15   9.5796875e-01   9.5796875e-01
   2.0000000e+01   2.5000000e+01   8.3165093e-15   9.0625000e-01   9.0625000e-01
   2.1000000e+01   2.5000000e+01   8.2182446e-15   8.5484375e-01   8.5484375e-01
   2.2000000e+01   2.5000000e+01   8.7813538e-15   9.1070313e-01   9.1070313e-01
   2.3000000e+01   2.5000000e+01   8.7755054e-15   9.4507813e-01   9.4507813e-01
   2.4000000e+01   2.5000000e+01   8.9145515e-15   9.6125000e-01   9.6125000e-01
   2.5000000e+01   2.5000000e+01   9.1532308e-15   9.8359375e-01   9.8359375e-01
   2.6000000e+01   2.5000000e+01   9.3441040e-15   1.0085156e+00   1.0085156e+00
   2.7000000e+01   2.5000000e+01   9.5815375e-15   1.0284375e+00   1.0284375e+00
   2.8000000e+01   2.5000000e+01   9.0897828e-15   9.7257813e-01   9.7257813e-01
   2.9000000e+01   2.5000000e+01   8.6327607e-15   9.1367188e-01   9.1367188e-01
   3.0000000e+01   2.5000000e+01   8.4147195e-15   8.8671875e-01   8.8671875e-01
   3.1000000e+01   2.5000000e+01   8.6551676e-15   9.3843750e-01   9.3843750e-01
   3.2000000e+01   2.5000000e+01   9.2010904e-15   9.8015625e-01   9.8015625e-01
   3.3000000e+01   2.5000000e+01   8.9498497e-15   9.7718750e-01   9.7718750e-01
   3.4000000e+01   2.5000000e+01   9.2690087e-15   9.9312500e-01   9.9312500e-01
   3.5000000e+01   2.5000000e+01   8.8297905e-15   9.3867188e-01   9.3867188e-01
   1.0000000e+00   2.6000000e+01   9.0790479e-15   9.7046875e-01   9.7046875e-01
   2.0000000e+00   2.6000000e+01   9.2060524e-15   9.8507813e-01   9.8507813e-01
   3.0000000e+00   2.6000000e+01   8.7035028e-15   9.3664063e-01   9.3664063e-01
   4.0000000e+00   2.6000000e+01   7.9862864e-15   8.6554688e-01   8.6554688e-01
   5.0000000e+00   2.6000000e+01   8.6518147e-15   8.9148438e-01   8.9148438e-01
   6.0000000e+00   2.6000000e+01   8.9189274e-15   9.3773438e-01   9.3773438e-01
   7.0000000e+00   2.6000000e+01   9.0483517e-15   9.7734375e-01   9.7734375e-01
   8.0000000e+00   2.6000000e+01   9.2792263e-15   1.0283594e+00   1.0283594e+00
   9.0000000e+00   2.6000000e+01   9.4326361e-15   1.0299219e+00   1.0299219e+00
   1.0000000e+01   2.6000000e+01   9.5860561e-15   1.0333594e+00   1.0333594e+00
   1.1000000e+01   2.6000000e+01   9.7032767e-15   1.0521875e+00   1.0521875e+00
   1.2000000e+01   2.6000000e+01   8.8333816e-15   9.5429688e-01   9.5429688e-01
   1.3000000e+01   2.6000000e+01   8.2562301e-15   8.9976563e-01   8.9976563e-01
   1.4000000e+01   2.6000000e+01   8.4863546e-15   9.3820313e-01   9.3820313e-01
   1.5000000e+01   2.6000000e+01   9.3406669e-15   9.8000000e-01   9.8000000e-01
   1.6000000e+01   2.6000000e+01   9.2470857e-15   1.0012500e+00   1.0012500e+00
   1.7000000e+01   2.6000000e+01   9.2174203e-15   9.9164063e-01   9.9164063e-01
   1.8000000e+01   2.6000000e+01   8.8094165e-15   9.6468750e-01   9.6468750e-01
   1.9000000e+01   2.6000000e+01   8.7472718e-15   9.7148438e-01   9.7148438e-01
   2.0000000e+01   2.6000000e+01   8.3337426e-15   8.8406250e-01   8.8406250e-01
   2.1000000e+01   2.6000000e+01   8.2215326e-15   8.9453125e-01   8.9453125e-01
   2.2000000e+01   2.6000000e+01   8.5867591e-15   9.1585938e-01   9.1585938e-01
   2.3000000e+01   2.6000000e+01   8.6901089e-15   9.6367188e-01   9.6367188e-01
   2.4000000e+01   2.6000000e+01   9.2379128e-15   9.8531250e-01   9.8531250e-01
   2.5000000e+01   2.6000000e+01   9.2556809e-15   1.0037500e+00   1.0037500e+00
   2.6000000e+01   2.6000000e+01   9.2647893e-15   1.0473438e+00   1.0473438e+00
   2.7000000e+01   2.6000000e+01   9.8407717e-15   1.0607031e+00   1.0607031e+00
   2.8000000e+01   2.6000000e+01   9.1733485e-15   9.9679688e-01   9.9679688e-01
   2.9000000e+01   2.6000000e+01   8.3623186e-15   8.9851563e-01   8.9851563e-01
   3.0000000e+01   2.6000000e+01   8.2035079e-15   8.7578125e-01   8.7578125e-01
   3.1000000e+01   2.6000000e+01   8.8571603e-15   9.3125000e-01   9.3125000e-01
   3.2000000e+01   2.6000000e+01   9.3758278e-15   9.8851563e-01   9.8851563e-01
   3.3000000e+01   2.6000000e+01   9.0905604e-15   9.6726563e-01   9.6726563e-01
   3.4000000e+01   2.6000000e+01   9.0741248e-15   9.8203125e-01   9.8203125e-01
   3.5000000e+01   2.6000000e+01   8.6444370e-15   9.4742188e-01   9.4742188e-01
   1.0000000e+00   2.7000000e+01   8.8940100e-15   9.5460938e-01   9.5460938e-01
   2.0000000e+00   2.7000000e+01   9.0656294e-15   9.8609375e-01   9.8609375e-01
   3.0000000e+00   2.7000000e+01   8.6286264e-15   9.2523438e-01   9.2523438e-01
   4.0000000e+00   2.7000000e+01   8.2338645e-15   8.8578125e-01   8.8578125e-01
   5.0000000e+00   2.7000000e+01   8.2066803e-15   9.0546875e-01   9.0546875e-01
   6.0000000e+00   2.7000000e+01   8.9613976e-15   9.6875000e-01   9.6875000e-01
   7.0000000e+00   2.7000000e+01   8.9656177e-15   9.6843750e-01   9.6843750e-01
   8.0000000e+00   2.7000000e+01   9.2174648e-15   9.8539063e-01   9.8539063e-01
   9.0000000e+00   2.7000000e+01   9.4906059e-15   1.0264844e+00   1.0264844e+00
   1.0000000e+01   2.7000000e+01   9.5441634e-15   1.0556250e+00   1.0556250e+00
   1.1000000e+01   2.7000000e+01   9.6386042e-15   1.0500781e+00   1.0500781e+00
   1.2000000e+01   2.7000000e+01   8.8360593e-15   9.7257813e-01   9.7257813e-01
   1.3000000e+01   2.7000000e+01   8.4394647e-15   9.1875000e-01   9.1875000e-01
   1.4000000e+01   2.7000000e+01   8.7589925e-15   9.2039063e-01   9.2039063e-01
   1.5000000e+01   2.7000000e+01   9.3025235e-15   1.0003125e+00   1.0003125e+00
   1.6000000e+01   2.7000000e+01   9.3521473e-15   1.0184375e+00   1.0184375e+00
   1.7000000e+01   2.7000000e+01   9.0643887e-15   9.9031250e-01   9.9031250e-01
   1.8000000e+01   2.7000000e+01   8.8719098e-15   9.7085938e-01   9.7085938e-01
   1.9000000e+01   2.7000000e+01   8.6322829e-15   9.7328125e-01   9.7328125e-01
   2.0000000e+01   2.7000000e+01   8.2839272e-15   9.1601563e-01   9.1601563e-01
   2.1000000e+01   2.7000000e+01   8.2473940e-15   8.9687500e-01   8.9687500e-01
   2.2000000e+01   2.7000000e+01   8.8205020e-15   9.2164063e-01   9.2164063e-01
   2.3000000e+01   2.7000000e+01   8.8833518e-15   9.9289063e-01   9.9289063e-01
   2.4000000e+01   2.7000000e+01   9.2165973e-15   1.0198438e+00   1.0198438e+00
   2.5000000e+01   2.7000000e+01   9.3396852e-15   1.0242969e+00   1.0242969e+00
   2.6000000e+01   2.7000000e+01   9.2922581e-15   1.0286719e+00   1.0286719e+00
   2.7000000e+01   2.7000000e+01   9.3715337e-15   1.0642969e+00   1.0642969e+00
   2.8000000e+01   2.7000000e+01   9.3495430e-15   1.0007813e+00   1.0007813e+00
   2.9000000e+01   2.7000000e+01   8.7328955e-15   9.6203125e-01   9.6203125e-01
   3.0000000e+01   2.7000000e+01   8.5961801e-15   9.2031250e-01   9.2031250e-01
   3.1000000e+01   2.7000000e+01   8.9533255e-15   9.5882813e-01   9.5882813e-01
   3.2000000e+01   2.7000000e+01   9.0108132e-15   1.0083594e+00   1.0083594e+00
   3.3000000e+01   2.7000000e+01   9.3397977e-15   9.8523438e-01   9.8523438e-01
   3.4000000e+01   2.7000000e+01   9.1302670e-15   9.9031250e-01   9.9031250e-01
   3.5000000e+01   2.7000000e+01   9.1728603e-15   9.7023438e-01   9.7023438e-01
   1.0000000e+00   2.8000000e+01   9.1418013e-15   1.0003906e+00   1.0003906e+00
   2.0000000e+00   2.8000000e+01   8.6422061e-15   9.2804688e-01   9.2804688e-01
   3.0000000e+00   2.8000000e+01   8.5330645e-15   9.5210938e-01   9.5210938e-01
   4.0000000e+00   2.8000000e+01   8.4516378e-15   8.6531250e-01   8.6531250e-01
   5.0000000e+00   2.8000000e+01   8.0990698e-15   8.6242188e-01   8.6242188e-01
   6.0000000e+00   2.8000000e+01   8.8137065e-15   9.5429688e-01   9.5429688e-01
   7.0000000e+00   2.8000000e+01   9.0626605e-15   9.8414063e-01   9.8414063e-01
   8.0000000e+00   2.8000000e+01   9.2815217e-15   1.0223438e+00   1.0223438e+00
   9.0000000e+00   2.8000000e+01   9.2178414e-15   1.0269531e+00   1.0269531e+00
   1.0000000e+01   2.8000000e+01   9.8338137e-15   1.0613281e+00   1.0613281e+00
   1.1000000e+01   2.8000000e+01   9.2558040e-15   1.0404688e+00   1.0404688e+00
   1.2000000e+01   2.8000000e+01   8.5541287e-15   9.2531250e-01   9.2531250e-01
   1.3000000e+01   2.8000000e+01   8.5160959e-15   9.3515625e-01   9.3515625e-01
   1.4000000e+01   2.8000000e+01   8.4083326e-15   9.3671875e-01   9.3671875e-01
   1.5000000e+01   2.8000000e+01   9.1621047e-15   1.0079688e+00   1.0079688e+00
   1.6000000e+01   2.8000000e+01   8.9120574e-15   1.0209375e+00   1.0209375e+00
   1.7000000e+01   2.8000000e+01   9.0331175e-15   9.9476563e-01   9.9476563e-01
   1.8000000e+01   2.8000000e+01   8.8546579e-15   9.4992188e-01   9.4992188e-01
   1.9000000e+01   2.8000000e+01   8.5595959e-15   9.1875000e-01   9.1875000e-01
   2.0000000e+01   2.8000000e+01   7.6511380e-15   8.7406250e-01   8.7406250e-01
   2.1000000e+01   2.8000000e+01   4.6708269e-15   6.1664063e-01   6.1664063e-01
   2.2000000e+01   2.8000000e+01   8.1116567e-15   8.8976563e-01   8.8976563e-01
   2.3000000e+01   2.8000000e+01   7.9037317e-15   9.0937500e-01   9.0937500e-01
   2.4000000e+01   2.8000000e+01   6.3429488e-15   8.3734375e-01   8.3734375e-01
   2.5000000e+01   2.8000000e+01   6.8152162e-15   7.8460938e-01   7.8460938e-01
   2.6000000e+01   2.8000000e+01   9.6671567e-15   1.0221875e+00   1.0221875e+00
   2.7000000e+01   2.8000000e+01   9.6623408e-15   1.0640625e+00   1.0640625e+00
   2.8000000e+01   2.8000000e+01   8.9577166e-15   9.9453125e-01   9.9453125e-01
   2.9000000e+01   2.8000000e+01   8.6033459e-15   9.1093750e-01   9.1093750e-01
   3.0000000e+01   2.8000000e+01   7.9561727e-15   8.8882813e-01   8.8882813e-01
   3.1000000e+01   2.8000000e+01   8.4999873e-15   8.8656250e-01   8.8656250e-01
   3.2000000e+01   2.8000000e+01   7.2211463e-15   8.0023438e-01   8.0023438e-01
   3.3000000e+01   2.8000000e+01   6.4547168e-15   7.5773438e-01   7.5773438e-01
   3.4000000e+01   2.8000000e+01   7.9991630e-15   8.1484375e-01   8.1484375e-01
   3.5000000e+01   2.8000000e+01   7.2603899e-15   8.0656250e-01   8.0656250e-01
   1.0000000e+00   2.9000000e+01   5.9067496e-15   7.1703125e-01   7.1703125e-01
   2.0000000e+00   2.9000000e+01   5.6383978e-15   7.3015625e-01   7.3015625e-01
   3.0000000e+00   2.9000000e+01   5.8549736e-15   7.1046875e-01   7.1046875e-01
   4.0000000e+00   2.9000000e+01   5.5211099e-15   6.8703125e-01   6.8703125e-01
   5.0000000e+00   2.9000000e+01   7.7565530e-15   8.3312500e-01   8.3312500e-01
   6.0000000e+00   2.9000000e+01   6.5407319e-15   7.3781250e-01   7.3781250e-01
   7.0000000e+00   2.9000000e+01   7.2892542e-15   8.0492188e-01   8.0492188e-01
   8.0000000e+00   2.9000000e+01   8.0464943e-15   8.3882813e-01   8.3882813e-01
   9.0000000e+00   2.9000000e+01   8.4201461e-15   9.4375000e-01   9.4375000e-01
   1.0000000e+01   2.9000000e+01   8.8847012e-15   9.6367188e-01   9.6367188e-01
   1.1000000e+01   2.9000000e+01   5.5696169e-15   6.0187500e-01   6.0187500e-01
   1.2000000e+01   2.9000000e+01   6.8813804e-15   7.7304688e-01   7.7304688e-01
   1.3000000e+01   2.9000000e+01   7.0811453e-15   7.5609375e-01   7.5609375e-01
   1.4000000e+01   2.9000000e+01   5.6596567e-15   7.2820313e-01   7.2820313e-01
   1.5000000e+01   2.9000000e+01   5.5303181e-15   5.9195313e-01   5.9195313e-01
   1.6000000e+01   2.9000000e+01   6.8000635e-15   7.5468750e-01   7.5468750e-01
   1.7000000e+01   2.9000000e+01   6.3610436e-15   7.8210938e-01   7.8210938e-01
   1.8000000e+01   2.9000000e+01   8.4352240e-15   9.1554688e-01   9.1554688e-01
   1.9000000e+01   2.9000000e+01   4.9669572e-15   6.1882813e-01   6.1882813e-01
   2.0000000e+01   2.9000000e+01   6.3783283e-15   5.8695313e-01   5.8695313e-01
   2.1000000e+01   2.9000000e+01   7.3761813e-15   4.8453125e-01   4.8453125e-01
   2.2000000e+01   2.9000000e+01   6.7362869e-15   5.6937500e-01   5.6937500e-01
   2.3000000e+01   2.9000000e+01   8.5902833e-15   9.3648438e-01   9.3648438e-01
   2.4000000e+01   2.9000000e+01   6.6995844e-15   7.5328125e-01   7.5328125e-01
   2.5000000e+01   2.9000000e+01   8.4416146e-15   9.1945313e-01   9.1945313e-01
   2.6000000e+01   2.9000000e+01   6.9260775e-15   7.7101563e-01   7.7101563e-01
   2.7000000e+01   2.9000000e+01   9.0715913e-15   9.5843750e-01   9.5843750e-01
   2.8000000e+01   2.9000000e+01   8.4850814e-15   9.1226563e-01   9.1226563e-01
   2.9000000e+01   2.9000000e+01   7.9529206e-15   8.4468750e-01   8.4468750e-01
   3.0000000e+01   2.9000000e+01   6.3503082e-15   5.7046875e-01   5.7046875e-01
   3.1000000e+01   2.9000000e+01   6.6137366e-15   6.2914063e-01   6.2914063e-01
   3.2000000e+01   2.9000000e+01   7.5919049e-15   5.5890625e-01   5.5890625e-01
   3.3000000e+01   2.9000000e+01   7.3764661e-15   6.2984375e-01   6.2984375e-01
   3.4000000e+01   2.9000000e+01   6.1039120e-15   5.0937500e-01   5.0937500e-01
   3.5000000e+01   2.9000000e+01   8.5262062e-15   9.0695313e-01   9.0695313e-01
   1.0000000e+00   3.0000000e+01   7.7077751e-15   8.4375000e-01   8.4375000e-01
   2.0000000e+00   3.0000000e+01   6.4952345e-15   7.1367188e-01   7.1367188e-01
   3.0000000e+00   3.0000000e+01   7.5720128e-15   7.6625000e-01   7.6625000e-01
   4.0000000e+00   3.0000000e+01   6.9546323e-15   7.0484375e-01   7.0484375e-01
   5.0000000e+00   3.0000000e+01   5.4298502e-15   6.3359375e-01   6.3359375e-01
   6.0000000e+00   3.0000000e+01   7.5596030e-15   7.6476563e-01   7.6476563e-01
   7.0000000e+00   3.0000000e+01   8.1546829e-15   8.3023438e-01   8.3023438e-01
   8.0000000e+00   3.0000000e+01   8.3671873e-15   9.0210938e-01   9.0210938e-01
   9.0000000e+00   3.0000000e+01   8.5678165e-15   8.9804688e-01   8.9804688e-01
   1.0000000e+01   3.0000000e+01   8.8062453e-15   9.6757813e-01   9.6757813e-01
   1.1000000e+01   3.0000000e+01   8.3620402e-15   9.1429688e-01   9.1429688e-01
   1.2000000e+01   3.0000000e+01   8.2651757e-15   8.3390625e-01   8.3390625e-01
   1.3000000e+01   3.0000000e+01   7.7722489e-15   8.3546875e-01   8.3546875e-01
   1.4000000e+01   3.0000000e+01   6.9495343e-15   7.7765625e-01   7.7765625e-01
   1.5000000e+01   3.0000000e+01   8.8209372e-15   9.3296875e-01   9.3296875e-01
   1.6000000e+01   3.0000000e+01   6.7939750e-15   7.1632813e-01   7.1632813e-01
   1.7000000e+01   3.0000000e+01   7.3175035e-15   7.7140625e-01   7.7140625e-01
   1.8000000e+01   3.0000000e+01   8.3757238e-15   9.1460938e-01   9.1460938e-01
   1.9000000e+01   3.0000000e+01   5.5985080e-15   6.7078125e-01   6.7078125e-01
   2.0000000e+01   3.0000000e+01   6.7287347e-15   7.5765625e-01   7.5765625e-01
   2.1000000e+01   3.0000000e+01   6.9640898e-15   7.1414063e-01   7.1414063e-01
   2.2000000e+01   3.0000000e+01   7.8333897e-15   7.7398438e-01   7.7398438e-01
   2.3000000e+01   3.0000000e+01   8.2126608e-15   8.3890625e-01   8.3890625e-01
   2.4000000e+01   3.0000000e+01   8.2978795e-15   8.3015625e-01   8.3015625e-01
   2.5000000e+01   3.0000000e+01   8.6053930e-15   8.8187500e-01   8.8187500e-01
   2.6000000e+01   3.0000000e+01   6.4099422e-15   7.2781250e-01   7.2781250e-01
   2.7000000e+01   3.0000000e+01   6.9096133e-15   7.5000000e-01   7.5000000e-01
   2.8000000e+01   3.0000000e+01   7.1750981e-15   7.6000000e-01   7.6000000e-01
   2.9000000e+01   3.0000000e+01   7.5091306e-15   7.7273438e-01   7.7273438e-01
   3.0000000e+01   3.0000000e+01   7.6143898e-15   7.5015625e-01   7.5015625e-01
   3.1000000e+01   3.0000000e+01   7.2873141e-15   7.6882813e-01   7.6882813e-01
   3.2000000e+01   3.0000000e+01   8.0768763e-15   8.3140625e-01   8.3140625e-01
   3.3000000e+01   3.0000000e+01   7.5499176e-15   7.6367188e-01   7.6367188e-01
   3.4000000e+01   3.0000000e+01   6.4014199e-15   6.4484375e-01   6.4484375e-01
   3.5000000e+01   3.0000000e+01   7.4692336e-15   7.5968750e-01   7.5968750e-01
   1.0000000e+00   3.1000000e+01   7.4139204e-15   7.6171875e-01   7.6171875e-01
   2.0000000e+00   3.1000000e+01   6.9759878e-15   7.4156250e-01   7.4156250e-01
   3.0000000e+00   3.1000000e+01   5.4442259e-15   6.3765625e-01   6.3765625e-01
   4.0000000e+00   3.1000000e+01   5.6330079e-15   6.0554688e-01   6.0554688e-01
   5.0000000e+00   3.1000000e+01   4.4941458e-15   5.4773438e-01   5.4773438e-01
   6.0000000e+00   3.1000000e+01   7.1913702e-15   7.6351563e-01   7.6351563e-01
   7.0000000e+00   3.1000000e+01   5.7404125e-15   6.4554688e-01   6.4554688e-01
   8.0000000e+00   3.1000000e+01   6.7127855e-15   7.7031250e-01   7.7031250e-01
   9.0000000e+00   3.1000000e+01   7.8178000e-15   7.8421875e-01   7.8421875e-01
   1.0000000e+01   3.1000000e+01   8.4891206e-15   8.6726563e-01   8.6726563e-01
   1.1000000e+01   3.1000000e+01   8.1972926e-15   8.4859375e-01   8.4859375e-01
   1.2000000e+01   3.1000000e+01   7.4065888e-15   7.4929688e-01   7.4929688e-01
   1.3000000e+01   3.1000000e+01   7.4166307e-15   7.5085938e-01   7.5085938e-01
   1.4000000e+01   3.1000000e+01   7.9151849e-15   8.2492188e-01   8.2492188e-01
   1.5000000e+01   3.1000000e+01   7.5668336e-15   8.1375000e-01   8.1375000e-01
   1.6000000e+01   3.1000000e+01   7.6085502e-15   8.0226563e-01   8.0226563e-01
   1.7000000e+01   3.1000000e+01   7.2475322e-15   7.5820313e-01   7.5820313e-01
   1.8000000e+01   3.1000000e+01   5.7261882e-15   6.6187500e-01   6.6187500e-01
   1.9000000e+01   3.1000000e+01   7.6521503e-15   7.7757813e-01   7.7757813e-01
   2.0000000e+01   3.1000000e+01   7.4332050e-15   7.3359375e-01   7.3359375e-01
   2.1000000e+01   3.1000000e+01   6.4213840e-15   6.6562500e-01   6.6562500e-01
   2.2000000e+01   3.1000000e+01   6.6889970e-15   7.0335938e-01   7.0335938e-01
   2.3000000e+01   3.1000000e+01   7.1968147e-15   7.4312500e-01   7.4312500e-01
   2.4000000e+01   3.1000000e+01   8.1207393e-15   8.3640625e-01   8.3640625e-01
   2.5000000e+01   3.1000000e+01   8.4775745e-15   8.7859375e-01   8.7859375e-01
   2.6000000e+01   3.1000000e+01   8.5773717e-15   8.9804688e-01   8.9804688e-01
   2.7000000e+01   3.1000000e+01   7.5108287e-15   7.5687500e-01   7.5687500e-01
   2.8000000e+01   3.1000000e+01   7.9905791e-15   8.0757813e-01   8.0757813e-01
   2.9000000e+01   3.1000000e+01   7.7832396e-15   8.1429688e-01   8.1429688e-01
   3.0000000e+01   3.1000000e+01   7.7986595e-15   8.1546875e-01   8.1546875e-01
   3.1000000e+01   3.1000000e+01   8.0819569e-15   8.6023438e-01   8.6023438e-01
   3.2000000e+01   3.1000000e+01   8.6077118e-15   8.7265625e-01   8.7265625e-01
   3.3000000e+01   3.1000000e+01   8.0474105e-15   8.3343750e-01   8.3343750e-01
   3.4000000e+01   3.1000000e+01   7.5406040e-15   7.8984375e-01   7.8984375e-01
   3.5000000e+01   3.1000000e+01   7.7513823e-15   8.1921875e-01   8.1921875e-01
   1.0000000e+00   3.2000000e+01   7.9188869e-15   7.9179688e-01   7.9179688e-01
   2.0000000e+00   3.2000000e+01   7.2712297e-15   7.6398438e-01   7.6398438e-01
   3.0000000e+00   3.2000000e+01   7.1279128e-15   7.2484375e-01   7.2484375e-01
   4.0000000e+00   3.2000000e+01   6.8128831e-15   6.9273438e-01   6.9273438e-01
   5.0000000e+00   3.2000000e+01   7.3220883e-15   6.9515625e-01   6.9515625e-01
   6.0000000e+00   3.2000000e+01   6.1463153e-15   6.7015625e-01   6.7015625e-01
   7.0000000e+00   3.2000000e+01   7.7622074e-15   7.9718750e-01   7.9718750e-01
   8.0000000e+00   3.2000000e+01   6.3631639e-15   6.8023438e-01   6.8023438e-01
   9.0000000e+00   3.2000000e+01   8.1415093e-15   8.3960938e-01   8.3960938e-01
   1.0000000e+01   3.2000000e+01   5.9467999e-15   7.1398438e-01   7.1398438e-01
   1.1000000e+01   3.2000000e+01   6.2421745e-15   7.2687500e-01   7.2687500e-01
   1.2000000e+01   3.2000000e+01   5.8041600e-15   6.7539063e-01   6.7539063e-01
   1.3000000e+01   3.2000000e+01   5.9574202e-15   7.1414063e-01   7.1414063e-01
   1.4000000e+01   3.2000000e+01   7.4769937e-15   7.9898438e-01   7.9898438e-01
   1.5000000e+01   3.2000000e+01   6.3884965e-15   7.4804688e-01   7.4804688e-01
   1.6000000e+01   3.2000000e+01   7.1275227e-15   7.4226563e-01   7.4226563e-01
   1.7000000e+01   3.2000000e+01   7.5998483e-15   7.9000000e-01   7.9000000e-01
   1.8000000e+01   3.2000000e+01   6.8433500e-15   7.4375000e-01   7.4375000e-01
   1.9000000e+01   3.2000000e+01   6.6301250e-15   7.4390625e-01   7.4390625e-01
   2.0000000e+01   3.2000000e+01   5.6402482e-15   6.0687500e-01   6.0687500e-01
   2.1000000e+01   3.2000000e+01   6.5997445e-15   6.8734375e-01   6.8734375e-01
   2.2000000e+01   3.2000000e+01   7.5723987e-15   7.8945313e-01   7.8945313e-01
   2.3000000e+01   3.2000000e+01   5.9476931e-15   6.7234375e-01   6.7234375e-01
   2.4000000e+01   3.2000000e+01   8.1574482e-15   8.3945313e-01   8.3945313e-01
   2.5000000e+01   3.2000000e+01   6.2309337e-15   6.8140625e-01   6.8140625e-01
   2.6000000e+01   3.2000000e+01   7.5121387e-15   8.1328125e-01   8.1328125e-01
   2.7000000e+01   3.2000000e+01   6.2289833e-15   7.4750000e-01   7.4750000e-01
   2.8000000e+01   3.2000000e+01   4.9975929e-15   6.4960938e-01   6.4960938e-01
   2.9000000e+01   3.2000000e+01   5.2926682e-15   6.0078125e-01   6.0078125e-01
   3.0000000e+01   3.2000000e+01   8.0082391e-15   8.1750000e-01   8.1750000e-01
   3.1000000e+01   3.2000000e+01   5.8302792e-15   6.4335938e-01   6.4335938e-01
   3.2000000e+01   3.2000000e+01   6.2483151e-15   7.1421875e-01   7.1421875e-01
   3.3000000e+01   3.2000000e+01   6.6728391e-15   7.7343750e-01   7.7343750e-01
   3.4000000e+01   3.2000000e+01   5.7118689e-15   6.8992188e-01   6.8992188e-01
   3.5000000e+01   3.2000000e+01   6.0475082e-15   7.1867188e-01   7.1867188e-01
   1.0000000e+00   3.3000000e+01   6.8975505e-15   7.0117188e-01   7.0117188e-01
   2.0000000e+00   3.3000000e+01   6.6015549e-15   7.0226563e-01   7.0226563e-01
   3.0000000e+00   3.3000000e+01   6.6100815e-15   6.7953125e-01   6.7953125e-01
   4.0000000e+00   3.3000000e+01   6.4934627e-15   6.8148438e-01   6.8148438e-01
   5.0000000e+00   3.3000000e+01   7.1520959e-15   7.2968750e-01   7.2968750e-01
   6.0000000e+00   3.3000000e+01   7.4047287e-15   7.5476563e-01   7.5476563e-01
   7.0000000e+00   3.3000000e+01   5.4730668e-15   6.5164063e-01   6.5164063e-01
   8.0000000e+00   3.3000000e+01   6.4951998e-15   7.1609375e-01   7.1609375e-01
   9.0000000e+00   3.3000000e+01   7.5591856e-15   7.6320313e-01   7.6320313e-01
   1.0000000e+01   3.3000000e+01   6.7141598e-15   7.1562500e-01   7.1562500e-01
   1.1000000e+01   3.3000000e+01   5.8717668e-15   6.2453125e-01   6.2453125e-01
   1.2000000e+01   3.3000000e+01   5.7881287e-15   6.2421875e-01   6.2421875e-01
   1.3000000e+01   3.3000000e+01   6.8781605e-15   6.7617188e-01   6.7617188e-01
   1.4000000e+01   3.3000000e+01   5.4537727e-15   6.1609375e-01   6.1609375e-01
   1.5000000e+01   3.3000000e+01   6.5402080e-15   6.9539063e-01   6.9539063e-01
   1.6000000e+01   3.3000000e+01   7.3541234e-15   7.7718750e-01   7.7718750e-01
   1.7000000e+01   3.3000000e+01   7.1114372e-15   7.2078125e-01   7.2078125e-01
   1.8000000e+01   3.3000000e+01   7.5211176e-15   7.8945313e-01   7.8945313e-01
   1.9000000e+01   3.3000000e+01   6.4603943e-15   7.0609375e-01   7.0609375e-01
   2.0000000e+01   3.3000000e+01   5.9406982e-15   6.6390625e-01   6.6390625e-01
   2.1000000e+01   3.3000000e+01   5.4640952e-15   5.5210938e-01   5.5210938e-01
   2.2000000e+01   3.3000000e+01   5.0772378e-15   6.3515625e-01   6.3515625e-01
   2.3000000e+01   3.3000000e+01   7.4737535e-15   7.9570313e-01   7.9570313e-01
   2.4000000e+01   3.3000000e+01   7.3669978e-15   7.5507813e-01   7.5507813e-01
   2.5000000e+01   3.3000000e+01   6.4632418e-15   7.6117188e-01   7.6117188e-01
   2.6000000e+01   3.3000000e+01   6.5678276e-15   7.4523438e-01   7.4523438e-01
   2.7000000e+01   3.3000000e+01   7.6517466e-15   7.7109375e-01   7.7109375e-01
   2.8000000e+01   3.3000000e+01   5.9682967e-15   6.3476563e-01   6.3476563e-01
   2.9000000e+01   3.3000000e+01   6.4428396e-15   6.9265625e-01   6.9265625e-01
   3.0000000e+01   3.3000000e+01   6.4216202e-15   7.1484375e-01   7.1484375e-01
   3.1000000e+01   3.3000000e+01   7.5495020e-15   8.1593750e-01   8.1593750e-01
   3.2000000e+01   3.3000000e+01   7.6582555e-15   7.9351563e-01   7.9351563e-01
   3.3000000e+01   3.3000000e+01   6.0508623e-15   6.7000000e-01   6.7000000e-01
   3.4000000e+01   3.3000000e+01   6.7212795e-15   7.4898438e-01   7.4898438e-01
   3.5000000e+01   3.3000000e+01   7.4767798e-15   7.8578125e-01   7.8578125e-01
   1.0000000e+00   3.4000000e+01   5.5957972e-15   5.9343750e-01   5.9343750e-01
   2.0000000e+00   3.4000000e+01   4.9569366e-15   5.6187500e-01   5.6187500e-01
   3.0000000e+00   3.4000000e+01   6.9151234e-15   5.2125000e-01   5.2125000e-01
   4.0000000e+00   3.4000000e+01   4.1824861e-15   5.0828125e-01   5.0828125e-01
   5.0000000e+00   3.4000000e+01   6.2778901e-15   6.8968750e-01   6.8968750e-01
   6.0000000e+00   3.4000000e+01   7.7069772e-15   7.8070313e-01   7.8070313e-01
   7.0000000e+00   3.4000000e+01   7.6846929e-15   7.9679688e-01   7.9679688e-01
   8.0000000e+00   3.4000000e+01   7.5198314e-15   7.8390625e-01   7.8390625e-01
   9.0000000e+00   3.4000000e+01   7.9082251e-15   7.9789063e-01   7.9789063e-01
   1.0000000e+01   3.4000000e+01   7.6955695e-15   7.9625000e-01   7.9625000e-01
   1.1000000e+01   3.4000000e+01   7.4888628e-15   7.6765625e-01   7.6765625e-01
   1.2000000e+01   3.4000000e+01   6.6318350e-15   7.1367188e-01   7.1367188e-01
   1.3000000e+01   3.4000000e+01   6.3381480e-15   6.8031250e-01   6.8031250e-01
   1.4000000e+01   3.4000000e+01   7.2485051e-15   7.6179688e-01   7.6179688e-01
   1.5000000e+01   3.4000000e+01   7.7088857e-15   8.0671875e-01   8.0671875e-01
   1.6000000e+01   3.4000000e+01   7.5664446e-15   7.7914063e-01   7.7914063e-01
   1.7000000e+01   3.4000000e+01   7.4372601e-15   7.6898438e-01   7.6898438e-01
   1.8000000e+01   3.4000000e+01   7.2313806e-15   7.4156250e-01   7.4156250e-01
   1.9000000e+01   3.4000000e+01   6.7601087e-15   7.0304688e-01   7.0304688e-01
   2.0000000e+01   3.4000000e+01   6.9152028e-15   6.8664063e-01   6.8664063e-01
   2.1000000e+01   3.4000000e+01   6.6692142e-15   6.7429688e-01   6.7429688e-01
   2.2000000e+01   3.4000000e+01   7.1983825e-15   7.6531250e-01   7.6531250e-01
   2.3000000e+01   3.4000000e+01   7.8406238e-15   7.8375000e-01   7.8375000e-01
   2.4000000e+01   3.4000000e+01   7.5427546e-15   7.9312500e-01   7.9312500e-01
   2.5000000e+01   3.4000000e+01   7.3307257e-15   7.7765625e-01   7.7765625e-01
   2.6000000e+01   3.4000000e+01   5.7667311e-15   6.6218750e-01   6.6218750e-01
   2.7000000e+01   3.4000000e+01   5.5492721e-15   6.5140625e-01   6.5140625e-01
   2.8000000e+01   3.4000000e+01   5.5666438e-15   6.2609375e-01   6.2609375e-01
   2.9000000e+01   3.4000000e+01   6.1796992e-15   6.3718750e-01   6.3718750e-01
   3.0000000e+01   3.4000000e+01   5.2403503e-15   6.4507813e-01   6.4507813e-01
   3.1000000e+01   3.4000000e+01   7.8159070e-15   7.8179688e-01   7.8179688e-01
   3.2000000e+01   3.4000000e+01   6.3110588e-15   6.2429688e-01   6.2429688e-01
   3.3000000e+01   3.4000000e+01   7.7704483e-15   7.8328125e-01   7.8328125e-01
   3.4000000e+01   3.4000000e+01   7.4199979e-15   7.6210938e-01   7.6210938e-01
   3.5000000e+01   3.4000000e+01   5.9327200e-15   6.6296875e-01   6.6296875e-01
   1.0000000e+00   3.5000000e+01   7.4184496e-15   7.6460938e-01   7.6460938e-01
   2.0000000e+00   3.5000000e+01   7.2593595e-15   7.1992188e-01   7.1992188e-01
   3.0000000e+00   3.5000000e+01   4.4860691e-15   4.8023438e-01   4.8023438e-01
   4.0000000e+00   3.5000000e+01   5.8575416e-15   6.9156250e-01   6.9156250e-01
   5.0000000e+00   3.5000000e+01   5.7862357e-15   6.4320313e-01   6.4320313e-01
   6.0000000e+00   3.5000000e+01   5.2484982e-15   6.5757813e-01   6.5757813e-01
   7.0000000e+00   3.5000000e+01   7.0514866e-15   7.6164063e-01   7.6164063e-01
   8.0000000e+00   3.5000000e+01   6.1253868e-15   6.7218750e-01   6.7218750e-01
   9.0000000e+00   3.5000000e+01   5.6676466e-15   6.8054688e-01   6.8054688e-01
   1.0000000e+01   3.5000000e+01   5.7493180e-15   6.4765625e-01   6.4765625e-01
   1.1000000e+01   3.5000000e+01   6.4709926e-15   7.2453125e-01   7.2453125e-01
   1.2000000e+01   3.5000000e+01   5.8274368e-15   6.5273438e-01   6.5273438e-01
   1.3000000e+01   3.5000000e+01   5.8001602e-15   6.3734375e-01   6.3734375e-01
   1.4000000e+01   3.5000000e+01   5.8676284e-15   6.3101563e-01   6.3101563e-01
   1.5000000e+01   3.5000000e+01   7.3781809e-15   7.5617188e-01   7.5617188e-01
   1.6000000e+01   3.5000000e+01   5.9988150e-15   6.6367188e-01   6.6367188e-01
   1.7000000e+01   3.5000000e+01   7.6321747e-15   8.0664063e-01   8.0664063e-01
   1.8000000e+01   3.5000000e+01   7.3742974e-15   7.3578125e-01   7.3578125e-01
   1.9000000e+01   3.5000000e+01   7.0395831e-15   7.4523438e-01   7.4523438e-01
   2.0000000e+01   3.5000000e+01   6.6016793e-15   6.6242188e-01   6.6242188e-01
   2.1000000e+01   3.5000000e+01   6.3453897e-15   6.7593750e-01   6.7593750e-01
   2.2000000e+01   3.5000000e+01   6.7823510e-15   7.4343750e-01   7.4343750e-01
   2.3000000e+01   3.5000000e+01   7.3979718e-15   7.5796875e-01   7.5796875e-01
   2.4000000e+01   3.5000000e+01   5.9980414e-15   6.0390625e-01   6.0390625e-01
   2.5000000e+01   3.5000000e+01   7.2389891e-15   7.7625000e-01   7.7625000e-01
   2.6000000e+01   3.5000000e+01   7.5576947e-15   7.6164063e-01   7.6164063e-01
   2.7000000e+01   3.5000000e+01   6.6764457e-15   7.0179688e-01   7.0179688e-01
   2.8000000e+01   3.5000000e+01   5.3013388e-15   6.0687500e-01   6.0687500e-01
   2.9000000e+01   3.5000000e+01   7.0561944e-15   7.4726563e-01   7.4726563e-01
   3.0000000e+01   3.5000000e+01   7.3368377e-15   7.5203125e-01   7.5203125e-01
   3.1000000e+01   3.5000000e+01   6.7363331e-15   7.3335938e-01   7.3335938e-01
   3.2000000e+01   3.5000000e+01   7.3161602e-15   7.6859375e-01   7.6859375e-01
   3.3000000e+01   3.5000000e+01   7.6878194e-15   7.8000000e-01   7.8000000e-01
   3.4000000e+01   3.5000000e+01   6.5883885e-15   6.9445313e-01   6.9445313e-01
   3.5000000e+01   3.5000000e+01   6.4924308e-15   7.0171875e-01   7.0171875e-01
