   1.0000000e+00   1.0000000e+00   6.0362685e-15   6.1437500e-01   6.1437500e-01
   2.0000000e+00   1.0000000e+00   5.6049065e-15   5.8093750e-01   5.8093750e-01
   3.0000000e+00   1.0000000e+00   6.0309237e-15   6.0445313e-01   6.0445313e-01
   4.0000000e+00   1.0000000e+00   5.5593120e-15   5.5937500e-01   5.5937500e-01
   5.0000000e+00   1.0000000e+00   5.6118318e-15   5.5937500e-01   5.5937500e-01
   6.0000000e+00   1.0000000e+00   6.0185119e-15   6.2273438e-01   6.2273438e-01
   7.0000000e+00   1.0000000e+00   6.1926323e-15   6.0031250e-01   6.0031250e-01
   8.0000000e+00   1.0000000e+00   5.6215011e-15   5.8429688e-01   5.8429688e-01
   9.0000000e+00   1.0000000e+00   4.8557236e-15   5.5046875e-01   5.5046875e-01
   1.0000000e+01   1.0000000e+00   5.5959757e-15   5.7992188e-01   5.7992188e-01
   1.1000000e+01   1.0000000e+00   5.8968860e-15   5.6484375e-01   5.6484375e-01
   1.2000000e+01   1.0000000e+00   5.6502646e-15   5.5953125e-01   5.5953125e-01
   1.3000000e+01   1.0000000e+00   5.3760870e-15   5.1171875e-01   5.1171875e-01
   1.4000000e+01   1.0000000e+00   5.2595076e-15   5.3320313e-01   5.3320313e-01
   1.5000000e+01   1.0000000e+00   5.0332435e-15   5.9062500e-01   5.9062500e-01
   1.6000000e+01   1.0000000e+00   6.0479333e-15   6.1460938e-01   6.1460938e-01
   1.7000000e+01   1.0000000e+00   6.2075986e-15   5.9765625e-01   5.9765625e-01
   1.8000000e+01   1.0000000e+00   4.7372444e-15   4.9164063e-01   4.9164063e-01
   1.9000000e+01   1.0000000e+00   5.9646541e-15   6.0000000e-01   6.0000000e-01
   2.0000000e+01   1.0000000e+00   4.9819913e-15   5.2687500e-01   5.2687500e-01
   2.1000000e+01   1.0000000e+00   5.3886291e-15   5.4796875e-01   5.4796875e-01
   2.2000000e+01   1.0000000e+00   5.6686102e-15   5.5648438e-01   5.5648438e-01
   2.3000000e+01   1.0000000e+00   5.4563777e-15   6.0007813e-01   6.0007813e-01
   2.4000000e+01   1.0000000e+00   5.1967029e-15   5.6429688e-01   5.6429688e-01
   2.5000000e+01   1.0000000e+00   6.1698663e-15   6.3578125e-01   6.3578125e-01
   2.6000000e+01   1.0000000e+00   6.1880794e-15   6.4312500e-01   6.4312500e-01
   2.7000000e+01   1.0000000e+00   6.3494308e-15   6.2617188e-01   6.2617188e-01
   2.8000000e+01   1.0000000e+00   5.9187045e-15   6.0789063e-01   6.0789063e-01
   2.9000000e+01   1.0000000e+00   5.6268208e-15   5.5906250e-01   5.5906250e-01
   3.0000000e+01   1.0000000e+00   5.6807260e-15   5.4867188e-01   5.4867188e-01
   3.1000000e+01   1.0000000e+00   5.9953921e-15   5.9617188e-01   5.9617188e-01
   3.2000000e+01   1.0000000e+00   5.8084418e-15   6.0882813e-01   6.0882813e-01
   3.3000000e+01   1.0000000e+00   6.1071028e-15   5.9953125e-01   5.9953125e-01
   3.4000000e+01   1.0000000e+00   4.9040749e-15   5.7921875e-01   5.7921875e-01
   3.5000000e+01   1.0000000e+00   5.5999483e-15   5.9757813e-01   5.9757813e-01
   1.0000000e+00   2.0000000e+00   5.8839436e-15   5.6234375e-01   5.6234375e-01
   2.0000000e+00   2.0000000e+00   6.0986423e-15   6.2898438e-01   6.2898438e-01
   3.0000000e+00   2.0000000e+00   4.5351043e-15   5.7632813e-01   5.7632813e-01
   4.0000000e+00   2.0000000e+00   4.8641520e-15   4.8515625e-01   4.8515625e-01
   5.0000000e+00   2.0000000e+00   5.6548171e-15   5.8468750e-01   5.8468750e-01
   6.0000000e+00   2.0000000e+00   5.7718399e-15   5.8976563e-01   5.8976563e-01
   7.0000000e+00   2.0000000e+00   5.8287377e-15   6.1023438e-01   6.1023438e-01
   8.0000000e+00   2.0000000e+00   6.4094235e-15   6.7296875e-01   6.7296875e-01
   9.0000000e+00   2.0000000e+00   5.8710825e-15   6.5085938e-01   6.5085938e-01
   1.0000000e+01   2.0000000e+00   5.7857501e-15   5.9187500e-01   5.9187500e-01
   1.1000000e+01   2.0000000e+00   6.3538099e-15   6.4992188e-01   6.4992188e-01
   1.2000000e+01   2.0000000e+00   5.8247896e-15   5.9343750e-01   5.9343750e-01
   1.3000000e+01   2.0000000e+00   4.4242431e-15   4.9648438e-01   4.9648438e-01
   1.4000000e+01   2.0000000e+00   5.1109504e-15   5.3546875e-01   5.3546875e-01
   1.5000000e+01   2.0000000e+00   5.5907355e-15   6.2531250e-01   6.2531250e-01
   1.6000000e+01   2.0000000e+00   6.2185448e-15   6.4640625e-01   6.4640625e-01
   1.7000000e+01   2.0000000e+00   5.6496362e-15   6.0109375e-01   6.0109375e-01
   1.8000000e+01   2.0000000e+00   5.8814865e-15   6.1140625e-01   6.1140625e-01
   1.9000000e+01   2.0000000e+00   5.5379904e-15   5.8421875e-01   5.8421875e-01
   2.0000000e+01   2.0000000e+00   5.5650165e-15   5.8421875e-01   5.8421875e-01
   2.1000000e+01   2.0000000e+00   5.5087939e-15   5.4789063e-01   5.4789063e-01
   2.2000000e+01   2.0000000e+00   5.7581263e-15   6.0539063e-01   6.0539063e-01
   2.3000000e+01   2.0000000e+00   6.1855692e-15   6.3726563e-01   6.3726563e-01
   2.4000000e+01   2.0000000e+00   6.3835949e-15   6.4437500e-01   6.4437500e-01
   2.5000000e+01   2.0000000e+00   5.2160979e-15   6.1867188e-01   6.1867188e-01
   2.6000000e+01   2.0000000e+00   5.1469833e-15   5.9007813e-01   5.9007813e-01
   2.7000000e+01   2.0000000e+00   6.1318139e-15   6.2101563e-01   6.2101563e-01
   2.8000000e+01   2.0000000e+00   5.7486654e-15   6.0250000e-01   6.0250000e-01
   2.9000000e+01   2.0000000e+00   4.0095185e-15   4.7820313e-01   4.7820313e-01
   3.0000000e+01   2.0000000e+00   4.7163063e-15   5.3039063e-01   5.3039063e-01
   3.1000000e+01   2.0000000e+00   6.1254727e-15   6.2265625e-01   6.2265625e-01
   3.2000000e+01   2.0000000e+00   5.9998112e-15   6.1210938e-01   6.1210938e-01
   3.3000000e+01   2.0000000e+00   5.3414891e-15   5.7210938e-01   5.7210938e-01
   3.4000000e+01   2.0000000e+00   5.9613757e-15   6.1867188e-01   6.1867188e-01
   3.5000000e+01   2.0000000e+00   4.6950565e-15   5.7492188e-01   5.7492188e-01
   1.0000000e+00   3.0000000e+00   5.8536408e-15   6.3476563e-01   6.3476563e-01
   2.0000000e+00   3.0000000e+00   6.1233685e-15   6.1257813e-01   6.1257813e-01
   3.0000000e+00   3.0000000e+00   5.8512849e-15   6.0984375e-01   6.0984375e-01
   4.0000000e+00   3.0000000e+00   5.6395521e-15   5.7992188e-01   5.7992188e-01
   5.0000000e+00   3.0000000e+00   6.0353772e-15   6.0726563e-01   6.0726563e-01
   6.0000000e+00   3.0000000e+00   6.2993560e-15   6.5570313e-01   6.5570313e-01
   7.0000000e+00   3.0000000e+00   4.8691546e-15   5.2726563e-01   5.2726563e-01
   8.0000000e+00   3.0000000e+00   5.1608838e-15   5.9976563e-01   5.9976563e-01
   9.0000000e+00   3.0000000e+00   5.1745272e-15   6.0078125e-01   6.0078125e-01
   1.0000000e+01   3.0000000e+00   5.7598226e-15   6.2078125e-01   6.2078125e-01
   1.1000000e+01   3.0000000e+00   5.7437591e-15   6.2085938e-01   6.2085938e-01
   1.2000000e+01   3.0000000e+00   4.6582362e-15   5.0296875e-01   5.0296875e-01
   1.3000000e+01   3.0000000e+00   5.2030098e-15   5.7757813e-01   5.7757813e-01
   1.4000000e+01   3.0000000e+00   5.8732072e-15   6.1179688e-01   6.1179688e-01
   1.5000000e+01   3.0000000e+00   6.3741835e-15   6.4414063e-01   6.4414063e-01
   1.6000000e+01   3.0000000e+00   6.1696686e-15   6.4335938e-01   6.4335938e-01
   1.7000000e+01   3.0000000e+00   5.9104242e-15   5.8359375e-01   5.8359375e-01
   1.8000000e+01   3.0000000e+00   6.2941012e-15   6.4945313e-01   6.4945313e-01
   1.9000000e+01   3.0000000e+00   5.4219194e-15   6.1710938e-01   6.1710938e-01
   2.0000000e+01   3.0000000e+00   9.1550669e-15   6.0937500e-01   6.0937500e-01
   2.1000000e+01   3.0000000e+00   5.2888252e-15   5.3648438e-01   5.3648438e-01
   2.2000000e+01   3.0000000e+00   5.2182143e-15   5.9070313e-01   5.9070313e-01
   2.3000000e+01   3.0000000e+00   5.7305875e-15   5.8250000e-01   5.8250000e-01
   2.4000000e+01   3.0000000e+00   5.5181869e-15   6.1867188e-01   6.1867188e-01
   2.5000000e+01   3.0000000e+00   6.4372728e-15   6.6281250e-01   6.6281250e-01
   2.6000000e+01   3.0000000e+00   5.8405977e-15   6.2132813e-01   6.2132813e-01
   2.7000000e+01   3.0000000e+00   5.9100107e-15   6.2093750e-01   6.2093750e-01
   2.8000000e+01   3.0000000e+00   5.7913030e-15   5.9789063e-01   5.9789063e-01
   2.9000000e+01   3.0000000e+00   4.8451764e-15   5.2695313e-01   5.2695313e-01
   3.0000000e+01   3.0000000e+00   4.9322659e-15   5.2414063e-01   5.2414063e-01
   3.1000000e+01   3.0000000e+00   5.1131039e-15   5.8046875e-01   5.8046875e-01
   3.2000000e+01   3.0000000e+00   5.1448997e-15   5.2140625e-01   5.2140625e-01
   3.3000000e+01   3.0000000e+00   5.8112363e-15   5.1328125e-01   5.1328125e-01
   3.4000000e+01   3.0000000e+00   5.5812959e-15   5.6046875e-01   5.6046875e-01
   3.5000000e+01   3.0000000e+00   6.1897418e-15   5.3945313e-01   5.3945313e-01
   1.0000000e+00   4.0000000e+00   5.8028880e-15   6.2640625e-01   6.2640625e-01
   2.0000000e+00   4.0000000e+00   6.0958319e-15   6.3953125e-01   6.3953125e-01
   3.0000000e+00   4.0000000e+00   6.0020620e-15   6.3023438e-01   6.3023438e-01
   4.0000000e+00   4.0000000e+00   5.5548005e-15   5.9875000e-01   5.9875000e-01
   5.0000000e+00   4.0000000e+00   6.2122480e-15   6.1515625e-01   6.1515625e-01
   6.0000000e+00   4.0000000e+00   5.3120657e-15   6.1132813e-01   6.1132813e-01
   7.0000000e+00   4.0000000e+00   6.6040640e-15   6.9289063e-01   6.9289063e-01
   8.0000000e+00   4.0000000e+00   6.4761087e-15   6.8820313e-01   6.8820313e-01
   9.0000000e+00   4.0000000e+00   5.3316780e-15   6.4312500e-01   6.4312500e-01
   1.0000000e+01   4.0000000e+00   6.0307996e-15   6.7578125e-01   6.7578125e-01
   1.1000000e+01   4.0000000e+00   6.2063481e-15   6.4148438e-01   6.4148438e-01
   1.2000000e+01   4.0000000e+00   5.9590862e-15   6.3460938e-01   6.3460938e-01
   1.3000000e+01   4.0000000e+00   5.0167706e-15   5.6054688e-01   5.6054688e-01
   1.4000000e+01   4.0000000e+00   6.2349015e-15   6.5578125e-01   6.5578125e-01
   1.5000000e+01   4.0000000e+00   6.5919157e-15   6.7906250e-01   6.7906250e-01
   1.6000000e+01   4.0000000e+00   4.6715264e-15   5.5546875e-01   5.5546875e-01
   1.7000000e+01   4.0000000e+00   6.0852214e-15   6.4906250e-01   6.4906250e-01
   1.8000000e+01   4.0000000e+00   5.8511302e-15   6.0742188e-01   6.0742188e-01
   1.9000000e+01   4.0000000e+00   6.2190397e-15   6.2531250e-01   6.2531250e-01
   2.0000000e+01   4.0000000e+00   4.6597648e-15   4.8109375e-01   4.8109375e-01
   2.1000000e+01   4.0000000e+00   4.3570249e-15   4.9468750e-01   4.9468750e-01
   2.2000000e+01   4.0000000e+00   5.7287178e-15   6.0750000e-01   6.0750000e-01
   2.3000000e+01   4.0000000e+00   6.0032771e-15   6.4273438e-01   6.4273438e-01
   2.4000000e+01   4.0000000e+00   5.1742352e-15   5.7601563e-01   5.7601563e-01
   2.5000000e+01   4.0000000e+00   5.5816818e-15   6.1703125e-01   6.1703125e-01
   2.6000000e+01   4.0000000e+00   5.2809150e-15   5.6578125e-01   5.6578125e-01
   2.7000000e+01   4.0000000e+00   6.2235485e-15   6.5398438e-01   6.5398438e-01
   2.8000000e+01   4.0000000e+00   5.9230903e-15   6.0640625e-01   6.0640625e-01
   2.9000000e+01   4.0000000e+00   4.9444245e-15   5.1851563e-01   5.1851563e-01
   3.0000000e+01   4.0000000e+00   4.4266379e-15   5.2164063e-01   5.2164063e-01
   3.1000000e+01   4.0000000e+00   6.2894832e-15   6.2812500e-01   6.2812500e-01
   3.2000000e+01   4.0000000e+00   6.1807482e-15   6.2687500e-01   6.2687500e-01
   3.3000000e+01   4.0000000e+00   6.7594715e-15   6.5062500e-01   6.5062500e-01
   3.4000000e+01   4.0000000e+00   5.0487969e-15   5.8000000e-01   5.8000000e-01
   3.5000000e+01   4.0000000e+00   6.0013400e-15   6.3640625e-01   6.3640625e-01
   1.0000000e+00   5.0000000e+00   6.4388200e-15   6.6273438e-01   6.6273438e-01
   2.0000000e+00   5.0000000e+00   6.4143246e-15   6.5804688e-01   6.5804688e-01
   3.0000000e+00   5.0000000e+00   5.9713786e-15   6.2960938e-01   6.2960938e-01
   4.0000000e+00   5.0000000e+00   5.4059639e-15   5.8101563e-01   5.8101563e-01
   5.0000000e+00   5.0000000e+00   6.1279037e-15   6.2445313e-01   6.2445313e-01
   6.0000000e+00   5.0000000e+00   6.6576752e-15   6.9890625e-01   6.9890625e-01
   7.0000000e+00   5.0000000e+00   6.7944537e-15   6.7421875e-01   6.7421875e-01
   8.0000000e+00   5.0000000e+00   5.5215156e-15   6.4234375e-01   6.4234375e-01
   9.0000000e+00   5.0000000e+00   5.1893849e-15   6.0554688e-01   6.0554688e-01
   1.0000000e+01   5.0000000e+00   5.2670036e-15   6.0726563e-01   6.0726563e-01
   1.1000000e+01   5.0000000e+00   5.8396247e-15   6.4914063e-01   6.4914063e-01
   1.2000000e+01   5.0000000e+00   4.7148868e-15   5.4250000e-01   5.4250000e-01
   1.3000000e+01   5.0000000e+00   6.2931075e-15   6.4554688e-01   6.4554688e-01
   1.4000000e+01   5.0000000e+00   5.3849691e-15   5.9921875e-01   5.9921875e-01
   1.5000000e+01   5.0000000e+00   6.3716005e-15   6.8109375e-01   6.8109375e-01
   1.6000000e+01   5.0000000e+00   6.5218833e-15   6.6156250e-01   6.6156250e-01
   1.7000000e+01   5.0000000e+00   5.3843624e-15   6.0437500e-01   6.0437500e-01
   1.8000000e+01   5.0000000e+00   4.6047319e-15   5.1335938e-01   5.1335938e-01
   1.9000000e+01   5.0000000e+00   6.0993226e-15   6.3507813e-01   6.3507813e-01
   2.0000000e+01   5.0000000e+00   5.9108410e-15   6.0710938e-01   6.0710938e-01
   2.1000000e+01   5.0000000e+00   5.8922786e-15   5.7375000e-01   5.7375000e-01
   2.2000000e+01   5.0000000e+00   4.9458866e-15   5.6937500e-01   5.6937500e-01
   2.3000000e+01   5.0000000e+00   6.5051748e-15   6.8734375e-01   6.8734375e-01
   2.4000000e+01   5.0000000e+00   6.4560476e-15   6.9515625e-01   6.9515625e-01
   2.5000000e+01   5.0000000e+00   5.0304171e-15   5.6601563e-01   5.6601563e-01
   2.6000000e+01   5.0000000e+00   6.5992535e-15   7.1023438e-01   7.1023438e-01
   2.7000000e+01   5.0000000e+00   6.9034102e-15   7.0054688e-01   7.0054688e-01
   2.8000000e+01   5.0000000e+00   6.1110369e-15   6.4859375e-01   6.4859375e-01
   2.9000000e+01   5.0000000e+00   5.9883556e-15   6.1000000e-01   6.1000000e-01
   3.0000000e+01   5.0000000e+00   5.8955155e-15   6.1585938e-01   6.1585938e-01
   3.1000000e+01   5.0000000e+00   6.5216336e-15   6.8445313e-01   6.8445313e-01
   3.2000000e+01   5.0000000e+00   6.5046464e-15   6.8054688e-01   6.8054688e-01
   3.3000000e+01   5.0000000e+00   6.4778540e-15   6.7203125e-01   6.7203125e-01
   3.4000000e+01   5.0000000e+00   6.0554055e-15   6.4937500e-01   6.4937500e-01
   3.5000000e+01   5.0000000e+00   4.7050129e-15   5.4765625e-01   5.4765625e-01
   1.0000000e+00   6.0000000e+00   6.0892853e-15   6.0882813e-01   6.0882813e-01
   2.0000000e+00   6.0000000e+00   5.9237729e-15   5.9539063e-01   5.9539063e-01
   3.0000000e+00   6.0000000e+00   6.1636408e-15   6.3125000e-01   6.3125000e-01
   4.0000000e+00   6.0000000e+00   6.0711729e-15   6.0695313e-01   6.0695313e-01
   5.0000000e+00   6.0000000e+00   6.4180515e-15   6.7101563e-01   6.7101563e-01
   6.0000000e+00   6.0000000e+00   6.2318634e-15   6.7031250e-01   6.7031250e-01
   7.0000000e+00   6.0000000e+00   6.1640462e-15   6.6484375e-01   6.6484375e-01
   8.0000000e+00   6.0000000e+00   6.5294951e-15   6.7570313e-01   6.7570313e-01
   9.0000000e+00   6.0000000e+00   6.7255537e-15   6.9867188e-01   6.9867188e-01
   1.0000000e+01   6.0000000e+00   5.6046886e-15   6.5539063e-01   6.5539063e-01
   1.1000000e+01   6.0000000e+00   5.9492155e-15   5.8421875e-01   5.8421875e-01
   1.2000000e+01   6.0000000e+00   6.2980179e-15   6.4757813e-01   6.4757813e-01
   1.3000000e+01   6.0000000e+00   4.8626931e-15   6.0875000e-01   6.0875000e-01
   1.4000000e+01   6.0000000e+00   5.2898504e-15   5.5484375e-01   5.5484375e-01
   1.5000000e+01   6.0000000e+00   5.8330058e-15   6.7406250e-01   6.7406250e-01
   1.6000000e+01   6.0000000e+00   6.6294271e-15   6.9578125e-01   6.9578125e-01
   1.7000000e+01   6.0000000e+00   6.6484837e-15   6.9195313e-01   6.9195313e-01
   1.8000000e+01   6.0000000e+00   5.5434369e-15   6.6164063e-01   6.6164063e-01
   1.9000000e+01   6.0000000e+00   4.9238496e-15   5.8695313e-01   5.8695313e-01
   2.0000000e+01   6.0000000e+00   5.0363027e-15   5.3804688e-01   5.3804688e-01
   2.1000000e+01   6.0000000e+00   5.4352833e-15   6.0968750e-01   6.0968750e-01
   2.2000000e+01   6.0000000e+00   5.4066209e-15   5.7742188e-01   5.7742188e-01
   2.3000000e+01   6.0000000e+00   6.9079567e-15   7.1937500e-01   7.1937500e-01
   2.4000000e+01   6.0000000e+00   5.1315585e-15   6.2601563e-01   6.2601563e-01
   2.5000000e+01   6.0000000e+00   4.6333605e-15   5.7257813e-01   5.7257813e-01
   2.6000000e+01   6.0000000e+00   6.8499002e-15   7.0609375e-01   7.0609375e-01
   2.7000000e+01   6.0000000e+00   6.9044544e-15   7.3320313e-01   7.3320313e-01
   2.8000000e+01   6.0000000e+00   6.2610294e-15   6.3585938e-01   6.3585938e-01
   2.9000000e+01   6.0000000e+00   4.5978694e-15   5.7703125e-01   5.7703125e-01
   3.0000000e+01   6.0000000e+00   5.2636097e-15   6.0367188e-01   6.0367188e-01
   3.1000000e+01   6.0000000e+00   5.7047306e-15   5.9968750e-01   5.9968750e-01
   3.2000000e+01   6.0000000e+00   6.6496722e-15   6.9656250e-01   6.9656250e-01
   3.3000000e+01   6.0000000e+00   6.5411340e-15   6.7500000e-01   6.7500000e-01
   3.4000000e+01   6.0000000e+00   5.5234222e-15   6.1554688e-01   6.1554688e-01
   3.5000000e+01   6.0000000e+00   6.4903312e-15   6.5890625e-01   6.5890625e-01
   1.0000000e+00   7.0000000e+00   6.4484649e-15   6.7468750e-01   6.7468750e-01
   2.0000000e+00   7.0000000e+00   5.8983341e-15   6.0843750e-01   6.0843750e-01
   3.0000000e+00   7.0000000e+00   6.0458867e-15   6.3484375e-01   6.3484375e-01
   4.0000000e+00   7.0000000e+00   5.0481729e-15   5.4250000e-01   5.4250000e-01
   5.0000000e+00   7.0000000e+00   6.0435400e-15   6.2757813e-01   6.2757813e-01
   6.0000000e+00   7.0000000e+00   6.6583908e-15   6.8664063e-01   6.8664063e-01
   7.0000000e+00   7.0000000e+00   6.8420831e-15   7.1656250e-01   7.1656250e-01
   8.0000000e+00   7.0000000e+00   5.6188657e-15   6.3992188e-01   6.3992188e-01
   9.0000000e+00   7.0000000e+00   5.5343324e-15   6.3601563e-01   6.3601563e-01
   1.0000000e+01   7.0000000e+00   6.2384359e-15   6.5898438e-01   6.5898438e-01
   1.1000000e+01   7.0000000e+00   5.5272579e-15   5.9117188e-01   5.9117188e-01
   1.2000000e+01   7.0000000e+00   6.0460724e-15   6.3867188e-01   6.3867188e-01
   1.3000000e+01   7.0000000e+00   5.1809452e-15   5.5398438e-01   5.5398438e-01
   1.4000000e+01   7.0000000e+00   6.7597783e-15   7.0273438e-01   7.0273438e-01
   1.5000000e+01   7.0000000e+00   6.4615061e-15   6.7109375e-01   6.7109375e-01
   1.6000000e+01   7.0000000e+00   6.0250419e-15   6.6257813e-01   6.6257813e-01
   1.7000000e+01   7.0000000e+00   5.7582063e-15   6.2382813e-01   6.2382813e-01
   1.8000000e+01   7.0000000e+00   6.3833380e-15   6.6375000e-01   6.6375000e-01
   1.9000000e+01   7.0000000e+00   6.2456299e-15   6.3171875e-01   6.3171875e-01
   2.0000000e+01   7.0000000e+00   5.7703309e-15   5.6406250e-01   5.6406250e-01
   2.1000000e+01   7.0000000e+00   5.8672725e-15   6.0070313e-01   6.0070313e-01
   2.2000000e+01   7.0000000e+00   6.3291567e-15   6.4437500e-01   6.4437500e-01
   2.3000000e+01   7.0000000e+00   6.5616614e-15   7.0085938e-01   7.0085938e-01
   2.4000000e+01   7.0000000e+00   7.0494985e-15   7.4257813e-01   7.4257813e-01
   2.5000000e+01   7.0000000e+00   6.7047203e-15   7.1882813e-01   7.1882813e-01
   2.6000000e+01   7.0000000e+00   6.1692003e-15   6.9140625e-01   6.9140625e-01
   2.7000000e+01   7.0000000e+00   5.2530857e-15   6.0007813e-01   6.0007813e-01
   2.8000000e+01   7.0000000e+00   5.8814832e-15   6.1406250e-01   6.1406250e-01
   2.9000000e+01   7.0000000e+00   4.3176982e-15   5.6695313e-01   5.6695313e-01
   3.0000000e+01   7.0000000e+00   5.5403346e-15   6.1609375e-01   6.1609375e-01
   3.1000000e+01   7.0000000e+00   4.9995532e-15   6.0421875e-01   6.0421875e-01
   3.2000000e+01   7.0000000e+00   6.4306155e-15   6.8648438e-01   6.8648438e-01
   3.3000000e+01   7.0000000e+00   6.5829463e-15   6.9765625e-01   6.9765625e-01
   3.4000000e+01   7.0000000e+00   6.4433462e-15   6.6492188e-01   6.6492188e-01
   3.5000000e+01   7.0000000e+00   6.2241606e-15   6.1687500e-01   6.1687500e-01
   1.0000000e+00   8.0000000e+00   6.6320985e-15   6.7257813e-01   6.7257813e-01
   2.0000000e+00   8.0000000e+00   6.2555247e-15   6.6578125e-01   6.6578125e-01
   3.0000000e+00   8.0000000e+00   6.1355374e-15   6.4289063e-01   6.4289063e-01
   4.0000000e+00   8.0000000e+00   6.1501181e-15   6.1843750e-01   6.1843750e-01
   5.0000000e+00   8.0000000e+00   6.4406237e-15   6.7250000e-01   6.7250000e-01
   6.0000000e+00   8.0000000e+00   4.8421536e-15   6.0718750e-01   6.0718750e-01
   7.0000000e+00   8.0000000e+00   5.0847358e-15   5.4734375e-01   5.4734375e-01
   8.0000000e+00   8.0000000e+00   6.7489041e-15   7.1781250e-01   7.1781250e-01
   9.0000000e+00   8.0000000e+00   6.9266516e-15   7.3304688e-01   7.3304688e-01
   1.0000000e+01   8.0000000e+00   7.0285627e-15   7.3453125e-01   7.3453125e-01
   1.1000000e+01   8.0000000e+00   5.8362222e-15   6.5500000e-01   6.5500000e-01
   1.2000000e+01   8.0000000e+00   6.2273288e-15   6.1093750e-01   6.1093750e-01
   1.3000000e+01   8.0000000e+00   6.0850595e-15   6.4812500e-01   6.4812500e-01
   1.4000000e+01   8.0000000e+00   5.6616282e-15   6.7687500e-01   6.7687500e-01
   1.5000000e+01   8.0000000e+00   6.3659439e-15   6.9039063e-01   6.9039063e-01
   1.6000000e+01   8.0000000e+00   6.7734564e-15   7.2054688e-01   7.2054688e-01
   1.7000000e+01   8.0000000e+00   6.6250398e-15   6.9265625e-01   6.9265625e-01
   1.8000000e+01   8.0000000e+00   6.6837589e-15   6.7578125e-01   6.7578125e-01
   1.9000000e+01   8.0000000e+00   5.9939727e-15   6.6054688e-01   6.6054688e-01
   2.0000000e+01   8.0000000e+00   5.4765665e-15   6.0156250e-01   6.0156250e-01
   2.1000000e+01   8.0000000e+00   5.7909381e-15   6.2242188e-01   6.2242188e-01
   2.2000000e+01   8.0000000e+00   5.6864948e-15   6.3132813e-01   6.3132813e-01
   2.3000000e+01   8.0000000e+00   5.1847696e-15   6.1226563e-01   6.1226563e-01
   2.4000000e+01   8.0000000e+00   6.7777231e-15   7.0687500e-01   7.0687500e-01
   2.5000000e+01   8.0000000e+00   6.6505302e-15   7.2117188e-01   7.2117188e-01
   2.6000000e+01   8.0000000e+00   6.9239733e-15   7.3242188e-01   7.3242188e-01
   2.7000000e+01   8.0000000e+00   6.9753304e-15   7.1695313e-01   7.1695313e-01
   2.8000000e+01   8.0000000e+00   5.5476822e-15   5.6101563e-01   5.6101563e-01
   2.9000000e+01   8.0000000e+00   4.9483829e-15   5.6539063e-01   5.6539063e-01
   3.0000000e+01   8.0000000e+00   6.3296981e-15   6.6195313e-01   6.6195313e-01
   3.1000000e+01   8.0000000e+00   6.5588566e-15   7.0703125e-01   7.0703125e-01
   3.2000000e+01   8.0000000e+00   5.2796538e-15   6.4562500e-01   6.4562500e-01
   3.3000000e+01   8.0000000e+00   5.8826021e-15   5.5406250e-01   5.5406250e-01
   3.4000000e+01   8.0000000e+00   4.7401570e-15   4.8703125e-01   4.8703125e-01
   3.5000000e+01   8.0000000e+00   5.0550423e-15   6.0429688e-01   6.0429688e-01
   1.0000000e+00   9.0000000e+00   4.8681011e-15   5.5562500e-01   5.5562500e-01
   2.0000000e+00   9.0000000e+00   6.0305460e-15   6.6312500e-01   6.6312500e-01
   3.0000000e+00   9.0000000e+00   6.1883826e-15   6.2984375e-01   6.2984375e-01
   4.0000000e+00   9.0000000e+00   6.1482313e-15   6.2742188e-01   6.2742188e-01
   5.0000000e+00   9.0000000e+00   6.6906501e-15   6.9914063e-01   6.9914063e-01
   6.0000000e+00   9.0000000e+00   5.7307404e-15   6.8882813e-01   6.8882813e-01
   7.0000000e+00   9.0000000e+00   6.3676506e-15   7.1000000e-01   7.1000000e-01
   8.0000000e+00   9.0000000e+00   6.7299712e-15   7.0007813e-01   7.0007813e-01
   9.0000000e+00   9.0000000e+00   6.3118137e-15   7.7320313e-01   7.7320313e-01
   1.0000000e+01   9.0000000e+00   7.0350877e-15   7.3773438e-01   7.3773438e-01
   1.1000000e+01   9.0000000e+00   5.9070655e-15   6.5523438e-01   6.5523438e-01
   1.2000000e+01   9.0000000e+00   5.8773580e-15   5.8640625e-01   5.8640625e-01
   1.3000000e+01   9.0000000e+00   4.6544667e-15   4.8710938e-01   4.8710938e-01
   1.4000000e+01   9.0000000e+00   6.9331786e-15   7.2117188e-01   7.2117188e-01
   1.5000000e+01   9.0000000e+00   5.6117243e-15   6.5203125e-01   6.5203125e-01
   1.6000000e+01   9.0000000e+00   6.9720064e-15   7.2437500e-01   7.2437500e-01
   1.7000000e+01   9.0000000e+00   6.2806169e-15   6.8539063e-01   6.8539063e-01
   1.8000000e+01   9.0000000e+00   6.4744685e-15   6.6171875e-01   6.6171875e-01
   1.9000000e+01   9.0000000e+00   5.7209235e-15   6.1203125e-01   6.1203125e-01
   2.0000000e+01   9.0000000e+00   4.6468961e-15   5.4906250e-01   5.4906250e-01
   2.1000000e+01   9.0000000e+00   4.9424315e-15   5.7351563e-01   5.7351563e-01
   2.2000000e+01   9.0000000e+00   4.8739405e-15   6.3203125e-01   6.3203125e-01
   2.3000000e+01   9.0000000e+00   6.7846062e-15   7.1140625e-01   7.1140625e-01
   2.4000000e+01   9.0000000e+00   6.9523136e-15   7.0523438e-01   7.0523438e-01
   2.5000000e+01   9.0000000e+00   6.2667579e-15   7.0656250e-01   7.0656250e-01
   2.6000000e+01   9.0000000e+00   7.0721645e-15   7.6093750e-01   7.6093750e-01
   2.7000000e+01   9.0000000e+00   5.4233011e-15   6.7421875e-01   6.7421875e-01
   2.8000000e+01   9.0000000e+00   5.7482146e-15   6.2726563e-01   6.2726563e-01
   2.9000000e+01   9.0000000e+00   6.0557998e-15   6.3437500e-01   6.3437500e-01
   3.0000000e+01   9.0000000e+00   6.3200868e-15   6.6835938e-01   6.6835938e-01
   3.1000000e+01   9.0000000e+00   4.8091688e-15   5.5296875e-01   5.5296875e-01
   3.2000000e+01   9.0000000e+00   6.6116844e-15   7.2296875e-01   7.2296875e-01
   3.3000000e+01   9.0000000e+00   5.5657493e-15   6.1015625e-01   6.1015625e-01
   3.4000000e+01   9.0000000e+00   6.5345175e-15   6.5765625e-01   6.5765625e-01
   3.5000000e+01   9.0000000e+00   6.0026318e-15   6.4804688e-01   6.4804688e-01
   1.0000000e+00   1.0000000e+01   6.3765518e-15   6.5234375e-01   6.5234375e-01
   2.0000000e+00   1.0000000e+01   4.2318977e-15   5.4664063e-01   5.4664063e-01
   3.0000000e+00   1.0000000e+01   4.8664282e-15   5.2179688e-01   5.2179688e-01
   4.0000000e+00   1.0000000e+01   6.1419221e-15   6.2796875e-01   6.2796875e-01
   5.0000000e+00   1.0000000e+01   5.1523754e-15   6.0070313e-01   6.0070313e-01
   6.0000000e+00   1.0000000e+01   5.6461486e-15   5.9828125e-01   5.9828125e-01
   7.0000000e+00   1.0000000e+01   6.6054334e-15   7.3343750e-01   7.3343750e-01
   8.0000000e+00   1.0000000e+01   6.1324501e-15   6.7773438e-01   6.7773438e-01
   9.0000000e+00   1.0000000e+01   6.2845300e-15   7.2445313e-01   7.2445313e-01
   1.0000000e+01   1.0000000e+01   7.1990660e-15   7.6554688e-01   7.6554688e-01
   1.1000000e+01   1.0000000e+01   5.8893416e-15   6.5195313e-01   6.5195313e-01
   1.2000000e+01   1.0000000e+01   4.8937953e-15   5.1656250e-01   5.1656250e-01
   1.3000000e+01   1.0000000e+01   4.9419396e-15   5.6632813e-01   5.6632813e-01
   1.4000000e+01   1.0000000e+01   4.7383813e-15   5.6031250e-01   5.6031250e-01
   1.5000000e+01   1.0000000e+01   5.4716378e-15   6.3046875e-01   6.3046875e-01
   1.6000000e+01   1.0000000e+01   5.4722646e-15   6.5601563e-01   6.5601563e-01
   1.7000000e+01   1.0000000e+01   6.6579401e-15   7.1562500e-01   7.1562500e-01
   1.8000000e+01   1.0000000e+01   6.4046394e-15   6.7523438e-01   6.7523438e-01
   1.9000000e+01   1.0000000e+01   5.1271311e-15   5.8164063e-01   5.8164063e-01
   2.0000000e+01   1.0000000e+01   4.6480023e-15   5.6093750e-01   5.6093750e-01
   2.1000000e+01   1.0000000e+01   6.2980876e-15   6.6195313e-01   6.6195313e-01
   2.2000000e+01   1.0000000e+01   6.8132659e-15   7.0054688e-01   7.0054688e-01
   2.3000000e+01   1.0000000e+01   7.1268579e-15   7.3609375e-01   7.3609375e-01
   2.4000000e+01   1.0000000e+01   6.1004992e-15   7.2984375e-01   7.2984375e-01
   2.5000000e+01   1.0000000e+01   6.4769672e-15   6.8507813e-01   6.8507813e-01
   2.6000000e+01   1.0000000e+01   6.4279224e-15   6.9226563e-01   6.9226563e-01
   2.7000000e+01   1.0000000e+01   6.4767451e-15   7.1046875e-01   7.1046875e-01
   2.8000000e+01   1.0000000e+01   4.8577212e-15   5.0773438e-01   5.0773438e-01
   2.9000000e+01   1.0000000e+01   5.5627993e-15   6.2429688e-01   6.2429688e-01
   3.0000000e+01   1.0000000e+01   5.6365351e-15   6.5718750e-01   6.5718750e-01
   3.1000000e+01   1.0000000e+01   5.3580556e-15   6.2515625e-01   6.2515625e-01
   3.2000000e+01   1.0000000e+01   6.6553391e-15   7.0445313e-01   7.0445313e-01
   3.3000000e+01   1.0000000e+01   6.5651844e-15   7.1265625e-01   7.1265625e-01
   3.4000000e+01   1.0000000e+01   6.3923669e-15   6.9140625e-01   6.9140625e-01
   3.5000000e+01   1.0000000e+01   5.2816283e-15   5.5953125e-01   5.5953125e-01
   1.0000000e+00   1.1000000e+01   5.5305830e-15   6.1187500e-01   6.1187500e-01
   2.0000000e+00   1.1000000e+01   5.5476390e-15   6.0179688e-01   6.0179688e-01
   3.0000000e+00   1.1000000e+01   5.2435837e-15   6.0796875e-01   6.0796875e-01
   4.0000000e+00   1.1000000e+01   4.6941073e-15   5.3546875e-01   5.3546875e-01
   5.0000000e+00   1.1000000e+01   6.4575883e-15   6.6726563e-01   6.6726563e-01
   6.0000000e+00   1.1000000e+01   6.1000412e-15   6.6265625e-01   6.6265625e-01
   7.0000000e+00   1.1000000e+01   5.6476503e-15   6.6421875e-01   6.6421875e-01
   8.0000000e+00   1.1000000e+01   5.2904978e-15   6.2062500e-01   6.2062500e-01
   9.0000000e+00   1.1000000e+01   7.1829965e-15   7.4710938e-01   7.4710938e-01
   1.0000000e+01   1.1000000e+01   6.4464879e-15   6.8117188e-01   6.8117188e-01
   1.1000000e+01   1.1000000e+01   5.0747048e-15   5.8226563e-01   5.8226563e-01
   1.2000000e+01   1.1000000e+01   5.0798615e-15   5.9843750e-01   5.9843750e-01
   1.3000000e+01   1.1000000e+01   6.3782161e-15   6.7710938e-01   6.7710938e-01
   1.4000000e+01   1.1000000e+01   6.7214030e-15   6.8445313e-01   6.8445313e-01
   1.5000000e+01   1.1000000e+01   7.0991711e-15   7.3335938e-01   7.3335938e-01
   1.6000000e+01   1.1000000e+01   7.0674741e-15   7.3859375e-01   7.3859375e-01
   1.7000000e+01   1.1000000e+01   6.1413181e-15   6.6531250e-01   6.6531250e-01
   1.8000000e+01   1.1000000e+01   5.7588185e-15   6.4640625e-01   6.4640625e-01
   1.9000000e+01   1.1000000e+01   5.4519302e-15   4.7835938e-01   4.7835938e-01
   2.0000000e+01   1.1000000e+01   5.5286735e-15   5.8015625e-01   5.8015625e-01
   2.1000000e+01   1.1000000e+01   5.4147567e-15   5.6765625e-01   5.6765625e-01
   2.2000000e+01   1.1000000e+01   5.3901777e-15   6.6054688e-01   6.6054688e-01
   2.3000000e+01   1.1000000e+01   7.0822016e-15   7.5015625e-01   7.5015625e-01
   2.4000000e+01   1.1000000e+01   7.0089944e-15   7.1804688e-01   7.1804688e-01
   2.5000000e+01   1.1000000e+01   7.0770251e-15   7.6812500e-01   7.6812500e-01
   2.6000000e+01   1.1000000e+01   5.5341775e-15   6.2148438e-01   6.2148438e-01
   2.7000000e+01   1.1000000e+01   6.4636640e-15   7.3023438e-01   7.3023438e-01
   2.8000000e+01   1.1000000e+01   4.4616063e-15   5.5640625e-01   5.5640625e-01
   2.9000000e+01   1.1000000e+01   5.3190515e-15   4.8492188e-01   4.8492188e-01
   3.0000000e+01   1.1000000e+01   6.2330958e-15   5.5921875e-01   5.5921875e-01
   3.1000000e+01   1.1000000e+01   4.8144622e-15   5.2804688e-01   5.2804688e-01
   3.2000000e+01   1.1000000e+01   5.3679299e-15   6.3476563e-01   6.3476563e-01
   3.3000000e+01   1.1000000e+01   6.2078750e-15   5.7570313e-01   5.7570313e-01
   3.4000000e+01   1.1000000e+01   5.8934886e-15   6.4656250e-01   6.4656250e-01
   3.5000000e+01   1.1000000e+01   5.7869697e-15   6.4828125e-01   6.4828125e-01
   1.0000000e+00   1.2000000e+01   6.1759962e-15   6.4523438e-01   6.4523438e-01
   2.0000000e+00   1.2000000e+01   5.8721109e-15   6.3359375e-01   6.3359375e-01
   3.0000000e+00   1.2000000e+01   5.2875215e-15   5.9257813e-01   5.9257813e-01
   4.0000000e+00   1.2000000e+01   5.8868057e-15   6.2390625e-01   6.2390625e-01
   5.0000000e+00   1.2000000e+01   4.8476030e-15   6.1078125e-01   6.1078125e-01
   6.0000000e+00   1.2000000e+01   5.6594685e-15   6.7453125e-01   6.7453125e-01
   7.0000000e+00   1.2000000e+01   6.5754922e-15   6.7750000e-01   6.7750000e-01
   8.0000000e+00   1.2000000e+01   6.7149055e-15   7.2812500e-01   7.2812500e-01
   9.0000000e+00   1.2000000e+01   6.8452235e-15   7.4109375e-01   7.4109375e-01
   1.0000000e+01   1.2000000e+01   5.4569861e-15   6.4796875e-01   6.4796875e-01
   1.1000000e+01   1.2000000e+01   6.8178354e-15   7.1695313e-01   7.1695313e-01
   1.2000000e+01   1.2000000e+01   5.8101318e-15   6.2976563e-01   6.2976563e-01
   1.3000000e+01   1.2000000e+01   5.3198675e-15   5.8148438e-01   5.8148438e-01
   1.4000000e+01   1.2000000e+01   6.1143103e-15   6.6718750e-01   6.6718750e-01
   1.5000000e+01   1.2000000e+01   4.8672286e-15   5.9078125e-01   5.9078125e-01
   1.6000000e+01   1.2000000e+01   6.2193304e-15   6.2929688e-01   6.2929688e-01
   1.7000000e+01   1.2000000e+01   5.0395108e-15   5.6125000e-01   5.6125000e-01
   1.8000000e+01   1.2000000e+01   5.3818407e-15   5.4890625e-01   5.4890625e-01
   1.9000000e+01   1.2000000e+01   4.6071444e-15   5.5007813e-01   5.5007813e-01
   2.0000000e+01   1.2000000e+01   5.6885608e-15   6.1742188e-01   6.1742188e-01
   2.1000000e+01   1.2000000e+01   6.2284794e-15   6.6875000e-01   6.6875000e-01
   2.2000000e+01   1.2000000e+01   6.5070409e-15   7.0015625e-01   7.0015625e-01
   2.3000000e+01   1.2000000e+01   6.9806002e-15   7.3617188e-01   7.3617188e-01
   2.4000000e+01   1.2000000e+01   7.1867816e-15   7.6804688e-01   7.6804688e-01
   2.5000000e+01   1.2000000e+01   6.3162580e-15   7.3500000e-01   7.3500000e-01
   2.6000000e+01   1.2000000e+01   7.2649920e-15   7.6648438e-01   7.6648438e-01
   2.7000000e+01   1.2000000e+01   7.2468765e-15   7.3375000e-01   7.3375000e-01
   2.8000000e+01   1.2000000e+01   6.5796542e-15   6.6382813e-01   6.6382813e-01
   2.9000000e+01   1.2000000e+01   6.6505561e-15   6.7281250e-01   6.7281250e-01
   3.0000000e+01   1.2000000e+01   5.9812684e-15   6.5914063e-01   6.5914063e-01
   3.1000000e+01   1.2000000e+01   7.0564425e-15   7.3109375e-01   7.3109375e-01
   3.2000000e+01   1.2000000e+01   5.4012201e-15   6.3007813e-01   6.3007813e-01
   3.3000000e+01   1.2000000e+01   5.4417960e-15   5.7960938e-01   5.7960938e-01
   3.4000000e+01   1.2000000e+01   5.5162967e-15   5.7226563e-01   5.7226563e-01
   3.5000000e+01   1.2000000e+01   5.5926612e-15   6.0070313e-01   6.0070313e-01
   1.0000000e+00   1.3000000e+01   5.6929568e-15   6.1445313e-01   6.1445313e-01
   2.0000000e+00   1.3000000e+01   6.4544802e-15   6.3859375e-01   6.3859375e-01
   3.0000000e+00   1.3000000e+01   5.9159590e-15   6.1093750e-01   6.1093750e-01
   4.0000000e+00   1.3000000e+01   5.9270388e-15   6.2117188e-01   6.2117188e-01
   5.0000000e+00   1.3000000e+01   5.3514896e-15   5.8304688e-01   5.8304688e-01
   6.0000000e+00   1.3000000e+01   5.4970323e-15   5.6164063e-01   5.6164063e-01
   7.0000000e+00   1.3000000e+01   5.1549978e-15   5.8937500e-01   5.8937500e-01
   8.0000000e+00   1.3000000e+01   5.3039033e-15   5.4445313e-01   5.4445313e-01
   9.0000000e+00   1.3000000e+01   5.5121215e-15   6.0093750e-01   6.0093750e-01
   1.0000000e+01   1.3000000e+01   4.8310862e-15   5.2898438e-01   5.2898438e-01
   1.1000000e+01   1.3000000e+01   5.5343154e-15   6.1335938e-01   6.1335938e-01
   1.2000000e+01   1.3000000e+01   4.6632935e-15   5.3312500e-01   5.3312500e-01
   1.3000000e+01   1.3000000e+01   6.8227626e-15   6.6015625e-01   6.6015625e-01
   1.4000000e+01   1.3000000e+01   5.5994202e-15   5.9242188e-01   5.9242188e-01
   1.5000000e+01   1.3000000e+01   6.7951459e-15   6.9171875e-01   6.9171875e-01
   1.6000000e+01   1.3000000e+01   6.9293358e-15   6.8343750e-01   6.8343750e-01
   1.7000000e+01   1.3000000e+01   6.1887461e-15   6.0335938e-01   6.0335938e-01
   1.8000000e+01   1.3000000e+01   5.2449690e-15   5.1671875e-01   5.1671875e-01
   1.9000000e+01   1.3000000e+01   4.8858173e-15   5.5742188e-01   5.5742188e-01
   2.0000000e+01   1.3000000e+01   5.6028136e-15   5.4437500e-01   5.4437500e-01
   2.1000000e+01   1.3000000e+01   5.4796361e-15   5.5625000e-01   5.5625000e-01
   2.2000000e+01   1.3000000e+01   5.1695851e-15   4.8367188e-01   4.8367188e-01
   2.3000000e+01   1.3000000e+01   6.7068289e-15   6.9851563e-01   6.9851563e-01
   2.4000000e+01   1.3000000e+01   7.0386271e-15   7.3187500e-01   7.3187500e-01
   2.5000000e+01   1.3000000e+01   6.6324502e-15   6.9460938e-01   6.9460938e-01
   2.6000000e+01   1.3000000e+01   7.0247970e-15   7.2023438e-01   7.2023438e-01
   2.7000000e+01   1.3000000e+01   6.1165927e-15   6.9312500e-01   6.9312500e-01
   2.8000000e+01   1.3000000e+01   6.0994603e-15   6.3921875e-01   6.3921875e-01
   2.9000000e+01   1.3000000e+01   4.7358855e-15   4.8968750e-01   4.8968750e-01
   3.0000000e+01   1.3000000e+01   4.0011103e-15   4.8351563e-01   4.8351563e-01
   3.1000000e+01   1.3000000e+01   5.0350696e-15   5.4125000e-01   5.4125000e-01
   3.2000000e+01   1.3000000e+01   5.9828856e-15   6.2742188e-01   6.2742188e-01
   3.3000000e+01   1.3000000e+01   5.1581389e-15   5.4757813e-01   5.4757813e-01
   3.4000000e+01   1.3000000e+01   4.3195110e-15   4.9367188e-01   4.9367188e-01
   3.5000000e+01   1.3000000e+01   4.2833131e-15   5.3835938e-01   5.3835938e-01
   1.0000000e+00   1.4000000e+01   5.7029400e-15   6.3382813e-01   6.3382813e-01
   2.0000000e+00   1.4000000e+01   4.3960714e-15   4.6593750e-01   4.6593750e-01
   3.0000000e+00   1.4000000e+01   5.8406271e-15   5.8734375e-01   5.8734375e-01
   4.0000000e+00   1.4000000e+01   5.8134654e-15   6.0046875e-01   6.0046875e-01
   5.0000000e+00   1.4000000e+01   6.3362031e-15   6.6507813e-01   6.6507813e-01
   6.0000000e+00   1.4000000e+01   4.9176701e-15   5.6351563e-01   5.6351563e-01
   7.0000000e+00   1.4000000e+01   6.0440160e-15   6.1046875e-01   6.1046875e-01
   8.0000000e+00   1.4000000e+01   5.6420272e-15   6.2421875e-01   6.2421875e-01
   9.0000000e+00   1.4000000e+01   5.4036545e-15   6.0851563e-01   6.0851563e-01
   1.0000000e+01   1.4000000e+01   6.5513215e-15   6.5531250e-01   6.5531250e-01
   1.1000000e+01   1.4000000e+01   4.4088883e-15   4.8445313e-01   4.8445313e-01
   1.2000000e+01   1.4000000e+01   4.0267009e-15   4.9398438e-01   4.9398438e-01
   1.3000000e+01   1.4000000e+01   4.2931731e-15   5.0406250e-01   5.0406250e-01
   1.4000000e+01   1.4000000e+01   6.1611426e-15   6.2617188e-01   6.2617188e-01
   1.5000000e+01   1.4000000e+01   6.1666721e-15   6.8101563e-01   6.8101563e-01
   1.6000000e+01   1.4000000e+01   5.8266232e-15   6.2664063e-01   6.2664063e-01
   1.7000000e+01   1.4000000e+01   6.5660903e-15   6.4843750e-01   6.4843750e-01
   1.8000000e+01   1.4000000e+01   4.8354783e-15   5.0179688e-01   5.0179688e-01
   1.9000000e+01   1.4000000e+01   5.7946770e-15   5.8632813e-01   5.8632813e-01
   2.0000000e+01   1.4000000e+01   5.7798422e-15   5.8515625e-01   5.8515625e-01
   2.1000000e+01   1.4000000e+01   6.2395124e-15   6.0921875e-01   6.0921875e-01
   2.2000000e+01   1.4000000e+01   6.5006940e-15   6.7375000e-01   6.7375000e-01
   2.3000000e+01   1.4000000e+01   5.4264603e-15   5.3757813e-01   5.3757813e-01
   2.4000000e+01   1.4000000e+01   4.4648621e-15   5.5445313e-01   5.5445313e-01
   2.5000000e+01   1.4000000e+01   5.4364346e-15   5.9226563e-01   5.9226563e-01
   2.6000000e+01   1.4000000e+01   6.1606818e-15   6.2109375e-01   6.2109375e-01
   2.7000000e+01   1.4000000e+01   5.9543255e-15   6.5062500e-01   6.5062500e-01
   2.8000000e+01   1.4000000e+01   4.9778560e-15   5.8679688e-01   5.8679688e-01
   2.9000000e+01   1.4000000e+01   6.2387588e-15   6.4007813e-01   6.4007813e-01
   3.0000000e+01   1.4000000e+01   6.3955474e-15   6.4406250e-01   6.4406250e-01
   3.1000000e+01   1.4000000e+01   5.6496283e-15   6.2250000e-01   6.2250000e-01
   3.2000000e+01   1.4000000e+01   6.2041194e-15   6.4976563e-01   6.4976563e-01
   3.3000000e+01   1.4000000e+01   5.7790209e-15   6.2210938e-01   6.2210938e-01
   3.4000000e+01   1.4000000e+01   6.2840516e-15   6.5320313e-01   6.5320313e-01
   3.5000000e+01   1.4000000e+01   5.4442141e-15   5.8109375e-01   5.8109375e-01
   1.0000000e+00   1.5000000e+01   6.1572058e-15   6.1718750e-01   6.1718750e-01
   2.0000000e+00   1.5000000e+01   5.8733942e-15   5.7546875e-01   5.7546875e-01
   3.0000000e+00   1.5000000e+01   4.3742431e-15   4.4937500e-01   4.4937500e-01
   4.0000000e+00   1.5000000e+01   5.1040024e-15   4.1984375e-01   4.1984375e-01
   5.0000000e+00   1.5000000e+01   5.2802682e-15   6.1609375e-01   6.1609375e-01
   6.0000000e+00   1.5000000e+01   5.7450239e-15   6.2750000e-01   6.2750000e-01
   7.0000000e+00   1.5000000e+01   6.3260653e-15   6.7015625e-01   6.7015625e-01
   8.0000000e+00   1.5000000e+01   6.5382410e-15   6.5218750e-01   6.5218750e-01
   9.0000000e+00   1.5000000e+01   6.5001930e-15   6.6640625e-01   6.6640625e-01
   1.0000000e+01   1.5000000e+01   5.0326370e-15   6.1539063e-01   6.1539063e-01
   1.1000000e+01   1.5000000e+01   4.5549866e-15   4.9632813e-01   4.9632813e-01
   1.2000000e+01   1.5000000e+01   4.6435836e-15   5.5625000e-01   5.5625000e-01
   1.3000000e+01   1.5000000e+01   5.1502558e-15   5.5921875e-01   5.5921875e-01
   1.4000000e+01   1.5000000e+01   6.6896577e-15   6.7140625e-01   6.7140625e-01
   1.5000000e+01   1.5000000e+01   6.7378613e-15   6.9820313e-01   6.9820313e-01
   1.6000000e+01   1.5000000e+01   6.1809837e-15   6.5226563e-01   6.5226563e-01
   1.7000000e+01   1.5000000e+01   4.8400572e-15   4.3796875e-01   4.3796875e-01
   1.8000000e+01   1.5000000e+01   6.4263597e-15   6.4718750e-01   6.4718750e-01
   1.9000000e+01   1.5000000e+01   5.7069754e-15   5.9796875e-01   5.9796875e-01
   2.0000000e+01   1.5000000e+01   5.8181493e-15   6.0226563e-01   6.0226563e-01
   2.1000000e+01   1.5000000e+01   6.2662732e-15   6.4109375e-01   6.4109375e-01
   2.2000000e+01   1.5000000e+01   6.6912225e-15   6.8070313e-01   6.8070313e-01
   2.3000000e+01   1.5000000e+01   6.7707336e-15   6.9406250e-01   6.9406250e-01
   2.4000000e+01   1.5000000e+01   5.6357212e-15   6.3296875e-01   6.3296875e-01
   2.5000000e+01   1.5000000e+01   4.7281741e-15   5.4046875e-01   5.4046875e-01
   2.6000000e+01   1.5000000e+01   6.8226624e-15   7.1218750e-01   7.1218750e-01
   2.7000000e+01   1.5000000e+01   6.3374863e-15   6.6976563e-01   6.6976563e-01
   2.8000000e+01   1.5000000e+01   5.8211552e-15   5.9539063e-01   5.9539063e-01
   2.9000000e+01   1.5000000e+01   5.2202128e-15   5.5093750e-01   5.5093750e-01
   3.0000000e+01   1.5000000e+01   5.3690614e-15   5.6554688e-01   5.6554688e-01
   3.1000000e+01   1.5000000e+01   5.3293196e-15   6.0015625e-01   6.0015625e-01
   3.2000000e+01   1.5000000e+01   5.9451288e-15   6.5460938e-01   6.5460938e-01
   3.3000000e+01   1.5000000e+01   6.3439011e-15   6.4609375e-01   6.4609375e-01
   3.4000000e+01   1.5000000e+01   5.5230583e-15   5.9078125e-01   5.9078125e-01
   3.5000000e+01   1.5000000e+01   5.0326451e-15   5.3781250e-01   5.3781250e-01
   1.0000000e+00   1.6000000e+01   5.8261953e-15   5.9781250e-01   5.9781250e-01
   2.0000000e+00   1.6000000e+01   5.1872510e-15   5.5109375e-01   5.5109375e-01
   3.0000000e+00   1.6000000e+01   4.5381400e-15   4.7156250e-01   4.7156250e-01
   4.0000000e+00   1.6000000e+01   5.7759562e-15   5.7257813e-01   5.7257813e-01
   5.0000000e+00   1.6000000e+01   6.0468987e-15   5.9593750e-01   5.9593750e-01
   6.0000000e+00   1.6000000e+01   6.2245798e-15   6.2476563e-01   6.2476563e-01
   7.0000000e+00   1.6000000e+01   6.2556715e-15   6.2015625e-01   6.2015625e-01
   8.0000000e+00   1.6000000e+01   5.1272625e-15   5.3023438e-01   5.3023438e-01
   9.0000000e+00   1.6000000e+01   4.7445508e-15   3.9101563e-01   3.9101563e-01
   1.0000000e+01   1.6000000e+01   4.5567624e-15   4.3851563e-01   4.3851563e-01
   1.1000000e+01   1.6000000e+01   4.5116483e-15   3.9421875e-01   3.9421875e-01
   1.2000000e+01   1.6000000e+01   4.6858127e-15   4.1171875e-01   4.1171875e-01
   1.3000000e+01   1.6000000e+01   4.5675090e-15   4.3851563e-01   4.3851563e-01
   1.4000000e+01   1.6000000e+01   5.0629589e-15   4.2335938e-01   4.2335938e-01
   1.5000000e+01   1.6000000e+01   4.5417340e-15   4.4070313e-01   4.4070313e-01
   1.6000000e+01   1.6000000e+01   4.5268167e-15   4.3117188e-01   4.3117188e-01
   1.7000000e+01   1.6000000e+01   4.6832837e-15   3.9773438e-01   3.9773438e-01
   1.8000000e+01   1.6000000e+01   4.4946089e-15   4.2921875e-01   4.2921875e-01
   1.9000000e+01   1.6000000e+01   4.2536163e-15   3.5460938e-01   3.5460938e-01
   2.0000000e+01   1.6000000e+01   3.8538385e-15   3.3773438e-01   3.3773438e-01
   2.1000000e+01   1.6000000e+01   4.2235705e-15   3.6078125e-01   3.6078125e-01
   2.2000000e+01   1.6000000e+01   5.0658673e-15   3.5625000e-01   3.5625000e-01
   2.3000000e+01   1.6000000e+01   4.8395050e-15   4.2585938e-01   4.2585938e-01
   2.4000000e+01   1.6000000e+01   5.1170090e-15   2.9375000e-01   2.9375000e-01
   2.5000000e+01   1.6000000e+01   4.5362414e-15   3.5953125e-01   3.5953125e-01
   2.6000000e+01   1.6000000e+01   6.5309702e-15   3.2023438e-01   3.2023438e-01
   2.7000000e+01   1.6000000e+01   4.5722030e-15   3.7312500e-01   3.7312500e-01
   2.8000000e+01   1.6000000e+01   5.3016159e-15   3.8687500e-01   3.8687500e-01
   2.9000000e+01   1.6000000e+01   3.5273135e-15   3.3304688e-01   3.3304688e-01
   3.0000000e+01   1.6000000e+01   3.9402091e-15   3.9148438e-01   3.9148438e-01
   3.1000000e+01   1.6000000e+01   4.2952694e-15   3.6687500e-01   3.6687500e-01
   3.2000000e+01   1.6000000e+01   5.1561910e-15   4.8750000e-01   4.8750000e-01
   3.3000000e+01   1.6000000e+01   4.2238158e-15   4.0687500e-01   4.0687500e-01
   3.4000000e+01   1.6000000e+01   4.7099248e-15   3.4328125e-01   3.4328125e-01
   3.5000000e+01   1.6000000e+01   4.4184184e-15   3.5710938e-01   3.5710938e-01
   1.0000000e+00   1.7000000e+01   4.6396580e-15   4.3593750e-01   4.3593750e-01
   2.0000000e+00   1.7000000e+01   4.2203829e-15   3.3984375e-01   3.3984375e-01
   3.0000000e+00   1.7000000e+01   3.8787473e-15   3.6132813e-01   3.6132813e-01
   4.0000000e+00   1.7000000e+01   5.5905193e-15   3.5226563e-01   3.5226563e-01
   5.0000000e+00   1.7000000e+01   4.1813586e-15   4.3109375e-01   4.3109375e-01
   6.0000000e+00   1.7000000e+01   4.6057214e-15   4.0265625e-01   4.0265625e-01
   7.0000000e+00   1.7000000e+01   5.1581044e-15   3.4078125e-01   3.4078125e-01
   8.0000000e+00   1.7000000e+01   5.6555021e-15   3.0343750e-01   3.0343750e-01
   9.0000000e+00   1.7000000e+01   5.6697295e-15   2.9484375e-01   2.9484375e-01
   1.0000000e+01   1.7000000e+01   3.5990548e-15   2.9984375e-01   2.9984375e-01
   1.1000000e+01   1.7000000e+01   4.2365408e-15   3.8476563e-01   3.8476563e-01
   1.2000000e+01   1.7000000e+01   5.2139963e-15   2.7617188e-01   2.7617188e-01
   1.3000000e+01   1.7000000e+01   3.8757190e-15   2.9273438e-01   2.9273438e-01
   1.4000000e+01   1.7000000e+01   5.1498198e-15   3.2781250e-01   3.2781250e-01
   1.5000000e+01   1.7000000e+01   6.1174336e-15   3.2742188e-01   3.2742188e-01
   1.6000000e+01   1.7000000e+01   3.9963341e-15   3.2125000e-01   3.2125000e-01
   1.7000000e+01   1.7000000e+01   4.5543633e-15   3.9734375e-01   3.9734375e-01
   1.8000000e+01   1.7000000e+01   3.9576600e-15   3.1203125e-01   3.1203125e-01
   1.9000000e+01   1.7000000e+01   5.0426937e-15   3.1507813e-01   3.1507813e-01
   2.0000000e+01   1.7000000e+01   6.0059437e-15   1.9523438e-01   1.9523438e-01
   2.1000000e+01   1.7000000e+01   6.0537656e-15   3.1140625e-01   3.1140625e-01
   2.2000000e+01   1.7000000e+01   5.1847012e-15   4.1617188e-01   4.1617188e-01
   2.3000000e+01   1.7000000e+01   3.8875012e-15   3.3539063e-01   3.3539063e-01
   2.4000000e+01   1.7000000e+01   3.9212078e-15   3.2203125e-01   3.2203125e-01
   2.5000000e+01   1.7000000e+01   3.6072407e-15   3.4976563e-01   3.4976563e-01
   2.6000000e+01   1.7000000e+01   4.9923768e-15   4.2765625e-01   4.2765625e-01
   2.7000000e+01   1.7000000e+01   4.4930534e-15   2.9664063e-01   2.9664063e-01
   2.8000000e+01   1.7000000e+01   3.6942918e-15   3.2812500e-01   3.2812500e-01
   2.9000000e+01   1.7000000e+01   7.1231255e-15   2.0476563e-01   2.0476563e-01
   3.0000000e+01   1.7000000e+01   5.3081041e-15   3.4781250e-01   3.4781250e-01
   3.1000000e+01   1.7000000e+01   5.4179753e-15   2.6578125e-01   2.6578125e-01
   3.2000000e+01   1.7000000e+01   5.5918990e-15   3.2640625e-01   3.2640625e-01
   3.3000000e+01   1.7000000e+01   6.9751378e-15   2.8109375e-01   2.8109375e-01
   3.4000000e+01   1.7000000e+01   5.3307903e-15   3.8242188e-01   3.8242188e-01
   3.5000000e+01   1.7000000e+01   4.4352312e-15   2.7726563e-01   2.7726563e-01
   1.0000000e+00   1.8000000e+01   3.8366732e-15   3.1406250e-01   3.1406250e-01
   2.0000000e+00   1.8000000e+01   2.8114760e-15   2.1789063e-01   2.1789063e-01
   3.0000000e+00   1.8000000e+01   4.5379426e-15   3.5617188e-01   3.5617188e-01
   4.0000000e+00   1.8000000e+01   4.9707194e-15   3.7781250e-01   3.7781250e-01
   5.0000000e+00   1.8000000e+01   4.6378337e-15   3.1898438e-01   3.1898438e-01
   6.0000000e+00   1.8000000e+01   4.1386682e-15   3.4953125e-01   3.4953125e-01
   7.0000000e+00   1.8000000e+01   3.9468616e-15   3.9585938e-01   3.9585938e-01
   8.0000000e+00   1.8000000e+01   4.7108859e-15   4.2679688e-01   4.2679688e-01
   9.0000000e+00   1.8000000e+01   5.0691296e-15   3.9859375e-01   3.9859375e-01
   1.0000000e+01   1.8000000e+01   4.1749326e-15   3.7382813e-01   3.7382813e-01
   1.1000000e+01   1.8000000e+01   3.5779899e-15   3.3101563e-01   3.3101563e-01
   1.2000000e+01   1.8000000e+01   4.0864948e-15   3.7281250e-01   3.7281250e-01
   1.3000000e+01   1.8000000e+01   3.8503378e-15   3.0468750e-01   3.0468750e-01
   1.4000000e+01   1.8000000e+01   3.2819151e-15   3.2804688e-01   3.2804688e-01
   1.5000000e+01   1.8000000e+01   4.4938227e-15   3.6046875e-01   3.6046875e-01
   1.6000000e+01   1.8000000e+01   3.8289398e-15   3.1562500e-01   3.1562500e-01
   1.7000000e+01   1.8000000e+01   4.0619119e-15   3.0898438e-01   3.0898438e-01
   1.8000000e+01   1.8000000e+01   3.9400838e-15   3.2132813e-01   3.2132813e-01
   1.9000000e+01   1.8000000e+01   8.2734890e-16   1.3984375e-02   1.3984375e-02
   2.0000000e+01   1.8000000e+01   1.0122997e-15   1.5859375e-02   1.5859375e-02
   2.1000000e+01   1.8000000e+01   8.7927383e-16   1.3671875e-02   1.3671875e-02
   2.2000000e+01   1.8000000e+01   8.1024943e-16   1.3515625e-02   1.3515625e-02
   2.3000000e+01   1.8000000e+01   7.4100655e-16   1.2578125e-02   1.2578125e-02
   2.4000000e+01   1.8000000e+01   6.9601051e-16   1.2265625e-02   1.2265625e-02
   2.5000000e+01   1.8000000e+01   7.1819058e-16   1.2968750e-02   1.2968750e-02
   2.6000000e+01   1.8000000e+01   7.6340802e-16   1.3593750e-02   1.3593750e-02
   2.7000000e+01   1.8000000e+01   9.0306579e-16   1.4453125e-02   1.4453125e-02
   2.8000000e+01   1.8000000e+01   9.5771411e-16   1.4531250e-02   1.4531250e-02
   2.9000000e+01   1.8000000e+01   8.0169317e-16   1.3671875e-02   1.3671875e-02
   3.0000000e+01   1.8000000e+01   7.0453373e-16   1.1796875e-02   1.1796875e-02
   3.1000000e+01   1.8000000e+01   6.3641980e-16   1.1484375e-02   1.1484375e-02
   3.2000000e+01   1.8000000e+01   7.0979815e-16   1.2421875e-02   1.2421875e-02
   3.3000000e+01   1.8000000e+01   8.1400408e-16   1.4609375e-02   1.4609375e-02
   3.4000000e+01   1.8000000e+01   1.0724454e-15   1.6484375e-02   1.6484375e-02
   3.5000000e+01   1.8000000e+01   9.9341947e-16   1.6015625e-02   1.6015625e-02
   1.0000000e+00   1.9000000e+01   9.0526378e-16   1.4843750e-02   1.4843750e-02
   2.0000000e+00   1.9000000e+01   1.0128866e-15   1.6171875e-02   1.6171875e-02
   3.0000000e+00   1.9000000e+01   9.8442348e-16   1.6171875e-02   1.6171875e-02
   4.0000000e+00   1.9000000e+01   8.2881184e-16   1.3984375e-02   1.3984375e-02
   5.0000000e+00   1.9000000e+01   8.3779154e-16   1.3515625e-02   1.3515625e-02
   6.0000000e+00   1.9000000e+01   8.4449649e-16   1.3437500e-02   1.3437500e-02
   7.0000000e+00   1.9000000e+01   8.9528591e-16   1.6484375e-02   1.6484375e-02
   8.0000000e+00   1.9000000e+01   9.1236201e-16   1.5000000e-02   1.5000000e-02
   9.0000000e+00   1.9000000e+01   9.1738292e-16   1.4609375e-02   1.4609375e-02
   1.0000000e+01   1.9000000e+01   1.0735793e-15   1.7031250e-02   1.7031250e-02
   1.1000000e+01   1.9000000e+01   8.4146142e-16   1.3671875e-02   1.3671875e-02
   1.2000000e+01   1.9000000e+01   7.5915533e-16   1.3046875e-02   1.3046875e-02
   1.3000000e+01   1.9000000e+01   7.0756184e-16   1.3046875e-02   1.3046875e-02
   1.4000000e+01   1.9000000e+01   7.4386150e-16   1.3515625e-02   1.3515625e-02
   1.5000000e+01   1.9000000e+01   8.1769595e-16   1.3125000e-02   1.3125000e-02
   1.6000000e+01   1.9000000e+01   7.6415499e-16   1.2500000e-02   1.2500000e-02
   1.7000000e+01   1.9000000e+01   7.1277717e-16   1.4140625e-02   1.4140625e-02
   1.8000000e+01   1.9000000e+01   7.7700215e-16   1.2734375e-02   1.2734375e-02
   1.9000000e+01   1.9000000e+01   9.1274397e-16   1.3750000e-02   1.3750000e-02
   2.0000000e+01   1.9000000e+01   8.3303849e-16   1.3671875e-02   1.3671875e-02
   2.1000000e+01   1.9000000e+01   8.8552358e-16   1.4453125e-02   1.4453125e-02
   2.2000000e+01   1.9000000e+01   8.7795960e-16   1.5703125e-02   1.5703125e-02
   2.3000000e+01   1.9000000e+01   8.4758793e-16   1.4296875e-02   1.4296875e-02
   2.4000000e+01   1.9000000e+01   1.0081364e-15   1.6718750e-02   1.6718750e-02
   2.5000000e+01   1.9000000e+01   1.0144544e-15   1.4687500e-02   1.4687500e-02
   2.6000000e+01   1.9000000e+01   8.8475357e-16   1.4140625e-02   1.4140625e-02
   2.7000000e+01   1.9000000e+01   7.5899435e-16   1.2578125e-02   1.2578125e-02
   2.8000000e+01   1.9000000e+01   7.4072881e-16   1.4218750e-02   1.4218750e-02
   2.9000000e+01   1.9000000e+01   6.9069960e-16   1.2500000e-02   1.2500000e-02
   3.0000000e+01   1.9000000e+01   7.6411823e-16   1.3515625e-02   1.3515625e-02
   3.1000000e+01   1.9000000e+01   9.6882774e-16   1.4843750e-02   1.4843750e-02
   3.2000000e+01   1.9000000e+01   8.6542838e-16   1.4062500e-02   1.4062500e-02
   3.3000000e+01   1.9000000e+01   8.1466928e-16   1.4531250e-02   1.4531250e-02
   3.4000000e+01   1.9000000e+01   7.6969520e-16   1.3125000e-02   1.3125000e-02
   3.5000000e+01   1.9000000e+01   6.9723041e-16   1.2265625e-02   1.2265625e-02
   1.0000000e+00   2.0000000e+01   7.7306398e-16   1.3515625e-02   1.3515625e-02
   2.0000000e+00   2.0000000e+01   9.7674367e-16   1.4921875e-02   1.4921875e-02
   3.0000000e+00   2.0000000e+01   9.3559283e-16   1.4609375e-02   1.4609375e-02
   4.0000000e+00   2.0000000e+01   9.0435338e-16   1.4843750e-02   1.4843750e-02
   5.0000000e+00   2.0000000e+01   8.5889816e-16   1.3359375e-02   1.3359375e-02
   6.0000000e+00   2.0000000e+01   7.0932764e-16   1.2734375e-02   1.2734375e-02
   7.0000000e+00   2.0000000e+01   7.9351758e-16   1.4218750e-02   1.4218750e-02
   8.0000000e+00   2.0000000e+01   8.6412079e-16   1.4843750e-02   1.4843750e-02
   9.0000000e+00   2.0000000e+01   8.2953736e-16   1.4531250e-02   1.4531250e-02
   1.0000000e+01   2.0000000e+01   8.4108517e-16   1.4296875e-02   1.4296875e-02
   1.1000000e+01   2.0000000e+01   1.0305935e-15   1.5703125e-02   1.5703125e-02
   1.2000000e+01   2.0000000e+01   9.8750015e-16   1.4843750e-02   1.4843750e-02
   1.3000000e+01   2.0000000e+01   9.1402914e-16   1.5000000e-02   1.5000000e-02
   1.4000000e+01   2.0000000e+01   8.1408392e-16   1.3984375e-02   1.3984375e-02
   1.5000000e+01   2.0000000e+01   8.2866286e-16   1.3593750e-02   1.3593750e-02
   1.6000000e+01   2.0000000e+01   7.7799844e-16   1.2812500e-02   1.2812500e-02
   1.7000000e+01   2.0000000e+01   7.1181876e-16   1.2734375e-02   1.2734375e-02
   1.8000000e+01   2.0000000e+01   8.2733609e-16   1.4765625e-02   1.4765625e-02
   1.9000000e+01   2.0000000e+01   9.4226306e-16   1.5156250e-02   1.5156250e-02
   2.0000000e+01   2.0000000e+01   9.7299895e-16   1.5390625e-02   1.5390625e-02
   2.1000000e+01   2.0000000e+01   8.1371650e-16   1.4765625e-02   1.4765625e-02
   2.2000000e+01   2.0000000e+01   7.0323082e-16   1.2656250e-02   1.2656250e-02
   2.3000000e+01   2.0000000e+01   7.6029374e-16   1.2656250e-02   1.2656250e-02
   2.4000000e+01   2.0000000e+01   6.9786389e-16   1.2812500e-02   1.2812500e-02
   2.5000000e+01   2.0000000e+01   8.2307835e-16   1.3593750e-02   1.3593750e-02
   2.6000000e+01   2.0000000e+01   9.1625619e-16   1.4140625e-02   1.4140625e-02
   2.7000000e+01   2.0000000e+01   9.8832629e-16   1.5312500e-02   1.5312500e-02
   2.8000000e+01   2.0000000e+01   1.0073013e-15   1.4531250e-02   1.4531250e-02
   2.9000000e+01   2.0000000e+01   9.7210183e-16   1.6328125e-02   1.6328125e-02
   3.0000000e+01   2.0000000e+01   8.4514822e-16   1.3906250e-02   1.3906250e-02
   3.1000000e+01   2.0000000e+01   7.6335998e-16   1.3046875e-02   1.3046875e-02
   3.2000000e+01   2.0000000e+01   7.8503402e-16   1.2812500e-02   1.2812500e-02
   3.3000000e+01   2.0000000e+01   7.7450689e-16   1.2890625e-02   1.2890625e-02
   3.4000000e+01   2.0000000e+01   7.7635202e-16   1.3359375e-02   1.3359375e-02
   3.5000000e+01   2.0000000e+01   8.9246889e-16   1.4843750e-02   1.4843750e-02
   1.0000000e+00   2.1000000e+01   1.0225753e-15   1.5937500e-02   1.5937500e-02
   2.0000000e+00   2.1000000e+01   8.5553020e-16   1.3750000e-02   1.3750000e-02
   3.0000000e+00   2.1000000e+01   8.4292777e-16   1.4843750e-02   1.4843750e-02
   4.0000000e+00   2.1000000e+01   7.1922606e-16   1.3359375e-02   1.3359375e-02
   5.0000000e+00   2.1000000e+01   7.7366793e-16   1.2890625e-02   1.2890625e-02
   6.0000000e+00   2.1000000e+01   9.7380189e-16   1.4453125e-02   1.4453125e-02
   7.0000000e+00   2.1000000e+01   7.9136112e-16   1.3281250e-02   1.3281250e-02
   8.0000000e+00   2.1000000e+01   6.9238282e-16   1.1718750e-02   1.1718750e-02
   9.0000000e+00   2.1000000e+01   7.5499564e-16   1.2343750e-02   1.2343750e-02
   1.0000000e+01   2.1000000e+01   8.7681334e-16   1.4843750e-02   1.4843750e-02
   1.1000000e+01   2.1000000e+01   7.1374745e-16   1.3046875e-02   1.3046875e-02
   1.2000000e+01   2.1000000e+01   7.4232180e-16   1.3125000e-02   1.3125000e-02
   1.3000000e+01   2.1000000e+01   1.0206050e-15   1.5390625e-02   1.5390625e-02
   1.4000000e+01   2.1000000e+01   8.4678773e-16   1.4687500e-02   1.4687500e-02
   1.5000000e+01   2.1000000e+01   6.9328967e-16   1.1640625e-02   1.1640625e-02
   1.6000000e+01   2.1000000e+01   9.5989620e-16   1.5390625e-02   1.5390625e-02
   1.7000000e+01   2.1000000e+01   7.4758669e-16   1.2734375e-02   1.2734375e-02
   1.8000000e+01   2.1000000e+01   7.1518160e-16   1.2734375e-02   1.2734375e-02
   1.9000000e+01   2.1000000e+01   7.9560510e-16   1.3125000e-02   1.3125000e-02
   2.0000000e+01   2.1000000e+01   6.8929619e-16   1.3359375e-02   1.3359375e-02
   2.1000000e+01   2.1000000e+01   7.0769196e-16   1.2812500e-02   1.2812500e-02
   2.2000000e+01   2.1000000e+01   7.1714893e-16   1.3593750e-02   1.3593750e-02
   2.3000000e+01   2.1000000e+01   9.6393878e-16   1.4921875e-02   1.4921875e-02
   2.4000000e+01   2.1000000e+01   7.8219376e-16   1.3750000e-02   1.3750000e-02
   2.5000000e+01   2.1000000e+01   7.1406007e-16   1.2500000e-02   1.2500000e-02
   2.6000000e+01   2.1000000e+01   6.4625611e-16   1.3984375e-02   1.3984375e-02
   2.7000000e+01   2.1000000e+01   7.3847504e-16   1.3203125e-02   1.3203125e-02
   2.8000000e+01   2.1000000e+01   9.1702370e-16   1.4375000e-02   1.4375000e-02
   2.9000000e+01   2.1000000e+01   7.5442758e-16   1.3203125e-02   1.3203125e-02
   3.0000000e+01   2.1000000e+01   6.6098872e-16   1.2500000e-02   1.2500000e-02
   3.1000000e+01   2.1000000e+01   6.3642183e-16   1.1718750e-02   1.1718750e-02
   3.2000000e+01   2.1000000e+01   9.5176647e-16   1.5156250e-02   1.5156250e-02
   3.3000000e+01   2.1000000e+01   8.5081136e-16   1.4296875e-02   1.4296875e-02
   3.4000000e+01   2.1000000e+01   8.2083817e-16   1.5312500e-02   1.5312500e-02
   3.5000000e+01   2.1000000e+01   7.7232288e-16   1.3125000e-02   1.3125000e-02
   1.0000000e+00   2.2000000e+01   9.6467058e-16   1.5468750e-02   1.5468750e-02
   2.0000000e+00   2.2000000e+01   7.9493100e-16   1.3515625e-02   1.3515625e-02
   3.0000000e+00   2.2000000e+01   8.0964872e-16   1.4296875e-02   1.4296875e-02
   4.0000000e+00   2.2000000e+01   7.3473653e-16   1.2421875e-02   1.2421875e-02
   5.0000000e+00   2.2000000e+01   7.3562833e-16   1.2343750e-02   1.2343750e-02
   6.0000000e+00   2.2000000e+01   6.7176394e-16   1.2578125e-02   1.2578125e-02
   7.0000000e+00   2.2000000e+01   6.4970384e-16   1.2734375e-02   1.2734375e-02
   8.0000000e+00   2.2000000e+01   9.6003401e-16   1.5390625e-02   1.5390625e-02
   9.0000000e+00   2.2000000e+01   1.0006138e-15   1.5156250e-02   1.5156250e-02
   1.0000000e+01   2.2000000e+01   8.4141119e-16   1.4140625e-02   1.4140625e-02
   1.1000000e+01   2.2000000e+01   7.9507912e-16   1.4062500e-02   1.4062500e-02
   1.2000000e+01   2.2000000e+01   7.6964277e-16   1.4531250e-02   1.4531250e-02
   1.3000000e+01   2.2000000e+01   7.8511227e-16   1.3750000e-02   1.3750000e-02
   1.4000000e+01   2.2000000e+01   8.2102391e-16   1.2812500e-02   1.2812500e-02
   1.5000000e+01   2.2000000e+01   8.7748452e-16   1.4453125e-02   1.4453125e-02
   1.6000000e+01   2.2000000e+01   8.7453558e-16   1.3750000e-02   1.3750000e-02
   1.7000000e+01   2.2000000e+01   9.8416672e-16   1.5234375e-02   1.5234375e-02
   1.8000000e+01   2.2000000e+01   1.0469678e-15   1.6093750e-02   1.6093750e-02
   1.9000000e+01   2.2000000e+01   8.2843352e-16   1.4687500e-02   1.4687500e-02
   2.0000000e+01   2.2000000e+01   8.1371493e-16   1.3203125e-02   1.3203125e-02
   2.1000000e+01   2.2000000e+01   8.0701479e-16   1.3828125e-02   1.3828125e-02
   2.2000000e+01   2.2000000e+01   8.2272100e-16   1.5390625e-02   1.5390625e-02
   2.3000000e+01   2.2000000e+01   8.7846250e-16   1.4296875e-02   1.4296875e-02
   2.4000000e+01   2.2000000e+01   9.8312229e-16   1.6093750e-02   1.6093750e-02
   2.5000000e+01   2.2000000e+01   7.4307446e-16   1.3984375e-02   1.3984375e-02
   2.6000000e+01   2.2000000e+01   7.8661025e-16   1.3671875e-02   1.3671875e-02
   2.7000000e+01   2.2000000e+01   8.4898267e-16   1.3125000e-02   1.3125000e-02
   2.8000000e+01   2.2000000e+01   1.0160193e-15   1.5078125e-02   1.5078125e-02
   2.9000000e+01   2.2000000e+01   7.4941085e-16   1.3359375e-02   1.3359375e-02
   3.0000000e+01   2.2000000e+01   7.7114271e-16   1.4921875e-02   1.4921875e-02
   3.1000000e+01   2.2000000e+01   8.1097370e-16   1.4218750e-02   1.4218750e-02
   3.2000000e+01   2.2000000e+01   8.1471338e-16   1.3515625e-02   1.3515625e-02
   3.3000000e+01   2.2000000e+01   7.2988105e-16   1.3359375e-02   1.3359375e-02
   3.4000000e+01   2.2000000e+01   8.0666510e-16   1.3828125e-02   1.3828125e-02
   3.5000000e+01   2.2000000e+01   9.7307559e-16   1.5703125e-02   1.5703125e-02
   1.0000000e+00   2.3000000e+01   8.2352191e-16   1.4609375e-02   1.4609375e-02
   2.0000000e+00   2.3000000e+01   8.4486349e-16   1.3828125e-02   1.3828125e-02
   3.0000000e+00   2.3000000e+01   8.6165002e-16   1.4843750e-02   1.4843750e-02
   4.0000000e+00   2.3000000e+01   8.5886492e-16   1.4609375e-02   1.4609375e-02
   5.0000000e+00   2.3000000e+01   9.7034545e-16   1.5703125e-02   1.5703125e-02
   6.0000000e+00   2.3000000e+01   1.0584120e-15   1.5937500e-02   1.5937500e-02
   7.0000000e+00   2.3000000e+01   9.6272514e-16   1.5234375e-02   1.5234375e-02
   8.0000000e+00   2.3000000e+01   8.0944989e-16   1.4296875e-02   1.4296875e-02
   9.0000000e+00   2.3000000e+01   7.5865126e-16   1.2968750e-02   1.2968750e-02
   1.0000000e+01   2.3000000e+01   7.8266005e-16   1.3281250e-02   1.3281250e-02
   1.1000000e+01   2.3000000e+01   7.9592890e-16   1.4140625e-02   1.4140625e-02
   1.2000000e+01   2.3000000e+01   7.5938873e-16   1.2578125e-02   1.2578125e-02
   1.3000000e+01   2.3000000e+01   8.0017042e-16   1.3437500e-02   1.3437500e-02
   1.4000000e+01   2.3000000e+01   9.4033097e-16   1.4765625e-02   1.4765625e-02
   1.5000000e+01   2.3000000e+01   8.4782039e-16   1.4218750e-02   1.4218750e-02
   1.6000000e+01   2.3000000e+01   9.0870049e-16   1.5000000e-02   1.5000000e-02
   1.7000000e+01   2.3000000e+01   9.0081596e-16   1.4765625e-02   1.4765625e-02
   1.8000000e+01   2.3000000e+01   8.9858594e-16   1.4140625e-02   1.4140625e-02
   1.9000000e+01   2.3000000e+01   1.0437093e-15   1.6093750e-02   1.6093750e-02
   2.0000000e+01   2.3000000e+01   1.0017949e-15   1.5390625e-02   1.5390625e-02
   2.1000000e+01   2.3000000e+01   9.8912700e-16   1.5468750e-02   1.5468750e-02
   2.2000000e+01   2.3000000e+01   9.0464889e-16   1.5078125e-02   1.5078125e-02
   2.3000000e+01   2.3000000e+01   1.0452708e-15   1.6171875e-02   1.6171875e-02
   2.4000000e+01   2.3000000e+01   7.5890064e-16   1.3671875e-02   1.3671875e-02
   2.5000000e+01   2.3000000e+01   7.7935736e-16   1.4765625e-02   1.4765625e-02
   2.6000000e+01   2.3000000e+01   9.6504578e-16   1.5234375e-02   1.5234375e-02
   2.7000000e+01   2.3000000e+01   6.7142457e-16   1.2109375e-02   1.2109375e-02
   2.8000000e+01   2.3000000e+01   8.2192959e-16   1.3906250e-02   1.3906250e-02
   2.9000000e+01   2.3000000e+01   6.4605849e-16   1.1640625e-02   1.1640625e-02
   3.0000000e+01   2.3000000e+01   9.1096544e-16   1.4531250e-02   1.4531250e-02
   3.1000000e+01   2.3000000e+01   7.0995229e-16   1.3828125e-02   1.3828125e-02
   3.2000000e+01   2.3000000e+01   9.2742701e-16   1.6015625e-02   1.6015625e-02
   3.3000000e+01   2.3000000e+01   8.2538396e-16   1.4140625e-02   1.4140625e-02
   3.4000000e+01   2.3000000e+01   7.9714606e-16   1.3593750e-02   1.3593750e-02
   3.5000000e+01   2.3000000e+01   8.5402678e-16   1.3671875e-02   1.3671875e-02
   1.0000000e+00   2.4000000e+01   8.2491493e-16   1.4296875e-02   1.4296875e-02
   2.0000000e+00   2.4000000e+01   8.1078811e-16   1.3593750e-02   1.3593750e-02
   3.0000000e+00   2.4000000e+01   7.6602043e-16   1.3281250e-02   1.3281250e-02
   4.0000000e+00   2.4000000e+01   8.6017173e-16   1.3671875e-02   1.3671875e-02
   5.0000000e+00   2.4000000e+01   1.0201585e-15   1.5781250e-02   1.5781250e-02
   6.0000000e+00   2.4000000e+01   9.9513179e-16   1.5390625e-02   1.5390625e-02
   7.0000000e+00   2.4000000e+01   8.0841527e-16   1.4218750e-02   1.4218750e-02
   8.0000000e+00   2.4000000e+01   7.3009289e-16   1.2890625e-02   1.2890625e-02
   9.0000000e+00   2.4000000e+01   7.1404948e-16   1.3281250e-02   1.3281250e-02
   1.0000000e+01   2.4000000e+01   7.3951818e-16   1.2578125e-02   1.2578125e-02
   1.1000000e+01   2.4000000e+01   8.4213741e-16   1.4140625e-02   1.4140625e-02
   1.2000000e+01   2.4000000e+01   9.3487392e-16   1.4843750e-02   1.4843750e-02
   1.3000000e+01   2.4000000e+01   1.0686628e-15   1.6796875e-02   1.6796875e-02
   1.4000000e+01   2.4000000e+01   1.0856037e-15   1.7812500e-02   1.7812500e-02
   1.5000000e+01   2.4000000e+01   1.1090417e-15   1.6250000e-02   1.6250000e-02
   1.6000000e+01   2.4000000e+01   9.2409881e-16   1.4531250e-02   1.4531250e-02
   1.7000000e+01   2.4000000e+01   8.2755015e-16   1.4375000e-02   1.4375000e-02
   1.8000000e+01   2.4000000e+01   7.3556064e-16   1.3750000e-02   1.3750000e-02
   1.9000000e+01   2.4000000e+01   7.6653380e-16   1.3828125e-02   1.3828125e-02
   2.0000000e+01   2.4000000e+01   8.4750371e-16   1.3281250e-02   1.3281250e-02
   2.1000000e+01   2.4000000e+01   7.2293508e-16   1.3281250e-02   1.3281250e-02
   2.2000000e+01   2.4000000e+01   8.1017798e-16   1.4062500e-02   1.4062500e-02
   2.3000000e+01   2.4000000e+01   1.0130986e-15   1.5234375e-02   1.5234375e-02
   2.4000000e+01   2.4000000e+01   1.0334440e-15   1.6015625e-02   1.6015625e-02
   2.5000000e+01   2.4000000e+01   1.0937811e-15   1.5937500e-02   1.5937500e-02
   2.6000000e+01   2.4000000e+01   8.8217558e-16   1.4531250e-02   1.4531250e-02
   2.7000000e+01   2.4000000e+01   8.2693550e-16   1.4296875e-02   1.4296875e-02
   2.8000000e+01   2.4000000e+01   8.4178854e-16   1.3359375e-02   1.3359375e-02
   2.9000000e+01   2.4000000e+01   8.6428138e-16   1.4765625e-02   1.4765625e-02
   3.0000000e+01   2.4000000e+01   8.4144916e-16   1.3984375e-02   1.3984375e-02
   3.1000000e+01   2.4000000e+01   1.0541121e-15   1.6015625e-02   1.6015625e-02
   3.2000000e+01   2.4000000e+01   8.5049679e-16   1.3437500e-02   1.3437500e-02
   3.3000000e+01   2.4000000e+01   7.6746846e-16   1.3750000e-02   1.3750000e-02
   3.4000000e+01   2.4000000e+01   7.2187726e-16   1.3281250e-02   1.3281250e-02
   3.5000000e+01   2.4000000e+01   8.2044422e-16   1.4296875e-02   1.4296875e-02
   1.0000000e+00   2.5000000e+01   8.2255369e-16   1.4062500e-02   1.4062500e-02
   2.0000000e+00   2.5000000e+01   8.1260004e-16   1.3593750e-02   1.3593750e-02
   3.0000000e+00   2.5000000e+01   8.2244987e-16   1.4140625e-02   1.4140625e-02
   4.0000000e+00   2.5000000e+01   9.0729564e-16   1.4140625e-02   1.4140625e-02
   5.0000000e+00   2.5000000e+01   9.7735501e-16   1.4843750e-02   1.4843750e-02
   6.0000000e+00   2.5000000e+01   1.0663951e-15   1.6015625e-02   1.6015625e-02
   7.0000000e+00   2.5000000e+01   7.5637788e-16   1.2500000e-02   1.2500000e-02
   8.0000000e+00   2.5000000e+01   7.9702156e-16   1.3046875e-02   1.3046875e-02
   9.0000000e+00   2.5000000e+01   8.5266911e-16   1.5546875e-02   1.5546875e-02
   1.0000000e+01   2.5000000e+01   9.4989926e-16   1.5468750e-02   1.5468750e-02
   1.1000000e+01   2.5000000e+01   1.0391618e-15   1.6015625e-02   1.6015625e-02
   1.2000000e+01   2.5000000e+01   8.5356498e-16   1.3671875e-02   1.3671875e-02
   1.3000000e+01   2.5000000e+01   7.4065307e-16   1.2656250e-02   1.2656250e-02
   1.4000000e+01   2.5000000e+01   7.3938689e-16   1.3671875e-02   1.3671875e-02
   1.5000000e+01   2.5000000e+01   8.1960648e-16   1.4843750e-02   1.4843750e-02
   1.6000000e+01   2.5000000e+01   1.0323148e-15   1.5312500e-02   1.5312500e-02
   1.7000000e+01   2.5000000e+01   6.9725646e-16   1.2265625e-02   1.2265625e-02
   1.8000000e+01   2.5000000e+01   6.3790845e-16   1.2187500e-02   1.2187500e-02
   1.9000000e+01   2.5000000e+01   7.2814548e-16   1.3281250e-02   1.3281250e-02
   2.0000000e+01   2.5000000e+01   8.0396073e-16   1.4609375e-02   1.4609375e-02
   2.1000000e+01   2.5000000e+01   9.9612988e-16   1.4843750e-02   1.4843750e-02
   2.2000000e+01   2.5000000e+01   9.4964844e-16   1.5156250e-02   1.5156250e-02
   2.3000000e+01   2.5000000e+01   6.6954173e-16   1.2421875e-02   1.2421875e-02
   2.4000000e+01   2.5000000e+01   7.6031756e-16   1.3671875e-02   1.3671875e-02
   2.5000000e+01   2.5000000e+01   7.0626058e-16   1.1953125e-02   1.1953125e-02
   2.6000000e+01   2.5000000e+01   8.4972119e-16   1.3359375e-02   1.3359375e-02
   2.7000000e+01   2.5000000e+01   1.0088474e-15   1.5859375e-02   1.5859375e-02
   2.8000000e+01   2.5000000e+01   9.8716647e-16   1.5625000e-02   1.5625000e-02
   2.9000000e+01   2.5000000e+01   8.2104911e-16   1.3515625e-02   1.3515625e-02
   3.0000000e+01   2.5000000e+01   7.3959951e-16   1.2421875e-02   1.2421875e-02
   3.1000000e+01   2.5000000e+01   8.0982111e-16   1.4062500e-02   1.4062500e-02
   3.2000000e+01   2.5000000e+01   7.4204199e-16   1.2812500e-02   1.2812500e-02
   3.3000000e+01   2.5000000e+01   8.1536315e-16   1.3984375e-02   1.3984375e-02
   3.4000000e+01   2.5000000e+01   9.2394268e-16   1.4687500e-02   1.4687500e-02
   3.5000000e+01   2.5000000e+01   9.9318372e-16   1.6562500e-02   1.6562500e-02
   1.0000000e+00   2.6000000e+01   7.9878541e-16   1.3750000e-02   1.3750000e-02
   2.0000000e+00   2.6000000e+01   7.3920595e-16   1.2109375e-02   1.2109375e-02
   3.0000000e+00   2.6000000e+01   8.5907906e-16   1.4140625e-02   1.4140625e-02
   4.0000000e+00   2.6000000e+01   9.8500399e-16   1.5625000e-02   1.5625000e-02
   5.0000000e+00   2.6000000e+01   7.4669297e-16   1.3984375e-02   1.3984375e-02
   6.0000000e+00   2.6000000e+01   7.9452962e-16   1.3281250e-02   1.3281250e-02
   7.0000000e+00   2.6000000e+01   8.7607653e-16   1.4062500e-02   1.4062500e-02
   8.0000000e+00   2.6000000e+01   8.9127946e-16   1.4687500e-02   1.4687500e-02
   9.0000000e+00   2.6000000e+01   7.3830578e-16   1.2890625e-02   1.2890625e-02
   1.0000000e+01   2.6000000e+01   8.8012650e-16   1.3984375e-02   1.3984375e-02
   1.1000000e+01   2.6000000e+01   9.4495910e-16   1.4921875e-02   1.4921875e-02
   1.2000000e+01   2.6000000e+01   7.9256879e-16   1.3828125e-02   1.3828125e-02
   1.3000000e+01   2.6000000e+01   8.5378377e-16   1.3906250e-02   1.3906250e-02
   1.4000000e+01   2.6000000e+01   9.3832376e-16   1.5078125e-02   1.5078125e-02
   1.5000000e+01   2.6000000e+01   8.2952919e-16   1.5078125e-02   1.5078125e-02
   1.6000000e+01   2.6000000e+01   7.3947634e-16   1.4218750e-02   1.4218750e-02
   1.7000000e+01   2.6000000e+01   7.1933040e-16   1.2343750e-02   1.2343750e-02
   1.8000000e+01   2.6000000e+01   7.5590631e-16   1.4843750e-02   1.4843750e-02
   1.9000000e+01   2.6000000e+01   8.7526653e-16   1.4062500e-02   1.4062500e-02
   2.0000000e+01   2.6000000e+01   7.8648185e-16   1.4531250e-02   1.4531250e-02
   2.1000000e+01   2.6000000e+01   7.4938105e-16   1.3515625e-02   1.3515625e-02
   2.2000000e+01   2.6000000e+01   8.6552866e-16   1.3281250e-02   1.3281250e-02
   2.3000000e+01   2.6000000e+01   8.1690489e-16   1.3359375e-02   1.3359375e-02
   2.4000000e+01   2.6000000e+01   7.8039819e-16   1.3515625e-02   1.3515625e-02
   2.5000000e+01   2.6000000e+01   8.7600513e-16   1.3046875e-02   1.3046875e-02
   2.6000000e+01   2.6000000e+01   9.6069984e-16   1.4453125e-02   1.4453125e-02
   2.7000000e+01   2.6000000e+01   8.6547721e-16   1.3984375e-02   1.3984375e-02
   2.8000000e+01   2.6000000e+01   8.4080630e-16   1.4140625e-02   1.4140625e-02
   2.9000000e+01   2.6000000e+01   7.8551485e-16   1.4296875e-02   1.4296875e-02
   3.0000000e+01   2.6000000e+01   8.5235466e-16   1.4531250e-02   1.4531250e-02
   3.1000000e+01   2.6000000e+01   8.1895815e-16   1.3281250e-02   1.3281250e-02
   3.2000000e+01   2.6000000e+01   9.2098284e-16   1.5937500e-02   1.5937500e-02
   3.3000000e+01   2.6000000e+01   7.9050998e-16   1.4375000e-02   1.4375000e-02
   3.4000000e+01   2.6000000e+01   6.8397536e-16   1.3593750e-02   1.3593750e-02
   3.5000000e+01   2.6000000e+01   7.9595382e-16   1.3750000e-02   1.3750000e-02
   1.0000000e+00   2.7000000e+01   1.0383391e-15   1.6718750e-02   1.6718750e-02
   2.0000000e+00   2.7000000e+01   9.1686800e-16   1.5078125e-02   1.5078125e-02
   3.0000000e+00   2.7000000e+01   8.2051887e-16   1.3671875e-02   1.3671875e-02
   4.0000000e+00   2.7000000e+01   8.8185214e-16   1.4062500e-02   1.4062500e-02
   5.0000000e+00   2.7000000e+01   7.9068588e-16   1.3203125e-02   1.3203125e-02
   6.0000000e+00   2.7000000e+01   7.8680271e-16   1.5390625e-02   1.5390625e-02
   7.0000000e+00   2.7000000e+01   8.0208720e-16   1.3281250e-02   1.3281250e-02
   8.0000000e+00   2.7000000e+01   8.1722341e-16   1.4843750e-02   1.4843750e-02
   9.0000000e+00   2.7000000e+01   7.7939686e-16   1.3593750e-02   1.3593750e-02
   1.0000000e+01   2.7000000e+01   7.5483751e-16   1.3281250e-02   1.3281250e-02
   1.1000000e+01   2.7000000e+01   7.5240397e-16   1.2734375e-02   1.2734375e-02
   1.2000000e+01   2.7000000e+01   7.5687925e-16   1.2421875e-02   1.2421875e-02
   1.3000000e+01   2.7000000e+01   7.8555110e-16   1.3515625e-02   1.3515625e-02
   1.4000000e+01   2.7000000e+01   9.3557564e-16   1.5937500e-02   1.5937500e-02
   1.5000000e+01   2.7000000e+01   1.0516852e-15   1.6328125e-02   1.6328125e-02
   1.6000000e+01   2.7000000e+01   8.8301430e-16   1.4140625e-02   1.4140625e-02
   1.7000000e+01   2.7000000e+01   8.1244422e-16   1.4375000e-02   1.4375000e-02
   1.8000000e+01   2.7000000e+01   8.7197477e-16   1.4531250e-02   1.4531250e-02
   1.9000000e+01   2.7000000e+01   8.5510105e-16   1.4140625e-02   1.4140625e-02
   2.0000000e+01   2.7000000e+01   7.5397395e-16   1.3281250e-02   1.3281250e-02
   2.1000000e+01   2.7000000e+01   7.7536396e-16   1.3046875e-02   1.3046875e-02
   2.2000000e+01   2.7000000e+01   7.6427667e-16   1.2734375e-02   1.2734375e-02
   2.3000000e+01   2.7000000e+01   7.5278061e-16   1.3515625e-02   1.3515625e-02
   2.4000000e+01   2.7000000e+01   7.5799856e-16   1.2812500e-02   1.2812500e-02
   2.5000000e+01   2.7000000e+01   7.6276685e-16   1.2734375e-02   1.2734375e-02
   2.6000000e+01   2.7000000e+01   7.7821731e-16   1.3359375e-02   1.3359375e-02
   2.7000000e+01   2.7000000e+01   8.2876532e-16   1.3828125e-02   1.3828125e-02
   2.8000000e+01   2.7000000e+01   9.0109725e-16   1.4140625e-02   1.4140625e-02
   2.9000000e+01   2.7000000e+01   8.6539889e-16   1.3984375e-02   1.3984375e-02
   3.0000000e+01   2.7000000e+01   8.9889907e-16   1.4296875e-02   1.4296875e-02
   3.1000000e+01   2.7000000e+01   9.0424986e-16   1.4453125e-02   1.4453125e-02
   3.2000000e+01   2.7000000e+01   1.0228128e-15   1.5546875e-02   1.5546875e-02
   3.3000000e+01   2.7000000e+01   1.0045953e-15   1.5156250e-02   1.5156250e-02
   3.4000000e+01   2.7000000e+01   1.0185589e-15   1.5156250e-02   1.5156250e-02
   3.5000000e+01   2.7000000e+01   9.7741727e-16   1.5937500e-02   1.5937500e-02
   1.0000000e+00   2.8000000e+01   9.2458331e-16   1.5234375e-02   1.5234375e-02
   2.0000000e+00   2.8000000e+01   9.0322450e-16   1.4921875e-02   1.4921875e-02
   3.0000000e+00   2.8000000e+01   9.5766747e-16   1.4687500e-02   1.4687500e-02
   4.0000000e+00   2.8000000e+01   9.6420613e-16   1.4609375e-02   1.4609375e-02
   5.0000000e+00   2.8000000e+01   8.5733760e-16   1.3515625e-02   1.3515625e-02
   6.0000000e+00   2.8000000e+01   8.5343490e-16   1.5234375e-02   1.5234375e-02
   7.0000000e+00   2.8000000e+01   7.8070917e-16   1.2890625e-02   1.2890625e-02
   8.0000000e+00   2.8000000e+01   8.4307296e-16   1.4765625e-02   1.4765625e-02
   9.0000000e+00   2.8000000e+01   7.2604999e-16   1.4453125e-02   1.4453125e-02
   1.0000000e+01   2.8000000e+01   7.6765658e-16   1.4531250e-02   1.4531250e-02
   1.1000000e+01   2.8000000e+01   7.2688860e-16   1.3046875e-02   1.3046875e-02
   1.2000000e+01   2.8000000e+01   7.1697299e-16   1.3046875e-02   1.3046875e-02
   1.3000000e+01   2.8000000e+01   7.7343125e-16   1.2656250e-02   1.2656250e-02
   1.4000000e+01   2.8000000e+01   7.7996983e-16   1.2656250e-02   1.2656250e-02
   1.5000000e+01   2.8000000e+01   7.8654701e-16   1.2890625e-02   1.2890625e-02
   1.6000000e+01   2.8000000e+01   8.9031679e-16   1.4765625e-02   1.4765625e-02
   1.7000000e+01   2.8000000e+01   8.2445270e-16   1.3281250e-02   1.3281250e-02
   1.8000000e+01   2.8000000e+01   9.0712966e-16   1.4765625e-02   1.4765625e-02
   1.9000000e+01   2.8000000e+01   9.3478681e-16   1.4765625e-02   1.4765625e-02
   2.0000000e+01   2.8000000e+01   9.4526777e-16   1.5078125e-02   1.5078125e-02
   2.1000000e+01   2.8000000e+01   1.0137449e-15   1.5312500e-02   1.5312500e-02
   2.2000000e+01   2.8000000e+01   9.2985516e-16   1.4765625e-02   1.4765625e-02
   2.3000000e+01   2.8000000e+01   9.8499372e-16   1.5703125e-02   1.5703125e-02
   2.4000000e+01   2.8000000e+01   1.0637628e-15   1.6171875e-02   1.6171875e-02
   2.5000000e+01   2.8000000e+01   9.9063483e-16   1.6015625e-02   1.6015625e-02
   2.6000000e+01   2.8000000e+01   1.0048599e-15   1.6250000e-02   1.6250000e-02
   2.7000000e+01   2.8000000e+01   8.3041662e-16   1.3984375e-02   1.3984375e-02
   2.8000000e+01   2.8000000e+01   8.4629249e-16   1.3281250e-02   1.3281250e-02
   2.9000000e+01   2.8000000e+01   7.5413746e-16   1.2421875e-02   1.2421875e-02
   3.0000000e+01   2.8000000e+01   7.0706902e-16   1.3203125e-02   1.3203125e-02
   3.1000000e+01   2.8000000e+01   7.4917116e-16   1.2812500e-02   1.2812500e-02
   3.2000000e+01   2.8000000e+01   7.0127229e-16   1.2421875e-02   1.2421875e-02
   3.3000000e+01   2.8000000e+01   7.5401981e-16   1.2343750e-02   1.2343750e-02
   3.4000000e+01   2.8000000e+01   7.5848094e-16   1.3046875e-02   1.3046875e-02
   3.5000000e+01   2.8000000e+01   7.9732520e-16   1.4062500e-02   1.4062500e-02
   1.0000000e+00   2.9000000e+01   7.4618691e-16   1.2890625e-02   1.2890625e-02
   2.0000000e+00   2.9000000e+01   8.4106275e-16   1.4609375e-02   1.4609375e-02
   3.0000000e+00   2.9000000e+01   7.8614169e-16   1.3046875e-02   1.3046875e-02
   4.0000000e+00   2.9000000e+01   8.4733207e-16   1.4921875e-02   1.4921875e-02
   5.0000000e+00   2.9000000e+01   7.1493313e-16   1.1875000e-02   1.1875000e-02
   6.0000000e+00   2.9000000e+01   7.2333919e-16   1.2343750e-02   1.2343750e-02
   7.0000000e+00   2.9000000e+01   7.1661756e-16   1.2500000e-02   1.2500000e-02
   8.0000000e+00   2.9000000e+01   8.8581800e-16   1.3906250e-02   1.3906250e-02
   9.0000000e+00   2.9000000e+01   9.3851064e-16   1.4921875e-02   1.4921875e-02
   1.0000000e+01   2.9000000e+01   7.9527147e-16   1.2968750e-02   1.2968750e-02
   1.1000000e+01   2.9000000e+01   8.3935406e-16   1.4296875e-02   1.4296875e-02
   1.2000000e+01   2.9000000e+01   7.2030752e-16   1.2421875e-02   1.2421875e-02
   1.3000000e+01   2.9000000e+01   9.1262999e-16   1.4609375e-02   1.4609375e-02
   1.4000000e+01   2.9000000e+01   1.0280836e-15   1.5468750e-02   1.5468750e-02
   1.5000000e+01   2.9000000e+01   8.3248332e-16   1.4218750e-02   1.4218750e-02
   1.6000000e+01   2.9000000e+01   7.8244243e-16   1.3593750e-02   1.3593750e-02
   1.7000000e+01   2.9000000e+01   6.3953843e-16   1.2343750e-02   1.2343750e-02
   1.8000000e+01   2.9000000e+01   7.4696602e-16   1.3671875e-02   1.3671875e-02
   1.9000000e+01   2.9000000e+01   7.2668965e-16   1.2421875e-02   1.2421875e-02
   2.0000000e+01   2.9000000e+01   8.5898214e-16   1.5000000e-02   1.5000000e-02
   2.1000000e+01   2.9000000e+01   9.4417284e-16   1.4765625e-02   1.4765625e-02
   2.2000000e+01   2.9000000e+01   9.6335151e-16   1.4687500e-02   1.4687500e-02
   2.3000000e+01   2.9000000e+01   7.5462637e-16   1.3437500e-02   1.3437500e-02
   2.4000000e+01   2.9000000e+01   7.5062864e-16   1.2500000e-02   1.2500000e-02
   2.5000000e+01   2.9000000e+01   8.5015307e-16   1.3906250e-02   1.3906250e-02
   2.6000000e+01   2.9000000e+01   7.7362645e-16   1.2578125e-02   1.2578125e-02
   2.7000000e+01   2.9000000e+01   7.1811261e-16   1.3281250e-02   1.3281250e-02
   2.8000000e+01   2.9000000e+01   7.0979776e-16   1.2343750e-02   1.2343750e-02
   2.9000000e+01   2.9000000e+01   7.9922901e-16   1.4296875e-02   1.4296875e-02
   3.0000000e+01   2.9000000e+01   8.6416837e-16   1.3671875e-02   1.3671875e-02
   3.1000000e+01   2.9000000e+01   1.0078093e-15   1.5859375e-02   1.5859375e-02
   3.2000000e+01   2.9000000e+01   8.5565707e-16   1.4765625e-02   1.4765625e-02
   3.3000000e+01   2.9000000e+01   7.4901081e-16   1.2812500e-02   1.2812500e-02
   3.4000000e+01   2.9000000e+01   8.9282994e-16   1.3359375e-02   1.3359375e-02
   3.5000000e+01   2.9000000e+01   9.4680716e-16   1.5312500e-02   1.5312500e-02
   1.0000000e+00   3.0000000e+01   7.6294349e-16   1.3281250e-02   1.3281250e-02
   2.0000000e+00   3.0000000e+01   8.7074793e-16   1.4140625e-02   1.4140625e-02
   3.0000000e+00   3.0000000e+01   9.5445927e-16   1.4921875e-02   1.4921875e-02
   4.0000000e+00   3.0000000e+01   8.6845439e-16   1.3984375e-02   1.3984375e-02
   5.0000000e+00   3.0000000e+01   8.7376378e-16   1.4609375e-02   1.4609375e-02
   6.0000000e+00   3.0000000e+01   8.0544305e-16   1.4062500e-02   1.4062500e-02
   7.0000000e+00   3.0000000e+01   8.6264132e-16   1.3984375e-02   1.3984375e-02
   8.0000000e+00   3.0000000e+01   9.5607483e-16   1.5234375e-02   1.5234375e-02
   9.0000000e+00   3.0000000e+01   7.9429224e-16   1.3515625e-02   1.3515625e-02
   1.0000000e+01   3.0000000e+01   7.4571582e-16   1.2968750e-02   1.2968750e-02
   1.1000000e+01   3.0000000e+01   8.3168558e-16   1.4296875e-02   1.4296875e-02
   1.2000000e+01   3.0000000e+01   9.1382793e-16   1.5625000e-02   1.5625000e-02
   1.3000000e+01   3.0000000e+01   8.8988027e-16   1.4765625e-02   1.4765625e-02
   1.4000000e+01   3.0000000e+01   1.1346255e-15   1.6718750e-02   1.6718750e-02
   1.5000000e+01   3.0000000e+01   8.4068927e-16   1.3906250e-02   1.3906250e-02
   1.6000000e+01   3.0000000e+01   8.2525431e-16   1.4453125e-02   1.4453125e-02
   1.7000000e+01   3.0000000e+01   8.4413860e-16   1.4609375e-02   1.4609375e-02
   1.8000000e+01   3.0000000e+01   8.5666064e-16   1.3593750e-02   1.3593750e-02
   1.9000000e+01   3.0000000e+01   8.1344970e-16   1.3984375e-02   1.3984375e-02
   2.0000000e+01   3.0000000e+01   9.1240084e-16   1.4609375e-02   1.4609375e-02
   2.1000000e+01   3.0000000e+01   1.1579413e-15   1.7734375e-02   1.7734375e-02
   2.2000000e+01   3.0000000e+01   8.2975267e-16   1.4140625e-02   1.4140625e-02
   2.3000000e+01   3.0000000e+01   7.8130875e-16   1.4218750e-02   1.4218750e-02
   2.4000000e+01   3.0000000e+01   7.8801643e-16   1.2890625e-02   1.2890625e-02
   2.5000000e+01   3.0000000e+01   8.3719986e-16   1.4218750e-02   1.4218750e-02
   2.6000000e+01   3.0000000e+01   8.6041853e-16   1.4843750e-02   1.4843750e-02
   2.7000000e+01   3.0000000e+01   1.0265885e-15   1.5625000e-02   1.5625000e-02
   2.8000000e+01   3.0000000e+01   1.0635056e-15   1.6171875e-02   1.6171875e-02
   2.9000000e+01   3.0000000e+01   9.0174538e-16   1.5312500e-02   1.5312500e-02
   3.0000000e+01   3.0000000e+01   7.8591516e-16   1.4296875e-02   1.4296875e-02
   3.1000000e+01   3.0000000e+01   9.3451185e-16   1.4609375e-02   1.4609375e-02
   3.2000000e+01   3.0000000e+01   1.1338584e-15   1.6953125e-02   1.6953125e-02
   3.3000000e+01   3.0000000e+01   8.4603053e-16   1.4531250e-02   1.4531250e-02
   3.4000000e+01   3.0000000e+01   9.1884153e-16   1.4375000e-02   1.4375000e-02
   3.5000000e+01   3.0000000e+01   9.7060994e-16   1.5468750e-02   1.5468750e-02
   1.0000000e+00   3.1000000e+01   8.6799005e-16   1.5000000e-02   1.5000000e-02
   2.0000000e+00   3.1000000e+01   7.6238301e-16   1.2734375e-02   1.2734375e-02
   3.0000000e+00   3.1000000e+01   9.3902810e-16   1.4687500e-02   1.4687500e-02
   4.0000000e+00   3.1000000e+01   1.0014486e-15   1.6015625e-02   1.6015625e-02
   5.0000000e+00   3.1000000e+01   8.0382573e-16   1.4453125e-02   1.4453125e-02
   6.0000000e+00   3.1000000e+01   8.8047662e-16   1.4531250e-02   1.4531250e-02
   7.0000000e+00   3.1000000e+01   9.1719519e-16   1.4296875e-02   1.4296875e-02
   8.0000000e+00   3.1000000e+01   1.0707734e-15   1.6015625e-02   1.6015625e-02
   9.0000000e+00   3.1000000e+01   8.2221443e-16   1.3984375e-02   1.3984375e-02
   1.0000000e+01   3.1000000e+01   8.7600478e-16   1.4921875e-02   1.4921875e-02
   1.1000000e+01   3.1000000e+01   9.9882800e-16   1.5468750e-02   1.5468750e-02
   1.2000000e+01   3.1000000e+01   9.8791664e-16   1.4921875e-02   1.4921875e-02
   1.3000000e+01   3.1000000e+01   8.3659805e-16   1.3750000e-02   1.3750000e-02
   1.4000000e+01   3.1000000e+01   7.6757518e-16   1.4140625e-02   1.4140625e-02
   1.5000000e+01   3.1000000e+01   9.1500763e-16   1.4531250e-02   1.4531250e-02
   1.6000000e+01   3.1000000e+01   9.3374738e-16   1.4843750e-02   1.4843750e-02
   1.7000000e+01   3.1000000e+01   9.6226728e-16   1.6093750e-02   1.6093750e-02
   1.8000000e+01   3.1000000e+01   1.0549390e-15   1.6093750e-02   1.6093750e-02
   1.9000000e+01   3.1000000e+01   1.1246348e-15   1.6953125e-02   1.6953125e-02
   2.0000000e+01   3.1000000e+01   1.1108679e-15   1.6015625e-02   1.6015625e-02
   2.1000000e+01   3.1000000e+01   1.1332465e-15   1.7968750e-02   1.7968750e-02
   2.2000000e+01   3.1000000e+01   1.1534071e-15   1.8203125e-02   1.8203125e-02
   2.3000000e+01   3.1000000e+01   1.1111081e-15   1.8125000e-02   1.8125000e-02
   2.4000000e+01   3.1000000e+01   8.8027693e-16   1.4609375e-02   1.4609375e-02
   2.5000000e+01   3.1000000e+01   7.9321102e-16   1.3750000e-02   1.3750000e-02
   2.6000000e+01   3.1000000e+01   8.3590555e-16   1.4531250e-02   1.4531250e-02
   2.7000000e+01   3.1000000e+01   9.1956506e-16   1.4140625e-02   1.4140625e-02
   2.8000000e+01   3.1000000e+01   1.0733343e-15   1.5859375e-02   1.5859375e-02
   2.9000000e+01   3.1000000e+01   8.6505131e-16   1.4843750e-02   1.4843750e-02
   3.0000000e+01   3.1000000e+01   8.7388386e-16   1.5234375e-02   1.5234375e-02
   3.1000000e+01   3.1000000e+01   8.6701508e-16   1.3593750e-02   1.3593750e-02
   3.2000000e+01   3.1000000e+01   1.0580818e-15   1.6250000e-02   1.6250000e-02
   3.3000000e+01   3.1000000e+01   8.6707980e-16   1.5156250e-02   1.5156250e-02
   3.4000000e+01   3.1000000e+01   8.8685570e-16   1.4609375e-02   1.4609375e-02
   3.5000000e+01   3.1000000e+01   1.0138631e-15   1.5859375e-02   1.5859375e-02
   1.0000000e+00   3.2000000e+01   1.0354955e-15   1.5312500e-02   1.5312500e-02
   2.0000000e+00   3.2000000e+01   9.6731565e-16   1.6093750e-02   1.6093750e-02
   3.0000000e+00   3.2000000e+01   1.0026874e-15   1.5937500e-02   1.5937500e-02
   4.0000000e+00   3.2000000e+01   1.0979948e-15   1.6953125e-02   1.6953125e-02
   5.0000000e+00   3.2000000e+01   8.6805985e-16   1.5312500e-02   1.5312500e-02
   6.0000000e+00   3.2000000e+01   9.2004432e-16   1.4765625e-02   1.4765625e-02
   7.0000000e+00   3.2000000e+01   9.2649778e-16   1.5937500e-02   1.5937500e-02
   8.0000000e+00   3.2000000e+01   9.6037261e-16   1.5234375e-02   1.5234375e-02
   9.0000000e+00   3.2000000e+01   8.7660111e-16   1.4609375e-02   1.4609375e-02
   1.0000000e+01   3.2000000e+01   8.7648005e-16   1.4218750e-02   1.4218750e-02
   1.1000000e+01   3.2000000e+01   9.3471751e-16   1.6406250e-02   1.6406250e-02
   1.2000000e+01   3.2000000e+01   1.1695504e-15   1.7343750e-02   1.7343750e-02
   1.3000000e+01   3.2000000e+01   8.8848822e-16   1.4453125e-02   1.4453125e-02
   1.4000000e+01   3.2000000e+01   8.2098997e-16   1.3593750e-02   1.3593750e-02
   1.5000000e+01   3.2000000e+01   7.1450504e-16   1.2656250e-02   1.2656250e-02
   1.6000000e+01   3.2000000e+01   8.4407653e-16   1.3750000e-02   1.3750000e-02
   1.7000000e+01   3.2000000e+01   7.5695718e-16   1.2578125e-02   1.2578125e-02
   1.8000000e+01   3.2000000e+01   8.0210497e-16   1.3125000e-02   1.3125000e-02
   1.9000000e+01   3.2000000e+01   7.7192748e-16   1.3046875e-02   1.3046875e-02
   2.0000000e+01   3.2000000e+01   1.0305097e-15   1.6953125e-02   1.6953125e-02
   2.1000000e+01   3.2000000e+01   9.4999981e-16   1.5000000e-02   1.5000000e-02
   2.2000000e+01   3.2000000e+01   8.0459387e-16   1.4531250e-02   1.4531250e-02
   2.3000000e+01   3.2000000e+01   8.9998232e-16   1.4140625e-02   1.4140625e-02
   2.4000000e+01   3.2000000e+01   9.2501945e-16   1.5078125e-02   1.5078125e-02
   2.5000000e+01   3.2000000e+01   1.0534661e-15   1.5703125e-02   1.5703125e-02
   2.6000000e+01   3.2000000e+01   8.4953045e-16   1.4375000e-02   1.4375000e-02
   2.7000000e+01   3.2000000e+01   8.1575265e-16   1.2968750e-02   1.2968750e-02
   2.8000000e+01   3.2000000e+01   7.4774318e-16   1.3437500e-02   1.3437500e-02
   2.9000000e+01   3.2000000e+01   8.0366718e-16   1.3359375e-02   1.3359375e-02
   3.0000000e+01   3.2000000e+01   1.0114980e-15   1.5937500e-02   1.5937500e-02
   3.1000000e+01   3.2000000e+01   7.7975299e-16   1.3359375e-02   1.3359375e-02
   3.2000000e+01   3.2000000e+01   7.5205338e-16   1.3515625e-02   1.3515625e-02
   3.3000000e+01   3.2000000e+01   8.5252212e-16   1.3515625e-02   1.3515625e-02
   3.4000000e+01   3.2000000e+01   9.0929511e-16   1.5078125e-02   1.5078125e-02
   3.5000000e+01   3.2000000e+01   1.0412758e-15   1.5703125e-02   1.5703125e-02
   1.0000000e+00   3.3000000e+01   7.7388211e-16   1.3359375e-02   1.3359375e-02
   2.0000000e+00   3.3000000e+01   8.2062575e-16   1.4062500e-02   1.4062500e-02
   3.0000000e+00   3.3000000e+01   9.1384539e-16   1.4843750e-02   1.4843750e-02
   4.0000000e+00   3.3000000e+01   8.4965467e-16   1.4218750e-02   1.4218750e-02
   5.0000000e+00   3.3000000e+01   6.7036448e-16   1.2578125e-02   1.2578125e-02
   6.0000000e+00   3.3000000e+01   8.1347403e-16   1.4062500e-02   1.4062500e-02
   7.0000000e+00   3.3000000e+01   8.3139890e-16   1.3750000e-02   1.3750000e-02
   8.0000000e+00   3.3000000e+01   1.0725476e-15   1.5546875e-02   1.5546875e-02
   9.0000000e+00   3.3000000e+01   8.1945331e-16   1.3828125e-02   1.3828125e-02
   1.0000000e+01   3.3000000e+01   8.1398447e-16   1.3906250e-02   1.3906250e-02
   1.1000000e+01   3.3000000e+01   9.3085161e-16   1.4765625e-02   1.4765625e-02
   1.2000000e+01   3.3000000e+01   1.0552595e-15   1.5937500e-02   1.5937500e-02
   1.3000000e+01   3.3000000e+01   8.9156349e-16   1.3984375e-02   1.3984375e-02
   1.4000000e+01   3.3000000e+01   8.5067956e-16   1.4062500e-02   1.4062500e-02
   1.5000000e+01   3.3000000e+01   9.4022128e-16   1.4453125e-02   1.4453125e-02
   1.6000000e+01   3.3000000e+01   8.8752981e-16   1.4218750e-02   1.4218750e-02
   1.7000000e+01   3.3000000e+01   7.3849930e-16   1.3359375e-02   1.3359375e-02
   1.8000000e+01   3.3000000e+01   8.5013045e-16   1.4062500e-02   1.4062500e-02
   1.9000000e+01   3.3000000e+01   8.7493000e-16   1.4218750e-02   1.4218750e-02
   2.0000000e+01   3.3000000e+01   9.6904164e-16   1.5781250e-02   1.5781250e-02
   2.1000000e+01   3.3000000e+01   8.7294748e-16   1.4218750e-02   1.4218750e-02
   2.2000000e+01   3.3000000e+01   8.5707021e-16   1.3906250e-02   1.3906250e-02
   2.3000000e+01   3.3000000e+01   9.2101839e-16   1.4921875e-02   1.4921875e-02
   2.4000000e+01   3.3000000e+01   8.5087491e-16   1.5781250e-02   1.5781250e-02
   2.5000000e+01   3.3000000e+01   1.0825378e-15   1.6093750e-02   1.6093750e-02
   2.6000000e+01   3.3000000e+01   7.8760995e-16   1.2812500e-02   1.2812500e-02
   2.7000000e+01   3.3000000e+01   7.1081379e-16   1.2500000e-02   1.2500000e-02
   2.8000000e+01   3.3000000e+01   7.6320720e-16   1.3437500e-02   1.3437500e-02
   2.9000000e+01   3.3000000e+01   7.4336978e-16   1.2500000e-02   1.2500000e-02
   3.0000000e+01   3.3000000e+01   8.3439557e-16   1.3359375e-02   1.3359375e-02
   3.1000000e+01   3.3000000e+01   8.5785163e-16   1.4140625e-02   1.4140625e-02
   3.2000000e+01   3.3000000e+01   1.0339408e-15   1.5859375e-02   1.5859375e-02
   3.3000000e+01   3.3000000e+01   7.9705184e-16   1.3359375e-02   1.3359375e-02
   3.4000000e+01   3.3000000e+01   7.9207319e-16   1.3593750e-02   1.3593750e-02
   3.5000000e+01   3.3000000e+01   7.6098738e-16   1.3593750e-02   1.3593750e-02
   1.0000000e+00   3.4000000e+01   8.9793187e-16   1.4218750e-02   1.4218750e-02
   2.0000000e+00   3.4000000e+01   1.0772612e-15   1.5937500e-02   1.5937500e-02
   3.0000000e+00   3.4000000e+01   9.8646592e-16   1.5546875e-02   1.5546875e-02
   4.0000000e+00   3.4000000e+01   8.9442144e-16   1.5390625e-02   1.5390625e-02
   5.0000000e+00   3.4000000e+01   7.8763745e-16   1.3984375e-02   1.3984375e-02
   6.0000000e+00   3.4000000e+01   7.7570342e-16   1.3359375e-02   1.3359375e-02
   7.0000000e+00   3.4000000e+01   7.7409274e-16   1.2890625e-02   1.2890625e-02
   8.0000000e+00   3.4000000e+01   7.8145403e-16   1.3046875e-02   1.3046875e-02
   9.0000000e+00   3.4000000e+01   8.9394351e-16   1.5234375e-02   1.5234375e-02
   1.0000000e+01   3.4000000e+01   1.0094784e-15   1.5703125e-02   1.5703125e-02
   1.1000000e+01   3.4000000e+01   8.8602968e-16   1.4843750e-02   1.4843750e-02
   1.2000000e+01   3.4000000e+01   8.3320579e-16   1.4062500e-02   1.4062500e-02
   1.3000000e+01   3.4000000e+01   7.9932561e-16   1.3125000e-02   1.3125000e-02
   1.4000000e+01   3.4000000e+01   8.3258794e-16   1.2812500e-02   1.2812500e-02
   1.5000000e+01   3.4000000e+01   1.0907771e-15   1.6953125e-02   1.6953125e-02
   1.6000000e+01   3.4000000e+01   9.8897567e-16   1.5546875e-02   1.5546875e-02
   1.7000000e+01   3.4000000e+01   8.6972671e-16   1.4765625e-02   1.4765625e-02
   1.8000000e+01   3.4000000e+01   7.9312820e-16   1.3593750e-02   1.3593750e-02
   1.9000000e+01   3.4000000e+01   8.0900446e-16   1.3046875e-02   1.3046875e-02
   2.0000000e+01   3.4000000e+01   8.3213836e-16   1.3828125e-02   1.3828125e-02
   2.1000000e+01   3.4000000e+01   9.9402619e-16   1.5234375e-02   1.5234375e-02
   2.2000000e+01   3.4000000e+01   8.6413286e-16   1.3203125e-02   1.3203125e-02
   2.3000000e+01   3.4000000e+01   7.6077194e-16   1.4296875e-02   1.4296875e-02
   2.4000000e+01   3.4000000e+01   6.6812653e-16   1.3515625e-02   1.3515625e-02
   2.5000000e+01   3.4000000e+01   8.8252375e-16   1.4843750e-02   1.4843750e-02
   2.6000000e+01   3.4000000e+01   8.1750384e-16   1.3359375e-02   1.3359375e-02
   2.7000000e+01   3.4000000e+01   9.2376635e-16   1.4765625e-02   1.4765625e-02
   2.8000000e+01   3.4000000e+01   9.9471253e-16   1.5312500e-02   1.5312500e-02
   2.9000000e+01   3.4000000e+01   9.2307130e-16   1.5156250e-02   1.5156250e-02
   3.0000000e+01   3.4000000e+01   7.7025368e-16   1.2500000e-02   1.2500000e-02
   3.1000000e+01   3.4000000e+01   8.4640702e-16   1.4296875e-02   1.4296875e-02
   3.2000000e+01   3.4000000e+01   7.2682282e-16   1.3125000e-02   1.3125000e-02
   3.3000000e+01   3.4000000e+01   7.7813700e-16   1.3281250e-02   1.3281250e-02
   3.4000000e+01   3.4000000e+01   6.3345141e-16   1.2734375e-02   1.2734375e-02
   3.5000000e+01   3.4000000e+01   7.3838731e-16   1.3437500e-02   1.3437500e-02
   1.0000000e+00   3.5000000e+01   7.2039822e-16   1.2031250e-02   1.2031250e-02
   2.0000000e+00   3.5000000e+01   7.0654210e-16   1.2578125e-02   1.2578125e-02
   3.0000000e+00   3.5000000e+01   7.2470658e-16   1.2265625e-02   1.2265625e-02
   4.0000000e+00   3.5000000e+01   7.9903194e-16   1.4687500e-02   1.4687500e-02
   5.0000000e+00   3.5000000e+01   6.8574694e-16   1.1953125e-02   1.1953125e-02
   6.0000000e+00   3.5000000e+01   6.7679790e-16   1.3203125e-02   1.3203125e-02
   7.0000000e+00   3.5000000e+01   7.0944655e-16   1.2500000e-02   1.2500000e-02
   8.0000000e+00   3.5000000e+01   7.5655401e-16   1.3593750e-02   1.3593750e-02
   9.0000000e+00   3.5000000e+01   7.0775829e-16   1.2968750e-02   1.2968750e-02
   1.0000000e+01   3.5000000e+01   7.9355516e-16   1.3125000e-02   1.3125000e-02
   1.1000000e+01   3.5000000e+01   8.3071589e-16   1.3828125e-02   1.3828125e-02
   1.2000000e+01   3.5000000e+01   8.0125977e-16   1.6484375e-02   1.6484375e-02
   1.3000000e+01   3.5000000e+01   8.3095253e-16   1.4687500e-02   1.4687500e-02
   1.4000000e+01   3.5000000e+01   9.9860010e-16   1.5937500e-02   1.5937500e-02
   1.5000000e+01   3.5000000e+01   9.8863844e-16   1.5546875e-02   1.5546875e-02
   1.6000000e+01   3.5000000e+01   9.0913690e-16   1.5234375e-02   1.5234375e-02
   1.7000000e+01   3.5000000e+01   8.5880667e-16   1.4218750e-02   1.4218750e-02
   1.8000000e+01   3.5000000e+01   8.4428919e-16   1.3046875e-02   1.3046875e-02
   1.9000000e+01   3.5000000e+01   8.5653028e-16   1.3515625e-02   1.3515625e-02
   2.0000000e+01   3.5000000e+01   7.9851416e-16   1.3906250e-02   1.3906250e-02
   2.1000000e+01   3.5000000e+01   8.6542022e-16   1.4218750e-02   1.4218750e-02
   2.2000000e+01   3.5000000e+01   9.3994186e-16   1.4296875e-02   1.4296875e-02
   2.3000000e+01   3.5000000e+01   1.0987981e-15   1.6406250e-02   1.6406250e-02
   2.4000000e+01   3.5000000e+01   1.0240253e-15   1.6171875e-02   1.6171875e-02
   2.5000000e+01   3.5000000e+01   8.1190464e-16   1.3906250e-02   1.3906250e-02
   2.6000000e+01   3.5000000e+01   8.9433359e-16   1.5312500e-02   1.5312500e-02
   2.7000000e+01   3.5000000e+01   8.3551714e-16   1.3906250e-02   1.3906250e-02
   2.8000000e+01   3.5000000e+01   8.3609258e-16   1.4296875e-02   1.4296875e-02
   2.9000000e+01   3.5000000e+01   8.9272811e-16   1.4687500e-02   1.4687500e-02
   3.0000000e+01   3.5000000e+01   1.1376304e-15   1.7031250e-02   1.7031250e-02
   3.1000000e+01   3.5000000e+01   1.0111168e-15   1.5625000e-02   1.5625000e-02
   3.2000000e+01   3.5000000e+01   8.2682581e-16   1.4218750e-02   1.4218750e-02
   3.3000000e+01   3.5000000e+01   9.2006236e-16   1.4843750e-02   1.4843750e-02
   3.4000000e+01   3.5000000e+01   8.3242172e-16   1.4453125e-02   1.4453125e-02
   3.5000000e+01   3.5000000e+01   7.9251511e-16   1.2890625e-02   1.2890625e-02
