   1.0000000e+00   1.0000000e+00   4.6496824e-15   4.6703125e-01   4.6703125e-01
   2.0000000e+00   1.0000000e+00   4.8789096e-15   4.8062500e-01   4.8062500e-01
   3.0000000e+00   1.0000000e+00   5.0385384e-15   4.8875000e-01   4.8875000e-01
   4.0000000e+00   1.0000000e+00   4.9175736e-15   4.7031250e-01   4.7031250e-01
   5.0000000e+00   1.0000000e+00   4.8186189e-15   4.6109375e-01   4.6109375e-01
   6.0000000e+00   1.0000000e+00   4.8618835e-15   4.5218750e-01   4.5218750e-01
   7.0000000e+00   1.0000000e+00   4.6688649e-15   4.4031250e-01   4.4031250e-01
   8.0000000e+00   1.0000000e+00   4.4881003e-15   4.3015625e-01   4.3015625e-01
   9.0000000e+00   1.0000000e+00   4.5524363e-15   4.5523438e-01   4.5523438e-01
   1.0000000e+01   1.0000000e+00   4.6648415e-15   4.6929688e-01   4.6929688e-01
   1.1000000e+01   1.0000000e+00   4.7918179e-15   4.9328125e-01   4.9328125e-01
   1.2000000e+01   1.0000000e+00   5.0285580e-15   5.1406250e-01   5.1406250e-01
   1.3000000e+01   1.0000000e+00   5.3157677e-15   5.3296875e-01   5.3296875e-01
   1.4000000e+01   1.0000000e+00   5.3693804e-15   5.5234375e-01   5.5234375e-01
   1.5000000e+01   1.0000000e+00   5.1787914e-15   5.1070313e-01   5.1070313e-01
   1.6000000e+01   1.0000000e+00   4.9440776e-15   4.6968750e-01   4.6968750e-01
   1.7000000e+01   1.0000000e+00   4.9146784e-15   4.6953125e-01   4.6953125e-01
   1.8000000e+01   1.0000000e+00   4.9874636e-15   4.9062500e-01   4.9062500e-01
   1.9000000e+01   1.0000000e+00   5.0332603e-15   4.9960938e-01   4.9960938e-01
   2.0000000e+01   1.0000000e+00   5.0037662e-15   5.0023438e-01   5.0023438e-01
   2.1000000e+01   1.0000000e+00   4.9128833e-15   4.9429688e-01   4.9429688e-01
   2.2000000e+01   1.0000000e+00   4.7944702e-15   4.8578125e-01   4.8578125e-01
   2.3000000e+01   1.0000000e+00   4.7523444e-15   4.7875000e-01   4.7875000e-01
   2.4000000e+01   1.0000000e+00   4.5870552e-15   4.5015625e-01   4.5015625e-01
   2.5000000e+01   1.0000000e+00   4.6281527e-15   4.4992188e-01   4.4992188e-01
   2.6000000e+01   1.0000000e+00   4.6344434e-15   4.7171875e-01   4.7171875e-01
   2.7000000e+01   1.0000000e+00   4.8601720e-15   4.8882813e-01   4.8882813e-01
   2.8000000e+01   1.0000000e+00   4.9260884e-15   4.9828125e-01   4.9828125e-01
   2.9000000e+01   1.0000000e+00   5.1187296e-15   5.1664063e-01   5.1664063e-01
   3.0000000e+01   1.0000000e+00   5.1310987e-15   5.3226563e-01   5.3226563e-01
   3.1000000e+01   1.0000000e+00   5.1699602e-15   5.1289063e-01   5.1289063e-01
   3.2000000e+01   1.0000000e+00   4.9754021e-15   4.7390625e-01   4.7390625e-01
   3.3000000e+01   1.0000000e+00   4.8155773e-15   4.5125000e-01   4.5125000e-01
   3.4000000e+01   1.0000000e+00   4.8919664e-15   4.6390625e-01   4.6390625e-01
   3.5000000e+01   1.0000000e+00   5.0367592e-15   4.8601563e-01   4.8601563e-01
   1.0000000e+00   2.0000000e+00   4.9519645e-15   4.9054688e-01   4.9054688e-01
   2.0000000e+00   2.0000000e+00   5.0206625e-15   5.0226563e-01   5.0226563e-01
   3.0000000e+00   2.0000000e+00   5.0043368e-15   5.0210938e-01   5.0210938e-01
   4.0000000e+00   2.0000000e+00   4.8443752e-15   4.9062500e-01   4.9062500e-01
   5.0000000e+00   2.0000000e+00   4.9041789e-15   4.6484375e-01   4.6484375e-01
   6.0000000e+00   2.0000000e+00   4.8226780e-15   4.5890625e-01   4.5890625e-01
   7.0000000e+00   2.0000000e+00   4.5230672e-15   4.3992188e-01   4.3992188e-01
   8.0000000e+00   2.0000000e+00   4.5660379e-15   4.3664063e-01   4.3664063e-01
   9.0000000e+00   2.0000000e+00   4.6206729e-15   4.5750000e-01   4.5750000e-01
   1.0000000e+01   2.0000000e+00   4.7413243e-15   4.8617188e-01   4.8617188e-01
   1.1000000e+01   2.0000000e+00   5.0088803e-15   4.9062500e-01   4.9062500e-01
   1.2000000e+01   2.0000000e+00   5.2525919e-15   5.0804688e-01   5.0804688e-01
   1.3000000e+01   2.0000000e+00   5.5550625e-15   5.4109375e-01   5.4109375e-01
   1.4000000e+01   2.0000000e+00   5.5771757e-15   5.5132813e-01   5.5132813e-01
   1.5000000e+01   2.0000000e+00   5.2652836e-15   5.2476563e-01   5.2476563e-01
   1.6000000e+01   2.0000000e+00   5.0594081e-15   4.8578125e-01   4.8578125e-01
   1.7000000e+01   2.0000000e+00   4.9267432e-15   4.8632813e-01   4.8632813e-01
   1.8000000e+01   2.0000000e+00   5.0880759e-15   5.0921875e-01   5.0921875e-01
   1.9000000e+01   2.0000000e+00   5.1853438e-15   5.1679688e-01   5.1679688e-01
   2.0000000e+01   2.0000000e+00   5.1270248e-15   5.0648438e-01   5.0648438e-01
   2.1000000e+01   2.0000000e+00   5.0630630e-15   4.8515625e-01   4.8515625e-01
   2.2000000e+01   2.0000000e+00   5.2471388e-15   4.8726563e-01   4.8726563e-01
   2.3000000e+01   2.0000000e+00   4.8623459e-15   4.7539063e-01   4.7539063e-01
   2.4000000e+01   2.0000000e+00   4.6785546e-15   4.5281250e-01   4.5281250e-01
   2.5000000e+01   2.0000000e+00   4.6765625e-15   4.5789063e-01   4.5789063e-01
   2.6000000e+01   2.0000000e+00   4.8657425e-15   4.7851563e-01   4.7851563e-01
   2.7000000e+01   2.0000000e+00   5.0368566e-15   4.9585938e-01   4.9585938e-01
   2.8000000e+01   2.0000000e+00   5.1397880e-15   4.9414063e-01   4.9414063e-01
   2.9000000e+01   2.0000000e+00   5.2807491e-15   5.3359375e-01   5.3359375e-01
   3.0000000e+01   2.0000000e+00   5.3999801e-15   5.5539063e-01   5.5539063e-01
   3.1000000e+01   2.0000000e+00   5.3912132e-15   5.4039063e-01   5.4039063e-01
   3.2000000e+01   2.0000000e+00   4.9445252e-15   4.9718750e-01   4.9718750e-01
   3.3000000e+01   2.0000000e+00   4.8274503e-15   4.7851563e-01   4.7851563e-01
   3.4000000e+01   2.0000000e+00   5.0417866e-15   4.9031250e-01   4.9031250e-01
   3.5000000e+01   2.0000000e+00   5.3001553e-15   5.0687500e-01   5.0687500e-01
   1.0000000e+00   3.0000000e+00   5.0416608e-15   4.7335938e-01   4.7335938e-01
   2.0000000e+00   3.0000000e+00   5.1145362e-15   4.9101563e-01   4.9101563e-01
   3.0000000e+00   3.0000000e+00   5.1146942e-15   5.0156250e-01   5.0156250e-01
   4.0000000e+00   3.0000000e+00   5.0260363e-15   4.9500000e-01   4.9500000e-01
   5.0000000e+00   3.0000000e+00   4.9185686e-15   4.7992188e-01   4.7992188e-01
   6.0000000e+00   3.0000000e+00   4.8697153e-15   4.6335938e-01   4.6335938e-01
   7.0000000e+00   3.0000000e+00   4.6035601e-15   4.2578125e-01   4.2578125e-01
   8.0000000e+00   3.0000000e+00   4.4241821e-15   4.3984375e-01   4.3984375e-01
   9.0000000e+00   3.0000000e+00   4.7916577e-15   4.6437500e-01   4.6437500e-01
   1.0000000e+01   3.0000000e+00   4.7985585e-15   4.8226563e-01   4.8226563e-01
   1.1000000e+01   3.0000000e+00   5.1629311e-15   4.9492188e-01   4.9492188e-01
   1.2000000e+01   3.0000000e+00   5.1602502e-15   5.2164063e-01   5.2164063e-01
   1.3000000e+01   3.0000000e+00   5.2643294e-15   5.4546875e-01   5.4546875e-01
   1.4000000e+01   3.0000000e+00   5.3350254e-15   5.4750000e-01   5.4750000e-01
   1.5000000e+01   3.0000000e+00   5.1630209e-15   5.0593750e-01   5.0593750e-01
   1.6000000e+01   3.0000000e+00   4.8411199e-15   4.7945313e-01   4.7945313e-01
   1.7000000e+01   3.0000000e+00   4.8431685e-15   4.8648438e-01   4.8648438e-01
   1.8000000e+01   3.0000000e+00   5.1651758e-15   5.0875000e-01   5.0875000e-01
   1.9000000e+01   3.0000000e+00   5.3364053e-15   5.1710938e-01   5.1710938e-01
   2.0000000e+01   3.0000000e+00   5.2173541e-15   5.0382813e-01   5.0382813e-01
   2.1000000e+01   3.0000000e+00   5.0167651e-15   4.9554688e-01   4.9554688e-01
   2.2000000e+01   3.0000000e+00   5.0310285e-15   4.9734375e-01   4.9734375e-01
   2.3000000e+01   3.0000000e+00   4.8380473e-15   4.7687500e-01   4.7687500e-01
   2.4000000e+01   3.0000000e+00   4.6416819e-15   4.5257813e-01   4.5257813e-01
   2.5000000e+01   3.0000000e+00   4.7316824e-15   4.6234375e-01   4.6234375e-01
   2.6000000e+01   3.0000000e+00   5.0032649e-15   4.7507813e-01   4.7507813e-01
   2.7000000e+01   3.0000000e+00   4.9189199e-15   4.8820313e-01   4.8820313e-01
   2.8000000e+01   3.0000000e+00   5.0767990e-15   5.1359375e-01   5.1359375e-01
   2.9000000e+01   3.0000000e+00   5.1554553e-15   5.3835938e-01   5.3835938e-01
   3.0000000e+01   3.0000000e+00   5.4275275e-15   5.5210938e-01   5.5210938e-01
   3.1000000e+01   3.0000000e+00   5.3628735e-15   5.4273438e-01   5.4273438e-01
   3.2000000e+01   3.0000000e+00   4.9994569e-15   4.8242188e-01   4.8242188e-01
   3.3000000e+01   3.0000000e+00   4.8626437e-15   4.7062500e-01   4.7062500e-01
   3.4000000e+01   3.0000000e+00   4.9682759e-15   4.9859375e-01   4.9859375e-01
   3.5000000e+01   3.0000000e+00   5.1018052e-15   5.1726563e-01   5.1726563e-01
   1.0000000e+00   4.0000000e+00   4.8669800e-15   4.8609375e-01   4.8609375e-01
   2.0000000e+00   4.0000000e+00   4.9879517e-15   4.9609375e-01   4.9609375e-01
   3.0000000e+00   4.0000000e+00   5.2114621e-15   4.9359375e-01   4.9359375e-01
   4.0000000e+00   4.0000000e+00   4.8317416e-15   4.9031250e-01   4.9031250e-01
   5.0000000e+00   4.0000000e+00   4.9209094e-15   4.8664063e-01   4.8664063e-01
   6.0000000e+00   4.0000000e+00   4.7273746e-15   4.6859375e-01   4.6859375e-01
   7.0000000e+00   4.0000000e+00   4.5909898e-15   4.3742188e-01   4.3742188e-01
   8.0000000e+00   4.0000000e+00   4.5485030e-15   4.2023438e-01   4.2023438e-01
   9.0000000e+00   4.0000000e+00   4.6817952e-15   4.5890625e-01   4.5890625e-01
   1.0000000e+01   4.0000000e+00   4.7907617e-15   4.7453125e-01   4.7453125e-01
   1.1000000e+01   4.0000000e+00   4.9284628e-15   4.9312500e-01   4.9312500e-01
   1.2000000e+01   4.0000000e+00   5.1176191e-15   5.1703125e-01   5.1703125e-01
   1.3000000e+01   4.0000000e+00   5.2758102e-15   5.3710938e-01   5.3710938e-01
   1.4000000e+01   4.0000000e+00   5.5689458e-15   5.4406250e-01   5.4406250e-01
   1.5000000e+01   4.0000000e+00   5.1741549e-15   5.0085938e-01   5.0085938e-01
   1.6000000e+01   4.0000000e+00   4.9443412e-15   4.6554688e-01   4.6554688e-01
   1.7000000e+01   4.0000000e+00   4.8825127e-15   4.6640625e-01   4.6640625e-01
   1.8000000e+01   4.0000000e+00   5.1497564e-15   4.9359375e-01   4.9359375e-01
   1.9000000e+01   4.0000000e+00   5.0931033e-15   5.0234375e-01   5.0234375e-01
   2.0000000e+01   4.0000000e+00   5.1747927e-15   5.1328125e-01   5.1328125e-01
   2.1000000e+01   4.0000000e+00   4.9405879e-15   5.0734375e-01   5.0734375e-01
   2.2000000e+01   4.0000000e+00   5.0068928e-15   4.9882813e-01   4.9882813e-01
   2.3000000e+01   4.0000000e+00   4.9206153e-15   4.8015625e-01   4.8015625e-01
   2.4000000e+01   4.0000000e+00   4.6042462e-15   4.4984375e-01   4.4984375e-01
   2.5000000e+01   4.0000000e+00   4.8501716e-15   4.5414063e-01   4.5414063e-01
   2.6000000e+01   4.0000000e+00   4.6697998e-15   4.7203125e-01   4.7203125e-01
   2.7000000e+01   4.0000000e+00   4.8827170e-15   4.9468750e-01   4.9468750e-01
   2.8000000e+01   4.0000000e+00   5.0423011e-15   5.1187500e-01   5.1187500e-01
   2.9000000e+01   4.0000000e+00   5.2155316e-15   5.3109375e-01   5.3109375e-01
   3.0000000e+01   4.0000000e+00   5.4311433e-15   5.3625000e-01   5.3625000e-01
   3.1000000e+01   4.0000000e+00   5.2162920e-15   5.3078125e-01   5.3078125e-01
   3.2000000e+01   4.0000000e+00   4.7505565e-15   4.8734375e-01   4.8734375e-01
   3.3000000e+01   4.0000000e+00   4.8208601e-15   4.7437500e-01   4.7437500e-01
   3.4000000e+01   4.0000000e+00   4.8243142e-15   4.8875000e-01   4.8875000e-01
   3.5000000e+01   4.0000000e+00   4.9952303e-15   5.0820313e-01   5.0820313e-01
   1.0000000e+00   5.0000000e+00   4.8793440e-15   4.7968750e-01   4.7968750e-01
   2.0000000e+00   5.0000000e+00   5.1077272e-15   4.9265625e-01   4.9265625e-01
   3.0000000e+00   5.0000000e+00   5.0279031e-15   4.8156250e-01   4.8156250e-01
   4.0000000e+00   5.0000000e+00   4.8750304e-15   4.8375000e-01   4.8375000e-01
   5.0000000e+00   5.0000000e+00   5.0381895e-15   4.8789063e-01   4.8789063e-01
   6.0000000e+00   5.0000000e+00   4.7149721e-15   4.6437500e-01   4.6437500e-01
   7.0000000e+00   5.0000000e+00   4.5126790e-15   4.4078125e-01   4.4078125e-01
   8.0000000e+00   5.0000000e+00   4.5268793e-15   4.3593750e-01   4.3593750e-01
   9.0000000e+00   5.0000000e+00   4.5454081e-15   4.5445313e-01   4.5445313e-01
   1.0000000e+01   5.0000000e+00   4.7301640e-15   4.7320313e-01   4.7320313e-01
   1.1000000e+01   5.0000000e+00   4.8445124e-15   4.8632813e-01   4.8632813e-01
   1.2000000e+01   5.0000000e+00   5.0303541e-15   5.0710938e-01   5.0710938e-01
   1.3000000e+01   5.0000000e+00   5.2023239e-15   5.2000000e-01   5.2000000e-01
   1.4000000e+01   5.0000000e+00   5.1354580e-15   5.1976563e-01   5.1976563e-01
   1.5000000e+01   5.0000000e+00   4.8458113e-15   4.8960938e-01   4.8960938e-01
   1.6000000e+01   5.0000000e+00   4.6887551e-15   4.6156250e-01   4.6156250e-01
   1.7000000e+01   5.0000000e+00   4.8300358e-15   4.6843750e-01   4.6843750e-01
   1.8000000e+01   5.0000000e+00   4.9603072e-15   4.9757813e-01   4.9757813e-01
   1.9000000e+01   5.0000000e+00   5.0539114e-15   5.0546875e-01   5.0546875e-01
   2.0000000e+01   5.0000000e+00   5.0856311e-15   5.1125000e-01   5.1125000e-01
   2.1000000e+01   5.0000000e+00   5.0931102e-15   5.0070313e-01   5.0070313e-01
   2.2000000e+01   5.0000000e+00   4.9147159e-15   4.9710938e-01   4.9710938e-01
   2.3000000e+01   5.0000000e+00   4.6952022e-15   4.6687500e-01   4.6687500e-01
   2.4000000e+01   5.0000000e+00   4.5553327e-15   4.3578125e-01   4.3578125e-01
   2.5000000e+01   5.0000000e+00   4.7035336e-15   4.4210938e-01   4.4210938e-01
   2.6000000e+01   5.0000000e+00   4.8766876e-15   4.7085938e-01   4.7085938e-01
   2.7000000e+01   5.0000000e+00   5.0595465e-15   4.8851563e-01   4.8851563e-01
   2.8000000e+01   5.0000000e+00   5.0922081e-15   5.0804688e-01   5.0804688e-01
   2.9000000e+01   5.0000000e+00   5.1928091e-15   5.2578125e-01   5.2578125e-01
   3.0000000e+01   5.0000000e+00   5.2004716e-15   5.3156250e-01   5.3156250e-01
   3.1000000e+01   5.0000000e+00   5.0559352e-15   5.2187500e-01   5.2187500e-01
   3.2000000e+01   5.0000000e+00   4.8212356e-15   4.6507813e-01   4.6507813e-01
   3.3000000e+01   5.0000000e+00   4.8846858e-15   4.6617188e-01   4.6617188e-01
   3.4000000e+01   5.0000000e+00   4.8205564e-15   4.8828125e-01   4.8828125e-01
   3.5000000e+01   5.0000000e+00   5.0374787e-15   5.0703125e-01   5.0703125e-01
   1.0000000e+00   6.0000000e+00   4.7809860e-15   4.7367188e-01   4.7367188e-01
   2.0000000e+00   6.0000000e+00   4.8049383e-15   4.8562500e-01   4.8562500e-01
   3.0000000e+00   6.0000000e+00   4.8508071e-15   4.8351563e-01   4.8351563e-01
   4.0000000e+00   6.0000000e+00   4.8478816e-15   4.8398438e-01   4.8398438e-01
   5.0000000e+00   6.0000000e+00   4.8167087e-15   4.7656250e-01   4.7656250e-01
   6.0000000e+00   6.0000000e+00   4.5286813e-15   4.5695313e-01   4.5695313e-01
   7.0000000e+00   6.0000000e+00   4.4608454e-15   4.3054688e-01   4.3054688e-01
   8.0000000e+00   6.0000000e+00   4.3978035e-15   4.2906250e-01   4.2906250e-01
   9.0000000e+00   6.0000000e+00   4.5506916e-15   4.4570313e-01   4.4570313e-01
   1.0000000e+01   6.0000000e+00   4.7056824e-15   4.5343750e-01   4.5343750e-01
   1.1000000e+01   6.0000000e+00   4.8626351e-15   4.7335938e-01   4.7335938e-01
   1.2000000e+01   6.0000000e+00   4.9123473e-15   4.9265625e-01   4.9265625e-01
   1.3000000e+01   6.0000000e+00   4.9964698e-15   5.0625000e-01   5.0625000e-01
   1.4000000e+01   6.0000000e+00   5.0302841e-15   5.0476563e-01   5.0476563e-01
   1.5000000e+01   6.0000000e+00   4.7969765e-15   4.6406250e-01   4.6406250e-01
   1.6000000e+01   6.0000000e+00   4.7034325e-15   4.4882813e-01   4.4882813e-01
   1.7000000e+01   6.0000000e+00   4.6474870e-15   4.6171875e-01   4.6171875e-01
   1.8000000e+01   6.0000000e+00   4.8430085e-15   4.8687500e-01   4.8687500e-01
   1.9000000e+01   6.0000000e+00   4.8968614e-15   4.9781250e-01   4.9781250e-01
   2.0000000e+01   6.0000000e+00   4.9824392e-15   5.0031250e-01   5.0031250e-01
   2.1000000e+01   6.0000000e+00   4.8715166e-15   4.9156250e-01   4.9156250e-01
   2.2000000e+01   6.0000000e+00   4.9109016e-15   4.7460938e-01   4.7460938e-01
   2.3000000e+01   6.0000000e+00   4.8950192e-15   4.5765625e-01   4.5765625e-01
   2.4000000e+01   6.0000000e+00   4.6152163e-15   4.3906250e-01   4.3906250e-01
   2.5000000e+01   6.0000000e+00   4.7033422e-15   4.4492188e-01   4.4492188e-01
   2.6000000e+01   6.0000000e+00   4.7958644e-15   4.6656250e-01   4.6656250e-01
   2.7000000e+01   6.0000000e+00   4.7645914e-15   4.7890625e-01   4.7890625e-01
   2.8000000e+01   6.0000000e+00   4.8162283e-15   4.9734375e-01   4.9734375e-01
   2.9000000e+01   6.0000000e+00   4.9570588e-15   4.9476563e-01   4.9476563e-01
   3.0000000e+01   6.0000000e+00   5.2052007e-15   5.1132813e-01   5.1132813e-01
   3.1000000e+01   6.0000000e+00   5.1117234e-15   5.0515625e-01   5.0515625e-01
   3.2000000e+01   6.0000000e+00   4.7250085e-15   4.6765625e-01   4.6765625e-01
   3.3000000e+01   6.0000000e+00   4.7186816e-15   4.5937500e-01   4.5937500e-01
   3.4000000e+01   6.0000000e+00   4.8518234e-15   4.7773438e-01   4.7773438e-01
   3.5000000e+01   6.0000000e+00   5.0725230e-15   4.9921875e-01   4.9921875e-01
   1.0000000e+00   7.0000000e+00   4.9036320e-15   4.4945313e-01   4.4945313e-01
   2.0000000e+00   7.0000000e+00   4.7704216e-15   4.6546875e-01   4.6546875e-01
   3.0000000e+00   7.0000000e+00   4.7730649e-15   4.6757813e-01   4.6757813e-01
   4.0000000e+00   7.0000000e+00   4.7773502e-15   4.6632813e-01   4.6632813e-01
   5.0000000e+00   7.0000000e+00   4.7305830e-15   4.6601563e-01   4.6601563e-01
   6.0000000e+00   7.0000000e+00   4.6475021e-15   4.4148438e-01   4.4148438e-01
   7.0000000e+00   7.0000000e+00   4.3942189e-15   4.1703125e-01   4.1703125e-01
   8.0000000e+00   7.0000000e+00   4.3857457e-15   4.1398438e-01   4.1398438e-01
   9.0000000e+00   7.0000000e+00   4.4291196e-15   4.3117188e-01   4.3117188e-01
   1.0000000e+01   7.0000000e+00   4.6047858e-15   4.5031250e-01   4.5031250e-01
   1.1000000e+01   7.0000000e+00   4.5244041e-15   4.5382813e-01   4.5382813e-01
   1.2000000e+01   7.0000000e+00   4.8905679e-15   4.6250000e-01   4.6250000e-01
   1.3000000e+01   7.0000000e+00   4.9034791e-15   4.8242188e-01   4.8242188e-01
   1.4000000e+01   7.0000000e+00   4.7904335e-15   4.7531250e-01   4.7531250e-01
   1.5000000e+01   7.0000000e+00   4.5065765e-15   4.5437500e-01   4.5437500e-01
   1.6000000e+01   7.0000000e+00   4.4285182e-15   4.4023438e-01   4.4023438e-01
   1.7000000e+01   7.0000000e+00   4.5648672e-15   4.3992188e-01   4.3992188e-01
   1.8000000e+01   7.0000000e+00   4.9576045e-15   4.6867188e-01   4.6867188e-01
   1.9000000e+01   7.0000000e+00   5.0039242e-15   4.7492188e-01   4.7492188e-01
   2.0000000e+01   7.0000000e+00   4.8950743e-15   4.8218750e-01   4.8218750e-01
   2.1000000e+01   7.0000000e+00   4.8635897e-15   4.7632813e-01   4.7632813e-01
   2.2000000e+01   7.0000000e+00   4.7918768e-15   4.6796875e-01   4.6796875e-01
   2.3000000e+01   7.0000000e+00   4.6379025e-15   4.5062500e-01   4.5062500e-01
   2.4000000e+01   7.0000000e+00   4.3738438e-15   4.0937500e-01   4.0937500e-01
   2.5000000e+01   7.0000000e+00   4.5360134e-15   4.3171875e-01   4.3171875e-01
   2.6000000e+01   7.0000000e+00   4.5595145e-15   4.5476563e-01   4.5476563e-01
   2.7000000e+01   7.0000000e+00   4.6272767e-15   4.6421875e-01   4.6421875e-01
   2.8000000e+01   7.0000000e+00   4.9406117e-15   4.7132813e-01   4.7132813e-01
   2.9000000e+01   7.0000000e+00   4.9266583e-15   4.8898438e-01   4.8898438e-01
   3.0000000e+01   7.0000000e+00   4.8825430e-15   4.9437500e-01   4.9437500e-01
   3.1000000e+01   7.0000000e+00   4.7639936e-15   4.8132813e-01   4.8132813e-01
   3.2000000e+01   7.0000000e+00   4.5954311e-15   4.5179688e-01   4.5179688e-01
   3.3000000e+01   7.0000000e+00   4.5107757e-15   4.5062500e-01   4.5062500e-01
   3.4000000e+01   7.0000000e+00   4.7503438e-15   4.5203125e-01   4.5203125e-01
   3.5000000e+01   7.0000000e+00   4.9038677e-15   4.7445313e-01   4.7445313e-01
   1.0000000e+00   8.0000000e+00   4.5898045e-15   4.4570313e-01   4.4570313e-01
   2.0000000e+00   8.0000000e+00   4.6519684e-15   4.5578125e-01   4.5578125e-01
   3.0000000e+00   8.0000000e+00   4.7688607e-15   4.6007813e-01   4.6007813e-01
   4.0000000e+00   8.0000000e+00   4.6225619e-15   4.6187500e-01   4.6187500e-01
   5.0000000e+00   8.0000000e+00   4.6034104e-15   4.5281250e-01   4.5281250e-01
   6.0000000e+00   8.0000000e+00   4.3233723e-15   4.3382813e-01   4.3382813e-01
   7.0000000e+00   8.0000000e+00   4.1532138e-15   4.1203125e-01   4.1203125e-01
   8.0000000e+00   8.0000000e+00   4.1912280e-15   4.0601563e-01   4.0601563e-01
   9.0000000e+00   8.0000000e+00   4.4214352e-15   4.2726563e-01   4.2726563e-01
   1.0000000e+01   8.0000000e+00   4.5918319e-15   4.4304688e-01   4.4304688e-01
   1.1000000e+01   8.0000000e+00   4.6380596e-15   4.5359375e-01   4.5359375e-01
   1.2000000e+01   8.0000000e+00   4.7336118e-15   4.5984375e-01   4.5984375e-01
   1.3000000e+01   8.0000000e+00   4.7411062e-15   4.6562500e-01   4.6562500e-01
   1.4000000e+01   8.0000000e+00   4.5776925e-15   4.5328125e-01   4.5328125e-01
   1.5000000e+01   8.0000000e+00   4.5548212e-15   4.1937500e-01   4.1937500e-01
   1.6000000e+01   8.0000000e+00   4.4290242e-15   4.3085938e-01   4.3085938e-01
   1.7000000e+01   8.0000000e+00   4.6258322e-15   4.4054688e-01   4.4054688e-01
   1.8000000e+01   8.0000000e+00   4.6949905e-15   4.6203125e-01   4.6203125e-01
   1.9000000e+01   8.0000000e+00   4.7497909e-15   4.6609375e-01   4.6609375e-01
   2.0000000e+01   8.0000000e+00   4.7468646e-15   4.7062500e-01   4.7062500e-01
   2.1000000e+01   8.0000000e+00   4.8019087e-15   4.7640625e-01   4.7640625e-01
   2.2000000e+01   8.0000000e+00   4.7408673e-15   4.6164063e-01   4.6164063e-01
   2.3000000e+01   8.0000000e+00   4.5136465e-15   4.4085938e-01   4.4085938e-01
   2.4000000e+01   8.0000000e+00   4.2829533e-15   4.1109375e-01   4.1109375e-01
   2.5000000e+01   8.0000000e+00   4.4619260e-15   4.2187500e-01   4.2187500e-01
   2.6000000e+01   8.0000000e+00   4.4951354e-15   4.2703125e-01   4.2703125e-01
   2.7000000e+01   8.0000000e+00   4.8704908e-15   4.5070313e-01   4.5070313e-01
   2.8000000e+01   8.0000000e+00   4.7061828e-15   4.6625000e-01   4.6625000e-01
   2.9000000e+01   8.0000000e+00   4.8492074e-15   4.7148438e-01   4.7148438e-01
   3.0000000e+01   8.0000000e+00   4.8017977e-15   4.7351563e-01   4.7351563e-01
   3.1000000e+01   8.0000000e+00   4.6642331e-15   4.5929688e-01   4.5929688e-01
   3.2000000e+01   8.0000000e+00   4.4277772e-15   4.3414063e-01   4.3414063e-01
   3.3000000e+01   8.0000000e+00   4.3996798e-15   4.3218750e-01   4.3218750e-01
   3.4000000e+01   8.0000000e+00   4.5729437e-15   4.4218750e-01   4.4218750e-01
   3.5000000e+01   8.0000000e+00   4.6983946e-15   4.5640625e-01   4.5640625e-01
   1.0000000e+00   9.0000000e+00   4.5127417e-15   4.2734375e-01   4.2734375e-01
   2.0000000e+00   9.0000000e+00   4.5915373e-15   4.3765625e-01   4.3765625e-01
   3.0000000e+00   9.0000000e+00   4.8344663e-15   4.4492188e-01   4.4492188e-01
   4.0000000e+00   9.0000000e+00   4.8304160e-15   4.5507813e-01   4.5507813e-01
   5.0000000e+00   9.0000000e+00   4.8061635e-15   4.5648438e-01   4.5648438e-01
   6.0000000e+00   9.0000000e+00   4.5907163e-15   4.3601563e-01   4.3601563e-01
   7.0000000e+00   9.0000000e+00   4.4132914e-15   4.1335938e-01   4.1335938e-01
   8.0000000e+00   9.0000000e+00   4.2384975e-15   4.1281250e-01   4.1281250e-01
   9.0000000e+00   9.0000000e+00   4.4750119e-15   4.3437500e-01   4.3437500e-01
   1.0000000e+01   9.0000000e+00   4.5863586e-15   4.4664063e-01   4.4664063e-01
   1.1000000e+01   9.0000000e+00   4.5653638e-15   4.5367188e-01   4.5367188e-01
   1.2000000e+01   9.0000000e+00   4.6998154e-15   4.5914063e-01   4.5914063e-01
   1.3000000e+01   9.0000000e+00   4.7374116e-15   4.6179688e-01   4.6179688e-01
   1.4000000e+01   9.0000000e+00   4.5664075e-15   4.5062500e-01   4.5062500e-01
   1.5000000e+01   9.0000000e+00   4.4049328e-15   4.2851563e-01   4.2851563e-01
   1.6000000e+01   9.0000000e+00   4.3687021e-15   4.2601563e-01   4.2601563e-01
   1.7000000e+01   9.0000000e+00   4.5918103e-15   4.4453125e-01   4.4453125e-01
   1.8000000e+01   9.0000000e+00   4.7397973e-15   4.5718750e-01   4.5718750e-01
   1.9000000e+01   9.0000000e+00   4.6708466e-15   4.6179688e-01   4.6179688e-01
   2.0000000e+01   9.0000000e+00   4.7903077e-15   4.6945313e-01   4.6945313e-01
   2.1000000e+01   9.0000000e+00   4.8981588e-15   4.7562500e-01   4.7562500e-01
   2.2000000e+01   9.0000000e+00   4.7277821e-15   4.5187500e-01   4.5187500e-01
   2.3000000e+01   9.0000000e+00   4.6858869e-15   4.2812500e-01   4.2812500e-01
   2.4000000e+01   9.0000000e+00   4.5068300e-15   4.1718750e-01   4.1718750e-01
   2.5000000e+01   9.0000000e+00   4.3975356e-15   4.2429688e-01   4.2429688e-01
   2.6000000e+01   9.0000000e+00   4.5456628e-15   4.4539063e-01   4.4539063e-01
   2.7000000e+01   9.0000000e+00   4.6145644e-15   4.4914063e-01   4.4914063e-01
   2.8000000e+01   9.0000000e+00   4.6699415e-15   4.6570313e-01   4.6570313e-01
   2.9000000e+01   9.0000000e+00   4.6117584e-15   4.6429688e-01   4.6429688e-01
   3.0000000e+01   9.0000000e+00   4.7101370e-15   4.6867188e-01   4.6867188e-01
   3.1000000e+01   9.0000000e+00   4.4865292e-15   4.4960938e-01   4.4960938e-01
   3.2000000e+01   9.0000000e+00   4.4294939e-15   4.3085938e-01   4.3085938e-01
   3.3000000e+01   9.0000000e+00   4.4654612e-15   4.3718750e-01   4.3718750e-01
   3.4000000e+01   9.0000000e+00   4.5862022e-15   4.4867188e-01   4.4867188e-01
   3.5000000e+01   9.0000000e+00   4.7436194e-15   4.6226563e-01   4.6226563e-01
   1.0000000e+00   1.0000000e+01   4.5596784e-15   4.4203125e-01   4.4203125e-01
   2.0000000e+00   1.0000000e+01   4.6156255e-15   4.5335938e-01   4.5335938e-01
   3.0000000e+00   1.0000000e+01   4.7221403e-15   4.5664063e-01   4.5664063e-01
   4.0000000e+00   1.0000000e+01   4.8590521e-15   4.6679688e-01   4.6679688e-01
   5.0000000e+00   1.0000000e+01   4.7859929e-15   4.6148438e-01   4.6148438e-01
   6.0000000e+00   1.0000000e+01   4.5095963e-15   4.4085938e-01   4.4085938e-01
   7.0000000e+00   1.0000000e+01   4.3112799e-15   4.2210938e-01   4.2210938e-01
   8.0000000e+00   1.0000000e+01   4.3414033e-15   4.2687500e-01   4.2687500e-01
   9.0000000e+00   1.0000000e+01   4.5853018e-15   4.4789063e-01   4.4789063e-01
   1.0000000e+01   1.0000000e+01   4.7013898e-15   4.4554688e-01   4.4554688e-01
   1.1000000e+01   1.0000000e+01   4.9007819e-15   4.6710938e-01   4.6710938e-01
   1.2000000e+01   1.0000000e+01   4.7733155e-15   4.7046875e-01   4.7046875e-01
   1.3000000e+01   1.0000000e+01   4.6876456e-15   4.7375000e-01   4.7375000e-01
   1.4000000e+01   1.0000000e+01   4.5846550e-15   4.5687500e-01   4.5687500e-01
   1.5000000e+01   1.0000000e+01   4.4729549e-15   4.3453125e-01   4.3453125e-01
   1.6000000e+01   1.0000000e+01   4.4696197e-15   4.2992188e-01   4.2992188e-01
   1.7000000e+01   1.0000000e+01   4.6053605e-15   4.4664063e-01   4.4664063e-01
   1.8000000e+01   1.0000000e+01   4.8521447e-15   4.4960938e-01   4.4960938e-01
   1.9000000e+01   1.0000000e+01   4.9187069e-15   4.6429688e-01   4.6429688e-01
   2.0000000e+01   1.0000000e+01   4.8524402e-15   4.6398438e-01   4.6398438e-01
   2.1000000e+01   1.0000000e+01   4.8384328e-15   4.7414063e-01   4.7414063e-01
   2.2000000e+01   1.0000000e+01   4.9507882e-15   4.6328125e-01   4.6328125e-01
   2.3000000e+01   1.0000000e+01   4.5697949e-15   4.3531250e-01   4.3531250e-01
   2.4000000e+01   1.0000000e+01   4.4459347e-15   4.2015625e-01   4.2015625e-01
   2.5000000e+01   1.0000000e+01   4.4791394e-15   4.3562500e-01   4.3562500e-01
   2.6000000e+01   1.0000000e+01   4.5913451e-15   4.5421875e-01   4.5421875e-01
   2.7000000e+01   1.0000000e+01   4.7178129e-15   4.5882813e-01   4.5882813e-01
   2.8000000e+01   1.0000000e+01   4.7836755e-15   4.6210938e-01   4.6210938e-01
   2.9000000e+01   1.0000000e+01   5.0113513e-15   4.5656250e-01   4.5656250e-01
   3.0000000e+01   1.0000000e+01   4.8595341e-15   4.5703125e-01   4.5703125e-01
   3.1000000e+01   1.0000000e+01   4.7012591e-15   4.3992188e-01   4.3992188e-01
   3.2000000e+01   1.0000000e+01   4.6424458e-15   4.2976563e-01   4.2976563e-01
   3.3000000e+01   1.0000000e+01   4.6052489e-15   4.3812500e-01   4.3812500e-01
   3.4000000e+01   1.0000000e+01   4.7825656e-15   4.5867188e-01   4.5867188e-01
   3.5000000e+01   1.0000000e+01   4.8469907e-15   4.6171875e-01   4.6171875e-01
   1.0000000e+00   1.1000000e+01   4.5159806e-15   4.4617188e-01   4.4617188e-01
   2.0000000e+00   1.1000000e+01   4.5991475e-15   4.5656250e-01   4.5656250e-01
   3.0000000e+00   1.1000000e+01   4.7864385e-15   4.4937500e-01   4.4937500e-01
   4.0000000e+00   1.1000000e+01   4.9599423e-15   4.5992188e-01   4.5992188e-01
   5.0000000e+00   1.1000000e+01   4.8079252e-15   4.5765625e-01   4.5765625e-01
   6.0000000e+00   1.1000000e+01   4.5611738e-15   4.3859375e-01   4.3859375e-01
   7.0000000e+00   1.1000000e+01   4.5388223e-15   4.2570313e-01   4.2570313e-01
   8.0000000e+00   1.1000000e+01   4.4619386e-15   4.3351563e-01   4.3351563e-01
   9.0000000e+00   1.1000000e+01   4.6887474e-15   4.3554688e-01   4.3554688e-01
   1.0000000e+01   1.1000000e+01   5.0296429e-15   4.6078125e-01   4.6078125e-01
   1.1000000e+01   1.1000000e+01   5.1185227e-15   4.7812500e-01   4.7812500e-01
   1.2000000e+01   1.1000000e+01   5.0161296e-15   4.8148438e-01   4.8148438e-01
   1.3000000e+01   1.1000000e+01   4.9113454e-15   4.8375000e-01   4.8375000e-01
   1.4000000e+01   1.1000000e+01   4.7850559e-15   4.6992188e-01   4.6992188e-01
   1.5000000e+01   1.1000000e+01   4.5538245e-15   4.4226563e-01   4.4226563e-01
   1.6000000e+01   1.1000000e+01   4.5339857e-15   4.4328125e-01   4.4328125e-01
   1.7000000e+01   1.1000000e+01   4.7787765e-15   4.4140625e-01   4.4140625e-01
   1.8000000e+01   1.1000000e+01   5.0347876e-15   4.5906250e-01   4.5906250e-01
   1.9000000e+01   1.1000000e+01   4.9477315e-15   4.7273438e-01   4.7273438e-01
   2.0000000e+01   1.1000000e+01   5.0333874e-15   4.7593750e-01   4.7593750e-01
   2.1000000e+01   1.1000000e+01   4.9608927e-15   4.7476563e-01   4.7476563e-01
   2.2000000e+01   1.1000000e+01   5.0786286e-15   4.6757813e-01   4.6757813e-01
   2.3000000e+01   1.1000000e+01   4.6332316e-15   4.4070313e-01   4.4070313e-01
   2.4000000e+01   1.1000000e+01   4.4328494e-15   4.3023438e-01   4.3023438e-01
   2.5000000e+01   1.1000000e+01   4.6595809e-15   4.4195313e-01   4.4195313e-01
   2.6000000e+01   1.1000000e+01   4.7123707e-15   4.5390625e-01   4.5390625e-01
   2.7000000e+01   1.1000000e+01   4.8564225e-15   4.7562500e-01   4.7562500e-01
   2.8000000e+01   1.1000000e+01   4.9765814e-15   4.7695313e-01   4.7695313e-01
   2.9000000e+01   1.1000000e+01   4.9532118e-15   4.7937500e-01   4.7937500e-01
   3.0000000e+01   1.1000000e+01   4.9313103e-15   4.8351563e-01   4.8351563e-01
   3.1000000e+01   1.1000000e+01   4.7369119e-15   4.5398438e-01   4.5398438e-01
   3.2000000e+01   1.1000000e+01   4.5590811e-15   4.3507813e-01   4.3507813e-01
   3.3000000e+01   1.1000000e+01   4.6701402e-15   4.4546875e-01   4.4546875e-01
   3.4000000e+01   1.1000000e+01   4.7794301e-15   4.6054688e-01   4.6054688e-01
   3.5000000e+01   1.1000000e+01   4.7963168e-15   4.6515625e-01   4.6515625e-01
   1.0000000e+00   1.2000000e+01   4.6790683e-15   4.4234375e-01   4.4234375e-01
   2.0000000e+00   1.2000000e+01   4.9209145e-15   4.6742188e-01   4.6742188e-01
   3.0000000e+00   1.2000000e+01   4.8328274e-15   4.6875000e-01   4.6875000e-01
   4.0000000e+00   1.2000000e+01   4.8026328e-15   4.6679688e-01   4.6679688e-01
   5.0000000e+00   1.2000000e+01   4.7292816e-15   4.6007813e-01   4.6007813e-01
   6.0000000e+00   1.2000000e+01   4.5831648e-15   4.4109375e-01   4.4109375e-01
   7.0000000e+00   1.2000000e+01   4.4979482e-15   4.1437500e-01   4.1437500e-01
   8.0000000e+00   1.2000000e+01   4.7776396e-15   4.4828125e-01   4.4828125e-01
   9.0000000e+00   1.2000000e+01   4.9868396e-15   4.7101563e-01   4.7101563e-01
   1.0000000e+01   1.2000000e+01   5.1338691e-15   4.8101563e-01   4.8101563e-01
   1.1000000e+01   1.2000000e+01   5.0297260e-15   4.9695313e-01   4.9695313e-01
   1.2000000e+01   1.2000000e+01   5.0062396e-15   5.0226563e-01   5.0226563e-01
   1.3000000e+01   1.2000000e+01   5.1751886e-15   5.1117188e-01   5.1117188e-01
   1.4000000e+01   1.2000000e+01   5.0432457e-15   4.8859375e-01   4.8859375e-01
   1.5000000e+01   1.2000000e+01   4.9092759e-15   4.5765625e-01   4.5765625e-01
   1.6000000e+01   1.2000000e+01   4.8784514e-15   4.4867188e-01   4.4867188e-01
   1.7000000e+01   1.2000000e+01   4.8741780e-15   4.5085938e-01   4.5085938e-01
   1.8000000e+01   1.2000000e+01   4.8695989e-15   4.7375000e-01   4.7375000e-01
   1.9000000e+01   1.2000000e+01   4.8923150e-15   4.7984375e-01   4.7984375e-01
   2.0000000e+01   1.2000000e+01   4.9004128e-15   4.8062500e-01   4.8062500e-01
   2.1000000e+01   1.2000000e+01   4.9401707e-15   4.8156250e-01   4.8156250e-01
   2.2000000e+01   1.2000000e+01   4.9088417e-15   4.7382813e-01   4.7382813e-01
   2.3000000e+01   1.2000000e+01   4.6286663e-15   4.4929688e-01   4.4929688e-01
   2.4000000e+01   1.2000000e+01   4.7041031e-15   4.4289063e-01   4.4289063e-01
   2.5000000e+01   1.2000000e+01   4.7427264e-15   4.4015625e-01   4.4015625e-01
   2.6000000e+01   1.2000000e+01   4.7590885e-15   4.6843750e-01   4.6843750e-01
   2.7000000e+01   1.2000000e+01   4.8701289e-15   4.8976563e-01   4.8976563e-01
   2.8000000e+01   1.2000000e+01   4.9669811e-15   4.9304688e-01   4.9304688e-01
   2.9000000e+01   1.2000000e+01   5.1407604e-15   5.0968750e-01   5.0968750e-01
   3.0000000e+01   1.2000000e+01   5.1936530e-15   4.9726563e-01   4.9726563e-01
   3.1000000e+01   1.2000000e+01   4.7632704e-15   4.6960938e-01   4.6960938e-01
   3.2000000e+01   1.2000000e+01   4.5843805e-15   4.5093750e-01   4.5093750e-01
   3.3000000e+01   1.2000000e+01   4.7424434e-15   4.6195313e-01   4.6195313e-01
   3.4000000e+01   1.2000000e+01   4.8799627e-15   4.7335938e-01   4.7335938e-01
   3.5000000e+01   1.2000000e+01   4.9612074e-15   4.6289063e-01   4.6289063e-01
   1.0000000e+00   1.3000000e+01   4.6309622e-15   4.6054688e-01   4.6054688e-01
   2.0000000e+00   1.3000000e+01   4.8748191e-15   4.7093750e-01   4.7093750e-01
   3.0000000e+00   1.3000000e+01   4.8987196e-15   4.7195313e-01   4.7195313e-01
   4.0000000e+00   1.3000000e+01   4.7119876e-15   4.6906250e-01   4.6906250e-01
   5.0000000e+00   1.3000000e+01   4.6053076e-15   4.5781250e-01   4.5781250e-01
   6.0000000e+00   1.3000000e+01   4.5779053e-15   4.4031250e-01   4.4031250e-01
   7.0000000e+00   1.3000000e+01   4.5615114e-15   4.3492188e-01   4.3492188e-01
   8.0000000e+00   1.3000000e+01   4.6821448e-15   4.4632813e-01   4.4632813e-01
   9.0000000e+00   1.3000000e+01   4.8665655e-15   4.8906250e-01   4.8906250e-01
   1.0000000e+01   1.3000000e+01   4.9439012e-15   4.9828125e-01   4.9828125e-01
   1.1000000e+01   1.3000000e+01   5.1170681e-15   5.1031250e-01   5.1031250e-01
   1.2000000e+01   1.3000000e+01   5.1613697e-15   5.1718750e-01   5.1718750e-01
   1.3000000e+01   1.3000000e+01   5.1314655e-15   5.2460938e-01   5.2460938e-01
   1.4000000e+01   1.3000000e+01   5.0846805e-15   4.9609375e-01   4.9609375e-01
   1.5000000e+01   1.3000000e+01   4.9063746e-15   4.6539063e-01   4.6539063e-01
   1.6000000e+01   1.3000000e+01   4.8555779e-15   4.6968750e-01   4.6968750e-01
   1.7000000e+01   1.3000000e+01   4.7747382e-15   4.8468750e-01   4.8468750e-01
   1.8000000e+01   1.3000000e+01   4.9468695e-15   4.9062500e-01   4.9062500e-01
   1.9000000e+01   1.3000000e+01   4.9149124e-15   4.9820313e-01   4.9820313e-01
   2.0000000e+01   1.3000000e+01   4.9127462e-15   4.8656250e-01   4.8656250e-01
   2.1000000e+01   1.3000000e+01   4.9050101e-15   4.8382813e-01   4.8382813e-01
   2.2000000e+01   1.3000000e+01   4.7438556e-15   4.7718750e-01   4.7718750e-01
   2.3000000e+01   1.3000000e+01   4.5340305e-15   4.5531250e-01   4.5531250e-01
   2.4000000e+01   1.3000000e+01   4.6198865e-15   4.5351563e-01   4.5351563e-01
   2.5000000e+01   1.3000000e+01   4.7610867e-15   4.7296875e-01   4.7296875e-01
   2.6000000e+01   1.3000000e+01   4.8799952e-15   4.9273438e-01   4.9273438e-01
   2.7000000e+01   1.3000000e+01   4.8374822e-15   4.9906250e-01   4.9906250e-01
   2.8000000e+01   1.3000000e+01   5.0671445e-15   5.1210938e-01   5.1210938e-01
   2.9000000e+01   1.3000000e+01   5.0367303e-15   5.0953125e-01   5.0953125e-01
   3.0000000e+01   1.3000000e+01   5.0718670e-15   4.9156250e-01   4.9156250e-01
   3.1000000e+01   1.3000000e+01   4.9152473e-15   4.6109375e-01   4.6109375e-01
   3.2000000e+01   1.3000000e+01   4.7040870e-15   4.4023438e-01   4.4023438e-01
   3.3000000e+01   1.3000000e+01   4.7909756e-15   4.5843750e-01   4.5843750e-01
   3.4000000e+01   1.3000000e+01   4.9733847e-15   4.8742188e-01   4.8742188e-01
   3.5000000e+01   1.3000000e+01   4.9038935e-15   4.9062500e-01   4.9062500e-01
   1.0000000e+00   1.4000000e+01   4.7198488e-15   4.6421875e-01   4.6421875e-01
   2.0000000e+00   1.4000000e+01   4.8151981e-15   4.7750000e-01   4.7750000e-01
   3.0000000e+00   1.4000000e+01   4.8690033e-15   4.7585938e-01   4.7585938e-01
   4.0000000e+00   1.4000000e+01   4.7552663e-15   4.6898438e-01   4.6898438e-01
   5.0000000e+00   1.4000000e+01   4.6133410e-15   4.5507813e-01   4.5507813e-01
   6.0000000e+00   1.4000000e+01   4.5437355e-15   4.4359375e-01   4.4359375e-01
   7.0000000e+00   1.4000000e+01   4.5196462e-15   4.4390625e-01   4.4390625e-01
   8.0000000e+00   1.4000000e+01   4.6868780e-15   4.6718750e-01   4.6718750e-01
   9.0000000e+00   1.4000000e+01   4.9338385e-15   4.8718750e-01   4.8718750e-01
   1.0000000e+01   1.4000000e+01   5.0292011e-15   4.7757813e-01   4.7757813e-01
   1.1000000e+01   1.4000000e+01   5.2389346e-15   5.0906250e-01   5.0906250e-01
   1.2000000e+01   1.4000000e+01   5.2568509e-15   5.1765625e-01   5.1765625e-01
   1.3000000e+01   1.4000000e+01   5.2885416e-15   5.2890625e-01   5.2890625e-01
   1.4000000e+01   1.4000000e+01   5.1416238e-15   5.0156250e-01   5.0156250e-01
   1.5000000e+01   1.4000000e+01   4.8209452e-15   4.6492188e-01   4.6492188e-01
   1.6000000e+01   1.4000000e+01   4.8812484e-15   4.6898438e-01   4.6898438e-01
   1.7000000e+01   1.4000000e+01   4.9631487e-15   4.8742188e-01   4.8742188e-01
   1.8000000e+01   1.4000000e+01   4.9989809e-15   4.9921875e-01   4.9921875e-01
   1.9000000e+01   1.4000000e+01   4.9539406e-15   4.9765625e-01   4.9765625e-01
   2.0000000e+01   1.4000000e+01   4.9608205e-15   4.9062500e-01   4.9062500e-01
   2.1000000e+01   1.4000000e+01   4.9772003e-15   4.8523438e-01   4.8523438e-01
   2.2000000e+01   1.4000000e+01   4.8494276e-15   4.6101563e-01   4.6101563e-01
   2.3000000e+01   1.4000000e+01   4.4754577e-15   4.4289063e-01   4.4289063e-01
   2.4000000e+01   1.4000000e+01   4.5282029e-15   4.5367188e-01   4.5367188e-01
   2.5000000e+01   1.4000000e+01   4.7169102e-15   4.7179688e-01   4.7179688e-01
   2.6000000e+01   1.4000000e+01   4.8204976e-15   4.8664063e-01   4.8664063e-01
   2.7000000e+01   1.4000000e+01   4.9871692e-15   5.0015625e-01   5.0015625e-01
   2.8000000e+01   1.4000000e+01   5.0976971e-15   5.0984375e-01   5.0984375e-01
   2.9000000e+01   1.4000000e+01   5.1613598e-15   5.2492188e-01   5.2492188e-01
   3.0000000e+01   1.4000000e+01   5.0268403e-15   5.2117188e-01   5.2117188e-01
   3.1000000e+01   1.4000000e+01   4.7723067e-15   4.8125000e-01   4.8125000e-01
   3.2000000e+01   1.4000000e+01   4.6969201e-15   4.6093750e-01   4.6093750e-01
   3.3000000e+01   1.4000000e+01   4.8123130e-15   4.7578125e-01   4.7578125e-01
   3.4000000e+01   1.4000000e+01   4.9503098e-15   4.9054688e-01   4.9054688e-01
   3.5000000e+01   1.4000000e+01   5.1803521e-15   4.9507813e-01   4.9507813e-01
   1.0000000e+00   1.5000000e+01   4.8852933e-15   4.6437500e-01   4.6437500e-01
   2.0000000e+00   1.5000000e+01   4.8212759e-15   4.6140625e-01   4.6140625e-01
   3.0000000e+00   1.5000000e+01   4.9164728e-15   4.8710938e-01   4.8710938e-01
   4.0000000e+00   1.5000000e+01   4.7145760e-15   4.7210938e-01   4.7210938e-01
   5.0000000e+00   1.5000000e+01   4.6080887e-15   4.5867188e-01   4.5867188e-01
   6.0000000e+00   1.5000000e+01   4.5251000e-15   4.4117188e-01   4.4117188e-01
   7.0000000e+00   1.5000000e+01   4.4752525e-15   4.4593750e-01   4.4593750e-01
   8.0000000e+00   1.5000000e+01   4.6398742e-15   4.7429688e-01   4.7429688e-01
   9.0000000e+00   1.5000000e+01   4.8160546e-15   4.8781250e-01   4.8781250e-01
   1.0000000e+01   1.5000000e+01   4.9159320e-15   4.9945313e-01   4.9945313e-01
   1.1000000e+01   1.5000000e+01   5.0652106e-15   5.1625000e-01   5.1625000e-01
   1.2000000e+01   1.5000000e+01   5.2273116e-15   5.2710938e-01   5.2710938e-01
   1.3000000e+01   1.5000000e+01   5.0607935e-15   5.2945313e-01   5.2945313e-01
   1.4000000e+01   1.5000000e+01   4.8768528e-15   4.9726563e-01   4.9726563e-01
   1.5000000e+01   1.5000000e+01   4.7181701e-15   4.6812500e-01   4.6812500e-01
   1.6000000e+01   1.5000000e+01   4.6631160e-15   4.6679688e-01   4.6679688e-01
   1.7000000e+01   1.5000000e+01   4.8066188e-15   4.9234375e-01   4.9234375e-01
   1.8000000e+01   1.5000000e+01   4.9004999e-15   5.0234375e-01   5.0234375e-01
   1.9000000e+01   1.5000000e+01   5.0661973e-15   5.0710938e-01   5.0710938e-01
   2.0000000e+01   1.5000000e+01   4.9278838e-15   4.9328125e-01   4.9328125e-01
   2.1000000e+01   1.5000000e+01   4.9902452e-15   4.6546875e-01   4.6546875e-01
   2.2000000e+01   1.5000000e+01   4.9489106e-15   4.6921875e-01   4.6921875e-01
   2.3000000e+01   1.5000000e+01   4.8045407e-15   4.5593750e-01   4.5593750e-01
   2.4000000e+01   1.5000000e+01   4.7437206e-15   4.6125000e-01   4.6125000e-01
   2.5000000e+01   1.5000000e+01   4.8025334e-15   4.7945313e-01   4.7945313e-01
   2.6000000e+01   1.5000000e+01   4.8525134e-15   4.9289063e-01   4.9289063e-01
   2.7000000e+01   1.5000000e+01   5.0354728e-15   5.0085938e-01   5.0085938e-01
   2.8000000e+01   1.5000000e+01   4.9587601e-15   4.9640625e-01   4.9640625e-01
   2.9000000e+01   1.5000000e+01   5.1561275e-15   5.0625000e-01   5.0625000e-01
   3.0000000e+01   1.5000000e+01   5.1775634e-15   4.9750000e-01   4.9750000e-01
   3.1000000e+01   1.5000000e+01   4.8438133e-15   4.6335938e-01   4.6335938e-01
   3.2000000e+01   1.5000000e+01   4.6160488e-15   4.5406250e-01   4.5406250e-01
   3.3000000e+01   1.5000000e+01   4.8575553e-15   4.7945313e-01   4.7945313e-01
   3.4000000e+01   1.5000000e+01   4.8949523e-15   4.9398438e-01   4.9398438e-01
   3.5000000e+01   1.5000000e+01   4.9688281e-15   4.9953125e-01   4.9953125e-01
   1.0000000e+00   1.6000000e+01   4.9906637e-15   4.7656250e-01   4.7656250e-01
   2.0000000e+00   1.6000000e+01   5.0716713e-15   4.8945313e-01   4.8945313e-01
   3.0000000e+00   1.6000000e+01   4.9587811e-15   4.9171875e-01   4.9171875e-01
   4.0000000e+00   1.6000000e+01   4.8907568e-15   4.7593750e-01   4.7593750e-01
   5.0000000e+00   1.6000000e+01   4.7192349e-15   4.5820313e-01   4.5820313e-01
   6.0000000e+00   1.6000000e+01   4.5658138e-15   4.4281250e-01   4.4281250e-01
   7.0000000e+00   1.6000000e+01   4.6574449e-15   4.4273438e-01   4.4273438e-01
   8.0000000e+00   1.6000000e+01   4.9794184e-15   4.7015625e-01   4.7015625e-01
   9.0000000e+00   1.6000000e+01   4.8488286e-15   4.7429688e-01   4.7429688e-01
   1.0000000e+01   1.6000000e+01   4.9221764e-15   4.9734375e-01   4.9734375e-01
   1.1000000e+01   1.6000000e+01   5.1812385e-15   5.2125000e-01   5.2125000e-01
   1.2000000e+01   1.6000000e+01   5.2965470e-15   5.4437500e-01   5.4437500e-01
   1.3000000e+01   1.6000000e+01   5.2505641e-15   5.3203125e-01   5.3203125e-01
   1.4000000e+01   1.6000000e+01   5.0528312e-15   4.9523438e-01   4.9523438e-01
   1.5000000e+01   1.6000000e+01   4.8425043e-15   4.6726563e-01   4.6726563e-01
   1.6000000e+01   1.6000000e+01   5.0015614e-15   4.7031250e-01   4.7031250e-01
   1.7000000e+01   1.6000000e+01   5.0919180e-15   4.8617188e-01   4.8617188e-01
   1.8000000e+01   1.6000000e+01   4.9713451e-15   4.9718750e-01   4.9718750e-01
   1.9000000e+01   1.6000000e+01   4.9624906e-15   5.0398438e-01   5.0398438e-01
   2.0000000e+01   1.6000000e+01   5.0057170e-15   5.0156250e-01   5.0156250e-01
   2.1000000e+01   1.6000000e+01   4.8746041e-15   4.9000000e-01   4.9000000e-01
   2.2000000e+01   1.6000000e+01   4.6815126e-15   4.6609375e-01   4.6609375e-01
   2.3000000e+01   1.6000000e+01   4.5242240e-15   4.4359375e-01   4.4359375e-01
   2.4000000e+01   1.6000000e+01   4.6294446e-15   4.4843750e-01   4.4843750e-01
   2.5000000e+01   1.6000000e+01   4.8741015e-15   4.7843750e-01   4.7843750e-01
   2.6000000e+01   1.6000000e+01   4.9060389e-15   4.9203125e-01   4.9203125e-01
   2.7000000e+01   1.6000000e+01   5.0149134e-15   5.0929688e-01   5.0929688e-01
   2.8000000e+01   1.6000000e+01   5.2655322e-15   5.3382813e-01   5.3382813e-01
   2.9000000e+01   1.6000000e+01   5.3600838e-15   5.4453125e-01   5.4453125e-01
   3.0000000e+01   1.6000000e+01   5.2339445e-15   5.2570313e-01   5.2570313e-01
   3.1000000e+01   1.6000000e+01   5.0005622e-15   4.9437500e-01   4.9437500e-01
   3.2000000e+01   1.6000000e+01   4.7189454e-15   4.6718750e-01   4.6718750e-01
   3.3000000e+01   1.6000000e+01   4.9626892e-15   4.8546875e-01   4.8546875e-01
   3.4000000e+01   1.6000000e+01   5.2649457e-15   5.0500000e-01   5.0500000e-01
   3.5000000e+01   1.6000000e+01   5.3577425e-15   5.1171875e-01   5.1171875e-01
   1.0000000e+00   1.7000000e+01   5.2316199e-15   5.0460938e-01   5.0460938e-01
   2.0000000e+00   1.7000000e+01   5.0586998e-15   5.0679688e-01   5.0679688e-01
   3.0000000e+00   1.7000000e+01   4.9946403e-15   4.9484375e-01   4.9484375e-01
   4.0000000e+00   1.7000000e+01   4.9165396e-15   4.7593750e-01   4.7593750e-01
   5.0000000e+00   1.7000000e+01   4.6160647e-15   4.6218750e-01   4.6218750e-01
   6.0000000e+00   1.7000000e+01   4.5574292e-15   4.4492188e-01   4.4492188e-01
   7.0000000e+00   1.7000000e+01   4.7160197e-15   4.3757813e-01   4.3757813e-01
   8.0000000e+00   1.7000000e+01   5.0575792e-15   4.7742188e-01   4.7742188e-01
   9.0000000e+00   1.7000000e+01   5.0662031e-15   4.9453125e-01   4.9453125e-01
   1.0000000e+01   1.7000000e+01   5.1638825e-15   5.1039063e-01   5.1039063e-01
   1.1000000e+01   1.7000000e+01   5.2206345e-15   5.2328125e-01   5.2328125e-01
   1.2000000e+01   1.7000000e+01   5.4256386e-15   5.3390625e-01   5.3390625e-01
   1.3000000e+01   1.7000000e+01   5.6111537e-15   5.5375000e-01   5.5375000e-01
   1.4000000e+01   1.7000000e+01   5.1556905e-15   5.1609375e-01   5.1609375e-01
   1.5000000e+01   1.7000000e+01   4.9352842e-15   4.8328125e-01   4.8328125e-01
   1.6000000e+01   1.7000000e+01   4.9632567e-15   4.8984375e-01   4.8984375e-01
   1.7000000e+01   1.7000000e+01   5.0965212e-15   5.1171875e-01   5.1171875e-01
   1.8000000e+01   1.7000000e+01   5.1173673e-15   5.1781250e-01   5.1781250e-01
   1.9000000e+01   1.7000000e+01   5.1766167e-15   5.1593750e-01   5.1593750e-01
   2.0000000e+01   1.7000000e+01   5.0468216e-15   5.0312500e-01   5.0312500e-01
   2.1000000e+01   1.7000000e+01   4.9423747e-15   4.9265625e-01   4.9265625e-01
   2.2000000e+01   1.7000000e+01   4.8304260e-15   4.7468750e-01   4.7468750e-01
   2.3000000e+01   1.7000000e+01   4.5739884e-15   4.5289063e-01   4.5289063e-01
   2.4000000e+01   1.7000000e+01   4.8204429e-15   4.6710938e-01   4.6710938e-01
   2.5000000e+01   1.7000000e+01   5.0478115e-15   4.8421875e-01   4.8421875e-01
   2.6000000e+01   1.7000000e+01   5.2304407e-15   4.9945313e-01   4.9945313e-01
   2.7000000e+01   1.7000000e+01   5.2306750e-15   4.9453125e-01   4.9453125e-01
   2.8000000e+01   1.7000000e+01   5.3885320e-15   5.2445313e-01   5.2445313e-01
   2.9000000e+01   1.7000000e+01   5.3739309e-15   5.3781250e-01   5.3781250e-01
   3.0000000e+01   1.7000000e+01   5.3396549e-15   5.2085938e-01   5.2085938e-01
   3.1000000e+01   1.7000000e+01   5.1297621e-15   4.8304688e-01   4.8304688e-01
   3.2000000e+01   1.7000000e+01   4.9466786e-15   4.7328125e-01   4.7328125e-01
   3.3000000e+01   1.7000000e+01   5.1588142e-15   4.9734375e-01   4.9734375e-01
   3.4000000e+01   1.7000000e+01   5.2073854e-15   5.1609375e-01   5.1609375e-01
   3.5000000e+01   1.7000000e+01   5.2291367e-15   5.1757813e-01   5.1757813e-01
   1.0000000e+00   1.8000000e+01   5.0465961e-15   4.9773438e-01   4.9773438e-01
   2.0000000e+00   1.8000000e+01   5.1711583e-15   5.0625000e-01   5.0625000e-01
   3.0000000e+00   1.8000000e+01   4.9309277e-15   4.9500000e-01   4.9500000e-01
   4.0000000e+00   1.8000000e+01   4.8073848e-15   4.8375000e-01   4.8375000e-01
   5.0000000e+00   1.8000000e+01   4.7331401e-15   4.5210938e-01   4.5210938e-01
   6.0000000e+00   1.8000000e+01   4.7606746e-15   4.4632813e-01   4.4632813e-01
   7.0000000e+00   1.8000000e+01   4.6782845e-15   4.5406250e-01   4.5406250e-01
   8.0000000e+00   1.8000000e+01   4.8351719e-15   4.7507813e-01   4.7507813e-01
   9.0000000e+00   1.8000000e+01   4.9263107e-15   4.9257813e-01   4.9257813e-01
   1.0000000e+01   1.8000000e+01   5.1673777e-15   5.1484375e-01   5.1484375e-01
   1.1000000e+01   1.8000000e+01   5.3463901e-15   5.3023438e-01   5.3023438e-01
   1.2000000e+01   1.8000000e+01   5.3566866e-15   5.4679688e-01   5.4679688e-01
   1.3000000e+01   1.8000000e+01   5.3762572e-15   5.5398438e-01   5.5398438e-01
   1.4000000e+01   1.8000000e+01   5.1503060e-15   5.0820313e-01   5.0820313e-01
   1.5000000e+01   1.8000000e+01   4.8673073e-15   4.8093750e-01   4.8093750e-01
   1.6000000e+01   1.8000000e+01   4.9959074e-15   4.9460938e-01   4.9460938e-01
   1.7000000e+01   1.8000000e+01   5.1371738e-15   5.1203125e-01   5.1203125e-01
   1.8000000e+01   1.8000000e+01   5.1522920e-15   5.1585938e-01   5.1585938e-01
   1.9000000e+01   1.8000000e+01   5.0578132e-15   5.1882813e-01   5.1882813e-01
   2.0000000e+01   1.8000000e+01   5.0797444e-15   5.0609375e-01   5.0609375e-01
   2.1000000e+01   1.8000000e+01   5.0810463e-15   4.9820313e-01   4.9820313e-01
   2.2000000e+01   1.8000000e+01   4.6985519e-15   4.7312500e-01   4.7312500e-01
   2.3000000e+01   1.8000000e+01   4.5706886e-15   4.5867188e-01   4.5867188e-01
   2.4000000e+01   1.8000000e+01   4.6649367e-15   4.7226563e-01   4.7226563e-01
   2.5000000e+01   1.8000000e+01   4.7864181e-15   4.8695313e-01   4.8695313e-01
   2.6000000e+01   1.8000000e+01   4.9810634e-15   5.0132813e-01   5.0132813e-01
   2.7000000e+01   1.8000000e+01   5.0895959e-15   5.2070313e-01   5.2070313e-01
   2.8000000e+01   1.8000000e+01   5.3467542e-15   5.3718750e-01   5.3718750e-01
   2.9000000e+01   1.8000000e+01   5.3359095e-15   5.4335938e-01   5.4335938e-01
   3.0000000e+01   1.8000000e+01   5.2492364e-15   5.2867188e-01   5.2867188e-01
   3.1000000e+01   1.8000000e+01   4.8740439e-15   4.6914063e-01   4.6914063e-01
   3.2000000e+01   1.8000000e+01   4.8885977e-15   4.7203125e-01   4.7203125e-01
   3.3000000e+01   1.8000000e+01   5.1073364e-15   5.0382813e-01   5.0382813e-01
   3.4000000e+01   1.8000000e+01   5.0796883e-15   5.1507813e-01   5.1507813e-01
   3.5000000e+01   1.8000000e+01   5.2165164e-15   5.2429688e-01   5.2429688e-01
   1.0000000e+00   1.9000000e+01   4.9396760e-15   5.0515625e-01   5.0515625e-01
   2.0000000e+00   1.9000000e+01   5.1405973e-15   4.9851563e-01   4.9851563e-01
   3.0000000e+00   1.9000000e+01   5.0534483e-15   4.9726563e-01   4.9726563e-01
   4.0000000e+00   1.9000000e+01   4.9085352e-15   4.8507813e-01   4.8507813e-01
   5.0000000e+00   1.9000000e+01   4.7992171e-15   4.7101563e-01   4.7101563e-01
   6.0000000e+00   1.9000000e+01   4.5974412e-15   4.4656250e-01   4.4656250e-01
   7.0000000e+00   1.9000000e+01   4.6148995e-15   4.3335938e-01   4.3335938e-01
   8.0000000e+00   1.9000000e+01   4.9306759e-15   4.6929688e-01   4.6929688e-01
   9.0000000e+00   1.9000000e+01   4.9337643e-15   4.8671875e-01   4.8671875e-01
   1.0000000e+01   1.9000000e+01   5.1179358e-15   5.0593750e-01   5.0593750e-01
   1.1000000e+01   1.9000000e+01   5.2041634e-15   5.2968750e-01   5.2968750e-01
   1.2000000e+01   1.9000000e+01   5.3182742e-15   5.2218750e-01   5.2218750e-01
   1.3000000e+01   1.9000000e+01   5.3517309e-15   5.4023438e-01   5.4023438e-01
   1.4000000e+01   1.9000000e+01   5.0484263e-15   4.9562500e-01   4.9562500e-01
   1.5000000e+01   1.9000000e+01   4.8297999e-15   4.7078125e-01   4.7078125e-01
   1.6000000e+01   1.9000000e+01   4.9188811e-15   4.9187500e-01   4.9187500e-01
   1.7000000e+01   1.9000000e+01   5.0578694e-15   5.0570313e-01   5.0570313e-01
   1.8000000e+01   1.9000000e+01   5.1681815e-15   5.1734375e-01   5.1734375e-01
   1.9000000e+01   1.9000000e+01   5.1333699e-15   5.0273438e-01   5.0273438e-01
   2.0000000e+01   1.9000000e+01   4.9824180e-15   4.8890625e-01   4.8890625e-01
   2.1000000e+01   1.9000000e+01   5.1529456e-15   4.8875000e-01   4.8875000e-01
   2.2000000e+01   1.9000000e+01   4.7548368e-15   4.7226563e-01   4.7226563e-01
   2.3000000e+01   1.9000000e+01   4.5426434e-15   4.5226563e-01   4.5226563e-01
   2.4000000e+01   1.9000000e+01   4.6956729e-15   4.6570313e-01   4.6570313e-01
   2.5000000e+01   1.9000000e+01   5.0125149e-15   4.7648438e-01   4.7648438e-01
   2.6000000e+01   1.9000000e+01   4.8801497e-15   4.9234375e-01   4.9234375e-01
   2.7000000e+01   1.9000000e+01   5.0131163e-15   5.1398438e-01   5.1398438e-01
   2.8000000e+01   1.9000000e+01   5.2121534e-15   5.2679688e-01   5.2679688e-01
   2.9000000e+01   1.9000000e+01   5.4200705e-15   5.3445313e-01   5.3445313e-01
   3.0000000e+01   1.9000000e+01   5.2600792e-15   5.3039063e-01   5.3039063e-01
   3.1000000e+01   1.9000000e+01   4.8028229e-15   4.8195313e-01   4.8195313e-01
   3.2000000e+01   1.9000000e+01   4.8361898e-15   4.7679688e-01   4.7679688e-01
   3.3000000e+01   1.9000000e+01   4.9347881e-15   4.9554688e-01   4.9554688e-01
   3.4000000e+01   1.9000000e+01   5.0688460e-15   5.0734375e-01   5.0734375e-01
   3.5000000e+01   1.9000000e+01   5.0500515e-15   5.1515625e-01   5.1515625e-01
   1.0000000e+00   2.0000000e+01   5.0124724e-15   5.0085938e-01   5.0085938e-01
   2.0000000e+00   2.0000000e+01   4.9955781e-15   5.0132813e-01   5.0132813e-01
   3.0000000e+00   2.0000000e+01   4.9874846e-15   4.9671875e-01   4.9671875e-01
   4.0000000e+00   2.0000000e+01   4.8790218e-15   4.8921875e-01   4.8921875e-01
   5.0000000e+00   2.0000000e+01   4.8110022e-15   4.7234375e-01   4.7234375e-01
   6.0000000e+00   2.0000000e+01   4.6009763e-15   4.4757813e-01   4.4757813e-01
   7.0000000e+00   2.0000000e+01   4.6189484e-15   4.4640625e-01   4.4640625e-01
   8.0000000e+00   2.0000000e+01   4.9089392e-15   4.5882813e-01   4.5882813e-01
   9.0000000e+00   2.0000000e+01   4.7960630e-15   4.7960938e-01   4.7960938e-01
   1.0000000e+01   2.0000000e+01   5.0051593e-15   5.0265625e-01   5.0265625e-01
   1.1000000e+01   2.0000000e+01   5.1623652e-15   5.1578125e-01   5.1578125e-01
   1.2000000e+01   2.0000000e+01   5.3066254e-15   5.2765625e-01   5.2765625e-01
   1.3000000e+01   2.0000000e+01   5.4124016e-15   5.2492188e-01   5.2492188e-01
   1.4000000e+01   2.0000000e+01   5.0445397e-15   4.7437500e-01   4.7437500e-01
   1.5000000e+01   2.0000000e+01   4.9572557e-15   4.5109375e-01   4.5109375e-01
   1.6000000e+01   2.0000000e+01   4.8941344e-15   4.6554688e-01   4.6554688e-01
   1.7000000e+01   2.0000000e+01   5.0026011e-15   4.8726563e-01   4.8726563e-01
   1.8000000e+01   2.0000000e+01   5.0619086e-15   5.0156250e-01   5.0156250e-01
   1.9000000e+01   2.0000000e+01   5.2128787e-15   5.0929688e-01   5.0929688e-01
   2.0000000e+01   2.0000000e+01   5.0442610e-15   5.0070313e-01   5.0070313e-01
   2.1000000e+01   2.0000000e+01   5.0255155e-15   4.9031250e-01   4.9031250e-01
   2.2000000e+01   2.0000000e+01   4.7784431e-15   4.7156250e-01   4.7156250e-01
   2.3000000e+01   2.0000000e+01   4.5074063e-15   4.4429688e-01   4.4429688e-01
   2.4000000e+01   2.0000000e+01   4.6314259e-15   4.5625000e-01   4.5625000e-01
   2.5000000e+01   2.0000000e+01   4.8908029e-15   4.7835938e-01   4.7835938e-01
   2.6000000e+01   2.0000000e+01   4.8999391e-15   4.8773438e-01   4.8773438e-01
   2.7000000e+01   2.0000000e+01   4.9593628e-15   4.9914063e-01   4.9914063e-01
   2.8000000e+01   2.0000000e+01   5.2502769e-15   5.2523438e-01   5.2523438e-01
   2.9000000e+01   2.0000000e+01   5.1985851e-15   5.3195313e-01   5.3195313e-01
   3.0000000e+01   2.0000000e+01   5.1158316e-15   5.1437500e-01   5.1437500e-01
   3.1000000e+01   2.0000000e+01   4.7754133e-15   4.7523438e-01   4.7523438e-01
   3.2000000e+01   2.0000000e+01   4.7233856e-15   4.5757813e-01   4.5757813e-01
   3.3000000e+01   2.0000000e+01   5.0111416e-15   4.7148438e-01   4.7148438e-01
   3.4000000e+01   2.0000000e+01   5.2263423e-15   4.9992188e-01   4.9992188e-01
   3.5000000e+01   2.0000000e+01   5.3149626e-15   5.1179688e-01   5.1179688e-01
   1.0000000e+00   2.1000000e+01   5.0028426e-15   4.8750000e-01   4.8750000e-01
   2.0000000e+00   2.1000000e+01   5.0036474e-15   4.8257813e-01   4.8257813e-01
   3.0000000e+00   2.1000000e+01   5.0184773e-15   4.7656250e-01   4.7656250e-01
   4.0000000e+00   2.1000000e+01   4.8540964e-15   4.6343750e-01   4.6343750e-01
   5.0000000e+00   2.1000000e+01   4.6882759e-15   4.5625000e-01   4.5625000e-01
   6.0000000e+00   2.1000000e+01   4.5748385e-15   4.3570313e-01   4.3570313e-01
   7.0000000e+00   2.1000000e+01   4.4604230e-15   4.4015625e-01   4.4015625e-01
   8.0000000e+00   2.1000000e+01   4.7245364e-15   4.6210938e-01   4.6210938e-01
   9.0000000e+00   2.1000000e+01   4.8476087e-15   4.7531250e-01   4.7531250e-01
   1.0000000e+01   2.1000000e+01   4.8940312e-15   4.8742188e-01   4.8742188e-01
   1.1000000e+01   2.1000000e+01   5.0202842e-15   4.9937500e-01   4.9937500e-01
   1.2000000e+01   2.1000000e+01   5.1712569e-15   5.1171875e-01   5.1171875e-01
   1.3000000e+01   2.1000000e+01   5.1799293e-15   5.0335938e-01   5.0335938e-01
   1.4000000e+01   2.1000000e+01   4.9243460e-15   4.6023438e-01   4.6023438e-01
   1.5000000e+01   2.1000000e+01   4.6239858e-15   4.4820313e-01   4.4820313e-01
   1.6000000e+01   2.1000000e+01   4.7741695e-15   4.7859375e-01   4.7859375e-01
   1.7000000e+01   2.1000000e+01   4.9709146e-15   4.9640625e-01   4.9640625e-01
   1.8000000e+01   2.1000000e+01   5.0795522e-15   5.0179688e-01   5.0179688e-01
   1.9000000e+01   2.1000000e+01   4.9974739e-15   5.0078125e-01   5.0078125e-01
   2.0000000e+01   2.1000000e+01   4.9798091e-15   4.8890625e-01   4.8890625e-01
   2.1000000e+01   2.1000000e+01   4.8753669e-15   4.6828125e-01   4.6828125e-01
   2.2000000e+01   2.1000000e+01   4.8922313e-15   4.5726563e-01   4.5726563e-01
   2.3000000e+01   2.1000000e+01   4.6293988e-15   4.4054688e-01   4.4054688e-01
   2.4000000e+01   2.1000000e+01   4.6830083e-15   4.5218750e-01   4.5218750e-01
   2.5000000e+01   2.1000000e+01   4.7727102e-15   4.6359375e-01   4.6359375e-01
   2.6000000e+01   2.1000000e+01   4.9861660e-15   4.8156250e-01   4.8156250e-01
   2.7000000e+01   2.1000000e+01   4.9969115e-15   4.8796875e-01   4.8796875e-01
   2.8000000e+01   2.1000000e+01   5.2091445e-15   4.9945313e-01   4.9945313e-01
   2.9000000e+01   2.1000000e+01   5.2903201e-15   5.0187500e-01   5.0187500e-01
   3.0000000e+01   2.1000000e+01   5.0857968e-15   4.8429688e-01   4.8429688e-01
   3.1000000e+01   2.1000000e+01   4.8337527e-15   4.4703125e-01   4.4703125e-01
   3.2000000e+01   2.1000000e+01   4.8245129e-15   4.5289063e-01   4.5289063e-01
   3.3000000e+01   2.1000000e+01   5.1307044e-15   4.7828125e-01   4.7828125e-01
   3.4000000e+01   2.1000000e+01   5.1682825e-15   4.8429688e-01   4.8429688e-01
   3.5000000e+01   2.1000000e+01   5.0077665e-15   4.7750000e-01   4.7750000e-01
   1.0000000e+00   2.2000000e+01   4.8331304e-15   4.5171875e-01   4.5171875e-01
   2.0000000e+00   2.2000000e+01   5.0479687e-15   4.6921875e-01   4.6921875e-01
   3.0000000e+00   2.2000000e+01   5.1105891e-15   4.6914063e-01   4.6914063e-01
   4.0000000e+00   2.2000000e+01   5.0195522e-15   4.7078125e-01   4.7078125e-01
   5.0000000e+00   2.2000000e+01   4.9598595e-15   4.4554688e-01   4.4554688e-01
   6.0000000e+00   2.2000000e+01   4.4920344e-15   4.1226563e-01   4.1226563e-01
   7.0000000e+00   2.2000000e+01   4.5770085e-15   4.1445313e-01   4.1445313e-01
   8.0000000e+00   2.2000000e+01   4.8080818e-15   4.4304688e-01   4.4304688e-01
   9.0000000e+00   2.2000000e+01   4.9193877e-15   4.4929688e-01   4.4929688e-01
   1.0000000e+01   2.2000000e+01   5.0510468e-15   4.6875000e-01   4.6875000e-01
   1.1000000e+01   2.2000000e+01   5.1263029e-15   4.7453125e-01   4.7453125e-01
   1.2000000e+01   2.2000000e+01   4.9251420e-15   4.7460938e-01   4.7460938e-01
   1.3000000e+01   2.2000000e+01   4.9403166e-15   4.8531250e-01   4.8531250e-01
   1.4000000e+01   2.2000000e+01   4.7349367e-15   4.6343750e-01   4.6343750e-01
   1.5000000e+01   2.2000000e+01   4.5426417e-15   4.5242188e-01   4.5242188e-01
   1.6000000e+01   2.2000000e+01   4.8124577e-15   4.6695313e-01   4.6695313e-01
   1.7000000e+01   2.2000000e+01   4.9026614e-15   4.8109375e-01   4.8109375e-01
   1.8000000e+01   2.2000000e+01   4.9664464e-15   4.8390625e-01   4.8390625e-01
   1.9000000e+01   2.2000000e+01   4.9811698e-15   4.8554688e-01   4.8554688e-01
   2.0000000e+01   2.2000000e+01   5.0057697e-15   4.8031250e-01   4.8031250e-01
   2.1000000e+01   2.2000000e+01   4.8685461e-15   4.7445313e-01   4.7445313e-01
   2.2000000e+01   2.2000000e+01   4.7166854e-15   4.4765625e-01   4.4765625e-01
   2.3000000e+01   2.2000000e+01   4.4948732e-15   4.2867188e-01   4.2867188e-01
   2.4000000e+01   2.2000000e+01   4.4866973e-15   4.2187500e-01   4.2187500e-01
   2.5000000e+01   2.2000000e+01   4.8040687e-15   4.3804688e-01   4.3804688e-01
   2.6000000e+01   2.2000000e+01   4.8400873e-15   4.5304688e-01   4.5304688e-01
   2.7000000e+01   2.2000000e+01   5.0732982e-15   4.6257813e-01   4.6257813e-01
   2.8000000e+01   2.2000000e+01   5.1337346e-15   4.7390625e-01   4.7390625e-01
   2.9000000e+01   2.2000000e+01   5.2068775e-15   4.9101563e-01   4.9101563e-01
   3.0000000e+01   2.2000000e+01   4.9829121e-15   4.7960938e-01   4.7960938e-01
   3.1000000e+01   2.2000000e+01   4.7471012e-15   4.5703125e-01   4.5703125e-01
   3.2000000e+01   2.2000000e+01   4.6812481e-15   4.5625000e-01   4.5625000e-01
   3.3000000e+01   2.2000000e+01   4.7841061e-15   4.7289063e-01   4.7289063e-01
   3.4000000e+01   2.2000000e+01   4.8711511e-15   4.7875000e-01   4.7875000e-01
   3.5000000e+01   2.2000000e+01   4.8265530e-15   4.8070313e-01   4.8070313e-01
   1.0000000e+00   2.3000000e+01   4.6436624e-15   4.6101563e-01   4.6101563e-01
   2.0000000e+00   2.3000000e+01   4.7310885e-15   4.6414063e-01   4.6414063e-01
   3.0000000e+00   2.3000000e+01   4.7215585e-15   4.6968750e-01   4.6968750e-01
   4.0000000e+00   2.3000000e+01   4.8449816e-15   4.4757813e-01   4.4757813e-01
   5.0000000e+00   2.3000000e+01   4.6744968e-15   4.4421875e-01   4.4421875e-01
   6.0000000e+00   2.3000000e+01   4.3359943e-15   4.2218750e-01   4.2218750e-01
   7.0000000e+00   2.3000000e+01   4.3093135e-15   4.1414063e-01   4.1414063e-01
   8.0000000e+00   2.3000000e+01   4.6899845e-15   4.2992188e-01   4.2992188e-01
   9.0000000e+00   2.3000000e+01   4.6408070e-15   4.5281250e-01   4.5281250e-01
   1.0000000e+01   2.3000000e+01   4.7824712e-15   4.6687500e-01   4.6687500e-01
   1.1000000e+01   2.3000000e+01   4.9970198e-15   4.6976563e-01   4.6976563e-01
   1.2000000e+01   2.3000000e+01   4.8714454e-15   4.8265625e-01   4.8265625e-01
   1.3000000e+01   2.3000000e+01   4.8296043e-15   4.7414063e-01   4.7414063e-01
   1.4000000e+01   2.3000000e+01   4.7878652e-15   4.4851563e-01   4.4851563e-01
   1.5000000e+01   2.3000000e+01   4.5515351e-15   4.4164063e-01   4.4164063e-01
   1.6000000e+01   2.3000000e+01   4.5803760e-15   4.5664063e-01   4.5664063e-01
   1.7000000e+01   2.3000000e+01   4.9235213e-15   4.5867188e-01   4.5867188e-01
   1.8000000e+01   2.3000000e+01   4.8529569e-15   4.7343750e-01   4.7343750e-01
   1.9000000e+01   2.3000000e+01   4.7423239e-15   4.7437500e-01   4.7437500e-01
   2.0000000e+01   2.3000000e+01   4.8147455e-15   4.6234375e-01   4.6234375e-01
   2.1000000e+01   2.3000000e+01   4.8420339e-15   4.6679688e-01   4.6679688e-01
   2.2000000e+01   2.3000000e+01   4.6416845e-15   4.4164063e-01   4.4164063e-01
   2.3000000e+01   2.3000000e+01   4.4576638e-15   4.1898438e-01   4.1898438e-01
   2.4000000e+01   2.3000000e+01   4.4160696e-15   4.2109375e-01   4.2109375e-01
   2.5000000e+01   2.3000000e+01   4.6063524e-15   4.2937500e-01   4.2937500e-01
   2.6000000e+01   2.3000000e+01   4.8639490e-15   4.4875000e-01   4.4875000e-01
   2.7000000e+01   2.3000000e+01   4.9557798e-15   4.7046875e-01   4.7046875e-01
   2.8000000e+01   2.3000000e+01   4.8786611e-15   4.7773438e-01   4.7773438e-01
   2.9000000e+01   2.3000000e+01   4.9241947e-15   4.8257813e-01   4.8257813e-01
   3.0000000e+01   2.3000000e+01   4.6313801e-15   4.6679688e-01   4.6679688e-01
   3.1000000e+01   2.3000000e+01   4.4066778e-15   4.4226563e-01   4.4226563e-01
   3.2000000e+01   2.3000000e+01   4.5043472e-15   4.4523438e-01   4.4523438e-01
   3.3000000e+01   2.3000000e+01   4.5774488e-15   4.4414063e-01   4.4414063e-01
   3.4000000e+01   2.3000000e+01   4.7216545e-15   4.5546875e-01   4.5546875e-01
   3.5000000e+01   2.3000000e+01   4.7842929e-15   4.5867188e-01   4.5867188e-01
   1.0000000e+00   2.4000000e+01   4.5243741e-15   4.5414063e-01   4.5414063e-01
   2.0000000e+00   2.4000000e+01   4.5018362e-15   4.5156250e-01   4.5156250e-01
   3.0000000e+00   2.4000000e+01   4.6956689e-15   4.5304688e-01   4.5304688e-01
   4.0000000e+00   2.4000000e+01   4.7098941e-15   4.5117188e-01   4.5117188e-01
   5.0000000e+00   2.4000000e+01   4.6370348e-15   4.4062500e-01   4.4062500e-01
   6.0000000e+00   2.4000000e+01   4.3370683e-15   4.1570313e-01   4.1570313e-01
   7.0000000e+00   2.4000000e+01   4.3612494e-15   4.1195313e-01   4.1195313e-01
   8.0000000e+00   2.4000000e+01   4.5159489e-15   4.3382813e-01   4.3382813e-01
   9.0000000e+00   2.4000000e+01   4.6288394e-15   4.4945313e-01   4.4945313e-01
   1.0000000e+01   2.4000000e+01   4.6381873e-15   4.6046875e-01   4.6046875e-01
   1.1000000e+01   2.4000000e+01   4.7526813e-15   4.6335938e-01   4.6335938e-01
   1.2000000e+01   2.4000000e+01   4.6496908e-15   4.5515625e-01   4.5515625e-01
   1.3000000e+01   2.4000000e+01   4.6109318e-15   4.5695313e-01   4.5695313e-01
   1.4000000e+01   2.4000000e+01   4.4484907e-15   4.3851563e-01   4.3851563e-01
   1.5000000e+01   2.4000000e+01   4.4058101e-15   4.2320313e-01   4.2320313e-01
   1.6000000e+01   2.4000000e+01   4.5320138e-15   4.2914063e-01   4.2914063e-01
   1.7000000e+01   2.4000000e+01   4.7011991e-15   4.4187500e-01   4.4187500e-01
   1.8000000e+01   2.4000000e+01   4.7955768e-15   4.5070313e-01   4.5070313e-01
   1.9000000e+01   2.4000000e+01   4.8552647e-15   4.6031250e-01   4.6031250e-01
   2.0000000e+01   2.4000000e+01   4.9319519e-15   4.6890625e-01   4.6890625e-01
   2.1000000e+01   2.4000000e+01   4.8701001e-15   4.6187500e-01   4.6187500e-01
   2.2000000e+01   2.4000000e+01   4.5929439e-15   4.3718750e-01   4.3718750e-01
   2.3000000e+01   2.4000000e+01   4.4219083e-15   4.1296875e-01   4.1296875e-01
   2.4000000e+01   2.4000000e+01   4.3478747e-15   4.2296875e-01   4.2296875e-01
   2.5000000e+01   2.4000000e+01   4.5568333e-15   4.3835938e-01   4.3835938e-01
   2.6000000e+01   2.4000000e+01   4.6546114e-15   4.5125000e-01   4.5125000e-01
   2.7000000e+01   2.4000000e+01   4.6312833e-15   4.6062500e-01   4.6062500e-01
   2.8000000e+01   2.4000000e+01   4.7159844e-15   4.6625000e-01   4.6625000e-01
   2.9000000e+01   2.4000000e+01   4.8122299e-15   4.6765625e-01   4.6765625e-01
   3.0000000e+01   2.4000000e+01   4.5724184e-15   4.5359375e-01   4.5359375e-01
   3.1000000e+01   2.4000000e+01   4.3364873e-15   4.3242188e-01   4.3242188e-01
   3.2000000e+01   2.4000000e+01   4.5006693e-15   4.3679688e-01   4.3679688e-01
   3.3000000e+01   2.4000000e+01   4.6168598e-15   4.5171875e-01   4.5171875e-01
   3.4000000e+01   2.4000000e+01   4.5843971e-15   4.6328125e-01   4.6328125e-01
   3.5000000e+01   2.4000000e+01   4.7256835e-15   4.5648438e-01   4.5648438e-01
   1.0000000e+00   2.5000000e+01   4.7124286e-15   4.5312500e-01   4.5312500e-01
   2.0000000e+00   2.5000000e+01   4.6260774e-15   4.4804688e-01   4.4804688e-01
   3.0000000e+00   2.5000000e+01   4.6970539e-15   4.5609375e-01   4.5609375e-01
   4.0000000e+00   2.5000000e+01   4.7683416e-15   4.5507813e-01   4.5507813e-01
   5.0000000e+00   2.5000000e+01   4.5836306e-15   4.4203125e-01   4.4203125e-01
   6.0000000e+00   2.5000000e+01   4.3705145e-15   4.1726563e-01   4.1726563e-01
   7.0000000e+00   2.5000000e+01   4.3488562e-15   3.9703125e-01   3.9703125e-01
   8.0000000e+00   2.5000000e+01   4.5493515e-15   4.3375000e-01   4.3375000e-01
   9.0000000e+00   2.5000000e+01   4.5332262e-15   4.4437500e-01   4.4437500e-01
   1.0000000e+01   2.5000000e+01   4.5983993e-15   4.5601563e-01   4.5601563e-01
   1.1000000e+01   2.5000000e+01   4.9069595e-15   4.5710938e-01   4.5710938e-01
   1.2000000e+01   2.5000000e+01   4.6328588e-15   4.6703125e-01   4.6703125e-01
   1.3000000e+01   2.5000000e+01   4.5010667e-15   4.5828125e-01   4.5828125e-01
   1.4000000e+01   2.5000000e+01   4.2945658e-15   4.3515625e-01   4.3515625e-01
   1.5000000e+01   2.5000000e+01   4.3120994e-15   4.2437500e-01   4.2437500e-01
   1.6000000e+01   2.5000000e+01   4.6691327e-15   4.3476563e-01   4.3476563e-01
   1.7000000e+01   2.5000000e+01   4.6763904e-15   4.5601563e-01   4.5601563e-01
   1.8000000e+01   2.5000000e+01   4.7005064e-15   4.5953125e-01   4.5953125e-01
   1.9000000e+01   2.5000000e+01   4.6847114e-15   4.6445313e-01   4.6445313e-01
   2.0000000e+01   2.5000000e+01   4.8243044e-15   4.6960938e-01   4.6960938e-01
   2.1000000e+01   2.5000000e+01   4.7253712e-15   4.6218750e-01   4.6218750e-01
   2.2000000e+01   2.5000000e+01   4.4231583e-15   4.1984375e-01   4.1984375e-01
   2.3000000e+01   2.5000000e+01   4.3843851e-15   4.1148438e-01   4.1148438e-01
   2.4000000e+01   2.5000000e+01   4.3489583e-15   4.2156250e-01   4.2156250e-01
   2.5000000e+01   2.5000000e+01   4.4253672e-15   4.4187500e-01   4.4187500e-01
   2.6000000e+01   2.5000000e+01   4.4536047e-15   4.2757813e-01   4.2757813e-01
   2.7000000e+01   2.5000000e+01   4.8024438e-15   4.6132813e-01   4.6132813e-01
   2.8000000e+01   2.5000000e+01   4.7333217e-15   4.6414063e-01   4.6414063e-01
   2.9000000e+01   2.5000000e+01   4.7115337e-15   4.5765625e-01   4.5765625e-01
   3.0000000e+01   2.5000000e+01   4.4761611e-15   4.4296875e-01   4.4296875e-01
   3.1000000e+01   2.5000000e+01   4.3114964e-15   4.2125000e-01   4.2125000e-01
   3.2000000e+01   2.5000000e+01   4.5178090e-15   4.1781250e-01   4.1781250e-01
   3.3000000e+01   2.5000000e+01   4.5993101e-15   4.4187500e-01   4.4187500e-01
   3.4000000e+01   2.5000000e+01   4.8406747e-15   4.5320313e-01   4.5320313e-01
   3.5000000e+01   2.5000000e+01   4.8127522e-15   4.5164063e-01   4.5164063e-01
   1.0000000e+00   2.6000000e+01   4.7025655e-15   4.5070313e-01   4.5070313e-01
   2.0000000e+00   2.6000000e+01   4.6503431e-15   4.5031250e-01   4.5031250e-01
   3.0000000e+00   2.6000000e+01   4.8051995e-15   4.5960938e-01   4.5960938e-01
   4.0000000e+00   2.6000000e+01   4.8052606e-15   4.6210938e-01   4.6210938e-01
   5.0000000e+00   2.6000000e+01   4.5657269e-15   4.4312500e-01   4.4312500e-01
   6.0000000e+00   2.6000000e+01   4.3619422e-15   4.1421875e-01   4.1421875e-01
   7.0000000e+00   2.6000000e+01   4.2572060e-15   4.1578125e-01   4.1578125e-01
   8.0000000e+00   2.6000000e+01   4.4759466e-15   4.3890625e-01   4.3890625e-01
   9.0000000e+00   2.6000000e+01   4.6511091e-15   4.4851563e-01   4.4851563e-01
   1.0000000e+01   2.6000000e+01   4.6155169e-15   4.5859375e-01   4.5859375e-01
   1.1000000e+01   2.6000000e+01   4.7369181e-15   4.6625000e-01   4.6625000e-01
   1.2000000e+01   2.6000000e+01   4.7892256e-15   4.6273438e-01   4.6273438e-01
   1.3000000e+01   2.6000000e+01   4.7673262e-15   4.5023438e-01   4.5023438e-01
   1.4000000e+01   2.6000000e+01   4.4805989e-15   4.2929688e-01   4.2929688e-01
   1.5000000e+01   2.6000000e+01   4.3905918e-15   4.2546875e-01   4.2546875e-01
   1.6000000e+01   2.6000000e+01   4.5732481e-15   4.4406250e-01   4.4406250e-01
   1.7000000e+01   2.6000000e+01   4.6958517e-15   4.6117188e-01   4.6117188e-01
   1.8000000e+01   2.6000000e+01   4.6477072e-15   4.6664063e-01   4.6664063e-01
   1.9000000e+01   2.6000000e+01   4.7882658e-15   4.6429688e-01   4.6429688e-01
   2.0000000e+01   2.6000000e+01   4.8667592e-15   4.5710938e-01   4.5710938e-01
   2.1000000e+01   2.6000000e+01   4.8001076e-15   4.6195313e-01   4.6195313e-01
   2.2000000e+01   2.6000000e+01   4.4906576e-15   4.3890625e-01   4.3890625e-01
   2.3000000e+01   2.6000000e+01   4.3327997e-15   4.2054688e-01   4.2054688e-01
   2.4000000e+01   2.6000000e+01   4.2896175e-15   4.1789063e-01   4.1789063e-01
   2.5000000e+01   2.6000000e+01   4.6802958e-15   4.4304688e-01   4.4304688e-01
   2.6000000e+01   2.6000000e+01   4.6190109e-15   4.5671875e-01   4.5671875e-01
   2.7000000e+01   2.6000000e+01   4.7137096e-15   4.6304688e-01   4.6304688e-01
   2.8000000e+01   2.6000000e+01   4.7316211e-15   4.6257813e-01   4.6257813e-01
   2.9000000e+01   2.6000000e+01   4.7077612e-15   4.4578125e-01   4.4578125e-01
   3.0000000e+01   2.6000000e+01   4.6951700e-15   4.4015625e-01   4.4015625e-01
   3.1000000e+01   2.6000000e+01   4.4491033e-15   4.2468750e-01   4.2468750e-01
   3.2000000e+01   2.6000000e+01   4.4911189e-15   4.3437500e-01   4.3437500e-01
   3.3000000e+01   2.6000000e+01   4.6673111e-15   4.5187500e-01   4.5187500e-01
   3.4000000e+01   2.6000000e+01   4.6375494e-15   4.4250000e-01   4.4250000e-01
   3.5000000e+01   2.6000000e+01   4.9122979e-15   4.5085938e-01   4.5085938e-01
   1.0000000e+00   2.7000000e+01   4.7296928e-15   4.5023438e-01   4.5023438e-01
   2.0000000e+00   2.7000000e+01   4.7633044e-15   4.5695313e-01   4.5695313e-01
   3.0000000e+00   2.7000000e+01   4.8549301e-15   4.6203125e-01   4.6203125e-01
   4.0000000e+00   2.7000000e+01   4.7325775e-15   4.6578125e-01   4.6578125e-01
   5.0000000e+00   2.7000000e+01   4.6271385e-15   4.4835938e-01   4.4835938e-01
   6.0000000e+00   2.7000000e+01   4.3610799e-15   4.2085938e-01   4.2085938e-01
   7.0000000e+00   2.7000000e+01   4.3622330e-15   4.2179688e-01   4.2179688e-01
   8.0000000e+00   2.7000000e+01   4.6091194e-15   4.4625000e-01   4.4625000e-01
   9.0000000e+00   2.7000000e+01   4.6581413e-15   4.5617188e-01   4.5617188e-01
   1.0000000e+01   2.7000000e+01   4.8583863e-15   4.6421875e-01   4.6421875e-01
   1.1000000e+01   2.7000000e+01   4.9166548e-15   4.7171875e-01   4.7171875e-01
   1.2000000e+01   2.7000000e+01   4.9064921e-15   4.7578125e-01   4.7578125e-01
   1.3000000e+01   2.7000000e+01   4.7644070e-15   4.6468750e-01   4.6468750e-01
   1.4000000e+01   2.7000000e+01   4.4428239e-15   4.3734375e-01   4.3734375e-01
   1.5000000e+01   2.7000000e+01   4.3981418e-15   4.3093750e-01   4.3093750e-01
   1.6000000e+01   2.7000000e+01   4.5517260e-15   4.4484375e-01   4.4484375e-01
   1.7000000e+01   2.7000000e+01   4.7526516e-15   4.3835938e-01   4.3835938e-01
   1.8000000e+01   2.7000000e+01   4.9345155e-15   4.6992188e-01   4.6992188e-01
   1.9000000e+01   2.7000000e+01   4.8674045e-15   4.6570313e-01   4.6570313e-01
   2.0000000e+01   2.7000000e+01   4.8513786e-15   4.6859375e-01   4.6859375e-01
   2.1000000e+01   2.7000000e+01   4.8066083e-15   4.6937500e-01   4.6937500e-01
   2.2000000e+01   2.7000000e+01   4.4771643e-15   4.2656250e-01   4.2656250e-01
   2.3000000e+01   2.7000000e+01   4.5179131e-15   4.1078125e-01   4.1078125e-01
   2.4000000e+01   2.7000000e+01   4.5925079e-15   4.3171875e-01   4.3171875e-01
   2.5000000e+01   2.7000000e+01   4.6688366e-15   4.4789063e-01   4.4789063e-01
   2.6000000e+01   2.7000000e+01   4.7955626e-15   4.6507813e-01   4.6507813e-01
   2.7000000e+01   2.7000000e+01   4.8916977e-15   4.6554688e-01   4.6554688e-01
   2.8000000e+01   2.7000000e+01   4.8333400e-15   4.6500000e-01   4.6500000e-01
   2.9000000e+01   2.7000000e+01   4.7377054e-15   4.7007813e-01   4.7007813e-01
   3.0000000e+01   2.7000000e+01   4.7440206e-15   4.4132813e-01   4.4132813e-01
   3.1000000e+01   2.7000000e+01   4.5557348e-15   4.2968750e-01   4.2968750e-01
   3.2000000e+01   2.7000000e+01   4.5923298e-15   4.3351563e-01   4.3351563e-01
   3.3000000e+01   2.7000000e+01   4.6907139e-15   4.5335938e-01   4.5335938e-01
   3.4000000e+01   2.7000000e+01   4.7162613e-15   4.4937500e-01   4.4937500e-01
   3.5000000e+01   2.7000000e+01   4.7339564e-15   4.6710938e-01   4.6710938e-01
   1.0000000e+00   2.8000000e+01   4.6858523e-15   4.5484375e-01   4.5484375e-01
   2.0000000e+00   2.8000000e+01   4.9082382e-15   4.6234375e-01   4.6234375e-01
   3.0000000e+00   2.8000000e+01   4.8455627e-15   4.6460938e-01   4.6460938e-01
   4.0000000e+00   2.8000000e+01   4.7591048e-15   4.6406250e-01   4.6406250e-01
   5.0000000e+00   2.8000000e+01   4.7418536e-15   4.4343750e-01   4.4343750e-01
   6.0000000e+00   2.8000000e+01   4.3167883e-15   4.2171875e-01   4.2171875e-01
   7.0000000e+00   2.8000000e+01   4.4151227e-15   4.2781250e-01   4.2781250e-01
   8.0000000e+00   2.8000000e+01   4.4762882e-15   4.3382813e-01   4.3382813e-01
   9.0000000e+00   2.8000000e+01   4.9027395e-15   4.5375000e-01   4.5375000e-01
   1.0000000e+01   2.8000000e+01   4.9337307e-15   4.7554688e-01   4.7554688e-01
   1.1000000e+01   2.8000000e+01   4.8554568e-15   4.8007813e-01   4.8007813e-01
   1.2000000e+01   2.8000000e+01   4.8781195e-15   4.8382813e-01   4.8382813e-01
   1.3000000e+01   2.8000000e+01   4.8309950e-15   4.7984375e-01   4.7984375e-01
   1.4000000e+01   2.8000000e+01   4.6217386e-15   4.4554688e-01   4.4554688e-01
   1.5000000e+01   2.8000000e+01   4.5546745e-15   4.3718750e-01   4.3718750e-01
   1.6000000e+01   2.8000000e+01   4.7058221e-15   4.4375000e-01   4.4375000e-01
   1.7000000e+01   2.8000000e+01   4.8674727e-15   4.6507813e-01   4.6507813e-01
   1.8000000e+01   2.8000000e+01   4.8877509e-15   4.7078125e-01   4.7078125e-01
   1.9000000e+01   2.8000000e+01   4.7953070e-15   4.7570313e-01   4.7570313e-01
   2.0000000e+01   2.8000000e+01   4.9336329e-15   4.7328125e-01   4.7328125e-01
   2.1000000e+01   2.8000000e+01   4.8032957e-15   4.6867188e-01   4.6867188e-01
   2.2000000e+01   2.8000000e+01   4.5350758e-15   4.4515625e-01   4.4515625e-01
   2.3000000e+01   2.8000000e+01   4.4289973e-15   4.2757813e-01   4.2757813e-01
   2.4000000e+01   2.8000000e+01   4.4528740e-15   4.3882813e-01   4.3882813e-01
   2.5000000e+01   2.8000000e+01   4.5730549e-15   4.5609375e-01   4.5609375e-01
   2.6000000e+01   2.8000000e+01   4.6462305e-15   4.6992188e-01   4.6992188e-01
   2.7000000e+01   2.8000000e+01   4.6413996e-15   4.7664063e-01   4.7664063e-01
   2.8000000e+01   2.8000000e+01   4.7874849e-15   4.8320313e-01   4.8320313e-01
   2.9000000e+01   2.8000000e+01   4.7708463e-15   4.8476563e-01   4.8476563e-01
   3.0000000e+01   2.8000000e+01   4.6508394e-15   4.6804688e-01   4.6804688e-01
   3.1000000e+01   2.8000000e+01   4.4329043e-15   4.3664063e-01   4.3664063e-01
   3.2000000e+01   2.8000000e+01   4.5650929e-15   4.4632813e-01   4.4632813e-01
   3.3000000e+01   2.8000000e+01   4.6650189e-15   4.4375000e-01   4.4375000e-01
   3.4000000e+01   2.8000000e+01   4.8503878e-15   4.6203125e-01   4.6203125e-01
   3.5000000e+01   2.8000000e+01   4.8010279e-15   4.7414063e-01   4.7414063e-01
   1.0000000e+00   2.9000000e+01   4.7807305e-15   4.6500000e-01   4.6500000e-01
   2.0000000e+00   2.9000000e+01   4.7696346e-15   4.6726563e-01   4.6726563e-01
   3.0000000e+00   2.9000000e+01   4.8370380e-15   4.6992188e-01   4.6992188e-01
   4.0000000e+00   2.9000000e+01   4.8173666e-15   4.6484375e-01   4.6484375e-01
   5.0000000e+00   2.9000000e+01   4.6881086e-15   4.5242188e-01   4.5242188e-01
   6.0000000e+00   2.9000000e+01   4.5691335e-15   4.2914063e-01   4.2914063e-01
   7.0000000e+00   2.9000000e+01   4.3608849e-15   4.3421875e-01   4.3421875e-01
   8.0000000e+00   2.9000000e+01   4.6289873e-15   4.5796875e-01   4.5796875e-01
   9.0000000e+00   2.9000000e+01   4.8081616e-15   4.5796875e-01   4.5796875e-01
   1.0000000e+01   2.9000000e+01   5.1297269e-15   4.9085938e-01   4.9085938e-01
   1.1000000e+01   2.9000000e+01   5.1573731e-15   4.9585938e-01   4.9585938e-01
   1.2000000e+01   2.9000000e+01   5.1106592e-15   5.0250000e-01   5.0250000e-01
   1.3000000e+01   2.9000000e+01   4.9911294e-15   4.9445313e-01   4.9445313e-01
   1.4000000e+01   2.9000000e+01   4.7034020e-15   4.5882813e-01   4.5882813e-01
   1.5000000e+01   2.9000000e+01   4.5745795e-15   4.4906250e-01   4.4906250e-01
   1.6000000e+01   2.9000000e+01   4.6549956e-15   4.6140625e-01   4.6140625e-01
   1.7000000e+01   2.9000000e+01   4.7316299e-15   4.7593750e-01   4.7593750e-01
   1.8000000e+01   2.9000000e+01   4.8290108e-15   4.7195313e-01   4.7195313e-01
   1.9000000e+01   2.9000000e+01   4.9062067e-15   4.6539063e-01   4.6539063e-01
   2.0000000e+01   2.9000000e+01   4.7709781e-15   4.6226563e-01   4.6226563e-01
   2.1000000e+01   2.9000000e+01   4.7567180e-15   4.6117188e-01   4.6117188e-01
   2.2000000e+01   2.9000000e+01   4.6376013e-15   4.3859375e-01   4.3859375e-01
   2.3000000e+01   2.9000000e+01   4.6001570e-15   4.1906250e-01   4.1906250e-01
   2.4000000e+01   2.9000000e+01   4.8879216e-15   4.3914063e-01   4.3914063e-01
   2.5000000e+01   2.9000000e+01   5.0878979e-15   4.5820313e-01   4.5820313e-01
   2.6000000e+01   2.9000000e+01   5.0645808e-15   4.7039063e-01   4.7039063e-01
   2.7000000e+01   2.9000000e+01   5.0547807e-15   4.7226563e-01   4.7226563e-01
   2.8000000e+01   2.9000000e+01   4.9545777e-15   4.8945313e-01   4.8945313e-01
   2.9000000e+01   2.9000000e+01   5.0477270e-15   5.0335938e-01   5.0335938e-01
   3.0000000e+01   2.9000000e+01   4.8143518e-15   4.7445313e-01   4.7445313e-01
   3.1000000e+01   2.9000000e+01   4.6430856e-15   4.4867188e-01   4.4867188e-01
   3.2000000e+01   2.9000000e+01   4.7916679e-15   4.5726563e-01   4.5726563e-01
   3.3000000e+01   2.9000000e+01   4.8769263e-15   4.6570313e-01   4.6570313e-01
   3.4000000e+01   2.9000000e+01   5.0793922e-15   4.6437500e-01   4.6437500e-01
   3.5000000e+01   2.9000000e+01   4.9661006e-15   4.6265625e-01   4.6265625e-01
   1.0000000e+00   3.0000000e+01   4.8756807e-15   4.5835938e-01   4.5835938e-01
   2.0000000e+00   3.0000000e+01   4.7427936e-15   4.6109375e-01   4.6109375e-01
   3.0000000e+00   3.0000000e+01   4.7808036e-15   4.5656250e-01   4.5656250e-01
   4.0000000e+00   3.0000000e+01   4.8880429e-15   4.5390625e-01   4.5390625e-01
   5.0000000e+00   3.0000000e+01   4.8071079e-15   4.4234375e-01   4.4234375e-01
   6.0000000e+00   3.0000000e+01   4.6042853e-15   4.1718750e-01   4.1718750e-01
   7.0000000e+00   3.0000000e+01   4.4628369e-15   4.2539063e-01   4.2539063e-01
   8.0000000e+00   3.0000000e+01   4.7629159e-15   4.5796875e-01   4.5796875e-01
   9.0000000e+00   3.0000000e+01   4.8034873e-15   4.7859375e-01   4.7859375e-01
   1.0000000e+01   3.0000000e+01   4.9788381e-15   4.9695313e-01   4.9695313e-01
   1.1000000e+01   3.0000000e+01   5.2157088e-15   5.0867188e-01   5.0867188e-01
   1.2000000e+01   3.0000000e+01   5.0447563e-15   5.1093750e-01   5.1093750e-01
   1.3000000e+01   3.0000000e+01   5.0871138e-15   5.0453125e-01   5.0453125e-01
   1.4000000e+01   3.0000000e+01   4.7232032e-15   4.5281250e-01   4.5281250e-01
   1.5000000e+01   3.0000000e+01   4.8109834e-15   4.4289063e-01   4.4289063e-01
   1.6000000e+01   3.0000000e+01   4.9855811e-15   4.7164063e-01   4.7164063e-01
   1.7000000e+01   3.0000000e+01   4.8888585e-15   4.7789063e-01   4.7789063e-01
   1.8000000e+01   3.0000000e+01   4.9494756e-15   4.8546875e-01   4.8546875e-01
   1.9000000e+01   3.0000000e+01   4.8950251e-15   4.8101563e-01   4.8101563e-01
   2.0000000e+01   3.0000000e+01   4.8971473e-15   4.7875000e-01   4.7875000e-01
   2.1000000e+01   3.0000000e+01   4.9001010e-15   4.7921875e-01   4.7921875e-01
   2.2000000e+01   3.0000000e+01   4.6917097e-15   4.5234375e-01   4.5234375e-01
   2.3000000e+01   3.0000000e+01   4.5001001e-15   4.2960938e-01   4.2960938e-01
   2.4000000e+01   3.0000000e+01   4.7048137e-15   4.3851563e-01   4.3851563e-01
   2.5000000e+01   3.0000000e+01   4.9919316e-15   4.7632813e-01   4.7632813e-01
   2.6000000e+01   3.0000000e+01   5.0331950e-15   4.8664063e-01   4.8664063e-01
   2.7000000e+01   3.0000000e+01   5.0665925e-15   4.9796875e-01   4.9796875e-01
   2.8000000e+01   3.0000000e+01   5.1768558e-15   5.1031250e-01   5.1031250e-01
   2.9000000e+01   3.0000000e+01   5.1398078e-15   5.1281250e-01   5.1281250e-01
   3.0000000e+01   3.0000000e+01   4.8892771e-15   4.8679688e-01   4.8679688e-01
   3.1000000e+01   3.0000000e+01   4.6633190e-15   4.5593750e-01   4.5593750e-01
   3.2000000e+01   3.0000000e+01   4.6296940e-15   4.6500000e-01   4.6500000e-01
   3.3000000e+01   3.0000000e+01   4.7747168e-15   4.7726563e-01   4.7726563e-01
   3.4000000e+01   3.0000000e+01   5.0294459e-15   4.8054688e-01   4.8054688e-01
   3.5000000e+01   3.0000000e+01   4.9292403e-15   4.8492188e-01   4.8492188e-01
   1.0000000e+00   3.1000000e+01   4.7025778e-15   4.6703125e-01   4.6703125e-01
   2.0000000e+00   3.1000000e+01   4.9377393e-15   4.7828125e-01   4.7828125e-01
   3.0000000e+00   3.1000000e+01   4.6961950e-15   4.7398438e-01   4.7398438e-01
   4.0000000e+00   3.1000000e+01   4.6976656e-15   4.7109375e-01   4.7109375e-01
   5.0000000e+00   3.1000000e+01   4.8107979e-15   4.4734375e-01   4.4734375e-01
   6.0000000e+00   3.1000000e+01   4.5438393e-15   4.3578125e-01   4.3578125e-01
   7.0000000e+00   3.1000000e+01   4.5720918e-15   4.4617188e-01   4.4617188e-01
   8.0000000e+00   3.1000000e+01   4.6952673e-15   4.6632813e-01   4.6632813e-01
   9.0000000e+00   3.1000000e+01   4.8035951e-15   4.8250000e-01   4.8250000e-01
   1.0000000e+01   3.1000000e+01   4.9405892e-15   5.0250000e-01   5.0250000e-01
   1.1000000e+01   3.1000000e+01   5.0056948e-15   5.0296875e-01   5.0296875e-01
   1.2000000e+01   3.1000000e+01   5.2196182e-15   5.1906250e-01   5.1906250e-01
   1.3000000e+01   3.1000000e+01   4.9358585e-15   5.0960938e-01   5.0960938e-01
   1.4000000e+01   3.1000000e+01   4.6035084e-15   4.6546875e-01   4.6546875e-01
   1.5000000e+01   3.1000000e+01   4.5842408e-15   4.5406250e-01   4.5406250e-01
   1.6000000e+01   3.1000000e+01   4.7816343e-15   4.7531250e-01   4.7531250e-01
   1.7000000e+01   3.1000000e+01   4.7808293e-15   4.8906250e-01   4.8906250e-01
   1.8000000e+01   3.1000000e+01   4.7169362e-15   4.9015625e-01   4.9015625e-01
   1.9000000e+01   3.1000000e+01   4.8421646e-15   4.7179688e-01   4.7179688e-01
   2.0000000e+01   3.1000000e+01   4.9191307e-15   4.7710938e-01   4.7710938e-01
   2.1000000e+01   3.1000000e+01   4.7992297e-15   4.8125000e-01   4.8125000e-01
   2.2000000e+01   3.1000000e+01   4.5823939e-15   4.5804688e-01   4.5804688e-01
   2.3000000e+01   3.1000000e+01   4.7420076e-15   4.4679688e-01   4.4679688e-01
   2.4000000e+01   3.1000000e+01   4.8668100e-15   4.6820313e-01   4.6820313e-01
   2.5000000e+01   3.1000000e+01   4.8778538e-15   4.8226563e-01   4.8226563e-01
   2.6000000e+01   3.1000000e+01   5.1428017e-15   4.8007813e-01   4.8007813e-01
   2.7000000e+01   3.1000000e+01   5.0058389e-15   5.0257813e-01   5.0257813e-01
   2.8000000e+01   3.1000000e+01   5.2055107e-15   5.1578125e-01   5.1578125e-01
   2.9000000e+01   3.1000000e+01   5.1977892e-15   5.2273438e-01   5.2273438e-01
   3.0000000e+01   3.1000000e+01   4.8650401e-15   4.7289063e-01   4.7289063e-01
   3.1000000e+01   3.1000000e+01   4.8147525e-15   4.5117188e-01   4.5117188e-01
   3.2000000e+01   3.1000000e+01   4.7849734e-15   4.5812500e-01   4.5812500e-01
   3.3000000e+01   3.1000000e+01   4.8955236e-15   4.8171875e-01   4.8171875e-01
   3.4000000e+01   3.1000000e+01   4.9858135e-15   4.8617188e-01   4.8617188e-01
   3.5000000e+01   3.1000000e+01   4.9472350e-15   4.8609375e-01   4.8609375e-01
   1.0000000e+00   3.2000000e+01   4.8341547e-15   4.8406250e-01   4.8406250e-01
   2.0000000e+00   3.2000000e+01   4.9538591e-15   4.8375000e-01   4.8375000e-01
   3.0000000e+00   3.2000000e+01   4.8662051e-15   4.7445313e-01   4.7445313e-01
   4.0000000e+00   3.2000000e+01   4.8147547e-15   4.7296875e-01   4.7296875e-01
   5.0000000e+00   3.2000000e+01   4.6185233e-15   4.5640625e-01   4.5640625e-01
   6.0000000e+00   3.2000000e+01   4.3773814e-15   4.3757813e-01   4.3757813e-01
   7.0000000e+00   3.2000000e+01   4.5491861e-15   4.4921875e-01   4.4921875e-01
   8.0000000e+00   3.2000000e+01   4.6560512e-15   4.6296875e-01   4.6296875e-01
   9.0000000e+00   3.2000000e+01   4.8990899e-15   4.6679688e-01   4.6679688e-01
   1.0000000e+01   3.2000000e+01   5.0664266e-15   4.8554688e-01   4.8554688e-01
   1.1000000e+01   3.2000000e+01   5.1906769e-15   5.0226563e-01   5.0226563e-01
   1.2000000e+01   3.2000000e+01   5.2935064e-15   5.1523438e-01   5.1523438e-01
   1.3000000e+01   3.2000000e+01   5.1209230e-15   5.0804688e-01   5.0804688e-01
   1.4000000e+01   3.2000000e+01   4.7168324e-15   4.6664063e-01   4.6664063e-01
   1.5000000e+01   3.2000000e+01   4.5422969e-15   4.5921875e-01   4.5921875e-01
   1.6000000e+01   3.2000000e+01   4.6869516e-15   4.6390625e-01   4.6390625e-01
   1.7000000e+01   3.2000000e+01   4.8823374e-15   4.8890625e-01   4.8890625e-01
   1.8000000e+01   3.2000000e+01   4.9139830e-15   4.9835938e-01   4.9835938e-01
   1.9000000e+01   3.2000000e+01   4.8040432e-15   4.8898438e-01   4.8898438e-01
   2.0000000e+01   3.2000000e+01   4.8812750e-15   4.7679688e-01   4.7679688e-01
   2.1000000e+01   3.2000000e+01   4.7677345e-15   4.7734375e-01   4.7734375e-01
   2.2000000e+01   3.2000000e+01   4.5090813e-15   4.6093750e-01   4.6093750e-01
   2.3000000e+01   3.2000000e+01   4.5157839e-15   4.4148438e-01   4.4148438e-01
   2.4000000e+01   3.2000000e+01   4.7724225e-15   4.6601563e-01   4.6601563e-01
   2.5000000e+01   3.2000000e+01   4.7750711e-15   4.8343750e-01   4.8343750e-01
   2.6000000e+01   3.2000000e+01   4.8594238e-15   4.7531250e-01   4.7531250e-01
   2.7000000e+01   3.2000000e+01   4.9769076e-15   5.0546875e-01   5.0546875e-01
   2.8000000e+01   3.2000000e+01   5.0071741e-15   5.1695313e-01   5.1695313e-01
   2.9000000e+01   3.2000000e+01   4.9810634e-15   5.0570313e-01   5.0570313e-01
   3.0000000e+01   3.2000000e+01   4.7945251e-15   4.9335938e-01   4.9335938e-01
   3.1000000e+01   3.2000000e+01   4.5647909e-15   4.5640625e-01   4.5640625e-01
   3.2000000e+01   3.2000000e+01   4.6372501e-15   4.6031250e-01   4.6031250e-01
   3.3000000e+01   3.2000000e+01   4.8557759e-15   4.7257813e-01   4.7257813e-01
   3.4000000e+01   3.2000000e+01   4.8724419e-15   4.8984375e-01   4.8984375e-01
   3.5000000e+01   3.2000000e+01   4.9123703e-15   4.9250000e-01   4.9250000e-01
   1.0000000e+00   3.3000000e+01   4.8979216e-15   4.8484375e-01   4.8484375e-01
   2.0000000e+00   3.3000000e+01   4.7581772e-15   4.8640625e-01   4.8640625e-01
   3.0000000e+00   3.3000000e+01   4.7183385e-15   4.8078125e-01   4.8078125e-01
   4.0000000e+00   3.3000000e+01   4.6398177e-15   4.5679688e-01   4.5679688e-01
   5.0000000e+00   3.3000000e+01   4.6201401e-15   4.3828125e-01   4.3828125e-01
   6.0000000e+00   3.3000000e+01   4.5515084e-15   4.2992188e-01   4.2992188e-01
   7.0000000e+00   3.3000000e+01   4.6049151e-15   4.5070313e-01   4.5070313e-01
   8.0000000e+00   3.3000000e+01   4.8936720e-15   4.6929688e-01   4.6929688e-01
   9.0000000e+00   3.3000000e+01   4.8584967e-15   4.6875000e-01   4.6875000e-01
   1.0000000e+01   3.3000000e+01   4.9310771e-15   5.0101563e-01   5.0101563e-01
   1.1000000e+01   3.3000000e+01   5.1004914e-15   5.2000000e-01   5.2000000e-01
   1.2000000e+01   3.3000000e+01   5.1175321e-15   5.2882813e-01   5.2882813e-01
   1.3000000e+01   3.3000000e+01   5.0957743e-15   5.2031250e-01   5.2031250e-01
   1.4000000e+01   3.3000000e+01   4.6659565e-15   4.6828125e-01   4.6828125e-01
   1.5000000e+01   3.3000000e+01   4.6698988e-15   4.5523438e-01   4.5523438e-01
   1.6000000e+01   3.3000000e+01   4.8365352e-15   4.7593750e-01   4.7593750e-01
   1.7000000e+01   3.3000000e+01   4.9032029e-15   4.9351563e-01   4.9351563e-01
   1.8000000e+01   3.3000000e+01   4.9235609e-15   4.9429688e-01   4.9429688e-01
   1.9000000e+01   3.3000000e+01   4.8983939e-15   4.8726563e-01   4.8726563e-01
   2.0000000e+01   3.3000000e+01   4.8943091e-15   4.8328125e-01   4.8328125e-01
   2.1000000e+01   3.3000000e+01   4.9535079e-15   4.8320313e-01   4.8320313e-01
   2.2000000e+01   3.3000000e+01   4.7042012e-15   4.6304688e-01   4.6304688e-01
   2.3000000e+01   3.3000000e+01   4.5200203e-15   4.5351563e-01   4.5351563e-01
   2.4000000e+01   3.3000000e+01   4.5968519e-15   4.6945313e-01   4.6945313e-01
   2.5000000e+01   3.3000000e+01   4.7142300e-15   4.8734375e-01   4.8734375e-01
   2.6000000e+01   3.3000000e+01   4.7644869e-15   4.8078125e-01   4.8078125e-01
   2.7000000e+01   3.3000000e+01   5.1044914e-15   4.9078125e-01   4.9078125e-01
   2.8000000e+01   3.3000000e+01   5.1925961e-15   5.1421875e-01   5.1421875e-01
   2.9000000e+01   3.3000000e+01   5.2574127e-15   5.2625000e-01   5.2625000e-01
   3.0000000e+01   3.3000000e+01   4.8171502e-15   5.0132813e-01   5.0132813e-01
   3.1000000e+01   3.3000000e+01   4.5317009e-15   4.5820313e-01   4.5820313e-01
   3.2000000e+01   3.3000000e+01   4.6419141e-15   4.6226563e-01   4.6226563e-01
   3.3000000e+01   3.3000000e+01   4.7334378e-15   4.8710938e-01   4.8710938e-01
   3.4000000e+01   3.3000000e+01   4.8200276e-15   4.7867188e-01   4.7867188e-01
   3.5000000e+01   3.3000000e+01   5.0698011e-15   4.8617188e-01   4.8617188e-01
   1.0000000e+00   3.4000000e+01   5.0140314e-15   4.9164063e-01   4.9164063e-01
   2.0000000e+00   3.4000000e+01   4.8793201e-15   4.8968750e-01   4.8968750e-01
   3.0000000e+00   3.4000000e+01   4.9410165e-15   4.8531250e-01   4.8531250e-01
   4.0000000e+00   3.4000000e+01   4.7701333e-15   4.7429688e-01   4.7429688e-01
   5.0000000e+00   3.4000000e+01   4.6084478e-15   4.5585938e-01   4.5585938e-01
   6.0000000e+00   3.4000000e+01   4.4072715e-15   4.3992188e-01   4.3992188e-01
   7.0000000e+00   3.4000000e+01   4.6471568e-15   4.3703125e-01   4.3703125e-01
   8.0000000e+00   3.4000000e+01   4.7695513e-15   4.7281250e-01   4.7281250e-01
   9.0000000e+00   3.4000000e+01   4.8773304e-15   4.8718750e-01   4.8718750e-01
   1.0000000e+01   3.4000000e+01   5.0258748e-15   5.0726563e-01   5.0726563e-01
   1.1000000e+01   3.4000000e+01   5.1524118e-15   5.2875000e-01   5.2875000e-01
   1.2000000e+01   3.4000000e+01   5.2729935e-15   5.4242188e-01   5.4242188e-01
   1.3000000e+01   3.4000000e+01   5.0822062e-15   5.1671875e-01   5.1671875e-01
   1.4000000e+01   3.4000000e+01   4.8976087e-15   4.6312500e-01   4.6312500e-01
   1.5000000e+01   3.4000000e+01   4.9060202e-15   4.5742188e-01   4.5742188e-01
   1.6000000e+01   3.4000000e+01   4.9000505e-15   4.8460938e-01   4.8460938e-01
   1.7000000e+01   3.4000000e+01   5.1379851e-15   5.0132813e-01   5.0132813e-01
   1.8000000e+01   3.4000000e+01   5.1242712e-15   4.9828125e-01   4.9828125e-01
   1.9000000e+01   3.4000000e+01   4.9009031e-15   4.7656250e-01   4.7656250e-01
   2.0000000e+01   3.4000000e+01   4.7269204e-15   4.7546875e-01   4.7546875e-01
   2.1000000e+01   3.4000000e+01   4.7143498e-15   4.7617188e-01   4.7617188e-01
   2.2000000e+01   3.4000000e+01   4.6070941e-15   4.6406250e-01   4.6406250e-01
   2.3000000e+01   3.4000000e+01   4.6134734e-15   4.5179688e-01   4.5179688e-01
   2.4000000e+01   3.4000000e+01   4.9823895e-15   4.5523438e-01   4.5523438e-01
   2.5000000e+01   3.4000000e+01   4.8787304e-15   4.7679688e-01   4.7679688e-01
   2.6000000e+01   3.4000000e+01   4.9884364e-15   4.9671875e-01   4.9671875e-01
   2.7000000e+01   3.4000000e+01   5.0181657e-15   5.1218750e-01   5.1218750e-01
   2.8000000e+01   3.4000000e+01   5.2328977e-15   5.3679688e-01   5.3679688e-01
   2.9000000e+01   3.4000000e+01   5.2741970e-15   5.1429688e-01   5.1429688e-01
   3.0000000e+01   3.4000000e+01   5.0644780e-15   4.8265625e-01   4.8265625e-01
   3.1000000e+01   3.4000000e+01   4.8261122e-15   4.6031250e-01   4.6031250e-01
   3.2000000e+01   3.4000000e+01   4.7860032e-15   4.7085938e-01   4.7085938e-01
   3.3000000e+01   3.4000000e+01   4.9731978e-15   4.9171875e-01   4.9171875e-01
   3.4000000e+01   3.4000000e+01   4.9935274e-15   5.0296875e-01   5.0296875e-01
   3.5000000e+01   3.4000000e+01   5.0205222e-15   4.9867188e-01   4.9867188e-01
   1.0000000e+00   3.5000000e+01   4.9961527e-15   5.0062500e-01   5.0062500e-01
   2.0000000e+00   3.5000000e+01   4.9405639e-15   4.9585938e-01   4.9585938e-01
   3.0000000e+00   3.5000000e+01   4.8549106e-15   4.8718750e-01   4.8718750e-01
   4.0000000e+00   3.5000000e+01   4.7298484e-15   4.8000000e-01   4.8000000e-01
   5.0000000e+00   3.5000000e+01   4.6212182e-15   4.5429688e-01   4.5429688e-01
   6.0000000e+00   3.5000000e+01   4.4863681e-15   4.2546875e-01   4.2546875e-01
   7.0000000e+00   3.5000000e+01   4.7864003e-15   4.5257813e-01   4.5257813e-01
   8.0000000e+00   3.5000000e+01   4.8948214e-15   4.7679688e-01   4.7679688e-01
   9.0000000e+00   3.5000000e+01   5.0380341e-15   4.9281250e-01   4.9281250e-01
   1.0000000e+01   3.5000000e+01   5.1168182e-15   5.1007813e-01   5.1007813e-01
   1.1000000e+01   3.5000000e+01   5.1895623e-15   5.3539063e-01   5.3539063e-01
   1.2000000e+01   3.5000000e+01   5.3400859e-15   5.4851563e-01   5.4851563e-01
   1.3000000e+01   3.5000000e+01   5.3155996e-15   5.1242188e-01   5.1242188e-01
   1.4000000e+01   3.5000000e+01   4.8829683e-15   4.9039063e-01   4.9039063e-01
   1.5000000e+01   3.5000000e+01   4.8157382e-15   4.7531250e-01   4.7531250e-01
   1.6000000e+01   3.5000000e+01   4.8745624e-15   4.9671875e-01   4.9671875e-01
   1.7000000e+01   3.5000000e+01   5.0331973e-15   4.9835938e-01   4.9835938e-01
   1.8000000e+01   3.5000000e+01   5.2090473e-15   5.0312500e-01   5.0312500e-01
   1.9000000e+01   3.5000000e+01   4.9085981e-15   4.9789063e-01   4.9789063e-01
   2.0000000e+01   3.5000000e+01   4.8027130e-15   4.8960938e-01   4.8960938e-01
   2.1000000e+01   3.5000000e+01   4.7059069e-15   4.8171875e-01   4.8171875e-01
   2.2000000e+01   3.5000000e+01   4.6152982e-15   4.5695313e-01   4.5695313e-01
   2.3000000e+01   3.5000000e+01   4.7669608e-15   4.4406250e-01   4.4406250e-01
   2.4000000e+01   3.5000000e+01   4.7569396e-15   4.6976563e-01   4.6976563e-01
   2.5000000e+01   3.5000000e+01   4.8264510e-15   4.8914063e-01   4.8914063e-01
   2.6000000e+01   3.5000000e+01   4.8566789e-15   4.9820313e-01   4.9820313e-01
   2.7000000e+01   3.5000000e+01   4.9958773e-15   5.2375000e-01   5.2375000e-01
   2.8000000e+01   3.5000000e+01   5.2074352e-15   5.2617188e-01   5.2617188e-01
   2.9000000e+01   3.5000000e+01   5.2023210e-15   5.4468750e-01   5.4468750e-01
   3.0000000e+01   3.5000000e+01   4.9296755e-15   5.2125000e-01   5.2125000e-01
   3.1000000e+01   3.5000000e+01   4.6363283e-15   4.8289063e-01   4.8289063e-01
   3.2000000e+01   3.5000000e+01   4.7735486e-15   4.6203125e-01   4.6203125e-01
   3.3000000e+01   3.5000000e+01   4.9202479e-15   5.0281250e-01   5.0281250e-01
   3.4000000e+01   3.5000000e+01   4.9548221e-15   5.0820313e-01   5.0820313e-01
   3.5000000e+01   3.5000000e+01   4.8133136e-15   5.0898438e-01   5.0898438e-01
