   1.0000000e+00   1.0000000e+00   2.0829863e-15   3.5868750e-01   3.5868750e-01
   2.0000000e+00   1.0000000e+00   2.1816098e-15   3.6942187e-01   3.6942187e-01
   3.0000000e+00   1.0000000e+00   2.3457417e-15   3.9657813e-01   3.9657813e-01
   4.0000000e+00   1.0000000e+00   2.2667381e-15   3.7890625e-01   3.7890625e-01
   5.0000000e+00   1.0000000e+00   1.6474560e-15   2.9934375e-01   2.9934375e-01
   6.0000000e+00   1.0000000e+00   1.0072803e-15   1.5678125e-01   1.5678125e-01
   7.0000000e+00   1.0000000e+00   6.4033227e-16   7.0609375e-02   7.0609375e-02
   8.0000000e+00   1.0000000e+00   6.9638451e-16   6.8062500e-02   6.8062500e-02
   9.0000000e+00   1.0000000e+00   9.0587637e-16   1.2612500e-01   1.2612500e-01
   1.0000000e+01   1.0000000e+00   1.3850359e-15   2.4925000e-01   2.4925000e-01
   1.1000000e+01   1.0000000e+00   1.9343747e-15   3.4975000e-01   3.4975000e-01
   1.2000000e+01   1.0000000e+00   2.0696491e-15   3.7603125e-01   3.7603125e-01
   1.3000000e+01   1.0000000e+00   2.0589654e-15   3.9325000e-01   3.9325000e-01
   1.4000000e+01   1.0000000e+00   2.0787377e-15   3.8746875e-01   3.8746875e-01
   1.5000000e+01   1.0000000e+00   1.9634427e-15   3.7428125e-01   3.7428125e-01
   1.6000000e+01   1.0000000e+00   1.9100815e-15   3.5467187e-01   3.5467187e-01
   1.7000000e+01   1.0000000e+00   1.7570746e-15   3.3539063e-01   3.3539063e-01
   1.8000000e+01   1.0000000e+00   2.0154907e-15   3.6520312e-01   3.6520312e-01
   1.9000000e+01   1.0000000e+00   2.1544862e-15   3.9203125e-01   3.9203125e-01
   2.0000000e+01   1.0000000e+00   2.2825707e-15   4.0940625e-01   4.0940625e-01
   2.1000000e+01   1.0000000e+00   2.0207671e-15   3.6746875e-01   3.6746875e-01
   2.2000000e+01   1.0000000e+00   1.4506339e-15   2.5484375e-01   2.5484375e-01
   2.3000000e+01   1.0000000e+00   9.0460850e-16   1.3970312e-01   1.3970312e-01
   2.4000000e+01   1.0000000e+00   6.9828033e-16   7.1515625e-02   7.1515625e-02
   2.5000000e+01   1.0000000e+00   7.7502594e-16   1.0554687e-01   1.0554687e-01
   2.6000000e+01   1.0000000e+00   1.1615425e-15   1.9448437e-01   1.9448437e-01
   2.7000000e+01   1.0000000e+00   1.7450580e-15   3.0406250e-01   3.0406250e-01
   2.8000000e+01   1.0000000e+00   2.0420230e-15   3.8298437e-01   3.8298437e-01
   2.9000000e+01   1.0000000e+00   2.2147909e-15   4.1457812e-01   4.1457812e-01
   3.0000000e+01   1.0000000e+00   2.3675501e-15   4.5040625e-01   4.5040625e-01
   3.1000000e+01   1.0000000e+00   2.4470984e-15   4.5610937e-01   4.5610937e-01
   3.2000000e+01   1.0000000e+00   2.2381901e-15   4.1871875e-01   4.1871875e-01
   3.3000000e+01   1.0000000e+00   2.1299446e-15   3.9151562e-01   3.9151562e-01
   3.4000000e+01   1.0000000e+00   2.2925357e-15   4.4873437e-01   4.4873437e-01
   3.5000000e+01   1.0000000e+00   2.5205411e-15   4.7540625e-01   4.7540625e-01
   3.6000000e+01   1.0000000e+00   2.3888927e-15   4.5762500e-01   4.5762500e-01
   3.7000000e+01   1.0000000e+00   2.3118684e-15   4.1859375e-01   4.1859375e-01
   3.8000000e+01   1.0000000e+00   1.9721100e-15   3.4518750e-01   3.4518750e-01
   3.9000000e+01   1.0000000e+00   1.2449188e-15   2.0607812e-01   2.0607812e-01
   4.0000000e+01   1.0000000e+00   7.6056075e-16   8.8000000e-02   8.8000000e-02
   4.1000000e+01   1.0000000e+00   8.2247058e-16   7.6531250e-02   7.6531250e-02
   4.2000000e+01   1.0000000e+00   1.2879526e-15   1.8167187e-01   1.8167187e-01
   4.3000000e+01   1.0000000e+00   1.9981792e-15   3.2014062e-01   3.2014062e-01
   4.4000000e+01   1.0000000e+00   2.1933874e-15   3.9539063e-01   3.9539063e-01
   4.5000000e+01   1.0000000e+00   2.2475441e-15   4.2598437e-01   4.2598437e-01
   4.6000000e+01   1.0000000e+00   2.3986821e-15   4.6162500e-01   4.6162500e-01
   4.7000000e+01   1.0000000e+00   2.6721493e-15   5.1006250e-01   5.1006250e-01
   1.0000000e+00   2.0000000e+00   2.2083221e-15   4.0515625e-01   4.0515625e-01
   2.0000000e+00   2.0000000e+00   2.1484720e-15   4.2810937e-01   4.2810937e-01
   3.0000000e+00   2.0000000e+00   2.2425918e-15   4.2537500e-01   4.2537500e-01
   4.0000000e+00   2.0000000e+00   2.3114393e-15   4.3893750e-01   4.3893750e-01
   5.0000000e+00   2.0000000e+00   2.1496794e-15   4.0878125e-01   4.0878125e-01
   6.0000000e+00   2.0000000e+00   1.6360553e-15   2.7651562e-01   2.7651562e-01
   7.0000000e+00   2.0000000e+00   8.1908207e-16   1.3034375e-01   1.3034375e-01
   8.0000000e+00   2.0000000e+00   7.5518928e-16   9.2984375e-02   9.2984375e-02
   9.0000000e+00   2.0000000e+00   1.1226265e-15   1.8382812e-01   1.8382812e-01
   1.0000000e+01   2.0000000e+00   1.7203797e-15   3.2143750e-01   3.2143750e-01
   1.1000000e+01   2.0000000e+00   1.9712956e-15   3.8117187e-01   3.8117187e-01
   1.2000000e+01   2.0000000e+00   2.2280029e-15   3.8745312e-01   3.8745312e-01
   1.3000000e+01   2.0000000e+00   2.5021235e-15   4.1928125e-01   4.1928125e-01
   1.4000000e+01   2.0000000e+00   2.5578743e-15   4.3693750e-01   4.3693750e-01
   1.5000000e+01   2.0000000e+00   2.5339671e-15   4.3568750e-01   4.3568750e-01
   1.6000000e+01   2.0000000e+00   2.1896954e-15   3.7289062e-01   3.7289062e-01
   1.7000000e+01   2.0000000e+00   2.1249129e-15   3.5337500e-01   3.5337500e-01
   1.8000000e+01   2.0000000e+00   2.3618092e-15   4.0559375e-01   4.0559375e-01
   1.9000000e+01   2.0000000e+00   2.4719929e-15   4.2784375e-01   4.2784375e-01
   2.0000000e+01   2.0000000e+00   2.4541607e-15   4.1048437e-01   4.1048437e-01
   2.1000000e+01   2.0000000e+00   2.4402839e-15   4.1120313e-01   4.1120313e-01
   2.2000000e+01   2.0000000e+00   2.1502745e-15   3.6787500e-01   3.6787500e-01
   2.3000000e+01   2.0000000e+00   1.5873839e-15   2.4273437e-01   2.4273437e-01
   2.4000000e+01   2.0000000e+00   9.2934855e-16   9.6781250e-02   9.6781250e-02
   2.5000000e+01   2.0000000e+00   1.0247360e-15   1.2618750e-01   1.2618750e-01
   2.6000000e+01   2.0000000e+00   1.5852649e-15   2.5082812e-01   2.5082812e-01
   2.7000000e+01   2.0000000e+00   2.0752350e-15   3.3500000e-01   3.3500000e-01
   2.8000000e+01   2.0000000e+00   2.2073463e-15   3.7214063e-01   3.7214063e-01
   2.9000000e+01   2.0000000e+00   2.3552402e-15   3.9429687e-01   3.9429687e-01
   3.0000000e+01   2.0000000e+00   1.8405570e-15   4.3873438e-01   4.3873438e-01
   3.1000000e+01   2.0000000e+00   2.6949933e-15   4.8704687e-01   4.8704687e-01
   3.2000000e+01   2.0000000e+00   2.0538956e-15   4.6265625e-01   4.6265625e-01
   3.3000000e+01   2.0000000e+00   1.8805949e-15   3.9559375e-01   3.9559375e-01
   3.4000000e+01   2.0000000e+00   2.3134356e-15   4.2957812e-01   4.2957812e-01
   3.5000000e+01   2.0000000e+00   2.1103055e-15   4.8279688e-01   4.8279688e-01
   3.6000000e+01   2.0000000e+00   2.4905741e-15   4.7115625e-01   4.7115625e-01
   3.7000000e+01   2.0000000e+00   1.9383834e-15   4.1181250e-01   4.1181250e-01
   3.8000000e+01   2.0000000e+00   2.1113616e-15   3.9287500e-01   3.9287500e-01
   3.9000000e+01   2.0000000e+00   1.6858831e-15   3.1162500e-01   3.1162500e-01
   4.0000000e+01   2.0000000e+00   1.0465186e-15   1.6187500e-01   1.6187500e-01
   4.1000000e+01   2.0000000e+00   8.1160838e-16   1.0917187e-01   1.0917187e-01
   4.2000000e+01   2.0000000e+00   1.2159604e-15   2.3421875e-01   2.3421875e-01
   4.3000000e+01   2.0000000e+00   1.5710146e-15   3.0435937e-01   3.0435937e-01
   4.4000000e+01   2.0000000e+00   1.9224206e-15   3.8570312e-01   3.8570312e-01
   4.5000000e+01   2.0000000e+00   2.1511562e-15   3.9676562e-01   3.9676562e-01
   4.6000000e+01   2.0000000e+00   2.3038959e-15   4.5078125e-01   4.5078125e-01
   4.7000000e+01   2.0000000e+00   2.6886708e-15   5.3598437e-01   5.3598437e-01
   1.0000000e+00   3.0000000e+00   2.2420507e-15   4.3476562e-01   4.3476562e-01
   2.0000000e+00   3.0000000e+00   2.3943152e-15   4.4118750e-01   4.4118750e-01
   3.0000000e+00   3.0000000e+00   2.6105076e-15   4.4257812e-01   4.4257812e-01
   4.0000000e+00   3.0000000e+00   2.4277048e-15   4.3042187e-01   4.3042187e-01
   5.0000000e+00   3.0000000e+00   2.2643444e-15   3.8862500e-01   3.8862500e-01
   6.0000000e+00   3.0000000e+00   1.9384740e-15   3.2318750e-01   3.2318750e-01
   7.0000000e+00   3.0000000e+00   1.2115126e-15   1.9587500e-01   1.9587500e-01
   8.0000000e+00   3.0000000e+00   9.1487625e-16   1.1935937e-01   1.1935937e-01
   9.0000000e+00   3.0000000e+00   1.3933793e-15   2.0540625e-01   2.0540625e-01
   1.0000000e+01   3.0000000e+00   1.9184728e-15   3.2710937e-01   3.2710937e-01
   1.1000000e+01   3.0000000e+00   2.0561362e-15   3.4907812e-01   3.4907812e-01
   1.2000000e+01   3.0000000e+00   2.3270018e-15   3.9028125e-01   3.9028125e-01
   1.3000000e+01   3.0000000e+00   2.3575502e-15   4.0789062e-01   4.0789062e-01
   1.4000000e+01   3.0000000e+00   2.4337053e-15   4.3629687e-01   4.3629687e-01
   1.5000000e+01   3.0000000e+00   2.2080965e-15   4.7512500e-01   4.7512500e-01
   1.6000000e+01   3.0000000e+00   1.8152786e-15   3.8939062e-01   3.8939062e-01
   1.7000000e+01   3.0000000e+00   1.5997492e-15   3.8279687e-01   3.8279687e-01
   1.8000000e+01   3.0000000e+00   1.9804423e-15   4.4470312e-01   4.4470312e-01
   1.9000000e+01   3.0000000e+00   2.6424372e-15   4.8637500e-01   4.8637500e-01
   2.0000000e+01   3.0000000e+00   2.4309762e-15   4.0939063e-01   4.0939063e-01
   2.1000000e+01   3.0000000e+00   2.3558106e-15   4.1295312e-01   4.1295312e-01
   2.2000000e+01   3.0000000e+00   2.1737367e-15   3.6989062e-01   3.6989062e-01
   2.3000000e+01   3.0000000e+00   1.7866094e-15   2.9181250e-01   2.9181250e-01
   2.4000000e+01   3.0000000e+00   9.9971807e-16   1.2820312e-01   1.2820312e-01
   2.5000000e+01   3.0000000e+00   1.1385936e-15   1.5015625e-01   1.5015625e-01
   2.6000000e+01   3.0000000e+00   1.7425442e-15   2.7726562e-01   2.7726562e-01
   2.7000000e+01   3.0000000e+00   2.0649457e-15   3.3835937e-01   3.3835937e-01
   2.8000000e+01   3.0000000e+00   2.1376216e-15   3.7112500e-01   3.7112500e-01
   2.9000000e+01   3.0000000e+00   2.3236052e-15   3.9757813e-01   3.9757813e-01
   3.0000000e+01   3.0000000e+00   2.5278885e-15   4.4471875e-01   4.4471875e-01
   3.1000000e+01   3.0000000e+00   2.6518986e-15   4.6556250e-01   4.6556250e-01
   3.2000000e+01   3.0000000e+00   2.5704061e-15   4.4306250e-01   4.4306250e-01
   3.3000000e+01   3.0000000e+00   2.2667259e-15   3.8020312e-01   3.8020312e-01
   3.4000000e+01   3.0000000e+00   2.5532908e-15   4.4479687e-01   4.4479687e-01
   3.5000000e+01   3.0000000e+00   2.7704298e-15   4.8767187e-01   4.8767187e-01
   3.6000000e+01   3.0000000e+00   2.7140166e-15   4.8689063e-01   4.8689063e-01
   3.7000000e+01   3.0000000e+00   2.5581880e-15   4.3234375e-01   4.3234375e-01
   3.8000000e+01   3.0000000e+00   2.2930517e-15   3.7671875e-01   3.7671875e-01
   3.9000000e+01   3.0000000e+00   1.9998868e-15   3.2954687e-01   3.2954687e-01
   4.0000000e+01   3.0000000e+00   1.3781895e-15   2.0045312e-01   2.0045312e-01
   4.1000000e+01   3.0000000e+00   1.0221861e-15   1.2157812e-01   1.2157812e-01
   4.2000000e+01   3.0000000e+00   1.4556133e-15   2.1890625e-01   2.1890625e-01
   4.3000000e+01   3.0000000e+00   1.9775775e-15   3.2175000e-01   3.2175000e-01
   4.4000000e+01   3.0000000e+00   2.1990111e-15   3.6695312e-01   3.6695312e-01
   4.5000000e+01   3.0000000e+00   2.3902063e-15   4.1006250e-01   4.1006250e-01
   4.6000000e+01   3.0000000e+00   2.1878025e-15   4.2429687e-01   4.2429687e-01
   4.7000000e+01   3.0000000e+00   2.9215917e-15   5.2021875e-01   5.2021875e-01
   1.0000000e+00   4.0000000e+00   2.4346670e-15   4.1239062e-01   4.1239062e-01
   2.0000000e+00   4.0000000e+00   2.8453006e-15   4.9353125e-01   4.9353125e-01
   3.0000000e+00   4.0000000e+00   2.4880734e-15   4.3070312e-01   4.3070312e-01
   4.0000000e+00   4.0000000e+00   2.5462070e-15   4.3428125e-01   4.3428125e-01
   5.0000000e+00   4.0000000e+00   2.3110180e-15   3.9504687e-01   3.9504687e-01
   6.0000000e+00   4.0000000e+00   1.9315969e-15   3.0945313e-01   3.0945313e-01
   7.0000000e+00   4.0000000e+00   1.3784140e-15   1.9660937e-01   1.9660937e-01
   8.0000000e+00   4.0000000e+00   9.5092920e-16   1.0775000e-01   1.0775000e-01
   9.0000000e+00   4.0000000e+00   1.2330404e-15   1.8267187e-01   1.8267187e-01
   1.0000000e+01   4.0000000e+00   1.8818856e-15   3.1204687e-01   3.1204687e-01
   1.1000000e+01   4.0000000e+00   2.1117262e-15   3.5154687e-01   3.5154687e-01
   1.2000000e+01   4.0000000e+00   2.2984920e-15   3.9187500e-01   3.9187500e-01
   1.3000000e+01   4.0000000e+00   2.3645837e-15   3.9257813e-01   3.9257813e-01
   1.4000000e+01   4.0000000e+00   2.6395083e-15   4.6028125e-01   4.6028125e-01
   1.5000000e+01   4.0000000e+00   2.6291525e-15   4.5484375e-01   4.5484375e-01
   1.6000000e+01   4.0000000e+00   2.4468329e-15   4.1726562e-01   4.1726562e-01
   1.7000000e+01   4.0000000e+00   2.3043339e-15   3.8040625e-01   3.8040625e-01
   1.8000000e+01   4.0000000e+00   2.7923874e-15   4.8687500e-01   4.8687500e-01
   1.9000000e+01   4.0000000e+00   2.8009056e-15   4.9481250e-01   4.9481250e-01
   2.0000000e+01   4.0000000e+00   2.6660449e-15   4.7026562e-01   4.7026562e-01
   2.1000000e+01   4.0000000e+00   2.4347241e-15   4.1117187e-01   4.1117187e-01
   2.2000000e+01   4.0000000e+00   2.1879110e-15   3.5473437e-01   3.5473437e-01
   2.3000000e+01   4.0000000e+00   1.6957939e-15   2.8665625e-01   2.8665625e-01
   2.4000000e+01   4.0000000e+00   1.0617376e-15   1.2676562e-01   1.2676562e-01
   2.5000000e+01   4.0000000e+00   1.1092197e-15   1.3939062e-01   1.3939062e-01
   2.6000000e+01   4.0000000e+00   1.5459424e-15   2.4546875e-01   2.4546875e-01
   2.7000000e+01   4.0000000e+00   1.9766801e-15   3.3675000e-01   3.3675000e-01
   2.8000000e+01   4.0000000e+00   2.2802981e-15   3.7492187e-01   3.7492187e-01
   2.9000000e+01   4.0000000e+00   2.2853700e-15   3.7676562e-01   3.7676562e-01
   3.0000000e+01   4.0000000e+00   2.4587755e-15   4.0721875e-01   4.0721875e-01
   3.1000000e+01   4.0000000e+00   2.6604396e-15   4.6228125e-01   4.6228125e-01
   3.2000000e+01   4.0000000e+00   2.4193334e-15   4.1404687e-01   4.1404687e-01
   3.3000000e+01   4.0000000e+00   2.3115992e-15   3.8226563e-01   3.8226563e-01
   3.4000000e+01   4.0000000e+00   2.4152800e-15   4.2171875e-01   4.2171875e-01
   3.5000000e+01   4.0000000e+00   2.7990097e-15   4.9985937e-01   4.9985937e-01
   3.6000000e+01   4.0000000e+00   2.6593134e-15   4.6910938e-01   4.6910938e-01
   3.7000000e+01   4.0000000e+00   2.4696914e-15   4.2093750e-01   4.2093750e-01
   3.8000000e+01   4.0000000e+00   2.3385280e-15   4.0364062e-01   4.0364062e-01
   3.9000000e+01   4.0000000e+00   1.9017358e-15   2.9909375e-01   2.9909375e-01
   4.0000000e+01   4.0000000e+00   1.2252198e-15   1.5876562e-01   1.5876562e-01
   4.1000000e+01   4.0000000e+00   9.2982674e-16   1.0576562e-01   1.0576562e-01
   4.2000000e+01   4.0000000e+00   1.3573428e-15   2.0087500e-01   2.0087500e-01
   4.3000000e+01   4.0000000e+00   1.8372185e-15   3.0250000e-01   3.0250000e-01
   4.4000000e+01   4.0000000e+00   2.1878575e-15   3.6714063e-01   3.6714063e-01
   4.5000000e+01   4.0000000e+00   2.3895501e-15   4.0448438e-01   4.0448438e-01
   4.6000000e+01   4.0000000e+00   2.4631487e-15   4.2759375e-01   4.2759375e-01
   4.7000000e+01   4.0000000e+00   2.6298263e-15   4.7539062e-01   4.7539062e-01
   1.0000000e+00   5.0000000e+00   2.4270937e-15   4.1998437e-01   4.1998437e-01
   2.0000000e+00   5.0000000e+00   2.5253843e-15   4.3775000e-01   4.3775000e-01
   3.0000000e+00   5.0000000e+00   2.5289860e-15   4.4789062e-01   4.4789062e-01
   4.0000000e+00   5.0000000e+00   2.4142044e-15   4.1898437e-01   4.1898437e-01
   5.0000000e+00   5.0000000e+00   2.0927321e-15   3.6201562e-01   3.6201562e-01
   6.0000000e+00   5.0000000e+00   1.5956015e-15   2.5040625e-01   2.5040625e-01
   7.0000000e+00   5.0000000e+00   1.0996244e-15   1.4028125e-01   1.4028125e-01
   8.0000000e+00   5.0000000e+00   8.1403472e-16   8.1250000e-02   8.1250000e-02
   9.0000000e+00   5.0000000e+00   1.1257365e-15   1.4832812e-01   1.4832812e-01
   1.0000000e+01   5.0000000e+00   1.7772551e-15   2.8301562e-01   2.8301562e-01
   1.1000000e+01   5.0000000e+00   2.1135807e-15   3.5470312e-01   3.5470312e-01
   1.2000000e+01   5.0000000e+00   2.3682313e-15   4.0806250e-01   4.0806250e-01
   1.3000000e+01   5.0000000e+00   2.2112278e-15   4.0123437e-01   4.0123437e-01
   1.4000000e+01   5.0000000e+00   2.5947289e-15   4.5887500e-01   4.5887500e-01
   1.5000000e+01   5.0000000e+00   2.6715453e-15   4.7862500e-01   4.7862500e-01
   1.6000000e+01   5.0000000e+00   2.4481848e-15   4.2339062e-01   4.2339062e-01
   1.7000000e+01   5.0000000e+00   2.3670295e-15   4.3348437e-01   4.3348437e-01
   1.8000000e+01   5.0000000e+00   2.7282143e-15   5.0364062e-01   5.0364062e-01
   1.9000000e+01   5.0000000e+00   2.8552790e-15   5.0993750e-01   5.0993750e-01
   2.0000000e+01   5.0000000e+00   2.6394806e-15   4.5384375e-01   4.5384375e-01
   2.1000000e+01   5.0000000e+00   2.3800971e-15   4.1904687e-01   4.1904687e-01
   2.2000000e+01   5.0000000e+00   1.9083460e-15   3.1470312e-01   3.1470312e-01
   2.3000000e+01   5.0000000e+00   1.2278640e-15   1.8010937e-01   1.8010937e-01
   2.4000000e+01   5.0000000e+00   8.4967390e-16   9.6656250e-02   9.6656250e-02
   2.5000000e+01   5.0000000e+00   8.8506796e-16   1.0120312e-01   1.0120312e-01
   2.6000000e+01   5.0000000e+00   1.3275044e-15   1.9600000e-01   1.9600000e-01
   2.7000000e+01   5.0000000e+00   1.9488149e-15   3.1935938e-01   3.1935938e-01
   2.8000000e+01   5.0000000e+00   2.2252057e-15   3.7845313e-01   3.7845313e-01
   2.9000000e+01   5.0000000e+00   2.2187476e-15   3.9095312e-01   3.9095312e-01
   3.0000000e+01   5.0000000e+00   2.4499041e-15   4.2012500e-01   4.2012500e-01
   3.1000000e+01   5.0000000e+00   2.2848972e-15   4.0543750e-01   4.0543750e-01
   3.2000000e+01   5.0000000e+00   2.3181789e-15   4.1376562e-01   4.1376562e-01
   3.3000000e+01   5.0000000e+00   2.1239537e-15   3.5889062e-01   3.5889062e-01
   3.4000000e+01   5.0000000e+00   2.3646588e-15   4.1564062e-01   4.1564062e-01
   3.5000000e+01   5.0000000e+00   2.5915258e-15   4.5457813e-01   4.5457813e-01
   3.6000000e+01   5.0000000e+00   2.5678076e-15   4.5440625e-01   4.5440625e-01
   3.7000000e+01   5.0000000e+00   2.3794540e-15   4.0378125e-01   4.0378125e-01
   3.8000000e+01   5.0000000e+00   2.0218087e-15   3.3278125e-01   3.3278125e-01
   3.9000000e+01   5.0000000e+00   1.4221813e-15   1.9439062e-01   1.9439062e-01
   4.0000000e+01   5.0000000e+00   1.0483031e-15   1.1053125e-01   1.1053125e-01
   4.1000000e+01   5.0000000e+00   8.4000225e-16   8.8656250e-02   8.8656250e-02
   4.2000000e+01   5.0000000e+00   1.0159462e-15   1.3618750e-01   1.3618750e-01
   4.3000000e+01   5.0000000e+00   1.5750026e-15   2.5520312e-01   2.5520312e-01
   4.4000000e+01   5.0000000e+00   2.0758672e-15   3.5643750e-01   3.5643750e-01
   4.5000000e+01   5.0000000e+00   2.3010116e-15   3.9432812e-01   3.9432812e-01
   4.6000000e+01   5.0000000e+00   2.2345169e-15   3.8023437e-01   3.8023437e-01
   4.7000000e+01   5.0000000e+00   2.2938982e-15   3.9189062e-01   3.9189062e-01
   1.0000000e+00   6.0000000e+00   2.1473650e-15   3.5579687e-01   3.5579687e-01
   2.0000000e+00   6.0000000e+00   2.2762394e-15   3.9368750e-01   3.9368750e-01
   3.0000000e+00   6.0000000e+00   2.3264247e-15   3.9210937e-01   3.9210937e-01
   4.0000000e+00   6.0000000e+00   2.0622415e-15   3.4884375e-01   3.4884375e-01
   5.0000000e+00   6.0000000e+00   1.7041545e-15   2.7814062e-01   2.7814062e-01
   6.0000000e+00   6.0000000e+00   1.2190458e-15   1.5935937e-01   1.5935937e-01
   7.0000000e+00   6.0000000e+00   8.4761448e-16   9.2562500e-02   9.2562500e-02
   8.0000000e+00   6.0000000e+00   7.9769446e-16   7.1187500e-02   7.1187500e-02
   9.0000000e+00   6.0000000e+00   8.8080636e-16   8.3890625e-02   8.3890625e-02
   1.0000000e+01   6.0000000e+00   1.3274202e-15   1.9360937e-01   1.9360937e-01
   1.1000000e+01   6.0000000e+00   1.9425078e-15   3.1082812e-01   3.1082812e-01
   1.2000000e+01   6.0000000e+00   2.1475248e-15   3.6429687e-01   3.6429687e-01
   1.3000000e+01   6.0000000e+00   2.0742771e-15   3.6210937e-01   3.6210937e-01
   1.4000000e+01   6.0000000e+00   2.2926266e-15   3.8903125e-01   3.8903125e-01
   1.5000000e+01   6.0000000e+00   2.3010494e-15   4.0568750e-01   4.0568750e-01
   1.6000000e+01   6.0000000e+00   2.1760557e-15   3.6610937e-01   3.6610937e-01
   1.7000000e+01   6.0000000e+00   2.0263588e-15   3.5028125e-01   3.5028125e-01
   1.8000000e+01   6.0000000e+00   2.3642036e-15   4.1103125e-01   4.1103125e-01
   1.9000000e+01   6.0000000e+00   2.5632742e-15   4.5464062e-01   4.5464062e-01
   2.0000000e+01   6.0000000e+00   2.4105978e-15   4.3087500e-01   4.3087500e-01
   2.1000000e+01   6.0000000e+00   1.9862752e-15   3.3112500e-01   3.3112500e-01
   2.2000000e+01   6.0000000e+00   1.4788535e-15   2.3410937e-01   2.3410937e-01
   2.3000000e+01   6.0000000e+00   9.5486930e-16   1.1212500e-01   1.1212500e-01
   2.4000000e+01   6.0000000e+00   7.2939585e-16   6.2890625e-02   6.2890625e-02
   2.5000000e+01   6.0000000e+00   7.5157780e-16   6.8046875e-02   6.8046875e-02
   2.6000000e+01   6.0000000e+00   1.0021603e-15   1.2123437e-01   1.2123437e-01
   2.7000000e+01   6.0000000e+00   1.5003496e-15   2.2807812e-01   2.2807812e-01
   2.8000000e+01   6.0000000e+00   1.9472042e-15   3.2125000e-01   3.2125000e-01
   2.9000000e+01   6.0000000e+00   2.0450133e-15   3.6203125e-01   3.6203125e-01
   3.0000000e+01   6.0000000e+00   2.0062140e-15   3.5015625e-01   3.5015625e-01
   3.1000000e+01   6.0000000e+00   2.0463449e-15   3.3987500e-01   3.3987500e-01
   3.2000000e+01   6.0000000e+00   1.9442993e-15   3.3665625e-01   3.3665625e-01
   3.3000000e+01   6.0000000e+00   1.7699596e-15   2.9246875e-01   2.9246875e-01
   3.4000000e+01   6.0000000e+00   1.8447628e-15   3.2232812e-01   3.2232812e-01
   3.5000000e+01   6.0000000e+00   2.1061532e-15   3.6248437e-01   3.6248437e-01
   3.6000000e+01   6.0000000e+00   1.9786269e-15   3.4585937e-01   3.4585937e-01
   3.7000000e+01   6.0000000e+00   2.0532020e-15   3.3942187e-01   3.3942187e-01
   3.8000000e+01   6.0000000e+00   1.6216270e-15   2.4882812e-01   2.4882812e-01
   3.9000000e+01   6.0000000e+00   1.0383064e-15   1.3475000e-01   1.3475000e-01
   4.0000000e+01   6.0000000e+00   7.5639748e-16   7.8234375e-02   7.8234375e-02
   4.1000000e+01   6.0000000e+00   8.1053520e-16   7.9046875e-02   7.9046875e-02
   4.2000000e+01   6.0000000e+00   8.1128882e-16   8.4890625e-02   8.4890625e-02
   4.3000000e+01   6.0000000e+00   1.1168245e-15   1.4070312e-01   1.4070312e-01
   4.4000000e+01   6.0000000e+00   1.6709444e-15   2.4603125e-01   2.4603125e-01
   4.5000000e+01   6.0000000e+00   1.8131527e-15   2.9882813e-01   2.9882813e-01
   4.6000000e+01   6.0000000e+00   1.7594622e-15   2.7945312e-01   2.7945312e-01
   4.7000000e+01   6.0000000e+00   1.7608575e-15   2.8468750e-01   2.8468750e-01
   1.0000000e+00   7.0000000e+00   1.4257571e-15   2.1037500e-01   2.1037500e-01
   2.0000000e+00   7.0000000e+00   1.4828478e-15   2.1471875e-01   2.1471875e-01
   3.0000000e+00   7.0000000e+00   1.4987163e-15   2.2742188e-01   2.2742188e-01
   4.0000000e+00   7.0000000e+00   1.4000927e-15   2.0317187e-01   2.0317187e-01
   5.0000000e+00   7.0000000e+00   1.0319485e-15   1.2985937e-01   1.2985937e-01
   6.0000000e+00   7.0000000e+00   7.9606979e-16   8.8468750e-02   8.8468750e-02
   7.0000000e+00   7.0000000e+00   7.9977701e-16   7.9765625e-02   7.9765625e-02
   8.0000000e+00   7.0000000e+00   8.2898762e-16   9.4906250e-02   9.4906250e-02
   9.0000000e+00   7.0000000e+00   7.7222347e-16   7.4500000e-02   7.4500000e-02
   1.0000000e+01   7.0000000e+00   8.0888729e-16   8.4437500e-02   8.4437500e-02
   1.1000000e+01   7.0000000e+00   1.0851700e-15   1.4050000e-01   1.4050000e-01
   1.2000000e+01   7.0000000e+00   1.2905702e-15   1.8378125e-01   1.8378125e-01
   1.3000000e+01   7.0000000e+00   1.1172508e-15   2.1956250e-01   2.1956250e-01
   1.4000000e+01   7.0000000e+00   1.2374642e-15   2.2835937e-01   2.2835937e-01
   1.5000000e+01   7.0000000e+00   1.1943547e-15   2.0400000e-01   2.0400000e-01
   1.6000000e+01   7.0000000e+00   1.2094156e-15   2.2714062e-01   2.2714062e-01
   1.7000000e+01   7.0000000e+00   1.0495796e-15   1.9078125e-01   1.9078125e-01
   1.8000000e+01   7.0000000e+00   1.1671487e-15   2.1643750e-01   2.1643750e-01
   1.9000000e+01   7.0000000e+00   1.3229675e-15   2.3431250e-01   2.3431250e-01
   2.0000000e+01   7.0000000e+00   1.4089318e-15   2.2585937e-01   2.2585937e-01
   2.1000000e+01   7.0000000e+00   1.3144818e-15   1.8884375e-01   1.8884375e-01
   2.2000000e+01   7.0000000e+00   9.5822543e-16   1.1720312e-01   1.1720312e-01
   2.3000000e+01   7.0000000e+00   7.7585232e-16   7.2187500e-02   7.2187500e-02
   2.4000000e+01   7.0000000e+00   8.0326952e-16   8.2171875e-02   8.2171875e-02
   2.5000000e+01   7.0000000e+00   8.0829376e-16   8.3468750e-02   8.3468750e-02
   2.6000000e+01   7.0000000e+00   7.3130059e-16   6.2531250e-02   6.2531250e-02
   2.7000000e+01   7.0000000e+00   8.5250720e-16   9.4296875e-02   9.4296875e-02
   2.8000000e+01   7.0000000e+00   1.1623211e-15   1.5043750e-01   1.5043750e-01
   2.9000000e+01   7.0000000e+00   1.1842878e-15   1.6887500e-01   1.6887500e-01
   3.0000000e+01   7.0000000e+00   1.3354594e-15   1.9615625e-01   1.9615625e-01
   3.1000000e+01   7.0000000e+00   1.2349293e-15   1.8207812e-01   1.8207812e-01
   3.2000000e+01   7.0000000e+00   1.2503241e-15   1.7695312e-01   1.7695312e-01
   3.3000000e+01   7.0000000e+00   1.2037376e-15   1.7275000e-01   1.7275000e-01
   3.4000000e+01   7.0000000e+00   1.1052750e-15   1.6328125e-01   1.6328125e-01
   3.5000000e+01   7.0000000e+00   1.2327646e-15   1.7364062e-01   1.7364062e-01
   3.6000000e+01   7.0000000e+00   1.1866156e-15   1.9117187e-01   1.9117187e-01
   3.7000000e+01   7.0000000e+00   1.2041479e-15   1.7860937e-01   1.7860937e-01
   3.8000000e+01   7.0000000e+00   8.9601941e-16   1.1514062e-01   1.1514062e-01
   3.9000000e+01   7.0000000e+00   7.9523941e-16   8.5203125e-02   8.5203125e-02
   4.0000000e+01   7.0000000e+00   7.9869599e-16   8.6343750e-02   8.6343750e-02
   4.1000000e+01   7.0000000e+00   1.0715471e-15   1.2953125e-01   1.2953125e-01
   4.2000000e+01   7.0000000e+00   8.6518509e-16   9.9796875e-02   9.9796875e-02
   4.3000000e+01   7.0000000e+00   7.9007439e-16   8.3437500e-02   8.3437500e-02
   4.4000000e+01   7.0000000e+00   9.2586031e-16   1.1364062e-01   1.1364062e-01
   4.5000000e+01   7.0000000e+00   1.0239527e-15   1.2893750e-01   1.2893750e-01
   4.6000000e+01   7.0000000e+00   1.0784551e-15   1.4650000e-01   1.4650000e-01
   4.7000000e+01   7.0000000e+00   1.1131007e-15   1.4834375e-01   1.4834375e-01
   1.0000000e+00   8.0000000e+00   1.1827797e-15   1.5645312e-01   1.5645312e-01
   2.0000000e+00   8.0000000e+00   1.1985774e-15   1.6370312e-01   1.6370312e-01
   3.0000000e+00   8.0000000e+00   1.2581332e-15   1.8048437e-01   1.8048437e-01
   4.0000000e+00   8.0000000e+00   1.1574546e-15   1.6870312e-01   1.6870312e-01
   5.0000000e+00   8.0000000e+00   8.8577385e-16   1.0143750e-01   1.0143750e-01
   6.0000000e+00   8.0000000e+00   7.2614196e-16   6.9546875e-02   6.9546875e-02
   7.0000000e+00   8.0000000e+00   7.5688360e-16   7.8718750e-02   7.8718750e-02
   8.0000000e+00   8.0000000e+00   1.0074846e-15   1.3218750e-01   1.3218750e-01
   9.0000000e+00   8.0000000e+00   9.8781234e-16   1.1668750e-01   1.1668750e-01
   1.0000000e+01   8.0000000e+00   8.2663065e-16   9.0281250e-02   9.0281250e-02
   1.1000000e+01   8.0000000e+00   1.0428806e-15   1.3095312e-01   1.3095312e-01
   1.2000000e+01   8.0000000e+00   1.1221324e-15   1.6082812e-01   1.6082812e-01
   1.3000000e+01   8.0000000e+00   1.1832093e-15   1.6904687e-01   1.6904687e-01
   1.4000000e+01   8.0000000e+00   1.1900713e-15   1.6803125e-01   1.6803125e-01
   1.5000000e+01   8.0000000e+00   1.2350624e-15   1.7373437e-01   1.7373437e-01
   1.6000000e+01   8.0000000e+00   1.0868900e-15   1.4912500e-01   1.4912500e-01
   1.7000000e+01   8.0000000e+00   1.1226313e-15   1.5026562e-01   1.5026562e-01
   1.8000000e+01   8.0000000e+00   1.1668529e-15   1.6396875e-01   1.6396875e-01
   1.9000000e+01   8.0000000e+00   1.2245192e-15   1.7212500e-01   1.7212500e-01
   2.0000000e+01   8.0000000e+00   1.2165992e-15   1.6379687e-01   1.6379687e-01
   2.1000000e+01   8.0000000e+00   1.0813221e-15   1.4160937e-01   1.4160937e-01
   2.2000000e+01   8.0000000e+00   8.7098251e-16   8.5671875e-02   8.5671875e-02
   2.3000000e+01   8.0000000e+00   7.5450875e-16   6.3453125e-02   6.3453125e-02
   2.4000000e+01   8.0000000e+00   9.2237033e-16   9.0937500e-02   9.0937500e-02
   2.5000000e+01   8.0000000e+00   9.8835129e-16   1.1785937e-01   1.1785937e-01
   2.6000000e+01   8.0000000e+00   8.2697452e-16   8.9578125e-02   8.9578125e-02
   2.7000000e+01   8.0000000e+00   9.2229311e-16   1.0562500e-01   1.0562500e-01
   2.8000000e+01   8.0000000e+00   1.1997138e-15   1.5321875e-01   1.5321875e-01
   2.9000000e+01   8.0000000e+00   1.2638832e-15   1.7600000e-01   1.7600000e-01
   3.0000000e+01   8.0000000e+00   1.2841560e-15   1.7753125e-01   1.7753125e-01
   3.1000000e+01   8.0000000e+00   1.3192283e-15   1.8051562e-01   1.8051562e-01
   3.2000000e+01   8.0000000e+00   1.2785212e-15   1.7520312e-01   1.7520312e-01
   3.3000000e+01   8.0000000e+00   1.2870166e-15   1.7676562e-01   1.7676562e-01
   3.4000000e+01   8.0000000e+00   1.3345939e-15   1.8971875e-01   1.8971875e-01
   3.5000000e+01   8.0000000e+00   1.3900268e-15   1.9854687e-01   1.9854687e-01
   3.6000000e+01   8.0000000e+00   1.3862372e-15   1.9840625e-01   1.9840625e-01
   3.7000000e+01   8.0000000e+00   1.4078413e-15   1.9729687e-01   1.9729687e-01
   3.8000000e+01   8.0000000e+00   1.0666434e-15   1.2737500e-01   1.2737500e-01
   3.9000000e+01   8.0000000e+00   8.3607583e-16   7.8906250e-02   7.8906250e-02
   4.0000000e+01   8.0000000e+00   7.9757148e-16   7.9125000e-02   7.9125000e-02
   4.1000000e+01   8.0000000e+00   1.0300111e-15   1.2642187e-01   1.2642187e-01
   4.2000000e+01   8.0000000e+00   9.3109593e-16   1.2109375e-01   1.2109375e-01
   4.3000000e+01   8.0000000e+00   8.6959081e-16   1.1873437e-01   1.1873437e-01
   4.4000000e+01   8.0000000e+00   1.0716256e-15   1.9887500e-01   1.9887500e-01
   4.5000000e+01   8.0000000e+00   1.4520938e-15   2.3093750e-01   2.3093750e-01
   4.6000000e+01   8.0000000e+00   1.4950334e-15   2.3975000e-01   2.3975000e-01
   4.7000000e+01   8.0000000e+00   1.6589124e-15   2.5498437e-01   2.5498437e-01
   1.0000000e+00   9.0000000e+00   1.9390324e-15   3.0945313e-01   3.0945313e-01
   2.0000000e+00   9.0000000e+00   1.9494896e-15   3.2535938e-01   3.2535938e-01
   3.0000000e+00   9.0000000e+00   2.0837564e-15   3.5126562e-01   3.5126562e-01
   4.0000000e+00   9.0000000e+00   2.0016696e-15   3.3840625e-01   3.3840625e-01
   5.0000000e+00   9.0000000e+00   1.6030367e-15   2.5960937e-01   2.5960937e-01
   6.0000000e+00   9.0000000e+00   9.9018262e-16   1.2240625e-01   1.2240625e-01
   7.0000000e+00   9.0000000e+00   8.1900841e-16   7.7140625e-02   7.7140625e-02
   8.0000000e+00   9.0000000e+00   8.3604930e-16   8.0968750e-02   8.0968750e-02
   9.0000000e+00   9.0000000e+00   9.6029139e-16   1.1173437e-01   1.1173437e-01
   1.0000000e+01   9.0000000e+00   1.2153428e-15   1.5859375e-01   1.5859375e-01
   1.1000000e+01   9.0000000e+00   1.6983292e-15   2.6771875e-01   2.6771875e-01
   1.2000000e+01   9.0000000e+00   1.9384683e-15   3.2759375e-01   3.2759375e-01
   1.3000000e+01   9.0000000e+00   2.0254789e-15   3.4903125e-01   3.4903125e-01
   1.4000000e+01   9.0000000e+00   2.0077344e-15   3.2723437e-01   3.2723437e-01
   1.5000000e+01   9.0000000e+00   1.9104364e-15   3.2365625e-01   3.2365625e-01
   1.6000000e+01   9.0000000e+00   1.7474239e-15   2.8925000e-01   2.8925000e-01
   1.7000000e+01   9.0000000e+00   1.7586565e-15   2.9098437e-01   2.9098437e-01
   1.8000000e+01   9.0000000e+00   1.8908673e-15   3.1353125e-01   3.1353125e-01
   1.9000000e+01   9.0000000e+00   2.0297675e-15   3.4737500e-01   3.4737500e-01
   2.0000000e+01   9.0000000e+00   2.0967580e-15   3.5392188e-01   3.5392188e-01
   2.1000000e+01   9.0000000e+00   1.9572059e-15   3.2300000e-01   3.2300000e-01
   2.2000000e+01   9.0000000e+00   1.4050329e-15   2.1490625e-01   2.1490625e-01
   2.3000000e+01   9.0000000e+00   9.3503914e-16   1.0314062e-01   1.0314062e-01
   2.4000000e+01   9.0000000e+00   8.4504677e-16   7.3656250e-02   7.3656250e-02
   2.5000000e+01   9.0000000e+00   8.8184461e-16   8.6078125e-02   8.6078125e-02
   2.6000000e+01   9.0000000e+00   1.0449076e-15   1.2237500e-01   1.2237500e-01
   2.7000000e+01   9.0000000e+00   1.4710783e-15   2.0707812e-01   2.0707812e-01
   2.8000000e+01   9.0000000e+00   1.8610512e-15   3.1662500e-01   3.1662500e-01
   2.9000000e+01   9.0000000e+00   2.1558961e-15   3.5939062e-01   3.5939062e-01
   3.0000000e+01   9.0000000e+00   2.0928857e-15   3.4971875e-01   3.4971875e-01
   3.1000000e+01   9.0000000e+00   2.1428026e-15   3.5076562e-01   3.5076562e-01
   3.2000000e+01   9.0000000e+00   2.1451922e-15   3.5970312e-01   3.5970312e-01
   3.3000000e+01   9.0000000e+00   1.9219901e-15   3.1442187e-01   3.1442187e-01
   3.4000000e+01   9.0000000e+00   2.0833543e-15   3.6168750e-01   3.6168750e-01
   3.5000000e+01   9.0000000e+00   2.3563049e-15   4.0879687e-01   4.0879687e-01
   3.6000000e+01   9.0000000e+00   2.3509815e-15   3.9500000e-01   3.9500000e-01
   3.7000000e+01   9.0000000e+00   2.2933172e-15   3.8920312e-01   3.8920312e-01
   3.8000000e+01   9.0000000e+00   1.8848257e-15   3.0457812e-01   3.0457812e-01
   3.9000000e+01   9.0000000e+00   1.2033330e-15   1.8360937e-01   1.8360937e-01
   4.0000000e+01   9.0000000e+00   7.7360242e-16   7.6890625e-02   7.6890625e-02
   4.1000000e+01   9.0000000e+00   7.3130741e-16   7.3593750e-02   7.3593750e-02
   4.2000000e+01   9.0000000e+00   1.0011707e-15   1.2510937e-01   1.2510937e-01
   4.3000000e+01   9.0000000e+00   1.3461882e-15   1.9121875e-01   1.9121875e-01
   4.4000000e+01   9.0000000e+00   1.9543665e-15   3.1912500e-01   3.1912500e-01
   4.5000000e+01   9.0000000e+00   2.2449551e-15   3.8762500e-01   3.8762500e-01
   4.6000000e+01   9.0000000e+00   2.2532508e-15   3.8973437e-01   3.8973437e-01
   4.7000000e+01   9.0000000e+00   2.3424247e-15   4.0579688e-01   4.0579688e-01
   1.0000000e+00   1.0000000e+01   2.1818112e-15   3.6854688e-01   3.6854688e-01
   2.0000000e+00   1.0000000e+01   2.3765523e-15   4.1892188e-01   4.1892188e-01
   3.0000000e+00   1.0000000e+01   2.5784056e-15   4.3182813e-01   4.3182813e-01
   4.0000000e+00   1.0000000e+01   2.3732430e-15   4.1159375e-01   4.1159375e-01
   5.0000000e+00   1.0000000e+01   2.2668363e-15   3.8868750e-01   3.8868750e-01
   6.0000000e+00   1.0000000e+01   1.6574680e-15   2.7260937e-01   2.7260937e-01
   7.0000000e+00   1.0000000e+01   1.0458197e-15   1.3856250e-01   1.3856250e-01
   8.0000000e+00   1.0000000e+01   6.8752730e-16   7.0031250e-02   7.0031250e-02
   9.0000000e+00   1.0000000e+01   8.6241453e-16   1.1154687e-01   1.1154687e-01
   1.0000000e+01   1.0000000e+01   1.2780265e-15   2.3845312e-01   2.3845312e-01
   1.1000000e+01   1.0000000e+01   1.8381771e-15   3.4790625e-01   3.4790625e-01
   1.2000000e+01   1.0000000e+01   2.1312654e-15   4.0123437e-01   4.0123437e-01
   1.3000000e+01   1.0000000e+01   2.2826210e-15   4.2314062e-01   4.2314062e-01
   1.4000000e+01   1.0000000e+01   2.1797678e-15   4.1384375e-01   4.1384375e-01
   1.5000000e+01   1.0000000e+01   2.2733563e-15   4.0464062e-01   4.0464062e-01
   1.6000000e+01   1.0000000e+01   2.1704170e-15   3.7145313e-01   3.7145313e-01
   1.7000000e+01   1.0000000e+01   2.0107375e-15   3.4029688e-01   3.4029688e-01
   1.8000000e+01   1.0000000e+01   2.0918449e-15   3.6832813e-01   3.6832813e-01
   1.9000000e+01   1.0000000e+01   2.3131262e-15   3.9848438e-01   3.9848438e-01
   2.0000000e+01   1.0000000e+01   2.3341699e-15   4.1034375e-01   4.1034375e-01
   2.1000000e+01   1.0000000e+01   2.3006137e-15   4.1651562e-01   4.1651562e-01
   2.2000000e+01   1.0000000e+01   2.0606553e-15   3.6328125e-01   3.6328125e-01
   2.3000000e+01   1.0000000e+01   1.4508073e-15   2.2732812e-01   2.2732812e-01
   2.4000000e+01   1.0000000e+01   9.2446804e-16   1.0323437e-01   1.0323437e-01
   2.5000000e+01   1.0000000e+01   8.3134102e-16   7.9062500e-02   7.9062500e-02
   2.6000000e+01   1.0000000e+01   1.1514486e-15   1.5110937e-01   1.5110937e-01
   2.7000000e+01   1.0000000e+01   1.6790597e-15   2.7081250e-01   2.7081250e-01
   2.8000000e+01   1.0000000e+01   2.0545589e-15   3.5800000e-01   3.5800000e-01
   2.9000000e+01   1.0000000e+01   2.3296176e-15   4.0520313e-01   4.0520313e-01
   3.0000000e+01   1.0000000e+01   2.3570917e-15   4.0743750e-01   4.0743750e-01
   3.1000000e+01   1.0000000e+01   2.3824610e-15   4.0990625e-01   4.0990625e-01
   3.2000000e+01   1.0000000e+01   2.4144904e-15   4.3071875e-01   4.3071875e-01
   3.3000000e+01   1.0000000e+01   2.2094491e-15   3.7568750e-01   3.7568750e-01
   3.4000000e+01   1.0000000e+01   2.3878304e-15   4.0348438e-01   4.0348438e-01
   3.5000000e+01   1.0000000e+01   2.7918420e-15   5.0123438e-01   5.0123438e-01
   3.6000000e+01   1.0000000e+01   2.7791161e-15   5.1276563e-01   5.1276563e-01
   3.7000000e+01   1.0000000e+01   2.4018938e-15   4.4567188e-01   4.4567188e-01
   3.8000000e+01   1.0000000e+01   2.3898490e-15   4.0729688e-01   4.0729688e-01
   3.9000000e+01   1.0000000e+01   1.9843265e-15   3.1703125e-01   3.1703125e-01
   4.0000000e+01   1.0000000e+01   1.2454923e-15   1.6607812e-01   1.6607812e-01
   4.1000000e+01   1.0000000e+01   7.7437566e-16   8.4562500e-02   8.4562500e-02
   4.2000000e+01   1.0000000e+01   1.0676192e-15   1.2159375e-01   1.2159375e-01
   4.3000000e+01   1.0000000e+01   1.5566482e-15   2.4054687e-01   2.4054687e-01
   4.4000000e+01   1.0000000e+01   2.0746549e-15   3.5793750e-01   3.5793750e-01
   4.5000000e+01   1.0000000e+01   2.2332031e-15   3.8928125e-01   3.8928125e-01
   4.6000000e+01   1.0000000e+01   2.3798800e-15   4.1532812e-01   4.1532812e-01
   4.7000000e+01   1.0000000e+01   2.5897258e-15   4.4735938e-01   4.4735938e-01
   1.0000000e+00   1.1000000e+01   2.3944114e-15   4.1154687e-01   4.1154687e-01
   2.0000000e+00   1.1000000e+01   2.6192874e-15   4.6985937e-01   4.6985937e-01
   3.0000000e+00   1.1000000e+01   2.6891452e-15   4.7720312e-01   4.7720312e-01
   4.0000000e+00   1.1000000e+01   2.4969838e-15   4.3350000e-01   4.3350000e-01
   5.0000000e+00   1.1000000e+01   1.9903961e-15   4.1364062e-01   4.1364062e-01
   6.0000000e+00   1.1000000e+01   2.1947279e-15   3.6323438e-01   3.6323438e-01
   7.0000000e+00   1.1000000e+01   1.5744864e-15   2.3954687e-01   2.3954687e-01
   8.0000000e+00   1.1000000e+01   1.0122959e-15   1.1481250e-01   1.1481250e-01
   9.0000000e+00   1.1000000e+01   1.0437184e-15   1.3285937e-01   1.3285937e-01
   1.0000000e+01   1.1000000e+01   1.7079997e-15   2.5696875e-01   2.5696875e-01
   1.1000000e+01   1.1000000e+01   2.1357130e-15   3.4925000e-01   3.4925000e-01
   1.2000000e+01   1.1000000e+01   2.3898485e-15   4.0764062e-01   4.0764062e-01
   1.3000000e+01   1.1000000e+01   2.3354038e-15   4.1029688e-01   4.1029688e-01
   1.4000000e+01   1.1000000e+01   2.3457109e-15   4.0107812e-01   4.0107812e-01
   1.5000000e+01   1.1000000e+01   2.6201758e-15   4.4951562e-01   4.4951562e-01
   1.6000000e+01   1.1000000e+01   2.3827272e-15   4.1642188e-01   4.1642188e-01
   1.7000000e+01   1.1000000e+01   2.1025937e-15   3.5142187e-01   3.5142187e-01
   1.8000000e+01   1.1000000e+01   2.2346495e-15   3.8315625e-01   3.8315625e-01
   1.9000000e+01   1.1000000e+01   2.5069255e-15   4.4312500e-01   4.4312500e-01
   2.0000000e+01   1.1000000e+01   2.5439921e-15   4.4801562e-01   4.4801562e-01
   2.1000000e+01   1.1000000e+01   2.4861929e-15   4.3323437e-01   4.3323437e-01
   2.2000000e+01   1.1000000e+01   2.4384875e-15   4.0839063e-01   4.0839063e-01
   2.3000000e+01   1.1000000e+01   2.1476273e-15   3.6817187e-01   3.6817187e-01
   2.4000000e+01   1.1000000e+01   1.3989848e-15   1.9996875e-01   1.9996875e-01
   2.5000000e+01   1.1000000e+01   9.3565236e-16   1.1812500e-01   1.1812500e-01
   2.6000000e+01   1.1000000e+01   1.3928562e-15   1.9882812e-01   1.9882812e-01
   2.7000000e+01   1.1000000e+01   1.8763596e-15   3.0400000e-01   3.0400000e-01
   2.8000000e+01   1.1000000e+01   2.1076846e-15   3.4975000e-01   3.4975000e-01
   2.9000000e+01   1.1000000e+01   2.2694922e-15   3.8423437e-01   3.8423437e-01
   3.0000000e+01   1.1000000e+01   2.4045958e-15   4.1481250e-01   4.1481250e-01
   3.1000000e+01   1.1000000e+01   2.5892843e-15   4.6575000e-01   4.6575000e-01
   3.2000000e+01   1.1000000e+01   2.8052479e-15   5.1373437e-01   5.1373437e-01
   3.3000000e+01   1.1000000e+01   2.5453046e-15   4.6104687e-01   4.6104687e-01
   3.4000000e+01   1.1000000e+01   2.1825927e-15   4.1746875e-01   4.1746875e-01
   3.5000000e+01   1.1000000e+01   2.6417268e-15   5.4098437e-01   5.4098437e-01
   3.6000000e+01   1.1000000e+01   2.4963860e-15   5.8484375e-01   5.8484375e-01
   3.7000000e+01   1.1000000e+01   2.7386315e-15   5.0806250e-01   5.0806250e-01
   3.8000000e+01   1.1000000e+01   2.4434133e-15   4.3106250e-01   4.3106250e-01
   3.9000000e+01   1.1000000e+01   2.2604616e-15   3.8070312e-01   3.8070312e-01
   4.0000000e+01   1.1000000e+01   1.4374335e-15   2.6878125e-01   2.6878125e-01
   4.1000000e+01   1.1000000e+01   9.9916476e-16   1.2507812e-01   1.2507812e-01
   4.2000000e+01   1.1000000e+01   1.0891831e-15   1.5054687e-01   1.5054687e-01
   4.3000000e+01   1.1000000e+01   1.7002023e-15   2.9803125e-01   2.9803125e-01
   4.4000000e+01   1.1000000e+01   2.0375470e-15   3.6307812e-01   3.6307812e-01
   4.5000000e+01   1.1000000e+01   2.2364279e-15   3.9573437e-01   3.9573437e-01
   4.6000000e+01   1.1000000e+01   2.3594294e-15   4.1370312e-01   4.1370312e-01
   4.7000000e+01   1.1000000e+01   2.5438733e-15   4.7529687e-01   4.7529687e-01
   1.0000000e+00   1.2000000e+01   1.8745969e-15   4.4809375e-01   4.4809375e-01
   2.0000000e+00   1.2000000e+01   2.6574774e-15   4.9059375e-01   4.9059375e-01
   3.0000000e+00   1.2000000e+01   2.5144704e-15   4.8398438e-01   4.8398438e-01
   4.0000000e+00   1.2000000e+01   2.6710524e-15   4.6939062e-01   4.6939062e-01
   5.0000000e+00   1.2000000e+01   2.3580114e-15   4.2082813e-01   4.2082813e-01
   6.0000000e+00   1.2000000e+01   2.1916773e-15   3.6243750e-01   3.6243750e-01
   7.0000000e+00   1.2000000e+01   1.7444670e-15   2.9768750e-01   2.9768750e-01
   8.0000000e+00   1.2000000e+01   1.1823919e-15   1.5639062e-01   1.5639062e-01
   9.0000000e+00   1.2000000e+01   1.0594752e-15   1.3534375e-01   1.3534375e-01
   1.0000000e+01   1.2000000e+01   1.6068125e-15   2.6560937e-01   2.6560937e-01
   1.1000000e+01   1.2000000e+01   1.4937232e-15   3.4157812e-01   3.4157812e-01
   1.2000000e+01   1.2000000e+01   1.6392886e-15   3.7339062e-01   3.7339062e-01
   1.3000000e+01   1.2000000e+01   1.6669173e-15   3.9379687e-01   3.9379687e-01
   1.4000000e+01   1.2000000e+01   1.8329101e-15   4.3446875e-01   4.3446875e-01
   1.5000000e+01   1.2000000e+01   2.4276971e-15   4.4076562e-01   4.4076562e-01
   1.6000000e+01   1.2000000e+01   2.3830278e-15   4.0285937e-01   4.0285937e-01
   1.7000000e+01   1.2000000e+01   2.0904759e-15   3.4823437e-01   3.4823437e-01
   1.8000000e+01   1.2000000e+01   2.2072514e-15   3.8321875e-01   3.8321875e-01
   1.9000000e+01   1.2000000e+01   2.6860906e-15   4.8250000e-01   4.8250000e-01
   2.0000000e+01   1.2000000e+01   2.6658669e-15   4.8084375e-01   4.8084375e-01
   2.1000000e+01   1.2000000e+01   2.4754813e-15   4.3967187e-01   4.3967187e-01
   2.2000000e+01   1.2000000e+01   2.3320222e-15   4.0448438e-01   4.0448438e-01
   2.3000000e+01   1.2000000e+01   2.0864895e-15   3.5225000e-01   3.5225000e-01
   2.4000000e+01   1.2000000e+01   1.5332255e-15   2.3359375e-01   2.3359375e-01
   2.5000000e+01   1.2000000e+01   1.0376872e-15   1.1657812e-01   1.1657812e-01
   2.6000000e+01   1.2000000e+01   1.3042834e-15   1.9068750e-01   1.9068750e-01
   2.7000000e+01   1.2000000e+01   1.8523991e-15   2.9487500e-01   2.9487500e-01
   2.8000000e+01   1.2000000e+01   2.0558388e-15   3.4815625e-01   3.4815625e-01
   2.9000000e+01   1.2000000e+01   2.1721357e-15   3.7675000e-01   3.7675000e-01
   3.0000000e+01   1.2000000e+01   2.2809151e-15   3.9109375e-01   3.9109375e-01
   3.1000000e+01   1.2000000e+01   2.3877644e-15   4.2290625e-01   4.2290625e-01
   3.2000000e+01   1.2000000e+01   2.9807309e-15   5.2804688e-01   5.2804688e-01
   3.3000000e+01   1.2000000e+01   2.5698022e-15   4.5982812e-01   4.5982812e-01
   3.4000000e+01   1.2000000e+01   2.4525830e-15   4.2371875e-01   4.2371875e-01
   3.5000000e+01   1.2000000e+01   2.8207385e-15   4.9276562e-01   4.9276562e-01
   3.6000000e+01   1.2000000e+01   3.1672783e-15   5.6926563e-01   5.6926563e-01
   3.7000000e+01   1.2000000e+01   2.8277456e-15   5.0259375e-01   5.0259375e-01
   3.8000000e+01   1.2000000e+01   2.4245851e-15   4.0625000e-01   4.0625000e-01
   3.9000000e+01   1.2000000e+01   2.2796970e-15   3.8342187e-01   3.8342187e-01
   4.0000000e+01   1.2000000e+01   1.8057216e-15   2.7904687e-01   2.7904687e-01
   4.1000000e+01   1.2000000e+01   1.2850969e-15   1.6048437e-01   1.6048437e-01
   4.2000000e+01   1.2000000e+01   1.0126772e-15   1.2650000e-01   1.2650000e-01
   4.3000000e+01   1.2000000e+01   1.5857744e-15   2.3704687e-01   2.3704687e-01
   4.4000000e+01   1.2000000e+01   2.1057835e-15   3.4381250e-01   3.4381250e-01
   4.5000000e+01   1.2000000e+01   2.1954433e-15   3.6501562e-01   3.6501562e-01
   4.6000000e+01   1.2000000e+01   2.3206662e-15   3.8026563e-01   3.8026563e-01
   4.7000000e+01   1.2000000e+01   2.5385700e-15   4.3882813e-01   4.3882813e-01
   1.0000000e+00   1.3000000e+01   2.4296178e-15   4.3771875e-01   4.3771875e-01
   2.0000000e+00   1.3000000e+01   2.7316452e-15   4.9434375e-01   4.9434375e-01
   3.0000000e+00   1.3000000e+01   2.9796473e-15   5.2787500e-01   5.2787500e-01
   4.0000000e+00   1.3000000e+01   2.8376042e-15   5.0342188e-01   5.0342188e-01
   5.0000000e+00   1.3000000e+01   2.4013064e-15   4.2021875e-01   4.2021875e-01
   6.0000000e+00   1.3000000e+01   2.1805035e-15   3.5779687e-01   3.5779687e-01
   7.0000000e+00   1.3000000e+01   1.7388376e-15   2.7548438e-01   2.7548438e-01
   8.0000000e+00   1.3000000e+01   1.1471720e-15   1.4029687e-01   1.4029687e-01
   9.0000000e+00   1.3000000e+01   1.0030615e-15   1.0282812e-01   1.0282812e-01
   1.0000000e+01   1.3000000e+01   1.4311879e-15   2.0829687e-01   2.0829687e-01
   1.1000000e+01   1.3000000e+01   1.9904500e-15   3.1568750e-01   3.1568750e-01
   1.2000000e+01   1.3000000e+01   2.2244695e-15   3.7090625e-01   3.7090625e-01
   1.3000000e+01   1.3000000e+01   2.3491378e-15   3.8903125e-01   3.8903125e-01
   1.4000000e+01   1.3000000e+01   2.3370119e-15   3.8918750e-01   3.8918750e-01
   1.5000000e+01   1.3000000e+01   2.5739540e-15   4.2781250e-01   4.2781250e-01
   1.6000000e+01   1.3000000e+01   2.5684433e-15   4.3590625e-01   4.3590625e-01
   1.7000000e+01   1.3000000e+01   2.2639096e-15   3.6981250e-01   3.6981250e-01
   1.8000000e+01   1.3000000e+01   2.1724515e-15   3.9637500e-01   3.9637500e-01
   1.9000000e+01   1.3000000e+01   2.7815475e-15   4.8395312e-01   4.8395312e-01
   2.0000000e+01   1.3000000e+01   2.8085674e-15   4.9131250e-01   4.9131250e-01
   2.1000000e+01   1.3000000e+01   2.8191558e-15   4.9075000e-01   4.9075000e-01
   2.2000000e+01   1.3000000e+01   2.6521955e-15   4.6987500e-01   4.6987500e-01
   2.3000000e+01   1.3000000e+01   2.2398426e-15   3.6356250e-01   3.6356250e-01
   2.4000000e+01   1.3000000e+01   1.4453973e-15   2.0401562e-01   2.0401562e-01
   2.5000000e+01   1.3000000e+01   1.0087702e-15   1.0723437e-01   1.0723437e-01
   2.6000000e+01   1.3000000e+01   1.0709093e-15   1.2926562e-01   1.2926562e-01
   2.7000000e+01   1.3000000e+01   1.5354508e-15   2.3017187e-01   2.3017187e-01
   2.8000000e+01   1.3000000e+01   2.0284080e-15   3.3471875e-01   3.3471875e-01
   2.9000000e+01   1.3000000e+01   2.3377074e-15   3.9600000e-01   3.9600000e-01
   3.0000000e+01   1.3000000e+01   2.3867570e-15   3.9639063e-01   3.9639063e-01
   3.1000000e+01   1.3000000e+01   2.5140048e-15   4.2365625e-01   4.2365625e-01
   3.2000000e+01   1.3000000e+01   2.7316596e-15   4.6831250e-01   4.6831250e-01
   3.3000000e+01   1.3000000e+01   2.6862802e-15   4.6025000e-01   4.6025000e-01
   3.4000000e+01   1.3000000e+01   2.5419489e-15   4.3901562e-01   4.3901562e-01
   3.5000000e+01   1.3000000e+01   2.7134714e-15   4.6803125e-01   4.6803125e-01
   3.6000000e+01   1.3000000e+01   3.0385222e-15   5.3203125e-01   5.3203125e-01
   3.7000000e+01   1.3000000e+01   2.7935430e-15   4.9982812e-01   4.9982812e-01
   3.8000000e+01   1.3000000e+01   2.4819664e-15   4.3340625e-01   4.3340625e-01
   3.9000000e+01   1.3000000e+01   2.1266314e-15   3.4145312e-01   3.4145312e-01
   4.0000000e+01   1.3000000e+01   1.5842978e-15   2.3073437e-01   2.3073437e-01
   4.1000000e+01   1.3000000e+01   9.8106073e-16   1.2296875e-01   1.2296875e-01
   4.2000000e+01   1.3000000e+01   8.5781132e-16   8.1468750e-02   8.1468750e-02
   4.3000000e+01   1.3000000e+01   1.2275907e-15   1.5842187e-01   1.5842187e-01
   4.4000000e+01   1.3000000e+01   1.8493165e-15   3.0314063e-01   3.0314063e-01
   4.5000000e+01   1.3000000e+01   2.1239749e-15   3.5470312e-01   3.5470312e-01
   4.6000000e+01   1.3000000e+01   2.3414492e-15   4.0637500e-01   4.0637500e-01
   4.7000000e+01   1.3000000e+01   2.3887274e-15   4.0884375e-01   4.0884375e-01
   1.0000000e+00   1.4000000e+01   2.3053795e-15   3.8334375e-01   3.8334375e-01
   2.0000000e+00   1.4000000e+01   2.5497371e-15   4.4390625e-01   4.4390625e-01
   3.0000000e+00   1.4000000e+01   2.5881361e-15   4.5537500e-01   4.5537500e-01
   4.0000000e+00   1.4000000e+01   2.6912431e-15   4.7726562e-01   4.7726562e-01
   5.0000000e+00   1.4000000e+01   2.3077157e-15   4.0639063e-01   4.0639063e-01
   6.0000000e+00   1.4000000e+01   1.8980169e-15   2.9756250e-01   2.9756250e-01
   7.0000000e+00   1.4000000e+01   1.2974042e-15   1.8126562e-01   1.8126562e-01
   8.0000000e+00   1.4000000e+01   9.4344250e-16   1.0406250e-01   1.0406250e-01
   9.0000000e+00   1.4000000e+01   8.5043127e-16   7.6500000e-02   7.6500000e-02
   1.0000000e+01   1.4000000e+01   1.0049638e-15   1.1570312e-01   1.1570312e-01
   1.1000000e+01   1.4000000e+01   1.4450889e-15   2.2107812e-01   2.2107812e-01
   1.2000000e+01   1.4000000e+01   2.0242330e-15   3.1840625e-01   3.1840625e-01
   1.3000000e+01   1.4000000e+01   2.2192023e-15   3.7698437e-01   3.7698437e-01
   1.4000000e+01   1.4000000e+01   2.2273669e-15   3.6295312e-01   3.6295312e-01
   1.5000000e+01   1.4000000e+01   2.2510356e-15   3.7665625e-01   3.7665625e-01
   1.6000000e+01   1.4000000e+01   2.2343736e-15   3.8418750e-01   3.8418750e-01
   1.7000000e+01   1.4000000e+01   2.1902969e-15   3.6479687e-01   3.6479687e-01
   1.8000000e+01   1.4000000e+01   2.2696092e-15   3.8464062e-01   3.8464062e-01
   1.9000000e+01   1.4000000e+01   2.3944654e-15   4.1398437e-01   4.1398437e-01
   2.0000000e+01   1.4000000e+01   2.7075997e-15   4.7387500e-01   4.7387500e-01
   2.1000000e+01   1.4000000e+01   2.6353219e-15   4.7323437e-01   4.7323437e-01
   2.2000000e+01   1.4000000e+01   2.4313406e-15   4.0420313e-01   4.0420313e-01
   2.3000000e+01   1.4000000e+01   1.8449291e-15   2.8556250e-01   2.8556250e-01
   2.4000000e+01   1.4000000e+01   1.0980243e-15   1.4401562e-01   1.4401562e-01
   2.5000000e+01   1.4000000e+01   8.3925474e-16   7.8390625e-02   7.8390625e-02
   2.6000000e+01   1.4000000e+01   8.0451991e-16   7.7078125e-02   7.7078125e-02
   2.7000000e+01   1.4000000e+01   1.0664321e-15   1.3384375e-01   1.3384375e-01
   2.8000000e+01   1.4000000e+01   1.6712556e-15   2.5614062e-01   2.5614062e-01
   2.9000000e+01   1.4000000e+01   2.0915274e-15   3.5381250e-01   3.5381250e-01
   3.0000000e+01   1.4000000e+01   2.0425366e-15   3.5590625e-01   3.5590625e-01
   3.1000000e+01   1.4000000e+01   2.1149636e-15   3.7143750e-01   3.7143750e-01
   3.2000000e+01   1.4000000e+01   1.8057222e-15   3.8579687e-01   3.8579687e-01
   3.3000000e+01   1.4000000e+01   2.1789144e-15   3.7000000e-01   3.7000000e-01
   3.4000000e+01   1.4000000e+01   2.4487096e-15   3.8989062e-01   3.8989062e-01
   3.5000000e+01   1.4000000e+01   1.8041218e-15   3.6584375e-01   3.6584375e-01
   3.6000000e+01   1.4000000e+01   2.3255079e-15   4.2893750e-01   4.2893750e-01
   3.7000000e+01   1.4000000e+01   2.2462550e-15   3.9714062e-01   3.9714062e-01
   3.8000000e+01   1.4000000e+01   2.1286354e-15   3.7795313e-01   3.7795313e-01
   3.9000000e+01   1.4000000e+01   1.4251480e-15   2.6417187e-01   2.6417187e-01
   4.0000000e+01   1.4000000e+01   1.2251983e-15   1.7310937e-01   1.7310937e-01
   4.1000000e+01   1.4000000e+01   8.7792000e-16   9.2187500e-02   9.2187500e-02
   4.2000000e+01   1.4000000e+01   7.6932751e-16   7.4296875e-02   7.4296875e-02
   4.3000000e+01   1.4000000e+01   8.1794044e-16   9.0828125e-02   9.0828125e-02
   4.4000000e+01   1.4000000e+01   1.3184118e-15   1.7317187e-01   1.7317187e-01
   4.5000000e+01   1.4000000e+01   1.8554587e-15   2.9382813e-01   2.9382813e-01
   4.6000000e+01   1.4000000e+01   1.9776040e-15   3.2379687e-01   3.2379687e-01
   4.7000000e+01   1.4000000e+01   5.3944138e-15   3.4112500e-01   3.4112500e-01
   1.0000000e+00   1.5000000e+01   6.2990527e-15   2.6365625e-01   2.6365625e-01
   2.0000000e+00   1.5000000e+01   5.1413750e-15   2.5739062e-01   2.5739062e-01
   3.0000000e+00   1.5000000e+01   5.6052877e-15   3.1342187e-01   3.1342187e-01
   4.0000000e+00   1.5000000e+01   2.1742882e-15   2.7192187e-01   2.7192187e-01
   5.0000000e+00   1.5000000e+01   2.0215566e-15   2.7131250e-01   2.7131250e-01
   6.0000000e+00   1.5000000e+01   2.0417391e-15   1.9857812e-01   1.9857812e-01
   7.0000000e+00   1.5000000e+01   3.3454287e-15   1.0723437e-01   1.0723437e-01
   8.0000000e+00   1.5000000e+01   3.1037892e-15   1.1023437e-01   1.1023437e-01
   9.0000000e+00   1.5000000e+01   2.6370403e-15   8.6968750e-02   8.6968750e-02
   1.0000000e+01   1.5000000e+01   2.8690378e-15   1.0357812e-01   1.0357812e-01
   1.1000000e+01   1.5000000e+01   3.2421029e-15   1.1578125e-01   1.1578125e-01
   1.2000000e+01   1.5000000e+01   3.0617781e-15   2.0264062e-01   2.0264062e-01
   1.3000000e+01   1.5000000e+01   3.0420072e-15   2.6192187e-01   2.6192187e-01
   1.4000000e+01   1.5000000e+01   2.9319028e-15   2.7898437e-01   2.7898437e-01
   1.5000000e+01   1.5000000e+01   2.8439713e-15   2.3960937e-01   2.3960937e-01
   1.6000000e+01   1.5000000e+01   2.5444881e-15   3.0123438e-01   3.0123438e-01
   1.7000000e+01   1.5000000e+01   3.1973163e-15   2.7200000e-01   2.7200000e-01
   1.8000000e+01   1.5000000e+01   2.9607614e-15   2.4960937e-01   2.4960937e-01
   1.9000000e+01   1.5000000e+01   3.4571838e-15   2.7648438e-01   2.7648438e-01
   2.0000000e+01   1.5000000e+01   3.0530454e-15   3.5282812e-01   3.5282812e-01
   2.1000000e+01   1.5000000e+01   2.7531995e-15   3.0276562e-01   3.0276562e-01
   2.2000000e+01   1.5000000e+01   2.1534839e-15   2.6357813e-01   2.6357813e-01
   2.3000000e+01   1.5000000e+01   1.2152393e-15   1.5400000e-01   1.5400000e-01
   2.4000000e+01   1.5000000e+01   1.0436565e-15   9.9421875e-02   9.9421875e-02
   2.5000000e+01   1.5000000e+01   1.2859385e-15   1.0342187e-01   1.0342187e-01
   2.6000000e+01   1.5000000e+01   8.8899624e-16   5.9921875e-02   5.9921875e-02
   2.7000000e+01   1.5000000e+01   6.1956240e-16   8.0125000e-02   8.0125000e-02
   2.8000000e+01   1.5000000e+01   8.5898818e-16   1.3217187e-01   1.3217187e-01
   2.9000000e+01   1.5000000e+01   1.3515496e-15   2.0517187e-01   2.0517187e-01
   3.0000000e+01   1.5000000e+01   1.4743137e-15   2.4085937e-01   2.4085937e-01
   3.1000000e+01   1.5000000e+01   1.5562272e-15   2.4193750e-01   2.4193750e-01
   3.2000000e+01   1.5000000e+01   1.2565224e-15   2.5431250e-01   2.5431250e-01
   3.3000000e+01   1.5000000e+01   1.3433554e-15   2.3998437e-01   2.3998437e-01
   3.4000000e+01   1.5000000e+01   1.3849808e-15   2.2556250e-01   2.2556250e-01
   3.5000000e+01   1.5000000e+01   1.5111181e-15   2.2650000e-01   2.2650000e-01
   3.6000000e+01   1.5000000e+01   1.5556573e-15   2.4023437e-01   2.4023437e-01
   3.7000000e+01   1.5000000e+01   1.5342482e-15   2.3485937e-01   2.3485937e-01
   3.8000000e+01   1.5000000e+01   1.4978933e-15   2.1931250e-01   2.1931250e-01
   3.9000000e+01   1.5000000e+01   1.2212510e-15   1.6303125e-01   1.6303125e-01
   4.0000000e+01   1.5000000e+01   7.7701481e-16   9.2515625e-02   9.2515625e-02
   4.1000000e+01   1.5000000e+01   7.6375397e-16   7.9265625e-02   7.9265625e-02
   4.2000000e+01   1.5000000e+01   9.1305546e-16   1.1464062e-01   1.1464062e-01
   4.3000000e+01   1.5000000e+01   7.7971453e-16   8.7812500e-02   8.7812500e-02
   4.4000000e+01   1.5000000e+01   7.8156982e-16   9.1031250e-02   9.1031250e-02
   4.5000000e+01   1.5000000e+01   8.8580255e-16   1.2428125e-01   1.2428125e-01
   4.6000000e+01   1.5000000e+01   1.2778916e-15   1.8131250e-01   1.8131250e-01
   4.7000000e+01   1.5000000e+01   1.2562588e-15   1.8040625e-01   1.8040625e-01
   1.0000000e+00   1.6000000e+01   1.1117659e-15   1.5015625e-01   1.5015625e-01
   2.0000000e+00   1.6000000e+01   1.0725698e-15   1.4928125e-01   1.4928125e-01
   3.0000000e+00   1.6000000e+01   1.1237224e-15   1.5976562e-01   1.5976562e-01
   4.0000000e+00   1.6000000e+01   1.2146062e-15   1.5743750e-01   1.5743750e-01
   5.0000000e+00   1.6000000e+01   1.1213971e-15   1.5171875e-01   1.5171875e-01
   6.0000000e+00   1.6000000e+01   9.1218876e-16   1.0646875e-01   1.0646875e-01
   7.0000000e+00   1.6000000e+01   7.7358085e-16   8.3171875e-02   8.3171875e-02
   8.0000000e+00   1.6000000e+01   7.8788062e-16   7.5406250e-02   7.5406250e-02
   9.0000000e+00   1.6000000e+01   9.9354379e-16   1.3668750e-01   1.3668750e-01
   1.0000000e+01   1.6000000e+01   9.1697090e-16   1.1378125e-01   1.1378125e-01
   1.1000000e+01   1.6000000e+01   7.2819478e-16   8.2437500e-02   8.2437500e-02
   1.2000000e+01   1.6000000e+01   8.0698477e-16   1.0473437e-01   1.0473437e-01
   1.3000000e+01   1.6000000e+01   9.3215923e-16   1.3673437e-01   1.3673437e-01
   1.4000000e+01   1.6000000e+01   1.0876115e-15   1.4939062e-01   1.4939062e-01
   1.5000000e+01   1.6000000e+01   1.0624194e-15   1.5248437e-01   1.5248437e-01
   1.6000000e+01   1.6000000e+01   1.0579866e-15   1.5390625e-01   1.5390625e-01
   1.7000000e+01   1.6000000e+01   1.0861798e-15   1.4195312e-01   1.4195312e-01
   1.8000000e+01   1.6000000e+01   1.1635486e-15   1.5307812e-01   1.5307812e-01
   1.9000000e+01   1.6000000e+01   1.1849112e-15   1.5890625e-01   1.5890625e-01
   2.0000000e+01   1.6000000e+01   1.2120200e-15   1.7206250e-01   1.7206250e-01
   2.1000000e+01   1.6000000e+01   1.1807397e-15   1.6532812e-01   1.6532812e-01
   2.2000000e+01   1.6000000e+01   1.1792047e-15   1.4764062e-01   1.4764062e-01
   2.3000000e+01   1.6000000e+01   8.9080520e-16   1.0651562e-01   1.0651562e-01
   2.4000000e+01   1.6000000e+01   7.2319695e-16   7.0281250e-02   7.0281250e-02
   2.5000000e+01   1.6000000e+01   8.5744027e-16   9.8593750e-02   9.8593750e-02
   2.6000000e+01   1.6000000e+01   1.0075176e-15   1.2506250e-01   1.2506250e-01
   2.7000000e+01   1.6000000e+01   7.5087590e-16   8.9031250e-02   8.9031250e-02
   2.8000000e+01   1.6000000e+01   7.9206001e-16   8.5328125e-02   8.5328125e-02
   2.9000000e+01   1.6000000e+01   1.0452411e-15   1.2821875e-01   1.2821875e-01
   3.0000000e+01   1.6000000e+01   1.0860524e-15   1.5217187e-01   1.5217187e-01
   3.1000000e+01   1.6000000e+01   9.9668371e-16   1.4739062e-01   1.4739062e-01
   3.2000000e+01   1.6000000e+01   1.0995217e-15   1.5376562e-01   1.5376562e-01
   3.3000000e+01   1.6000000e+01   1.0597421e-15   1.4504687e-01   1.4504687e-01
   3.4000000e+01   1.6000000e+01   1.0634141e-15   1.4267187e-01   1.4267187e-01
   3.5000000e+01   1.6000000e+01   1.1745683e-15   1.5028125e-01   1.5028125e-01
   3.6000000e+01   1.6000000e+01   1.1424872e-15   1.5010937e-01   1.5010937e-01
   3.7000000e+01   1.6000000e+01   1.2248234e-15   1.6632812e-01   1.6632812e-01
   3.8000000e+01   1.6000000e+01   1.1793316e-15   1.5939062e-01   1.5939062e-01
   3.9000000e+01   1.6000000e+01   9.8384589e-16   1.1393750e-01   1.1393750e-01
   4.0000000e+01   1.6000000e+01   8.0724644e-16   6.9625000e-02   6.9625000e-02
   4.1000000e+01   1.6000000e+01   8.2105998e-16   7.5078125e-02   7.5078125e-02
   4.2000000e+01   1.6000000e+01   9.7645162e-16   1.2079687e-01   1.2079687e-01
   4.3000000e+01   1.6000000e+01   1.0138799e-15   1.2057812e-01   1.2057812e-01
   4.4000000e+01   1.6000000e+01   8.7626718e-16   9.0109375e-02   9.0109375e-02
   4.5000000e+01   1.6000000e+01   9.8794885e-16   1.1779687e-01   1.1779687e-01
   4.6000000e+01   1.6000000e+01   1.2301597e-15   1.6085937e-01   1.6085937e-01
   4.7000000e+01   1.6000000e+01   1.3672258e-15   1.9492187e-01   1.9492187e-01
   1.0000000e+00   1.7000000e+01   1.6060528e-15   2.4159375e-01   2.4159375e-01
   2.0000000e+00   1.7000000e+01   1.3122282e-15   2.3309375e-01   2.3309375e-01
   3.0000000e+00   1.7000000e+01   1.6007815e-15   2.4578125e-01   2.4578125e-01
   4.0000000e+00   1.7000000e+01   1.6975648e-15   2.6939062e-01   2.6939062e-01
   5.0000000e+00   1.7000000e+01   1.5296667e-15   2.4989062e-01   2.4989062e-01
   6.0000000e+00   1.7000000e+01   1.3154891e-15   1.9034375e-01   1.9034375e-01
   7.0000000e+00   1.7000000e+01   8.9216104e-16   1.0826562e-01   1.0826562e-01
   8.0000000e+00   1.7000000e+01   7.8790367e-16   7.4546875e-02   7.4546875e-02
   9.0000000e+00   1.7000000e+01   8.5350810e-16   1.0034375e-01   1.0034375e-01
   1.0000000e+01   1.7000000e+01   9.2045912e-16   1.2471875e-01   1.2471875e-01
   1.1000000e+01   1.7000000e+01   9.6308532e-16   1.3167187e-01   1.3167187e-01
   1.2000000e+01   1.7000000e+01   1.2418254e-15   1.9856250e-01   1.9856250e-01
   1.3000000e+01   1.7000000e+01   1.5357066e-15   2.4603125e-01   2.4603125e-01
   1.4000000e+01   1.7000000e+01   1.7056922e-15   2.7912500e-01   2.7912500e-01
   1.5000000e+01   1.7000000e+01   1.6163938e-15   2.6584375e-01   2.6584375e-01
   1.6000000e+01   1.7000000e+01   1.5136207e-15   2.6862500e-01   2.6862500e-01
   1.7000000e+01   1.7000000e+01   1.2649631e-15   2.4682812e-01   2.4682812e-01
   1.8000000e+01   1.7000000e+01   1.1904592e-15   2.3256250e-01   2.3256250e-01
   1.9000000e+01   1.7000000e+01   1.4339282e-15   2.6479687e-01   2.6479687e-01
   2.0000000e+01   1.7000000e+01   1.5873988e-15   3.0253125e-01   3.0253125e-01
   2.1000000e+01   1.7000000e+01   1.5388756e-15   2.9562500e-01   2.9562500e-01
   2.2000000e+01   1.7000000e+01   1.5904109e-15   3.1298437e-01   3.1298437e-01
   2.3000000e+01   1.7000000e+01   1.1089129e-15   1.9837500e-01   1.9837500e-01
   2.4000000e+01   1.7000000e+01   7.7972247e-16   9.6734375e-02   9.6734375e-02
   2.5000000e+01   1.7000000e+01   6.5194799e-16   7.3906250e-02   7.3906250e-02
   2.6000000e+01   1.7000000e+01   6.9224534e-16   1.0768750e-01   1.0768750e-01
   2.7000000e+01   1.7000000e+01   7.4364637e-16   1.0967187e-01   1.0967187e-01
   2.8000000e+01   1.7000000e+01   9.7407627e-16   1.5014062e-01   1.5014062e-01
   2.9000000e+01   1.7000000e+01   1.4416017e-15   2.5306250e-01   2.5306250e-01
   3.0000000e+01   1.7000000e+01   1.6271194e-15   3.0142187e-01   3.0142187e-01
   3.1000000e+01   1.7000000e+01   1.4755986e-15   3.0303125e-01   3.0303125e-01
   3.2000000e+01   1.7000000e+01   1.7871860e-15   2.8400000e-01   2.8400000e-01
   3.3000000e+01   1.7000000e+01   1.3511528e-15   2.6542187e-01   2.6542187e-01
   3.4000000e+01   1.7000000e+01   1.1648027e-15   2.3987500e-01   2.3987500e-01
   3.5000000e+01   1.7000000e+01   1.3860284e-15   2.5857812e-01   2.5857812e-01
   3.6000000e+01   1.7000000e+01   1.7938433e-15   2.9781250e-01   2.9781250e-01
   3.7000000e+01   1.7000000e+01   1.9094782e-15   3.1504687e-01   3.1504687e-01
   3.8000000e+01   1.7000000e+01   1.9473746e-15   3.2446875e-01   3.2446875e-01
   3.9000000e+01   1.7000000e+01   1.7104922e-15   2.7304687e-01   2.7304687e-01
   4.0000000e+01   1.7000000e+01   1.2436971e-15   1.6059375e-01   1.6059375e-01
   4.1000000e+01   1.7000000e+01   8.1120603e-16   7.3437500e-02   7.3437500e-02
   4.2000000e+01   1.7000000e+01   8.5401289e-16   8.3578125e-02   8.3578125e-02
   4.3000000e+01   1.7000000e+01   9.4455509e-16   1.0903125e-01   1.0903125e-01
   4.4000000e+01   1.7000000e+01   1.2052190e-15   1.5848437e-01   1.5848437e-01
   4.5000000e+01   1.7000000e+01   1.7156016e-15   2.6493750e-01   2.6493750e-01
   4.6000000e+01   1.7000000e+01   1.9644632e-15   3.2757813e-01   3.2757813e-01
   4.7000000e+01   1.7000000e+01   2.1568691e-15   3.7021875e-01   3.7021875e-01
   1.0000000e+00   1.8000000e+01   1.8244771e-15   3.0106250e-01   3.0106250e-01
   2.0000000e+00   1.8000000e+01   1.9242307e-15   3.3081250e-01   3.3081250e-01
   3.0000000e+00   1.8000000e+01   2.1078223e-15   3.5795312e-01   3.5795312e-01
   4.0000000e+00   1.8000000e+01   2.1803820e-15   3.7189062e-01   3.7189062e-01
   5.0000000e+00   1.8000000e+01   2.3028639e-15   3.9639063e-01   3.9639063e-01
   6.0000000e+00   1.8000000e+01   1.9900904e-15   3.3570312e-01   3.3570312e-01
   7.0000000e+00   1.8000000e+01   1.5299188e-15   2.2796875e-01   2.2796875e-01
   8.0000000e+00   1.8000000e+01   8.6027702e-16   1.0623437e-01   1.0623437e-01
   9.0000000e+00   1.8000000e+01   8.0406788e-16   7.3343750e-02   7.3343750e-02
   1.0000000e+01   1.8000000e+01   9.4338305e-16   1.0682812e-01   1.0682812e-01
   1.1000000e+01   1.8000000e+01   1.2463253e-15   1.7631250e-01   1.7631250e-01
   1.2000000e+01   1.8000000e+01   1.7415518e-15   2.7806250e-01   2.7806250e-01
   1.3000000e+01   1.8000000e+01   2.1737600e-15   3.6967187e-01   3.6967187e-01
   1.4000000e+01   1.8000000e+01   2.1252717e-15   3.7115625e-01   3.7115625e-01
   1.5000000e+01   1.8000000e+01   2.3094711e-15   3.9804687e-01   3.9804687e-01
   1.6000000e+01   1.8000000e+01   2.1429684e-15   3.5778125e-01   3.5778125e-01
   1.7000000e+01   1.8000000e+01   2.1424067e-15   3.5590625e-01   3.5590625e-01
   1.8000000e+01   1.8000000e+01   1.8930013e-15   3.1095313e-01   3.1095313e-01
   1.9000000e+01   1.8000000e+01   2.1375869e-15   3.6245312e-01   3.6245312e-01
   2.0000000e+01   1.8000000e+01   2.3140350e-15   3.9553125e-01   3.9553125e-01
   2.1000000e+01   1.8000000e+01   2.5198527e-15   4.3042187e-01   4.3042187e-01
   2.2000000e+01   1.8000000e+01   2.4437452e-15   4.2137500e-01   4.2137500e-01
   2.3000000e+01   1.8000000e+01   2.1954572e-15   3.7935938e-01   3.7935938e-01
   2.4000000e+01   1.8000000e+01   1.2608156e-15   1.7089062e-01   1.7089062e-01
   2.5000000e+01   1.8000000e+01   8.1675469e-16   7.5343750e-02   7.5343750e-02
   2.6000000e+01   1.8000000e+01   8.1688079e-16   7.3625000e-02   7.3625000e-02
   2.7000000e+01   1.8000000e+01   1.0212749e-15   1.1871875e-01   1.1871875e-01
   2.8000000e+01   1.8000000e+01   1.5507440e-15   2.3545312e-01   2.3545312e-01
   2.9000000e+01   1.8000000e+01   2.0431132e-15   3.2751562e-01   3.2751562e-01
   3.0000000e+01   1.8000000e+01   2.3449596e-15   3.9656250e-01   3.9656250e-01
   3.1000000e+01   1.8000000e+01   2.2149447e-15   3.8392187e-01   3.8392187e-01
   3.2000000e+01   1.8000000e+01   2.3674508e-15   3.9978125e-01   3.9978125e-01
   3.3000000e+01   1.8000000e+01   2.1822858e-15   3.5973438e-01   3.5973438e-01
   3.4000000e+01   1.8000000e+01   2.0597020e-15   3.4393750e-01   3.4393750e-01
   3.5000000e+01   1.8000000e+01   2.0402976e-15   3.2090625e-01   3.2090625e-01
   3.6000000e+01   1.8000000e+01   2.3267568e-15   3.8750000e-01   3.8750000e-01
   3.7000000e+01   1.8000000e+01   2.3884664e-15   4.0095312e-01   4.0095312e-01
   3.8000000e+01   1.8000000e+01   2.4421358e-15   4.0915625e-01   4.0915625e-01
   3.9000000e+01   1.8000000e+01   2.3260350e-15   4.0371875e-01   4.0371875e-01
   4.0000000e+01   1.8000000e+01   1.7012085e-15   2.7348438e-01   2.7348438e-01
   4.1000000e+01   1.8000000e+01   1.0817308e-15   1.3284375e-01   1.3284375e-01
   4.2000000e+01   1.8000000e+01   8.1510424e-16   7.1718750e-02   7.1718750e-02
   4.3000000e+01   1.8000000e+01   9.6914271e-16   1.1403125e-01   1.1403125e-01
   4.4000000e+01   1.8000000e+01   1.5598085e-15   2.2950000e-01   2.2950000e-01
   4.5000000e+01   1.8000000e+01   2.0945768e-15   3.4498437e-01   3.4498437e-01
   4.6000000e+01   1.8000000e+01   2.2406130e-15   3.7809375e-01   3.7809375e-01
   4.7000000e+01   1.8000000e+01   2.4463203e-15   4.2796875e-01   4.2796875e-01
   1.0000000e+00   1.9000000e+01   2.1227399e-15   3.5176562e-01   3.5176562e-01
   2.0000000e+00   1.9000000e+01   2.1209668e-15   3.5506250e-01   3.5506250e-01
   3.0000000e+00   1.9000000e+01   2.4605422e-15   4.1909375e-01   4.1909375e-01
   4.0000000e+00   1.9000000e+01   2.3663501e-15   3.9757813e-01   3.9757813e-01
   5.0000000e+00   1.9000000e+01   2.5562076e-15   4.3671875e-01   4.3671875e-01
   6.0000000e+00   1.9000000e+01   2.3644633e-15   4.1034375e-01   4.1034375e-01
   7.0000000e+00   1.9000000e+01   2.0569550e-15   3.3321875e-01   3.3321875e-01
   8.0000000e+00   1.9000000e+01   1.4342786e-15   2.0228125e-01   2.0228125e-01
   9.0000000e+00   1.9000000e+01   8.9674838e-16   9.1796875e-02   9.1796875e-02
   1.0000000e+01   1.9000000e+01   1.0964426e-15   1.2493750e-01   1.2493750e-01
   1.1000000e+01   1.9000000e+01   1.5900584e-15   2.3629687e-01   2.3629687e-01
   1.2000000e+01   1.9000000e+01   2.0941074e-15   3.4050000e-01   3.4050000e-01
   1.3000000e+01   1.9000000e+01   2.2740150e-15   3.8292187e-01   3.8292187e-01
   1.4000000e+01   1.9000000e+01   2.4481812e-15   4.1343750e-01   4.1343750e-01
   1.5000000e+01   1.9000000e+01   2.4434470e-15   4.0248438e-01   4.0248438e-01
   1.6000000e+01   1.9000000e+01   2.4487047e-15   4.1926562e-01   4.1926562e-01
   1.7000000e+01   1.9000000e+01   2.3388575e-15   4.0418750e-01   4.0418750e-01
   1.8000000e+01   1.9000000e+01   1.9853107e-15   3.3184375e-01   3.3184375e-01
   1.9000000e+01   1.9000000e+01   2.2447897e-15   3.7639062e-01   3.7639062e-01
   2.0000000e+01   1.9000000e+01   2.5064920e-15   4.2250000e-01   4.2250000e-01
   2.1000000e+01   1.9000000e+01   2.5774587e-15   4.3100000e-01   4.3100000e-01
   2.2000000e+01   1.9000000e+01   2.5446843e-15   4.4273438e-01   4.4273438e-01
   2.3000000e+01   1.9000000e+01   2.5286573e-15   4.2481250e-01   4.2481250e-01
   2.4000000e+01   1.9000000e+01   2.0372522e-15   3.2992187e-01   3.2992187e-01
   2.5000000e+01   1.9000000e+01   1.0939207e-15   1.4912500e-01   1.4912500e-01
   2.6000000e+01   1.9000000e+01   8.0430001e-16   9.2734375e-02   9.2734375e-02
   2.7000000e+01   1.9000000e+01   1.2363705e-15   1.6232812e-01   1.6232812e-01
   2.8000000e+01   1.9000000e+01   1.8855582e-15   2.9478125e-01   2.9478125e-01
   2.9000000e+01   1.9000000e+01   2.2201529e-15   3.6298437e-01   3.6298437e-01
   3.0000000e+01   1.9000000e+01   2.4906031e-15   4.2257812e-01   4.2257812e-01
   3.1000000e+01   1.9000000e+01   2.3725754e-15   4.0523437e-01   4.0523437e-01
   3.2000000e+01   1.9000000e+01   2.4876817e-15   4.3315625e-01   4.3315625e-01
   3.3000000e+01   1.9000000e+01   2.2472982e-15   4.0523437e-01   4.0523437e-01
   3.4000000e+01   1.9000000e+01   1.9301718e-15   3.5157812e-01   3.5157812e-01
   3.5000000e+01   1.9000000e+01   1.9938137e-15   3.4579688e-01   3.4579688e-01
   3.6000000e+01   1.9000000e+01   2.1517835e-15   3.9220312e-01   3.9220312e-01
   3.7000000e+01   1.9000000e+01   2.4184306e-15   4.3962500e-01   4.3962500e-01
   3.8000000e+01   1.9000000e+01   2.4035469e-15   4.1917187e-01   4.1917187e-01
   3.9000000e+01   1.9000000e+01   2.3797038e-15   4.1248437e-01   4.1248437e-01
   4.0000000e+01   1.9000000e+01   2.1750650e-15   3.7031250e-01   3.7031250e-01
   4.1000000e+01   1.9000000e+01   1.5141650e-15   2.3860937e-01   2.3860937e-01
   4.2000000e+01   1.9000000e+01   8.8770724e-16   9.8390625e-02   9.8390625e-02
   4.3000000e+01   1.9000000e+01   1.0415086e-15   1.3471875e-01   1.3471875e-01
   4.4000000e+01   1.9000000e+01   1.7407008e-15   2.8565625e-01   2.8565625e-01
   4.5000000e+01   1.9000000e+01   2.0945781e-15   3.5198437e-01   3.5198437e-01
   4.6000000e+01   1.9000000e+01   2.2926057e-15   3.9535937e-01   3.9535937e-01
   4.7000000e+01   1.9000000e+01   2.3350136e-15   4.0848437e-01   4.0848437e-01
   1.0000000e+00   2.0000000e+01   2.2279403e-15   3.8995312e-01   3.8995312e-01
   2.0000000e+00   2.0000000e+01   2.1059136e-15   3.8015625e-01   3.8015625e-01
   3.0000000e+00   2.0000000e+01   2.4351652e-15   4.2995312e-01   4.2995312e-01
   4.0000000e+00   2.0000000e+01   2.7098165e-15   4.8206250e-01   4.8206250e-01
   5.0000000e+00   2.0000000e+01   2.2870066e-15   4.2714063e-01   4.2714063e-01
   6.0000000e+00   2.0000000e+01   2.0636958e-15   4.1493750e-01   4.1493750e-01
   7.0000000e+00   2.0000000e+01   1.8937127e-15   3.7429687e-01   3.7429687e-01
   8.0000000e+00   2.0000000e+01   1.3619312e-15   2.8912500e-01   2.8912500e-01
   9.0000000e+00   2.0000000e+01   1.0404968e-15   1.3603125e-01   1.3603125e-01
   1.0000000e+01   2.0000000e+01   1.4106962e-15   1.5528125e-01   1.5528125e-01
   1.1000000e+01   2.0000000e+01   1.3294490e-15   2.7121875e-01   2.7121875e-01
   1.2000000e+01   2.0000000e+01   1.6778391e-15   3.3892187e-01   3.3892187e-01
   1.3000000e+01   2.0000000e+01   1.6237141e-15   3.6006250e-01   3.6006250e-01
   1.4000000e+01   2.0000000e+01   1.7952763e-15   4.0667187e-01   4.0667187e-01
   1.5000000e+01   2.0000000e+01   1.9131469e-15   4.2712500e-01   4.2712500e-01
   1.6000000e+01   2.0000000e+01   1.9731253e-15   4.3085937e-01   4.3085937e-01
   1.7000000e+01   2.0000000e+01   1.9665174e-15   4.1350000e-01   4.1350000e-01
   1.8000000e+01   2.0000000e+01   2.0251459e-15   3.5946875e-01   3.5946875e-01
   1.9000000e+01   2.0000000e+01   1.9807143e-15   3.6057812e-01   3.6057812e-01
   2.0000000e+01   2.0000000e+01   2.0827182e-15   4.4407812e-01   4.4407812e-01
   2.1000000e+01   2.0000000e+01   2.0944445e-15   4.5265625e-01   4.5265625e-01
   2.2000000e+01   2.0000000e+01   2.3746302e-15   4.1704687e-01   4.1704687e-01
   2.3000000e+01   2.0000000e+01   2.2322383e-15   4.0343750e-01   4.0343750e-01
   2.4000000e+01   2.0000000e+01   2.1561759e-15   3.6790625e-01   3.6790625e-01
   2.5000000e+01   2.0000000e+01   1.3967957e-15   2.1864062e-01   2.1864062e-01
   2.6000000e+01   2.0000000e+01   9.0575842e-16   1.2040625e-01   1.2040625e-01
   2.7000000e+01   2.0000000e+01   1.1647790e-15   1.8045312e-01   1.8045312e-01
   2.8000000e+01   2.0000000e+01   1.7644543e-15   3.1021875e-01   3.1021875e-01
   2.9000000e+01   2.0000000e+01   1.8349497e-15   3.6182813e-01   3.6182813e-01
   3.0000000e+01   2.0000000e+01   2.0600759e-15   3.8334375e-01   3.8334375e-01
   3.1000000e+01   2.0000000e+01   2.1027805e-15   4.2679687e-01   4.2679687e-01
   3.2000000e+01   2.0000000e+01   2.0158322e-15   4.2079687e-01   4.2079687e-01
   3.3000000e+01   2.0000000e+01   2.2172562e-15   4.3942187e-01   4.3942187e-01
   3.4000000e+01   2.0000000e+01   1.9929679e-15   3.6884375e-01   3.6884375e-01
   3.5000000e+01   2.0000000e+01   1.6900495e-15   3.4031250e-01   3.4031250e-01
   3.6000000e+01   2.0000000e+01   2.0235876e-15   4.2721875e-01   4.2721875e-01
   3.7000000e+01   2.0000000e+01   2.3527133e-15   4.5789063e-01   4.5789063e-01
   3.8000000e+01   2.0000000e+01   2.2092665e-15   4.4037500e-01   4.4037500e-01
   3.9000000e+01   2.0000000e+01   2.0603762e-15   4.0987500e-01   4.0987500e-01
   4.0000000e+01   2.0000000e+01   1.8549638e-15   3.6923438e-01   3.6923438e-01
   4.1000000e+01   2.0000000e+01   1.6434126e-15   3.0518750e-01   3.0518750e-01
   4.2000000e+01   2.0000000e+01   9.3625390e-16   1.4339062e-01   1.4339062e-01
   4.3000000e+01   2.0000000e+01   9.2891705e-16   1.6171875e-01   1.6171875e-01
   4.4000000e+01   2.0000000e+01   1.3851116e-15   2.7909375e-01   2.7909375e-01
   4.5000000e+01   2.0000000e+01   2.0423597e-15   3.5356250e-01   3.5356250e-01
   4.6000000e+01   2.0000000e+01   2.1808386e-15   3.7103125e-01   3.7103125e-01
   4.7000000e+01   2.0000000e+01   2.2620497e-15   3.9068750e-01   3.9068750e-01
   1.0000000e+00   2.1000000e+01   2.1620807e-15   3.8440625e-01   3.8440625e-01
   2.0000000e+00   2.1000000e+01   2.1769772e-15   3.8409375e-01   3.8409375e-01
   3.0000000e+00   2.1000000e+01   2.6922862e-15   4.7968750e-01   4.7968750e-01
   4.0000000e+00   2.1000000e+01   2.7409798e-15   4.8768750e-01   4.8768750e-01
   5.0000000e+00   2.1000000e+01   2.6349733e-15   4.5768750e-01   4.5768750e-01
   6.0000000e+00   2.1000000e+01   2.5025455e-15   4.4810937e-01   4.4810937e-01
   7.0000000e+00   2.1000000e+01   2.2386047e-15   3.9300000e-01   3.9300000e-01
   8.0000000e+00   2.1000000e+01   1.7296851e-15   2.8629688e-01   2.8629688e-01
   9.0000000e+00   2.1000000e+01   1.0553967e-15   1.4998437e-01   1.4998437e-01
   1.0000000e+01   2.1000000e+01   1.1262931e-15   1.4923437e-01   1.4923437e-01
   1.1000000e+01   2.1000000e+01   1.6124984e-15   2.5884375e-01   2.5884375e-01
   1.2000000e+01   2.1000000e+01   1.9452117e-15   3.2817188e-01   3.2817188e-01
   1.3000000e+01   2.1000000e+01   2.2007419e-15   3.5978125e-01   3.5978125e-01
   1.4000000e+01   2.1000000e+01   2.3236639e-15   4.0151562e-01   4.0151562e-01
   1.5000000e+01   2.1000000e+01   2.2924069e-15   4.1007812e-01   4.1007812e-01
   1.6000000e+01   2.1000000e+01   2.3856083e-15   4.2495312e-01   4.2495312e-01
   1.7000000e+01   2.1000000e+01   2.4591013e-15   4.3437500e-01   4.3437500e-01
   1.8000000e+01   2.1000000e+01   2.0675063e-15   3.5112500e-01   3.5112500e-01
   1.9000000e+01   2.1000000e+01   2.0162263e-15   3.4489062e-01   3.4489062e-01
   2.0000000e+01   2.1000000e+01   2.6444294e-15   4.6932812e-01   4.6932812e-01
   2.1000000e+01   2.1000000e+01   2.6938054e-15   4.7665625e-01   4.7665625e-01
   2.2000000e+01   2.1000000e+01   2.4857727e-15   4.4020312e-01   4.4020312e-01
   2.3000000e+01   2.1000000e+01   2.3847540e-15   4.1915625e-01   4.1915625e-01
   2.4000000e+01   2.1000000e+01   2.2160364e-15   3.6396875e-01   3.6396875e-01
   2.5000000e+01   2.1000000e+01   1.5142556e-15   2.2459375e-01   2.2459375e-01
   2.6000000e+01   2.1000000e+01   9.8764360e-16   1.1937500e-01   1.1937500e-01
   2.7000000e+01   2.1000000e+01   1.3053512e-15   1.9082812e-01   1.9082812e-01
   2.8000000e+01   2.1000000e+01   1.7559955e-15   2.8896875e-01   2.8896875e-01
   2.9000000e+01   2.1000000e+01   2.0362175e-15   3.3296875e-01   3.3296875e-01
   3.0000000e+01   2.1000000e+01   2.2929428e-15   3.9053125e-01   3.9053125e-01
   3.1000000e+01   2.1000000e+01   2.3535388e-15   3.9307813e-01   3.9307813e-01
   3.2000000e+01   2.1000000e+01   2.4564413e-15   4.3045312e-01   4.3045312e-01
   3.3000000e+01   2.1000000e+01   2.4717706e-15   4.3703125e-01   4.3703125e-01
   3.4000000e+01   2.1000000e+01   2.0943327e-15   3.5973438e-01   3.5973438e-01
   3.5000000e+01   2.1000000e+01   2.0383173e-15   3.3662500e-01   3.3662500e-01
   3.6000000e+01   2.1000000e+01   2.3378584e-15   4.1762500e-01   4.1762500e-01
   3.7000000e+01   2.1000000e+01   2.6411475e-15   4.6195312e-01   4.6195312e-01
   3.8000000e+01   2.1000000e+01   2.5142101e-15   4.5015625e-01   4.5015625e-01
   3.9000000e+01   2.1000000e+01   2.3761073e-15   4.1829688e-01   4.1829688e-01
   4.0000000e+01   2.1000000e+01   2.1592304e-15   3.7225000e-01   3.7225000e-01
   4.1000000e+01   2.1000000e+01   1.6479870e-15   2.7628125e-01   2.7628125e-01
   4.2000000e+01   2.1000000e+01   1.0155794e-15   1.2126562e-01   1.2126562e-01
   4.3000000e+01   2.1000000e+01   1.0589311e-15   1.2765625e-01   1.2765625e-01
   4.4000000e+01   2.1000000e+01   1.6399736e-15   2.5554687e-01   2.5554687e-01
   4.5000000e+01   2.1000000e+01   2.0484372e-15   3.3089062e-01   3.3089062e-01
   4.6000000e+01   2.1000000e+01   2.2364077e-15   3.7053125e-01   3.7053125e-01
   4.7000000e+01   2.1000000e+01   2.3048628e-15   3.8839062e-01   3.8839062e-01
