   1.0000000e+00   1.0000000e+00   1.1498131e-15   1.3912500e-01   1.3912500e-01
   2.0000000e+00   1.0000000e+00   1.0887561e-15   1.2651562e-01   1.2651562e-01
   3.0000000e+00   1.0000000e+00   1.0128348e-15   1.1531250e-01   1.1531250e-01
   4.0000000e+00   1.0000000e+00   8.9806004e-16   8.0140625e-02   8.0140625e-02
   5.0000000e+00   1.0000000e+00   6.1712266e-16   3.3093750e-02   3.3093750e-02
   6.0000000e+00   1.0000000e+00   6.1754934e-16   2.0703125e-02   2.0703125e-02
   7.0000000e+00   1.0000000e+00   7.6008736e-16   4.8906250e-02   4.8906250e-02
   8.0000000e+00   1.0000000e+00   9.5839707e-16   9.3125000e-02   9.3125000e-02
   9.0000000e+00   1.0000000e+00   1.0787067e-15   1.2473437e-01   1.2473437e-01
   1.0000000e+01   1.0000000e+00   1.0142503e-15   1.1710937e-01   1.1710937e-01
   1.1000000e+01   1.0000000e+00   1.1082955e-15   1.2240625e-01   1.2240625e-01
   1.2000000e+01   1.0000000e+00   1.0905862e-15   1.3898437e-01   1.3898437e-01
   1.3000000e+01   1.0000000e+00   1.0995077e-15   1.3423437e-01   1.3423437e-01
   1.4000000e+01   1.0000000e+00   9.9414186e-16   1.1209375e-01   1.1209375e-01
   1.5000000e+01   1.0000000e+00   1.0128898e-15   1.1373437e-01   1.1373437e-01
   1.6000000e+01   1.0000000e+00   1.1457833e-15   1.3595312e-01   1.3595312e-01
   1.7000000e+01   1.0000000e+00   1.1411270e-15   1.4760937e-01   1.4760937e-01
   1.8000000e+01   1.0000000e+00   1.1501471e-15   1.3923437e-01   1.3923437e-01
   1.9000000e+01   1.0000000e+00   1.0905515e-15   1.2478125e-01   1.2478125e-01
   2.0000000e+01   1.0000000e+00   1.0437072e-15   1.1151562e-01   1.1151562e-01
   2.1000000e+01   1.0000000e+00   7.9796314e-16   6.9546875e-02   6.9546875e-02
   2.2000000e+01   1.0000000e+00   6.3996003e-16   2.9734375e-02   2.9734375e-02
   2.3000000e+01   1.0000000e+00   6.3763675e-16   3.3703125e-02   3.3703125e-02
   2.4000000e+01   1.0000000e+00   7.8377803e-16   7.1062500e-02   7.1062500e-02
   2.5000000e+01   1.0000000e+00   9.6382665e-16   1.0728125e-01   1.0728125e-01
   2.6000000e+01   1.0000000e+00   1.0554076e-15   1.1534375e-01   1.1534375e-01
   2.7000000e+01   1.0000000e+00   1.0580724e-15   1.2131250e-01   1.2131250e-01
   2.8000000e+01   1.0000000e+00   1.2204119e-15   1.4576562e-01   1.4576562e-01
   2.9000000e+01   1.0000000e+00   1.2694476e-15   1.6353125e-01   1.6353125e-01
   3.0000000e+01   1.0000000e+00   1.1477512e-15   1.4348437e-01   1.4348437e-01
   3.1000000e+01   1.0000000e+00   1.0612638e-15   1.2826562e-01   1.2826562e-01
   3.2000000e+01   1.0000000e+00   1.0958353e-15   1.3484375e-01   1.3484375e-01
   3.3000000e+01   1.0000000e+00   1.2418039e-15   1.6737500e-01   1.6737500e-01
   3.4000000e+01   1.0000000e+00   1.1910833e-15   1.6171875e-01   1.6171875e-01
   3.5000000e+01   1.0000000e+00   1.0647263e-15   1.3453125e-01   1.3453125e-01
   3.6000000e+01   1.0000000e+00   1.0443345e-15   1.1570312e-01   1.1570312e-01
   3.7000000e+01   1.0000000e+00   9.3690942e-16   9.7375000e-02   9.7375000e-02
   3.8000000e+01   1.0000000e+00   6.6599271e-16   4.3140625e-02   4.3140625e-02
   3.9000000e+01   1.0000000e+00   6.1427663e-16   2.9359375e-02   2.9359375e-02
   4.0000000e+01   1.0000000e+00   7.5540028e-16   7.0656250e-02   7.0656250e-02
   4.1000000e+01   1.0000000e+00   9.9930749e-16   1.0443750e-01   1.0443750e-01
   4.2000000e+01   1.0000000e+00   9.7728223e-16   1.1317187e-01   1.1317187e-01
   4.3000000e+01   1.0000000e+00   1.0449953e-15   1.2409375e-01   1.2409375e-01
   4.4000000e+01   1.0000000e+00   1.1449102e-15   1.5795312e-01   1.5795312e-01
   4.5000000e+01   1.0000000e+00   1.2277671e-15   1.8034375e-01   1.8034375e-01
   4.6000000e+01   1.0000000e+00   1.2495508e-15   1.6998437e-01   1.6998437e-01
   4.7000000e+01   1.0000000e+00   1.0188905e-15   1.2875000e-01   1.2875000e-01
   1.0000000e+00   2.0000000e+00   1.2000225e-15   1.4881250e-01   1.4881250e-01
   2.0000000e+00   2.0000000e+00   1.0670367e-15   1.3620312e-01   1.3620312e-01
   3.0000000e+00   2.0000000e+00   1.0252599e-15   1.1710937e-01   1.1710937e-01
   4.0000000e+00   2.0000000e+00   8.9778118e-16   9.2843750e-02   9.2843750e-02
   5.0000000e+00   2.0000000e+00   6.4834888e-16   6.4468750e-02   6.4468750e-02
   6.0000000e+00   2.0000000e+00   6.3470770e-16   3.1515625e-02   3.1515625e-02
   7.0000000e+00   2.0000000e+00   7.1509736e-16   5.8750000e-02   5.8750000e-02
   8.0000000e+00   2.0000000e+00   8.9052826e-16   9.3015625e-02   9.3015625e-02
   9.0000000e+00   2.0000000e+00   9.9833952e-16   1.0910937e-01   1.0910937e-01
   1.0000000e+01   2.0000000e+00   1.0543152e-15   1.2007812e-01   1.2007812e-01
   1.1000000e+01   2.0000000e+00   1.0500232e-15   1.2701562e-01   1.2701562e-01
   1.2000000e+01   2.0000000e+00   1.1655015e-15   1.4482812e-01   1.4482812e-01
   1.3000000e+01   2.0000000e+00   1.2258479e-15   1.5603125e-01   1.5603125e-01
   1.4000000e+01   2.0000000e+00   1.0558376e-15   1.2092187e-01   1.2092187e-01
   1.5000000e+01   2.0000000e+00   1.0223244e-15   1.1204687e-01   1.1204687e-01
   1.6000000e+01   2.0000000e+00   1.1628244e-15   1.4826562e-01   1.4826562e-01
   1.7000000e+01   2.0000000e+00   1.2529377e-15   1.7731250e-01   1.7731250e-01
   1.8000000e+01   2.0000000e+00   1.1544504e-15   1.5717187e-01   1.5717187e-01
   1.9000000e+01   2.0000000e+00   1.0820775e-15   1.3079687e-01   1.3079687e-01
   2.0000000e+01   2.0000000e+00   1.0196115e-15   1.2073437e-01   1.2073437e-01
   2.1000000e+01   2.0000000e+00   9.0672237e-16   9.8328125e-02   9.8328125e-02
   2.2000000e+01   2.0000000e+00   6.2326044e-16   4.2375000e-02   4.2375000e-02
   2.3000000e+01   2.0000000e+00   5.4004022e-16   3.1781250e-02   3.1781250e-02
   2.4000000e+01   2.0000000e+00   8.0823958e-16   7.4015625e-02   7.4015625e-02
   2.5000000e+01   2.0000000e+00   9.2022735e-16   9.3687500e-02   9.3687500e-02
   2.6000000e+01   2.0000000e+00   8.3551746e-16   1.0285937e-01   1.0285937e-01
   2.7000000e+01   2.0000000e+00   9.5417467e-16   1.2071875e-01   1.2071875e-01
   2.8000000e+01   2.0000000e+00   1.0907354e-15   1.4609375e-01   1.4609375e-01
   2.9000000e+01   2.0000000e+00   1.1962322e-15   1.6714062e-01   1.6714062e-01
   3.0000000e+01   2.0000000e+00   1.0618484e-15   1.4409375e-01   1.4409375e-01
   3.1000000e+01   2.0000000e+00   1.0400116e-15   1.2125000e-01   1.2125000e-01
   3.2000000e+01   2.0000000e+00   1.0786895e-15   1.3828125e-01   1.3828125e-01
   3.3000000e+01   2.0000000e+00   1.2430241e-15   1.7060937e-01   1.7060937e-01
   3.4000000e+01   2.0000000e+00   1.2282205e-15   1.7010937e-01   1.7010937e-01
   3.5000000e+01   2.0000000e+00   1.1202693e-15   1.3065625e-01   1.3065625e-01
   3.6000000e+01   2.0000000e+00   1.0513163e-15   1.1376562e-01   1.1376562e-01
   3.7000000e+01   2.0000000e+00   9.2650189e-16   1.0345312e-01   1.0345312e-01
   3.8000000e+01   2.0000000e+00   7.4073238e-16   6.0125000e-02   6.0125000e-02
   3.9000000e+01   2.0000000e+00   6.1096716e-16   2.4828125e-02   2.4828125e-02
   4.0000000e+01   2.0000000e+00   7.6152436e-16   6.8375000e-02   6.8375000e-02
   4.1000000e+01   2.0000000e+00   8.4862087e-16   8.8171875e-02   8.8171875e-02
   4.2000000e+01   2.0000000e+00   9.2657245e-16   9.7875000e-02   9.7875000e-02
   4.3000000e+01   2.0000000e+00   9.8137716e-16   1.1839062e-01   1.1839062e-01
   4.4000000e+01   2.0000000e+00   1.1272474e-15   1.5515625e-01   1.5515625e-01
   4.5000000e+01   2.0000000e+00   1.2944266e-15   1.8375000e-01   1.8375000e-01
   4.6000000e+01   2.0000000e+00   1.2230282e-15   1.6471875e-01   1.6471875e-01
   4.7000000e+01   2.0000000e+00   1.0206218e-15   1.3451562e-01   1.3451562e-01
   1.0000000e+00   3.0000000e+00   1.2295526e-15   1.6535937e-01   1.6535937e-01
   2.0000000e+00   3.0000000e+00   1.1156137e-15   1.4042187e-01   1.4042187e-01
   3.0000000e+00   3.0000000e+00   1.0084613e-15   1.1545312e-01   1.1545312e-01
   4.0000000e+00   3.0000000e+00   8.5374440e-16   9.4531250e-02   9.4531250e-02
   5.0000000e+00   3.0000000e+00   6.6000273e-16   5.9906250e-02   5.9906250e-02
   6.0000000e+00   3.0000000e+00   5.5774066e-16   2.6718750e-02   2.6718750e-02
   7.0000000e+00   3.0000000e+00   7.1084291e-16   5.4281250e-02   5.4281250e-02
   8.0000000e+00   3.0000000e+00   8.0677930e-16   8.2531250e-02   8.2531250e-02
   9.0000000e+00   3.0000000e+00   8.9263401e-16   9.4359375e-02   9.4359375e-02
   1.0000000e+01   3.0000000e+00   9.3301751e-16   1.0406250e-01   1.0406250e-01
   1.1000000e+01   3.0000000e+00   9.9646483e-16   1.1482812e-01   1.1482812e-01
   1.2000000e+01   3.0000000e+00   1.1938993e-15   1.6345312e-01   1.6345312e-01
   1.3000000e+01   3.0000000e+00   1.1518747e-15   1.5764062e-01   1.5764062e-01
   1.4000000e+01   3.0000000e+00   1.0419168e-15   1.2454687e-01   1.2454687e-01
   1.5000000e+01   3.0000000e+00   9.8110394e-16   1.1918750e-01   1.1918750e-01
   1.6000000e+01   3.0000000e+00   1.1539483e-15   1.5010937e-01   1.5010937e-01
   1.7000000e+01   3.0000000e+00   1.2455653e-15   1.6989062e-01   1.6989062e-01
   1.8000000e+01   3.0000000e+00   1.2538488e-15   1.6454687e-01   1.6454687e-01
   1.9000000e+01   3.0000000e+00   1.1208837e-15   1.4210937e-01   1.4210937e-01
   2.0000000e+01   3.0000000e+00   9.7258970e-16   1.0712500e-01   1.0712500e-01
   2.1000000e+01   3.0000000e+00   8.5092235e-16   8.5156250e-02   8.5156250e-02
   2.2000000e+01   3.0000000e+00   7.3459056e-16   4.8656250e-02   4.8656250e-02
   2.3000000e+01   3.0000000e+00   6.1052749e-16   3.4718750e-02   3.4718750e-02
   2.4000000e+01   3.0000000e+00   7.5716765e-16   7.0656250e-02   7.0656250e-02
   2.5000000e+01   3.0000000e+00   8.6084700e-16   8.6593750e-02   8.6593750e-02
   2.6000000e+01   3.0000000e+00   9.3703405e-16   9.1968750e-02   9.1968750e-02
   2.7000000e+01   3.0000000e+00   1.0183780e-15   1.1117187e-01   1.1117187e-01
   2.8000000e+01   3.0000000e+00   1.0646051e-15   1.3392187e-01   1.3392187e-01
   2.9000000e+01   3.0000000e+00   1.1974007e-15   1.5682812e-01   1.5682812e-01
   3.0000000e+01   3.0000000e+00   1.0797742e-15   1.5056250e-01   1.5056250e-01
   3.1000000e+01   3.0000000e+00   9.6485766e-16   1.2181250e-01   1.2181250e-01
   3.2000000e+01   3.0000000e+00   1.0220320e-15   1.2478125e-01   1.2478125e-01
   3.3000000e+01   3.0000000e+00   1.1933169e-15   1.6729687e-01   1.6729687e-01
   3.4000000e+01   3.0000000e+00   1.2142381e-15   1.7207812e-01   1.7207812e-01
   3.5000000e+01   3.0000000e+00   1.1407318e-15   1.4520312e-01   1.4520312e-01
   3.6000000e+01   3.0000000e+00   9.8364569e-16   1.1557812e-01   1.1557812e-01
   3.7000000e+01   3.0000000e+00   9.2400237e-16   9.7703125e-02   9.7703125e-02
   3.8000000e+01   3.0000000e+00   6.8994820e-16   5.4531250e-02   5.4531250e-02
   3.9000000e+01   3.0000000e+00   6.1109876e-16   2.7515625e-02   2.7515625e-02
   4.0000000e+01   3.0000000e+00   7.0542766e-16   5.1468750e-02   5.1468750e-02
   4.1000000e+01   3.0000000e+00   8.3027014e-16   8.7984375e-02   8.7984375e-02
   4.2000000e+01   3.0000000e+00   9.1559262e-16   1.0145312e-01   1.0145312e-01
   4.3000000e+01   3.0000000e+00   9.2508923e-16   1.1139062e-01   1.1139062e-01
   4.4000000e+01   3.0000000e+00   1.1247366e-15   1.3259375e-01   1.3259375e-01
   4.5000000e+01   3.0000000e+00   1.2383615e-15   1.6842187e-01   1.6842187e-01
   4.6000000e+01   3.0000000e+00   1.1585293e-15   1.6767187e-01   1.6767187e-01
   4.7000000e+01   3.0000000e+00   1.0470774e-15   1.2654687e-01   1.2654687e-01
   1.0000000e+00   4.0000000e+00   1.2174720e-15   1.5621875e-01   1.5621875e-01
   2.0000000e+00   4.0000000e+00   1.1396238e-15   1.4623437e-01   1.4623437e-01
   3.0000000e+00   4.0000000e+00   8.9413635e-16   1.0782812e-01   1.0782812e-01
   4.0000000e+00   4.0000000e+00   8.4399268e-16   8.1109375e-02   8.1109375e-02
   5.0000000e+00   4.0000000e+00   7.7692288e-16   5.8156250e-02   5.8156250e-02
   6.0000000e+00   4.0000000e+00   5.9654507e-16   2.7671875e-02   2.7671875e-02
   7.0000000e+00   4.0000000e+00   6.8404372e-16   4.0671875e-02   4.0671875e-02
   8.0000000e+00   4.0000000e+00   8.3184901e-16   7.5546875e-02   7.5546875e-02
   9.0000000e+00   4.0000000e+00   9.5724645e-16   1.0212500e-01   1.0212500e-01
   1.0000000e+01   4.0000000e+00   9.6635609e-16   1.0696875e-01   1.0696875e-01
   1.1000000e+01   4.0000000e+00   1.0508044e-15   1.2745312e-01   1.2745312e-01
   1.2000000e+01   4.0000000e+00   1.1266595e-15   1.4956250e-01   1.4956250e-01
   1.3000000e+01   4.0000000e+00   1.2311361e-15   1.6392187e-01   1.6392187e-01
   1.4000000e+01   4.0000000e+00   1.1183788e-15   1.4278125e-01   1.4278125e-01
   1.5000000e+01   4.0000000e+00   1.0286841e-15   1.2053125e-01   1.2053125e-01
   1.6000000e+01   4.0000000e+00   1.1797630e-15   1.4790625e-01   1.4790625e-01
   1.7000000e+01   4.0000000e+00   1.2985116e-15   1.8207812e-01   1.8207812e-01
   1.8000000e+01   4.0000000e+00   1.2870006e-15   1.7431250e-01   1.7431250e-01
   1.9000000e+01   4.0000000e+00   1.1646287e-15   1.4092187e-01   1.4092187e-01
   2.0000000e+01   4.0000000e+00   1.0416747e-15   1.0729687e-01   1.0729687e-01
   2.1000000e+01   4.0000000e+00   9.3655992e-16   8.1953125e-02   8.1953125e-02
   2.2000000e+01   4.0000000e+00   6.8674763e-16   4.0671875e-02   4.0671875e-02
   2.3000000e+01   4.0000000e+00   6.2267382e-16   2.8687500e-02   2.8687500e-02
   2.4000000e+01   4.0000000e+00   7.0981396e-16   5.1687500e-02   5.1687500e-02
   2.5000000e+01   4.0000000e+00   8.4714332e-16   8.9859375e-02   8.9859375e-02
   2.6000000e+01   4.0000000e+00   9.3429287e-16   1.0640625e-01   1.0640625e-01
   2.7000000e+01   4.0000000e+00   1.0495905e-15   1.1034375e-01   1.1034375e-01
   2.8000000e+01   4.0000000e+00   1.0897585e-15   1.2300000e-01   1.2300000e-01
   2.9000000e+01   4.0000000e+00   1.1283734e-15   1.4554687e-01   1.4554687e-01
   3.0000000e+01   4.0000000e+00   1.1214368e-15   1.5039062e-01   1.5039062e-01
   3.1000000e+01   4.0000000e+00   1.0549726e-15   1.2590625e-01   1.2590625e-01
   3.2000000e+01   4.0000000e+00   1.0525997e-15   1.2376562e-01   1.2376562e-01
   3.3000000e+01   4.0000000e+00   1.1215581e-15   1.5528125e-01   1.5528125e-01
   3.4000000e+01   4.0000000e+00   1.2259280e-15   1.6321875e-01   1.6321875e-01
   3.5000000e+01   4.0000000e+00   1.1724255e-15   1.5335937e-01   1.5335937e-01
   3.6000000e+01   4.0000000e+00   1.0224889e-15   1.1254687e-01   1.1254687e-01
   3.7000000e+01   4.0000000e+00   8.7256309e-16   8.3984375e-02   8.3984375e-02
   3.8000000e+01   4.0000000e+00   6.6208745e-16   4.3484375e-02   4.3484375e-02
   3.9000000e+01   4.0000000e+00   5.7241201e-16   1.8703125e-02   1.8703125e-02
   4.0000000e+01   4.0000000e+00   6.2287549e-16   3.2437500e-02   3.2437500e-02
   4.1000000e+01   4.0000000e+00   7.9365572e-16   6.8218750e-02   6.8218750e-02
   4.2000000e+01   4.0000000e+00   9.5133108e-16   1.0395312e-01   1.0395312e-01
   4.3000000e+01   4.0000000e+00   1.0123599e-15   1.1310937e-01   1.1310937e-01
   4.4000000e+01   4.0000000e+00   1.0655320e-15   1.2567187e-01   1.2567187e-01
   4.5000000e+01   4.0000000e+00   1.1458332e-15   1.4765625e-01   1.4765625e-01
   4.6000000e+01   4.0000000e+00   1.2198131e-15   1.6070312e-01   1.6070312e-01
   4.7000000e+01   4.0000000e+00   1.0675520e-15   1.3500000e-01   1.3500000e-01
   1.0000000e+00   5.0000000e+00   8.8914299e-16   1.4810937e-01   1.4810937e-01
   2.0000000e+00   5.0000000e+00   7.7496289e-16   1.3396875e-01   1.3396875e-01
   3.0000000e+00   5.0000000e+00   7.8244375e-16   1.1784375e-01   1.1784375e-01
   4.0000000e+00   5.0000000e+00   7.1066168e-16   6.8421875e-02   6.8421875e-02
   5.0000000e+00   5.0000000e+00   4.5604048e-16   3.5328125e-02   3.5328125e-02
   6.0000000e+00   5.0000000e+00   4.5569478e-16   2.8265625e-02   2.8265625e-02
   7.0000000e+00   5.0000000e+00   3.8994649e-16   2.8703125e-02   2.8703125e-02
   8.0000000e+00   5.0000000e+00   4.7879934e-16   4.3546875e-02   4.3546875e-02
   9.0000000e+00   5.0000000e+00   8.1223578e-16   9.4718750e-02   9.4718750e-02
   1.0000000e+01   5.0000000e+00   8.9290599e-16   1.2520312e-01   1.2520312e-01
   1.1000000e+01   5.0000000e+00   7.6721866e-16   1.1643750e-01   1.1643750e-01
   1.2000000e+01   5.0000000e+00   8.8076071e-16   1.3423437e-01   1.3423437e-01
   1.3000000e+01   5.0000000e+00   9.8994087e-16   1.6120312e-01   1.6120312e-01
   1.4000000e+01   5.0000000e+00   8.2036087e-16   1.4446875e-01   1.4446875e-01
   1.5000000e+01   5.0000000e+00   9.1850832e-16   1.2320312e-01   1.2320312e-01
   1.6000000e+01   5.0000000e+00   9.1992811e-16   1.4670312e-01   1.4670312e-01
   1.7000000e+01   5.0000000e+00   9.4649049e-16   1.7568750e-01   1.7568750e-01
   1.8000000e+01   5.0000000e+00   1.1784760e-15   1.7615625e-01   1.7615625e-01
   1.9000000e+01   5.0000000e+00   9.4574552e-16   1.5848437e-01   1.5848437e-01
   2.0000000e+01   5.0000000e+00   8.3567895e-16   1.0354687e-01   1.0354687e-01
   2.1000000e+01   5.0000000e+00   5.8704242e-16   6.4375000e-02   6.4375000e-02
   2.2000000e+01   5.0000000e+00   5.8730617e-16   2.9000000e-02   2.9000000e-02
   2.3000000e+01   5.0000000e+00   4.6368448e-16   1.8453125e-02   1.8453125e-02
   2.4000000e+01   5.0000000e+00   5.4700765e-16   3.3562500e-02   3.3562500e-02
   2.5000000e+01   5.0000000e+00   6.4865672e-16   6.4078125e-02   6.4078125e-02
   2.6000000e+01   5.0000000e+00   8.4031738e-16   1.0467187e-01   1.0467187e-01
   2.7000000e+01   5.0000000e+00   9.8515245e-16   1.1229687e-01   1.1229687e-01
   2.8000000e+01   5.0000000e+00   1.0008387e-15   1.1662500e-01   1.1662500e-01
   2.9000000e+01   5.0000000e+00   9.5711804e-16   1.1870312e-01   1.1870312e-01
   3.0000000e+01   5.0000000e+00   1.0626206e-15   1.3810937e-01   1.3810937e-01
   3.1000000e+01   5.0000000e+00   9.4979706e-16   1.2514062e-01   1.2514062e-01
   3.2000000e+01   5.0000000e+00   9.5515245e-16   1.1904687e-01   1.1904687e-01
   3.3000000e+01   5.0000000e+00   1.1013082e-15   1.3318750e-01   1.3318750e-01
   3.4000000e+01   5.0000000e+00   1.0317463e-15   1.4975000e-01   1.4975000e-01
   3.5000000e+01   5.0000000e+00   1.0085707e-15   1.2289062e-01   1.2289062e-01
   3.6000000e+01   5.0000000e+00   8.8357841e-16   1.1675000e-01   1.1675000e-01
   3.7000000e+01   5.0000000e+00   7.1352376e-16   7.0281250e-02   7.0281250e-02
   3.8000000e+01   5.0000000e+00   5.1562913e-16   2.3656250e-02   2.3656250e-02
   3.9000000e+01   5.0000000e+00   3.5006756e-16   1.6437500e-02   1.6437500e-02
   4.0000000e+01   5.0000000e+00   5.0064044e-16   2.9890625e-02   2.9890625e-02
   4.1000000e+01   5.0000000e+00   5.0842053e-16   3.4781250e-02   3.4781250e-02
   4.2000000e+01   5.0000000e+00   8.6556496e-16   8.2843750e-02   8.2843750e-02
   4.3000000e+01   5.0000000e+00   9.3355730e-16   1.0178125e-01   1.0178125e-01
   4.4000000e+01   5.0000000e+00   9.7677357e-16   1.0275000e-01   1.0275000e-01
   4.5000000e+01   5.0000000e+00   9.2539670e-16   1.0151562e-01   1.0151562e-01
   4.6000000e+01   5.0000000e+00   9.5685843e-16   1.0714062e-01   1.0714062e-01
   4.7000000e+01   5.0000000e+00   8.8216961e-16   9.8046875e-02   9.8046875e-02
   1.0000000e+00   6.0000000e+00   9.2313473e-16   1.0196875e-01   1.0196875e-01
   2.0000000e+00   6.0000000e+00   8.8734978e-16   9.3875000e-02   9.3875000e-02
   3.0000000e+00   6.0000000e+00   8.2278018e-16   7.6593750e-02   7.6593750e-02
   4.0000000e+00   6.0000000e+00   6.5867593e-16   4.4875000e-02   4.4875000e-02
   5.0000000e+00   6.0000000e+00   6.0475752e-16   2.3875000e-02   2.3875000e-02
   6.0000000e+00   6.0000000e+00   6.3287192e-16   2.4125000e-02   2.4125000e-02
   7.0000000e+00   6.0000000e+00   6.3646470e-16   2.6453125e-02   2.6453125e-02
   8.0000000e+00   6.0000000e+00   5.8374377e-16   2.6750000e-02   2.6750000e-02
   9.0000000e+00   6.0000000e+00   7.4358008e-16   5.2796875e-02   5.2796875e-02
   1.0000000e+01   6.0000000e+00   8.6994185e-16   8.4000000e-02   8.4000000e-02
   1.1000000e+01   6.0000000e+00   8.9636039e-16   9.0265625e-02   9.0265625e-02
   1.2000000e+01   6.0000000e+00   9.7563517e-16   1.0118750e-01   1.0118750e-01
   1.3000000e+01   6.0000000e+00   9.3801113e-16   1.0793750e-01   1.0793750e-01
   1.4000000e+01   6.0000000e+00   9.3826407e-16   1.1275000e-01   1.1275000e-01
   1.5000000e+01   6.0000000e+00   8.8683599e-16   9.7890625e-02   9.7890625e-02
   1.6000000e+01   6.0000000e+00   9.2252668e-16   9.9734375e-02   9.9734375e-02
   1.7000000e+01   6.0000000e+00   9.6316034e-16   1.1546875e-01   1.1546875e-01
   1.8000000e+01   6.0000000e+00   1.0248508e-15   1.1862500e-01   1.1862500e-01
   1.9000000e+01   6.0000000e+00   9.3492055e-16   1.0043750e-01   1.0043750e-01
   2.0000000e+01   6.0000000e+00   8.0190156e-16   6.8281250e-02   6.8281250e-02
   2.1000000e+01   6.0000000e+00   6.1863707e-16   3.9390625e-02   3.9390625e-02
   2.2000000e+01   6.0000000e+00   5.1864346e-16   2.1875000e-02   2.1875000e-02
   2.3000000e+01   6.0000000e+00   5.3698234e-16   2.0484375e-02   2.0484375e-02
   2.4000000e+01   6.0000000e+00   5.4321474e-16   2.0500000e-02   2.0500000e-02
   2.5000000e+01   6.0000000e+00   6.1303070e-16   3.3531250e-02   3.3531250e-02
   2.6000000e+01   6.0000000e+00   7.4368007e-16   6.2312500e-02   6.2312500e-02
   2.7000000e+01   6.0000000e+00   8.0757362e-16   7.7390625e-02   7.7390625e-02
   2.8000000e+01   6.0000000e+00   8.6348735e-16   8.1250000e-02   8.1250000e-02
   2.9000000e+01   6.0000000e+00   8.8455492e-16   8.1843750e-02   8.1843750e-02
   3.0000000e+01   6.0000000e+00   9.7129929e-16   9.1843750e-02   9.1843750e-02
   3.1000000e+01   6.0000000e+00   8.2000571e-16   7.9859375e-02   7.9859375e-02
   3.2000000e+01   6.0000000e+00   7.5488423e-16   7.2765625e-02   7.2765625e-02
   3.3000000e+01   6.0000000e+00   8.2725487e-16   7.5921875e-02   7.5921875e-02
   3.4000000e+01   6.0000000e+00   8.7959260e-16   9.4218750e-02   9.4218750e-02
   3.5000000e+01   6.0000000e+00   8.4354373e-16   8.4359375e-02   8.4359375e-02
   3.6000000e+01   6.0000000e+00   7.2409325e-16   6.6718750e-02   6.6718750e-02
   3.7000000e+01   6.0000000e+00   6.6731028e-16   4.2687500e-02   4.2687500e-02
   3.8000000e+01   6.0000000e+00   5.9994582e-16   2.6453125e-02   2.6453125e-02
   3.9000000e+01   6.0000000e+00   5.8976818e-16   2.7937500e-02   2.7937500e-02
   4.0000000e+01   6.0000000e+00   6.1122513e-16   3.1734375e-02   3.1734375e-02
   4.1000000e+01   6.0000000e+00   5.9093823e-16   2.2328125e-02   2.2328125e-02
   4.2000000e+01   6.0000000e+00   6.0349795e-16   3.2562500e-02   3.2562500e-02
   4.3000000e+01   6.0000000e+00   6.9332003e-16   4.8765625e-02   4.8765625e-02
   4.4000000e+01   6.0000000e+00   7.1517090e-16   5.7125000e-02   5.7125000e-02
   4.5000000e+01   6.0000000e+00   6.4944660e-16   5.4937500e-02   5.4937500e-02
   4.6000000e+01   6.0000000e+00   6.4577717e-16   5.5203125e-02   5.5203125e-02
   4.7000000e+01   6.0000000e+00   6.9586346e-16   4.9187500e-02   4.9187500e-02
   1.0000000e+00   7.0000000e+00   6.1432620e-16   4.9203125e-02   4.9203125e-02
   2.0000000e+00   7.0000000e+00   6.3949064e-16   5.0078125e-02   5.0078125e-02
   3.0000000e+00   7.0000000e+00   6.4271706e-16   3.5484375e-02   3.5484375e-02
   4.0000000e+00   7.0000000e+00   5.5707825e-16   2.0671875e-02   2.0671875e-02
   5.0000000e+00   7.0000000e+00   5.3538135e-16   1.4765625e-02   1.4765625e-02
   6.0000000e+00   7.0000000e+00   6.3407455e-16   3.1796875e-02   3.1796875e-02
   7.0000000e+00   7.0000000e+00   6.2763260e-16   4.0765625e-02   4.0765625e-02
   8.0000000e+00   7.0000000e+00   5.5168228e-16   2.2593750e-02   2.2593750e-02
   9.0000000e+00   7.0000000e+00   5.4401353e-16   2.3625000e-02   2.3625000e-02
   1.0000000e+01   7.0000000e+00   6.4901753e-16   4.1015625e-02   4.1015625e-02
   1.1000000e+01   7.0000000e+00   6.6819181e-16   4.6296875e-02   4.6296875e-02
   1.2000000e+01   7.0000000e+00   6.9128345e-16   4.5250000e-02   4.5250000e-02
   1.3000000e+01   7.0000000e+00   7.0615862e-16   5.1671875e-02   5.1671875e-02
   1.4000000e+01   7.0000000e+00   6.7403348e-16   5.0656250e-02   5.0656250e-02
   1.5000000e+01   7.0000000e+00   6.3538460e-16   3.9687500e-02   3.9687500e-02
   1.6000000e+01   7.0000000e+00   6.7852165e-16   4.6109375e-02   4.6109375e-02
   1.7000000e+01   7.0000000e+00   7.4131044e-16   5.4171875e-02   5.4171875e-02
   1.8000000e+01   7.0000000e+00   7.3500601e-16   5.5078125e-02   5.5078125e-02
   1.9000000e+01   7.0000000e+00   7.0642628e-16   5.3468750e-02   5.3468750e-02
   2.0000000e+01   7.0000000e+00   5.9585171e-16   3.5343750e-02   3.5343750e-02
   2.1000000e+01   7.0000000e+00   5.8838593e-16   2.3609375e-02   2.3609375e-02
   2.2000000e+01   7.0000000e+00   5.6120507e-16   1.9890625e-02   1.9890625e-02
   2.3000000e+01   7.0000000e+00   5.6960910e-16   2.6875000e-02   2.6875000e-02
   2.4000000e+01   7.0000000e+00   6.2545369e-16   2.9687500e-02   2.9687500e-02
   2.5000000e+01   7.0000000e+00   5.7948893e-16   1.6734375e-02   1.6734375e-02
   2.6000000e+01   7.0000000e+00   6.6335266e-16   2.5078125e-02   2.5078125e-02
   2.7000000e+01   7.0000000e+00   6.4727638e-16   4.3593750e-02   4.3593750e-02
   2.8000000e+01   7.0000000e+00   6.9309774e-16   4.5437500e-02   4.5437500e-02
   2.9000000e+01   7.0000000e+00   6.9213965e-16   4.8765625e-02   4.8765625e-02
   3.0000000e+01   7.0000000e+00   6.7348070e-16   4.4609375e-02   4.4609375e-02
   3.1000000e+01   7.0000000e+00   6.7834489e-16   4.3062500e-02   4.3062500e-02
   3.2000000e+01   7.0000000e+00   6.8491196e-16   4.2812500e-02   4.2812500e-02
   3.3000000e+01   7.0000000e+00   6.7588134e-16   4.4046875e-02   4.4046875e-02
   3.4000000e+01   7.0000000e+00   7.1943987e-16   5.1484375e-02   5.1484375e-02
   3.5000000e+01   7.0000000e+00   6.9950697e-16   4.6203125e-02   4.6203125e-02
   3.6000000e+01   7.0000000e+00   6.5483252e-16   4.2015625e-02   4.2015625e-02
   3.7000000e+01   7.0000000e+00   6.0555923e-16   3.1828125e-02   3.1828125e-02
   3.8000000e+01   7.0000000e+00   5.7056935e-16   2.5921875e-02   2.5921875e-02
   3.9000000e+01   7.0000000e+00   6.3796933e-16   4.1859375e-02   4.1859375e-02
   4.0000000e+01   7.0000000e+00   6.8391585e-16   4.5296875e-02   4.5296875e-02
   4.1000000e+01   7.0000000e+00   5.8384267e-16   2.4203125e-02   2.4203125e-02
   4.2000000e+01   7.0000000e+00   6.3477338e-16   3.6234375e-02   3.6234375e-02
   4.3000000e+01   7.0000000e+00   7.1385857e-16   5.0609375e-02   5.0609375e-02
   4.4000000e+01   7.0000000e+00   6.8333106e-16   5.3625000e-02   5.3625000e-02
   4.5000000e+01   7.0000000e+00   7.0670117e-16   5.0953125e-02   5.0953125e-02
   4.6000000e+01   7.0000000e+00   6.8991391e-16   5.4609375e-02   5.4609375e-02
   4.7000000e+01   7.0000000e+00   6.7742557e-16   5.3906250e-02   5.3906250e-02
   1.0000000e+00   8.0000000e+00   7.6899214e-16   6.8656250e-02   6.8656250e-02
   2.0000000e+00   8.0000000e+00   8.2318494e-16   6.8140625e-02   6.8140625e-02
   3.0000000e+00   8.0000000e+00   7.5506573e-16   6.3343750e-02   6.3343750e-02
   4.0000000e+00   8.0000000e+00   6.6215397e-16   3.0000000e-02   3.0000000e-02
   5.0000000e+00   8.0000000e+00   6.0010749e-16   1.7968750e-02   1.7968750e-02
   6.0000000e+00   8.0000000e+00   5.8360416e-16   3.0390625e-02   3.0390625e-02
   7.0000000e+00   8.0000000e+00   6.5632045e-16   3.8140625e-02   3.8140625e-02
   8.0000000e+00   8.0000000e+00   5.7736622e-16   3.1750000e-02   3.1750000e-02
   9.0000000e+00   8.0000000e+00   5.9935613e-16   3.3312500e-02   3.3312500e-02
   1.0000000e+01   8.0000000e+00   7.5409806e-16   5.5953125e-02   5.5953125e-02
   1.1000000e+01   8.0000000e+00   7.1183057e-16   5.7812500e-02   5.7812500e-02
   1.2000000e+01   8.0000000e+00   7.2292525e-16   6.0937500e-02   6.0937500e-02
   1.3000000e+01   8.0000000e+00   7.0703363e-16   6.1375000e-02   6.1375000e-02
   1.4000000e+01   8.0000000e+00   7.5926213e-16   5.5937500e-02   5.5937500e-02
   1.5000000e+01   8.0000000e+00   7.2594627e-16   5.0218750e-02   5.0218750e-02
   1.6000000e+01   8.0000000e+00   7.5592400e-16   5.8859375e-02   5.8859375e-02
   1.7000000e+01   8.0000000e+00   7.8293838e-16   6.1843750e-02   6.1843750e-02
   1.8000000e+01   8.0000000e+00   7.3655905e-16   6.4718750e-02   6.4718750e-02
   1.9000000e+01   8.0000000e+00   7.3427954e-16   6.4390625e-02   6.4390625e-02
   2.0000000e+01   8.0000000e+00   6.4427808e-16   5.0375000e-02   5.0375000e-02
   2.1000000e+01   8.0000000e+00   6.1394261e-16   2.4843750e-02   2.4843750e-02
   2.2000000e+01   8.0000000e+00   5.4039987e-16   1.9890625e-02   1.9890625e-02
   2.3000000e+01   8.0000000e+00   5.9650822e-16   2.7734375e-02   2.7734375e-02
   2.4000000e+01   8.0000000e+00   5.6963809e-16   3.0328125e-02   3.0328125e-02
   2.5000000e+01   8.0000000e+00   5.5940216e-16   2.7453125e-02   2.7453125e-02
   2.6000000e+01   8.0000000e+00   6.4612891e-16   4.6390625e-02   4.6390625e-02
   2.7000000e+01   8.0000000e+00   7.2926018e-16   6.4859375e-02   6.4859375e-02
   2.8000000e+01   8.0000000e+00   7.6061372e-16   6.9812500e-02   6.9812500e-02
   2.9000000e+01   8.0000000e+00   8.0885303e-16   7.4546875e-02   7.4546875e-02
   3.0000000e+01   8.0000000e+00   7.6088587e-16   7.2828125e-02   7.2828125e-02
   3.1000000e+01   8.0000000e+00   8.0044138e-16   7.2046875e-02   7.2046875e-02
   3.2000000e+01   8.0000000e+00   7.3388728e-16   6.8671875e-02   6.8671875e-02
   3.3000000e+01   8.0000000e+00   8.5722858e-16   8.5140625e-02   8.5140625e-02
   3.4000000e+01   8.0000000e+00   8.3432191e-16   8.3828125e-02   8.3828125e-02
   3.5000000e+01   8.0000000e+00   8.8842499e-16   9.2468750e-02   9.2468750e-02
   3.6000000e+01   8.0000000e+00   8.2549332e-16   8.3187500e-02   8.3187500e-02
   3.7000000e+01   8.0000000e+00   6.8385522e-16   5.5218750e-02   5.5218750e-02
   3.8000000e+01   8.0000000e+00   6.1614091e-16   2.0140625e-02   2.0140625e-02
   3.9000000e+01   8.0000000e+00   6.2804797e-16   2.7203125e-02   2.7203125e-02
   4.0000000e+01   8.0000000e+00   6.7801469e-16   3.6234375e-02   3.6234375e-02
   4.1000000e+01   8.0000000e+00   6.5984197e-16   3.4953125e-02   3.4953125e-02
   4.2000000e+01   8.0000000e+00   7.2885195e-16   6.5375000e-02   6.5375000e-02
   4.3000000e+01   8.0000000e+00   9.2264309e-16   9.6875000e-02   9.6875000e-02
   4.4000000e+01   8.0000000e+00   9.4958943e-16   9.9265625e-02   9.9265625e-02
   4.5000000e+01   8.0000000e+00   9.5226057e-16   1.0659375e-01   1.0659375e-01
   4.6000000e+01   8.0000000e+00   9.1608635e-16   1.0746875e-01   1.0746875e-01
   4.7000000e+01   8.0000000e+00   9.6880166e-16   1.0510937e-01   1.0510937e-01
   1.0000000e+00   9.0000000e+00   1.1770693e-15   1.3960937e-01   1.3960937e-01
   2.0000000e+00   9.0000000e+00   1.1487509e-15   1.3850000e-01   1.3850000e-01
   3.0000000e+00   9.0000000e+00   1.0319074e-15   1.2176562e-01   1.2176562e-01
   4.0000000e+00   9.0000000e+00   8.8916831e-16   8.3437500e-02   8.3437500e-02
   5.0000000e+00   9.0000000e+00   6.4059187e-16   3.8015625e-02   3.8015625e-02
   6.0000000e+00   9.0000000e+00   5.8744350e-16   1.7875000e-02   1.7875000e-02
   7.0000000e+00   9.0000000e+00   5.6474818e-16   2.6562500e-02   2.6562500e-02
   8.0000000e+00   9.0000000e+00   6.5446666e-16   4.0156250e-02   4.0156250e-02
   9.0000000e+00   9.0000000e+00   7.7536227e-16   6.8093750e-02   6.8093750e-02
   1.0000000e+01   9.0000000e+00   9.8924545e-16   1.1040625e-01   1.1040625e-01
   1.1000000e+01   9.0000000e+00   1.0222604e-15   1.1815625e-01   1.1815625e-01
   1.2000000e+01   9.0000000e+00   1.0373844e-15   1.1659375e-01   1.1659375e-01
   1.3000000e+01   9.0000000e+00   9.9626135e-16   1.1378125e-01   1.1378125e-01
   1.4000000e+01   9.0000000e+00   9.5671504e-16   1.1276562e-01   1.1276562e-01
   1.5000000e+01   9.0000000e+00   9.0546336e-16   1.0221875e-01   1.0221875e-01
   1.6000000e+01   9.0000000e+00   9.5396960e-16   1.0317187e-01   1.0317187e-01
   1.7000000e+01   9.0000000e+00   1.0089743e-15   1.2223437e-01   1.2223437e-01
   1.8000000e+01   9.0000000e+00   1.0587111e-15   1.2651562e-01   1.2651562e-01
   1.9000000e+01   9.0000000e+00   1.0529535e-15   1.2164062e-01   1.2164062e-01
   2.0000000e+01   9.0000000e+00   9.2472552e-16   1.0493750e-01   1.0493750e-01
   2.1000000e+01   9.0000000e+00   8.2837377e-16   7.0281250e-02   7.0281250e-02
   2.2000000e+01   9.0000000e+00   6.1845780e-16   2.8375000e-02   2.8375000e-02
   2.3000000e+01   9.0000000e+00   5.9494257e-16   1.7312500e-02   1.7312500e-02
   2.4000000e+01   9.0000000e+00   5.8077812e-16   2.3562500e-02   2.3562500e-02
   2.5000000e+01   9.0000000e+00   6.6604939e-16   4.6828125e-02   4.6828125e-02
   2.6000000e+01   9.0000000e+00   8.6285699e-16   8.3546875e-02   8.3546875e-02
   2.7000000e+01   9.0000000e+00   1.0213166e-15   1.1412500e-01   1.1412500e-01
   2.8000000e+01   9.0000000e+00   1.0014525e-15   1.2325000e-01   1.2325000e-01
   2.9000000e+01   9.0000000e+00   9.6728936e-16   1.1295312e-01   1.1295312e-01
   3.0000000e+01   9.0000000e+00   9.9879580e-16   1.1689062e-01   1.1689062e-01
   3.1000000e+01   9.0000000e+00   9.8226050e-16   1.1328125e-01   1.1328125e-01
   3.2000000e+01   9.0000000e+00   9.8785862e-16   1.1223437e-01   1.1223437e-01
   3.3000000e+01   9.0000000e+00   1.1474790e-15   1.4100000e-01   1.4100000e-01
   3.4000000e+01   9.0000000e+00   1.2590011e-15   1.6314062e-01   1.6314062e-01
   3.5000000e+01   9.0000000e+00   1.1602948e-15   1.4607812e-01   1.4607812e-01
   3.6000000e+01   9.0000000e+00   1.0495590e-15   1.1978125e-01   1.1978125e-01
   3.7000000e+01   9.0000000e+00   9.5193670e-16   1.0521875e-01   1.0521875e-01
   3.8000000e+01   9.0000000e+00   6.9064167e-16   5.1984375e-02   5.1984375e-02
   3.9000000e+01   9.0000000e+00   5.8581159e-16   2.3484375e-02   2.3484375e-02
   4.0000000e+01   9.0000000e+00   5.5150960e-16   2.6640625e-02   2.6640625e-02
   4.1000000e+01   9.0000000e+00   6.8131943e-16   5.0140625e-02   5.0140625e-02
   4.2000000e+01   9.0000000e+00   9.2554043e-16   9.4500000e-02   9.4500000e-02
   4.3000000e+01   9.0000000e+00   1.0661948e-15   1.2784375e-01   1.2784375e-01
   4.4000000e+01   9.0000000e+00   1.0767521e-15   1.3104687e-01   1.3104687e-01
   4.5000000e+01   9.0000000e+00   1.0649286e-15   1.2584375e-01   1.2584375e-01
   4.6000000e+01   9.0000000e+00   1.1752336e-15   1.5395312e-01   1.5395312e-01
   4.7000000e+01   9.0000000e+00   1.1471300e-15   1.6264062e-01   1.6264062e-01
   1.0000000e+00   1.0000000e+01   1.1936427e-15   1.5201562e-01   1.5201562e-01
   2.0000000e+00   1.0000000e+01   1.1495293e-15   1.4709375e-01   1.4709375e-01
   3.0000000e+00   1.0000000e+01   1.1559918e-15   1.4557812e-01   1.4557812e-01
   4.0000000e+00   1.0000000e+01   1.0517151e-15   1.2535937e-01   1.2535937e-01
   5.0000000e+00   1.0000000e+01   8.6442599e-16   9.0593750e-02   9.0593750e-02
   6.0000000e+00   1.0000000e+01   6.4661995e-16   3.7343750e-02   3.7343750e-02
   7.0000000e+00   1.0000000e+01   6.1432800e-16   2.3484375e-02   2.3484375e-02
   8.0000000e+00   1.0000000e+01   7.3171548e-16   5.4781250e-02   5.4781250e-02
   9.0000000e+00   1.0000000e+01   9.1483393e-16   9.4031250e-02   9.4031250e-02
   1.0000000e+01   1.0000000e+01   1.0533989e-15   1.2293750e-01   1.2293750e-01
   1.1000000e+01   1.0000000e+01   1.0855704e-15   1.2515625e-01   1.2515625e-01
   1.2000000e+01   1.0000000e+01   1.0914084e-15   1.3451562e-01   1.3451562e-01
   1.3000000e+01   1.0000000e+01   1.0392791e-15   1.3850000e-01   1.3850000e-01
   1.4000000e+01   1.0000000e+01   1.0577613e-15   1.2635937e-01   1.2635937e-01
   1.5000000e+01   1.0000000e+01   9.3501098e-16   1.1529687e-01   1.1529687e-01
   1.6000000e+01   1.0000000e+01   9.5897823e-16   1.1225000e-01   1.1225000e-01
   1.7000000e+01   1.0000000e+01   9.7449064e-16   1.2171875e-01   1.2171875e-01
   1.8000000e+01   1.0000000e+01   1.0483984e-15   1.5040625e-01   1.5040625e-01
   1.9000000e+01   1.0000000e+01   1.1313204e-15   1.4823437e-01   1.4823437e-01
   2.0000000e+01   1.0000000e+01   1.0304692e-15   1.3115625e-01   1.3115625e-01
   2.1000000e+01   1.0000000e+01   9.5349337e-16   1.0570312e-01   1.0570312e-01
   2.2000000e+01   1.0000000e+01   7.0295963e-16   6.4406250e-02   6.4406250e-02
   2.3000000e+01   1.0000000e+01   5.6954944e-16   2.6437500e-02   2.6437500e-02
   2.4000000e+01   1.0000000e+01   6.0261149e-16   2.7750000e-02   2.7750000e-02
   2.5000000e+01   1.0000000e+01   7.4233561e-16   6.4468750e-02   6.4468750e-02
   2.6000000e+01   1.0000000e+01   9.4985419e-16   1.1281250e-01   1.1281250e-01
   2.7000000e+01   1.0000000e+01   9.7375707e-16   1.1689062e-01   1.1689062e-01
   2.8000000e+01   1.0000000e+01   1.0148028e-15   1.2112500e-01   1.2112500e-01
   2.9000000e+01   1.0000000e+01   1.1392718e-15   1.3646875e-01   1.3646875e-01
   3.0000000e+01   1.0000000e+01   1.1496819e-15   1.5495312e-01   1.5495312e-01
   3.1000000e+01   1.0000000e+01   1.0731501e-15   1.3392187e-01   1.3392187e-01
   3.2000000e+01   1.0000000e+01   1.0318251e-15   1.1810937e-01   1.1810937e-01
   3.3000000e+01   1.0000000e+01   1.0646862e-15   1.4809375e-01   1.4809375e-01
   3.4000000e+01   1.0000000e+01   1.3562968e-15   1.9137500e-01   1.9137500e-01
   3.5000000e+01   1.0000000e+01   1.3296116e-15   1.7901562e-01   1.7901562e-01
   3.6000000e+01   1.0000000e+01   1.0691510e-15   1.4235937e-01   1.4235937e-01
   3.7000000e+01   1.0000000e+01   1.0687196e-15   1.2429687e-01   1.2429687e-01
   3.8000000e+01   1.0000000e+01   8.7580379e-16   9.1671875e-02   9.1671875e-02
   3.9000000e+01   1.0000000e+01   6.2960613e-16   4.1656250e-02   4.1656250e-02
   4.0000000e+01   1.0000000e+01   5.7504065e-16   2.7062500e-02   2.7062500e-02
   4.1000000e+01   1.0000000e+01   7.2457089e-16   6.1937500e-02   6.1937500e-02
   4.2000000e+01   1.0000000e+01   9.0712395e-16   1.0507812e-01   1.0507812e-01
   4.3000000e+01   1.0000000e+01   9.8963379e-16   1.1728125e-01   1.1728125e-01
   4.4000000e+01   1.0000000e+01   1.0020212e-15   1.1912500e-01   1.1912500e-01
   4.5000000e+01   1.0000000e+01   1.0915343e-15   1.3992187e-01   1.3992187e-01
   4.6000000e+01   1.0000000e+01   1.2426866e-15   1.7320312e-01   1.7320312e-01
   4.7000000e+01   1.0000000e+01   1.1966436e-15   1.6818750e-01   1.6818750e-01
   1.0000000e+00   1.1000000e+01   1.2463363e-15   1.7007812e-01   1.7007812e-01
   2.0000000e+00   1.1000000e+01   1.2182313e-15   1.6184375e-01   1.6184375e-01
   3.0000000e+00   1.1000000e+01   1.0852128e-15   1.3840625e-01   1.3840625e-01
   4.0000000e+00   1.1000000e+01   1.0377332e-15   1.1509375e-01   1.1509375e-01
   5.0000000e+00   1.1000000e+01   9.2947220e-16   9.5000000e-02   9.5000000e-02
   6.0000000e+00   1.1000000e+01   6.7102956e-16   4.5875000e-02   4.5875000e-02
   7.0000000e+00   1.1000000e+01   6.0580276e-16   2.8093750e-02   2.8093750e-02
   8.0000000e+00   1.1000000e+01   7.4264019e-16   6.4140625e-02   6.4140625e-02
   9.0000000e+00   1.1000000e+01   8.3563315e-16   9.4156250e-02   9.4156250e-02
   1.0000000e+01   1.1000000e+01   9.8709424e-16   1.1156250e-01   1.1156250e-01
   1.1000000e+01   1.1000000e+01   9.8954501e-16   1.1300000e-01   1.1300000e-01
   1.2000000e+01   1.1000000e+01   1.1003070e-15   1.2912500e-01   1.2912500e-01
   1.3000000e+01   1.1000000e+01   1.1377140e-15   1.4584375e-01   1.4584375e-01
   1.4000000e+01   1.1000000e+01   1.1348292e-15   1.4964062e-01   1.4964062e-01
   1.5000000e+01   1.1000000e+01   9.6602123e-16   1.1795312e-01   1.1795312e-01
   1.6000000e+01   1.1000000e+01   8.9429150e-16   1.0846875e-01   1.0846875e-01
   1.7000000e+01   1.1000000e+01   1.1083819e-15   1.4554687e-01   1.4554687e-01
   1.8000000e+01   1.1000000e+01   1.1789229e-15   1.5657812e-01   1.5657812e-01
   1.9000000e+01   1.1000000e+01   1.1113866e-15   1.5242187e-01   1.5242187e-01
   2.0000000e+01   1.1000000e+01   1.0793791e-15   1.3393750e-01   1.3393750e-01
   2.1000000e+01   1.1000000e+01   9.4627520e-16   1.1248437e-01   1.1248437e-01
   2.2000000e+01   1.1000000e+01   8.8074936e-16   8.8250000e-02   8.8250000e-02
   2.3000000e+01   1.1000000e+01   6.2002425e-16   3.6875000e-02   3.6875000e-02
   2.4000000e+01   1.1000000e+01   6.3534212e-16   4.1906250e-02   4.1906250e-02
   2.5000000e+01   1.1000000e+01   6.9737765e-16   8.2468750e-02   8.2468750e-02
   2.6000000e+01   1.1000000e+01   9.0864000e-16   1.0285937e-01   1.0285937e-01
   2.7000000e+01   1.1000000e+01   9.2705679e-16   1.1100000e-01   1.1100000e-01
   2.8000000e+01   1.1000000e+01   9.7603878e-16   1.1135937e-01   1.1135937e-01
   2.9000000e+01   1.1000000e+01   1.1170510e-15   1.4278125e-01   1.4278125e-01
   3.0000000e+01   1.1000000e+01   1.1814573e-15   1.5914062e-01   1.5914062e-01
   3.1000000e+01   1.1000000e+01   1.2008363e-15   1.6281250e-01   1.6281250e-01
   3.2000000e+01   1.1000000e+01   9.6794691e-16   1.1387500e-01   1.1387500e-01
   3.3000000e+01   1.1000000e+01   1.1419166e-15   1.5162500e-01   1.5162500e-01
   3.4000000e+01   1.1000000e+01   1.3144630e-15   1.9467187e-01   1.9467187e-01
   3.5000000e+01   1.1000000e+01   1.3902206e-15   1.9275000e-01   1.9275000e-01
   3.6000000e+01   1.1000000e+01   1.1517050e-15   1.5304687e-01   1.5304687e-01
   3.7000000e+01   1.1000000e+01   1.0369764e-15   1.0871875e-01   1.0871875e-01
   3.8000000e+01   1.1000000e+01   9.4221108e-16   1.0135937e-01   1.0135937e-01
   3.9000000e+01   1.1000000e+01   6.4549862e-16   5.4859375e-02   5.4859375e-02
   4.0000000e+01   1.1000000e+01   5.7000823e-16   2.7609375e-02   2.7609375e-02
   4.1000000e+01   1.1000000e+01   7.4039811e-16   6.8562500e-02   6.8562500e-02
   4.2000000e+01   1.1000000e+01   8.4742277e-16   8.9140625e-02   8.9140625e-02
   4.3000000e+01   1.1000000e+01   9.1948654e-16   1.0050000e-01   1.0050000e-01
   4.4000000e+01   1.1000000e+01   1.0012319e-15   1.1681250e-01   1.1681250e-01
   4.5000000e+01   1.1000000e+01   1.0542993e-15   1.3307812e-01   1.3307812e-01
   4.6000000e+01   1.1000000e+01   1.2541596e-15   1.7267187e-01   1.7267187e-01
   4.7000000e+01   1.1000000e+01   1.3364758e-15   1.8028125e-01   1.8028125e-01
   1.0000000e+00   1.2000000e+01   1.3661050e-15   1.9282812e-01   1.9282812e-01
   2.0000000e+00   1.2000000e+01   1.3042609e-15   1.7175000e-01   1.7175000e-01
   3.0000000e+00   1.2000000e+01   1.1363003e-15   1.4415625e-01   1.4415625e-01
   4.0000000e+00   1.2000000e+01   1.0009571e-15   1.1318750e-01   1.1318750e-01
   5.0000000e+00   1.2000000e+01   8.9111610e-16   9.0609375e-02   9.0609375e-02
   6.0000000e+00   1.2000000e+01   7.6545653e-16   5.8906250e-02   5.8906250e-02
   7.0000000e+00   1.2000000e+01   6.3643371e-16   3.2781250e-02   3.2781250e-02
   8.0000000e+00   1.2000000e+01   7.0964186e-16   5.8218750e-02   5.8218750e-02
   9.0000000e+00   1.2000000e+01   8.4671937e-16   8.5265625e-02   8.5265625e-02
   1.0000000e+01   1.2000000e+01   9.5393001e-16   9.4625000e-02   9.4625000e-02
   1.1000000e+01   1.2000000e+01   9.6835910e-16   1.1090625e-01   1.1090625e-01
   1.2000000e+01   1.2000000e+01   1.1017295e-15   1.3600000e-01   1.3600000e-01
   1.3000000e+01   1.2000000e+01   1.1429086e-15   1.4754687e-01   1.4754687e-01
   1.4000000e+01   1.2000000e+01   1.1431522e-15   1.4434375e-01   1.4434375e-01
   1.5000000e+01   1.2000000e+01   1.0400303e-15   1.2842187e-01   1.2842187e-01
   1.6000000e+01   1.2000000e+01   9.4911258e-16   1.1218750e-01   1.1218750e-01
   1.7000000e+01   1.2000000e+01   1.0807175e-15   1.3932812e-01   1.3932812e-01
   1.8000000e+01   1.2000000e+01   1.2519903e-15   1.7676562e-01   1.7676562e-01
   1.9000000e+01   1.2000000e+01   1.3181856e-15   1.7745312e-01   1.7745312e-01
   2.0000000e+01   1.2000000e+01   1.0165503e-15   1.3142187e-01   1.3142187e-01
   2.1000000e+01   1.2000000e+01   9.0269414e-16   1.0825000e-01   1.0825000e-01
   2.2000000e+01   1.2000000e+01   8.3500034e-16   8.5750000e-02   8.5750000e-02
   2.3000000e+01   1.2000000e+01   6.4547012e-16   4.3390625e-02   4.3390625e-02
   2.4000000e+01   1.2000000e+01   6.1000544e-16   3.6531250e-02   3.6531250e-02
   2.5000000e+01   1.2000000e+01   8.2072797e-16   7.6281250e-02   7.6281250e-02
   2.6000000e+01   1.2000000e+01   8.2644011e-16   9.0390625e-02   9.0390625e-02
   2.7000000e+01   1.2000000e+01   9.4205525e-16   1.0120312e-01   1.0120312e-01
   2.8000000e+01   1.2000000e+01   9.3056350e-16   1.0600000e-01   1.0600000e-01
   2.9000000e+01   1.2000000e+01   1.0923858e-15   1.3978125e-01   1.3978125e-01
   3.0000000e+01   1.2000000e+01   1.2110579e-15   1.6923437e-01   1.6923437e-01
   3.1000000e+01   1.2000000e+01   1.1265048e-15   1.6014062e-01   1.6014062e-01
   3.2000000e+01   1.2000000e+01   1.0834262e-15   1.2503125e-01   1.2503125e-01
   3.3000000e+01   1.2000000e+01   1.1212191e-15   1.4475000e-01   1.4475000e-01
   3.4000000e+01   1.2000000e+01   1.3884274e-15   2.0721875e-01   2.0721875e-01
   3.5000000e+01   1.2000000e+01   1.3046361e-15   1.8715625e-01   1.8715625e-01
   3.6000000e+01   1.2000000e+01   1.1632381e-15   1.4839062e-01   1.4839062e-01
   3.7000000e+01   1.2000000e+01   9.8216599e-16   1.1417187e-01   1.1417187e-01
   3.8000000e+01   1.2000000e+01   8.4159053e-16   9.0421875e-02   9.0421875e-02
   3.9000000e+01   1.2000000e+01   6.6136621e-16   4.8687500e-02   4.8687500e-02
   4.0000000e+01   1.2000000e+01   6.2335656e-16   3.0187500e-02   3.0187500e-02
   4.1000000e+01   1.2000000e+01   7.2629800e-16   6.0343750e-02   6.0343750e-02
   4.2000000e+01   1.2000000e+01   8.6878377e-16   9.3281250e-02   9.3281250e-02
   4.3000000e+01   1.2000000e+01   9.0387265e-16   9.4750000e-02   9.4750000e-02
   4.4000000e+01   1.2000000e+01   9.7564668e-16   1.0776562e-01   1.0776562e-01
   4.5000000e+01   1.2000000e+01   1.0936674e-15   1.3418750e-01   1.3418750e-01
   4.6000000e+01   1.2000000e+01   1.1864207e-15   1.6401562e-01   1.6401562e-01
   4.7000000e+01   1.2000000e+01   1.2568571e-15   1.7393750e-01   1.7393750e-01
   1.0000000e+00   1.3000000e+01   1.3586433e-15   1.9301562e-01   1.9301562e-01
   2.0000000e+00   1.3000000e+01   1.2844508e-15   1.7398437e-01   1.7398437e-01
   3.0000000e+00   1.3000000e+01   1.1422082e-15   1.4935937e-01   1.4935937e-01
   4.0000000e+00   1.3000000e+01   9.8231591e-16   1.1143750e-01   1.1143750e-01
   5.0000000e+00   1.3000000e+01   8.0680488e-16   8.0359375e-02   8.0359375e-02
   6.0000000e+00   1.3000000e+01   6.4815087e-16   4.0531250e-02   4.0531250e-02
   7.0000000e+00   1.3000000e+01   5.8423059e-16   2.5156250e-02   2.5156250e-02
   8.0000000e+00   1.3000000e+01   6.7494226e-16   5.3625000e-02   5.3625000e-02
   9.0000000e+00   1.3000000e+01   8.2046792e-16   7.9000000e-02   7.9000000e-02
   1.0000000e+01   1.3000000e+01   9.3462712e-16   1.0403125e-01   1.0403125e-01
   1.1000000e+01   1.3000000e+01   9.5036152e-16   1.0762500e-01   1.0762500e-01
   1.2000000e+01   1.3000000e+01   9.8935231e-16   1.2237500e-01   1.2237500e-01
   1.3000000e+01   1.3000000e+01   1.1620613e-15   1.4260937e-01   1.4260937e-01
   1.4000000e+01   1.3000000e+01   1.1510961e-15   1.5801562e-01   1.5801562e-01
   1.5000000e+01   1.3000000e+01   1.0374024e-15   1.2971875e-01   1.2971875e-01
   1.6000000e+01   1.3000000e+01   9.8817712e-16   1.1387500e-01   1.1387500e-01
   1.7000000e+01   1.3000000e+01   1.1301951e-15   1.4714062e-01   1.4714062e-01
   1.8000000e+01   1.3000000e+01   1.3472990e-15   1.9154687e-01   1.9154687e-01
   1.9000000e+01   1.3000000e+01   1.3228700e-15   1.7923437e-01   1.7923437e-01
   2.0000000e+01   1.3000000e+01   1.1469478e-15   1.4753125e-01   1.4753125e-01
   2.1000000e+01   1.3000000e+01   9.6207297e-16   1.1820312e-01   1.1820312e-01
   2.2000000e+01   1.3000000e+01   8.0621411e-16   8.0453125e-02   8.0453125e-02
   2.3000000e+01   1.3000000e+01   6.3989174e-16   3.4890625e-02   3.4890625e-02
   2.4000000e+01   1.3000000e+01   6.4765773e-16   2.8765625e-02   2.8765625e-02
   2.5000000e+01   1.3000000e+01   7.3723348e-16   6.4531250e-02   6.4531250e-02
   2.6000000e+01   1.3000000e+01   8.8897958e-16   9.7578125e-02   9.7578125e-02
   2.7000000e+01   1.3000000e+01   9.1181459e-16   1.0918750e-01   1.0918750e-01
   2.8000000e+01   1.3000000e+01   9.8125580e-16   1.0984375e-01   1.0984375e-01
   2.9000000e+01   1.3000000e+01   1.0171971e-15   1.2767187e-01   1.2767187e-01
   3.0000000e+01   1.3000000e+01   1.1545571e-15   1.4932812e-01   1.4932812e-01
   3.1000000e+01   1.3000000e+01   1.2137001e-15   1.5176562e-01   1.5176562e-01
   3.2000000e+01   1.3000000e+01   9.7989161e-16   1.4207812e-01   1.4207812e-01
   3.3000000e+01   1.3000000e+01   9.7040620e-16   1.4390625e-01   1.4390625e-01
   3.4000000e+01   1.3000000e+01   1.0462221e-15   1.7489062e-01   1.7489062e-01
   3.5000000e+01   1.3000000e+01   1.0609669e-15   1.7809375e-01   1.7809375e-01
   3.6000000e+01   1.3000000e+01   9.8100140e-16   1.3685937e-01   1.3685937e-01
   3.7000000e+01   1.3000000e+01   8.2236140e-16   1.1573437e-01   1.1573437e-01
   3.8000000e+01   1.3000000e+01   8.0006156e-16   7.0890625e-02   7.0890625e-02
   3.9000000e+01   1.3000000e+01   6.0533884e-16   4.4687500e-02   4.4687500e-02
   4.0000000e+01   1.3000000e+01   4.4498569e-16   2.6015625e-02   2.6015625e-02
   4.1000000e+01   1.3000000e+01   6.6773399e-16   3.5062500e-02   3.5062500e-02
   4.2000000e+01   1.3000000e+01   7.5925175e-16   8.2718750e-02   8.2718750e-02
   4.3000000e+01   1.3000000e+01   8.4569250e-16   1.1167187e-01   1.1167187e-01
   4.4000000e+01   1.3000000e+01   8.9785161e-16   1.2370312e-01   1.2370312e-01
   4.5000000e+01   1.3000000e+01   8.3382310e-16   1.2214062e-01   1.2214062e-01
   4.6000000e+01   1.3000000e+01   9.4912255e-16   1.4779687e-01   1.4779687e-01
   4.7000000e+01   1.3000000e+01   9.2106288e-16   1.4775000e-01   1.4775000e-01
   1.0000000e+00   1.4000000e+01   1.2465266e-15   1.6487500e-01   1.6487500e-01
   2.0000000e+00   1.4000000e+01   1.1338488e-15   1.6015625e-01   1.6015625e-01
   3.0000000e+00   1.4000000e+01   1.0019175e-15   1.4067187e-01   1.4067187e-01
   4.0000000e+00   1.4000000e+01   8.4948670e-16   1.0957812e-01   1.0957812e-01
   5.0000000e+00   1.4000000e+01   5.5423591e-16   6.0984375e-02   6.0984375e-02
   6.0000000e+00   1.4000000e+01   5.9690669e-16   3.3062500e-02   3.3062500e-02
   7.0000000e+00   1.4000000e+01   5.5405117e-16   2.7187500e-02   2.7187500e-02
   8.0000000e+00   1.4000000e+01   5.8348569e-16   3.6500000e-02   3.6500000e-02
   9.0000000e+00   1.4000000e+01   7.5331297e-16   5.7406250e-02   5.7406250e-02
   1.0000000e+01   1.4000000e+01   8.3422159e-16   1.0296875e-01   1.0296875e-01
   1.1000000e+01   1.4000000e+01   1.0160970e-15   1.1850000e-01   1.1850000e-01
   1.2000000e+01   1.4000000e+01   1.0148084e-15   1.1604687e-01   1.1604687e-01
   1.3000000e+01   1.4000000e+01   1.0113649e-15   1.2759375e-01   1.2759375e-01
   1.4000000e+01   1.4000000e+01   1.1103943e-15   1.4050000e-01   1.4050000e-01
   1.5000000e+01   1.4000000e+01   9.1579141e-16   1.2848437e-01   1.2848437e-01
   1.6000000e+01   1.4000000e+01   9.1486473e-16   1.2354687e-01   1.2354687e-01
   1.7000000e+01   1.4000000e+01   1.1195750e-15   1.5689062e-01   1.5689062e-01
   1.8000000e+01   1.4000000e+01   1.1442097e-15   1.7607812e-01   1.7607812e-01
   1.9000000e+01   1.4000000e+01   9.7714978e-16   1.7301562e-01   1.7301562e-01
   2.0000000e+01   1.4000000e+01   1.0044288e-15   1.4828125e-01   1.4828125e-01
   2.1000000e+01   1.4000000e+01   9.2871457e-16   1.1240625e-01   1.1240625e-01
   2.2000000e+01   1.4000000e+01   8.0490296e-16   7.0515625e-02   7.0515625e-02
   2.3000000e+01   1.4000000e+01   6.2441461e-16   2.9796875e-02   2.9796875e-02
   2.4000000e+01   1.4000000e+01   5.2171034e-16   1.9265625e-02   1.9265625e-02
   2.5000000e+01   1.4000000e+01   5.7633504e-16   5.0312500e-02   5.0312500e-02
   2.6000000e+01   1.4000000e+01   8.4359088e-16   8.1656250e-02   8.1656250e-02
   2.7000000e+01   1.4000000e+01   9.3972296e-16   9.8234375e-02   9.8234375e-02
   2.8000000e+01   1.4000000e+01   1.0481198e-15   1.1570312e-01   1.1570312e-01
   2.9000000e+01   1.4000000e+01   1.0565088e-15   1.1189062e-01   1.1189062e-01
   3.0000000e+01   1.4000000e+01   1.1360065e-15   1.3931250e-01   1.3931250e-01
   3.1000000e+01   1.4000000e+01   1.1021962e-15   1.3939062e-01   1.3939062e-01
   3.2000000e+01   1.4000000e+01   1.0546703e-15   1.2642187e-01   1.2642187e-01
   3.3000000e+01   1.4000000e+01   1.0378926e-15   1.3078125e-01   1.3078125e-01
   3.4000000e+01   1.4000000e+01   1.1709968e-15   1.5048437e-01   1.5048437e-01
   3.5000000e+01   1.4000000e+01   1.0478284e-15   1.3987500e-01   1.3987500e-01
   3.6000000e+01   1.4000000e+01   1.0469574e-15   1.2117187e-01   1.2117187e-01
   3.7000000e+01   1.4000000e+01   9.3211497e-16   9.8578125e-02   9.8578125e-02
   3.8000000e+01   1.4000000e+01   6.6726541e-16   6.3421875e-02   6.3421875e-02
   3.9000000e+01   1.4000000e+01   6.1989264e-16   3.7703125e-02   3.7703125e-02
   4.0000000e+01   1.4000000e+01   5.7824949e-16   2.0640625e-02   2.0640625e-02
   4.1000000e+01   1.4000000e+01   5.6774892e-16   2.3109375e-02   2.3109375e-02
   4.2000000e+01   1.4000000e+01   6.9599682e-16   5.5015625e-02   5.5015625e-02
   4.3000000e+01   1.4000000e+01   8.4403697e-16   8.7218750e-02   8.7218750e-02
   4.4000000e+01   1.4000000e+01   8.8860820e-16   9.4921875e-02   9.4921875e-02
   4.5000000e+01   1.4000000e+01   9.4694608e-16   9.9343750e-02   9.9343750e-02
   4.6000000e+01   1.4000000e+01   7.6804060e-16   1.1053125e-01   1.1053125e-01
   4.7000000e+01   1.4000000e+01   8.5129133e-16   9.3250000e-02   9.3250000e-02
   1.0000000e+00   1.5000000e+01   1.0434872e-15   1.0278125e-01   1.0278125e-01
   2.0000000e+00   1.5000000e+01   1.0448121e-15   9.8984375e-02   9.8984375e-02
   3.0000000e+00   1.5000000e+01   9.6248432e-16   7.7703125e-02   7.7703125e-02
   4.0000000e+00   1.5000000e+01   1.0674828e-15   6.4828125e-02   6.4828125e-02
   5.0000000e+00   1.5000000e+01   1.0046303e-15   5.2593750e-02   5.2593750e-02
   6.0000000e+00   1.5000000e+01   1.0426156e-15   3.4703125e-02   3.4703125e-02
   7.0000000e+00   1.5000000e+01   5.9146920e-16   2.5609375e-02   2.5609375e-02
   8.0000000e+00   1.5000000e+01   6.2946915e-16   2.4640625e-02   2.4640625e-02
   9.0000000e+00   1.5000000e+01   6.2823181e-16   3.3437500e-02   3.3437500e-02
   1.0000000e+01   1.5000000e+01   8.0452325e-16   6.5515625e-02   6.5515625e-02
   1.1000000e+01   1.5000000e+01   8.8464845e-16   8.8843750e-02   8.8843750e-02
   1.2000000e+01   1.5000000e+01   8.2536953e-16   8.3156250e-02   8.3156250e-02
   1.3000000e+01   1.5000000e+01   9.0828302e-16   8.9203125e-02   8.9203125e-02
   1.4000000e+01   1.5000000e+01   8.9899436e-16   9.7718750e-02   9.7718750e-02
   1.5000000e+01   1.5000000e+01   8.6278135e-16   9.0484375e-02   9.0484375e-02
   1.6000000e+01   1.5000000e+01   8.5232949e-16   9.0453125e-02   9.0453125e-02
   1.7000000e+01   1.5000000e+01   9.5186014e-16   1.0367187e-01   1.0367187e-01
   1.8000000e+01   1.5000000e+01   1.0115876e-15   1.1651562e-01   1.1651562e-01
   1.9000000e+01   1.5000000e+01   1.0142129e-15   1.1446875e-01   1.1446875e-01
   2.0000000e+01   1.5000000e+01   9.4570193e-16   9.9703125e-02   9.9703125e-02
   2.1000000e+01   1.5000000e+01   8.2972582e-16   6.9578125e-02   6.9578125e-02
   2.2000000e+01   1.5000000e+01   6.2204620e-16   3.2968750e-02   3.2968750e-02
   2.3000000e+01   1.5000000e+01   6.1517510e-16   2.5359375e-02   2.5359375e-02
   2.4000000e+01   1.5000000e+01   6.0289210e-16   2.4484375e-02   2.4484375e-02
   2.5000000e+01   1.5000000e+01   6.3181687e-16   2.3234375e-02   2.3234375e-02
   2.6000000e+01   1.5000000e+01   6.7590497e-16   3.7984375e-02   3.7984375e-02
   2.7000000e+01   1.5000000e+01   8.0525868e-16   7.3609375e-02   7.3609375e-02
   2.8000000e+01   1.5000000e+01   8.7155110e-16   8.0078125e-02   8.0078125e-02
   2.9000000e+01   1.5000000e+01   9.1355182e-16   7.5609375e-02   7.5609375e-02
   3.0000000e+01   1.5000000e+01   8.7487844e-16   8.1562500e-02   8.1562500e-02
   3.1000000e+01   1.5000000e+01   8.1854101e-16   7.9625000e-02   7.9625000e-02
   3.2000000e+01   1.5000000e+01   8.6910226e-16   7.4421875e-02   7.4421875e-02
   3.3000000e+01   1.5000000e+01   8.1616751e-16   7.5578125e-02   7.5578125e-02
   3.4000000e+01   1.5000000e+01   8.8776172e-16   8.6593750e-02   8.6593750e-02
   3.5000000e+01   1.5000000e+01   8.5909080e-16   8.3187500e-02   8.3187500e-02
   3.6000000e+01   1.5000000e+01   8.3933984e-16   7.8921875e-02   7.8921875e-02
   3.7000000e+01   1.5000000e+01   7.4865960e-16   5.4296875e-02   5.4296875e-02
   3.8000000e+01   1.5000000e+01   6.0814770e-16   2.4843750e-02   2.4843750e-02
   3.9000000e+01   1.5000000e+01   5.8185644e-16   1.6968750e-02   1.6968750e-02
   4.0000000e+01   1.5000000e+01   6.3506166e-16   3.4296875e-02   3.4296875e-02
   4.1000000e+01   1.5000000e+01   6.2279751e-16   3.0718750e-02   3.0718750e-02
   4.2000000e+01   1.5000000e+01   5.7987815e-16   2.7796875e-02   2.7796875e-02
   4.3000000e+01   1.5000000e+01   6.5791090e-16   4.0515625e-02   4.0515625e-02
   4.4000000e+01   1.5000000e+01   7.1047323e-16   5.3156250e-02   5.3156250e-02
   4.5000000e+01   1.5000000e+01   6.9947499e-16   5.4734375e-02   5.4734375e-02
   4.6000000e+01   1.5000000e+01   7.0166317e-16   5.5734375e-02   5.5734375e-02
   4.7000000e+01   1.5000000e+01   6.3125981e-16   4.5984375e-02   4.5984375e-02
   1.0000000e+00   1.6000000e+01   7.1425992e-16   4.7375000e-02   4.7375000e-02
   2.0000000e+00   1.6000000e+01   6.9990448e-16   5.0250000e-02   5.0250000e-02
   3.0000000e+00   1.6000000e+01   6.9918626e-16   4.0093750e-02   4.0093750e-02
   4.0000000e+00   1.6000000e+01   6.1035173e-16   3.1031250e-02   3.1031250e-02
   5.0000000e+00   1.6000000e+01   5.8117351e-16   2.3765625e-02   2.3765625e-02
   6.0000000e+00   1.6000000e+01   5.5465156e-16   2.4328125e-02   2.4328125e-02
   7.0000000e+00   1.6000000e+01   6.8359312e-16   4.8500000e-02   4.8500000e-02
   8.0000000e+00   1.6000000e+01   7.1695363e-16   4.5765625e-02   4.5765625e-02
   9.0000000e+00   1.6000000e+01   5.8568103e-16   2.0234375e-02   2.0234375e-02
   1.0000000e+01   1.6000000e+01   5.9015791e-16   3.1859375e-02   3.1859375e-02
   1.1000000e+01   1.6000000e+01   6.1270474e-16   4.0359375e-02   4.0359375e-02
   1.2000000e+01   1.6000000e+01   6.2849829e-16   4.0875000e-02   4.0875000e-02
   1.3000000e+01   1.6000000e+01   6.9945110e-16   4.6593750e-02   4.6593750e-02
   1.4000000e+01   1.6000000e+01   6.3775172e-16   4.6484375e-02   4.6484375e-02
   1.5000000e+01   1.6000000e+01   6.3444770e-16   3.8890625e-02   3.8890625e-02
   1.6000000e+01   1.6000000e+01   6.9265163e-16   4.3359375e-02   4.3359375e-02
   1.7000000e+01   1.6000000e+01   7.1084532e-16   5.3546875e-02   5.3546875e-02
   1.8000000e+01   1.6000000e+01   7.0054115e-16   5.1625000e-02   5.1625000e-02
   1.9000000e+01   1.6000000e+01   7.2407912e-16   5.4062500e-02   5.4062500e-02
   2.0000000e+01   1.6000000e+01   6.5163140e-16   5.1375000e-02   5.1375000e-02
   2.1000000e+01   1.6000000e+01   6.2457316e-16   3.6203125e-02   3.6203125e-02
   2.2000000e+01   1.6000000e+01   5.7318905e-16   2.1140625e-02   2.1140625e-02
   2.3000000e+01   1.6000000e+01   6.0530968e-16   2.8328125e-02   2.8328125e-02
   2.4000000e+01   1.6000000e+01   6.8093402e-16   4.2515625e-02   4.2515625e-02
   2.5000000e+01   1.6000000e+01   5.5977069e-16   2.8437500e-02   2.8437500e-02
   2.6000000e+01   1.6000000e+01   5.6546043e-16   2.3296875e-02   2.3296875e-02
   2.7000000e+01   1.6000000e+01   5.7849000e-16   3.0140625e-02   3.0140625e-02
   2.8000000e+01   1.6000000e+01   6.8795428e-16   4.2703125e-02   4.2703125e-02
   2.9000000e+01   1.6000000e+01   6.9706824e-16   5.1109375e-02   5.1109375e-02
   3.0000000e+01   1.6000000e+01   6.5684701e-16   4.9328125e-02   4.9328125e-02
   3.1000000e+01   1.6000000e+01   6.6698827e-16   4.0046875e-02   4.0046875e-02
   3.2000000e+01   1.6000000e+01   6.6711626e-16   3.7875000e-02   3.7875000e-02
   3.3000000e+01   1.6000000e+01   6.9298045e-16   4.8296875e-02   4.8296875e-02
   3.4000000e+01   1.6000000e+01   6.8668319e-16   4.7500000e-02   4.7500000e-02
   3.5000000e+01   1.6000000e+01   6.5577687e-16   4.2796875e-02   4.2796875e-02
   3.6000000e+01   1.6000000e+01   6.4266047e-16   4.4359375e-02   4.4359375e-02
   3.7000000e+01   1.6000000e+01   6.3458674e-16   3.6921875e-02   3.6921875e-02
   3.8000000e+01   1.6000000e+01   4.9346805e-16   1.8921875e-02   1.8921875e-02
   3.9000000e+01   1.6000000e+01   5.5265371e-16   2.1515625e-02   2.1515625e-02
   4.0000000e+01   1.6000000e+01   6.7420583e-16   4.7687500e-02   4.7687500e-02
   4.1000000e+01   1.6000000e+01   6.7309201e-16   4.3078125e-02   4.3078125e-02
   4.2000000e+01   1.6000000e+01   5.6452832e-16   2.3187500e-02   2.3187500e-02
   4.3000000e+01   1.6000000e+01   6.5218753e-16   3.7687500e-02   3.7687500e-02
   4.4000000e+01   1.6000000e+01   7.0552699e-16   4.7218750e-02   4.7218750e-02
   4.5000000e+01   1.6000000e+01   7.2757655e-16   5.5843750e-02   5.5843750e-02
   4.6000000e+01   1.6000000e+01   7.1580942e-16   5.2687500e-02   5.2687500e-02
   4.7000000e+01   1.6000000e+01   7.2315532e-16   5.5265625e-02   5.5265625e-02
   1.0000000e+00   1.7000000e+01   8.7168522e-16   8.3687500e-02   8.3687500e-02
   2.0000000e+00   1.7000000e+01   8.3465900e-16   8.1828125e-02   8.1828125e-02
   3.0000000e+00   1.7000000e+01   7.9440187e-16   8.0625000e-02   8.0625000e-02
   4.0000000e+00   1.7000000e+01   7.2223369e-16   5.2500000e-02   5.2500000e-02
   5.0000000e+00   1.7000000e+01   6.3911874e-16   3.0359375e-02   3.0359375e-02
   6.0000000e+00   1.7000000e+01   5.6417814e-16   1.7031250e-02   1.7031250e-02
   7.0000000e+00   1.7000000e+01   6.3624764e-16   3.9406250e-02   3.9406250e-02
   8.0000000e+00   1.7000000e+01   6.8227374e-16   4.3203125e-02   4.3203125e-02
   9.0000000e+00   1.7000000e+01   5.9950060e-16   3.6750000e-02   3.6750000e-02
   1.0000000e+01   1.7000000e+01   7.3074030e-16   5.6046875e-02   5.6046875e-02
   1.1000000e+01   1.7000000e+01   6.7054038e-16   6.6703125e-02   6.6703125e-02
   1.2000000e+01   1.7000000e+01   7.7261057e-16   7.2140625e-02   7.2140625e-02
   1.3000000e+01   1.7000000e+01   7.4197467e-16   6.8031250e-02   6.8031250e-02
   1.4000000e+01   1.7000000e+01   7.8129339e-16   7.1359375e-02   7.1359375e-02
   1.5000000e+01   1.7000000e+01   7.2288201e-16   7.1312500e-02   7.1312500e-02
   1.6000000e+01   1.7000000e+01   6.8631235e-16   6.1953125e-02   6.1953125e-02
   1.7000000e+01   1.7000000e+01   7.7861254e-16   7.3531250e-02   7.3531250e-02
   1.8000000e+01   1.7000000e+01   7.9543279e-16   8.4156250e-02   8.4156250e-02
   1.9000000e+01   1.7000000e+01   8.4854220e-16   8.2906250e-02   8.2906250e-02
   2.0000000e+01   1.7000000e+01   8.4661139e-16   7.9562500e-02   7.9562500e-02
   2.1000000e+01   1.7000000e+01   6.8854322e-16   5.4453125e-02   5.4453125e-02
   2.2000000e+01   1.7000000e+01   5.4676618e-16   2.4609375e-02   2.4609375e-02
   2.3000000e+01   1.7000000e+01   5.4383304e-16   2.2609375e-02   2.2609375e-02
   2.4000000e+01   1.7000000e+01   6.1009721e-16   3.2750000e-02   3.2750000e-02
   2.5000000e+01   1.7000000e+01   5.9385471e-16   3.2203125e-02   3.2203125e-02
   2.6000000e+01   1.7000000e+01   5.9452403e-16   3.2968750e-02   3.2968750e-02
   2.7000000e+01   1.7000000e+01   7.0871928e-16   6.3984375e-02   6.3984375e-02
   2.8000000e+01   1.7000000e+01   7.9401891e-16   7.2000000e-02   7.2000000e-02
   2.9000000e+01   1.7000000e+01   8.1353546e-16   8.0984375e-02   8.0984375e-02
   3.0000000e+01   1.7000000e+01   7.9610371e-16   7.2015625e-02   7.2015625e-02
   3.1000000e+01   1.7000000e+01   7.2042163e-16   7.3765625e-02   7.3765625e-02
   3.2000000e+01   1.7000000e+01   8.6361457e-16   7.4296875e-02   7.4296875e-02
   3.3000000e+01   1.7000000e+01   7.5287535e-16   7.2718750e-02   7.2718750e-02
   3.4000000e+01   1.7000000e+01   8.8555890e-16   8.2562500e-02   8.2562500e-02
   3.5000000e+01   1.7000000e+01   8.7119642e-16   9.5468750e-02   9.5468750e-02
   3.6000000e+01   1.7000000e+01   8.9512229e-16   1.0176562e-01   1.0176562e-01
   3.7000000e+01   1.7000000e+01   8.5485181e-16   8.4187500e-02   8.4187500e-02
   3.8000000e+01   1.7000000e+01   5.9851929e-16   4.2078125e-02   4.2078125e-02
   3.9000000e+01   1.7000000e+01   5.9306323e-16   2.2718750e-02   2.2718750e-02
   4.0000000e+01   1.7000000e+01   5.5717746e-16   2.7015625e-02   2.7015625e-02
   4.1000000e+01   1.7000000e+01   6.3444888e-16   2.8484375e-02   2.8484375e-02
   4.2000000e+01   1.7000000e+01   6.4171257e-16   4.5968750e-02   4.5968750e-02
   4.3000000e+01   1.7000000e+01   9.0304211e-16   9.5593750e-02   9.5593750e-02
   4.4000000e+01   1.7000000e+01   9.7879176e-16   1.0717187e-01   1.0717187e-01
   4.5000000e+01   1.7000000e+01   8.9231321e-16   1.1092187e-01   1.1092187e-01
   4.6000000e+01   1.7000000e+01   9.1921490e-16   1.0084375e-01   1.0084375e-01
   4.7000000e+01   1.7000000e+01   9.0562734e-16   1.0807812e-01   1.0807812e-01
   1.0000000e+00   1.8000000e+01   1.0178772e-15   1.2909375e-01   1.2909375e-01
   2.0000000e+00   1.8000000e+01   1.0520237e-15   1.2890625e-01   1.2890625e-01
   3.0000000e+00   1.8000000e+01   1.0387877e-15   1.2896875e-01   1.2896875e-01
   4.0000000e+00   1.8000000e+01   9.4455498e-16   1.0962500e-01   1.0962500e-01
   5.0000000e+00   1.8000000e+01   7.0746661e-16   6.4656250e-02   6.4656250e-02
   6.0000000e+00   1.8000000e+01   6.0443133e-16   2.8609375e-02   2.8609375e-02
   7.0000000e+00   1.8000000e+01   5.3229682e-16   2.3968750e-02   2.3968750e-02
   8.0000000e+00   1.8000000e+01   5.7155159e-16   3.0171875e-02   3.0171875e-02
   9.0000000e+00   1.8000000e+01   6.9529093e-16   4.7718750e-02   4.7718750e-02
   1.0000000e+01   1.8000000e+01   8.8583926e-16   9.2843750e-02   9.2843750e-02
   1.1000000e+01   1.8000000e+01   9.9138155e-16   1.2259375e-01   1.2259375e-01
   1.2000000e+01   1.8000000e+01   1.0237397e-15   1.2339062e-01   1.2339062e-01
   1.3000000e+01   1.8000000e+01   9.7394349e-16   1.1481250e-01   1.1481250e-01
   1.4000000e+01   1.8000000e+01   9.6688317e-16   1.1248437e-01   1.1248437e-01
   1.5000000e+01   1.8000000e+01   9.4567075e-16   1.1054687e-01   1.1054687e-01
   1.6000000e+01   1.8000000e+01   8.8983163e-16   1.0331250e-01   1.0331250e-01
   1.7000000e+01   1.8000000e+01   9.5040114e-16   1.0725000e-01   1.0725000e-01
   1.8000000e+01   1.8000000e+01   1.0311678e-15   1.2307812e-01   1.2307812e-01
   1.9000000e+01   1.8000000e+01   1.1642341e-15   1.4170312e-01   1.4170312e-01
   2.0000000e+01   1.8000000e+01   1.2016525e-15   1.5067187e-01   1.5067187e-01
   2.1000000e+01   1.8000000e+01   1.0437743e-15   1.2429687e-01   1.2429687e-01
   2.2000000e+01   1.8000000e+01   6.4548286e-16   5.1953125e-02   5.1953125e-02
   2.3000000e+01   1.8000000e+01   5.9024476e-16   2.3234375e-02   2.3234375e-02
   2.4000000e+01   1.8000000e+01   5.2624090e-16   1.7406250e-02   1.7406250e-02
   2.5000000e+01   1.8000000e+01   6.1405565e-16   2.8218750e-02   2.8218750e-02
   2.6000000e+01   1.8000000e+01   7.8484960e-16   6.9562500e-02   6.9562500e-02
   2.7000000e+01   1.8000000e+01   9.1151196e-16   1.1170312e-01   1.1170312e-01
   2.8000000e+01   1.8000000e+01   9.0549086e-16   1.2548437e-01   1.2548437e-01
   2.9000000e+01   1.8000000e+01   9.4070632e-16   1.1776562e-01   1.1776562e-01
   3.0000000e+01   1.8000000e+01   9.1473348e-16   1.2609375e-01   1.2609375e-01
   3.1000000e+01   1.8000000e+01   9.7593197e-16   1.2542187e-01   1.2542187e-01
   3.2000000e+01   1.8000000e+01   7.8497979e-16   1.0889062e-01   1.0889062e-01
   3.3000000e+01   1.8000000e+01   9.0918927e-16   1.1462500e-01   1.1462500e-01
   3.4000000e+01   1.8000000e+01   1.0019431e-15   1.3239062e-01   1.3239062e-01
   3.5000000e+01   1.8000000e+01   1.1429036e-15   1.5101562e-01   1.5101562e-01
   3.6000000e+01   1.8000000e+01   9.7240892e-16   1.4046875e-01   1.4046875e-01
   3.7000000e+01   1.8000000e+01   9.9328812e-16   1.3301562e-01   1.3301562e-01
   3.8000000e+01   1.8000000e+01   8.1827567e-16   9.1843750e-02   9.1843750e-02
   3.9000000e+01   1.8000000e+01   6.2907163e-16   4.0843750e-02   4.0843750e-02
   4.0000000e+01   1.8000000e+01   5.3325519e-16   1.9218750e-02   1.9218750e-02
   4.1000000e+01   1.8000000e+01   5.7742215e-16   3.0125000e-02   3.0125000e-02
   4.2000000e+01   1.8000000e+01   7.9905245e-16   8.1265625e-02   8.1265625e-02
   4.3000000e+01   1.8000000e+01   9.4539442e-16   1.2189062e-01   1.2189062e-01
   4.4000000e+01   1.8000000e+01   1.0084880e-15   1.2629687e-01   1.2629687e-01
   4.5000000e+01   1.8000000e+01   9.2302294e-16   1.3001562e-01   1.3001562e-01
   4.6000000e+01   1.8000000e+01   1.0438216e-15   1.3514062e-01   1.3514062e-01
   4.7000000e+01   1.8000000e+01   1.1068624e-15   1.4567187e-01   1.4567187e-01
   1.0000000e+00   1.9000000e+01   9.4880731e-16   1.4757812e-01   1.4757812e-01
   2.0000000e+00   1.9000000e+01   1.0087153e-15   1.5235937e-01   1.5235937e-01
   3.0000000e+00   1.9000000e+01   9.8066773e-16   1.3912500e-01   1.3912500e-01
   4.0000000e+00   1.9000000e+01   9.8247208e-16   1.3471875e-01   1.3471875e-01
   5.0000000e+00   1.9000000e+01   9.0361895e-16   1.1190625e-01   1.1190625e-01
   6.0000000e+00   1.9000000e+01   6.8854101e-16   5.0921875e-02   5.0921875e-02
   7.0000000e+00   1.9000000e+01   5.6817666e-16   2.4562500e-02   2.4562500e-02
   8.0000000e+00   1.9000000e+01   7.1364197e-16   4.6437500e-02   4.6437500e-02
   9.0000000e+00   1.9000000e+01   8.3712736e-16   7.9703125e-02   7.9703125e-02
   1.0000000e+01   1.9000000e+01   9.9347896e-16   1.1470312e-01   1.1470312e-01
   1.1000000e+01   1.9000000e+01   1.0452616e-15   1.2301562e-01   1.2301562e-01
   1.2000000e+01   1.9000000e+01   1.0490673e-15   1.2293750e-01   1.2293750e-01
   1.3000000e+01   1.9000000e+01   1.1162395e-15   1.2968750e-01   1.2968750e-01
   1.4000000e+01   1.9000000e+01   1.1178650e-15   1.3553125e-01   1.3553125e-01
   1.5000000e+01   1.9000000e+01   9.6124200e-16   1.2095312e-01   1.2095312e-01
   1.6000000e+01   1.9000000e+01   8.7546669e-16   9.9312500e-02   9.9312500e-02
   1.7000000e+01   1.9000000e+01   9.8643143e-16   1.1384375e-01   1.1384375e-01
   1.8000000e+01   1.9000000e+01   1.1694514e-15   1.4484375e-01   1.4484375e-01
   1.9000000e+01   1.9000000e+01   1.1191077e-15   1.5835937e-01   1.5835937e-01
   2.0000000e+01   1.9000000e+01   1.1661719e-15   1.5223437e-01   1.5223437e-01
   2.1000000e+01   1.9000000e+01   1.0022274e-15   1.3721875e-01   1.3721875e-01
   2.2000000e+01   1.9000000e+01   9.1370326e-16   9.6484375e-02   9.6484375e-02
   2.3000000e+01   1.9000000e+01   6.4494825e-16   3.8421875e-02   3.8421875e-02
   2.4000000e+01   1.9000000e+01   5.6002869e-16   1.9968750e-02   1.9968750e-02
   2.5000000e+01   1.9000000e+01   6.9346380e-16   5.5515625e-02   5.5515625e-02
   2.6000000e+01   1.9000000e+01   9.3029157e-16   1.0295312e-01   1.0295312e-01
   2.7000000e+01   1.9000000e+01   1.0261331e-15   1.1904687e-01   1.1904687e-01
   2.8000000e+01   1.9000000e+01   1.0241517e-15   1.2264062e-01   1.2264062e-01
   2.9000000e+01   1.9000000e+01   1.0441703e-15   1.2928125e-01   1.2928125e-01
   3.0000000e+01   1.9000000e+01   1.0725433e-15   1.4471875e-01   1.4471875e-01
   3.1000000e+01   1.9000000e+01   9.7673494e-16   1.3893750e-01   1.3893750e-01
   3.2000000e+01   1.9000000e+01   8.4783910e-16   1.1114062e-01   1.1114062e-01
   3.3000000e+01   1.9000000e+01   9.5984321e-16   1.1332812e-01   1.1332812e-01
   3.4000000e+01   1.9000000e+01   1.0340926e-15   1.4096875e-01   1.4096875e-01
   3.5000000e+01   1.9000000e+01   1.1334060e-15   1.6217187e-01   1.6217187e-01
   3.6000000e+01   1.9000000e+01   1.0946128e-15   1.5140625e-01   1.5140625e-01
   3.7000000e+01   1.9000000e+01   1.0257225e-15   1.2873437e-01   1.2873437e-01
   3.8000000e+01   1.9000000e+01   8.9664395e-16   1.0187500e-01   1.0187500e-01
   3.9000000e+01   1.9000000e+01   6.8936554e-16   6.1234375e-02   6.1234375e-02
   4.0000000e+01   1.9000000e+01   5.6902892e-16   2.4078125e-02   2.4078125e-02
   4.1000000e+01   1.9000000e+01   6.6793209e-16   5.1140625e-02   5.1140625e-02
   4.2000000e+01   1.9000000e+01   8.6582855e-16   1.0020312e-01   1.0020312e-01
   4.3000000e+01   1.9000000e+01   9.8061733e-16   1.1084375e-01   1.1084375e-01
   4.4000000e+01   1.9000000e+01   9.6055114e-16   1.1126562e-01   1.1126562e-01
   4.5000000e+01   1.9000000e+01   9.4739625e-16   1.1846875e-01   1.1846875e-01
   4.6000000e+01   1.9000000e+01   1.1518576e-15   1.4370312e-01   1.4370312e-01
   4.7000000e+01   1.9000000e+01   1.0813054e-15   1.4868750e-01   1.4868750e-01
   1.0000000e+00   2.0000000e+01   1.1211262e-15   1.5634375e-01   1.5634375e-01
   2.0000000e+00   2.0000000e+01   1.2487030e-15   1.7262500e-01   1.7262500e-01
   3.0000000e+00   2.0000000e+01   1.1022390e-15   1.4928125e-01   1.4928125e-01
   4.0000000e+00   2.0000000e+01   1.0498366e-15   1.2592187e-01   1.2592187e-01
   5.0000000e+00   2.0000000e+01   9.7514291e-16   1.0785937e-01   1.0785937e-01
   6.0000000e+00   2.0000000e+01   7.1968656e-16   6.8156250e-02   6.8156250e-02
   7.0000000e+00   2.0000000e+01   5.5642255e-16   3.2171875e-02   3.2171875e-02
   8.0000000e+00   2.0000000e+01   6.8830099e-16   5.8031250e-02   5.8031250e-02
   9.0000000e+00   2.0000000e+01   8.1177047e-16   8.2515625e-02   8.2515625e-02
   1.0000000e+01   2.0000000e+01   9.3152346e-16   1.1073437e-01   1.1073437e-01
   1.1000000e+01   2.0000000e+01   9.9178779e-16   1.1129687e-01   1.1129687e-01
   1.2000000e+01   2.0000000e+01   1.0883326e-15   1.2932812e-01   1.2932812e-01
   1.3000000e+01   2.0000000e+01   1.1098910e-15   1.4575000e-01   1.4575000e-01
   1.4000000e+01   2.0000000e+01   1.0586212e-15   1.4923437e-01   1.4923437e-01
   1.5000000e+01   2.0000000e+01   9.6977727e-16   1.1659375e-01   1.1659375e-01
   1.6000000e+01   2.0000000e+01   9.1521175e-16   1.0610937e-01   1.0610937e-01
   1.7000000e+01   2.0000000e+01   1.0460066e-15   1.2778125e-01   1.2778125e-01
   1.8000000e+01   2.0000000e+01   1.2640186e-15   1.6264062e-01   1.6264062e-01
   1.9000000e+01   2.0000000e+01   1.2862372e-15   1.6337500e-01   1.6337500e-01
   2.0000000e+01   2.0000000e+01   1.1599236e-15   1.4710937e-01   1.4710937e-01
   2.1000000e+01   2.0000000e+01   1.1022277e-15   1.2864062e-01   1.2864062e-01
   2.2000000e+01   2.0000000e+01   9.6552824e-16   1.0762500e-01   1.0762500e-01
   2.3000000e+01   2.0000000e+01   6.6597041e-16   5.1687500e-02   5.1687500e-02
   2.4000000e+01   2.0000000e+01   6.0274885e-16   3.0984375e-02   3.0984375e-02
   2.5000000e+01   2.0000000e+01   7.7810477e-16   7.0375000e-02   7.0375000e-02
   2.6000000e+01   2.0000000e+01   9.4170407e-16   1.1129687e-01   1.1129687e-01
   2.7000000e+01   2.0000000e+01   9.6824380e-16   1.1223437e-01   1.1223437e-01
   2.8000000e+01   2.0000000e+01   1.0655731e-15   1.2628125e-01   1.2628125e-01
   2.9000000e+01   2.0000000e+01   1.0999332e-15   1.4429687e-01   1.4429687e-01
   3.0000000e+01   2.0000000e+01   1.1969678e-15   1.5706250e-01   1.5706250e-01
   3.1000000e+01   2.0000000e+01   1.1047898e-15   1.4121875e-01   1.4121875e-01
   3.2000000e+01   2.0000000e+01   9.6208050e-16   1.1260937e-01   1.1260937e-01
   3.3000000e+01   2.0000000e+01   9.9891895e-16   1.2071875e-01   1.2071875e-01
   3.4000000e+01   2.0000000e+01   1.1898960e-15   1.5834375e-01   1.5834375e-01
   3.5000000e+01   2.0000000e+01   1.2284632e-15   1.7343750e-01   1.7343750e-01
   3.6000000e+01   2.0000000e+01   1.1451881e-15   1.5009375e-01   1.5009375e-01
   3.7000000e+01   2.0000000e+01   1.0273900e-15   1.2092187e-01   1.2092187e-01
   3.8000000e+01   2.0000000e+01   9.3544922e-16   9.9437500e-02   9.9437500e-02
   3.9000000e+01   2.0000000e+01   7.4224542e-16   5.8390625e-02   5.8390625e-02
   4.0000000e+01   2.0000000e+01   6.0057794e-16   3.3109375e-02   3.3109375e-02
   4.1000000e+01   2.0000000e+01   7.1027334e-16   6.2843750e-02   6.2843750e-02
   4.2000000e+01   2.0000000e+01   8.8491157e-16   9.3062500e-02   9.3062500e-02
   4.3000000e+01   2.0000000e+01   9.6473706e-16   1.0767187e-01   1.0767187e-01
   4.4000000e+01   2.0000000e+01   9.4991033e-16   9.9656250e-02   9.9656250e-02
   4.5000000e+01   2.0000000e+01   1.0826755e-15   1.3034375e-01   1.3034375e-01
   4.6000000e+01   2.0000000e+01   1.1403512e-15   1.5354687e-01   1.5354687e-01
   4.7000000e+01   2.0000000e+01   1.1214843e-15   1.4535937e-01   1.4535937e-01
   1.0000000e+00   2.1000000e+01   1.2181360e-15   1.6964062e-01   1.6964062e-01
   2.0000000e+00   2.1000000e+01   1.2811444e-15   1.6340625e-01   1.6340625e-01
   3.0000000e+00   2.1000000e+01   1.1387310e-15   1.5271875e-01   1.5271875e-01
   4.0000000e+00   2.1000000e+01   1.0144989e-15   1.1926562e-01   1.1926562e-01
   5.0000000e+00   2.1000000e+01   9.4136326e-16   9.9453125e-02   9.9453125e-02
   6.0000000e+00   2.1000000e+01   7.1928832e-16   6.0296875e-02   6.0296875e-02
   7.0000000e+00   2.1000000e+01   6.1041440e-16   2.9421875e-02   2.9421875e-02
   8.0000000e+00   2.1000000e+01   6.7492205e-16   5.9093750e-02   5.9093750e-02
   9.0000000e+00   2.1000000e+01   8.0295251e-16   8.8781250e-02   8.8781250e-02
   1.0000000e+01   2.1000000e+01   8.6576634e-16   1.0401562e-01   1.0401562e-01
   1.1000000e+01   2.1000000e+01   9.6866996e-16   1.1309375e-01   1.1309375e-01
   1.2000000e+01   2.1000000e+01   1.0667515e-15   1.3376562e-01   1.3376562e-01
   1.3000000e+01   2.1000000e+01   1.0767869e-15   1.5657812e-01   1.5657812e-01
   1.4000000e+01   2.1000000e+01   1.1280150e-15   1.5692187e-01   1.5692187e-01
   1.5000000e+01   2.1000000e+01   9.7634643e-16   1.2320312e-01   1.2320312e-01
   1.6000000e+01   2.1000000e+01   9.0826470e-16   1.0731250e-01   1.0731250e-01
   1.7000000e+01   2.1000000e+01   1.0251292e-15   1.3417187e-01   1.3417187e-01
   1.8000000e+01   2.1000000e+01   1.2161364e-15   1.7259375e-01   1.7259375e-01
   1.9000000e+01   2.1000000e+01   1.1472036e-15   1.6082812e-01   1.6082812e-01
   2.0000000e+01   2.1000000e+01   1.0281019e-15   1.3517187e-01   1.3517187e-01
   2.1000000e+01   2.1000000e+01   1.0208010e-15   1.2429687e-01   1.2429687e-01
   2.2000000e+01   2.1000000e+01   8.9728588e-16   1.0046875e-01   1.0046875e-01
   2.3000000e+01   2.1000000e+01   6.2174142e-16   4.7937500e-02   4.7937500e-02
   2.4000000e+01   2.1000000e+01   6.4018414e-16   3.9828125e-02   3.9828125e-02
   2.5000000e+01   2.1000000e+01   7.4799262e-16   7.5453125e-02   7.5453125e-02
   2.6000000e+01   2.1000000e+01   8.8299620e-16   9.0859375e-02   9.0859375e-02
   2.7000000e+01   2.1000000e+01   9.2934438e-16   9.5109375e-02   9.5109375e-02
   2.8000000e+01   2.1000000e+01   9.5290000e-16   1.1348437e-01   1.1348437e-01
   2.9000000e+01   2.1000000e+01   1.0958965e-15   1.4031250e-01   1.4031250e-01
   3.0000000e+01   2.1000000e+01   1.1018685e-15   1.5184375e-01   1.5184375e-01
   3.1000000e+01   2.1000000e+01   1.0491145e-15   1.3251562e-01   1.3251562e-01
   3.2000000e+01   2.1000000e+01   9.1087573e-16   1.0095312e-01   1.0095312e-01
   3.3000000e+01   2.1000000e+01   9.4130977e-16   1.1787500e-01   1.1787500e-01
   3.4000000e+01   2.1000000e+01   1.1745150e-15   1.6117187e-01   1.6117187e-01
   3.5000000e+01   2.1000000e+01   1.2544529e-15   1.7729687e-01   1.7729687e-01
   3.6000000e+01   2.1000000e+01   1.1279634e-15   1.3862500e-01   1.3862500e-01
   3.7000000e+01   2.1000000e+01   9.7852296e-16   1.1806250e-01   1.1806250e-01
   3.8000000e+01   2.1000000e+01   8.1732119e-16   8.8234375e-02   8.8234375e-02
   3.9000000e+01   2.1000000e+01   6.6135128e-16   5.0125000e-02   5.0125000e-02
   4.0000000e+01   2.1000000e+01   5.8424114e-16   3.2937500e-02   3.2937500e-02
   4.1000000e+01   2.1000000e+01   6.7650561e-16   5.8609375e-02   5.8609375e-02
   4.2000000e+01   2.1000000e+01   8.5701666e-16   9.2390625e-02   9.2390625e-02
   4.3000000e+01   2.1000000e+01   9.4085856e-16   9.7562500e-02   9.7562500e-02
   4.4000000e+01   2.1000000e+01   9.0413085e-16   1.0256250e-01   1.0256250e-01
   4.5000000e+01   2.1000000e+01   1.0175696e-15   1.3909375e-01   1.3909375e-01
   4.6000000e+01   2.1000000e+01   1.1668889e-15   1.6379687e-01   1.6379687e-01
   4.7000000e+01   2.1000000e+01   1.1013326e-15   1.4654687e-01   1.4654687e-01
