   1.0000000e+00   1.0000000e+00   1.3918808e-15   2.1885937e-01   2.1885937e-01
   2.0000000e+00   1.0000000e+00   1.2388955e-15   2.3307812e-01   2.3307812e-01
   3.0000000e+00   1.0000000e+00   1.3364127e-15   2.2545312e-01   2.2545312e-01
   4.0000000e+00   1.0000000e+00   9.7765842e-16   1.6668750e-01   1.6668750e-01
   5.0000000e+00   1.0000000e+00   9.9114506e-16   9.2734375e-02   9.2734375e-02
   6.0000000e+00   1.0000000e+00   7.7865145e-16   4.4765625e-02   4.4765625e-02
   7.0000000e+00   1.0000000e+00   5.0828600e-16   4.8984375e-02   4.8984375e-02
   8.0000000e+00   1.0000000e+00   8.3132020e-16   8.4265625e-02   8.4265625e-02
   9.0000000e+00   1.0000000e+00   9.4647984e-16   1.3984375e-01   1.3984375e-01
   1.0000000e+01   1.0000000e+00   1.0667113e-15   2.0279687e-01   2.0279687e-01
   1.1000000e+01   1.0000000e+00   1.0760797e-15   2.0257812e-01   2.0257812e-01
   1.2000000e+01   1.0000000e+00   1.1224900e-15   2.3121875e-01   2.3121875e-01
   1.3000000e+01   1.0000000e+00   1.2457895e-15   2.3293750e-01   2.3293750e-01
   1.4000000e+01   1.0000000e+00   1.2504251e-15   2.2257812e-01   2.2257812e-01
   1.5000000e+01   1.0000000e+00   1.1304046e-15   1.8214062e-01   1.8214062e-01
   1.6000000e+01   1.0000000e+00   9.5493158e-16   1.9381250e-01   1.9381250e-01
   1.7000000e+01   1.0000000e+00   1.2099930e-15   2.2829687e-01   2.2829687e-01
   1.8000000e+01   1.0000000e+00   1.1505186e-15   2.3803125e-01   2.3803125e-01
   1.9000000e+01   1.0000000e+00   1.2449333e-15   2.3873437e-01   2.3873437e-01
   2.0000000e+01   1.0000000e+00   1.2236128e-15   2.1331250e-01   2.1331250e-01
   2.1000000e+01   1.0000000e+00   1.1528343e-15   1.5154687e-01   1.5154687e-01
   2.2000000e+01   1.0000000e+00   1.0846456e-15   8.9109375e-02   8.9109375e-02
   2.3000000e+01   1.0000000e+00   1.0961647e-15   6.1593750e-02   6.1593750e-02
   2.4000000e+01   1.0000000e+00   1.0070544e-15   5.4015625e-02   5.4015625e-02
   2.5000000e+01   1.0000000e+00   1.0766269e-15   1.2618750e-01   1.2618750e-01
   2.6000000e+01   1.0000000e+00   1.2273820e-15   1.8450000e-01   1.8450000e-01
   2.7000000e+01   1.0000000e+00   1.1773580e-15   2.1262500e-01   2.1262500e-01
   2.8000000e+01   1.0000000e+00   1.3704758e-15   2.4868750e-01   2.4868750e-01
   2.9000000e+01   1.0000000e+00   1.3923041e-15   2.7965625e-01   2.7965625e-01
   3.0000000e+01   1.0000000e+00   1.2716792e-15   2.5745312e-01   2.5745312e-01
   3.1000000e+01   1.0000000e+00   1.3519764e-15   2.7871875e-01   2.7871875e-01
   3.2000000e+01   1.0000000e+00   1.1141361e-15   2.1948437e-01   2.1948437e-01
   3.3000000e+01   1.0000000e+00   1.3651278e-15   2.5210937e-01   2.5210937e-01
   3.4000000e+01   1.0000000e+00   1.2020625e-15   2.8615625e-01   2.8615625e-01
   3.5000000e+01   1.0000000e+00   1.6965854e-15   2.6995312e-01   2.6995312e-01
   3.6000000e+01   1.0000000e+00   1.6115408e-15   2.5548437e-01   2.5548437e-01
   3.7000000e+01   1.0000000e+00   1.3525108e-15   2.0007812e-01   2.0007812e-01
   3.8000000e+01   1.0000000e+00   9.0128608e-16   1.1018750e-01   1.1018750e-01
   3.9000000e+01   1.0000000e+00   6.4102159e-16   4.4406250e-02   4.4406250e-02
   4.0000000e+01   1.0000000e+00   6.5025572e-16   4.6468750e-02   4.6468750e-02
   4.1000000e+01   1.0000000e+00   8.5932419e-16   1.0848437e-01   1.0848437e-01
   4.2000000e+01   1.0000000e+00   1.3004955e-15   1.9409375e-01   1.9409375e-01
   4.3000000e+01   1.0000000e+00   1.4435014e-15   2.2725000e-01   2.2725000e-01
   4.4000000e+01   1.0000000e+00   1.5250278e-15   2.3273437e-01   2.3273437e-01
   4.5000000e+01   1.0000000e+00   1.7418005e-15   2.7551562e-01   2.7551562e-01
   4.6000000e+01   1.0000000e+00   1.8863220e-15   3.1426562e-01   3.1426562e-01
   4.7000000e+01   1.0000000e+00   1.7427520e-15   2.8768750e-01   2.8768750e-01
   1.0000000e+00   2.0000000e+00   1.5537647e-15   2.4820312e-01   2.4820312e-01
   2.0000000e+00   2.0000000e+00   1.5922420e-15   2.4118750e-01   2.4118750e-01
   3.0000000e+00   2.0000000e+00   1.5152441e-15   2.3495312e-01   2.3495312e-01
   4.0000000e+00   2.0000000e+00   1.4460485e-15   2.1012500e-01   2.1012500e-01
   5.0000000e+00   2.0000000e+00   1.1681480e-15   1.4537500e-01   1.4537500e-01
   6.0000000e+00   2.0000000e+00   7.2740969e-16   6.6671875e-02   6.6671875e-02
   7.0000000e+00   2.0000000e+00   6.4568465e-16   4.7421875e-02   4.7421875e-02
   8.0000000e+00   2.0000000e+00   8.8451535e-16   1.0042187e-01   1.0042187e-01
   9.0000000e+00   2.0000000e+00   1.2043153e-15   1.6954687e-01   1.6954687e-01
   1.0000000e+01   2.0000000e+00   1.3464786e-15   2.1665625e-01   2.1665625e-01
   1.1000000e+01   2.0000000e+00   1.4030868e-15   2.1925000e-01   2.1925000e-01
   1.2000000e+01   2.0000000e+00   1.5199320e-15   2.2743750e-01   2.2743750e-01
   1.3000000e+01   2.0000000e+00   1.4831042e-15   2.3134375e-01   2.3134375e-01
   1.4000000e+01   2.0000000e+00   1.4597936e-15   2.3603125e-01   2.3603125e-01
   1.5000000e+01   2.0000000e+00   1.3658355e-15   2.0343750e-01   2.0343750e-01
   1.6000000e+01   2.0000000e+00   1.2648782e-15   1.9909375e-01   1.9909375e-01
   1.7000000e+01   2.0000000e+00   1.4413970e-15   2.2900000e-01   2.2900000e-01
   1.8000000e+01   2.0000000e+00   1.6027135e-15   2.4462500e-01   2.4462500e-01
   1.9000000e+01   2.0000000e+00   1.6146872e-15   2.5282812e-01   2.5282812e-01
   2.0000000e+01   2.0000000e+00   1.5313275e-15   2.4250000e-01   2.4250000e-01
   2.1000000e+01   2.0000000e+00   1.3455774e-15   2.1321875e-01   2.1321875e-01
   2.2000000e+01   2.0000000e+00   9.1578095e-16   1.2406250e-01   1.2406250e-01
   2.3000000e+01   2.0000000e+00   6.3123697e-16   4.8828125e-02   4.8828125e-02
   2.4000000e+01   2.0000000e+00   7.0135345e-16   7.0500000e-02   7.0500000e-02
   2.5000000e+01   2.0000000e+00   1.0373227e-15   1.3412500e-01   1.3412500e-01
   2.6000000e+01   2.0000000e+00   1.2459407e-15   1.8307812e-01   1.8307812e-01
   2.7000000e+01   2.0000000e+00   1.4529481e-15   2.0739062e-01   2.0739062e-01
   2.8000000e+01   2.0000000e+00   1.5028882e-15   2.2856250e-01   2.2856250e-01
   2.9000000e+01   2.0000000e+00   1.5509615e-15   2.4076562e-01   2.4076562e-01
   3.0000000e+01   2.0000000e+00   1.6449299e-15   2.6164062e-01   2.6164062e-01
   3.1000000e+01   2.0000000e+00   1.5150611e-15   2.3275000e-01   2.3275000e-01
   3.2000000e+01   2.0000000e+00   1.4042142e-15   2.0921875e-01   2.0921875e-01
   3.3000000e+01   2.0000000e+00   1.4689531e-15   2.3256250e-01   2.3256250e-01
   3.4000000e+01   2.0000000e+00   1.5891363e-15   2.6539062e-01   2.6539062e-01
   3.5000000e+01   2.0000000e+00   1.5751864e-15   2.6203125e-01   2.6203125e-01
   3.6000000e+01   2.0000000e+00   1.5323465e-15   2.3812500e-01   2.3812500e-01
   3.7000000e+01   2.0000000e+00   1.4760596e-15   2.1921875e-01   2.1921875e-01
   3.8000000e+01   2.0000000e+00   1.1534005e-15   1.5614062e-01   1.5614062e-01
   3.9000000e+01   2.0000000e+00   7.6148164e-16   7.0093750e-02   7.0093750e-02
   4.0000000e+01   2.0000000e+00   6.6258456e-16   5.0281250e-02   5.0281250e-02
   4.1000000e+01   2.0000000e+00   1.0401721e-15   1.2143750e-01   1.2143750e-01
   4.2000000e+01   2.0000000e+00   1.3434021e-15   1.8643750e-01   1.8643750e-01
   4.3000000e+01   2.0000000e+00   1.4077871e-15   2.1442187e-01   2.1442187e-01
   4.4000000e+01   2.0000000e+00   1.5740967e-15   2.4504687e-01   2.4504687e-01
   4.5000000e+01   2.0000000e+00   1.6536422e-15   2.6531250e-01   2.6531250e-01
   4.6000000e+01   2.0000000e+00   1.7773802e-15   3.0706250e-01   3.0706250e-01
   4.7000000e+01   2.0000000e+00   1.6503316e-15   2.6609375e-01   2.6609375e-01
   1.0000000e+00   3.0000000e+00   1.6276349e-15   2.4828125e-01   2.4828125e-01
   2.0000000e+00   3.0000000e+00   1.5523131e-15   2.6170312e-01   2.6170312e-01
   3.0000000e+00   3.0000000e+00   1.5291435e-15   2.4043750e-01   2.4043750e-01
   4.0000000e+00   3.0000000e+00   1.4149039e-15   2.1389062e-01   2.1389062e-01
   5.0000000e+00   3.0000000e+00   1.2649397e-15   1.7357812e-01   1.7357812e-01
   6.0000000e+00   3.0000000e+00   9.0075402e-16   9.4765625e-02   9.4765625e-02
   7.0000000e+00   3.0000000e+00   6.7576124e-16   6.1218750e-02   6.1218750e-02
   8.0000000e+00   3.0000000e+00   8.7807782e-16   1.0917187e-01   1.0917187e-01
   9.0000000e+00   3.0000000e+00   1.1533530e-15   1.5839062e-01   1.5839062e-01
   1.0000000e+01   3.0000000e+00   1.3671616e-15   1.9681250e-01   1.9681250e-01
   1.1000000e+01   3.0000000e+00   1.5083737e-15   2.2906250e-01   2.2906250e-01
   1.2000000e+01   3.0000000e+00   1.4972098e-15   2.3479687e-01   2.3479687e-01
   1.3000000e+01   3.0000000e+00   1.5202746e-15   2.3389062e-01   2.3389062e-01
   1.4000000e+01   3.0000000e+00   1.5744120e-15   2.3893750e-01   2.3893750e-01
   1.5000000e+01   3.0000000e+00   1.4421137e-15   2.1795312e-01   2.1795312e-01
   1.6000000e+01   3.0000000e+00   1.3546805e-15   2.1520312e-01   2.1520312e-01
   1.7000000e+01   3.0000000e+00   1.5311677e-15   2.3712500e-01   2.3712500e-01
   1.8000000e+01   3.0000000e+00   1.5861257e-15   2.5993750e-01   2.5993750e-01
   1.9000000e+01   3.0000000e+00   1.5177493e-15   2.5062500e-01   2.5062500e-01
   2.0000000e+01   3.0000000e+00   1.4665015e-15   2.2131250e-01   2.2131250e-01
   2.1000000e+01   3.0000000e+00   1.3530070e-15   1.9785937e-01   1.9785937e-01
   2.2000000e+01   3.0000000e+00   1.1521263e-15   1.4773437e-01   1.4773437e-01
   2.3000000e+01   3.0000000e+00   7.4702154e-16   6.9140625e-02   6.9140625e-02
   2.4000000e+01   3.0000000e+00   8.0685070e-16   8.5828125e-02   8.5828125e-02
   2.5000000e+01   3.0000000e+00   1.0667991e-15   1.4745312e-01   1.4745312e-01
   2.6000000e+01   3.0000000e+00   1.2225118e-15   1.7065625e-01   1.7065625e-01
   2.7000000e+01   3.0000000e+00   1.3791588e-15   2.0242187e-01   2.0242187e-01
   2.8000000e+01   3.0000000e+00   1.4837074e-15   2.2457812e-01   2.2457812e-01
   2.9000000e+01   3.0000000e+00   1.5569888e-15   2.3929687e-01   2.3929687e-01
   3.0000000e+01   3.0000000e+00   1.6858775e-15   2.6290625e-01   2.6290625e-01
   3.1000000e+01   3.0000000e+00   1.6002141e-15   2.4723437e-01   2.4723437e-01
   3.2000000e+01   3.0000000e+00   1.3597723e-15   2.0981250e-01   2.0981250e-01
   3.3000000e+01   3.0000000e+00   1.4543801e-15   2.3193750e-01   2.3193750e-01
   3.4000000e+01   3.0000000e+00   1.6454014e-15   2.5864062e-01   2.5864062e-01
   3.5000000e+01   3.0000000e+00   1.6743056e-15   2.7256250e-01   2.7256250e-01
   3.6000000e+01   3.0000000e+00   1.5222892e-15   2.4385937e-01   2.4385937e-01
   3.7000000e+01   3.0000000e+00   1.4493993e-15   2.1478125e-01   2.1478125e-01
   3.8000000e+01   3.0000000e+00   1.2105447e-15   1.6579687e-01   1.6579687e-01
   3.9000000e+01   3.0000000e+00   8.0848127e-16   8.3468750e-02   8.3468750e-02
   4.0000000e+01   3.0000000e+00   7.0586156e-16   6.4734375e-02   6.4734375e-02
   4.1000000e+01   3.0000000e+00   9.5214931e-16   1.1289062e-01   1.1289062e-01
   4.2000000e+01   3.0000000e+00   1.2517537e-15   1.6971875e-01   1.6971875e-01
   4.3000000e+01   3.0000000e+00   1.3557884e-15   1.9296875e-01   1.9296875e-01
   4.4000000e+01   3.0000000e+00   1.5822203e-15   2.3860937e-01   2.3860937e-01
   4.5000000e+01   3.0000000e+00   1.5770420e-15   2.5693750e-01   2.5693750e-01
   4.6000000e+01   3.0000000e+00   1.7196890e-15   2.7701562e-01   2.7701562e-01
   4.7000000e+01   3.0000000e+00   1.5810556e-15   2.4826562e-01   2.4826562e-01
   1.0000000e+00   4.0000000e+00   1.6616410e-15   2.5931250e-01   2.5931250e-01
   2.0000000e+00   4.0000000e+00   1.6532247e-15   2.6323437e-01   2.6323437e-01
   3.0000000e+00   4.0000000e+00   1.6083730e-15   2.4998437e-01   2.4998437e-01
   4.0000000e+00   4.0000000e+00   1.4700659e-15   2.2479687e-01   2.2479687e-01
   5.0000000e+00   4.0000000e+00   1.2974520e-15   1.8118750e-01   1.8118750e-01
   6.0000000e+00   4.0000000e+00   8.7832790e-16   1.0345312e-01   1.0345312e-01
   7.0000000e+00   4.0000000e+00   7.0129066e-16   5.9781250e-02   5.9781250e-02
   8.0000000e+00   4.0000000e+00   9.2457450e-16   1.0504687e-01   1.0504687e-01
   9.0000000e+00   4.0000000e+00   1.1365645e-15   1.4951562e-01   1.4951562e-01
   1.0000000e+01   4.0000000e+00   1.2689878e-15   1.7834375e-01   1.7834375e-01
   1.1000000e+01   4.0000000e+00   1.4773728e-15   2.0381250e-01   2.0381250e-01
   1.2000000e+01   4.0000000e+00   1.4994242e-15   2.2390625e-01   2.2390625e-01
   1.3000000e+01   4.0000000e+00   1.5795203e-15   2.4453125e-01   2.4453125e-01
   1.4000000e+01   4.0000000e+00   1.5940746e-15   2.4684375e-01   2.4684375e-01
   1.5000000e+01   4.0000000e+00   1.4392129e-15   2.1043750e-01   2.1043750e-01
   1.6000000e+01   4.0000000e+00   1.3940936e-15   2.0103125e-01   2.0103125e-01
   1.7000000e+01   4.0000000e+00   1.5318662e-15   2.3357812e-01   2.3357812e-01
   1.8000000e+01   4.0000000e+00   1.6725642e-15   2.6362500e-01   2.6362500e-01
   1.9000000e+01   4.0000000e+00   1.6301618e-15   2.4823437e-01   2.4823437e-01
   2.0000000e+01   4.0000000e+00   1.5125234e-15   2.2523437e-01   2.2523437e-01
   2.1000000e+01   4.0000000e+00   1.4084265e-15   1.9501562e-01   1.9501562e-01
   2.2000000e+01   4.0000000e+00   1.0652083e-15   1.4182812e-01   1.4182812e-01
   2.3000000e+01   4.0000000e+00   7.8239074e-16   7.2046875e-02   7.2046875e-02
   2.4000000e+01   4.0000000e+00   7.1770192e-16   6.9171875e-02   6.9171875e-02
   2.5000000e+01   4.0000000e+00   1.1185000e-15   1.4059375e-01   1.4059375e-01
   2.6000000e+01   4.0000000e+00   1.3232047e-15   1.8532812e-01   1.8532812e-01
   2.7000000e+01   4.0000000e+00   1.3990708e-15   2.0267187e-01   2.0267187e-01
   2.8000000e+01   4.0000000e+00   1.4648258e-15   2.2200000e-01   2.2200000e-01
   2.9000000e+01   4.0000000e+00   1.5305516e-15   2.3615625e-01   2.3615625e-01
   3.0000000e+01   4.0000000e+00   1.5739833e-15   2.4851562e-01   2.4851562e-01
   3.1000000e+01   4.0000000e+00   1.5344427e-15   2.3218750e-01   2.3218750e-01
   3.2000000e+01   4.0000000e+00   1.3591542e-15   1.9500000e-01   1.9500000e-01
   3.3000000e+01   4.0000000e+00   1.5201570e-15   2.2456250e-01   2.2456250e-01
   3.4000000e+01   4.0000000e+00   1.6322330e-15   2.5595313e-01   2.5595313e-01
   3.5000000e+01   4.0000000e+00   1.6165991e-15   2.5828125e-01   2.5828125e-01
   3.6000000e+01   4.0000000e+00   1.5396885e-15   2.3631250e-01   2.3631250e-01
   3.7000000e+01   4.0000000e+00   1.4460261e-15   2.0981250e-01   2.0981250e-01
   3.8000000e+01   4.0000000e+00   1.1370174e-15   1.5832812e-01   1.5832812e-01
   3.9000000e+01   4.0000000e+00   8.0290664e-16   7.3546875e-02   7.3546875e-02
   4.0000000e+01   4.0000000e+00   6.9679271e-16   5.5328125e-02   5.5328125e-02
   4.1000000e+01   4.0000000e+00   9.6636553e-16   1.1148437e-01   1.1148437e-01
   4.2000000e+01   4.0000000e+00   1.2304885e-15   1.6934375e-01   1.6934375e-01
   4.3000000e+01   4.0000000e+00   1.3762028e-15   1.9778125e-01   1.9778125e-01
   4.4000000e+01   4.0000000e+00   1.4418939e-15   2.1329687e-01   2.1329687e-01
   4.5000000e+01   4.0000000e+00   1.6147274e-15   2.3951562e-01   2.3951562e-01
   4.6000000e+01   4.0000000e+00   1.6275204e-15   2.5428125e-01   2.5428125e-01
   4.7000000e+01   4.0000000e+00   1.6131754e-15   2.4667187e-01   2.4667187e-01
   1.0000000e+00   5.0000000e+00   1.6490926e-15   2.5462500e-01   2.5462500e-01
   2.0000000e+00   5.0000000e+00   1.6179964e-15   2.6232812e-01   2.6232812e-01
   3.0000000e+00   5.0000000e+00   1.5994112e-15   2.5132812e-01   2.5132812e-01
   4.0000000e+00   5.0000000e+00   1.4202663e-15   1.9914062e-01   1.9914062e-01
   5.0000000e+00   5.0000000e+00   1.1378635e-15   1.4290625e-01   1.4290625e-01
   6.0000000e+00   5.0000000e+00   7.4529216e-16   6.7578125e-02   6.7578125e-02
   7.0000000e+00   5.0000000e+00   6.3865809e-16   4.6687500e-02   4.6687500e-02
   8.0000000e+00   5.0000000e+00   8.8519665e-16   8.8531250e-02   8.8531250e-02
   9.0000000e+00   5.0000000e+00   1.1099868e-15   1.4168750e-01   1.4168750e-01
   1.0000000e+01   5.0000000e+00   1.2898440e-15   1.9468750e-01   1.9468750e-01
   1.1000000e+01   5.0000000e+00   1.4006687e-15   2.1340625e-01   2.1340625e-01
   1.2000000e+01   5.0000000e+00   1.6177690e-15   2.4623437e-01   2.4623437e-01
   1.3000000e+01   5.0000000e+00   1.7263861e-15   2.7887500e-01   2.7887500e-01
   1.4000000e+01   5.0000000e+00   1.5915731e-15   2.6910937e-01   2.6910937e-01
   1.5000000e+01   5.0000000e+00   1.4287531e-15   2.2517187e-01   2.2517187e-01
   1.6000000e+01   5.0000000e+00   1.3735575e-15   2.1725000e-01   2.1725000e-01
   1.7000000e+01   5.0000000e+00   1.6336488e-15   2.6295313e-01   2.6295313e-01
   1.8000000e+01   5.0000000e+00   1.7883112e-15   2.9845312e-01   2.9845312e-01
   1.9000000e+01   5.0000000e+00   1.7158799e-15   2.7543750e-01   2.7543750e-01
   2.0000000e+01   5.0000000e+00   1.5541029e-15   2.3864063e-01   2.3864063e-01
   2.1000000e+01   5.0000000e+00   1.2481776e-15   1.8064062e-01   1.8064062e-01
   2.2000000e+01   5.0000000e+00   9.5152650e-16   1.0275000e-01   1.0275000e-01
   2.3000000e+01   5.0000000e+00   6.1279257e-16   4.3281250e-02   4.3281250e-02
   2.4000000e+01   5.0000000e+00   7.1485958e-16   6.1531250e-02   6.1531250e-02
   2.5000000e+01   5.0000000e+00   9.6542015e-16   1.2054687e-01   1.2054687e-01
   2.6000000e+01   5.0000000e+00   1.2180940e-15   1.7787500e-01   1.7787500e-01
   2.7000000e+01   5.0000000e+00   1.2862638e-15   2.0250000e-01   2.0250000e-01
   2.8000000e+01   5.0000000e+00   1.4019772e-15   2.1754687e-01   2.1754687e-01
   2.9000000e+01   5.0000000e+00   1.5140904e-15   2.4184375e-01   2.4184375e-01
   3.0000000e+01   5.0000000e+00   1.5192317e-15   2.5190625e-01   2.5190625e-01
   3.1000000e+01   5.0000000e+00   1.4037364e-15   2.2723437e-01   2.2723437e-01
   3.2000000e+01   5.0000000e+00   1.2624209e-15   1.9768750e-01   1.9768750e-01
   3.3000000e+01   5.0000000e+00   1.3859554e-15   2.1229687e-01   2.1229687e-01
   3.4000000e+01   5.0000000e+00   1.5365106e-15   2.4110937e-01   2.4110937e-01
   3.5000000e+01   5.0000000e+00   1.5416797e-15   2.5254687e-01   2.5254687e-01
   3.6000000e+01   5.0000000e+00   1.4673062e-15   2.3107812e-01   2.3107812e-01
   3.7000000e+01   5.0000000e+00   1.2953504e-15   1.9126562e-01   1.9126562e-01
   3.8000000e+01   5.0000000e+00   9.1186925e-16   1.1079687e-01   1.1079687e-01
   3.9000000e+01   5.0000000e+00   6.0624491e-16   4.6078125e-02   4.6078125e-02
   4.0000000e+01   5.0000000e+00   6.2388090e-16   4.6937500e-02   4.6937500e-02
   4.1000000e+01   5.0000000e+00   8.1829475e-16   7.9984375e-02   7.9984375e-02
   4.2000000e+01   5.0000000e+00   1.0659647e-15   1.5148437e-01   1.5148437e-01
   4.3000000e+01   5.0000000e+00   1.3473792e-15   2.0028125e-01   2.0028125e-01
   4.4000000e+01   5.0000000e+00   1.3950186e-15   2.2176562e-01   2.2176562e-01
   4.5000000e+01   5.0000000e+00   1.4151511e-15   2.2693750e-01   2.2693750e-01
   4.6000000e+01   5.0000000e+00   1.4711850e-15   2.3843750e-01   2.3843750e-01
   4.7000000e+01   5.0000000e+00   1.3872698e-15   2.2409375e-01   2.2409375e-01
   1.0000000e+00   6.0000000e+00   1.3747594e-15   2.2479687e-01   2.2479687e-01
   2.0000000e+00   6.0000000e+00   1.4996312e-15   2.4084375e-01   2.4084375e-01
   3.0000000e+00   6.0000000e+00   1.3716870e-15   2.0590625e-01   2.0590625e-01
   4.0000000e+00   6.0000000e+00   1.0067702e-15   1.5671875e-01   1.5671875e-01
   5.0000000e+00   6.0000000e+00   7.9562639e-16   8.7015625e-02   8.7015625e-02
   6.0000000e+00   6.0000000e+00   6.2277287e-16   4.5812500e-02   4.5812500e-02
   7.0000000e+00   6.0000000e+00   6.0243152e-16   4.0281250e-02   4.0281250e-02
   8.0000000e+00   6.0000000e+00   6.7137955e-16   5.9593750e-02   5.9593750e-02
   9.0000000e+00   6.0000000e+00   9.6627732e-16   1.1914062e-01   1.1914062e-01
   1.0000000e+01   6.0000000e+00   1.2412682e-15   1.8006250e-01   1.8006250e-01
   1.1000000e+01   6.0000000e+00   1.3406741e-15   2.0151562e-01   2.0151562e-01
   1.2000000e+01   6.0000000e+00   1.4619074e-15   2.3028125e-01   2.3028125e-01
   1.3000000e+01   6.0000000e+00   1.5513747e-15   2.5120312e-01   2.5120312e-01
   1.4000000e+01   6.0000000e+00   1.5614518e-15   2.4081250e-01   2.4081250e-01
   1.5000000e+01   6.0000000e+00   1.3536792e-15   2.0900000e-01   2.0900000e-01
   1.6000000e+01   6.0000000e+00   1.3298195e-15   2.1501562e-01   2.1501562e-01
   1.7000000e+01   6.0000000e+00   1.5983303e-15   2.6043750e-01   2.6043750e-01
   1.8000000e+01   6.0000000e+00   1.6054108e-15   2.6092187e-01   2.6092187e-01
   1.9000000e+01   6.0000000e+00   1.5796783e-15   2.4334375e-01   2.4334375e-01
   2.0000000e+01   6.0000000e+00   1.3039217e-15   1.9659375e-01   1.9659375e-01
   2.1000000e+01   6.0000000e+00   9.4077795e-16   1.1998437e-01   1.1998437e-01
   2.2000000e+01   6.0000000e+00   6.8554385e-16   5.5843750e-02   5.5843750e-02
   2.3000000e+01   6.0000000e+00   6.0769229e-16   3.8015625e-02   3.8015625e-02
   2.4000000e+01   6.0000000e+00   6.0083248e-16   4.2734375e-02   4.2734375e-02
   2.5000000e+01   6.0000000e+00   8.1317297e-16   7.4171875e-02   7.4171875e-02
   2.6000000e+01   6.0000000e+00   1.0835194e-15   1.4232812e-01   1.4232812e-01
   2.7000000e+01   6.0000000e+00   1.2204425e-15   1.7440625e-01   1.7440625e-01
   2.8000000e+01   6.0000000e+00   1.3269418e-15   1.9907812e-01   1.9907812e-01
   2.9000000e+01   6.0000000e+00   1.4419197e-15   2.1376562e-01   2.1376562e-01
   3.0000000e+01   6.0000000e+00   1.3717279e-15   2.1320312e-01   2.1320312e-01
   3.1000000e+01   6.0000000e+00   1.2852253e-15   1.8312500e-01   1.8312500e-01
   3.2000000e+01   6.0000000e+00   1.1475032e-15   1.7250000e-01   1.7250000e-01
   3.3000000e+01   6.0000000e+00   1.3308471e-15   1.9795312e-01   1.9795312e-01
   3.4000000e+01   6.0000000e+00   1.3699896e-15   2.0451562e-01   2.0451562e-01
   3.5000000e+01   6.0000000e+00   1.3741594e-15   2.0265625e-01   2.0265625e-01
   3.6000000e+01   6.0000000e+00   1.2568437e-15   1.8815625e-01   1.8815625e-01
   3.7000000e+01   6.0000000e+00   1.0254001e-15   1.3076562e-01   1.3076562e-01
   3.8000000e+01   6.0000000e+00   7.2330329e-16   6.0468750e-02   6.0468750e-02
   3.9000000e+01   6.0000000e+00   6.2771009e-16   4.1187500e-02   4.1187500e-02
   4.0000000e+01   6.0000000e+00   6.0022226e-16   4.7453125e-02   4.7453125e-02
   4.1000000e+01   6.0000000e+00   6.5803555e-16   4.6109375e-02   4.6109375e-02
   4.2000000e+01   6.0000000e+00   8.6655967e-16   9.8375000e-02   9.8375000e-02
   4.3000000e+01   6.0000000e+00   1.0410782e-15   1.3818750e-01   1.3818750e-01
   4.4000000e+01   6.0000000e+00   1.1390011e-15   1.6095312e-01   1.6095312e-01
   4.5000000e+01   6.0000000e+00   1.1952180e-15   1.7046875e-01   1.7046875e-01
   4.6000000e+01   6.0000000e+00   1.1704138e-15   1.5815625e-01   1.5815625e-01
   4.7000000e+01   6.0000000e+00   1.0315523e-15   1.4135937e-01   1.4135937e-01
   1.0000000e+00   7.0000000e+00   1.1006391e-15   1.4134375e-01   1.4134375e-01
   2.0000000e+00   7.0000000e+00   1.1346676e-15   1.5523437e-01   1.5523437e-01
   3.0000000e+00   7.0000000e+00   9.8483204e-16   1.2453125e-01   1.2453125e-01
   4.0000000e+00   7.0000000e+00   7.8732991e-16   8.0437500e-02   8.0437500e-02
   5.0000000e+00   7.0000000e+00   6.9706945e-16   5.4187500e-02   5.4187500e-02
   6.0000000e+00   7.0000000e+00   5.8499653e-16   4.3187500e-02   4.3187500e-02
   7.0000000e+00   7.0000000e+00   6.3740276e-16   4.9437500e-02   4.9437500e-02
   8.0000000e+00   7.0000000e+00   5.6264312e-16   3.6531250e-02   3.6531250e-02
   9.0000000e+00   7.0000000e+00   6.6910304e-16   5.7062500e-02   5.7062500e-02
   1.0000000e+01   7.0000000e+00   9.0095515e-16   1.0685937e-01   1.0685937e-01
   1.1000000e+01   7.0000000e+00   1.0225591e-15   1.2929687e-01   1.2929687e-01
   1.2000000e+01   7.0000000e+00   1.0686349e-15   1.4501562e-01   1.4501562e-01
   1.3000000e+01   7.0000000e+00   1.0760986e-15   1.5157812e-01   1.5157812e-01
   1.4000000e+01   7.0000000e+00   9.9941654e-16   1.4357812e-01   1.4357812e-01
   1.5000000e+01   7.0000000e+00   9.8160163e-16   1.2098437e-01   1.2098437e-01
   1.6000000e+01   7.0000000e+00   9.3327029e-16   1.2604687e-01   1.2604687e-01
   1.7000000e+01   7.0000000e+00   9.9901607e-16   1.3135937e-01   1.3135937e-01
   1.8000000e+01   7.0000000e+00   1.1037683e-15   1.4742187e-01   1.4742187e-01
   1.9000000e+01   7.0000000e+00   1.0522124e-15   1.3881250e-01   1.3881250e-01
   2.0000000e+01   7.0000000e+00   9.1175557e-16   1.0660937e-01   1.0660937e-01
   2.1000000e+01   7.0000000e+00   7.2943322e-16   5.7593750e-02   5.7593750e-02
   2.2000000e+01   7.0000000e+00   6.1551666e-16   4.1640625e-02   4.1640625e-02
   2.3000000e+01   7.0000000e+00   5.6154089e-16   3.7015625e-02   3.7015625e-02
   2.4000000e+01   7.0000000e+00   6.3076967e-16   4.0359375e-02   4.0359375e-02
   2.5000000e+01   7.0000000e+00   6.5362483e-16   3.5359375e-02   3.5359375e-02
   2.6000000e+01   7.0000000e+00   6.9127683e-16   6.5343750e-02   6.5343750e-02
   2.7000000e+01   7.0000000e+00   8.0244267e-16   9.2281250e-02   9.2281250e-02
   2.8000000e+01   7.0000000e+00   8.8646265e-16   1.0785937e-01   1.0785937e-01
   2.9000000e+01   7.0000000e+00   8.4309667e-16   1.0815625e-01   1.0815625e-01
   3.0000000e+01   7.0000000e+00   9.8775753e-16   1.1835937e-01   1.1835937e-01
   3.1000000e+01   7.0000000e+00   8.4909366e-16   9.7250000e-02   9.7250000e-02
   3.2000000e+01   7.0000000e+00   8.5227363e-16   9.8078125e-02   9.8078125e-02
   3.3000000e+01   7.0000000e+00   8.6693960e-16   1.0643750e-01   1.0643750e-01
   3.4000000e+01   7.0000000e+00   9.0854435e-16   1.0567187e-01   1.0567187e-01
   3.5000000e+01   7.0000000e+00   8.7112620e-16   1.0546875e-01   1.0546875e-01
   3.6000000e+01   7.0000000e+00   8.1163251e-16   9.2515625e-02   9.2515625e-02
   3.7000000e+01   7.0000000e+00   6.8841763e-16   6.3484375e-02   6.3484375e-02
   3.8000000e+01   7.0000000e+00   6.1082397e-16   4.7609375e-02   4.7609375e-02
   3.9000000e+01   7.0000000e+00   6.9973150e-16   5.7515625e-02   5.7515625e-02
   4.0000000e+01   7.0000000e+00   7.0656018e-16   6.9671875e-02   6.9671875e-02
   4.1000000e+01   7.0000000e+00   6.2806769e-16   4.2921875e-02   4.2921875e-02
   4.2000000e+01   7.0000000e+00   5.9415939e-16   4.3843750e-02   4.3843750e-02
   4.3000000e+01   7.0000000e+00   7.3175262e-16   6.2796875e-02   6.2796875e-02
   4.4000000e+01   7.0000000e+00   7.5398557e-16   7.9031250e-02   7.9031250e-02
   4.5000000e+01   7.0000000e+00   7.8264285e-16   8.0859375e-02   8.0859375e-02
   4.6000000e+01   7.0000000e+00   7.8313632e-16   7.8656250e-02   7.8656250e-02
   4.7000000e+01   7.0000000e+00   8.1820732e-16   8.3359375e-02   8.3359375e-02
   1.0000000e+00   8.0000000e+00   7.5292181e-16   8.5765625e-02   8.5765625e-02
   2.0000000e+00   8.0000000e+00   7.9659124e-16   8.6953125e-02   8.6953125e-02
   3.0000000e+00   8.0000000e+00   6.7080501e-16   7.2265625e-02   7.2265625e-02
   4.0000000e+00   8.0000000e+00   6.5157902e-16   4.8968750e-02   4.8968750e-02
   5.0000000e+00   8.0000000e+00   6.1547268e-16   4.0000000e-02   4.0000000e-02
   6.0000000e+00   8.0000000e+00   6.2977088e-16   4.9000000e-02   4.9000000e-02
   7.0000000e+00   8.0000000e+00   7.5700327e-16   7.4593750e-02   7.4593750e-02
   8.0000000e+00   8.0000000e+00   6.5398443e-16   5.4015625e-02   5.4015625e-02
   9.0000000e+00   8.0000000e+00   5.4742797e-16   3.7078125e-02   3.7078125e-02
   1.0000000e+01   8.0000000e+00   6.8501264e-16   5.3906250e-02   5.3906250e-02
   1.1000000e+01   8.0000000e+00   7.2950579e-16   7.6171875e-02   7.6171875e-02
   1.2000000e+01   8.0000000e+00   6.4899663e-16   7.5937500e-02   7.5937500e-02
   1.3000000e+01   8.0000000e+00   6.8089582e-16   7.2953125e-02   7.2953125e-02
   1.4000000e+01   8.0000000e+00   7.5726298e-16   8.3687500e-02   8.3687500e-02
   1.5000000e+01   8.0000000e+00   7.9571557e-16   6.9250000e-02   6.9250000e-02
   1.6000000e+01   8.0000000e+00   7.0200084e-16   7.4578125e-02   7.4578125e-02
   1.7000000e+01   8.0000000e+00   7.5145544e-16   7.6593750e-02   7.6593750e-02
   1.8000000e+01   8.0000000e+00   7.8255168e-16   8.6156250e-02   8.6156250e-02
   1.9000000e+01   8.0000000e+00   8.1583308e-16   8.9234375e-02   8.9234375e-02
   2.0000000e+01   8.0000000e+00   7.0901614e-16   6.6187500e-02   6.6187500e-02
   2.1000000e+01   8.0000000e+00   5.5938227e-16   4.3000000e-02   4.3000000e-02
   2.2000000e+01   8.0000000e+00   5.5023641e-16   3.4640625e-02   3.4640625e-02
   2.3000000e+01   8.0000000e+00   6.2859566e-16   5.3875000e-02   5.3875000e-02
   2.4000000e+01   8.0000000e+00   6.9345531e-16   6.0375000e-02   6.0375000e-02
   2.5000000e+01   8.0000000e+00   5.8103463e-16   3.9140625e-02   3.9140625e-02
   2.6000000e+01   8.0000000e+00   6.7163762e-16   5.7671875e-02   5.7671875e-02
   2.7000000e+01   8.0000000e+00   7.0666063e-16   6.6671875e-02   6.6671875e-02
   2.8000000e+01   8.0000000e+00   7.1688449e-16   8.4781250e-02   8.4781250e-02
   2.9000000e+01   8.0000000e+00   7.2318769e-16   8.4468750e-02   8.4468750e-02
   3.0000000e+01   8.0000000e+00   8.5305035e-16   8.8171875e-02   8.8171875e-02
   3.1000000e+01   8.0000000e+00   7.2119393e-16   8.3546875e-02   8.3546875e-02
   3.2000000e+01   8.0000000e+00   7.1704458e-16   7.7406250e-02   7.7406250e-02
   3.3000000e+01   8.0000000e+00   7.7748220e-16   9.1765625e-02   9.1765625e-02
   3.4000000e+01   8.0000000e+00   8.3982530e-16   1.0134375e-01   1.0134375e-01
   3.5000000e+01   8.0000000e+00   8.4882831e-16   9.4875000e-02   9.4875000e-02
   3.6000000e+01   8.0000000e+00   7.9272994e-16   9.1734375e-02   9.1734375e-02
   3.7000000e+01   8.0000000e+00   6.9190252e-16   6.8984375e-02   6.8984375e-02
   3.8000000e+01   8.0000000e+00   5.7019552e-16   4.2125000e-02   4.2125000e-02
   3.9000000e+01   8.0000000e+00   6.6202072e-16   4.7703125e-02   4.7703125e-02
   4.0000000e+01   8.0000000e+00   6.5621737e-16   7.7671875e-02   7.7671875e-02
   4.1000000e+01   8.0000000e+00   6.1718478e-16   5.4921875e-02   5.4921875e-02
   4.2000000e+01   8.0000000e+00   6.9989610e-16   6.8750000e-02   6.8750000e-02
   4.3000000e+01   8.0000000e+00   8.6057204e-16   1.0300000e-01   1.0300000e-01
   4.4000000e+01   8.0000000e+00   9.3697175e-16   1.1862500e-01   1.1862500e-01
   4.5000000e+01   8.0000000e+00   1.0213788e-15   1.3714062e-01   1.3714062e-01
   4.6000000e+01   8.0000000e+00   1.0941900e-15   1.4634375e-01   1.4634375e-01
   4.7000000e+01   8.0000000e+00   1.0752122e-15   1.4228125e-01   1.4228125e-01
   1.0000000e+00   9.0000000e+00   1.1503431e-15   1.6121875e-01   1.6121875e-01
   2.0000000e+00   9.0000000e+00   1.1415601e-15   1.7051562e-01   1.7051562e-01
   3.0000000e+00   9.0000000e+00   1.1345346e-15   1.6556250e-01   1.6556250e-01
   4.0000000e+00   9.0000000e+00   9.6083753e-16   1.2120312e-01   1.2120312e-01
   5.0000000e+00   9.0000000e+00   7.1820917e-16   5.5453125e-02   5.5453125e-02
   6.0000000e+00   9.0000000e+00   5.9487029e-16   4.0171875e-02   4.0171875e-02
   7.0000000e+00   9.0000000e+00   6.4236996e-16   5.3343750e-02   5.3343750e-02
   8.0000000e+00   9.0000000e+00   6.7314923e-16   5.6953125e-02   5.6953125e-02
   9.0000000e+00   9.0000000e+00   7.5414746e-16   7.5468750e-02   7.5468750e-02
   1.0000000e+01   9.0000000e+00   9.8325981e-16   1.2517187e-01   1.2517187e-01
   1.1000000e+01   9.0000000e+00   1.1118435e-15   1.5264062e-01   1.5264062e-01
   1.2000000e+01   9.0000000e+00   1.1134565e-15   1.6048437e-01   1.6048437e-01
   1.3000000e+01   9.0000000e+00   1.1782228e-15   1.6606250e-01   1.6606250e-01
   1.4000000e+01   9.0000000e+00   1.1206765e-15   1.6339062e-01   1.6339062e-01
   1.5000000e+01   9.0000000e+00   1.0542944e-15   1.4353125e-01   1.4353125e-01
   1.6000000e+01   9.0000000e+00   9.7726144e-16   1.4120312e-01   1.4120312e-01
   1.7000000e+01   9.0000000e+00   1.1512246e-15   1.6432812e-01   1.6432812e-01
   1.8000000e+01   9.0000000e+00   1.2419617e-15   1.7651562e-01   1.7651562e-01
   1.9000000e+01   9.0000000e+00   1.1986041e-15   1.7570312e-01   1.7570312e-01
   2.0000000e+01   9.0000000e+00   1.1135613e-15   1.6328125e-01   1.6328125e-01
   2.1000000e+01   9.0000000e+00   8.6804275e-16   9.1375000e-02   9.1375000e-02
   2.2000000e+01   9.0000000e+00   6.1617558e-16   4.5031250e-02   4.5031250e-02
   2.3000000e+01   9.0000000e+00   5.9914659e-16   4.1625000e-02   4.1625000e-02
   2.4000000e+01   9.0000000e+00   6.6054382e-16   4.5328125e-02   4.5328125e-02
   2.5000000e+01   9.0000000e+00   6.6099347e-16   5.4921875e-02   5.4921875e-02
   2.6000000e+01   9.0000000e+00   9.4541644e-16   1.1112500e-01   1.1112500e-01
   2.7000000e+01   9.0000000e+00   1.1549725e-15   1.5500000e-01   1.5500000e-01
   2.8000000e+01   9.0000000e+00   1.2083996e-15   1.8056250e-01   1.8056250e-01
   2.9000000e+01   9.0000000e+00   1.2706597e-15   1.8921875e-01   1.8921875e-01
   3.0000000e+01   9.0000000e+00   1.3436033e-15   1.9807812e-01   1.9807812e-01
   3.1000000e+01   9.0000000e+00   1.2267155e-15   1.7932812e-01   1.7932812e-01
   3.2000000e+01   9.0000000e+00   1.1643568e-15   1.6223437e-01   1.6223437e-01
   3.3000000e+01   9.0000000e+00   1.2453219e-15   1.8676562e-01   1.8676562e-01
   3.4000000e+01   9.0000000e+00   1.3408942e-15   2.0810937e-01   2.0810937e-01
   3.5000000e+01   9.0000000e+00   1.3934290e-15   2.0882812e-01   2.0882812e-01
   3.6000000e+01   9.0000000e+00   1.3392500e-15   1.9626562e-01   1.9626562e-01
   3.7000000e+01   9.0000000e+00   1.1025356e-15   1.4976562e-01   1.4976562e-01
   3.8000000e+01   9.0000000e+00   7.0962723e-16   6.6359375e-02   6.6359375e-02
   3.9000000e+01   9.0000000e+00   5.6582834e-16   3.6859375e-02   3.6859375e-02
   4.0000000e+01   9.0000000e+00   6.8654019e-16   5.0062500e-02   5.0062500e-02
   4.1000000e+01   9.0000000e+00   7.0428734e-16   6.0953125e-02   6.0953125e-02
   4.2000000e+01   9.0000000e+00   1.0006909e-15   1.2371875e-01   1.2371875e-01
   4.3000000e+01   9.0000000e+00   1.2484097e-15   1.8956250e-01   1.8956250e-01
   4.4000000e+01   9.0000000e+00   1.3931758e-15   2.0996875e-01   2.0996875e-01
   4.5000000e+01   9.0000000e+00   1.4385697e-15   2.2059375e-01   2.2059375e-01
   4.6000000e+01   9.0000000e+00   1.5260674e-15   2.4042187e-01   2.4042187e-01
   4.7000000e+01   9.0000000e+00   1.4819507e-15   2.4312500e-01   2.4312500e-01
   1.0000000e+00   1.0000000e+01   1.4928633e-15   2.4376562e-01   2.4376562e-01
   2.0000000e+00   1.0000000e+01   1.4493453e-15   2.3015625e-01   2.3015625e-01
   3.0000000e+00   1.0000000e+01   1.5338019e-15   2.4734375e-01   2.4734375e-01
   4.0000000e+00   1.0000000e+01   1.2591836e-15   1.8292187e-01   1.8292187e-01
   5.0000000e+00   1.0000000e+01   9.6520469e-16   1.1859375e-01   1.1859375e-01
   6.0000000e+00   1.0000000e+01   5.9214143e-16   4.6015625e-02   4.6015625e-02
   7.0000000e+00   1.0000000e+01   6.4133037e-16   3.5968750e-02   3.5968750e-02
   8.0000000e+00   1.0000000e+01   6.6139428e-16   6.4312500e-02   6.4312500e-02
   9.0000000e+00   1.0000000e+01   8.5370361e-16   1.1057812e-01   1.1057812e-01
   1.0000000e+01   1.0000000e+01   1.2940560e-15   1.9507812e-01   1.9507812e-01
   1.1000000e+01   1.0000000e+01   1.4724779e-15   2.2423437e-01   2.2423437e-01
   1.2000000e+01   1.0000000e+01   1.4417980e-15   2.2339062e-01   2.2339062e-01
   1.3000000e+01   1.0000000e+01   1.5495195e-15   2.4228125e-01   2.4228125e-01
   1.4000000e+01   1.0000000e+01   1.3988255e-15   2.1448437e-01   2.1448437e-01
   1.5000000e+01   1.0000000e+01   1.3079712e-15   1.9582812e-01   1.9582812e-01
   1.6000000e+01   1.0000000e+01   1.2584886e-15   1.8953125e-01   1.8953125e-01
   1.7000000e+01   1.0000000e+01   1.3639438e-15   2.0782812e-01   2.0782812e-01
   1.8000000e+01   1.0000000e+01   1.5562656e-15   2.4668750e-01   2.4668750e-01
   1.9000000e+01   1.0000000e+01   1.5229031e-15   2.3000000e-01   2.3000000e-01
   2.0000000e+01   1.0000000e+01   1.5093144e-15   2.3231250e-01   2.3231250e-01
   2.1000000e+01   1.0000000e+01   1.1836284e-15   1.7171875e-01   1.7171875e-01
   2.2000000e+01   1.0000000e+01   7.3958101e-16   8.1765625e-02   8.1765625e-02
   2.3000000e+01   1.0000000e+01   5.9371163e-16   4.4656250e-02   4.4656250e-02
   2.4000000e+01   1.0000000e+01   6.1226720e-16   4.4078125e-02   4.4078125e-02
   2.5000000e+01   1.0000000e+01   8.9196054e-16   1.0185937e-01   1.0185937e-01
   2.6000000e+01   1.0000000e+01   1.1951689e-15   1.5578125e-01   1.5578125e-01
   2.7000000e+01   1.0000000e+01   1.4148669e-15   2.1273437e-01   2.1273437e-01
   2.8000000e+01   1.0000000e+01   1.4130109e-15   2.2382812e-01   2.2382812e-01
   2.9000000e+01   1.0000000e+01   1.5508362e-15   2.3853125e-01   2.3853125e-01
   3.0000000e+01   1.0000000e+01   1.5758471e-15   2.5251562e-01   2.5251562e-01
   3.1000000e+01   1.0000000e+01   1.2750903e-15   2.2465625e-01   2.2465625e-01
   3.2000000e+01   1.0000000e+01   1.2525000e-15   2.0231250e-01   2.0231250e-01
   3.3000000e+01   1.0000000e+01   1.4543849e-15   2.5123438e-01   2.5123438e-01
   3.4000000e+01   1.0000000e+01   1.6600814e-15   2.8043750e-01   2.8043750e-01
   3.5000000e+01   1.0000000e+01   1.6523960e-15   2.7615625e-01   2.7615625e-01
   3.6000000e+01   1.0000000e+01   1.5832900e-15   2.5329687e-01   2.5329687e-01
   3.7000000e+01   1.0000000e+01   1.4266760e-15   2.0775000e-01   2.0775000e-01
   3.8000000e+01   1.0000000e+01   1.1749606e-15   1.5225000e-01   1.5225000e-01
   3.9000000e+01   1.0000000e+01   7.0994883e-16   6.7734375e-02   6.7734375e-02
   4.0000000e+01   1.0000000e+01   6.2551108e-16   4.0406250e-02   4.0406250e-02
   4.1000000e+01   1.0000000e+01   8.1842038e-16   8.9421875e-02   8.9421875e-02
   4.2000000e+01   1.0000000e+01   1.0480321e-15   1.5732812e-01   1.5732812e-01
   4.3000000e+01   1.0000000e+01   1.3180400e-15   2.0112500e-01   2.0112500e-01
   4.4000000e+01   1.0000000e+01   1.5330605e-15   2.3096875e-01   2.3096875e-01
   4.5000000e+01   1.0000000e+01   1.5095139e-15   2.4612500e-01   2.4612500e-01
   4.6000000e+01   1.0000000e+01   1.6597392e-15   2.7128125e-01   2.7128125e-01
   4.7000000e+01   1.0000000e+01   1.6940317e-15   2.7434375e-01   2.7434375e-01
   1.0000000e+00   1.1000000e+01   1.5796587e-15   2.4196875e-01   2.4196875e-01
   2.0000000e+00   1.1000000e+01   1.6141713e-15   2.6179687e-01   2.6179687e-01
   3.0000000e+00   1.1000000e+01   1.6505332e-15   2.5704688e-01   2.5704688e-01
   4.0000000e+00   1.1000000e+01   1.4408423e-15   2.2068750e-01   2.2068750e-01
   5.0000000e+00   1.1000000e+01   1.2796236e-15   1.7725000e-01   1.7725000e-01
   6.0000000e+00   1.1000000e+01   8.3127320e-16   8.9875000e-02   8.9875000e-02
   7.0000000e+00   1.1000000e+01   6.4490260e-16   4.6578125e-02   4.6578125e-02
   8.0000000e+00   1.1000000e+01   7.7279115e-16   8.2218750e-02   8.2218750e-02
   9.0000000e+00   1.1000000e+01   1.1099010e-15   1.4603125e-01   1.4603125e-01
   1.0000000e+01   1.1000000e+01   1.4169458e-15   1.9750000e-01   1.9750000e-01
   1.1000000e+01   1.1000000e+01   1.5298173e-15   2.2982812e-01   2.2982812e-01
   1.2000000e+01   1.1000000e+01   1.4902384e-15   2.2410937e-01   2.2410937e-01
   1.3000000e+01   1.1000000e+01   1.5580622e-15   2.4321875e-01   2.4321875e-01
   1.4000000e+01   1.1000000e+01   1.5680117e-15   2.4951562e-01   2.4951562e-01
   1.5000000e+01   1.1000000e+01   1.3788526e-15   2.0092187e-01   2.0092187e-01
   1.6000000e+01   1.1000000e+01   1.2836851e-15   1.8720312e-01   1.8720312e-01
   1.7000000e+01   1.1000000e+01   1.4546142e-15   2.3329687e-01   2.3329687e-01
   1.8000000e+01   1.1000000e+01   1.5265665e-15   2.4234375e-01   2.4234375e-01
   1.9000000e+01   1.1000000e+01   1.6879805e-15   2.5979687e-01   2.5979687e-01
   2.0000000e+01   1.1000000e+01   1.5640529e-15   2.4554687e-01   2.4554687e-01
   2.1000000e+01   1.1000000e+01   1.3271362e-15   2.0146875e-01   2.0146875e-01
   2.2000000e+01   1.1000000e+01   1.1840192e-15   1.5117187e-01   1.5117187e-01
   2.3000000e+01   1.1000000e+01   7.5859709e-16   6.6718750e-02   6.6718750e-02
   2.4000000e+01   1.1000000e+01   7.4718464e-16   6.2078125e-02   6.2078125e-02
   2.5000000e+01   1.1000000e+01   1.0355448e-15   1.2404687e-01   1.2404687e-01
   2.6000000e+01   1.1000000e+01   1.2956100e-15   1.8653125e-01   1.8653125e-01
   2.7000000e+01   1.1000000e+01   1.4555107e-15   2.1529687e-01   2.1529687e-01
   2.8000000e+01   1.1000000e+01   1.4891120e-15   2.2551562e-01   2.2551562e-01
   2.9000000e+01   1.1000000e+01   1.4737092e-15   2.2606250e-01   2.2606250e-01
   3.0000000e+01   1.1000000e+01   1.6278264e-15   2.5982812e-01   2.5982812e-01
   3.1000000e+01   1.1000000e+01   1.5807451e-15   2.5184375e-01   2.5184375e-01
   3.2000000e+01   1.1000000e+01   1.4115110e-15   2.0759375e-01   2.0759375e-01
   3.3000000e+01   1.1000000e+01   1.5892073e-15   2.4393750e-01   2.4393750e-01
   3.4000000e+01   1.1000000e+01   1.7591452e-15   2.9285937e-01   2.9285937e-01
   3.5000000e+01   1.1000000e+01   1.7993902e-15   2.9440625e-01   2.9440625e-01
   3.6000000e+01   1.1000000e+01   1.5844059e-15   2.4021875e-01   2.4021875e-01
   3.7000000e+01   1.1000000e+01   1.5434307e-15   2.2957812e-01   2.2957812e-01
   3.8000000e+01   1.1000000e+01   1.2635241e-15   1.7990625e-01   1.7990625e-01
   3.9000000e+01   1.1000000e+01   8.3533874e-16   9.0796875e-02   9.0796875e-02
   4.0000000e+01   1.1000000e+01   6.8993597e-16   5.8140625e-02   5.8140625e-02
   4.1000000e+01   1.1000000e+01   9.4259232e-16   1.0889062e-01   1.0889062e-01
   4.2000000e+01   1.1000000e+01   1.3486750e-15   1.8201562e-01   1.8201562e-01
   4.3000000e+01   1.1000000e+01   1.3423653e-15   1.9203125e-01   1.9203125e-01
   4.4000000e+01   1.1000000e+01   1.4588633e-15   2.1660937e-01   2.1660937e-01
   4.5000000e+01   1.1000000e+01   1.5817093e-15   2.4360937e-01   2.4360937e-01
   4.6000000e+01   1.1000000e+01   1.7745965e-15   2.9637500e-01   2.9637500e-01
   4.7000000e+01   1.1000000e+01   1.8434493e-15   3.0485937e-01   3.0485937e-01
   1.0000000e+00   1.2000000e+01   1.7158072e-15   2.7964062e-01   2.7964062e-01
   2.0000000e+00   1.2000000e+01   1.6535397e-15   2.6323437e-01   2.6323437e-01
   3.0000000e+00   1.2000000e+01   1.5339725e-15   2.3795312e-01   2.3795312e-01
   4.0000000e+00   1.2000000e+01   1.4489160e-15   2.2006250e-01   2.2006250e-01
   5.0000000e+00   1.2000000e+01   1.4335740e-15   2.0209375e-01   2.0209375e-01
   6.0000000e+00   1.2000000e+01   8.9663579e-16   1.0829687e-01   1.0829687e-01
   7.0000000e+00   1.2000000e+01   7.3306808e-16   5.5109375e-02   5.5109375e-02
   8.0000000e+00   1.2000000e+01   9.1399218e-16   1.0039062e-01   1.0039062e-01
   9.0000000e+00   1.2000000e+01   1.1897205e-15   1.5682812e-01   1.5682812e-01
   1.0000000e+01   1.2000000e+01   1.3204213e-15   1.9656250e-01   1.9656250e-01
   1.1000000e+01   1.2000000e+01   1.4371313e-15   2.2406250e-01   2.2406250e-01
   1.2000000e+01   1.2000000e+01   1.4958534e-15   2.2500000e-01   2.2500000e-01
   1.3000000e+01   1.2000000e+01   1.6360025e-15   2.5326562e-01   2.5326562e-01
   1.4000000e+01   1.2000000e+01   1.6268307e-15   2.4837500e-01   2.4837500e-01
   1.5000000e+01   1.2000000e+01   1.3167668e-15   1.9057812e-01   1.9057812e-01
   1.6000000e+01   1.2000000e+01   1.2909554e-15   1.8350000e-01   1.8350000e-01
   1.7000000e+01   1.2000000e+01   1.5071434e-15   2.3312500e-01   2.3312500e-01
   1.8000000e+01   1.2000000e+01   1.6143506e-15   2.6906250e-01   2.6906250e-01
   1.9000000e+01   1.2000000e+01   1.5741927e-15   2.5023438e-01   2.5023438e-01
   2.0000000e+01   1.2000000e+01   1.5343509e-15   2.2992187e-01   2.2992187e-01
   2.1000000e+01   1.2000000e+01   1.4698907e-15   2.1331250e-01   2.1331250e-01
   2.2000000e+01   1.2000000e+01   1.1978612e-15   1.7050000e-01   1.7050000e-01
   2.3000000e+01   1.2000000e+01   8.2650108e-16   8.1937500e-02   8.1937500e-02
   2.4000000e+01   1.2000000e+01   8.2586012e-16   7.8750000e-02   7.8750000e-02
   2.5000000e+01   1.2000000e+01   1.0626444e-15   1.3653125e-01   1.3653125e-01
   2.6000000e+01   1.2000000e+01   1.2209426e-15   1.7065625e-01   1.7065625e-01
   2.7000000e+01   1.2000000e+01   1.3912839e-15   1.9818750e-01   1.9818750e-01
   2.8000000e+01   1.2000000e+01   1.5080741e-15   2.2717187e-01   2.2717187e-01
   2.9000000e+01   1.2000000e+01   1.6290807e-15   2.5106250e-01   2.5106250e-01
   3.0000000e+01   1.2000000e+01   1.7104575e-15   2.8432812e-01   2.8432812e-01
   3.1000000e+01   1.2000000e+01   1.6377169e-15   2.6667188e-01   2.6667188e-01
   3.2000000e+01   1.2000000e+01   1.3999164e-15   2.1053125e-01   2.1053125e-01
   3.3000000e+01   1.2000000e+01   1.5159090e-15   2.3073437e-01   2.3073437e-01
   3.4000000e+01   1.2000000e+01   1.9639442e-15   3.1737500e-01   3.1737500e-01
   3.5000000e+01   1.2000000e+01   1.7907333e-15   3.0526562e-01   3.0526562e-01
   3.6000000e+01   1.2000000e+01   1.5231670e-15   2.3259375e-01   2.3259375e-01
   3.7000000e+01   1.2000000e+01   1.4456309e-15   2.1370312e-01   2.1370312e-01
   3.8000000e+01   1.2000000e+01   1.3240057e-15   1.7732812e-01   1.7732812e-01
   3.9000000e+01   1.2000000e+01   8.5014051e-16   9.3109375e-02   9.3109375e-02
   4.0000000e+01   1.2000000e+01   7.0124211e-16   6.4156250e-02   6.4156250e-02
   4.1000000e+01   1.2000000e+01   9.3481986e-16   1.1457812e-01   1.1457812e-01
   4.2000000e+01   1.2000000e+01   1.1627772e-15   1.6678125e-01   1.6678125e-01
   4.3000000e+01   1.2000000e+01   1.4025072e-15   2.0082812e-01   2.0082812e-01
   4.4000000e+01   1.2000000e+01   1.4303149e-15   2.2089062e-01   2.2089062e-01
   4.5000000e+01   1.2000000e+01   1.5273216e-15   2.3121875e-01   2.3121875e-01
   4.6000000e+01   1.2000000e+01   1.7816844e-15   2.8889062e-01   2.8889062e-01
   4.7000000e+01   1.2000000e+01   1.7625819e-15   2.9245312e-01   2.9245312e-01
   1.0000000e+00   1.3000000e+01   1.6898855e-15   2.8510938e-01   2.8510938e-01
   2.0000000e+00   1.3000000e+01   1.6409128e-15   2.6368750e-01   2.6368750e-01
   3.0000000e+00   1.3000000e+01   1.6385383e-15   2.6439062e-01   2.6439062e-01
   4.0000000e+00   1.3000000e+01   1.4695986e-15   2.1579687e-01   2.1579687e-01
   5.0000000e+00   1.3000000e+01   1.1781020e-15   1.6582812e-01   1.6582812e-01
   6.0000000e+00   1.3000000e+01   8.6441453e-16   9.6203125e-02   9.6203125e-02
   7.0000000e+00   1.3000000e+01   6.2575327e-16   6.1781250e-02   6.1781250e-02
   8.0000000e+00   1.3000000e+01   8.3781321e-16   9.3484375e-02   9.3484375e-02
   9.0000000e+00   1.3000000e+01   1.1260210e-15   1.5689062e-01   1.5689062e-01
   1.0000000e+01   1.3000000e+01   1.2922669e-15   1.9300000e-01   1.9300000e-01
   1.1000000e+01   1.3000000e+01   1.3872486e-15   2.0971875e-01   2.0971875e-01
   1.2000000e+01   1.3000000e+01   1.4328085e-15   2.2559375e-01   2.2559375e-01
   1.3000000e+01   1.3000000e+01   1.5568973e-15   2.4739062e-01   2.4739062e-01
   1.4000000e+01   1.3000000e+01   1.4813343e-15   2.4457812e-01   2.4457812e-01
   1.5000000e+01   1.3000000e+01   1.3257285e-15   1.9389062e-01   1.9389062e-01
   1.6000000e+01   1.3000000e+01   1.2867147e-15   1.9548437e-01   1.9548437e-01
   1.7000000e+01   1.3000000e+01   1.5775897e-15   2.5892187e-01   2.5892187e-01
   1.8000000e+01   1.3000000e+01   1.6770510e-15   2.7242187e-01   2.7242187e-01
   1.9000000e+01   1.3000000e+01   1.6510232e-15   2.6071875e-01   2.6071875e-01
   2.0000000e+01   1.3000000e+01   1.6470462e-15   2.5915625e-01   2.5915625e-01
   2.1000000e+01   1.3000000e+01   1.4080597e-15   2.1246875e-01   2.1246875e-01
   2.2000000e+01   1.3000000e+01   1.0690476e-15   1.4284375e-01   1.4284375e-01
   2.3000000e+01   1.3000000e+01   6.6369257e-16   6.4765625e-02   6.4765625e-02
   2.4000000e+01   1.3000000e+01   6.8057184e-16   6.9234375e-02   6.9234375e-02
   2.5000000e+01   1.3000000e+01   1.0729756e-15   1.3576562e-01   1.3576562e-01
   2.6000000e+01   1.3000000e+01   1.2912772e-15   1.8632812e-01   1.8632812e-01
   2.7000000e+01   1.3000000e+01   1.3615601e-15   1.9551562e-01   1.9551562e-01
   2.8000000e+01   1.3000000e+01   1.4670062e-15   2.1353125e-01   2.1353125e-01
   2.9000000e+01   1.3000000e+01   1.4949163e-15   2.3634375e-01   2.3634375e-01
   3.0000000e+01   1.3000000e+01   1.6303646e-15   2.6918750e-01   2.6918750e-01
   3.1000000e+01   1.3000000e+01   1.6112766e-15   2.6479687e-01   2.6479687e-01
   3.2000000e+01   1.3000000e+01   1.4202623e-15   2.2843750e-01   2.2843750e-01
   3.3000000e+01   1.3000000e+01   1.6314523e-15   2.6728125e-01   2.6728125e-01
   3.4000000e+01   1.3000000e+01   1.7836490e-15   2.9962500e-01   2.9962500e-01
   3.5000000e+01   1.3000000e+01   1.7420187e-15   2.8160938e-01   2.8160938e-01
   3.6000000e+01   1.3000000e+01   1.5721148e-15   2.4515625e-01   2.4515625e-01
   3.7000000e+01   1.3000000e+01   1.3531049e-15   2.0739062e-01   2.0739062e-01
   3.8000000e+01   1.3000000e+01   9.9466425e-16   1.3307812e-01   1.3307812e-01
   3.9000000e+01   1.3000000e+01   7.0196693e-16   7.1843750e-02   7.1843750e-02
   4.0000000e+01   1.3000000e+01   6.4555953e-16   6.0406250e-02   6.0406250e-02
   4.1000000e+01   1.3000000e+01   7.9694051e-16   9.8046875e-02   9.8046875e-02
   4.2000000e+01   1.3000000e+01   1.2062141e-15   1.6496875e-01   1.6496875e-01
   4.3000000e+01   1.3000000e+01   1.3218096e-15   1.9800000e-01   1.9800000e-01
   4.4000000e+01   1.3000000e+01   1.4469030e-15   2.1195312e-01   2.1195312e-01
   4.5000000e+01   1.3000000e+01   1.5171745e-15   2.3304687e-01   2.3304687e-01
   4.6000000e+01   1.3000000e+01   1.6608416e-15   2.6496875e-01   2.6496875e-01
   4.7000000e+01   1.3000000e+01   1.6273241e-15   2.7089063e-01   2.7089063e-01
   1.0000000e+00   1.4000000e+01   1.8050448e-15   3.0096875e-01   3.0096875e-01
   2.0000000e+00   1.4000000e+01   1.7047849e-15   2.7682812e-01   2.7682812e-01
   3.0000000e+00   1.4000000e+01   1.5820750e-15   2.4900000e-01   2.4900000e-01
   4.0000000e+00   1.4000000e+01   1.3789634e-15   2.0398437e-01   2.0398437e-01
   5.0000000e+00   1.4000000e+01   1.0514484e-15   1.3660937e-01   1.3660937e-01
   6.0000000e+00   1.4000000e+01   6.9008938e-16   6.2875000e-02   6.2875000e-02
   7.0000000e+00   1.4000000e+01   6.5981517e-16   4.3906250e-02   4.3906250e-02
   8.0000000e+00   1.4000000e+01   7.3246810e-16   7.8593750e-02   7.8593750e-02
   9.0000000e+00   1.4000000e+01   1.0654341e-15   1.4587500e-01   1.4587500e-01
   1.0000000e+01   1.4000000e+01   1.2797292e-15   1.8928125e-01   1.8928125e-01
   1.1000000e+01   1.4000000e+01   1.4008442e-15   2.1007812e-01   2.1007812e-01
   1.2000000e+01   1.4000000e+01   1.4573085e-15   2.1959375e-01   2.1959375e-01
   1.3000000e+01   1.4000000e+01   1.5703778e-15   2.3720312e-01   2.3720312e-01
   1.4000000e+01   1.4000000e+01   1.5496999e-15   2.5140625e-01   2.5140625e-01
   1.5000000e+01   1.4000000e+01   1.4199147e-15   2.2460937e-01   2.2460937e-01
   1.6000000e+01   1.4000000e+01   1.3879812e-15   2.2064062e-01   2.2064062e-01
   1.7000000e+01   1.4000000e+01   1.6378133e-15   2.5629687e-01   2.5629687e-01
   1.8000000e+01   1.4000000e+01   1.7342509e-15   2.8648437e-01   2.8648437e-01
   1.9000000e+01   1.4000000e+01   1.7949770e-15   3.0831250e-01   3.0831250e-01
   2.0000000e+01   1.4000000e+01   1.6611885e-15   2.7139063e-01   2.7139063e-01
   2.1000000e+01   1.4000000e+01   1.3260341e-15   1.9820312e-01   1.9820312e-01
   2.2000000e+01   1.4000000e+01   8.7202660e-16   1.0625000e-01   1.0625000e-01
   2.3000000e+01   1.4000000e+01   6.1572882e-16   4.3750000e-02   4.3750000e-02
   2.4000000e+01   1.4000000e+01   6.7714822e-16   4.5859375e-02   4.5859375e-02
   2.5000000e+01   1.4000000e+01   9.1199421e-16   1.0298437e-01   1.0298437e-01
   2.6000000e+01   1.4000000e+01   1.2541025e-15   1.8007812e-01   1.8007812e-01
   2.7000000e+01   1.4000000e+01   1.2708735e-15   1.9776562e-01   1.9776562e-01
   2.8000000e+01   1.4000000e+01   1.4456218e-15   2.1250000e-01   2.1250000e-01
   2.9000000e+01   1.4000000e+01   1.4729949e-15   2.2587500e-01   2.2587500e-01
   3.0000000e+01   1.4000000e+01   1.4349742e-15   2.3170312e-01   2.3170312e-01
   3.1000000e+01   1.4000000e+01   1.5199734e-15   2.4009375e-01   2.4009375e-01
   3.2000000e+01   1.4000000e+01   1.3497277e-15   2.2659375e-01   2.2659375e-01
   3.3000000e+01   1.4000000e+01   1.4940273e-15   2.3968750e-01   2.3968750e-01
   3.4000000e+01   1.4000000e+01   1.6011609e-15   2.5871875e-01   2.5871875e-01
   3.5000000e+01   1.4000000e+01   1.4698420e-15   2.4223437e-01   2.4223437e-01
   3.6000000e+01   1.4000000e+01   1.5082366e-15   2.3393750e-01   2.3393750e-01
   3.7000000e+01   1.4000000e+01   1.2792069e-15   1.8853125e-01   1.8853125e-01
   3.8000000e+01   1.4000000e+01   9.0594024e-16   1.0348437e-01   1.0348437e-01
   3.9000000e+01   1.4000000e+01   6.3379774e-16   5.2515625e-02   5.2515625e-02
   4.0000000e+01   1.4000000e+01   5.7560437e-16   4.3500000e-02   4.3500000e-02
   4.1000000e+01   1.4000000e+01   6.8630316e-16   6.6125000e-02   6.6125000e-02
   4.2000000e+01   1.4000000e+01   1.0902587e-15   1.3864062e-01   1.3864062e-01
   4.3000000e+01   1.4000000e+01   1.3442901e-15   1.8790625e-01   1.8790625e-01
   4.4000000e+01   1.4000000e+01   1.3456169e-15   2.0281250e-01   2.0281250e-01
   4.5000000e+01   1.4000000e+01   1.4026558e-15   2.1139062e-01   2.1139062e-01
   4.6000000e+01   1.4000000e+01   1.4257986e-15   2.1851562e-01   2.1851562e-01
   4.7000000e+01   1.4000000e+01   1.3899380e-15   2.1607812e-01   2.1607812e-01
   1.0000000e+00   1.5000000e+01   1.4810329e-15   2.3426562e-01   2.3426562e-01
   2.0000000e+00   1.5000000e+01   1.3972012e-15   2.1837500e-01   2.1837500e-01
   3.0000000e+00   1.5000000e+01   1.4317525e-15   2.1265625e-01   2.1265625e-01
   4.0000000e+00   1.5000000e+01   1.1626782e-15   1.6146875e-01   1.6146875e-01
   5.0000000e+00   1.5000000e+01   8.0162374e-16   8.2484375e-02   8.2484375e-02
   6.0000000e+00   1.5000000e+01   6.1250066e-16   4.1500000e-02   4.1500000e-02
   7.0000000e+00   1.5000000e+01   6.0812275e-16   3.7656250e-02   3.7656250e-02
   8.0000000e+00   1.5000000e+01   6.5285410e-16   4.6562500e-02   4.6562500e-02
   9.0000000e+00   1.5000000e+01   8.5852316e-16   9.8312500e-02   9.8312500e-02
   1.0000000e+01   1.5000000e+01   1.0984913e-15   1.5548437e-01   1.5548437e-01
   1.1000000e+01   1.5000000e+01   1.3131297e-15   1.8776562e-01   1.8776562e-01
   1.2000000e+01   1.5000000e+01   1.3202965e-15   1.8632812e-01   1.8632812e-01
   1.3000000e+01   1.5000000e+01   1.3270012e-15   2.0392187e-01   2.0392187e-01
   1.4000000e+01   1.5000000e+01   1.3127868e-15   2.0131250e-01   2.0131250e-01
   1.5000000e+01   1.5000000e+01   1.2749869e-15   1.8592187e-01   1.8592187e-01
   1.6000000e+01   1.5000000e+01   1.2916701e-15   2.0067187e-01   2.0067187e-01
   1.7000000e+01   1.5000000e+01   1.3225442e-15   2.0418750e-01   2.0418750e-01
   1.8000000e+01   1.5000000e+01   1.5093194e-15   2.4553125e-01   2.4553125e-01
   1.9000000e+01   1.5000000e+01   1.4565354e-15   2.3893750e-01   2.3893750e-01
   2.0000000e+01   1.5000000e+01   1.2954879e-15   1.9181250e-01   1.9181250e-01
   2.1000000e+01   1.5000000e+01   9.5539642e-16   1.1737500e-01   1.1737500e-01
   2.2000000e+01   1.5000000e+01   7.2101009e-16   5.9578125e-02   5.9578125e-02
   2.3000000e+01   1.5000000e+01   6.2343130e-16   3.5750000e-02   3.5750000e-02
   2.4000000e+01   1.5000000e+01   6.0340788e-16   3.6500000e-02   3.6500000e-02
   2.5000000e+01   1.5000000e+01   6.3410076e-16   5.1500000e-02   5.1500000e-02
   2.6000000e+01   1.5000000e+01   9.8251702e-16   1.0507812e-01   1.0507812e-01
   2.7000000e+01   1.5000000e+01   1.1410991e-15   1.5298437e-01   1.5298437e-01
   2.8000000e+01   1.5000000e+01   1.2356109e-15   1.8406250e-01   1.8406250e-01
   2.9000000e+01   1.5000000e+01   1.1819853e-15   1.6942187e-01   1.6942187e-01
   3.0000000e+01   1.5000000e+01   1.2158591e-15   1.8306250e-01   1.8306250e-01
   3.1000000e+01   1.5000000e+01   1.1934112e-15   1.7731250e-01   1.7731250e-01
   3.2000000e+01   1.5000000e+01   1.1263225e-15   1.5337500e-01   1.5337500e-01
   3.3000000e+01   1.5000000e+01   1.1589225e-15   1.6054687e-01   1.6054687e-01
   3.4000000e+01   1.5000000e+01   1.2231342e-15   1.8765625e-01   1.8765625e-01
   3.5000000e+01   1.5000000e+01   1.2121535e-15   1.7646875e-01   1.7646875e-01
   3.6000000e+01   1.5000000e+01   1.1932535e-15   1.6404687e-01   1.6404687e-01
   3.7000000e+01   1.5000000e+01   9.0032656e-16   1.2146875e-01   1.2146875e-01
   3.8000000e+01   1.5000000e+01   6.6598668e-16   5.8109375e-02   5.8109375e-02
   3.9000000e+01   1.5000000e+01   6.4610719e-16   4.0671875e-02   4.0671875e-02
   4.0000000e+01   1.5000000e+01   6.5722258e-16   5.8484375e-02   5.8484375e-02
   4.1000000e+01   1.5000000e+01   6.4095118e-16   4.5562500e-02   4.5562500e-02
   4.2000000e+01   1.5000000e+01   6.8018208e-16   6.6671875e-02   6.6671875e-02
   4.3000000e+01   1.5000000e+01   8.9564907e-16   1.1084375e-01   1.1084375e-01
   4.4000000e+01   1.5000000e+01   1.0121177e-15   1.2793750e-01   1.2793750e-01
   4.5000000e+01   1.5000000e+01   1.0135955e-15   1.3898437e-01   1.3898437e-01
   4.6000000e+01   1.5000000e+01   9.4493129e-16   1.2779687e-01   1.2779687e-01
   4.7000000e+01   1.5000000e+01   9.9893298e-16   1.2160937e-01   1.2160937e-01
   1.0000000e+00   1.6000000e+01   1.0095356e-15   1.2064062e-01   1.2064062e-01
   2.0000000e+00   1.6000000e+01   9.6549226e-16   1.2064062e-01   1.2064062e-01
   3.0000000e+00   1.6000000e+01   9.6049934e-16   1.1203125e-01   1.1203125e-01
   4.0000000e+00   1.6000000e+01   8.0725139e-16   8.3140625e-02   8.3140625e-02
   5.0000000e+00   1.6000000e+01   6.8842637e-16   4.6218750e-02   4.6218750e-02
   6.0000000e+00   1.6000000e+01   6.6696736e-16   4.5593750e-02   4.5593750e-02
   7.0000000e+00   1.6000000e+01   6.9356633e-16   6.9156250e-02   6.9156250e-02
   8.0000000e+00   1.6000000e+01   6.5312491e-16   5.4234375e-02   5.4234375e-02
   9.0000000e+00   1.6000000e+01   5.9305520e-16   4.6937500e-02   4.6937500e-02
   1.0000000e+01   1.6000000e+01   6.9764130e-16   6.6687500e-02   6.6687500e-02
   1.1000000e+01   1.6000000e+01   8.6168524e-16   9.4687500e-02   9.4687500e-02
   1.2000000e+01   1.6000000e+01   9.3819109e-16   1.0968750e-01   1.0968750e-01
   1.3000000e+01   1.6000000e+01   9.8073135e-16   1.1806250e-01   1.1806250e-01
   1.4000000e+01   1.6000000e+01   8.7103083e-16   1.0228125e-01   1.0228125e-01
   1.5000000e+01   1.6000000e+01   7.9108123e-16   9.6140625e-02   9.6140625e-02
   1.6000000e+01   1.6000000e+01   8.6275114e-16   9.6328125e-02   9.6328125e-02
   1.7000000e+01   1.6000000e+01   8.5575478e-16   1.0559375e-01   1.0559375e-01
   1.8000000e+01   1.6000000e+01   8.7412219e-16   1.2543750e-01   1.2543750e-01
   1.9000000e+01   1.6000000e+01   1.0025959e-15   1.2446875e-01   1.2446875e-01
   2.0000000e+01   1.6000000e+01   8.7718843e-16   1.0393750e-01   1.0393750e-01
   2.1000000e+01   1.6000000e+01   7.0232784e-16   6.1078125e-02   6.1078125e-02
   2.2000000e+01   1.6000000e+01   5.6602729e-16   3.9656250e-02   3.9656250e-02
   2.3000000e+01   1.6000000e+01   6.1075319e-16   4.5093750e-02   4.5093750e-02
   2.4000000e+01   1.6000000e+01   7.2728086e-16   5.9234375e-02   5.9234375e-02
   2.5000000e+01   1.6000000e+01   6.3770858e-16   4.0984375e-02   4.0984375e-02
   2.6000000e+01   1.6000000e+01   6.1721104e-16   4.9843750e-02   4.9843750e-02
   2.7000000e+01   1.6000000e+01   7.1487806e-16   7.8703125e-02   7.8703125e-02
   2.8000000e+01   1.6000000e+01   7.8946625e-16   8.6453125e-02   8.6453125e-02
   2.9000000e+01   1.6000000e+01   8.4835637e-16   8.9234375e-02   8.9234375e-02
   3.0000000e+01   1.6000000e+01   8.3407623e-16   9.2609375e-02   9.2609375e-02
   3.1000000e+01   1.6000000e+01   7.6354968e-16   7.9609375e-02   7.9609375e-02
   3.2000000e+01   1.6000000e+01   7.7995554e-16   8.0875000e-02   8.0875000e-02
   3.3000000e+01   1.6000000e+01   8.0312527e-16   8.1234375e-02   8.1234375e-02
   3.4000000e+01   1.6000000e+01   8.3346070e-16   9.6609375e-02   9.6609375e-02
   3.5000000e+01   1.6000000e+01   8.3837060e-16   9.5734375e-02   9.5734375e-02
   3.6000000e+01   1.6000000e+01   7.8988252e-16   8.7265625e-02   8.7265625e-02
   3.7000000e+01   1.6000000e+01   6.8887144e-16   6.1156250e-02   6.1156250e-02
   3.8000000e+01   1.6000000e+01   6.8935532e-16   3.8531250e-02   3.8531250e-02
   3.9000000e+01   1.6000000e+01   6.5074478e-16   4.1953125e-02   4.1953125e-02
   4.0000000e+01   1.6000000e+01   8.2179141e-16   8.0093750e-02   8.0093750e-02
   4.1000000e+01   1.6000000e+01   7.5789480e-16   6.6375000e-02   6.6375000e-02
   4.2000000e+01   1.6000000e+01   6.5016274e-16   4.4531250e-02   4.4531250e-02
   4.3000000e+01   1.6000000e+01   6.8574147e-16   6.1765625e-02   6.1765625e-02
   4.4000000e+01   1.6000000e+01   7.3734826e-16   7.7312500e-02   7.7312500e-02
   4.5000000e+01   1.6000000e+01   7.6690050e-16   7.8437500e-02   7.8437500e-02
   4.6000000e+01   1.6000000e+01   8.0596424e-16   8.8796875e-02   8.8796875e-02
   4.7000000e+01   1.6000000e+01   8.1074359e-16   8.9484375e-02   8.9484375e-02
   1.0000000e+00   1.7000000e+01   9.7532947e-16   1.0481250e-01   1.0481250e-01
   2.0000000e+00   1.7000000e+01   9.5073896e-16   1.0998437e-01   1.0998437e-01
   3.0000000e+00   1.7000000e+01   8.2825242e-16   1.0159375e-01   1.0159375e-01
   4.0000000e+00   1.7000000e+01   7.0988054e-16   6.2484375e-02   6.2484375e-02
   5.0000000e+00   1.7000000e+01   6.7827681e-16   4.0171875e-02   4.0171875e-02
   6.0000000e+00   1.7000000e+01   6.2702368e-16   4.0609375e-02   4.0609375e-02
   7.0000000e+00   1.7000000e+01   7.7912175e-16   8.4437500e-02   8.4437500e-02
   8.0000000e+00   1.7000000e+01   8.0439097e-16   7.7921875e-02   7.7921875e-02
   9.0000000e+00   1.7000000e+01   6.5642365e-16   4.6406250e-02   4.6406250e-02
   1.0000000e+01   1.7000000e+01   7.5760471e-16   6.9218750e-02   6.9218750e-02
   1.1000000e+01   1.7000000e+01   8.1453675e-16   9.0812500e-02   9.0812500e-02
   1.2000000e+01   1.7000000e+01   8.9161448e-16   9.5250000e-02   9.5250000e-02
   1.3000000e+01   1.7000000e+01   9.0149341e-16   1.0189062e-01   1.0189062e-01
   1.4000000e+01   1.7000000e+01   8.8661429e-16   1.0264062e-01   1.0264062e-01
   1.5000000e+01   1.7000000e+01   8.8262376e-16   9.5218750e-02   9.5218750e-02
   1.6000000e+01   1.7000000e+01   8.3821848e-16   8.7859375e-02   8.7859375e-02
   1.7000000e+01   1.7000000e+01   9.1687739e-16   1.1146875e-01   1.1146875e-01
   1.8000000e+01   1.7000000e+01   9.4058064e-16   1.0921875e-01   1.0921875e-01
   1.9000000e+01   1.7000000e+01   9.9916976e-16   1.2376562e-01   1.2376562e-01
   2.0000000e+01   1.7000000e+01   8.4596181e-16   1.0464062e-01   1.0464062e-01
   2.1000000e+01   1.7000000e+01   7.2070618e-16   6.6171875e-02   6.6171875e-02
   2.2000000e+01   1.7000000e+01   6.0636499e-16   4.3546875e-02   4.3546875e-02
   2.3000000e+01   1.7000000e+01   6.0714452e-16   4.9125000e-02   4.9125000e-02
   2.4000000e+01   1.7000000e+01   7.0444422e-16   7.1500000e-02   7.1500000e-02
   2.5000000e+01   1.7000000e+01   6.5749471e-16   5.4296875e-02   5.4296875e-02
   2.6000000e+01   1.7000000e+01   7.2348712e-16   5.8937500e-02   5.8937500e-02
   2.7000000e+01   1.7000000e+01   8.4453009e-16   9.5953125e-02   9.5953125e-02
   2.8000000e+01   1.7000000e+01   9.5436649e-16   1.1376562e-01   1.1376562e-01
   2.9000000e+01   1.7000000e+01   9.1187601e-16   1.1779687e-01   1.1779687e-01
   3.0000000e+01   1.7000000e+01   9.8419378e-16   1.1787500e-01   1.1787500e-01
   3.1000000e+01   1.7000000e+01   9.4388328e-16   1.1278125e-01   1.1278125e-01
   3.2000000e+01   1.7000000e+01   9.3498740e-16   1.0146875e-01   1.0146875e-01
   3.3000000e+01   1.7000000e+01   9.2134160e-16   1.1101562e-01   1.1101562e-01
   3.4000000e+01   1.7000000e+01   9.4849609e-16   1.2007812e-01   1.2007812e-01
   3.5000000e+01   1.7000000e+01   1.0437891e-15   1.3373437e-01   1.3373437e-01
   3.6000000e+01   1.7000000e+01   1.0375315e-15   1.3300000e-01   1.3300000e-01
   3.7000000e+01   1.7000000e+01   8.5885442e-16   1.0629687e-01   1.0629687e-01
   3.8000000e+01   1.7000000e+01   6.2564334e-16   4.9046875e-02   4.9046875e-02
   3.9000000e+01   1.7000000e+01   6.3069604e-16   4.7343750e-02   4.7343750e-02
   4.0000000e+01   1.7000000e+01   7.0709833e-16   5.9484375e-02   5.9484375e-02
   4.1000000e+01   1.7000000e+01   7.6687367e-16   6.3234375e-02   6.3234375e-02
   4.2000000e+01   1.7000000e+01   7.6572570e-16   7.6312500e-02   7.6312500e-02
   4.3000000e+01   1.7000000e+01   1.0209150e-15   1.3029687e-01   1.3029687e-01
   4.4000000e+01   1.7000000e+01   1.1862956e-15   1.6282812e-01   1.6282812e-01
   4.5000000e+01   1.7000000e+01   1.2629210e-15   1.7007812e-01   1.7007812e-01
   4.6000000e+01   1.7000000e+01   1.2361392e-15   1.8357812e-01   1.8357812e-01
   4.7000000e+01   1.7000000e+01   1.2981714e-15   1.8626562e-01   1.8626562e-01
   1.0000000e+00   1.8000000e+01   1.3452841e-15   2.0176562e-01   2.0176562e-01
   2.0000000e+00   1.8000000e+01   1.3730734e-15   2.0835937e-01   2.0835937e-01
   3.0000000e+00   1.8000000e+01   1.3647483e-15   1.9739062e-01   1.9739062e-01
   4.0000000e+00   1.8000000e+01   1.1180414e-15   1.5112500e-01   1.5112500e-01
   5.0000000e+00   1.8000000e+01   7.7372041e-16   7.7234375e-02   7.7234375e-02
   6.0000000e+00   1.8000000e+01   5.4683488e-16   3.7906250e-02   3.7906250e-02
   7.0000000e+00   1.8000000e+01   6.2778760e-16   4.6859375e-02   4.6859375e-02
   8.0000000e+00   1.8000000e+01   6.6663103e-16   5.7812500e-02   5.7812500e-02
   9.0000000e+00   1.8000000e+01   8.1515499e-16   7.4171875e-02   7.4171875e-02
   1.0000000e+01   1.8000000e+01   1.1209991e-15   1.3292187e-01   1.3292187e-01
   1.1000000e+01   1.8000000e+01   1.2496390e-15   1.8140625e-01   1.8140625e-01
   1.2000000e+01   1.8000000e+01   1.3011205e-15   1.8475000e-01   1.8475000e-01
   1.3000000e+01   1.8000000e+01   1.2826307e-15   1.8409375e-01   1.8409375e-01
   1.4000000e+01   1.8000000e+01   1.2285001e-15   1.7714062e-01   1.7714062e-01
   1.5000000e+01   1.8000000e+01   1.1761193e-15   1.6689062e-01   1.6689062e-01
   1.6000000e+01   1.8000000e+01   1.1298392e-15   1.5843750e-01   1.5843750e-01
   1.7000000e+01   1.8000000e+01   1.3540828e-15   1.9603125e-01   1.9603125e-01
   1.8000000e+01   1.8000000e+01   1.3616992e-15   2.0829687e-01   2.0829687e-01
   1.9000000e+01   1.8000000e+01   1.4835546e-15   2.2373437e-01   2.2373437e-01
   2.0000000e+01   1.8000000e+01   1.4377857e-15   2.1581250e-01   2.1581250e-01
   2.1000000e+01   1.8000000e+01   1.1495570e-15   1.5223437e-01   1.5223437e-01
   2.2000000e+01   1.8000000e+01   6.5973332e-16   5.6484375e-02   5.6484375e-02
   2.3000000e+01   1.8000000e+01   6.1449950e-16   3.7375000e-02   3.7375000e-02
   2.4000000e+01   1.8000000e+01   6.6137988e-16   5.0093750e-02   5.0093750e-02
   2.5000000e+01   1.8000000e+01   6.7815069e-16   5.8296875e-02   5.8296875e-02
   2.6000000e+01   1.8000000e+01   9.6611411e-16   1.0545312e-01   1.0545312e-01
   2.7000000e+01   1.8000000e+01   1.2129982e-15   1.7190625e-01   1.7190625e-01
   2.8000000e+01   1.8000000e+01   1.3392945e-15   2.0262500e-01   2.0262500e-01
   2.9000000e+01   1.8000000e+01   1.3750991e-15   2.1271875e-01   2.1271875e-01
   3.0000000e+01   1.8000000e+01   1.3754851e-15   2.0868750e-01   2.0868750e-01
   3.1000000e+01   1.8000000e+01   1.3090367e-15   1.9585937e-01   1.9585937e-01
   3.2000000e+01   1.8000000e+01   1.1901517e-15   1.6995312e-01   1.6995312e-01
   3.3000000e+01   1.8000000e+01   1.2282571e-15   1.7331250e-01   1.7331250e-01
   3.4000000e+01   1.8000000e+01   1.2930525e-15   1.8968750e-01   1.8968750e-01
   3.5000000e+01   1.8000000e+01   1.4845090e-15   2.2523437e-01   2.2523437e-01
   3.6000000e+01   1.8000000e+01   1.4669783e-15   2.2671875e-01   2.2671875e-01
   3.7000000e+01   1.8000000e+01   1.3637168e-15   1.9089062e-01   1.9089062e-01
   3.8000000e+01   1.8000000e+01   9.6981119e-16   1.1290625e-01   1.1290625e-01
   3.9000000e+01   1.8000000e+01   6.2489800e-16   4.9375000e-02   4.9375000e-02
   4.0000000e+01   1.8000000e+01   6.1723306e-16   3.8734375e-02   3.8734375e-02
   4.1000000e+01   1.8000000e+01   7.3791788e-16   6.1156250e-02   6.1156250e-02
   4.2000000e+01   1.8000000e+01   9.9060048e-16   1.1762500e-01   1.1762500e-01
   4.3000000e+01   1.8000000e+01   1.2784592e-15   1.7690625e-01   1.7690625e-01
   4.4000000e+01   1.8000000e+01   1.4965077e-15   2.1720312e-01   2.1720312e-01
   4.5000000e+01   1.8000000e+01   1.5255838e-15   2.3475000e-01   2.3475000e-01
   4.6000000e+01   1.8000000e+01   1.4653878e-15   2.1570312e-01   2.1570312e-01
   4.7000000e+01   1.8000000e+01   1.5601159e-15   2.3665625e-01   2.3665625e-01
   1.0000000e+00   1.9000000e+01   1.5237940e-15   2.3621875e-01   2.3621875e-01
   2.0000000e+00   1.9000000e+01   1.5482188e-15   2.3601562e-01   2.3601562e-01
   3.0000000e+00   1.9000000e+01   1.6236100e-15   2.4190625e-01   2.4190625e-01
   4.0000000e+00   1.9000000e+01   1.5136786e-15   2.2987500e-01   2.2987500e-01
   5.0000000e+00   1.9000000e+01   1.0599931e-15   1.4450000e-01   1.4450000e-01
   6.0000000e+00   1.9000000e+01   7.5567208e-16   6.5750000e-02   6.5750000e-02
   7.0000000e+00   1.9000000e+01   6.5267118e-16   3.7203125e-02   3.7203125e-02
   8.0000000e+00   1.9000000e+01   7.2329756e-16   5.8656250e-02   5.8656250e-02
   9.0000000e+00   1.9000000e+01   9.5959033e-16   1.1101562e-01   1.1101562e-01
   1.0000000e+01   1.9000000e+01   1.3520127e-15   1.9437500e-01   1.9437500e-01
   1.1000000e+01   1.9000000e+01   1.5017434e-15   2.2012500e-01   2.2012500e-01
   1.2000000e+01   1.9000000e+01   1.5040611e-15   2.2340625e-01   2.2340625e-01
   1.3000000e+01   1.9000000e+01   1.5068460e-15   2.2815625e-01   2.2815625e-01
   1.4000000e+01   1.9000000e+01   1.4903657e-15   2.2585937e-01   2.2585937e-01
   1.5000000e+01   1.9000000e+01   1.3783550e-15   1.9939062e-01   1.9939062e-01
   1.6000000e+01   1.9000000e+01   1.2991709e-15   1.8793750e-01   1.8793750e-01
   1.7000000e+01   1.9000000e+01   1.4036469e-15   2.1495312e-01   2.1495312e-01
   1.8000000e+01   1.9000000e+01   1.5160921e-15   2.3712500e-01   2.3712500e-01
   1.9000000e+01   1.9000000e+01   1.5568339e-15   2.4221875e-01   2.4221875e-01
   2.0000000e+01   1.9000000e+01   1.7189869e-15   2.7264062e-01   2.7264062e-01
   2.1000000e+01   1.9000000e+01   1.5400879e-15   2.3906250e-01   2.3906250e-01
   2.2000000e+01   1.9000000e+01   1.1000877e-15   1.3926562e-01   1.3926562e-01
   2.3000000e+01   1.9000000e+01   6.6878280e-16   5.7734375e-02   5.7734375e-02
   2.4000000e+01   1.9000000e+01   6.1890199e-16   4.7328125e-02   4.7328125e-02
   2.5000000e+01   1.9000000e+01   8.6560330e-16   9.1578125e-02   9.1578125e-02
   2.6000000e+01   1.9000000e+01   1.1483915e-15   1.5475000e-01   1.5475000e-01
   2.7000000e+01   1.9000000e+01   1.3878270e-15   2.0482812e-01   2.0482812e-01
   2.8000000e+01   1.9000000e+01   1.5599940e-15   2.2971875e-01   2.2971875e-01
   2.9000000e+01   1.9000000e+01   1.5898809e-15   2.4442187e-01   2.4442187e-01
   3.0000000e+01   1.9000000e+01   1.5428058e-15   2.4498437e-01   2.4498437e-01
   3.1000000e+01   1.9000000e+01   1.4925016e-15   2.2903125e-01   2.2903125e-01
   3.2000000e+01   1.9000000e+01   1.3321319e-15   1.9626562e-01   1.9626562e-01
   3.3000000e+01   1.9000000e+01   1.2872755e-15   1.9053125e-01   1.9053125e-01
   3.4000000e+01   1.9000000e+01   1.5103155e-15   2.2146875e-01   2.2146875e-01
   3.5000000e+01   1.9000000e+01   1.5778068e-15   2.4368750e-01   2.4368750e-01
   3.6000000e+01   1.9000000e+01   1.5656319e-15   2.4985937e-01   2.4985937e-01
   3.7000000e+01   1.9000000e+01   1.6075694e-15   2.4871875e-01   2.4871875e-01
   3.8000000e+01   1.9000000e+01   1.2809083e-15   1.7484375e-01   1.7484375e-01
   3.9000000e+01   1.9000000e+01   8.0011968e-16   8.3781250e-02   8.3781250e-02
   4.0000000e+01   1.9000000e+01   5.8275478e-16   4.1234375e-02   4.1234375e-02
   4.1000000e+01   1.9000000e+01   8.2196864e-16   8.2843750e-02   8.2843750e-02
   4.2000000e+01   1.9000000e+01   1.1699832e-15   1.6250000e-01   1.6250000e-01
   4.3000000e+01   1.9000000e+01   1.3976996e-15   2.0854687e-01   2.0854687e-01
   4.4000000e+01   1.9000000e+01   1.5296184e-15   2.2492187e-01   2.2492187e-01
   4.5000000e+01   1.9000000e+01   1.4711045e-15   2.3320312e-01   2.3320312e-01
   4.6000000e+01   1.9000000e+01   1.5606238e-15   2.4798437e-01   2.4798437e-01
   4.7000000e+01   1.9000000e+01   1.5576443e-15   2.4585937e-01   2.4585937e-01
   1.0000000e+00   2.0000000e+01   1.5706480e-15   2.5170312e-01   2.5170312e-01
   2.0000000e+00   2.0000000e+01   1.6652133e-15   2.5823437e-01   2.5823437e-01
   3.0000000e+00   2.0000000e+01   1.6654242e-15   2.5745312e-01   2.5745312e-01
   4.0000000e+00   2.0000000e+01   1.5458125e-15   2.3917187e-01   2.3917187e-01
   5.0000000e+00   2.0000000e+01   1.3480475e-15   1.9537500e-01   1.9537500e-01
   6.0000000e+00   2.0000000e+01   9.0547047e-16   9.5031250e-02   9.5031250e-02
   7.0000000e+00   2.0000000e+01   6.2672456e-16   4.3156250e-02   4.3156250e-02
   8.0000000e+00   2.0000000e+01   8.2391947e-16   7.9953125e-02   7.9953125e-02
   9.0000000e+00   2.0000000e+01   1.1331151e-15   1.4629687e-01   1.4629687e-01
   1.0000000e+01   2.0000000e+01   1.4093419e-15   1.9478125e-01   1.9478125e-01
   1.1000000e+01   2.0000000e+01   1.5123795e-15   2.2271875e-01   2.2271875e-01
   1.2000000e+01   2.0000000e+01   1.5522397e-15   2.3850000e-01   2.3850000e-01
   1.3000000e+01   2.0000000e+01   1.5442863e-15   2.3903125e-01   2.3903125e-01
   1.4000000e+01   2.0000000e+01   1.5218719e-15   2.2101562e-01   2.2101562e-01
   1.5000000e+01   2.0000000e+01   1.4597201e-15   2.1328125e-01   2.1328125e-01
   1.6000000e+01   2.0000000e+01   1.2501579e-15   1.8596875e-01   1.8596875e-01
   1.7000000e+01   2.0000000e+01   1.3735622e-15   2.1293750e-01   2.1293750e-01
   1.8000000e+01   2.0000000e+01   1.5799335e-15   2.4351562e-01   2.4351562e-01
   1.9000000e+01   2.0000000e+01   1.5992314e-15   2.4612500e-01   2.4612500e-01
   2.0000000e+01   2.0000000e+01   1.6167085e-15   2.4740625e-01   2.4740625e-01
   2.1000000e+01   2.0000000e+01   1.5962662e-15   2.4104687e-01   2.4104687e-01
   2.2000000e+01   2.0000000e+01   1.2593376e-15   1.8270312e-01   1.8270312e-01
   2.3000000e+01   2.0000000e+01   8.1011448e-16   7.9625000e-02   7.9625000e-02
   2.4000000e+01   2.0000000e+01   6.8681613e-16   5.6671875e-02   5.6671875e-02
   2.5000000e+01   2.0000000e+01   9.4215455e-16   1.1735937e-01   1.1735937e-01
   2.6000000e+01   2.0000000e+01   1.3037418e-15   1.7689062e-01   1.7689062e-01
   2.7000000e+01   2.0000000e+01   1.4232598e-15   2.0742187e-01   2.0742187e-01
   2.8000000e+01   2.0000000e+01   1.5129490e-15   2.2314062e-01   2.2314062e-01
   2.9000000e+01   2.0000000e+01   1.5755847e-15   2.4375000e-01   2.4375000e-01
   3.0000000e+01   2.0000000e+01   1.5982873e-15   2.4726562e-01   2.4726562e-01
   3.1000000e+01   2.0000000e+01   1.4600491e-15   2.2637500e-01   2.2637500e-01
   3.2000000e+01   2.0000000e+01   1.3564805e-15   2.0221875e-01   2.0221875e-01
   3.3000000e+01   2.0000000e+01   1.3587239e-15   2.0414062e-01   2.0414062e-01
   3.4000000e+01   2.0000000e+01   1.5526237e-15   2.4500000e-01   2.4500000e-01
   3.5000000e+01   2.0000000e+01   1.5539996e-15   2.4120312e-01   2.4120312e-01
   3.6000000e+01   2.0000000e+01   1.5435209e-15   2.3673437e-01   2.3673437e-01
   3.7000000e+01   2.0000000e+01   1.4850456e-15   2.2270312e-01   2.2270312e-01
   3.8000000e+01   2.0000000e+01   1.2860278e-15   1.8582812e-01   1.8582812e-01
   3.9000000e+01   2.0000000e+01   8.9302523e-16   9.8796875e-02   9.8796875e-02
   4.0000000e+01   2.0000000e+01   6.9629302e-16   5.7218750e-02   5.7218750e-02
   4.1000000e+01   2.0000000e+01   9.2463292e-16   1.0885937e-01   1.0885937e-01
   4.2000000e+01   2.0000000e+01   1.2171886e-15   1.7214062e-01   1.7214062e-01
   4.3000000e+01   2.0000000e+01   1.3854903e-15   1.9185937e-01   1.9185937e-01
   4.4000000e+01   2.0000000e+01   1.4353962e-15   2.0978125e-01   2.0978125e-01
   4.5000000e+01   2.0000000e+01   1.5262917e-15   2.2820312e-01   2.2820312e-01
   4.6000000e+01   2.0000000e+01   1.5287246e-15   2.3956250e-01   2.3956250e-01
   4.7000000e+01   2.0000000e+01   1.5152671e-15   2.4184375e-01   2.4184375e-01
   1.0000000e+00   2.1000000e+01   1.6280671e-15   2.6187500e-01   2.6187500e-01
   2.0000000e+00   2.1000000e+01   1.6833929e-15   2.6587500e-01   2.6587500e-01
   3.0000000e+00   2.1000000e+01   1.6471321e-15   2.5979687e-01   2.5979687e-01
   4.0000000e+00   2.1000000e+01   1.5078487e-15   2.3232812e-01   2.3232812e-01
   5.0000000e+00   2.1000000e+01   1.3060864e-15   1.8875000e-01   1.8875000e-01
   6.0000000e+00   2.1000000e+01   9.1401194e-16   1.0775000e-01   1.0775000e-01
   7.0000000e+00   2.1000000e+01   7.2644619e-16   6.0031250e-02   6.0031250e-02
   8.0000000e+00   2.1000000e+01   9.1107717e-16   1.0381250e-01   1.0381250e-01
   9.0000000e+00   2.1000000e+01   1.1528640e-15   1.5525000e-01   1.5525000e-01
   1.0000000e+01   2.1000000e+01   1.3054584e-15   1.9509375e-01   1.9509375e-01
   1.1000000e+01   2.1000000e+01   1.4276986e-15   2.1198437e-01   2.1198437e-01
   1.2000000e+01   2.1000000e+01   1.4853354e-15   2.3193750e-01   2.3193750e-01
   1.3000000e+01   2.1000000e+01   1.5695710e-15   2.4142187e-01   2.4142187e-01
   1.4000000e+01   2.1000000e+01   1.4701352e-15   2.2904687e-01   2.2904687e-01
   1.5000000e+01   2.1000000e+01   1.3477627e-15   1.9876562e-01   1.9876562e-01
   1.6000000e+01   2.1000000e+01   1.3475208e-15   1.8662500e-01   1.8662500e-01
   1.7000000e+01   2.1000000e+01   1.4283257e-15   2.1507812e-01   2.1507812e-01
   1.8000000e+01   2.1000000e+01   1.5958106e-15   2.4987500e-01   2.4987500e-01
   1.9000000e+01   2.1000000e+01   1.5706647e-15   2.5073437e-01   2.5073437e-01
   2.0000000e+01   2.1000000e+01   1.4896632e-15   2.3767187e-01   2.3767187e-01
   2.1000000e+01   2.1000000e+01   1.3962172e-15   2.1309375e-01   2.1309375e-01
   2.2000000e+01   2.1000000e+01   1.1521473e-15   1.5954687e-01   1.5954687e-01
   2.3000000e+01   2.1000000e+01   7.6254364e-16   7.9734375e-02   7.9734375e-02
   2.4000000e+01   2.1000000e+01   7.8580669e-16   7.3468750e-02   7.3468750e-02
   2.5000000e+01   2.1000000e+01   1.0577123e-15   1.3723437e-01   1.3723437e-01
   2.6000000e+01   2.1000000e+01   1.2241285e-15   1.7084375e-01   1.7084375e-01
   2.7000000e+01   2.1000000e+01   1.3321349e-15   1.9193750e-01   1.9193750e-01
   2.8000000e+01   2.1000000e+01   1.4658999e-15   2.2903125e-01   2.2903125e-01
   2.9000000e+01   2.1000000e+01   1.6017106e-15   2.5428125e-01   2.5428125e-01
   3.0000000e+01   2.1000000e+01   1.4196540e-15   2.3662500e-01   2.3662500e-01
   3.1000000e+01   2.1000000e+01   1.3568128e-15   2.1226562e-01   2.1226562e-01
   3.2000000e+01   2.1000000e+01   1.2449988e-15   1.8481250e-01   1.8481250e-01
   3.3000000e+01   2.1000000e+01   1.3633777e-15   2.0978125e-01   2.0978125e-01
   3.4000000e+01   2.1000000e+01   1.4945266e-15   2.3253125e-01   2.3253125e-01
   3.5000000e+01   2.1000000e+01   1.5759349e-15   2.6418750e-01   2.6418750e-01
   3.6000000e+01   2.1000000e+01   1.5828237e-15   2.6010937e-01   2.6010937e-01
   3.7000000e+01   2.1000000e+01   1.4321518e-15   2.2103125e-01   2.2103125e-01
   3.8000000e+01   2.1000000e+01   1.1550228e-15   1.6970312e-01   1.6970312e-01
   3.9000000e+01   2.1000000e+01   8.1248592e-16   1.0165625e-01   1.0165625e-01
   4.0000000e+01   2.1000000e+01   6.5651936e-16   5.7921875e-02   5.7921875e-02
   4.1000000e+01   2.1000000e+01   9.6949347e-16   1.1637500e-01   1.1637500e-01
   4.2000000e+01   2.1000000e+01   1.2326333e-15   1.7312500e-01   1.7312500e-01
   4.3000000e+01   2.1000000e+01   1.3030044e-15   1.9142187e-01   1.9142187e-01
   4.4000000e+01   2.1000000e+01   1.4337178e-15   2.0315625e-01   2.0315625e-01
   4.5000000e+01   2.1000000e+01   1.5138347e-15   2.3035937e-01   2.3035937e-01
   4.6000000e+01   2.1000000e+01   1.6610717e-15   2.5857812e-01   2.5857812e-01
   4.7000000e+01   2.1000000e+01   1.5529916e-15   2.5070312e-01   2.5070312e-01
