   1.0000000e+00   1.0000000e+00   1.8095756e-15   2.9000000e-01   2.9000000e-01
   2.0000000e+00   1.0000000e+00   1.9371227e-15   3.1796875e-01   3.1796875e-01
   3.0000000e+00   1.0000000e+00   1.9297479e-15   3.1082812e-01   3.1082812e-01
   4.0000000e+00   1.0000000e+00   1.7548018e-15   2.6781250e-01   2.6781250e-01
   5.0000000e+00   1.0000000e+00   1.2531396e-15   1.6567187e-01   1.6567187e-01
   6.0000000e+00   1.0000000e+00   7.8672480e-16   7.2000000e-02   7.2000000e-02
   7.0000000e+00   1.0000000e+00   7.2097067e-16   5.6343750e-02   5.6343750e-02
   8.0000000e+00   1.0000000e+00   8.7590831e-16   7.6578125e-02   7.6578125e-02
   9.0000000e+00   1.0000000e+00   1.1125375e-15   1.3156250e-01   1.3156250e-01
   1.0000000e+01   1.0000000e+00   1.5910086e-15   2.3217187e-01   2.3217187e-01
   1.1000000e+01   1.0000000e+00   1.8529433e-15   2.9514062e-01   2.9514062e-01
   1.2000000e+01   1.0000000e+00   1.9302911e-15   3.0725000e-01   3.0725000e-01
   1.3000000e+01   1.0000000e+00   1.9719979e-15   3.1990625e-01   3.1990625e-01
   1.4000000e+01   1.0000000e+00   1.8625564e-15   3.0314063e-01   3.0314063e-01
   1.5000000e+01   1.0000000e+00   1.7698268e-15   2.8676562e-01   2.8676562e-01
   1.6000000e+01   1.0000000e+00   1.7716885e-15   2.6523437e-01   2.6523437e-01
   1.7000000e+01   1.0000000e+00   1.8216888e-15   2.9340625e-01   2.9340625e-01
   1.8000000e+01   1.0000000e+00   2.0300362e-15   3.2681250e-01   3.2681250e-01
   1.9000000e+01   1.0000000e+00   1.9613093e-15   3.2348437e-01   3.2348437e-01
   2.0000000e+01   1.0000000e+00   1.9802839e-15   3.2065625e-01   3.2065625e-01
   2.1000000e+01   1.0000000e+00   1.5951831e-15   2.5314063e-01   2.5314063e-01
   2.2000000e+01   1.0000000e+00   1.1277183e-15   1.2651562e-01   1.2651562e-01
   2.3000000e+01   1.0000000e+00   7.7872358e-16   7.1546875e-02   7.1546875e-02
   2.4000000e+01   1.0000000e+00   7.4345542e-16   6.8421875e-02   6.8421875e-02
   2.5000000e+01   1.0000000e+00   9.0788597e-16   9.6671875e-02   9.6671875e-02
   2.6000000e+01   1.0000000e+00   1.3876140e-15   1.9332812e-01   1.9332812e-01
   2.7000000e+01   1.0000000e+00   1.8381388e-15   2.8407812e-01   2.8407812e-01
   2.8000000e+01   1.0000000e+00   1.9935129e-15   3.2389062e-01   3.2389062e-01
   2.9000000e+01   1.0000000e+00   2.1991196e-15   3.5240625e-01   3.5240625e-01
   3.0000000e+01   1.0000000e+00   2.2580660e-15   3.7117187e-01   3.7117187e-01
   3.1000000e+01   1.0000000e+00   2.1833258e-15   3.7195313e-01   3.7195313e-01
   3.2000000e+01   1.0000000e+00   2.0702507e-15   3.4700000e-01   3.4700000e-01
   3.3000000e+01   1.0000000e+00   2.1008274e-15   3.4514062e-01   3.4514062e-01
   3.4000000e+01   1.0000000e+00   2.2951115e-15   3.7207812e-01   3.7207812e-01
   3.5000000e+01   1.0000000e+00   2.3984455e-15   4.0957812e-01   4.0957812e-01
   3.6000000e+01   1.0000000e+00   2.2912827e-15   3.8182812e-01   3.8182812e-01
   3.7000000e+01   1.0000000e+00   1.9780360e-15   3.2106250e-01   3.2106250e-01
   3.8000000e+01   1.0000000e+00   1.3479401e-15   1.8921875e-01   1.8921875e-01
   3.9000000e+01   1.0000000e+00   9.0911063e-16   8.8968750e-02   8.8968750e-02
   4.0000000e+01   1.0000000e+00   7.3489891e-16   6.3812500e-02   6.3812500e-02
   4.1000000e+01   1.0000000e+00   8.6374513e-16   9.5687500e-02   9.5687500e-02
   4.2000000e+01   1.0000000e+00   1.3860381e-15   1.9045312e-01   1.9045312e-01
   4.3000000e+01   1.0000000e+00   1.8331105e-15   2.8670312e-01   2.8670312e-01
   4.4000000e+01   1.0000000e+00   2.2299916e-15   3.5893750e-01   3.5893750e-01
   4.5000000e+01   1.0000000e+00   2.3595745e-15   4.0593750e-01   4.0593750e-01
   4.6000000e+01   1.0000000e+00   2.4040828e-15   4.2020313e-01   4.2020313e-01
   4.7000000e+01   1.0000000e+00   2.3319587e-15   4.1456250e-01   4.1456250e-01
   1.0000000e+00   2.0000000e+00   2.1531513e-15   3.5396875e-01   3.5396875e-01
   2.0000000e+00   2.0000000e+00   2.1484203e-15   3.7478125e-01   3.7478125e-01
   3.0000000e+00   2.0000000e+00   2.1316042e-15   3.4456250e-01   3.4456250e-01
   4.0000000e+00   2.0000000e+00   2.1226686e-15   3.4925000e-01   3.4925000e-01
   5.0000000e+00   2.0000000e+00   1.7914665e-15   2.7096875e-01   2.7096875e-01
   6.0000000e+00   2.0000000e+00   1.0652995e-15   1.2770312e-01   1.2770312e-01
   7.0000000e+00   2.0000000e+00   7.5142433e-16   6.2546875e-02   6.2546875e-02
   8.0000000e+00   2.0000000e+00   8.4629951e-16   9.5468750e-02   9.5468750e-02
   9.0000000e+00   2.0000000e+00   1.3531366e-15   1.9712500e-01   1.9712500e-01
   1.0000000e+01   2.0000000e+00   1.7882961e-15   2.9406250e-01   2.9406250e-01
   1.1000000e+01   2.0000000e+00   1.9722801e-15   3.2287500e-01   3.2287500e-01
   1.2000000e+01   2.0000000e+00   2.0782514e-15   3.6028125e-01   3.6028125e-01
   1.3000000e+01   2.0000000e+00   2.0968493e-15   3.5918750e-01   3.5918750e-01
   1.4000000e+01   2.0000000e+00   2.0471659e-15   3.4540625e-01   3.4540625e-01
   1.5000000e+01   2.0000000e+00   2.0090483e-15   3.4662500e-01   3.4662500e-01
   1.6000000e+01   2.0000000e+00   1.9084851e-15   3.1539062e-01   3.1539062e-01
   1.7000000e+01   2.0000000e+00   1.9323370e-15   3.2521875e-01   3.2521875e-01
   1.8000000e+01   2.0000000e+00   2.1618433e-15   3.7221875e-01   3.7221875e-01
   1.9000000e+01   2.0000000e+00   2.0958397e-15   3.6498437e-01   3.6498437e-01
   2.0000000e+01   2.0000000e+00   2.0443237e-15   3.3776562e-01   3.3776562e-01
   2.1000000e+01   2.0000000e+00   1.9911379e-15   3.3176562e-01   3.3176562e-01
   2.2000000e+01   2.0000000e+00   1.4966721e-15   2.3235937e-01   2.3235937e-01
   2.3000000e+01   2.0000000e+00   8.9274986e-16   9.9218750e-02   9.9218750e-02
   2.4000000e+01   2.0000000e+00   7.8167124e-16   6.8125000e-02   6.8125000e-02
   2.5000000e+01   2.0000000e+00   1.1491180e-15   1.5520312e-01   1.5520312e-01
   2.6000000e+01   2.0000000e+00   1.5199560e-15   2.3728125e-01   2.3728125e-01
   2.7000000e+01   2.0000000e+00   1.9746987e-15   3.2939062e-01   3.2939062e-01
   2.8000000e+01   2.0000000e+00   2.0183501e-15   3.4212500e-01   3.4212500e-01
   2.9000000e+01   2.0000000e+00   2.2370343e-15   3.8053125e-01   3.8053125e-01
   3.0000000e+01   2.0000000e+00   2.4320286e-15   4.1957812e-01   4.1957812e-01
   3.1000000e+01   2.0000000e+00   2.2742776e-15   3.9800000e-01   3.9800000e-01
   3.2000000e+01   2.0000000e+00   2.0996160e-15   3.5314062e-01   3.5314062e-01
   3.3000000e+01   2.0000000e+00   2.1689244e-15   3.7098437e-01   3.7098437e-01
   3.4000000e+01   2.0000000e+00   2.3622426e-15   4.0795312e-01   4.0795312e-01
   3.5000000e+01   2.0000000e+00   2.3382912e-15   3.9001562e-01   3.9001562e-01
   3.6000000e+01   2.0000000e+00   2.2663194e-15   3.8348437e-01   3.8348437e-01
   3.7000000e+01   2.0000000e+00   2.1765696e-15   3.7642187e-01   3.7642187e-01
   3.8000000e+01   2.0000000e+00   1.7815352e-15   2.9107812e-01   2.9107812e-01
   3.9000000e+01   2.0000000e+00   1.2218124e-15   1.6351562e-01   1.6351562e-01
   4.0000000e+01   2.0000000e+00   7.8710159e-16   7.6687500e-02   7.6687500e-02
   4.1000000e+01   2.0000000e+00   9.0548053e-16   1.1396875e-01   1.1396875e-01
   4.2000000e+01   2.0000000e+00   1.5780510e-15   2.4765625e-01   2.4765625e-01
   4.3000000e+01   2.0000000e+00   1.9348996e-15   3.2137500e-01   3.2137500e-01
   4.4000000e+01   2.0000000e+00   2.0437339e-15   3.3698438e-01   3.3698438e-01
   4.5000000e+01   2.0000000e+00   2.1993911e-15   3.7456250e-01   3.7456250e-01
   4.6000000e+01   2.0000000e+00   2.5634823e-15   4.5120312e-01   4.5120312e-01
   4.7000000e+01   2.0000000e+00   2.7189292e-15   4.8315625e-01   4.8315625e-01
   1.0000000e+00   3.0000000e+00   2.2420217e-15   3.9182812e-01   3.9182812e-01
   2.0000000e+00   3.0000000e+00   2.1842166e-15   3.6751562e-01   3.6751562e-01
   3.0000000e+00   3.0000000e+00   2.1339094e-15   3.5503125e-01   3.5503125e-01
   4.0000000e+00   3.0000000e+00   2.0801724e-15   3.4662500e-01   3.4662500e-01
   5.0000000e+00   3.0000000e+00   2.0040161e-15   3.2623437e-01   3.2623437e-01
   6.0000000e+00   3.0000000e+00   1.3541375e-15   1.9931250e-01   1.9931250e-01
   7.0000000e+00   3.0000000e+00   8.5205185e-16   9.6843750e-02   9.6843750e-02
   8.0000000e+00   3.0000000e+00   1.0966905e-15   1.4120312e-01   1.4120312e-01
   9.0000000e+00   3.0000000e+00   1.4757276e-15   2.3459375e-01   2.3459375e-01
   1.0000000e+01   3.0000000e+00   1.8119816e-15   2.8771875e-01   2.8771875e-01
   1.1000000e+01   3.0000000e+00   2.0330542e-15   3.4304687e-01   3.4304687e-01
   1.2000000e+01   3.0000000e+00   2.0464471e-15   3.5531250e-01   3.5531250e-01
   1.3000000e+01   3.0000000e+00   2.1359041e-15   3.5748437e-01   3.5748437e-01
   1.4000000e+01   3.0000000e+00   2.2317355e-15   3.8676563e-01   3.8676563e-01
   1.5000000e+01   3.0000000e+00   2.1947518e-15   3.7264063e-01   3.7264063e-01
   1.6000000e+01   3.0000000e+00   1.9181121e-15   3.2239062e-01   3.2239062e-01
   1.7000000e+01   3.0000000e+00   2.0684667e-15   3.5234375e-01   3.5234375e-01
   1.8000000e+01   3.0000000e+00   2.2745002e-15   3.9668750e-01   3.9668750e-01
   1.9000000e+01   3.0000000e+00   2.1784110e-15   3.6989062e-01   3.6989062e-01
   2.0000000e+01   3.0000000e+00   2.0968716e-15   3.5062500e-01   3.5062500e-01
   2.1000000e+01   3.0000000e+00   1.9703781e-15   3.2843750e-01   3.2843750e-01
   2.2000000e+01   3.0000000e+00   1.8304733e-15   2.8192187e-01   2.8192187e-01
   2.3000000e+01   3.0000000e+00   1.2124032e-15   1.5206250e-01   1.5206250e-01
   2.4000000e+01   3.0000000e+00   8.7122080e-16   9.2500000e-02   9.2500000e-02
   2.5000000e+01   3.0000000e+00   1.3260910e-15   1.8298437e-01   1.8298437e-01
   2.6000000e+01   3.0000000e+00   1.7455196e-15   2.7675000e-01   2.7675000e-01
   2.7000000e+01   3.0000000e+00   1.9301043e-15   3.0829687e-01   3.0829687e-01
   2.8000000e+01   3.0000000e+00   1.9619200e-15   3.2681250e-01   3.2681250e-01
   2.9000000e+01   3.0000000e+00   2.1727816e-15   3.5550000e-01   3.5550000e-01
   3.0000000e+01   3.0000000e+00   2.3111198e-15   3.8971875e-01   3.8971875e-01
   3.1000000e+01   3.0000000e+00   2.3715756e-15   3.9765625e-01   3.9765625e-01
   3.2000000e+01   3.0000000e+00   2.0446083e-15   3.3203125e-01   3.3203125e-01
   3.3000000e+01   3.0000000e+00   2.0157044e-15   3.4129688e-01   3.4129688e-01
   3.4000000e+01   3.0000000e+00   2.2466171e-15   3.9084375e-01   3.9084375e-01
   3.5000000e+01   3.0000000e+00   2.3662912e-15   4.0421875e-01   4.0421875e-01
   3.6000000e+01   3.0000000e+00   2.2206423e-15   3.7303125e-01   3.7303125e-01
   3.7000000e+01   3.0000000e+00   2.2106083e-15   3.6248437e-01   3.6248437e-01
   3.8000000e+01   3.0000000e+00   1.9751688e-15   3.2092187e-01   3.2092187e-01
   3.9000000e+01   3.0000000e+00   1.4241037e-15   2.1896875e-01   2.1896875e-01
   4.0000000e+01   3.0000000e+00   8.6100065e-16   9.8968750e-02   9.8968750e-02
   4.1000000e+01   3.0000000e+00   1.1027354e-15   1.4079687e-01   1.4079687e-01
   4.2000000e+01   3.0000000e+00   1.5025377e-15   2.4845312e-01   2.4845312e-01
   4.3000000e+01   3.0000000e+00   1.7643109e-15   2.8846875e-01   2.8846875e-01
   4.4000000e+01   3.0000000e+00   1.9522048e-15   3.2653125e-01   3.2653125e-01
   4.5000000e+01   3.0000000e+00   2.0699093e-15   3.5387500e-01   3.5387500e-01
   4.6000000e+01   3.0000000e+00   2.4172376e-15   4.1957812e-01   4.1957812e-01
   4.7000000e+01   3.0000000e+00   2.6172600e-15   4.6678125e-01   4.6678125e-01
   1.0000000e+00   4.0000000e+00   2.2841878e-15   4.0820313e-01   4.0820313e-01
   2.0000000e+00   4.0000000e+00   2.2520226e-15   3.8451562e-01   3.8451562e-01
   3.0000000e+00   4.0000000e+00   2.1677349e-15   3.6837500e-01   3.6837500e-01
   4.0000000e+00   4.0000000e+00   2.0011210e-15   3.5620312e-01   3.5620312e-01
   5.0000000e+00   4.0000000e+00   1.7896554e-15   3.0504688e-01   3.0504688e-01
   6.0000000e+00   4.0000000e+00   1.4923359e-15   2.3467187e-01   2.3467187e-01
   7.0000000e+00   4.0000000e+00   9.3309467e-16   1.1037500e-01   1.1037500e-01
   8.0000000e+00   4.0000000e+00   9.9032444e-16   1.1496875e-01   1.1496875e-01
   9.0000000e+00   4.0000000e+00   1.4931840e-15   2.2968750e-01   2.2968750e-01
   1.0000000e+01   4.0000000e+00   1.8338650e-15   2.9965625e-01   2.9965625e-01
   1.1000000e+01   4.0000000e+00   1.8379649e-15   3.0539062e-01   3.0539062e-01
   1.2000000e+01   4.0000000e+00   1.9380141e-15   3.2567188e-01   3.2567188e-01
   1.3000000e+01   4.0000000e+00   2.0841119e-15   3.5231250e-01   3.5231250e-01
   1.4000000e+01   4.0000000e+00   2.3561797e-15   4.1085937e-01   4.1085937e-01
   1.5000000e+01   4.0000000e+00   2.2594506e-15   3.9607812e-01   3.9607812e-01
   1.6000000e+01   4.0000000e+00   1.8320793e-15   3.2100000e-01   3.2100000e-01
   1.7000000e+01   4.0000000e+00   2.0553689e-15   3.4676562e-01   3.4676562e-01
   1.8000000e+01   4.0000000e+00   2.4398327e-15   4.1765625e-01   4.1765625e-01
   1.9000000e+01   4.0000000e+00   2.4278392e-15   4.2898437e-01   4.2898437e-01
   2.0000000e+01   4.0000000e+00   2.1580897e-15   3.6845312e-01   3.6845312e-01
   2.1000000e+01   4.0000000e+00   2.0669914e-15   3.3737500e-01   3.3737500e-01
   2.2000000e+01   4.0000000e+00   1.8323799e-15   2.8826562e-01   2.8826562e-01
   2.3000000e+01   4.0000000e+00   1.2223231e-15   1.8243750e-01   1.8243750e-01
   2.4000000e+01   4.0000000e+00   8.5266460e-16   9.5171875e-02   9.5171875e-02
   2.5000000e+01   4.0000000e+00   1.2752360e-15   1.6948437e-01   1.6948437e-01
   2.6000000e+01   4.0000000e+00   1.6595312e-15   2.5876563e-01   2.5876563e-01
   2.7000000e+01   4.0000000e+00   1.8761051e-15   3.1154688e-01   3.1154688e-01
   2.8000000e+01   4.0000000e+00   2.0923440e-15   3.4940625e-01   3.4940625e-01
   2.9000000e+01   4.0000000e+00   2.1429227e-15   3.5415625e-01   3.5415625e-01
   3.0000000e+01   4.0000000e+00   2.1954143e-15   3.6295312e-01   3.6295312e-01
   3.1000000e+01   4.0000000e+00   2.3427683e-15   4.0407812e-01   4.0407812e-01
   3.2000000e+01   4.0000000e+00   2.0372391e-15   3.5226562e-01   3.5226562e-01
   3.3000000e+01   4.0000000e+00   2.0303933e-15   3.2671875e-01   3.2671875e-01
   3.4000000e+01   4.0000000e+00   2.3012117e-15   3.9432812e-01   3.9432812e-01
   3.5000000e+01   4.0000000e+00   2.4402126e-15   4.2192188e-01   4.2192188e-01
   3.6000000e+01   4.0000000e+00   2.2650362e-15   3.8296875e-01   3.8296875e-01
   3.7000000e+01   4.0000000e+00   2.1477656e-15   3.6848437e-01   3.6848437e-01
   3.8000000e+01   4.0000000e+00   1.9177295e-15   3.2018750e-01   3.2018750e-01
   3.9000000e+01   4.0000000e+00   1.4480836e-15   2.1132812e-01   2.1132812e-01
   4.0000000e+01   4.0000000e+00   9.3207227e-16   1.0045312e-01   1.0045312e-01
   4.1000000e+01   4.0000000e+00   1.0251321e-15   1.2501562e-01   1.2501562e-01
   4.2000000e+01   4.0000000e+00   1.5115142e-15   2.3231250e-01   2.3231250e-01
   4.3000000e+01   4.0000000e+00   1.7632764e-15   2.8739063e-01   2.8739063e-01
   4.4000000e+01   4.0000000e+00   1.9670813e-15   3.2537500e-01   3.2537500e-01
   4.5000000e+01   4.0000000e+00   2.1242047e-15   3.6700000e-01   3.6700000e-01
   4.6000000e+01   4.0000000e+00   2.2618697e-15   3.7990625e-01   3.7990625e-01
   4.7000000e+01   4.0000000e+00   2.3527556e-15   4.1048437e-01   4.1048437e-01
   1.0000000e+00   5.0000000e+00   2.2805455e-15   3.8975000e-01   3.8975000e-01
   2.0000000e+00   5.0000000e+00   2.3391628e-15   4.0457812e-01   4.0457812e-01
   3.0000000e+00   5.0000000e+00   2.2921976e-15   3.8890625e-01   3.8890625e-01
   4.0000000e+00   5.0000000e+00   2.1370920e-15   3.5767187e-01   3.5767187e-01
   5.0000000e+00   5.0000000e+00   1.7863996e-15   2.8765625e-01   2.8765625e-01
   6.0000000e+00   5.0000000e+00   1.2870228e-15   1.8182812e-01   1.8182812e-01
   7.0000000e+00   5.0000000e+00   8.3733164e-16   9.5656250e-02   9.5656250e-02
   8.0000000e+00   5.0000000e+00   8.1997582e-16   8.8875000e-02   8.8875000e-02
   9.0000000e+00   5.0000000e+00   1.3171127e-15   1.8934375e-01   1.8934375e-01
   1.0000000e+01   5.0000000e+00   1.7672352e-15   2.7689062e-01   2.7689062e-01
   1.1000000e+01   5.0000000e+00   1.9899147e-15   3.1609375e-01   3.1609375e-01
   1.2000000e+01   5.0000000e+00   2.1760879e-15   3.4962500e-01   3.4962500e-01
   1.3000000e+01   5.0000000e+00   2.2635328e-15   3.8285938e-01   3.8285938e-01
   1.4000000e+01   5.0000000e+00   2.2940974e-15   3.9262500e-01   3.9262500e-01
   1.5000000e+01   5.0000000e+00   2.2766913e-15   3.8581250e-01   3.8581250e-01
   1.6000000e+01   5.0000000e+00   2.1492864e-15   3.5717187e-01   3.5717187e-01
   1.7000000e+01   5.0000000e+00   2.2661147e-15   3.8970312e-01   3.8970312e-01
   1.8000000e+01   5.0000000e+00   2.5351394e-15   4.4053125e-01   4.4053125e-01
   1.9000000e+01   5.0000000e+00   2.4752293e-15   4.2846875e-01   4.2846875e-01
   2.0000000e+01   5.0000000e+00   2.2149117e-15   3.7465625e-01   3.7465625e-01
   2.1000000e+01   5.0000000e+00   2.0910590e-15   3.4567187e-01   3.4567187e-01
   2.2000000e+01   5.0000000e+00   1.6190331e-15   2.5042187e-01   2.5042187e-01
   2.3000000e+01   5.0000000e+00   1.0860331e-15   1.3701562e-01   1.3701562e-01
   2.4000000e+01   5.0000000e+00   8.2245978e-16   8.4187500e-02   8.4187500e-02
   2.5000000e+01   5.0000000e+00   1.0584747e-15   1.3085937e-01   1.3085937e-01
   2.6000000e+01   5.0000000e+00   1.5030487e-15   2.2553125e-01   2.2553125e-01
   2.7000000e+01   5.0000000e+00   1.8450438e-15   2.9768750e-01   2.9768750e-01
   2.8000000e+01   5.0000000e+00   2.0855093e-15   3.4164062e-01   3.4164062e-01
   2.9000000e+01   5.0000000e+00   2.0726805e-15   3.4264062e-01   3.4264062e-01
   3.0000000e+01   5.0000000e+00   2.1401828e-15   3.6132813e-01   3.6132813e-01
   3.1000000e+01   5.0000000e+00   2.2455213e-15   3.7923437e-01   3.7923437e-01
   3.2000000e+01   5.0000000e+00   2.0073244e-15   3.2623437e-01   3.2623437e-01
   3.3000000e+01   5.0000000e+00   2.0054642e-15   3.2273437e-01   3.2273437e-01
   3.4000000e+01   5.0000000e+00   2.2790549e-15   3.8521875e-01   3.8521875e-01
   3.5000000e+01   5.0000000e+00   2.2271913e-15   3.8168750e-01   3.8168750e-01
   3.6000000e+01   5.0000000e+00   2.2887068e-15   3.8789062e-01   3.8789062e-01
   3.7000000e+01   5.0000000e+00   2.1835383e-15   3.6471875e-01   3.6471875e-01
   3.8000000e+01   5.0000000e+00   1.7026905e-15   2.6510937e-01   2.6510937e-01
   3.9000000e+01   5.0000000e+00   1.2054664e-15   1.7262500e-01   1.7262500e-01
   4.0000000e+01   5.0000000e+00   7.8924562e-16   7.3984375e-02   7.3984375e-02
   4.1000000e+01   5.0000000e+00   8.4361048e-16   8.4265625e-02   8.4265625e-02
   4.2000000e+01   5.0000000e+00   1.2761744e-15   1.8087500e-01   1.8087500e-01
   4.3000000e+01   5.0000000e+00   1.6507869e-15   2.6875000e-01   2.6875000e-01
   4.4000000e+01   5.0000000e+00   1.9090360e-15   3.2935937e-01   3.2935937e-01
   4.5000000e+01   5.0000000e+00   2.0727833e-15   3.5406250e-01   3.5406250e-01
   4.6000000e+01   5.0000000e+00   2.0545492e-15   3.4440625e-01   3.4440625e-01
   4.7000000e+01   5.0000000e+00   2.2621698e-15   3.8284375e-01   3.8284375e-01
   1.0000000e+00   6.0000000e+00   1.9290608e-15   3.1550000e-01   3.1550000e-01
   2.0000000e+00   6.0000000e+00   2.1011867e-15   3.5775000e-01   3.5775000e-01
   3.0000000e+00   6.0000000e+00   2.1237854e-15   3.5978125e-01   3.5978125e-01
   4.0000000e+00   6.0000000e+00   1.9896285e-15   3.2400000e-01   3.2400000e-01
   5.0000000e+00   6.0000000e+00   1.4692969e-15   2.2904687e-01   2.2904687e-01
   6.0000000e+00   6.0000000e+00   9.6203476e-16   1.2692187e-01   1.2692187e-01
   7.0000000e+00   6.0000000e+00   8.0164820e-16   7.5015625e-02   7.5015625e-02
   8.0000000e+00   6.0000000e+00   7.5884794e-16   6.3343750e-02   6.3343750e-02
   9.0000000e+00   6.0000000e+00   9.1923415e-16   1.0659375e-01   1.0659375e-01
   1.0000000e+01   6.0000000e+00   1.4832605e-15   2.1818750e-01   2.1818750e-01
   1.1000000e+01   6.0000000e+00   1.8540620e-15   2.9496875e-01   2.9496875e-01
   1.2000000e+01   6.0000000e+00   2.0642601e-15   3.3859375e-01   3.3859375e-01
   1.3000000e+01   6.0000000e+00   2.1451444e-15   3.6339062e-01   3.6339062e-01
   1.4000000e+01   6.0000000e+00   2.3324463e-15   4.0342187e-01   4.0342187e-01
   1.5000000e+01   6.0000000e+00   2.1985648e-15   3.8339062e-01   3.8339062e-01
   1.6000000e+01   6.0000000e+00   2.0136207e-15   3.3140625e-01   3.3140625e-01
   1.7000000e+01   6.0000000e+00   2.0555486e-15   3.4289063e-01   3.4289063e-01
   1.8000000e+01   6.0000000e+00   2.3306411e-15   4.0250000e-01   4.0250000e-01
   1.9000000e+01   6.0000000e+00   2.3000446e-15   4.0370313e-01   4.0370313e-01
   2.0000000e+01   6.0000000e+00   2.1981124e-15   3.5982813e-01   3.5982813e-01
   2.1000000e+01   6.0000000e+00   1.7723063e-15   2.8668750e-01   2.8668750e-01
   2.2000000e+01   6.0000000e+00   1.3264571e-15   1.9701562e-01   1.9701562e-01
   2.3000000e+01   6.0000000e+00   8.9948437e-16   1.0146875e-01   1.0146875e-01
   2.4000000e+01   6.0000000e+00   6.6251503e-16   5.8796875e-02   5.8796875e-02
   2.5000000e+01   6.0000000e+00   8.1878382e-16   7.6765625e-02   7.6765625e-02
   2.6000000e+01   6.0000000e+00   1.1198683e-15   1.5217187e-01   1.5217187e-01
   2.7000000e+01   6.0000000e+00   1.6030910e-15   2.5895313e-01   2.5895313e-01
   2.8000000e+01   6.0000000e+00   1.8773119e-15   3.2018750e-01   3.2018750e-01
   2.9000000e+01   6.0000000e+00   1.8610386e-15   3.1059375e-01   3.1059375e-01
   3.0000000e+01   6.0000000e+00   2.0215384e-15   3.2326563e-01   3.2326563e-01
   3.1000000e+01   6.0000000e+00   1.9727946e-15   3.3509375e-01   3.3509375e-01
   3.2000000e+01   6.0000000e+00   1.9656481e-15   3.2168750e-01   3.2168750e-01
   3.3000000e+01   6.0000000e+00   1.8187884e-15   2.9282812e-01   2.9282812e-01
   3.4000000e+01   6.0000000e+00   1.9854746e-15   3.2201562e-01   3.2201562e-01
   3.5000000e+01   6.0000000e+00   1.9226365e-15   3.2393750e-01   3.2393750e-01
   3.6000000e+01   6.0000000e+00   1.9697410e-15   3.2031250e-01   3.2031250e-01
   3.7000000e+01   6.0000000e+00   1.8887858e-15   2.9489062e-01   2.9489062e-01
   3.8000000e+01   6.0000000e+00   1.4850737e-15   2.1785937e-01   2.1785937e-01
   3.9000000e+01   6.0000000e+00   8.9056411e-16   1.0567187e-01   1.0567187e-01
   4.0000000e+01   6.0000000e+00   7.9123690e-16   6.9750000e-02   6.9750000e-02
   4.1000000e+01   6.0000000e+00   7.2145450e-16   6.0281250e-02   6.0281250e-02
   4.2000000e+01   6.0000000e+00   8.8511084e-16   9.3750000e-02   9.3750000e-02
   4.3000000e+01   6.0000000e+00   1.2912585e-15   1.7915625e-01   1.7915625e-01
   4.4000000e+01   6.0000000e+00   1.7741015e-15   2.6768750e-01   2.6768750e-01
   4.5000000e+01   6.0000000e+00   1.8587424e-15   2.9465625e-01   2.9465625e-01
   4.6000000e+01   6.0000000e+00   1.7958250e-15   2.9239062e-01   2.9239062e-01
   4.7000000e+01   6.0000000e+00   1.7137130e-15   2.7106250e-01   2.7106250e-01
   1.0000000e+00   7.0000000e+00   1.5290771e-15   2.2307812e-01   2.2307812e-01
   2.0000000e+00   7.0000000e+00   1.3251205e-15   2.2918750e-01   2.2918750e-01
   3.0000000e+00   7.0000000e+00   1.4034204e-15   2.3415625e-01   2.3415625e-01
   4.0000000e+00   7.0000000e+00   1.3656372e-15   2.0565625e-01   2.0565625e-01
   5.0000000e+00   7.0000000e+00   1.0643755e-15   1.4067187e-01   1.4067187e-01
   6.0000000e+00   7.0000000e+00   7.8418891e-16   8.1312500e-02   8.1312500e-02
   7.0000000e+00   7.0000000e+00   7.2695944e-16   6.8890625e-02   6.8890625e-02
   8.0000000e+00   7.0000000e+00   7.3656461e-16   7.7296875e-02   7.7296875e-02
   9.0000000e+00   7.0000000e+00   6.3747687e-16   5.7296875e-02   5.7296875e-02
   1.0000000e+01   7.0000000e+00   9.3406479e-16   1.0746875e-01   1.0746875e-01
   1.1000000e+01   7.0000000e+00   1.2963678e-15   1.9017187e-01   1.9017187e-01
   1.2000000e+01   7.0000000e+00   1.3891649e-15   2.2085937e-01   2.2085937e-01
   1.3000000e+01   7.0000000e+00   1.4822057e-15   2.3231250e-01   2.3231250e-01
   1.4000000e+01   7.0000000e+00   1.3052341e-15   2.4445312e-01   2.4445312e-01
   1.5000000e+01   7.0000000e+00   1.2931257e-15   2.3537500e-01   2.3537500e-01
   1.6000000e+01   7.0000000e+00   1.2021126e-15   2.2251562e-01   2.2251562e-01
   1.7000000e+01   7.0000000e+00   1.2283827e-15   2.0903125e-01   2.0903125e-01
   1.8000000e+01   7.0000000e+00   1.3929801e-15   2.3989062e-01   2.3989062e-01
   1.9000000e+01   7.0000000e+00   1.3839020e-15   2.4559375e-01   2.4559375e-01
   2.0000000e+01   7.0000000e+00   1.5512104e-15   2.3892187e-01   2.3892187e-01
   2.1000000e+01   7.0000000e+00   1.2155712e-15   1.8871875e-01   1.8871875e-01
   2.2000000e+01   7.0000000e+00   8.7320213e-16   1.0773437e-01   1.0773437e-01
   2.3000000e+01   7.0000000e+00   7.1948857e-16   6.6250000e-02   6.6250000e-02
   2.4000000e+01   7.0000000e+00   7.1452608e-16   6.2062500e-02   6.2062500e-02
   2.5000000e+01   7.0000000e+00   6.5659671e-16   6.5390625e-02   6.5390625e-02
   2.6000000e+01   7.0000000e+00   5.5800473e-16   6.8125000e-02   6.8125000e-02
   2.7000000e+01   7.0000000e+00   3.2731332e-15   1.3417187e-01   1.3417187e-01
   2.8000000e+01   7.0000000e+00   1.3818961e-15   1.8292187e-01   1.8292187e-01
   2.9000000e+01   7.0000000e+00   1.3964011e-15   2.0789062e-01   2.0789062e-01
   3.0000000e+01   7.0000000e+00   1.6263072e-15   2.1529687e-01   2.1529687e-01
   3.1000000e+01   7.0000000e+00   1.3641346e-15   2.1960937e-01   2.1960937e-01
   3.2000000e+01   7.0000000e+00   1.2385388e-15   2.0976562e-01   2.0976562e-01
   3.3000000e+01   7.0000000e+00   1.4599379e-15   1.7014062e-01   1.7014062e-01
   3.4000000e+01   7.0000000e+00   1.2892599e-15   1.8571875e-01   1.8571875e-01
   3.5000000e+01   7.0000000e+00   1.3849509e-15   1.8442187e-01   1.8442187e-01
   3.6000000e+01   7.0000000e+00   1.3293024e-15   2.1360937e-01   2.1360937e-01
   3.7000000e+01   7.0000000e+00   9.4410641e-16   1.8165625e-01   1.8165625e-01
   3.8000000e+01   7.0000000e+00   1.0150972e-15   1.1553125e-01   1.1553125e-01
   3.9000000e+01   7.0000000e+00   1.0344521e-15   9.5453125e-02   9.5453125e-02
   4.0000000e+01   7.0000000e+00   2.0858122e-15   9.0890625e-02   9.0890625e-02
   4.1000000e+01   7.0000000e+00   1.8003187e-15   1.2750000e-01   1.2750000e-01
   4.2000000e+01   7.0000000e+00   1.8700942e-15   7.6515625e-02   7.6515625e-02
   4.3000000e+01   7.0000000e+00   1.3840476e-15   9.4515625e-02   9.4515625e-02
   4.4000000e+01   7.0000000e+00   1.0295165e-15   1.3142187e-01   1.3142187e-01
   4.5000000e+01   7.0000000e+00   9.3564981e-16   1.3715625e-01   1.3715625e-01
   4.6000000e+01   7.0000000e+00   1.2391500e-15   1.4501562e-01   1.4501562e-01
   4.7000000e+01   7.0000000e+00   1.5577011e-15   1.5181250e-01   1.5181250e-01
   1.0000000e+00   8.0000000e+00   8.7634894e-16   1.3521875e-01   1.3521875e-01
   2.0000000e+00   8.0000000e+00   8.3962050e-16   1.3312500e-01   1.3312500e-01
   3.0000000e+00   8.0000000e+00   8.8961504e-16   1.3381250e-01   1.3381250e-01
   4.0000000e+00   8.0000000e+00   9.0325536e-16   1.2035937e-01   1.2035937e-01
   5.0000000e+00   8.0000000e+00   8.4337075e-16   8.0484375e-02   8.0484375e-02
   6.0000000e+00   8.0000000e+00   9.7874158e-16   7.3515625e-02   7.3515625e-02
   7.0000000e+00   8.0000000e+00   1.0081821e-15   8.6062500e-02   8.6062500e-02
   8.0000000e+00   8.0000000e+00   7.3454902e-16   1.2795312e-01   1.2795312e-01
   9.0000000e+00   8.0000000e+00   1.0357494e-15   8.2593750e-02   8.2593750e-02
   1.0000000e+01   8.0000000e+00   6.0608094e-16   7.3328125e-02   7.3328125e-02
   1.1000000e+01   8.0000000e+00   7.7783651e-16   9.9765625e-02   9.9765625e-02
   1.2000000e+01   8.0000000e+00   7.3338232e-16   1.2229687e-01   1.2229687e-01
   1.3000000e+01   8.0000000e+00   1.0361643e-15   1.3475000e-01   1.3475000e-01
   1.4000000e+01   8.0000000e+00   8.6182005e-16   1.4856250e-01   1.4856250e-01
   1.5000000e+01   8.0000000e+00   8.1306171e-16   1.3603125e-01   1.3603125e-01
   1.6000000e+01   8.0000000e+00   8.6882793e-16   1.2339062e-01   1.2339062e-01
   1.7000000e+01   8.0000000e+00   7.5219172e-16   1.2693750e-01   1.2693750e-01
   1.8000000e+01   8.0000000e+00   9.4481110e-16   1.4454687e-01   1.4454687e-01
   1.9000000e+01   8.0000000e+00   7.7330365e-16   1.3832812e-01   1.3832812e-01
   2.0000000e+01   8.0000000e+00   9.2081877e-16   1.4912500e-01   1.4912500e-01
   2.1000000e+01   8.0000000e+00   6.8724711e-16   1.0751562e-01   1.0751562e-01
   2.2000000e+01   8.0000000e+00   6.7138194e-16   7.0843750e-02   7.0843750e-02
   2.3000000e+01   8.0000000e+00   6.1071487e-16   5.8515625e-02   5.8515625e-02
   2.4000000e+01   8.0000000e+00   9.4152433e-16   1.0831250e-01   1.0831250e-01
   2.5000000e+01   8.0000000e+00   9.3293343e-16   9.6750000e-02   9.6750000e-02
   2.6000000e+01   8.0000000e+00   9.2789890e-16   6.7875000e-02   6.7875000e-02
   2.7000000e+01   8.0000000e+00   1.1135020e-15   8.8593750e-02   8.8593750e-02
   2.8000000e+01   8.0000000e+00   1.3992909e-15   1.0871875e-01   1.0871875e-01
   2.9000000e+01   8.0000000e+00   8.4880755e-16   1.2479687e-01   1.2479687e-01
   3.0000000e+01   8.0000000e+00   8.3659870e-16   1.2412500e-01   1.2412500e-01
   3.1000000e+01   8.0000000e+00   8.0346266e-16   1.1540625e-01   1.1540625e-01
   3.2000000e+01   8.0000000e+00   8.7876449e-16   1.2676562e-01   1.2676562e-01
   3.3000000e+01   8.0000000e+00   7.5666648e-16   1.1775000e-01   1.1775000e-01
   3.4000000e+01   8.0000000e+00   9.0827715e-16   1.2107812e-01   1.2107812e-01
   3.5000000e+01   8.0000000e+00   9.1025527e-16   1.4525000e-01   1.4525000e-01
   3.6000000e+01   8.0000000e+00   8.1561627e-16   1.2967187e-01   1.2967187e-01
   3.7000000e+01   8.0000000e+00   7.1951089e-16   1.2998437e-01   1.2998437e-01
   3.8000000e+01   8.0000000e+00   6.8012558e-16   9.2484375e-02   9.2484375e-02
   3.9000000e+01   8.0000000e+00   6.6802685e-16   7.4000000e-02   7.4000000e-02
   4.0000000e+01   8.0000000e+00   7.4007575e-16   9.3468750e-02   9.3468750e-02
   4.1000000e+01   8.0000000e+00   8.1404605e-16   1.2201562e-01   1.2201562e-01
   4.2000000e+01   8.0000000e+00   8.9426600e-16   7.8296875e-02   7.8296875e-02
   4.3000000e+01   8.0000000e+00   8.4207325e-16   7.5640625e-02   7.5640625e-02
   4.4000000e+01   8.0000000e+00   9.7511623e-16   1.1879687e-01   1.1879687e-01
   4.5000000e+01   8.0000000e+00   1.1226889e-15   1.4267187e-01   1.4267187e-01
   4.6000000e+01   8.0000000e+00   1.2398211e-15   1.5856250e-01   1.5856250e-01
   4.7000000e+01   8.0000000e+00   1.2612645e-15   1.6603125e-01   1.6603125e-01
   1.0000000e+00   9.0000000e+00   1.4680209e-15   2.1118750e-01   2.1118750e-01
   2.0000000e+00   9.0000000e+00   1.4712633e-15   2.2556250e-01   2.2556250e-01
   3.0000000e+00   9.0000000e+00   1.5142088e-15   2.2559375e-01   2.2559375e-01
   4.0000000e+00   9.0000000e+00   1.3535138e-15   1.8906250e-01   1.8906250e-01
   5.0000000e+00   9.0000000e+00   1.0608980e-15   1.2112500e-01   1.2112500e-01
   6.0000000e+00   9.0000000e+00   7.4387034e-16   6.1843750e-02   6.1843750e-02
   7.0000000e+00   9.0000000e+00   7.7024819e-16   6.7093750e-02   6.7093750e-02
   8.0000000e+00   9.0000000e+00   8.8908424e-16   9.3625000e-02   9.3625000e-02
   9.0000000e+00   9.0000000e+00   8.5852636e-16   9.2843750e-02   9.2843750e-02
   1.0000000e+01   9.0000000e+00   9.9287404e-16   1.1767187e-01   1.1767187e-01
   1.1000000e+01   9.0000000e+00   1.3684810e-15   1.7940625e-01   1.7940625e-01
   1.2000000e+01   9.0000000e+00   1.4317742e-15   2.0568750e-01   2.0568750e-01
   1.3000000e+01   9.0000000e+00   1.4694518e-15   2.1698437e-01   2.1698437e-01
   1.4000000e+01   9.0000000e+00   1.4762375e-15   2.1126562e-01   2.1126562e-01
   1.5000000e+01   9.0000000e+00   1.3374690e-15   2.0431250e-01   2.0431250e-01
   1.6000000e+01   9.0000000e+00   1.3140436e-15   1.8159375e-01   1.8159375e-01
   1.7000000e+01   9.0000000e+00   1.3810704e-15   2.0076562e-01   2.0076562e-01
   1.8000000e+01   9.0000000e+00   1.4502137e-15   2.2050000e-01   2.2050000e-01
   1.9000000e+01   9.0000000e+00   1.4673877e-15   2.1925000e-01   2.1925000e-01
   2.0000000e+01   9.0000000e+00   1.5026928e-15   2.2706250e-01   2.2706250e-01
   2.1000000e+01   9.0000000e+00   1.3541924e-15   1.8156250e-01   1.8156250e-01
   2.2000000e+01   9.0000000e+00   9.3515909e-16   9.5562500e-02   9.5562500e-02
   2.3000000e+01   9.0000000e+00   7.3390460e-16   6.3921875e-02   6.3921875e-02
   2.4000000e+01   9.0000000e+00   7.9456281e-16   7.7500000e-02   7.7500000e-02
   2.5000000e+01   9.0000000e+00   8.7506548e-16   7.9062500e-02   7.9062500e-02
   2.6000000e+01   9.0000000e+00   9.0762025e-16   9.1656250e-02   9.1656250e-02
   2.7000000e+01   9.0000000e+00   1.2346504e-15   1.6112500e-01   1.6112500e-01
   2.8000000e+01   9.0000000e+00   1.4315959e-15   2.1804687e-01   2.1804687e-01
   2.9000000e+01   9.0000000e+00   1.5361371e-15   2.4179687e-01   2.4179687e-01
   3.0000000e+01   9.0000000e+00   1.5834295e-15   2.3932812e-01   2.3932812e-01
   3.1000000e+01   9.0000000e+00   1.5825403e-15   2.3481250e-01   2.3481250e-01
   3.2000000e+01   9.0000000e+00   1.4842016e-15   2.1284375e-01   2.1284375e-01
   3.3000000e+01   9.0000000e+00   1.5274102e-15   2.3004687e-01   2.3004687e-01
   3.4000000e+01   9.0000000e+00   1.6124157e-15   2.4600000e-01   2.4600000e-01
   3.5000000e+01   9.0000000e+00   1.6800838e-15   2.6345312e-01   2.6345312e-01
   3.6000000e+01   9.0000000e+00   1.6991791e-15   2.6057812e-01   2.6057812e-01
   3.7000000e+01   9.0000000e+00   1.5797671e-15   2.3676562e-01   2.3676562e-01
   3.8000000e+01   9.0000000e+00   1.1500845e-15   1.4770312e-01   1.4770312e-01
   3.9000000e+01   9.0000000e+00   7.4793577e-16   6.9953125e-02   6.9953125e-02
   4.0000000e+01   9.0000000e+00   7.1562197e-16   6.3156250e-02   6.3156250e-02
   4.1000000e+01   9.0000000e+00   8.9049824e-16   9.8281250e-02   9.8281250e-02
   4.2000000e+01   9.0000000e+00   9.5639209e-16   1.1284375e-01   1.1284375e-01
   4.3000000e+01   9.0000000e+00   1.2076697e-15   1.7467187e-01   1.7467187e-01
   4.4000000e+01   9.0000000e+00   1.6373335e-15   2.4942187e-01   2.4942187e-01
   4.5000000e+01   9.0000000e+00   1.7752608e-15   2.7809375e-01   2.7809375e-01
   4.6000000e+01   9.0000000e+00   1.8152941e-15   2.8981250e-01   2.8981250e-01
   4.7000000e+01   9.0000000e+00   1.8344532e-15   3.0096875e-01   3.0096875e-01
   1.0000000e+00   1.0000000e+01   1.8079995e-15   3.1421875e-01   3.1421875e-01
   2.0000000e+00   1.0000000e+01   1.8891077e-15   3.4332812e-01   3.4332812e-01
   3.0000000e+00   1.0000000e+01   1.7768217e-15   3.3576562e-01   3.3576562e-01
   4.0000000e+00   1.0000000e+01   1.7756646e-15   3.2992187e-01   3.2992187e-01
   5.0000000e+00   1.0000000e+01   1.4184743e-15   2.4189062e-01   2.4189062e-01
   6.0000000e+00   1.0000000e+01   8.3451905e-16   1.2157812e-01   1.2157812e-01
   7.0000000e+00   1.0000000e+01   6.2792286e-16   6.4359375e-02   6.4359375e-02
   8.0000000e+00   1.0000000e+01   7.0020643e-16   6.2562500e-02   6.2562500e-02
   9.0000000e+00   1.0000000e+01   7.6332184e-16   1.0878125e-01   1.0878125e-01
   1.0000000e+01   1.0000000e+01   1.2531395e-15   2.0289062e-01   2.0289062e-01
   1.1000000e+01   1.0000000e+01   1.6237695e-15   2.8264062e-01   2.8264062e-01
   1.2000000e+01   1.0000000e+01   1.7631766e-15   3.2506250e-01   3.2506250e-01
   1.3000000e+01   1.0000000e+01   1.7232174e-15   3.2457813e-01   3.2457813e-01
   1.4000000e+01   1.0000000e+01   1.6937482e-15   3.0945313e-01   3.0945313e-01
   1.5000000e+01   1.0000000e+01   1.5183518e-15   3.0121875e-01   3.0121875e-01
   1.6000000e+01   1.0000000e+01   1.4040055e-15   2.7923437e-01   2.7923437e-01
   1.7000000e+01   1.0000000e+01   1.4773189e-15   2.8664062e-01   2.8664062e-01
   1.8000000e+01   1.0000000e+01   1.7174362e-15   3.1951562e-01   3.1951562e-01
   1.9000000e+01   1.0000000e+01   1.8442784e-15   3.4246875e-01   3.4246875e-01
   2.0000000e+01   1.0000000e+01   1.8836442e-15   3.5609375e-01   3.5609375e-01
   2.1000000e+01   1.0000000e+01   1.5534041e-15   2.8767187e-01   2.8767187e-01
   2.2000000e+01   1.0000000e+01   1.0115381e-15   1.9148437e-01   1.9148437e-01
   2.3000000e+01   1.0000000e+01   6.2425086e-16   8.3140625e-02   8.3140625e-02
   2.4000000e+01   1.0000000e+01   5.6356257e-16   5.3703125e-02   5.3703125e-02
   2.5000000e+01   1.0000000e+01   7.1620541e-16   8.1859375e-02   8.1859375e-02
   2.6000000e+01   1.0000000e+01   9.8158703e-16   1.5876562e-01   1.5876562e-01
   2.7000000e+01   1.0000000e+01   1.2223359e-15   2.5206250e-01   2.5206250e-01
   2.8000000e+01   1.0000000e+01   1.7800150e-15   3.1973437e-01   3.1973437e-01
   2.9000000e+01   1.0000000e+01   1.5951203e-15   3.5087500e-01   3.5087500e-01
   3.0000000e+01   1.0000000e+01   1.6545067e-15   3.6070312e-01   3.6070312e-01
   3.1000000e+01   1.0000000e+01   2.0114857e-15   3.5396875e-01   3.5396875e-01
   3.2000000e+01   1.0000000e+01   1.9494953e-15   3.3704687e-01   3.3704687e-01
   3.3000000e+01   1.0000000e+01   1.7810759e-15   3.0932812e-01   3.0932812e-01
   3.4000000e+01   1.0000000e+01   1.7502436e-15   3.5987500e-01   3.5987500e-01
   3.5000000e+01   1.0000000e+01   2.1237878e-15   3.8839062e-01   3.8839062e-01
   3.6000000e+01   1.0000000e+01   2.1875148e-15   3.6093750e-01   3.6093750e-01
   3.7000000e+01   1.0000000e+01   2.0520365e-15   3.3787500e-01   3.3787500e-01
   3.8000000e+01   1.0000000e+01   1.6285936e-15   2.6887500e-01   2.6887500e-01
   3.9000000e+01   1.0000000e+01   1.0396592e-15   1.4487500e-01   1.4487500e-01
   4.0000000e+01   1.0000000e+01   6.7093437e-16   6.7515625e-02   6.7515625e-02
   4.1000000e+01   1.0000000e+01   7.0656676e-16   6.9562500e-02   6.9562500e-02
   4.2000000e+01   1.0000000e+01   1.0363326e-15   1.4984375e-01   1.4984375e-01
   4.3000000e+01   1.0000000e+01   1.5371998e-15   2.5803125e-01   2.5803125e-01
   4.4000000e+01   1.0000000e+01   1.9825505e-15   3.3523437e-01   3.3523437e-01
   4.5000000e+01   1.0000000e+01   1.9891488e-15   3.6062500e-01   3.6062500e-01
   4.6000000e+01   1.0000000e+01   2.1098106e-15   3.7064063e-01   3.7064063e-01
   4.7000000e+01   1.0000000e+01   2.3988156e-15   4.1300000e-01   4.1300000e-01
   1.0000000e+00   1.1000000e+01   2.1284808e-15   3.6392187e-01   3.6392187e-01
   2.0000000e+00   1.1000000e+01   2.1941063e-15   3.7092187e-01   3.7092187e-01
   3.0000000e+00   1.1000000e+01   2.1681921e-15   3.6840625e-01   3.6840625e-01
   4.0000000e+00   1.1000000e+01   2.1639240e-15   3.6490625e-01   3.6490625e-01
   5.0000000e+00   1.1000000e+01   1.9711453e-15   3.3851562e-01   3.3851562e-01
   6.0000000e+00   1.1000000e+01   1.4427513e-15   2.2193750e-01   2.2193750e-01
   7.0000000e+00   1.1000000e+01   8.3986023e-16   1.0015625e-01   1.0015625e-01
   8.0000000e+00   1.1000000e+01   8.5633064e-16   8.8734375e-02   8.8734375e-02
   9.0000000e+00   1.1000000e+01   1.2211267e-15   1.7609375e-01   1.7609375e-01
   1.0000000e+01   1.1000000e+01   1.8070996e-15   2.8396875e-01   2.8396875e-01
   1.1000000e+01   1.1000000e+01   2.1300557e-15   3.5215625e-01   3.5215625e-01
   1.2000000e+01   1.1000000e+01   2.2169401e-15   3.7140625e-01   3.7140625e-01
   1.3000000e+01   1.1000000e+01   2.1956867e-15   3.7403125e-01   3.7403125e-01
   1.4000000e+01   1.1000000e+01   2.2200918e-15   3.7700000e-01   3.7700000e-01
   1.5000000e+01   1.1000000e+01   1.9877296e-15   3.6720312e-01   3.6720312e-01
   1.6000000e+01   1.1000000e+01   1.7012290e-15   3.0493750e-01   3.0493750e-01
   1.7000000e+01   1.1000000e+01   1.7268546e-15   3.1529687e-01   3.1529687e-01
   1.8000000e+01   1.1000000e+01   2.0157850e-15   3.6943750e-01   3.6943750e-01
   1.9000000e+01   1.1000000e+01   2.0650068e-15   3.7834375e-01   3.7834375e-01
   2.0000000e+01   1.1000000e+01   2.0518824e-15   3.8173437e-01   3.8173437e-01
   2.1000000e+01   1.1000000e+01   1.8985962e-15   3.5079687e-01   3.5079687e-01
   2.2000000e+01   1.1000000e+01   1.8140068e-15   2.9387500e-01   2.9387500e-01
   2.3000000e+01   1.1000000e+01   1.1796782e-15   1.7259375e-01   1.7259375e-01
   2.4000000e+01   1.1000000e+01   6.7860316e-16   8.2000000e-02   8.2000000e-02
   2.5000000e+01   1.1000000e+01   9.1936505e-16   1.1446875e-01   1.1446875e-01
   2.6000000e+01   1.1000000e+01   1.3692070e-15   2.2832812e-01   2.2832812e-01
   2.7000000e+01   1.1000000e+01   1.7986943e-15   3.1506250e-01   3.1506250e-01
   2.8000000e+01   1.1000000e+01   1.9494301e-15   3.4679688e-01   3.4679688e-01
   2.9000000e+01   1.1000000e+01   1.9851525e-15   3.4790625e-01   3.4790625e-01
   3.0000000e+01   1.1000000e+01   2.1043398e-15   3.6400000e-01   3.6400000e-01
   3.1000000e+01   1.1000000e+01   2.2975082e-15   3.9784375e-01   3.9784375e-01
   3.2000000e+01   1.1000000e+01   2.0817400e-15   3.5682813e-01   3.5682813e-01
   3.3000000e+01   1.1000000e+01   1.8207290e-15   3.2628125e-01   3.2628125e-01
   3.4000000e+01   1.1000000e+01   2.1334042e-15   3.9471875e-01   3.9471875e-01
   3.5000000e+01   1.1000000e+01   2.4907679e-15   4.6003125e-01   4.6003125e-01
   3.6000000e+01   1.1000000e+01   2.2150366e-15   3.9768750e-01   3.9768750e-01
   3.7000000e+01   1.1000000e+01   2.0283043e-15   3.6914063e-01   3.6914063e-01
   3.8000000e+01   1.1000000e+01   1.8543343e-15   3.3385937e-01   3.3385937e-01
   3.9000000e+01   1.1000000e+01   1.4394777e-15   2.4500000e-01   2.4500000e-01
   4.0000000e+01   1.1000000e+01   9.0813710e-16   1.1978125e-01   1.1978125e-01
   4.1000000e+01   1.1000000e+01   7.5260439e-16   9.0828125e-02   9.0828125e-02
   4.2000000e+01   1.1000000e+01   1.2485807e-15   1.9390625e-01   1.9390625e-01
   4.3000000e+01   1.1000000e+01   1.7175260e-15   2.9104687e-01   2.9104687e-01
   4.4000000e+01   1.1000000e+01   2.0149390e-15   3.3554687e-01   3.3554687e-01
   4.5000000e+01   1.1000000e+01   2.0113921e-15   3.4851563e-01   3.4851563e-01
   4.6000000e+01   1.1000000e+01   2.1372585e-15   3.8481250e-01   3.8481250e-01
   4.7000000e+01   1.1000000e+01   2.5599559e-15   4.5985937e-01   4.5985937e-01
   1.0000000e+00   1.2000000e+01   2.2389750e-15   4.0521875e-01   4.0521875e-01
   2.0000000e+00   1.2000000e+01   2.3287128e-15   4.0973437e-01   4.0973437e-01
   3.0000000e+00   1.2000000e+01   2.1758853e-15   3.8200000e-01   3.8200000e-01
   4.0000000e+00   1.2000000e+01   2.1167298e-15   3.6857812e-01   3.6857812e-01
   5.0000000e+00   1.2000000e+01   2.0902112e-15   3.5478125e-01   3.5478125e-01
   6.0000000e+00   1.2000000e+01   1.7438743e-15   2.9070312e-01   2.9070312e-01
   7.0000000e+00   1.2000000e+01   1.1467126e-15   1.5356250e-01   1.5356250e-01
   8.0000000e+00   1.2000000e+01   7.8727256e-16   1.0293750e-01   1.0293750e-01
   9.0000000e+00   1.2000000e+01   1.2600799e-15   1.9040625e-01   1.9040625e-01
   1.0000000e+01   1.2000000e+01   1.7085714e-15   2.8414062e-01   2.8414062e-01
   1.1000000e+01   1.2000000e+01   1.9626288e-15   3.3325000e-01   3.3325000e-01
   1.2000000e+01   1.2000000e+01   2.0612588e-15   3.4628125e-01   3.4628125e-01
   1.3000000e+01   1.2000000e+01   1.9413519e-15   3.7134375e-01   3.7134375e-01
   1.4000000e+01   1.2000000e+01   1.9735724e-15   3.8473437e-01   3.8473437e-01
   1.5000000e+01   1.2000000e+01   1.9379390e-15   3.8525000e-01   3.8525000e-01
   1.6000000e+01   1.2000000e+01   1.8992027e-15   3.1601562e-01   3.1601562e-01
   1.7000000e+01   1.2000000e+01   1.7804068e-15   3.0442187e-01   3.0442187e-01
   1.8000000e+01   1.2000000e+01   2.1649347e-15   3.6828125e-01   3.6828125e-01
   1.9000000e+01   1.2000000e+01   2.2130927e-15   3.9996875e-01   3.9996875e-01
   2.0000000e+01   1.2000000e+01   2.1809566e-15   3.8235938e-01   3.8235938e-01
   2.1000000e+01   1.2000000e+01   2.0895174e-15   3.6548437e-01   3.6548437e-01
   2.2000000e+01   1.2000000e+01   1.8624436e-15   3.2285937e-01   3.2285937e-01
   2.3000000e+01   1.2000000e+01   1.4103057e-15   2.2454687e-01   2.2454687e-01
   2.4000000e+01   1.2000000e+01   8.4595122e-16   1.2150000e-01   1.2150000e-01
   2.5000000e+01   1.2000000e+01   1.0219395e-15   1.5168750e-01   1.5168750e-01
   2.6000000e+01   1.2000000e+01   1.4020961e-15   2.4050000e-01   2.4050000e-01
   2.7000000e+01   1.2000000e+01   1.6645525e-15   2.9678125e-01   2.9678125e-01
   2.8000000e+01   1.2000000e+01   1.7403981e-15   3.1481250e-01   3.1481250e-01
   2.9000000e+01   1.2000000e+01   1.9597359e-15   3.3439063e-01   3.3439063e-01
   3.0000000e+01   1.2000000e+01   2.0738251e-15   3.7664062e-01   3.7664062e-01
   3.1000000e+01   1.2000000e+01   2.3592302e-15   4.4142187e-01   4.4142187e-01
   3.2000000e+01   1.2000000e+01   2.1205608e-15   3.9953125e-01   3.9953125e-01
   3.3000000e+01   1.2000000e+01   1.8159132e-15   3.3507813e-01   3.3507813e-01
   3.4000000e+01   1.2000000e+01   2.3475993e-15   4.2131250e-01   4.2131250e-01
   3.5000000e+01   1.2000000e+01   2.8284023e-15   5.1650000e-01   5.1650000e-01
   3.6000000e+01   1.2000000e+01   2.6093323e-15   4.6304687e-01   4.6304687e-01
   3.7000000e+01   1.2000000e+01   2.2979855e-15   3.9218750e-01   3.9218750e-01
   3.8000000e+01   1.2000000e+01   2.0003772e-15   3.4829687e-01   3.4829687e-01
   3.9000000e+01   1.2000000e+01   1.7420949e-15   2.8626562e-01   2.8626562e-01
   4.0000000e+01   1.2000000e+01   1.0479217e-15   1.4501562e-01   1.4501562e-01
   4.1000000e+01   1.2000000e+01   8.5306378e-16   9.5250000e-02   9.5250000e-02
   4.2000000e+01   1.2000000e+01   1.3807368e-15   1.9932812e-01   1.9932812e-01
   4.3000000e+01   1.2000000e+01   1.7015374e-15   2.7128125e-01   2.7128125e-01
   4.4000000e+01   1.2000000e+01   1.9336027e-15   3.0787500e-01   3.0787500e-01
   4.5000000e+01   1.2000000e+01   2.0653143e-15   3.3843750e-01   3.3843750e-01
   4.6000000e+01   1.2000000e+01   2.1227672e-15   3.5826562e-01   3.5826562e-01
   4.7000000e+01   1.2000000e+01   2.5293901e-15   4.4114062e-01   4.4114062e-01
   1.0000000e+00   1.3000000e+01   2.5166511e-15   4.3504688e-01   4.3504688e-01
   2.0000000e+00   1.3000000e+01   2.6131924e-15   4.6771875e-01   4.6771875e-01
   3.0000000e+00   1.3000000e+01   2.3816861e-15   4.2006250e-01   4.2006250e-01
   4.0000000e+00   1.3000000e+01   2.1444246e-15   3.7281250e-01   3.7281250e-01
   5.0000000e+00   1.3000000e+01   1.9980482e-15   3.4154687e-01   3.4154687e-01
   6.0000000e+00   1.3000000e+01   1.7427303e-15   2.7990625e-01   2.7990625e-01
   7.0000000e+00   1.3000000e+01   1.1545985e-15   1.5915625e-01   1.5915625e-01
   8.0000000e+00   1.3000000e+01   8.8158831e-16   1.0067187e-01   1.0067187e-01
   9.0000000e+00   1.3000000e+01   1.2465085e-15   1.8457812e-01   1.8457812e-01
   1.0000000e+01   1.3000000e+01   1.7117634e-15   2.7162500e-01   2.7162500e-01
   1.1000000e+01   1.3000000e+01   1.8871108e-15   3.0306250e-01   3.0306250e-01
   1.2000000e+01   1.3000000e+01   2.0184208e-15   3.2879687e-01   3.2879687e-01
   1.3000000e+01   1.3000000e+01   2.0419192e-15   3.3976562e-01   3.3976562e-01
   1.4000000e+01   1.3000000e+01   2.1988381e-15   3.6535937e-01   3.6535937e-01
   1.5000000e+01   1.3000000e+01   2.0811606e-15   3.6735937e-01   3.6735937e-01
   1.6000000e+01   1.3000000e+01   1.8501966e-15   3.1392187e-01   3.1392187e-01
   1.7000000e+01   1.3000000e+01   1.9333811e-15   3.0846875e-01   3.0846875e-01
   1.8000000e+01   1.3000000e+01   2.3157406e-15   3.8042187e-01   3.8042187e-01
   1.9000000e+01   1.3000000e+01   2.4469824e-15   4.0982812e-01   4.0982812e-01
   2.0000000e+01   1.3000000e+01   2.2726114e-15   3.8335938e-01   3.8335938e-01
   2.1000000e+01   1.3000000e+01   2.1960791e-15   3.6798437e-01   3.6798437e-01
   2.2000000e+01   1.3000000e+01   2.0015343e-15   3.3120312e-01   3.3120312e-01
   2.3000000e+01   1.3000000e+01   1.5852471e-15   2.3517187e-01   2.3517187e-01
   2.4000000e+01   1.3000000e+01   9.5051922e-16   1.0470312e-01   1.0470312e-01
   2.5000000e+01   1.3000000e+01   1.0054570e-15   1.2395312e-01   1.2395312e-01
   2.6000000e+01   1.3000000e+01   1.5022914e-15   2.1990625e-01   2.1990625e-01
   2.7000000e+01   1.3000000e+01   1.7380132e-15   2.7514062e-01   2.7514062e-01
   2.8000000e+01   1.3000000e+01   1.9214791e-15   3.0695312e-01   3.0695312e-01
   2.9000000e+01   1.3000000e+01   2.0226611e-15   3.2639062e-01   3.2639062e-01
   3.0000000e+01   1.3000000e+01   2.1535730e-15   3.5067187e-01   3.5067187e-01
   3.1000000e+01   1.3000000e+01   2.3461733e-15   4.0207812e-01   4.0207812e-01
   3.2000000e+01   1.3000000e+01   2.4296720e-15   4.1656250e-01   4.1656250e-01
   3.3000000e+01   1.3000000e+01   2.1826972e-15   3.6457812e-01   3.6457812e-01
   3.4000000e+01   1.3000000e+01   2.4678494e-15   4.3060937e-01   4.3060937e-01
   3.5000000e+01   1.3000000e+01   2.8258223e-15   5.1109375e-01   5.1109375e-01
   3.6000000e+01   1.3000000e+01   2.5502917e-15   4.5296875e-01   4.5296875e-01
   3.7000000e+01   1.3000000e+01   2.3246339e-15   3.9442187e-01   3.9442187e-01
   3.8000000e+01   1.3000000e+01   2.0454679e-15   3.3909375e-01   3.3909375e-01
   3.9000000e+01   1.3000000e+01   1.6480770e-15   2.6142187e-01   2.6142187e-01
   4.0000000e+01   1.3000000e+01   1.0273011e-15   1.3364062e-01   1.3364062e-01
   4.1000000e+01   1.3000000e+01   8.8662529e-16   9.3187500e-02   9.3187500e-02
   4.2000000e+01   1.3000000e+01   1.3333069e-15   1.8467187e-01   1.8467187e-01
   4.3000000e+01   1.3000000e+01   1.6442232e-15   2.7025000e-01   2.7025000e-01
   4.4000000e+01   1.3000000e+01   1.9185704e-15   3.1489062e-01   3.1489062e-01
   4.5000000e+01   1.3000000e+01   1.9762818e-15   3.1992187e-01   3.1992187e-01
   4.6000000e+01   1.3000000e+01   2.1358757e-15   3.5945312e-01   3.5945312e-01
   4.7000000e+01   1.3000000e+01   2.3849962e-15   4.0009375e-01   4.0009375e-01
   1.0000000e+00   1.4000000e+01   2.3309141e-15   4.0146875e-01   4.0146875e-01
   2.0000000e+00   1.4000000e+01   2.5614983e-15   4.5432812e-01   4.5432812e-01
   3.0000000e+00   1.4000000e+01   2.4937147e-15   4.4003125e-01   4.4003125e-01
   4.0000000e+00   1.4000000e+01   2.2963319e-15   3.9529687e-01   3.9529687e-01
   5.0000000e+00   1.4000000e+01   2.0097901e-15   3.2437500e-01   3.2437500e-01
   6.0000000e+00   1.4000000e+01   1.5459255e-15   2.3543750e-01   2.3543750e-01
   7.0000000e+00   1.4000000e+01   9.8275210e-16   1.2993750e-01   1.2993750e-01
   8.0000000e+00   1.4000000e+01   8.1347158e-16   8.5843750e-02   8.5843750e-02
   9.0000000e+00   1.4000000e+01   1.0643810e-15   1.2964062e-01   1.2964062e-01
   1.0000000e+01   1.4000000e+01   1.5986277e-15   2.5209375e-01   2.5209375e-01
   1.1000000e+01   1.4000000e+01   1.9934550e-15   3.1871875e-01   3.1871875e-01
   1.2000000e+01   1.4000000e+01   2.0319624e-15   3.3976562e-01   3.3976562e-01
   1.3000000e+01   1.4000000e+01   2.0638385e-15   3.4417187e-01   3.4417187e-01
   1.4000000e+01   1.4000000e+01   2.1494527e-15   3.5471875e-01   3.5471875e-01
   1.5000000e+01   1.4000000e+01   2.1989222e-15   3.7110937e-01   3.7110937e-01
   1.6000000e+01   1.4000000e+01   1.9445096e-15   3.3925000e-01   3.3925000e-01
   1.7000000e+01   1.4000000e+01   2.0207122e-15   3.3739063e-01   3.3739063e-01
   1.8000000e+01   1.4000000e+01   2.3150935e-15   3.9348438e-01   3.9348438e-01
   1.9000000e+01   1.4000000e+01   2.5317412e-15   4.3067187e-01   4.3067187e-01
   2.0000000e+01   1.4000000e+01   2.5266747e-15   4.2918750e-01   4.2918750e-01
   2.1000000e+01   1.4000000e+01   2.4409181e-15   4.2368750e-01   4.2368750e-01
   2.2000000e+01   1.4000000e+01   2.0107675e-15   3.2829687e-01   3.2829687e-01
   2.3000000e+01   1.4000000e+01   1.3463183e-15   1.8900000e-01   1.8900000e-01
   2.4000000e+01   1.4000000e+01   8.5689142e-16   8.7078125e-02   8.7078125e-02
   2.5000000e+01   1.4000000e+01   8.6217254e-16   8.8750000e-02   8.8750000e-02
   2.6000000e+01   1.4000000e+01   1.2546243e-15   1.7226562e-01   1.7226562e-01
   2.7000000e+01   1.4000000e+01   1.6750586e-15   2.7043750e-01   2.7043750e-01
   2.8000000e+01   1.4000000e+01   2.0181948e-15   3.3787500e-01   3.3787500e-01
   2.9000000e+01   1.4000000e+01   2.1176374e-15   3.5056250e-01   3.5056250e-01
   3.0000000e+01   1.4000000e+01   2.1443768e-15   3.5610937e-01   3.5610937e-01
   3.1000000e+01   1.4000000e+01   2.2145096e-15   3.6982812e-01   3.6982812e-01
   3.2000000e+01   1.4000000e+01   2.2421942e-15   3.8840625e-01   3.8840625e-01
   3.3000000e+01   1.4000000e+01   2.1921215e-15   3.6665625e-01   3.6665625e-01
   3.4000000e+01   1.4000000e+01   2.3342589e-15   4.0535937e-01   4.0535937e-01
   3.5000000e+01   1.4000000e+01   2.5240892e-15   4.3948437e-01   4.3948437e-01
   3.6000000e+01   1.4000000e+01   2.4064812e-15   4.0729688e-01   4.0729688e-01
   3.7000000e+01   1.4000000e+01   2.1716751e-15   3.5800000e-01   3.5800000e-01
   3.8000000e+01   1.4000000e+01   1.8729157e-15   3.0018750e-01   3.0018750e-01
   3.9000000e+01   1.4000000e+01   1.3855778e-15   1.9489062e-01   1.9489062e-01
   4.0000000e+01   1.4000000e+01   9.9774783e-16   1.0806250e-01   1.0806250e-01
   4.1000000e+01   1.4000000e+01   7.6090190e-16   7.1109375e-02   7.1109375e-02
   4.2000000e+01   1.4000000e+01   9.8648320e-16   1.1209375e-01   1.1209375e-01
   4.3000000e+01   1.4000000e+01   1.5875903e-15   2.3862500e-01   2.3862500e-01
   4.4000000e+01   1.4000000e+01   1.9608738e-15   3.0984375e-01   3.0984375e-01
   4.5000000e+01   1.4000000e+01   2.0746399e-15   3.4660938e-01   3.4660938e-01
   4.6000000e+01   1.4000000e+01   2.1709235e-15   3.5434375e-01   3.5434375e-01
   4.7000000e+01   1.4000000e+01   2.1843269e-15   3.6942187e-01   3.6942187e-01
   1.0000000e+00   1.5000000e+01   2.0680594e-15   3.3551562e-01   3.3551562e-01
   2.0000000e+00   1.5000000e+01   2.1927608e-15   3.6428125e-01   3.6428125e-01
   3.0000000e+00   1.5000000e+01   2.1888613e-15   3.6589062e-01   3.6589062e-01
   4.0000000e+00   1.5000000e+01   2.0084232e-15   3.2165625e-01   3.2165625e-01
   5.0000000e+00   1.5000000e+01   1.6426890e-15   2.4415625e-01   2.4415625e-01
   6.0000000e+00   1.5000000e+01   1.0992093e-15   1.4087500e-01   1.4087500e-01
   7.0000000e+00   1.5000000e+01   8.2449681e-16   8.3515625e-02   8.3515625e-02
   8.0000000e+00   1.5000000e+01   7.9768136e-16   6.8859375e-02   6.8859375e-02
   9.0000000e+00   1.5000000e+01   8.7901298e-16   7.9578125e-02   7.9578125e-02
   1.0000000e+01   1.5000000e+01   1.1559670e-15   1.5478125e-01   1.5478125e-01
   1.1000000e+01   1.5000000e+01   1.6232037e-15   2.4250000e-01   2.4250000e-01
   1.2000000e+01   1.5000000e+01   1.8869553e-15   3.0407812e-01   3.0407812e-01
   1.3000000e+01   1.5000000e+01   1.9437953e-15   3.1537500e-01   3.1537500e-01
   1.4000000e+01   1.5000000e+01   1.9117275e-15   3.0156250e-01   3.0156250e-01
   1.5000000e+01   1.5000000e+01   1.9178154e-15   3.0154687e-01   3.0154687e-01
   1.6000000e+01   1.5000000e+01   1.9658269e-15   3.1384375e-01   3.1384375e-01
   1.7000000e+01   1.5000000e+01   1.9734925e-15   3.1304687e-01   3.1304687e-01
   1.8000000e+01   1.5000000e+01   2.0348712e-15   3.3364062e-01   3.3364062e-01
   1.9000000e+01   1.5000000e+01   2.2287109e-15   3.7059375e-01   3.7059375e-01
   2.0000000e+01   1.5000000e+01   2.2665581e-15   3.8976563e-01   3.8976563e-01
   2.1000000e+01   1.5000000e+01   2.0571279e-15   3.4275000e-01   3.4275000e-01
   2.2000000e+01   1.5000000e+01   1.4852412e-15   2.2940625e-01   2.2940625e-01
   2.3000000e+01   1.5000000e+01   9.6111219e-16   1.1037500e-01   1.1037500e-01
   2.4000000e+01   1.5000000e+01   8.0436165e-16   7.0625000e-02   7.0625000e-02
   2.5000000e+01   1.5000000e+01   7.1835388e-16   5.3171875e-02   5.3171875e-02
   2.6000000e+01   1.5000000e+01   9.7623834e-16   9.4265625e-02   9.4265625e-02
   2.7000000e+01   1.5000000e+01   1.3311989e-15   1.7368750e-01   1.7368750e-01
   2.8000000e+01   1.5000000e+01   1.7602352e-15   2.7073437e-01   2.7073437e-01
   2.9000000e+01   1.5000000e+01   1.8509052e-15   2.9550000e-01   2.9550000e-01
   3.0000000e+01   1.5000000e+01   1.8912522e-15   2.9181250e-01   2.9181250e-01
   3.1000000e+01   1.5000000e+01   1.8627353e-15   2.9417187e-01   2.9417187e-01
   3.2000000e+01   1.5000000e+01   1.8092704e-15   2.8434375e-01   2.8434375e-01
   3.3000000e+01   1.5000000e+01   1.5812218e-15   2.8176562e-01   2.8176562e-01
   3.4000000e+01   1.5000000e+01   1.8098069e-15   2.9935937e-01   2.9935937e-01
   3.5000000e+01   1.5000000e+01   1.7922637e-15   3.1346875e-01   3.1346875e-01
   3.6000000e+01   1.5000000e+01   1.8081314e-15   3.0521875e-01   3.0521875e-01
   3.7000000e+01   1.5000000e+01   1.6483085e-15   2.8164062e-01   2.8164062e-01
   3.8000000e+01   1.5000000e+01   1.3083955e-15   2.0389062e-01   2.0389062e-01
   3.9000000e+01   1.5000000e+01   9.5795247e-16   1.2848437e-01   1.2848437e-01
   4.0000000e+01   1.5000000e+01   7.6739986e-16   7.5343750e-02   7.5343750e-02
   4.1000000e+01   1.5000000e+01   6.7788222e-16   7.0500000e-02   7.0500000e-02
   4.2000000e+01   1.5000000e+01   6.6431845e-16   6.1593750e-02   6.1593750e-02
   4.3000000e+01   1.5000000e+01   8.8030928e-16   1.1043750e-01   1.1043750e-01
   4.4000000e+01   1.5000000e+01   1.2704524e-15   2.0303125e-01   2.0303125e-01
   4.5000000e+01   1.5000000e+01   1.5476498e-15   2.5131250e-01   2.5131250e-01
   4.6000000e+01   1.5000000e+01   1.6496431e-15   2.5998437e-01   2.5998437e-01
   4.7000000e+01   1.5000000e+01   1.6211967e-15   2.4964062e-01   2.4964062e-01
   1.0000000e+00   1.6000000e+01   1.3577769e-15   1.9642187e-01   1.9642187e-01
   2.0000000e+00   1.6000000e+01   1.4360327e-15   2.0989062e-01   2.0989062e-01
   3.0000000e+00   1.6000000e+01   1.5154107e-15   2.2754687e-01   2.2754687e-01
   4.0000000e+00   1.6000000e+01   1.5485766e-15   2.1890625e-01   2.1890625e-01
   5.0000000e+00   1.6000000e+01   1.1992166e-15   1.5651562e-01   1.5651562e-01
   6.0000000e+00   1.6000000e+01   8.7927984e-16   9.6328125e-02   9.6328125e-02
   7.0000000e+00   1.6000000e+01   7.9615495e-16   6.7421875e-02   6.7421875e-02
   8.0000000e+00   1.6000000e+01   8.8407434e-16   9.0656250e-02   9.0656250e-02
   9.0000000e+00   1.6000000e+01   7.2339680e-16   6.6843750e-02   6.6843750e-02
   1.0000000e+01   1.6000000e+01   7.9584590e-16   8.0656250e-02   8.0656250e-02
   1.1000000e+01   1.6000000e+01   1.1270276e-15   1.3967187e-01   1.3967187e-01
   1.2000000e+01   1.6000000e+01   1.3580670e-15   1.8462500e-01   1.8462500e-01
   1.3000000e+01   1.6000000e+01   1.3754499e-15   2.0435937e-01   2.0435937e-01
   1.4000000e+01   1.6000000e+01   1.4126323e-15   2.0079687e-01   2.0079687e-01
   1.5000000e+01   1.6000000e+01   1.4135833e-15   2.0364062e-01   2.0364062e-01
   1.6000000e+01   1.6000000e+01   1.4090865e-15   1.9000000e-01   1.9000000e-01
   1.7000000e+01   1.6000000e+01   1.4165103e-15   1.8885937e-01   1.8885937e-01
   1.8000000e+01   1.6000000e+01   1.4640678e-15   2.0667187e-01   2.0667187e-01
   1.9000000e+01   1.6000000e+01   1.5556954e-15   2.3089062e-01   2.3089062e-01
   2.0000000e+01   1.6000000e+01   1.5148810e-15   2.2459375e-01   2.2459375e-01
   2.1000000e+01   1.6000000e+01   1.2903778e-15   1.8312500e-01   1.8312500e-01
   2.2000000e+01   1.6000000e+01   1.0461883e-15   1.1978125e-01   1.1978125e-01
   2.3000000e+01   1.6000000e+01   7.7788524e-16   6.9640625e-02   6.9640625e-02
   2.4000000e+01   1.6000000e+01   8.2592632e-16   6.7390625e-02   6.7390625e-02
   2.5000000e+01   1.6000000e+01   8.6935337e-16   8.2468750e-02   8.2468750e-02
   2.6000000e+01   1.6000000e+01   8.0186956e-16   6.2218750e-02   6.2218750e-02
   2.7000000e+01   1.6000000e+01   7.9598071e-16   9.4671875e-02   9.4671875e-02
   2.8000000e+01   1.6000000e+01   1.1389236e-15   1.5003125e-01   1.5003125e-01
   2.9000000e+01   1.6000000e+01   1.2741443e-15   1.8289062e-01   1.8289062e-01
   3.0000000e+01   1.6000000e+01   1.1062960e-15   1.6951562e-01   1.6951562e-01
   3.1000000e+01   1.6000000e+01   1.2514901e-15   1.7339062e-01   1.7339062e-01
   3.2000000e+01   1.6000000e+01   1.2298504e-15   1.6464062e-01   1.6464062e-01
   3.3000000e+01   1.6000000e+01   1.2357022e-15   1.6178125e-01   1.6178125e-01
   3.4000000e+01   1.6000000e+01   1.2281436e-15   1.6343750e-01   1.6343750e-01
   3.5000000e+01   1.6000000e+01   1.3139121e-15   1.7498437e-01   1.7498437e-01
   3.6000000e+01   1.6000000e+01   1.2942002e-15   1.8318750e-01   1.8318750e-01
   3.7000000e+01   1.6000000e+01   1.2731897e-15   1.7587500e-01   1.7587500e-01
   3.8000000e+01   1.6000000e+01   9.9169213e-16   1.1178125e-01   1.1178125e-01
   3.9000000e+01   1.6000000e+01   7.9485429e-16   6.2687500e-02   6.2687500e-02
   4.0000000e+01   1.6000000e+01   8.2451072e-16   7.2656250e-02   7.2656250e-02
   4.1000000e+01   1.6000000e+01   1.0248012e-15   1.0553125e-01   1.0553125e-01
   4.2000000e+01   1.6000000e+01   8.3612492e-16   8.1765625e-02   8.1765625e-02
   4.3000000e+01   1.6000000e+01   7.8472006e-16   7.4203125e-02   7.4203125e-02
   4.4000000e+01   1.6000000e+01   9.3277682e-16   9.2250000e-02   9.2250000e-02
   4.5000000e+01   1.6000000e+01   1.1422973e-15   1.3668750e-01   1.3668750e-01
   4.6000000e+01   1.6000000e+01   1.0026784e-15   1.3062500e-01   1.3062500e-01
   4.7000000e+01   1.6000000e+01   1.0741360e-15   1.4734375e-01   1.4734375e-01
   1.0000000e+00   1.7000000e+01   1.0832357e-15   1.3684375e-01   1.3684375e-01
   2.0000000e+00   1.7000000e+01   1.1422901e-15   1.7104687e-01   1.7104687e-01
   3.0000000e+00   1.7000000e+01   1.0116767e-15   1.4259375e-01   1.4259375e-01
   4.0000000e+00   1.7000000e+01   9.8749975e-16   1.2801562e-01   1.2801562e-01
   5.0000000e+00   1.7000000e+01   7.9821186e-16   9.2640625e-02   9.2640625e-02
   6.0000000e+00   1.7000000e+01   7.1964965e-16   6.2828125e-02   6.2828125e-02
   7.0000000e+00   1.7000000e+01   7.5646863e-16   7.0906250e-02   7.0906250e-02
   8.0000000e+00   1.7000000e+01   1.0130988e-15   1.2270312e-01   1.2270312e-01
   9.0000000e+00   1.7000000e+01   8.8769824e-16   1.1009375e-01   1.1009375e-01
   1.0000000e+01   1.7000000e+01   8.0577420e-16   7.7718750e-02   7.7718750e-02
   1.1000000e+01   1.7000000e+01   8.8105728e-16   1.0103125e-01   1.0103125e-01
   1.2000000e+01   1.7000000e+01   1.0220074e-15   1.4396875e-01   1.4396875e-01
   1.3000000e+01   1.7000000e+01   1.0208474e-15   1.3245312e-01   1.3245312e-01
   1.4000000e+01   1.7000000e+01   9.9282587e-16   1.3303125e-01   1.3303125e-01
   1.5000000e+01   1.7000000e+01   1.0621819e-15   1.4153125e-01   1.4153125e-01
   1.6000000e+01   1.7000000e+01   1.0164901e-15   1.3803125e-01   1.3803125e-01
   1.7000000e+01   1.7000000e+01   9.3796486e-16   1.2782812e-01   1.2782812e-01
   1.8000000e+01   1.7000000e+01   1.1203534e-15   1.5739062e-01   1.5739062e-01
   1.9000000e+01   1.7000000e+01   1.0638971e-15   1.5598437e-01   1.5598437e-01
   2.0000000e+01   1.7000000e+01   1.1034387e-15   1.6015625e-01   1.6015625e-01
   2.1000000e+01   1.7000000e+01   9.2878295e-16   1.2181250e-01   1.2181250e-01
   2.2000000e+01   1.7000000e+01   6.7761996e-16   8.1734375e-02   8.1734375e-02
   2.3000000e+01   1.7000000e+01   7.3038954e-16   5.9953125e-02   5.9953125e-02
   2.4000000e+01   1.7000000e+01   6.5669196e-16   8.7406250e-02   8.7406250e-02
   2.5000000e+01   1.7000000e+01   8.4686294e-16   1.0528125e-01   1.0528125e-01
   2.6000000e+01   1.7000000e+01   7.0181599e-16   7.3375000e-02   7.3375000e-02
   2.7000000e+01   1.7000000e+01   8.3173263e-16   1.0598437e-01   1.0598437e-01
   2.8000000e+01   1.7000000e+01   9.0039857e-16   1.2782812e-01   1.2782812e-01
   2.9000000e+01   1.7000000e+01   1.0114832e-15   1.5276562e-01   1.5276562e-01
   3.0000000e+01   1.7000000e+01   9.5995672e-16   1.4584375e-01   1.4584375e-01
   3.1000000e+01   1.7000000e+01   9.7163481e-16   1.4192187e-01   1.4192187e-01
   3.2000000e+01   1.7000000e+01   9.1674598e-16   1.3448437e-01   1.3448437e-01
   3.3000000e+01   1.7000000e+01   8.3301292e-16   1.3589062e-01   1.3589062e-01
   3.4000000e+01   1.7000000e+01   9.5242745e-16   1.5834375e-01   1.5834375e-01
   3.5000000e+01   1.7000000e+01   1.0033225e-15   1.6500000e-01   1.6500000e-01
   3.6000000e+01   1.7000000e+01   1.0167961e-15   1.7096875e-01   1.7096875e-01
   3.7000000e+01   1.7000000e+01   9.0175660e-16   1.5539062e-01   1.5539062e-01
   3.8000000e+01   1.7000000e+01   8.5428552e-16   1.2465625e-01   1.2465625e-01
   3.9000000e+01   1.7000000e+01   7.8627183e-16   6.8453125e-02   6.8453125e-02
   4.0000000e+01   1.7000000e+01   7.2512434e-16   8.3265625e-02   8.3265625e-02
   4.1000000e+01   1.7000000e+01   8.8660587e-16   1.2270312e-01   1.2270312e-01
   4.2000000e+01   1.7000000e+01   9.4932775e-16   1.0882812e-01   1.0882812e-01
   4.3000000e+01   1.7000000e+01   8.0050412e-16   1.0762500e-01   1.0762500e-01
   4.4000000e+01   1.7000000e+01   1.1711701e-15   1.7043750e-01   1.7043750e-01
   4.5000000e+01   1.7000000e+01   1.3622255e-15   2.0584375e-01   2.0584375e-01
   4.6000000e+01   1.7000000e+01   1.3070939e-15   1.9781250e-01   1.9781250e-01
   4.7000000e+01   1.7000000e+01   1.3890924e-15   2.1590625e-01   2.1590625e-01
   1.0000000e+00   1.8000000e+01   1.5088733e-15   2.4929687e-01   2.4929687e-01
   2.0000000e+00   1.8000000e+01   1.5873298e-15   2.6431250e-01   2.6431250e-01
   3.0000000e+00   1.8000000e+01   1.6931928e-15   2.6210937e-01   2.6210937e-01
   4.0000000e+00   1.8000000e+01   1.5246206e-15   2.5410937e-01   2.5410937e-01
   5.0000000e+00   1.8000000e+01   1.2119859e-15   1.7792187e-01   1.7792187e-01
   6.0000000e+00   1.8000000e+01   8.0693004e-16   8.3359375e-02   8.3359375e-02
   7.0000000e+00   1.8000000e+01   6.7469388e-16   6.6265625e-02   6.6265625e-02
   8.0000000e+00   1.8000000e+01   8.0286983e-16   9.7500000e-02   9.7500000e-02
   9.0000000e+00   1.8000000e+01   8.8017775e-16   1.0579687e-01   1.0579687e-01
   1.0000000e+01   1.8000000e+01   9.2574819e-16   1.2870312e-01   1.2870312e-01
   1.1000000e+01   1.8000000e+01   1.3612563e-15   2.1531250e-01   2.1531250e-01
   1.2000000e+01   1.8000000e+01   1.5499488e-15   2.4990625e-01   2.4990625e-01
   1.3000000e+01   1.8000000e+01   1.5555167e-15   2.5431250e-01   2.5431250e-01
   1.4000000e+01   1.8000000e+01   1.4724357e-15   2.4159375e-01   2.4159375e-01
   1.5000000e+01   1.8000000e+01   1.5401834e-15   2.5168750e-01   2.5168750e-01
   1.6000000e+01   1.8000000e+01   1.4641759e-15   2.3317187e-01   2.3317187e-01
   1.7000000e+01   1.8000000e+01   1.3538899e-15   2.1703125e-01   2.1703125e-01
   1.8000000e+01   1.8000000e+01   1.6008150e-15   2.6373437e-01   2.6373437e-01
   1.9000000e+01   1.8000000e+01   1.7921626e-15   2.9890625e-01   2.9890625e-01
   2.0000000e+01   1.8000000e+01   1.8096848e-15   3.0434375e-01   3.0434375e-01
   2.1000000e+01   1.8000000e+01   1.6339484e-15   2.5914062e-01   2.5914062e-01
   2.2000000e+01   1.8000000e+01   1.0895128e-15   1.6150000e-01   1.6150000e-01
   2.3000000e+01   1.8000000e+01   6.7559133e-16   7.3171875e-02   7.3171875e-02
   2.4000000e+01   1.8000000e+01   6.9579984e-16   6.2359375e-02   6.2359375e-02
   2.5000000e+01   1.8000000e+01   7.4818380e-16   8.6953125e-02   8.6953125e-02
   2.6000000e+01   1.8000000e+01   8.9523917e-16   1.0732812e-01   1.0732812e-01
   2.7000000e+01   1.8000000e+01   1.2839863e-15   1.8364062e-01   1.8364062e-01
   2.8000000e+01   1.8000000e+01   1.4987052e-15   2.3653125e-01   2.3653125e-01
   2.9000000e+01   1.8000000e+01   1.7248539e-15   2.8210938e-01   2.8210938e-01
   3.0000000e+01   1.8000000e+01   1.7128068e-15   2.8343750e-01   2.8343750e-01
   3.1000000e+01   1.8000000e+01   1.6514750e-15   2.6714062e-01   2.6714062e-01
   3.2000000e+01   1.8000000e+01   1.4799941e-15   2.4267187e-01   2.4267187e-01
   3.3000000e+01   1.8000000e+01   1.5397955e-15   2.4073437e-01   2.4073437e-01
   3.4000000e+01   1.8000000e+01   1.5263745e-15   2.5254687e-01   2.5254687e-01
   3.5000000e+01   1.8000000e+01   1.7737625e-15   2.9187500e-01   2.9187500e-01
   3.6000000e+01   1.8000000e+01   1.7768498e-15   2.9126562e-01   2.9126562e-01
   3.7000000e+01   1.8000000e+01   1.9323891e-15   3.1090625e-01   3.1090625e-01
   3.8000000e+01   1.8000000e+01   1.4328821e-15   2.4153125e-01   2.4153125e-01
   3.9000000e+01   1.8000000e+01   9.4100967e-16   1.1700000e-01   1.1700000e-01
   4.0000000e+01   1.8000000e+01   7.0885879e-16   6.3281250e-02   6.3281250e-02
   4.1000000e+01   1.8000000e+01   7.4672675e-16   7.3234375e-02   7.3234375e-02
   4.2000000e+01   1.8000000e+01   8.3520516e-16   1.0607812e-01   1.0607812e-01
   4.3000000e+01   1.8000000e+01   1.1759663e-15   1.7782812e-01   1.7782812e-01
   4.4000000e+01   1.8000000e+01   1.7106112e-15   2.8368750e-01   2.8368750e-01
   4.5000000e+01   1.8000000e+01   1.8419873e-15   3.1570312e-01   3.1570312e-01
   4.6000000e+01   1.8000000e+01   1.8576242e-15   3.2854687e-01   3.2854687e-01
   4.7000000e+01   1.8000000e+01   2.0059680e-15   3.4454687e-01   3.4454687e-01
   1.0000000e+00   1.9000000e+01   1.8337692e-15   3.1093750e-01   3.1093750e-01
   2.0000000e+00   1.9000000e+01   1.9391495e-15   3.3779688e-01   3.3779688e-01
   3.0000000e+00   1.9000000e+01   2.1182233e-15   3.6709375e-01   3.6709375e-01
   4.0000000e+00   1.9000000e+01   2.0387413e-15   3.5131250e-01   3.5131250e-01
   5.0000000e+00   1.9000000e+01   1.7729378e-15   2.9256250e-01   2.9256250e-01
   6.0000000e+00   1.9000000e+01   1.1477504e-15   1.5948437e-01   1.5948437e-01
   7.0000000e+00   1.9000000e+01   7.8399552e-16   7.7875000e-02   7.7875000e-02
   8.0000000e+00   1.9000000e+01   6.8899766e-16   7.0531250e-02   7.0531250e-02
   9.0000000e+00   1.9000000e+01   8.3485001e-16   1.1776562e-01   1.1776562e-01
   1.0000000e+01   1.9000000e+01   1.3278212e-15   2.1829687e-01   2.1829687e-01
   1.1000000e+01   1.9000000e+01   1.7674994e-15   2.9851562e-01   2.9851562e-01
   1.2000000e+01   1.9000000e+01   2.0676145e-15   3.3281250e-01   3.3281250e-01
   1.3000000e+01   1.9000000e+01   1.9766619e-15   3.4975000e-01   3.4975000e-01
   1.4000000e+01   1.9000000e+01   1.9534832e-15   3.3565625e-01   3.3565625e-01
   1.5000000e+01   1.9000000e+01   1.9577769e-15   3.3770312e-01   3.3770312e-01
   1.6000000e+01   1.9000000e+01   1.7803033e-15   3.1089062e-01   3.1089062e-01
   1.7000000e+01   1.9000000e+01   1.7364589e-15   2.9857812e-01   2.9857812e-01
   1.8000000e+01   1.9000000e+01   1.8072232e-15   3.3157813e-01   3.3157813e-01
   1.9000000e+01   1.9000000e+01   2.0224122e-15   3.5482812e-01   3.5482812e-01
   2.0000000e+01   1.9000000e+01   2.1189942e-15   3.7059375e-01   3.7059375e-01
   2.1000000e+01   1.9000000e+01   2.1773608e-15   3.8362500e-01   3.8362500e-01
   2.2000000e+01   1.9000000e+01   1.8334226e-15   3.1598437e-01   3.1598437e-01
   2.3000000e+01   1.9000000e+01   1.0964507e-15   1.4623437e-01   1.4623437e-01
   2.4000000e+01   1.9000000e+01   6.8925440e-16   5.5734375e-02   5.5734375e-02
   2.5000000e+01   1.9000000e+01   7.1700094e-16   7.8953125e-02   7.8953125e-02
   2.6000000e+01   1.9000000e+01   1.1856447e-15   1.6225000e-01   1.6225000e-01
   2.7000000e+01   1.9000000e+01   1.5523670e-15   2.6951562e-01   2.6951562e-01
   2.8000000e+01   1.9000000e+01   1.9234168e-15   3.3396875e-01   3.3396875e-01
   2.9000000e+01   1.9000000e+01   2.0070514e-15   3.4940625e-01   3.4940625e-01
   3.0000000e+01   1.9000000e+01   2.0028085e-15   3.5689062e-01   3.5689062e-01
   3.1000000e+01   1.9000000e+01   2.0983343e-15   3.6920312e-01   3.6920312e-01
   3.2000000e+01   1.9000000e+01   1.8205874e-15   3.2515625e-01   3.2515625e-01
   3.3000000e+01   1.9000000e+01   1.6985454e-15   2.9342188e-01   2.9342188e-01
   3.4000000e+01   1.9000000e+01   1.8692338e-15   3.2545312e-01   3.2545312e-01
   3.5000000e+01   1.9000000e+01   2.1521321e-15   3.7703125e-01   3.7703125e-01
   3.6000000e+01   1.9000000e+01   2.0369586e-15   3.6375000e-01   3.6375000e-01
   3.7000000e+01   1.9000000e+01   2.0483808e-15   3.5765625e-01   3.5765625e-01
   3.8000000e+01   1.9000000e+01   2.0422701e-15   3.4389063e-01   3.4389063e-01
   3.9000000e+01   1.9000000e+01   1.4407692e-15   2.3389062e-01   2.3389062e-01
   4.0000000e+01   1.9000000e+01   8.4506464e-16   1.0323437e-01   1.0323437e-01
   4.1000000e+01   1.9000000e+01   6.6806007e-16   6.5281250e-02   6.5281250e-02
   4.2000000e+01   1.9000000e+01   1.0378855e-15   1.4062500e-01   1.4062500e-01
   4.3000000e+01   1.9000000e+01   1.5055476e-15   2.5743750e-01   2.5743750e-01
   4.4000000e+01   1.9000000e+01   1.8881316e-15   3.2493750e-01   3.2493750e-01
   4.5000000e+01   1.9000000e+01   2.1054164e-15   3.5848437e-01   3.5848437e-01
   4.6000000e+01   1.9000000e+01   2.0382380e-15   3.5153125e-01   3.5153125e-01
   4.7000000e+01   1.9000000e+01   2.0846878e-15   3.7962500e-01   3.7962500e-01
   1.0000000e+00   2.0000000e+01   1.9525895e-15   3.4437500e-01   3.4437500e-01
   2.0000000e+00   2.0000000e+01   2.0523692e-15   3.7040625e-01   3.7040625e-01
   3.0000000e+00   2.0000000e+01   2.1736132e-15   3.7190625e-01   3.7190625e-01
   4.0000000e+00   2.0000000e+01   2.0630222e-15   3.6579687e-01   3.6579687e-01
   5.0000000e+00   2.0000000e+01   2.0702753e-15   3.5229687e-01   3.5229687e-01
   6.0000000e+00   2.0000000e+01   1.5729653e-15   2.6729687e-01   2.6729687e-01
   7.0000000e+00   2.0000000e+01   1.0896733e-15   1.4556250e-01   1.4556250e-01
   8.0000000e+00   2.0000000e+01   7.8874716e-16   8.0218750e-02   8.0218750e-02
   9.0000000e+00   2.0000000e+01   1.0456311e-15   1.4139062e-01   1.4139062e-01
   1.0000000e+01   2.0000000e+01   1.5605274e-15   2.4553125e-01   2.4553125e-01
   1.1000000e+01   2.0000000e+01   1.9765981e-15   3.2803125e-01   3.2803125e-01
   1.2000000e+01   2.0000000e+01   2.0095447e-15   3.5529687e-01   3.5529687e-01
   1.3000000e+01   2.0000000e+01   1.9899196e-15   3.5145312e-01   3.5145312e-01
   1.4000000e+01   2.0000000e+01   2.2383254e-15   3.9223437e-01   3.9223437e-01
   1.5000000e+01   2.0000000e+01   2.1242256e-15   3.7400000e-01   3.7400000e-01
   1.6000000e+01   2.0000000e+01   1.8478601e-15   3.1642187e-01   3.1642187e-01
   1.7000000e+01   2.0000000e+01   1.6863876e-15   2.9684375e-01   2.9684375e-01
   1.8000000e+01   2.0000000e+01   1.9769517e-15   3.4026562e-01   3.4026562e-01
   1.9000000e+01   2.0000000e+01   2.1556368e-15   3.7703125e-01   3.7703125e-01
   2.0000000e+01   2.0000000e+01   2.2040804e-15   3.9284375e-01   3.9284375e-01
   2.1000000e+01   2.0000000e+01   2.1082969e-15   3.7464062e-01   3.7464062e-01
   2.2000000e+01   2.0000000e+01   2.0610480e-15   3.5457812e-01   3.5457812e-01
   2.3000000e+01   2.0000000e+01   1.6716790e-15   2.7696875e-01   2.7696875e-01
   2.4000000e+01   2.0000000e+01   7.8655941e-16   1.0462500e-01   1.0462500e-01
   2.5000000e+01   2.0000000e+01   7.0637016e-16   9.9796875e-02   9.9796875e-02
   2.6000000e+01   2.0000000e+01   1.3073785e-15   2.0995312e-01   2.0995312e-01
   2.7000000e+01   2.0000000e+01   1.6183516e-15   2.8321875e-01   2.8321875e-01
   2.8000000e+01   2.0000000e+01   1.5532436e-15   3.3678125e-01   3.3678125e-01
   2.9000000e+01   2.0000000e+01   2.1207091e-15   3.7145313e-01   3.7145313e-01
   3.0000000e+01   2.0000000e+01   2.0439789e-15   3.5521875e-01   3.5521875e-01
   3.1000000e+01   2.0000000e+01   1.7819259e-15   3.7964062e-01   3.7964062e-01
   3.2000000e+01   2.0000000e+01   1.9427291e-15   3.5701563e-01   3.5701563e-01
   3.3000000e+01   2.0000000e+01   1.7680283e-15   3.0187500e-01   3.0187500e-01
   3.4000000e+01   2.0000000e+01   1.8431119e-15   3.4278125e-01   3.4278125e-01
   3.5000000e+01   2.0000000e+01   2.0571944e-15   3.6584375e-01   3.6584375e-01
   3.6000000e+01   2.0000000e+01   2.1785375e-15   3.9075000e-01   3.9075000e-01
   3.7000000e+01   2.0000000e+01   2.1874039e-15   3.8915625e-01   3.8915625e-01
   3.8000000e+01   2.0000000e+01   1.9701939e-15   3.4900000e-01   3.4900000e-01
   3.9000000e+01   2.0000000e+01   1.8091968e-15   3.0485937e-01   3.0485937e-01
   4.0000000e+01   2.0000000e+01   1.1146200e-15   1.7281250e-01   1.7281250e-01
   4.1000000e+01   2.0000000e+01   8.4496457e-16   9.2390625e-02   9.2390625e-02
   4.2000000e+01   2.0000000e+01   1.1455533e-15   1.7568750e-01   1.7568750e-01
   4.3000000e+01   2.0000000e+01   1.6130905e-15   2.6392187e-01   2.6392187e-01
   4.4000000e+01   2.0000000e+01   1.8977721e-15   3.3585937e-01   3.3585937e-01
   4.5000000e+01   2.0000000e+01   1.9284788e-15   3.4562500e-01   3.4562500e-01
   4.6000000e+01   2.0000000e+01   2.0048355e-15   3.5160938e-01   3.5160938e-01
   4.7000000e+01   2.0000000e+01   2.0926954e-15   3.8339062e-01   3.8339062e-01
   1.0000000e+00   2.1000000e+01   2.0479091e-15   3.7029687e-01   3.7029687e-01
   2.0000000e+00   2.1000000e+01   2.2127435e-15   3.9368750e-01   3.9368750e-01
   3.0000000e+00   2.1000000e+01   2.2223999e-15   4.0409375e-01   4.0409375e-01
   4.0000000e+00   2.1000000e+01   2.2476136e-15   3.9290625e-01   3.9290625e-01
   5.0000000e+00   2.1000000e+01   1.9475487e-15   3.6157812e-01   3.6157812e-01
   6.0000000e+00   2.1000000e+01   1.7553704e-15   3.0468750e-01   3.0468750e-01
   7.0000000e+00   2.1000000e+01   1.2137110e-15   1.9860937e-01   1.9860937e-01
   8.0000000e+00   2.1000000e+01   8.1336632e-16   1.1115625e-01   1.1115625e-01
   9.0000000e+00   2.1000000e+01   1.0292680e-15   1.5353125e-01   1.5353125e-01
   1.0000000e+01   2.1000000e+01   1.5655436e-15   2.6431250e-01   2.6431250e-01
   1.1000000e+01   2.1000000e+01   1.7961332e-15   3.0592187e-01   3.0592187e-01
   1.2000000e+01   2.1000000e+01   1.9169056e-15   3.4684375e-01   3.4684375e-01
   1.3000000e+01   2.1000000e+01   1.9336421e-15   3.5021875e-01   3.5021875e-01
   1.4000000e+01   2.1000000e+01   2.1109547e-15   3.8131250e-01   3.8131250e-01
   1.5000000e+01   2.1000000e+01   2.0309023e-15   3.8909375e-01   3.8909375e-01
   1.6000000e+01   2.1000000e+01   1.8939773e-15   3.2945312e-01   3.2945312e-01
   1.7000000e+01   2.1000000e+01   1.7708163e-15   3.1532812e-01   3.1532812e-01
   1.8000000e+01   2.1000000e+01   1.9755984e-15   3.5692188e-01   3.5692188e-01
   1.9000000e+01   2.1000000e+01   2.1883708e-15   4.1346875e-01   4.1346875e-01
   2.0000000e+01   2.1000000e+01   2.0860582e-15   3.7770312e-01   3.7770312e-01
   2.1000000e+01   2.1000000e+01   2.0385915e-15   3.7193750e-01   3.7193750e-01
   2.2000000e+01   2.1000000e+01   2.0926485e-15   3.7779687e-01   3.7779687e-01
   2.3000000e+01   2.1000000e+01   1.6843920e-15   3.0021875e-01   3.0021875e-01
   2.4000000e+01   2.1000000e+01   1.0389192e-15   1.4754687e-01   1.4754687e-01
   2.5000000e+01   2.1000000e+01   8.1530560e-16   1.1570312e-01   1.1570312e-01
   2.6000000e+01   2.1000000e+01   1.3687801e-15   2.0290625e-01   2.0290625e-01
   2.7000000e+01   2.1000000e+01   1.7468213e-15   2.8489062e-01   2.8489062e-01
   2.8000000e+01   2.1000000e+01   1.9780491e-15   3.2385937e-01   3.2385937e-01
   2.9000000e+01   2.1000000e+01   2.0900928e-15   3.4123437e-01   3.4123437e-01
   3.0000000e+01   2.1000000e+01   2.1785110e-15   3.6715625e-01   3.6715625e-01
   3.1000000e+01   2.1000000e+01   2.2680616e-15   3.8812500e-01   3.8812500e-01
   3.2000000e+01   2.1000000e+01   2.1492961e-15   3.5903125e-01   3.5903125e-01
   3.3000000e+01   2.1000000e+01   1.8639048e-15   2.9615625e-01   2.9615625e-01
   3.4000000e+01   2.1000000e+01   2.0148575e-15   3.4185937e-01   3.4185937e-01
   3.5000000e+01   2.1000000e+01   2.3311829e-15   4.0623437e-01   4.0623437e-01
   3.6000000e+01   2.1000000e+01   2.3261497e-15   3.9490625e-01   3.9490625e-01
   3.7000000e+01   2.1000000e+01   2.2147878e-15   3.6981250e-01   3.6981250e-01
   3.8000000e+01   2.1000000e+01   2.1045017e-15   3.4831250e-01   3.4831250e-01
   3.9000000e+01   2.1000000e+01   1.9513894e-15   3.2362500e-01   3.2362500e-01
   4.0000000e+01   2.1000000e+01   1.3542770e-15   1.9839062e-01   1.9839062e-01
   4.1000000e+01   2.1000000e+01   9.0863070e-16   1.0476562e-01   1.0476562e-01
   4.2000000e+01   2.1000000e+01   1.1574383e-15   1.6670312e-01   1.6670312e-01
   4.3000000e+01   2.1000000e+01   1.5970648e-15   2.5723437e-01   2.5723437e-01
   4.4000000e+01   2.1000000e+01   1.8898740e-15   3.0717187e-01   3.0717187e-01
   4.5000000e+01   2.1000000e+01   1.9666276e-15   3.2693750e-01   3.2693750e-01
   4.6000000e+01   2.1000000e+01   2.1457182e-15   3.6450000e-01   3.6450000e-01
   4.7000000e+01   2.1000000e+01   2.0251215e-15   3.8225000e-01   3.8225000e-01
