   1.0000000e+00   1.0000000e+00   2.1285028e-15   2.8378125e-01   2.8378125e-01
   2.0000000e+00   1.0000000e+00   2.2235639e-15   3.0250000e-01   3.0250000e-01
   3.0000000e+00   1.0000000e+00   2.3478305e-15   3.1262500e-01   3.1262500e-01
   4.0000000e+00   1.0000000e+00   2.2843289e-15   3.1793750e-01   3.1793750e-01
   5.0000000e+00   1.0000000e+00   2.3641450e-15   3.0906250e-01   3.0906250e-01
   6.0000000e+00   1.0000000e+00   2.2657115e-15   3.0225000e-01   3.0225000e-01
   7.0000000e+00   1.0000000e+00   2.1405482e-15   2.9271875e-01   2.9271875e-01
   8.0000000e+00   1.0000000e+00   2.1613536e-15   2.8918750e-01   2.8918750e-01
   9.0000000e+00   1.0000000e+00   2.3378176e-15   2.9931250e-01   2.9931250e-01
   1.0000000e+01   1.0000000e+00   2.2564221e-15   3.0687500e-01   3.0687500e-01
   1.1000000e+01   1.0000000e+00   2.3503566e-15   3.1528125e-01   3.1528125e-01
   1.2000000e+01   1.0000000e+00   2.2607594e-15   3.1246875e-01   3.1246875e-01
   1.3000000e+01   1.0000000e+00   2.2563481e-15   2.9506250e-01   2.9506250e-01
   1.4000000e+01   1.0000000e+00   2.1950373e-15   2.8693750e-01   2.8693750e-01
   1.5000000e+01   1.0000000e+00   2.0553116e-15   2.7459375e-01   2.7459375e-01
   1.6000000e+01   1.0000000e+00   1.9707767e-15   2.7356250e-01   2.7356250e-01
   1.7000000e+01   1.0000000e+00   2.0283502e-15   2.8209375e-01   2.8209375e-01
   1.8000000e+01   1.0000000e+00   2.1399168e-15   2.9771875e-01   2.9771875e-01
   1.9000000e+01   1.0000000e+00   2.2589405e-15   3.0081250e-01   3.0081250e-01
   2.0000000e+01   1.0000000e+00   2.5136836e-15   3.1875000e-01   3.1875000e-01
   2.1000000e+01   1.0000000e+00   2.5230117e-15   3.2246875e-01   3.2246875e-01
   2.2000000e+01   1.0000000e+00   2.4277655e-15   3.1962500e-01   3.1962500e-01
   2.3000000e+01   1.0000000e+00   2.2965603e-15   3.0646875e-01   3.0646875e-01
   2.4000000e+01   1.0000000e+00   2.2314895e-15   2.9571875e-01   2.9571875e-01
   2.5000000e+01   1.0000000e+00   2.2301206e-15   2.9903125e-01   2.9903125e-01
   2.6000000e+01   1.0000000e+00   2.3625118e-15   3.0821875e-01   3.0821875e-01
   2.7000000e+01   1.0000000e+00   2.3991551e-15   3.1537500e-01   3.1537500e-01
   2.8000000e+01   1.0000000e+00   2.3586508e-15   3.2146875e-01   3.2146875e-01
   2.9000000e+01   1.0000000e+00   2.3551052e-15   3.1725000e-01   3.1725000e-01
   3.0000000e+01   1.0000000e+00   2.2347719e-15   3.0309375e-01   3.0309375e-01
   3.1000000e+01   1.0000000e+00   2.1247253e-15   2.9037500e-01   2.9037500e-01
   3.2000000e+01   1.0000000e+00   2.0621631e-15   2.8087500e-01   2.8087500e-01
   3.3000000e+01   1.0000000e+00   2.1004034e-15   2.8340625e-01   2.8340625e-01
   3.4000000e+01   1.0000000e+00   2.1971105e-15   2.9359375e-01   2.9359375e-01
   3.5000000e+01   1.0000000e+00   2.2738999e-15   3.1100000e-01   3.1100000e-01
   1.0000000e+00   2.0000000e+00   2.0118653e-15   2.8140625e-01   2.8140625e-01
   2.0000000e+00   2.0000000e+00   2.1305162e-15   2.9618750e-01   2.9618750e-01
   3.0000000e+00   2.0000000e+00   2.2023590e-15   3.0959375e-01   3.0959375e-01
   4.0000000e+00   2.0000000e+00   2.2406931e-15   3.1271875e-01   3.1271875e-01
   5.0000000e+00   2.0000000e+00   2.2875722e-15   3.1371875e-01   3.1371875e-01
   6.0000000e+00   2.0000000e+00   2.1486888e-15   2.9987500e-01   2.9987500e-01
   7.0000000e+00   2.0000000e+00   2.1170718e-15   2.9228125e-01   2.9228125e-01
   8.0000000e+00   2.0000000e+00   2.0278155e-15   2.8471875e-01   2.8471875e-01
   9.0000000e+00   2.0000000e+00   2.1438139e-15   2.9509375e-01   2.9509375e-01
   1.0000000e+01   2.0000000e+00   2.2070192e-15   3.0543750e-01   3.0543750e-01
   1.1000000e+01   2.0000000e+00   2.2859785e-15   3.1156250e-01   3.1156250e-01
   1.2000000e+01   2.0000000e+00   2.2801094e-15   3.0543750e-01   3.0543750e-01
   1.3000000e+01   2.0000000e+00   2.3181434e-15   2.9712500e-01   2.9712500e-01
   1.4000000e+01   2.0000000e+00   2.1594302e-15   2.8556250e-01   2.8556250e-01
   1.5000000e+01   2.0000000e+00   2.0159521e-15   2.7634375e-01   2.7634375e-01
   1.6000000e+01   2.0000000e+00   1.9146826e-15   2.6896875e-01   2.6896875e-01
   1.7000000e+01   2.0000000e+00   2.0713148e-15   2.7090625e-01   2.7090625e-01
   1.8000000e+01   2.0000000e+00   2.1169744e-15   2.8859375e-01   2.8859375e-01
   1.9000000e+01   2.0000000e+00   2.2460876e-15   3.0187500e-01   3.0187500e-01
   2.0000000e+01   2.0000000e+00   2.3290499e-15   3.1553125e-01   3.1553125e-01
   2.1000000e+01   2.0000000e+00   2.3938962e-15   3.2146875e-01   3.2146875e-01
   2.2000000e+01   2.0000000e+00   2.3365882e-15   3.0615625e-01   3.0615625e-01
   2.3000000e+01   2.0000000e+00   2.3298775e-15   3.0253125e-01   3.0253125e-01
   2.4000000e+01   2.0000000e+00   2.1297529e-15   2.9281250e-01   2.9281250e-01
   2.5000000e+01   2.0000000e+00   2.1850062e-15   2.9231250e-01   2.9231250e-01
   2.6000000e+01   2.0000000e+00   2.2529188e-15   3.0296875e-01   3.0296875e-01
   2.7000000e+01   2.0000000e+00   2.2621044e-15   3.1137500e-01   3.1137500e-01
   2.8000000e+01   2.0000000e+00   2.3794443e-15   3.2184375e-01   3.2184375e-01
   2.9000000e+01   2.0000000e+00   2.3052961e-15   3.0637500e-01   3.0637500e-01
   3.0000000e+01   2.0000000e+00   2.3727406e-15   3.0012500e-01   3.0012500e-01
   3.1000000e+01   2.0000000e+00   2.1781356e-15   2.8687500e-01   2.8687500e-01
   3.2000000e+01   2.0000000e+00   2.1086550e-15   2.7581250e-01   2.7581250e-01
   3.3000000e+01   2.0000000e+00   2.1082178e-15   2.7428125e-01   2.7428125e-01
   3.4000000e+01   2.0000000e+00   2.2187410e-15   2.8868750e-01   2.8868750e-01
   3.5000000e+01   2.0000000e+00   2.2344858e-15   3.0231250e-01   3.0231250e-01
   1.0000000e+00   3.0000000e+00   1.9715643e-15   2.7803125e-01   2.7803125e-01
   2.0000000e+00   3.0000000e+00   2.1680476e-15   2.9459375e-01   2.9459375e-01
   3.0000000e+00   3.0000000e+00   2.1852657e-15   3.0259375e-01   3.0259375e-01
   4.0000000e+00   3.0000000e+00   2.2034758e-15   3.0887500e-01   3.0887500e-01
   5.0000000e+00   3.0000000e+00   2.2022190e-15   3.0715625e-01   3.0715625e-01
   6.0000000e+00   3.0000000e+00   2.0515983e-15   2.9637500e-01   2.9637500e-01
   7.0000000e+00   3.0000000e+00   2.0657197e-15   2.9093750e-01   2.9093750e-01
   8.0000000e+00   3.0000000e+00   1.9916768e-15   2.8637500e-01   2.8637500e-01
   9.0000000e+00   3.0000000e+00   2.1105449e-15   2.9609375e-01   2.9609375e-01
   1.0000000e+01   3.0000000e+00   2.1201867e-15   3.0215625e-01   3.0215625e-01
   1.1000000e+01   3.0000000e+00   2.1876473e-15   3.0446875e-01   3.0446875e-01
   1.2000000e+01   3.0000000e+00   2.2159974e-15   3.0600000e-01   3.0600000e-01
   1.3000000e+01   3.0000000e+00   2.1214523e-15   2.9859375e-01   2.9859375e-01
   1.4000000e+01   3.0000000e+00   2.0512062e-15   2.8675000e-01   2.8675000e-01
   1.5000000e+01   3.0000000e+00   1.9208830e-15   2.7334375e-01   2.7334375e-01
   1.6000000e+01   3.0000000e+00   1.9477924e-15   2.6787500e-01   2.6787500e-01
   1.7000000e+01   3.0000000e+00   1.9246426e-15   2.7190625e-01   2.7190625e-01
   1.8000000e+01   3.0000000e+00   2.0510625e-15   2.8643750e-01   2.8643750e-01
   1.9000000e+01   3.0000000e+00   2.2257367e-15   2.9503125e-01   2.9503125e-01
   2.0000000e+01   3.0000000e+00   2.3321696e-15   2.9875000e-01   2.9875000e-01
   2.1000000e+01   3.0000000e+00   2.3360070e-15   3.0875000e-01   3.0875000e-01
   2.2000000e+01   3.0000000e+00   2.2769061e-15   3.0890625e-01   3.0890625e-01
   2.3000000e+01   3.0000000e+00   2.1883374e-15   2.9465625e-01   2.9465625e-01
   2.4000000e+01   3.0000000e+00   2.1448203e-15   2.7937500e-01   2.7937500e-01
   2.5000000e+01   3.0000000e+00   2.1984371e-15   2.8609375e-01   2.8609375e-01
   2.6000000e+01   3.0000000e+00   2.2214854e-15   2.9634375e-01   2.9634375e-01
   2.7000000e+01   3.0000000e+00   2.2117958e-15   3.0725000e-01   3.0725000e-01
   2.8000000e+01   3.0000000e+00   2.3101859e-15   3.1396875e-01   3.1396875e-01
   2.9000000e+01   3.0000000e+00   2.3111029e-15   3.0987500e-01   3.0987500e-01
   3.0000000e+01   3.0000000e+00   2.2181400e-15   3.0165625e-01   3.0165625e-01
   3.1000000e+01   3.0000000e+00   2.0106670e-15   2.8296875e-01   2.8296875e-01
   3.2000000e+01   3.0000000e+00   1.9408132e-15   2.7296875e-01   2.7296875e-01
   3.3000000e+01   3.0000000e+00   1.9400599e-15   2.7034375e-01   2.7034375e-01
   3.4000000e+01   3.0000000e+00   1.9675100e-15   2.8315625e-01   2.8315625e-01
   3.5000000e+01   3.0000000e+00   2.1318979e-15   2.9634375e-01   2.9634375e-01
   1.0000000e+00   4.0000000e+00   1.9925069e-15   2.7428125e-01   2.7428125e-01
   2.0000000e+00   4.0000000e+00   2.1085580e-15   2.9540625e-01   2.9540625e-01
   3.0000000e+00   4.0000000e+00   2.1356166e-15   3.0625000e-01   3.0625000e-01
   4.0000000e+00   4.0000000e+00   2.2300223e-15   3.1118750e-01   3.1118750e-01
   5.0000000e+00   4.0000000e+00   2.1919649e-15   3.0753125e-01   3.0753125e-01
   6.0000000e+00   4.0000000e+00   2.1280547e-15   2.9803125e-01   2.9803125e-01
   7.0000000e+00   4.0000000e+00   1.9662169e-15   2.8421875e-01   2.8421875e-01
   8.0000000e+00   4.0000000e+00   2.0621074e-15   2.8625000e-01   2.8625000e-01
   9.0000000e+00   4.0000000e+00   2.1109228e-15   2.9212500e-01   2.9212500e-01
   1.0000000e+01   4.0000000e+00   2.1566423e-15   2.9753125e-01   2.9753125e-01
   1.1000000e+01   4.0000000e+00   2.1554931e-15   3.0459375e-01   3.0459375e-01
   1.2000000e+01   4.0000000e+00   2.2000875e-15   3.0503125e-01   3.0503125e-01
   1.3000000e+01   4.0000000e+00   2.2120479e-15   2.9334375e-01   2.9334375e-01
   1.4000000e+01   4.0000000e+00   2.1296044e-15   2.7365625e-01   2.7365625e-01
   1.5000000e+01   4.0000000e+00   2.0564309e-15   2.6212500e-01   2.6212500e-01
   1.6000000e+01   4.0000000e+00   1.9990606e-15   2.6375000e-01   2.6375000e-01
   1.7000000e+01   4.0000000e+00   2.0012106e-15   2.7193750e-01   2.7193750e-01
   1.8000000e+01   4.0000000e+00   2.1251070e-15   2.8637500e-01   2.8637500e-01
   1.9000000e+01   4.0000000e+00   2.2135079e-15   2.9834375e-01   2.9834375e-01
   2.0000000e+01   4.0000000e+00   2.2540034e-15   3.0759375e-01   3.0759375e-01
   2.1000000e+01   4.0000000e+00   2.2507533e-15   3.0746875e-01   3.0746875e-01
   2.2000000e+01   4.0000000e+00   2.1748707e-15   3.0421875e-01   3.0421875e-01
   2.3000000e+01   4.0000000e+00   2.0719568e-15   2.9168750e-01   2.9168750e-01
   2.4000000e+01   4.0000000e+00   2.0526301e-15   2.8621875e-01   2.8621875e-01
   2.5000000e+01   4.0000000e+00   2.0780588e-15   2.8590625e-01   2.8590625e-01
   2.6000000e+01   4.0000000e+00   2.1259765e-15   2.9378125e-01   2.9378125e-01
   2.7000000e+01   4.0000000e+00   2.2160699e-15   3.0559375e-01   3.0559375e-01
   2.8000000e+01   4.0000000e+00   2.3312546e-15   2.9443750e-01   2.9443750e-01
   2.9000000e+01   4.0000000e+00   2.2660919e-15   3.0493750e-01   3.0493750e-01
   3.0000000e+01   4.0000000e+00   2.1666248e-15   2.9681250e-01   2.9681250e-01
   3.1000000e+01   4.0000000e+00   2.0004636e-15   2.8259375e-01   2.8259375e-01
   3.2000000e+01   4.0000000e+00   1.9068127e-15   2.7196875e-01   2.7196875e-01
   3.3000000e+01   4.0000000e+00   1.9388006e-15   2.6734375e-01   2.6734375e-01
   3.4000000e+01   4.0000000e+00   2.0328816e-15   2.8050000e-01   2.8050000e-01
   3.5000000e+01   4.0000000e+00   2.0456069e-15   2.9293750e-01   2.9293750e-01
   1.0000000e+00   5.0000000e+00   2.0403974e-15   2.8759375e-01   2.8759375e-01
   2.0000000e+00   5.0000000e+00   2.1625888e-15   3.0284375e-01   3.0284375e-01
   3.0000000e+00   5.0000000e+00   2.2576625e-15   3.0884375e-01   3.0884375e-01
   4.0000000e+00   5.0000000e+00   2.4531743e-15   3.1368750e-01   3.1368750e-01
   5.0000000e+00   5.0000000e+00   2.2244444e-15   2.9903125e-01   2.9903125e-01
   6.0000000e+00   5.0000000e+00   2.0733970e-15   2.9846875e-01   2.9846875e-01
   7.0000000e+00   5.0000000e+00   2.0715440e-15   2.8806250e-01   2.8806250e-01
   8.0000000e+00   5.0000000e+00   2.1561072e-15   2.8331250e-01   2.8331250e-01
   9.0000000e+00   5.0000000e+00   2.0476110e-15   2.9240625e-01   2.9240625e-01
   1.0000000e+01   5.0000000e+00   2.1213994e-15   3.0162500e-01   3.0162500e-01
   1.1000000e+01   5.0000000e+00   2.2489793e-15   3.0453125e-01   3.0453125e-01
   1.2000000e+01   5.0000000e+00   2.1267388e-15   2.9731250e-01   2.9731250e-01
   1.3000000e+01   5.0000000e+00   2.1116563e-15   2.9562500e-01   2.9562500e-01
   1.4000000e+01   5.0000000e+00   2.1030244e-15   2.8815625e-01   2.8815625e-01
   1.5000000e+01   5.0000000e+00   1.9582209e-15   2.6443750e-01   2.6443750e-01
   1.6000000e+01   5.0000000e+00   1.8800480e-15   2.7262500e-01   2.7262500e-01
   1.7000000e+01   5.0000000e+00   1.9055543e-15   2.7446875e-01   2.7446875e-01
   1.8000000e+01   5.0000000e+00   2.0936531e-15   2.9040625e-01   2.9040625e-01
   1.9000000e+01   5.0000000e+00   2.2237311e-15   2.9690625e-01   2.9690625e-01
   2.0000000e+01   5.0000000e+00   2.2782976e-15   3.0215625e-01   3.0215625e-01
   2.1000000e+01   5.0000000e+00   2.2492884e-15   3.1262500e-01   3.1262500e-01
   2.2000000e+01   5.0000000e+00   2.1501834e-15   3.0684375e-01   3.0684375e-01
   2.3000000e+01   5.0000000e+00   2.1240653e-15   2.9637500e-01   2.9637500e-01
   2.4000000e+01   5.0000000e+00   2.0074724e-15   2.8625000e-01   2.8625000e-01
   2.5000000e+01   5.0000000e+00   2.1060213e-15   2.8868750e-01   2.8868750e-01
   2.6000000e+01   5.0000000e+00   2.1578999e-15   2.9168750e-01   2.9168750e-01
   2.7000000e+01   5.0000000e+00   2.1328871e-15   2.9625000e-01   2.9625000e-01
   2.8000000e+01   5.0000000e+00   2.2351618e-15   3.0353125e-01   3.0353125e-01
   2.9000000e+01   5.0000000e+00   2.2438516e-15   3.0353125e-01   3.0353125e-01
   3.0000000e+01   5.0000000e+00   2.1299009e-15   2.9553125e-01   2.9553125e-01
   3.1000000e+01   5.0000000e+00   2.0189949e-15   2.8378125e-01   2.8378125e-01
   3.2000000e+01   5.0000000e+00   2.0175794e-15   2.6990625e-01   2.6990625e-01
   3.3000000e+01   5.0000000e+00   1.8072657e-15   2.6178125e-01   2.6178125e-01
   3.4000000e+01   5.0000000e+00   1.9600423e-15   2.8009375e-01   2.8009375e-01
   3.5000000e+01   5.0000000e+00   2.1385734e-15   2.9271875e-01   2.9271875e-01
   1.0000000e+00   6.0000000e+00   2.0825548e-15   2.9412500e-01   2.9412500e-01
   2.0000000e+00   6.0000000e+00   2.2730570e-15   3.0856250e-01   3.0856250e-01
   3.0000000e+00   6.0000000e+00   2.4526448e-15   3.1678125e-01   3.1678125e-01
   4.0000000e+00   6.0000000e+00   2.2723047e-15   3.2421875e-01   3.2421875e-01
   5.0000000e+00   6.0000000e+00   2.2919249e-15   3.1596875e-01   3.1596875e-01
   6.0000000e+00   6.0000000e+00   2.2434962e-15   2.9212500e-01   2.9212500e-01
   7.0000000e+00   6.0000000e+00   2.0578113e-15   2.9290625e-01   2.9290625e-01
   8.0000000e+00   6.0000000e+00   2.1113008e-15   2.9131250e-01   2.9131250e-01
   9.0000000e+00   6.0000000e+00   2.1928250e-15   2.9440625e-01   2.9440625e-01
   1.0000000e+01   6.0000000e+00   2.1442941e-15   2.9625000e-01   2.9625000e-01
   1.1000000e+01   6.0000000e+00   2.1918905e-15   3.0731250e-01   3.0731250e-01
   1.2000000e+01   6.0000000e+00   2.2750672e-15   3.0031250e-01   3.0031250e-01
   1.3000000e+01   6.0000000e+00   2.1345672e-15   2.9821875e-01   2.9821875e-01
   1.4000000e+01   6.0000000e+00   2.1084557e-15   2.8875000e-01   2.8875000e-01
   1.5000000e+01   6.0000000e+00   1.9241922e-15   2.7175000e-01   2.7175000e-01
   1.6000000e+01   6.0000000e+00   1.9117959e-15   2.7537500e-01   2.7537500e-01
   1.7000000e+01   6.0000000e+00   2.0018015e-15   2.7915625e-01   2.7915625e-01
   1.8000000e+01   6.0000000e+00   2.0898581e-15   2.8218750e-01   2.8218750e-01
   1.9000000e+01   6.0000000e+00   2.2166218e-15   3.0984375e-01   3.0984375e-01
   2.0000000e+01   6.0000000e+00   2.3210134e-15   3.1840625e-01   3.1840625e-01
   2.1000000e+01   6.0000000e+00   2.2787300e-15   3.0862500e-01   3.0862500e-01
   2.2000000e+01   6.0000000e+00   2.1572039e-15   3.0806250e-01   3.0806250e-01
   2.3000000e+01   6.0000000e+00   2.1815885e-15   2.9350000e-01   2.9350000e-01
   2.4000000e+01   6.0000000e+00   2.0449067e-15   2.9287500e-01   2.9287500e-01
   2.5000000e+01   6.0000000e+00   2.1992627e-15   2.8512500e-01   2.8512500e-01
   2.6000000e+01   6.0000000e+00   2.1121908e-15   2.9671875e-01   2.9671875e-01
   2.7000000e+01   6.0000000e+00   2.2664203e-15   3.0112500e-01   3.0112500e-01
   2.8000000e+01   6.0000000e+00   2.2170955e-15   3.0759375e-01   3.0759375e-01
   2.9000000e+01   6.0000000e+00   2.2913780e-15   3.0590625e-01   3.0590625e-01
   3.0000000e+01   6.0000000e+00   2.1276496e-15   2.9296875e-01   2.9296875e-01
   3.1000000e+01   6.0000000e+00   2.0669916e-15   2.8428125e-01   2.8428125e-01
   3.2000000e+01   6.0000000e+00   1.9012743e-15   2.6528125e-01   2.6528125e-01
   3.3000000e+01   6.0000000e+00   1.9455291e-15   2.7331250e-01   2.7331250e-01
   3.4000000e+01   6.0000000e+00   2.0327432e-15   2.7581250e-01   2.7581250e-01
   3.5000000e+01   6.0000000e+00   2.1498209e-15   2.9903125e-01   2.9903125e-01
   1.0000000e+00   7.0000000e+00   2.1936106e-15   3.0209375e-01   3.0209375e-01
   2.0000000e+00   7.0000000e+00   2.4546486e-15   3.2000000e-01   3.2000000e-01
   3.0000000e+00   7.0000000e+00   2.4988927e-15   3.3390625e-01   3.3390625e-01
   4.0000000e+00   7.0000000e+00   2.4951414e-15   3.3550000e-01   3.3550000e-01
   5.0000000e+00   7.0000000e+00   2.3901776e-15   3.1750000e-01   3.1750000e-01
   6.0000000e+00   7.0000000e+00   2.1563540e-15   3.1090625e-01   3.1090625e-01
   7.0000000e+00   7.0000000e+00   2.2482855e-15   3.0071875e-01   3.0071875e-01
   8.0000000e+00   7.0000000e+00   2.1765613e-15   2.8853125e-01   2.8853125e-01
   9.0000000e+00   7.0000000e+00   2.0987175e-15   2.9981250e-01   2.9981250e-01
   1.0000000e+01   7.0000000e+00   2.2646623e-15   3.0703125e-01   3.0703125e-01
   1.1000000e+01   7.0000000e+00   2.3451638e-15   3.1018750e-01   3.1018750e-01
   1.2000000e+01   7.0000000e+00   2.3106359e-15   3.0146875e-01   3.0146875e-01
   1.3000000e+01   7.0000000e+00   2.1769667e-15   3.0121875e-01   3.0121875e-01
   1.4000000e+01   7.0000000e+00   2.0773159e-15   2.9196875e-01   2.9196875e-01
   1.5000000e+01   7.0000000e+00   2.0302238e-15   2.7550000e-01   2.7550000e-01
   1.6000000e+01   7.0000000e+00   1.9861026e-15   2.8143750e-01   2.8143750e-01
   1.7000000e+01   7.0000000e+00   2.1196561e-15   2.8859375e-01   2.8859375e-01
   1.8000000e+01   7.0000000e+00   2.2918028e-15   2.9562500e-01   2.9562500e-01
   1.9000000e+01   7.0000000e+00   2.3551972e-15   3.1746875e-01   3.1746875e-01
   2.0000000e+01   7.0000000e+00   2.3750295e-15   3.2790625e-01   3.2790625e-01
   2.1000000e+01   7.0000000e+00   2.4237213e-15   3.2171875e-01   3.2171875e-01
   2.2000000e+01   7.0000000e+00   2.3249664e-15   3.1871875e-01   3.1871875e-01
   2.3000000e+01   7.0000000e+00   2.1586085e-15   3.0356250e-01   3.0356250e-01
   2.4000000e+01   7.0000000e+00   2.2412851e-15   2.9175000e-01   2.9175000e-01
   2.5000000e+01   7.0000000e+00   2.0739435e-15   2.9496875e-01   2.9496875e-01
   2.6000000e+01   7.0000000e+00   2.1372372e-15   2.9781250e-01   2.9781250e-01
   2.7000000e+01   7.0000000e+00   2.2844398e-15   2.9759375e-01   2.9759375e-01
   2.8000000e+01   7.0000000e+00   2.1582091e-15   3.1009375e-01   3.1009375e-01
   2.9000000e+01   7.0000000e+00   2.2551598e-15   3.0559375e-01   3.0559375e-01
   3.0000000e+01   7.0000000e+00   2.2763414e-15   2.8862500e-01   2.8862500e-01
   3.1000000e+01   7.0000000e+00   2.0470259e-15   2.8662500e-01   2.8662500e-01
   3.2000000e+01   7.0000000e+00   2.0471781e-15   2.7850000e-01   2.7850000e-01
   3.3000000e+01   7.0000000e+00   2.1093083e-15   2.6953125e-01   2.6953125e-01
   3.4000000e+01   7.0000000e+00   2.1015679e-15   2.9100000e-01   2.9100000e-01
   3.5000000e+01   7.0000000e+00   2.1876765e-15   3.0306250e-01   3.0306250e-01
   1.0000000e+00   8.0000000e+00   2.2674490e-15   3.0509375e-01   3.0509375e-01
   2.0000000e+00   8.0000000e+00   2.4078865e-15   3.2334375e-01   3.2334375e-01
   3.0000000e+00   8.0000000e+00   2.4033259e-15   3.3862500e-01   3.3862500e-01
   4.0000000e+00   8.0000000e+00   2.5722484e-15   3.4228125e-01   3.4228125e-01
   5.0000000e+00   8.0000000e+00   2.5717868e-15   3.3368750e-01   3.3368750e-01
   6.0000000e+00   8.0000000e+00   2.3421434e-15   3.0893750e-01   3.0893750e-01
   7.0000000e+00   8.0000000e+00   2.2258667e-15   3.0975000e-01   3.0975000e-01
   8.0000000e+00   8.0000000e+00   2.1694944e-15   3.0131250e-01   3.0131250e-01
   9.0000000e+00   8.0000000e+00   2.2362203e-15   3.0628125e-01   3.0628125e-01
   1.0000000e+01   8.0000000e+00   2.3640844e-15   3.0662500e-01   3.0662500e-01
   1.1000000e+01   8.0000000e+00   2.3130921e-15   3.1740625e-01   3.1740625e-01
   1.2000000e+01   8.0000000e+00   2.2038814e-15   3.1378125e-01   3.1378125e-01
   1.3000000e+01   8.0000000e+00   2.4443769e-15   3.0959375e-01   3.0959375e-01
   1.4000000e+01   8.0000000e+00   2.2083783e-15   3.0162500e-01   3.0162500e-01
   1.5000000e+01   8.0000000e+00   2.0326501e-15   2.8621875e-01   2.8621875e-01
   1.6000000e+01   8.0000000e+00   2.1017488e-15   2.8846875e-01   2.8846875e-01
   1.7000000e+01   8.0000000e+00   2.2147171e-15   2.8781250e-01   2.8781250e-01
   1.8000000e+01   8.0000000e+00   2.2454001e-15   3.0940625e-01   3.0940625e-01
   1.9000000e+01   8.0000000e+00   2.3214128e-15   3.2043750e-01   3.2043750e-01
   2.0000000e+01   8.0000000e+00   2.5629774e-15   3.3412500e-01   3.3412500e-01
   2.1000000e+01   8.0000000e+00   2.4681897e-15   3.2393750e-01   3.2393750e-01
   2.2000000e+01   8.0000000e+00   2.3854353e-15   3.2868750e-01   3.2868750e-01
   2.3000000e+01   8.0000000e+00   2.2752418e-15   3.1331250e-01   3.1331250e-01
   2.4000000e+01   8.0000000e+00   2.2687083e-15   3.0540625e-01   3.0540625e-01
   2.5000000e+01   8.0000000e+00   2.1543469e-15   2.9806250e-01   2.9806250e-01
   2.6000000e+01   8.0000000e+00   2.2752253e-15   2.9328125e-01   2.9328125e-01
   2.7000000e+01   8.0000000e+00   2.2172373e-15   3.0881250e-01   3.0881250e-01
   2.8000000e+01   8.0000000e+00   2.1924213e-15   3.1446875e-01   3.1446875e-01
   2.9000000e+01   8.0000000e+00   2.2362163e-15   3.0921875e-01   3.0921875e-01
   3.0000000e+01   8.0000000e+00   2.1794490e-15   3.0553125e-01   3.0553125e-01
   3.1000000e+01   8.0000000e+00   2.0760118e-15   2.9346875e-01   2.9346875e-01
   3.2000000e+01   8.0000000e+00   2.0752102e-15   2.8553125e-01   2.8553125e-01
   3.3000000e+01   8.0000000e+00   2.1131867e-15   2.8018750e-01   2.8018750e-01
   3.4000000e+01   8.0000000e+00   2.0804152e-15   2.8787500e-01   2.8787500e-01
   3.5000000e+01   8.0000000e+00   2.1710299e-15   3.1184375e-01   3.1184375e-01
   1.0000000e+00   9.0000000e+00   2.2150943e-15   3.1328125e-01   3.1328125e-01
   2.0000000e+00   9.0000000e+00   2.4126786e-15   3.2800000e-01   3.2800000e-01
   3.0000000e+00   9.0000000e+00   2.5500429e-15   3.4184375e-01   3.4184375e-01
   4.0000000e+00   9.0000000e+00   2.6803518e-15   3.4581250e-01   3.4581250e-01
   5.0000000e+00   9.0000000e+00   2.5360457e-15   3.3115625e-01   3.3115625e-01
   6.0000000e+00   9.0000000e+00   2.2925065e-15   3.1675000e-01   3.1675000e-01
   7.0000000e+00   9.0000000e+00   2.1315372e-15   3.0809375e-01   3.0809375e-01
   8.0000000e+00   9.0000000e+00   2.1394768e-15   3.0506250e-01   3.0506250e-01
   9.0000000e+00   9.0000000e+00   2.1481233e-15   3.0728125e-01   3.0728125e-01
   1.0000000e+01   9.0000000e+00   2.3222433e-15   3.2065625e-01   3.2065625e-01
   1.1000000e+01   9.0000000e+00   2.4060916e-15   3.2493750e-01   3.2493750e-01
   1.2000000e+01   9.0000000e+00   2.3569616e-15   3.2534375e-01   3.2534375e-01
   1.3000000e+01   9.0000000e+00   2.2894625e-15   3.1815625e-01   3.1815625e-01
   1.4000000e+01   9.0000000e+00   2.1873358e-15   3.0659375e-01   3.0659375e-01
   1.5000000e+01   9.0000000e+00   2.0516537e-15   2.9700000e-01   2.9700000e-01
   1.6000000e+01   9.0000000e+00   2.0965129e-15   2.9315625e-01   2.9315625e-01
   1.7000000e+01   9.0000000e+00   2.2114043e-15   3.0065625e-01   3.0065625e-01
   1.8000000e+01   9.0000000e+00   2.4298767e-15   3.1153125e-01   3.1153125e-01
   1.9000000e+01   9.0000000e+00   2.5153321e-15   3.2034375e-01   3.2034375e-01
   2.0000000e+01   9.0000000e+00   2.6616696e-15   3.3818750e-01   3.3818750e-01
   2.1000000e+01   9.0000000e+00   2.6581406e-15   3.3825000e-01   3.3825000e-01
   2.2000000e+01   9.0000000e+00   2.5730795e-15   3.2775000e-01   3.2775000e-01
   2.3000000e+01   9.0000000e+00   2.4236393e-15   3.1284375e-01   3.1284375e-01
   2.4000000e+01   9.0000000e+00   2.3117146e-15   3.0375000e-01   3.0375000e-01
   2.5000000e+01   9.0000000e+00   2.2461795e-15   3.0190625e-01   3.0190625e-01
   2.6000000e+01   9.0000000e+00   2.3266491e-15   3.0887500e-01   3.0887500e-01
   2.7000000e+01   9.0000000e+00   2.4323821e-15   3.1775000e-01   3.1775000e-01
   2.8000000e+01   9.0000000e+00   2.3624555e-15   3.1790625e-01   3.1790625e-01
   2.9000000e+01   9.0000000e+00   2.3845482e-15   3.1565625e-01   3.1565625e-01
   3.0000000e+01   9.0000000e+00   2.2971537e-15   3.1128125e-01   3.1128125e-01
   3.1000000e+01   9.0000000e+00   2.1563761e-15   2.9840625e-01   2.9840625e-01
   3.2000000e+01   9.0000000e+00   2.1072419e-15   2.9240625e-01   2.9240625e-01
   3.3000000e+01   9.0000000e+00   2.1694843e-15   2.9478125e-01   2.9478125e-01
   3.4000000e+01   9.0000000e+00   2.2485421e-15   3.0253125e-01   3.0253125e-01
   3.5000000e+01   9.0000000e+00   2.4153915e-15   3.1125000e-01   3.1125000e-01
   1.0000000e+00   1.0000000e+01   2.3022850e-15   3.2006250e-01   3.2006250e-01
   2.0000000e+00   1.0000000e+01   2.4117691e-15   3.3603125e-01   3.3603125e-01
   3.0000000e+00   1.0000000e+01   2.6346025e-15   3.5212500e-01   3.5212500e-01
   4.0000000e+00   1.0000000e+01   2.6324723e-15   3.5996875e-01   3.5996875e-01
   5.0000000e+00   1.0000000e+01   2.6922578e-15   3.5321875e-01   3.5321875e-01
   6.0000000e+00   1.0000000e+01   2.4794046e-15   3.2125000e-01   3.2125000e-01
   7.0000000e+00   1.0000000e+01   2.1983222e-15   3.0971875e-01   3.0971875e-01
   8.0000000e+00   1.0000000e+01   2.1498605e-15   3.0700000e-01   3.0700000e-01
   9.0000000e+00   1.0000000e+01   2.2114037e-15   3.1653125e-01   3.1653125e-01
   1.0000000e+01   1.0000000e+01   2.3160913e-15   3.2596875e-01   3.2596875e-01
   1.1000000e+01   1.0000000e+01   2.4385940e-15   3.3378125e-01   3.3378125e-01
   1.2000000e+01   1.0000000e+01   2.4710033e-15   3.2984375e-01   3.2984375e-01
   1.3000000e+01   1.0000000e+01   2.4433373e-15   3.2043750e-01   3.2043750e-01
   1.4000000e+01   1.0000000e+01   2.3821162e-15   3.1125000e-01   3.1125000e-01
   1.5000000e+01   1.0000000e+01   2.2508054e-15   2.9868750e-01   2.9868750e-01
   1.6000000e+01   1.0000000e+01   2.3048353e-15   2.9646875e-01   2.9646875e-01
   1.7000000e+01   1.0000000e+01   2.2932515e-15   3.0400000e-01   3.0400000e-01
   1.8000000e+01   1.0000000e+01   2.3559676e-15   3.1775000e-01   3.1775000e-01
   1.9000000e+01   1.0000000e+01   2.4831384e-15   3.3421875e-01   3.3421875e-01
   2.0000000e+01   1.0000000e+01   2.5755441e-15   3.5087500e-01   3.5087500e-01
   2.1000000e+01   1.0000000e+01   2.6534027e-15   3.5256250e-01   3.5256250e-01
   2.2000000e+01   1.0000000e+01   2.4875726e-15   3.4125000e-01   3.4125000e-01
   2.3000000e+01   1.0000000e+01   2.2759845e-15   3.2434375e-01   3.2434375e-01
   2.4000000e+01   1.0000000e+01   2.1923105e-15   3.0746875e-01   3.0746875e-01
   2.5000000e+01   1.0000000e+01   2.2070650e-15   3.0687500e-01   3.0687500e-01
   2.6000000e+01   1.0000000e+01   2.2683723e-15   3.1453125e-01   3.1453125e-01
   2.7000000e+01   1.0000000e+01   2.3803746e-15   3.2512500e-01   3.2512500e-01
   2.8000000e+01   1.0000000e+01   2.5019287e-15   3.3040625e-01   3.3040625e-01
   2.9000000e+01   1.0000000e+01   2.3782273e-15   3.1456250e-01   3.1456250e-01
   3.0000000e+01   1.0000000e+01   2.2526511e-15   3.1162500e-01   3.1162500e-01
   3.1000000e+01   1.0000000e+01   2.1531331e-15   3.0834375e-01   3.0834375e-01
   3.2000000e+01   1.0000000e+01   2.0705770e-15   2.9640625e-01   2.9640625e-01
   3.3000000e+01   1.0000000e+01   2.1509856e-15   3.0003125e-01   3.0003125e-01
   3.4000000e+01   1.0000000e+01   2.2006179e-15   3.0571875e-01   3.0571875e-01
   3.5000000e+01   1.0000000e+01   2.4358045e-15   3.2118750e-01   3.2118750e-01
   1.0000000e+00   1.1000000e+01   2.3582559e-15   3.2890625e-01   3.2890625e-01
   2.0000000e+00   1.1000000e+01   2.4848803e-15   3.4550000e-01   3.4550000e-01
   3.0000000e+00   1.1000000e+01   2.6843324e-15   3.6562500e-01   3.6562500e-01
   4.0000000e+00   1.1000000e+01   2.7529862e-15   3.7287500e-01   3.7287500e-01
   5.0000000e+00   1.1000000e+01   2.6964711e-15   3.6446875e-01   3.6446875e-01
   6.0000000e+00   1.1000000e+01   2.5430835e-15   3.4496875e-01   3.4496875e-01
   7.0000000e+00   1.1000000e+01   2.4354554e-15   3.1784375e-01   3.1784375e-01
   8.0000000e+00   1.1000000e+01   2.3407132e-15   3.0725000e-01   3.0725000e-01
   9.0000000e+00   1.1000000e+01   2.5265954e-15   3.2453125e-01   3.2453125e-01
   1.0000000e+01   1.1000000e+01   2.4330991e-15   3.3756250e-01   3.3756250e-01
   1.1000000e+01   1.1000000e+01   2.5340519e-15   3.4356250e-01   3.4356250e-01
   1.2000000e+01   1.1000000e+01   2.4643593e-15   3.3965625e-01   3.3965625e-01
   1.3000000e+01   1.1000000e+01   2.3709081e-15   3.3078125e-01   3.3078125e-01
   1.4000000e+01   1.1000000e+01   2.2097956e-15   3.1284375e-01   3.1284375e-01
   1.5000000e+01   1.1000000e+01   2.1384913e-15   3.0431250e-01   3.0431250e-01
   1.6000000e+01   1.1000000e+01   2.1567968e-15   3.0437500e-01   3.0437500e-01
   1.7000000e+01   1.1000000e+01   2.2876634e-15   3.1328125e-01   3.1328125e-01
   1.8000000e+01   1.1000000e+01   2.4127506e-15   3.2581250e-01   3.2581250e-01
   1.9000000e+01   1.1000000e+01   2.5631249e-15   3.4531250e-01   3.4531250e-01
   2.0000000e+01   1.1000000e+01   2.7702997e-15   3.5925000e-01   3.5925000e-01
   2.1000000e+01   1.1000000e+01   2.7445179e-15   3.5284375e-01   3.5284375e-01
   2.2000000e+01   1.1000000e+01   2.6107351e-15   3.4040625e-01   3.4040625e-01
   2.3000000e+01   1.1000000e+01   2.5193478e-15   3.2215625e-01   3.2215625e-01
   2.4000000e+01   1.1000000e+01   2.3702610e-15   3.0756250e-01   3.0756250e-01
   2.5000000e+01   1.1000000e+01   2.3709032e-15   3.0559375e-01   3.0559375e-01
   2.6000000e+01   1.1000000e+01   2.4734405e-15   3.2062500e-01   3.2062500e-01
   2.7000000e+01   1.1000000e+01   2.5384238e-15   3.2962500e-01   3.2962500e-01
   2.8000000e+01   1.1000000e+01   2.5756179e-15   3.3693750e-01   3.3693750e-01
   2.9000000e+01   1.1000000e+01   2.5222131e-15   3.3343750e-01   3.3343750e-01
   3.0000000e+01   1.1000000e+01   2.4163497e-15   3.2350000e-01   3.2350000e-01
   3.1000000e+01   1.1000000e+01   2.2661261e-15   3.0884375e-01   3.0884375e-01
   3.2000000e+01   1.1000000e+01   2.1703170e-15   3.0246875e-01   3.0246875e-01
   3.3000000e+01   1.1000000e+01   2.1786136e-15   3.0956250e-01   3.0956250e-01
   3.4000000e+01   1.1000000e+01   2.2156293e-15   3.1584375e-01   3.1584375e-01
   3.5000000e+01   1.1000000e+01   2.4021716e-15   3.3331250e-01   3.3331250e-01
   1.0000000e+00   1.2000000e+01   2.3868472e-15   3.2675000e-01   3.2675000e-01
   2.0000000e+00   1.2000000e+01   2.6099735e-15   3.3912500e-01   3.3912500e-01
   3.0000000e+00   1.2000000e+01   2.8430704e-15   3.6696875e-01   3.6696875e-01
   4.0000000e+00   1.2000000e+01   2.8661904e-15   3.7584375e-01   3.7584375e-01
   5.0000000e+00   1.2000000e+01   2.7651479e-15   3.7193750e-01   3.7193750e-01
   6.0000000e+00   1.2000000e+01   2.5192078e-15   3.5140625e-01   3.5140625e-01
   7.0000000e+00   1.2000000e+01   2.4016960e-15   3.3356250e-01   3.3356250e-01
   8.0000000e+00   1.2000000e+01   2.3697417e-15   3.3121875e-01   3.3121875e-01
   9.0000000e+00   1.2000000e+01   2.3374123e-15   3.3087500e-01   3.3087500e-01
   1.0000000e+01   1.2000000e+01   2.6466024e-15   3.3759375e-01   3.3759375e-01
   1.1000000e+01   1.2000000e+01   2.5479787e-15   3.5000000e-01   3.5000000e-01
   1.2000000e+01   1.2000000e+01   2.4964707e-15   3.4462500e-01   3.4462500e-01
   1.3000000e+01   1.2000000e+01   2.3644019e-15   3.3287500e-01   3.3287500e-01
   1.4000000e+01   1.2000000e+01   2.2468457e-15   3.1965625e-01   3.1965625e-01
   1.5000000e+01   1.2000000e+01   2.1390885e-15   3.0290625e-01   3.0290625e-01
   1.6000000e+01   1.2000000e+01   2.2864947e-15   3.0146875e-01   3.0146875e-01
   1.7000000e+01   1.2000000e+01   2.3794857e-15   3.1628125e-01   3.1628125e-01
   1.8000000e+01   1.2000000e+01   2.5008830e-15   3.3459375e-01   3.3459375e-01
   1.9000000e+01   1.2000000e+01   2.6113783e-15   3.5040625e-01   3.5040625e-01
   2.0000000e+01   1.2000000e+01   2.7586277e-15   3.7059375e-01   3.7059375e-01
   2.1000000e+01   1.2000000e+01   2.7659552e-15   3.7490625e-01   3.7490625e-01
   2.2000000e+01   1.2000000e+01   2.6785412e-15   3.6381250e-01   3.6381250e-01
   2.3000000e+01   1.2000000e+01   2.4876487e-15   3.4406250e-01   3.4406250e-01
   2.4000000e+01   1.2000000e+01   2.4197826e-15   3.2859375e-01   3.2859375e-01
   2.5000000e+01   1.2000000e+01   2.3395315e-15   3.2321875e-01   3.2321875e-01
   2.6000000e+01   1.2000000e+01   2.3769225e-15   3.3125000e-01   3.3125000e-01
   2.7000000e+01   1.2000000e+01   2.4956885e-15   3.4487500e-01   3.4487500e-01
   2.8000000e+01   1.2000000e+01   2.5828356e-15   3.4484375e-01   3.4484375e-01
   2.9000000e+01   1.2000000e+01   2.5809278e-15   3.4234375e-01   3.4234375e-01
   3.0000000e+01   1.2000000e+01   2.3774960e-15   3.2603125e-01   3.2603125e-01
   3.1000000e+01   1.2000000e+01   2.3041879e-15   3.1281250e-01   3.1281250e-01
   3.2000000e+01   1.2000000e+01   2.2111573e-15   3.0578125e-01   3.0578125e-01
   3.3000000e+01   1.2000000e+01   2.3017680e-15   3.1075000e-01   3.1075000e-01
   3.4000000e+01   1.2000000e+01   2.4434127e-15   3.2181250e-01   3.2181250e-01
   3.5000000e+01   1.2000000e+01   2.5345430e-15   3.2596875e-01   3.2596875e-01
   1.0000000e+00   1.3000000e+01   2.3720944e-15   3.2971875e-01   3.2971875e-01
   2.0000000e+00   1.3000000e+01   2.5530520e-15   3.5537500e-01   3.5537500e-01
   3.0000000e+00   1.3000000e+01   2.6395801e-15   3.7262500e-01   3.7262500e-01
   4.0000000e+00   1.3000000e+01   2.6824760e-15   3.7753125e-01   3.7753125e-01
   5.0000000e+00   1.3000000e+01   2.7164594e-15   3.7334375e-01   3.7334375e-01
   6.0000000e+00   1.3000000e+01   2.5143254e-15   3.5315625e-01   3.5315625e-01
   7.0000000e+00   1.3000000e+01   2.4311323e-15   3.3650000e-01   3.3650000e-01
   8.0000000e+00   1.3000000e+01   2.3809856e-15   3.2884375e-01   3.2884375e-01
   9.0000000e+00   1.3000000e+01   2.4394200e-15   3.3740625e-01   3.3740625e-01
   1.0000000e+01   1.3000000e+01   2.5316922e-15   3.5103125e-01   3.5103125e-01
   1.1000000e+01   1.3000000e+01   2.6476397e-15   3.4643750e-01   3.4643750e-01
   1.2000000e+01   1.3000000e+01   2.4576351e-15   3.4662500e-01   3.4662500e-01
   1.3000000e+01   1.3000000e+01   2.3919564e-15   3.3503125e-01   3.3503125e-01
   1.4000000e+01   1.3000000e+01   2.2453680e-15   3.1956250e-01   3.1956250e-01
   1.5000000e+01   1.3000000e+01   2.2594427e-15   3.0937500e-01   3.0937500e-01
   1.6000000e+01   1.3000000e+01   2.2303763e-15   2.9896875e-01   2.9896875e-01
   1.7000000e+01   1.3000000e+01   2.2533796e-15   3.1831250e-01   3.1831250e-01
   1.8000000e+01   1.3000000e+01   2.3430481e-15   3.3878125e-01   3.3878125e-01
   1.9000000e+01   1.3000000e+01   2.5446422e-15   3.5637500e-01   3.5637500e-01
   2.0000000e+01   1.3000000e+01   2.7179078e-15   3.7387500e-01   3.7387500e-01
   2.1000000e+01   1.3000000e+01   2.7376781e-15   3.8065625e-01   3.8065625e-01
   2.2000000e+01   1.3000000e+01   2.6844034e-15   3.6825000e-01   3.6825000e-01
   2.3000000e+01   1.3000000e+01   2.5362443e-15   3.4650000e-01   3.4650000e-01
   2.4000000e+01   1.3000000e+01   2.4651590e-15   3.2865625e-01   3.2865625e-01
   2.5000000e+01   1.3000000e+01   2.4764796e-15   3.2312500e-01   3.2312500e-01
   2.6000000e+01   1.3000000e+01   2.5599632e-15   3.2968750e-01   3.2968750e-01
   2.7000000e+01   1.3000000e+01   2.5003334e-15   3.3743750e-01   3.3743750e-01
   2.8000000e+01   1.3000000e+01   2.5451071e-15   3.5300000e-01   3.5300000e-01
   2.9000000e+01   1.3000000e+01   2.4265259e-15   3.4031250e-01   3.4031250e-01
   3.0000000e+01   1.3000000e+01   2.3764834e-15   3.1709375e-01   3.1709375e-01
   3.1000000e+01   1.3000000e+01   2.2690778e-15   3.0665625e-01   3.0665625e-01
   3.2000000e+01   1.3000000e+01   2.2654885e-15   3.0115625e-01   3.0115625e-01
   3.3000000e+01   1.3000000e+01   2.3789778e-15   3.0787500e-01   3.0787500e-01
   3.4000000e+01   1.3000000e+01   2.3785537e-15   3.1415625e-01   3.1415625e-01
   3.5000000e+01   1.3000000e+01   2.4634153e-15   3.4662500e-01   3.4662500e-01
   1.0000000e+00   1.4000000e+01   2.3625751e-15   3.3175000e-01   3.3175000e-01
   2.0000000e+00   1.4000000e+01   2.5044050e-15   3.4906250e-01   3.4906250e-01
   3.0000000e+00   1.4000000e+01   2.6865016e-15   3.6881250e-01   3.6881250e-01
   4.0000000e+00   1.4000000e+01   2.6728302e-15   3.7175000e-01   3.7175000e-01
   5.0000000e+00   1.4000000e+01   2.6181217e-15   3.6253125e-01   3.6253125e-01
   6.0000000e+00   1.4000000e+01   2.5397766e-15   3.4518750e-01   3.4518750e-01
   7.0000000e+00   1.4000000e+01   2.2996758e-15   3.2759375e-01   3.2759375e-01
   8.0000000e+00   1.4000000e+01   2.2723652e-15   3.2140625e-01   3.2140625e-01
   9.0000000e+00   1.4000000e+01   2.3655388e-15   3.3390625e-01   3.3390625e-01
   1.0000000e+01   1.4000000e+01   2.4214905e-15   3.3753125e-01   3.3753125e-01
   1.1000000e+01   1.4000000e+01   2.6292480e-15   3.3953125e-01   3.3953125e-01
   1.2000000e+01   1.4000000e+01   2.5954993e-15   3.3371875e-01   3.3371875e-01
   1.3000000e+01   1.4000000e+01   2.4985695e-15   3.2515625e-01   3.2515625e-01
   1.4000000e+01   1.4000000e+01   2.4329726e-15   3.1625000e-01   3.1625000e-01
   1.5000000e+01   1.4000000e+01   2.2471723e-15   3.0587500e-01   3.0587500e-01
   1.6000000e+01   1.4000000e+01   2.3201177e-15   3.0943750e-01   3.0943750e-01
   1.7000000e+01   1.4000000e+01   2.3656833e-15   3.1865625e-01   3.1865625e-01
   1.8000000e+01   1.4000000e+01   2.5379368e-15   3.2843750e-01   3.2843750e-01
   1.9000000e+01   1.4000000e+01   2.5906696e-15   3.3934375e-01   3.3934375e-01
   2.0000000e+01   1.4000000e+01   2.7328235e-15   3.6640625e-01   3.6640625e-01
   2.1000000e+01   1.4000000e+01   2.6869988e-15   3.7300000e-01   3.7300000e-01
   2.2000000e+01   1.4000000e+01   2.6181643e-15   3.6150000e-01   3.6150000e-01
   2.3000000e+01   1.4000000e+01   2.4810618e-15   3.4434375e-01   3.4434375e-01
   2.4000000e+01   1.4000000e+01   2.4148248e-15   3.3203125e-01   3.3203125e-01
   2.5000000e+01   1.4000000e+01   2.4207912e-15   3.2584375e-01   3.2584375e-01
   2.6000000e+01   1.4000000e+01   2.4755082e-15   3.2681250e-01   3.2681250e-01
   2.7000000e+01   1.4000000e+01   2.5385038e-15   3.4246875e-01   3.4246875e-01
   2.8000000e+01   1.4000000e+01   2.5786328e-15   3.5375000e-01   3.5375000e-01
   2.9000000e+01   1.4000000e+01   2.4138252e-15   3.4384375e-01   3.4384375e-01
   3.0000000e+01   1.4000000e+01   2.3224302e-15   3.3046875e-01   3.3046875e-01
   3.1000000e+01   1.4000000e+01   2.2153765e-15   3.1318750e-01   3.1318750e-01
   3.2000000e+01   1.4000000e+01   2.1967144e-15   3.0787500e-01   3.0787500e-01
   3.3000000e+01   1.4000000e+01   2.3171189e-15   3.1337500e-01   3.1337500e-01
   3.4000000e+01   1.4000000e+01   2.4082513e-15   3.2678125e-01   3.2678125e-01
   3.5000000e+01   1.4000000e+01   2.5443308e-15   3.4568750e-01   3.4568750e-01
   1.0000000e+00   1.5000000e+01   2.3272655e-15   3.2043750e-01   3.2043750e-01
   2.0000000e+00   1.5000000e+01   2.4913041e-15   3.3859375e-01   3.3859375e-01
   3.0000000e+00   1.5000000e+01   2.6481173e-15   3.5678125e-01   3.5678125e-01
   4.0000000e+00   1.5000000e+01   2.7015598e-15   3.6271875e-01   3.6271875e-01
   5.0000000e+00   1.5000000e+01   2.6369299e-15   3.5396875e-01   3.5396875e-01
   6.0000000e+00   1.5000000e+01   2.5631188e-15   3.3106250e-01   3.3106250e-01
   7.0000000e+00   1.5000000e+01   2.3247790e-15   3.0637500e-01   3.0637500e-01
   8.0000000e+00   1.5000000e+01   2.1833437e-15   3.1425000e-01   3.1425000e-01
   9.0000000e+00   1.5000000e+01   2.3846687e-15   3.2781250e-01   3.2781250e-01
   1.0000000e+01   1.5000000e+01   2.4003230e-15   3.3815625e-01   3.3815625e-01
   1.1000000e+01   1.5000000e+01   2.6011841e-15   3.3484375e-01   3.3484375e-01
   1.2000000e+01   1.5000000e+01   2.4429366e-15   3.4031250e-01   3.4031250e-01
   1.3000000e+01   1.5000000e+01   2.3552275e-15   3.2918750e-01   3.2918750e-01
   1.4000000e+01   1.5000000e+01   2.3385339e-15   3.1568750e-01   3.1568750e-01
   1.5000000e+01   1.5000000e+01   2.2409761e-15   2.9928125e-01   2.9928125e-01
   1.6000000e+01   1.5000000e+01   2.1184591e-15   2.9209375e-01   2.9209375e-01
   1.7000000e+01   1.5000000e+01   2.2291637e-15   3.1453125e-01   3.1453125e-01
   1.8000000e+01   1.5000000e+01   2.2770846e-15   3.2590625e-01   3.2590625e-01
   1.9000000e+01   1.5000000e+01   2.5615710e-15   3.4684375e-01   3.4684375e-01
   2.0000000e+01   1.5000000e+01   2.6706375e-15   3.6490625e-01   3.6490625e-01
   2.1000000e+01   1.5000000e+01   2.7801032e-15   3.6206250e-01   3.6206250e-01
   2.2000000e+01   1.5000000e+01   2.7255563e-15   3.4956250e-01   3.4956250e-01
   2.3000000e+01   1.5000000e+01   2.4480218e-15   3.2225000e-01   3.2225000e-01
   2.4000000e+01   1.5000000e+01   2.2571634e-15   3.1640625e-01   3.1640625e-01
   2.5000000e+01   1.5000000e+01   2.2746324e-15   3.2237500e-01   3.2237500e-01
   2.6000000e+01   1.5000000e+01   2.3917041e-15   3.3053125e-01   3.3053125e-01
   2.7000000e+01   1.5000000e+01   2.4752628e-15   3.4334375e-01   3.4334375e-01
   2.8000000e+01   1.5000000e+01   2.5363634e-15   3.4787500e-01   3.4787500e-01
   2.9000000e+01   1.5000000e+01   2.5446866e-15   3.4025000e-01   3.4025000e-01
   3.0000000e+01   1.5000000e+01   2.5190369e-15   3.2618750e-01   3.2618750e-01
   3.1000000e+01   1.5000000e+01   2.4145173e-15   3.0662500e-01   3.0662500e-01
   3.2000000e+01   1.5000000e+01   2.2022771e-15   2.9078125e-01   2.9078125e-01
   3.3000000e+01   1.5000000e+01   2.1764005e-15   3.0121875e-01   3.0121875e-01
   3.4000000e+01   1.5000000e+01   2.2967574e-15   3.1678125e-01   3.1678125e-01
   3.5000000e+01   1.5000000e+01   2.4432058e-15   3.3653125e-01   3.3653125e-01
   1.0000000e+00   1.6000000e+01   2.1667768e-15   3.1018750e-01   3.1018750e-01
   2.0000000e+00   1.6000000e+01   2.3525830e-15   3.2375000e-01   3.2375000e-01
   3.0000000e+00   1.6000000e+01   2.4456289e-15   3.3953125e-01   3.3953125e-01
   4.0000000e+00   1.6000000e+01   2.5764557e-15   3.4550000e-01   3.4550000e-01
   5.0000000e+00   1.6000000e+01   2.4918042e-15   3.3803125e-01   3.3803125e-01
   6.0000000e+00   1.6000000e+01   2.2722665e-15   3.2000000e-01   3.2000000e-01
   7.0000000e+00   1.6000000e+01   2.2884621e-15   3.0803125e-01   3.0803125e-01
   8.0000000e+00   1.6000000e+01   2.3419082e-15   3.0153125e-01   3.0153125e-01
   9.0000000e+00   1.6000000e+01   2.3961848e-15   3.0750000e-01   3.0750000e-01
   1.0000000e+01   1.6000000e+01   2.4525468e-15   3.1825000e-01   3.1825000e-01
   1.1000000e+01   1.6000000e+01   2.4258905e-15   3.1715625e-01   3.1715625e-01
   1.2000000e+01   1.6000000e+01   2.3959174e-15   3.2218750e-01   3.2218750e-01
   1.3000000e+01   1.6000000e+01   2.2269109e-15   3.1515625e-01   3.1515625e-01
   1.4000000e+01   1.6000000e+01   2.1561968e-15   3.0171875e-01   3.0171875e-01
   1.5000000e+01   1.6000000e+01   2.0979910e-15   2.9440625e-01   2.9440625e-01
   1.6000000e+01   1.6000000e+01   2.0837443e-15   2.9403125e-01   2.9403125e-01
   1.7000000e+01   1.6000000e+01   2.0943962e-15   3.0475000e-01   3.0475000e-01
   1.8000000e+01   1.6000000e+01   2.2485544e-15   3.1803125e-01   3.1803125e-01
   1.9000000e+01   1.6000000e+01   2.3918701e-15   3.3090625e-01   3.3090625e-01
   2.0000000e+01   1.6000000e+01   2.5198257e-15   3.4965625e-01   3.4965625e-01
   2.1000000e+01   1.6000000e+01   2.5081505e-15   3.4934375e-01   3.4934375e-01
   2.2000000e+01   1.6000000e+01   2.4916369e-15   3.4075000e-01   3.4075000e-01
   2.3000000e+01   1.6000000e+01   2.3797648e-15   3.2225000e-01   3.2225000e-01
   2.4000000e+01   1.6000000e+01   2.3325648e-15   3.1046875e-01   3.1046875e-01
   2.5000000e+01   1.6000000e+01   2.4327635e-15   3.1078125e-01   3.1078125e-01
   2.6000000e+01   1.6000000e+01   2.4709348e-15   3.1625000e-01   3.1625000e-01
   2.7000000e+01   1.6000000e+01   2.4824433e-15   3.2665625e-01   3.2665625e-01
   2.8000000e+01   1.6000000e+01   2.5543217e-15   3.2656250e-01   3.2656250e-01
   2.9000000e+01   1.6000000e+01   2.4913018e-15   3.2112500e-01   3.2112500e-01
   3.0000000e+01   1.6000000e+01   2.3667593e-15   3.1346875e-01   3.1346875e-01
   3.1000000e+01   1.6000000e+01   2.3261749e-15   3.0021875e-01   3.0021875e-01
   3.2000000e+01   1.6000000e+01   2.2877873e-15   2.9512500e-01   2.9512500e-01
   3.3000000e+01   1.6000000e+01   2.2733158e-15   2.9865625e-01   2.9865625e-01
   3.4000000e+01   1.6000000e+01   2.4210839e-15   3.0943750e-01   3.0943750e-01
   3.5000000e+01   1.6000000e+01   2.5673194e-15   3.1943750e-01   3.1943750e-01
   1.0000000e+00   1.7000000e+01   2.2752135e-15   2.9031250e-01   2.9031250e-01
   2.0000000e+00   1.7000000e+01   2.3797621e-15   3.0981250e-01   3.0981250e-01
   3.0000000e+00   1.7000000e+01   2.4226406e-15   3.2509375e-01   3.2509375e-01
   4.0000000e+00   1.7000000e+01   2.4420141e-15   3.2921875e-01   3.2921875e-01
   5.0000000e+00   1.7000000e+01   2.3325641e-15   3.2159375e-01   3.2159375e-01
   6.0000000e+00   1.7000000e+01   2.2096151e-15   3.0862500e-01   3.0862500e-01
   7.0000000e+00   1.7000000e+01   2.1084211e-15   2.9765625e-01   2.9765625e-01
   8.0000000e+00   1.7000000e+01   2.1698946e-15   2.8700000e-01   2.8700000e-01
   9.0000000e+00   1.7000000e+01   2.2246442e-15   3.0775000e-01   3.0775000e-01
   1.0000000e+01   1.7000000e+01   2.2426290e-15   3.1378125e-01   3.1378125e-01
   1.1000000e+01   1.7000000e+01   2.3152976e-15   3.2412500e-01   3.2412500e-01
   1.2000000e+01   1.7000000e+01   2.3582416e-15   3.0734375e-01   3.0734375e-01
   1.3000000e+01   1.7000000e+01   2.3026461e-15   3.0925000e-01   3.0925000e-01
   1.4000000e+01   1.7000000e+01   2.1595573e-15   2.9356250e-01   2.9356250e-01
   1.5000000e+01   1.7000000e+01   2.0008900e-15   2.7981250e-01   2.7981250e-01
   1.6000000e+01   1.7000000e+01   2.0488336e-15   2.8418750e-01   2.8418750e-01
   1.7000000e+01   1.7000000e+01   2.0572261e-15   2.8890625e-01   2.8890625e-01
   1.8000000e+01   1.7000000e+01   2.2215582e-15   3.0759375e-01   3.0759375e-01
   1.9000000e+01   1.7000000e+01   2.2830670e-15   3.1896875e-01   3.1896875e-01
   2.0000000e+01   1.7000000e+01   2.3931362e-15   3.3500000e-01   3.3500000e-01
   2.1000000e+01   1.7000000e+01   2.4166260e-15   3.3681250e-01   3.3681250e-01
   2.2000000e+01   1.7000000e+01   2.3649657e-15   3.1312500e-01   3.1312500e-01
   2.3000000e+01   1.7000000e+01   2.3026654e-15   3.1112500e-01   3.1112500e-01
   2.4000000e+01   1.7000000e+01   2.1636451e-15   3.0018750e-01   3.0018750e-01
   2.5000000e+01   1.7000000e+01   2.1881286e-15   3.0362500e-01   3.0362500e-01
   2.6000000e+01   1.7000000e+01   2.2935827e-15   3.1684375e-01   3.1684375e-01
   2.7000000e+01   1.7000000e+01   2.2853530e-15   3.2231250e-01   3.2231250e-01
   2.8000000e+01   1.7000000e+01   2.3377051e-15   3.2743750e-01   3.2743750e-01
   2.9000000e+01   1.7000000e+01   2.2861518e-15   3.2321875e-01   3.2321875e-01
   3.0000000e+01   1.7000000e+01   2.1924455e-15   3.1040625e-01   3.1040625e-01
   3.1000000e+01   1.7000000e+01   2.0731771e-15   2.8778125e-01   2.8778125e-01
   3.2000000e+01   1.7000000e+01   2.0160064e-15   2.7606250e-01   2.7606250e-01
   3.3000000e+01   1.7000000e+01   2.0586218e-15   2.7787500e-01   2.7787500e-01
   3.4000000e+01   1.7000000e+01   2.1081124e-15   2.9615625e-01   2.9615625e-01
   3.5000000e+01   1.7000000e+01   2.2781890e-15   3.1859375e-01   3.1859375e-01
   1.0000000e+00   1.8000000e+01   2.0771710e-15   2.8943750e-01   2.8943750e-01
   2.0000000e+00   1.8000000e+01   2.1366456e-15   2.9350000e-01   2.9350000e-01
   3.0000000e+00   1.8000000e+01   2.3548585e-15   3.0296875e-01   3.0296875e-01
   4.0000000e+00   1.8000000e+01   2.4721400e-15   3.1293750e-01   3.1293750e-01
   5.0000000e+00   1.8000000e+01   2.3738362e-15   3.1078125e-01   3.1078125e-01
   6.0000000e+00   1.8000000e+01   2.1882371e-15   3.0021875e-01   3.0021875e-01
   7.0000000e+00   1.8000000e+01   2.1325129e-15   2.9068750e-01   2.9068750e-01
   8.0000000e+00   1.8000000e+01   2.0912445e-15   2.9234375e-01   2.9234375e-01
   9.0000000e+00   1.8000000e+01   2.1504501e-15   3.0115625e-01   3.0115625e-01
   1.0000000e+01   1.8000000e+01   2.2895081e-15   3.1103125e-01   3.1103125e-01
   1.1000000e+01   1.8000000e+01   2.2924794e-15   3.1553125e-01   3.1553125e-01
   1.2000000e+01   1.8000000e+01   2.2738562e-15   3.1381250e-01   3.1381250e-01
   1.3000000e+01   1.8000000e+01   2.1189505e-15   2.9884375e-01   2.9884375e-01
   1.4000000e+01   1.8000000e+01   2.0335733e-15   2.8706250e-01   2.8706250e-01
   1.5000000e+01   1.8000000e+01   1.9058516e-15   2.7406250e-01   2.7406250e-01
   1.6000000e+01   1.8000000e+01   1.9507716e-15   2.7443750e-01   2.7443750e-01
   1.7000000e+01   1.8000000e+01   1.9915248e-15   2.8353125e-01   2.8353125e-01
   1.8000000e+01   1.8000000e+01   2.1395705e-15   2.9384375e-01   2.9384375e-01
   1.9000000e+01   1.8000000e+01   2.3538157e-15   3.1031250e-01   3.1031250e-01
   2.0000000e+01   1.8000000e+01   2.4471865e-15   3.1503125e-01   3.1503125e-01
   2.1000000e+01   1.8000000e+01   2.3706650e-15   3.0850000e-01   3.0850000e-01
   2.2000000e+01   1.8000000e+01   2.3611867e-15   3.0118750e-01   3.0118750e-01
   2.3000000e+01   1.8000000e+01   2.1414235e-15   2.8509375e-01   2.8509375e-01
   2.4000000e+01   1.8000000e+01   2.0240686e-15   2.8434375e-01   2.8434375e-01
   2.5000000e+01   1.8000000e+01   2.1191037e-15   2.9537500e-01   2.9537500e-01
   2.6000000e+01   1.8000000e+01   2.1535762e-15   3.0453125e-01   3.0453125e-01
   2.7000000e+01   1.8000000e+01   2.2653819e-15   3.1521875e-01   3.1521875e-01
   2.8000000e+01   1.8000000e+01   2.3183895e-15   3.2087500e-01   3.2087500e-01
   2.9000000e+01   1.8000000e+01   2.2779737e-15   3.1334375e-01   3.1334375e-01
   3.0000000e+01   1.8000000e+01   2.1512307e-15   2.9871875e-01   2.9871875e-01
   3.1000000e+01   1.8000000e+01   1.9998114e-15   2.8137500e-01   2.8137500e-01
   3.2000000e+01   1.8000000e+01   1.9697322e-15   2.7178125e-01   2.7178125e-01
   3.3000000e+01   1.8000000e+01   2.0221463e-15   2.7015625e-01   2.7015625e-01
   3.4000000e+01   1.8000000e+01   2.1683885e-15   2.7840625e-01   2.7840625e-01
   3.5000000e+01   1.8000000e+01   2.2893033e-15   2.9459375e-01   2.9459375e-01
   1.0000000e+00   1.9000000e+01   2.2500583e-15   2.8412500e-01   2.8412500e-01
   2.0000000e+00   1.9000000e+01   2.2615532e-15   3.0403125e-01   3.0403125e-01
   3.0000000e+00   1.9000000e+01   2.3070636e-15   3.1303125e-01   3.1303125e-01
   4.0000000e+00   1.9000000e+01   2.2032906e-15   3.1306250e-01   3.1306250e-01
   5.0000000e+00   1.9000000e+01   2.2073990e-15   3.1068750e-01   3.1068750e-01
   6.0000000e+00   1.9000000e+01   2.1088024e-15   2.8296875e-01   2.8296875e-01
   7.0000000e+00   1.9000000e+01   2.1456270e-15   2.8484375e-01   2.8484375e-01
   8.0000000e+00   1.9000000e+01   2.0994714e-15   2.9018750e-01   2.9018750e-01
   9.0000000e+00   1.9000000e+01   2.1219385e-15   2.9728125e-01   2.9728125e-01
   1.0000000e+01   1.9000000e+01   2.1504858e-15   3.0653125e-01   3.0653125e-01
   1.1000000e+01   1.9000000e+01   2.2443635e-15   3.1262500e-01   3.1262500e-01
   1.2000000e+01   1.9000000e+01   2.1998645e-15   3.0487500e-01   3.0487500e-01
   1.3000000e+01   1.9000000e+01   2.1525811e-15   2.8328125e-01   2.8328125e-01
   1.4000000e+01   1.9000000e+01   2.0603607e-15   2.7200000e-01   2.7200000e-01
   1.5000000e+01   1.9000000e+01   2.0667035e-15   2.6721875e-01   2.6721875e-01
   1.6000000e+01   1.9000000e+01   2.0038410e-15   2.7021875e-01   2.7021875e-01
   1.7000000e+01   1.9000000e+01   2.0765988e-15   2.8115625e-01   2.8115625e-01
   1.8000000e+01   1.9000000e+01   2.1414917e-15   2.9528125e-01   2.9528125e-01
   1.9000000e+01   1.9000000e+01   2.2607405e-15   3.0531250e-01   3.0531250e-01
   2.0000000e+01   1.9000000e+01   2.2420589e-15   3.1275000e-01   3.1275000e-01
   2.1000000e+01   1.9000000e+01   2.2690040e-15   3.1212500e-01   3.1212500e-01
   2.2000000e+01   1.9000000e+01   2.1854850e-15   3.0512500e-01   3.0512500e-01
   2.3000000e+01   1.9000000e+01   2.0376208e-15   2.9218750e-01   2.9218750e-01
   2.4000000e+01   1.9000000e+01   2.0156429e-15   2.8512500e-01   2.8512500e-01
   2.5000000e+01   1.9000000e+01   2.0449065e-15   2.9081250e-01   2.9081250e-01
   2.6000000e+01   1.9000000e+01   2.1934990e-15   3.0246875e-01   3.0246875e-01
   2.7000000e+01   1.9000000e+01   2.2276979e-15   3.0678125e-01   3.0678125e-01
   2.8000000e+01   1.9000000e+01   2.2404172e-15   3.1209375e-01   3.1209375e-01
   2.9000000e+01   1.9000000e+01   2.1943469e-15   3.0462500e-01   3.0462500e-01
   3.0000000e+01   1.9000000e+01   2.0947503e-15   2.9265625e-01   2.9265625e-01
   3.1000000e+01   1.9000000e+01   1.9800951e-15   2.7790625e-01   2.7790625e-01
   3.2000000e+01   1.9000000e+01   1.8750556e-15   2.6934375e-01   2.6934375e-01
   3.3000000e+01   1.9000000e+01   1.9515687e-15   2.7584375e-01   2.7584375e-01
   3.4000000e+01   1.9000000e+01   2.0350809e-15   2.8587500e-01   2.8587500e-01
   3.5000000e+01   1.9000000e+01   2.1905966e-15   3.0093750e-01   3.0093750e-01
   1.0000000e+00   2.0000000e+01   2.1271679e-15   2.9315625e-01   2.9315625e-01
   2.0000000e+00   2.0000000e+01   2.2605404e-15   3.0556250e-01   3.0556250e-01
   3.0000000e+00   2.0000000e+01   2.3282772e-15   3.1278125e-01   3.1278125e-01
   4.0000000e+00   2.0000000e+01   2.3983124e-15   3.1381250e-01   3.1381250e-01
   5.0000000e+00   2.0000000e+01   2.3189464e-15   2.9709375e-01   2.9709375e-01
   6.0000000e+00   2.0000000e+01   2.2726227e-15   2.8821875e-01   2.8821875e-01
   7.0000000e+00   2.0000000e+01   2.1633392e-15   2.8500000e-01   2.8500000e-01
   8.0000000e+00   2.0000000e+01   2.1351487e-15   2.8915625e-01   2.8915625e-01
   9.0000000e+00   2.0000000e+01   2.2240474e-15   2.9978125e-01   2.9978125e-01
   1.0000000e+01   2.0000000e+01   2.2272341e-15   3.0575000e-01   3.0575000e-01
   1.1000000e+01   2.0000000e+01   2.2577048e-15   3.0834375e-01   3.0834375e-01
   1.2000000e+01   2.0000000e+01   2.2314731e-15   3.0431250e-01   3.0431250e-01
   1.3000000e+01   2.0000000e+01   2.1750352e-15   2.9825000e-01   2.9825000e-01
   1.4000000e+01   2.0000000e+01   1.9512512e-15   2.8090625e-01   2.8090625e-01
   1.5000000e+01   2.0000000e+01   1.8824894e-15   2.7153125e-01   2.7153125e-01
   1.6000000e+01   2.0000000e+01   1.8902219e-15   2.7281250e-01   2.7281250e-01
   1.7000000e+01   2.0000000e+01   1.9608494e-15   2.8431250e-01   2.8431250e-01
   1.8000000e+01   2.0000000e+01   2.1082193e-15   2.9778125e-01   2.9778125e-01
   1.9000000e+01   2.0000000e+01   2.1665771e-15   3.0490625e-01   3.0490625e-01
   2.0000000e+01   2.0000000e+01   2.2456550e-15   3.1337500e-01   3.1337500e-01
   2.1000000e+01   2.0000000e+01   2.1747279e-15   3.0821875e-01   3.0821875e-01
   2.2000000e+01   2.0000000e+01   2.1197997e-15   2.9237500e-01   2.9237500e-01
   2.3000000e+01   2.0000000e+01   2.1605332e-15   2.8262500e-01   2.8262500e-01
   2.4000000e+01   2.0000000e+01   2.1290209e-15   2.8259375e-01   2.8259375e-01
   2.5000000e+01   2.0000000e+01   2.0936869e-15   2.9087500e-01   2.9087500e-01
   2.6000000e+01   2.0000000e+01   2.1492414e-15   2.9578125e-01   2.9578125e-01
   2.7000000e+01   2.0000000e+01   2.2045172e-15   3.0437500e-01   3.0437500e-01
   2.8000000e+01   2.0000000e+01   2.1855665e-15   3.0796875e-01   3.0796875e-01
   2.9000000e+01   2.0000000e+01   2.1152150e-15   3.0128125e-01   3.0128125e-01
   3.0000000e+01   2.0000000e+01   2.0881402e-15   2.7821875e-01   2.7821875e-01
   3.1000000e+01   2.0000000e+01   2.0310912e-15   2.7215625e-01   2.7215625e-01
   3.2000000e+01   2.0000000e+01   1.9278560e-15   2.6906250e-01   2.6906250e-01
   3.3000000e+01   2.0000000e+01   1.9524848e-15   2.7153125e-01   2.7153125e-01
   3.4000000e+01   2.0000000e+01   2.0367913e-15   2.8568750e-01   2.8568750e-01
   3.5000000e+01   2.0000000e+01   2.0937540e-15   2.9684375e-01   2.9684375e-01
   1.0000000e+00   2.1000000e+01   2.1240908e-15   2.9912500e-01   2.9912500e-01
   2.0000000e+00   2.1000000e+01   2.2403166e-15   3.1275000e-01   3.1275000e-01
   3.0000000e+00   2.1000000e+01   2.3646332e-15   3.1993750e-01   3.1993750e-01
   4.0000000e+00   2.1000000e+01   2.3984688e-15   3.1728125e-01   3.1728125e-01
   5.0000000e+00   2.1000000e+01   2.3476755e-15   3.0281250e-01   3.0281250e-01
   6.0000000e+00   2.1000000e+01   2.2738809e-15   2.9059375e-01   2.9059375e-01
   7.0000000e+00   2.1000000e+01   2.1306498e-15   2.8987500e-01   2.8987500e-01
   8.0000000e+00   2.1000000e+01   2.0816864e-15   2.9315625e-01   2.9315625e-01
   9.0000000e+00   2.1000000e+01   2.0645950e-15   2.9862500e-01   2.9862500e-01
   1.0000000e+01   2.1000000e+01   2.1808642e-15   3.0615625e-01   3.0615625e-01
   1.1000000e+01   2.1000000e+01   2.1993814e-15   3.0953125e-01   3.0953125e-01
   1.2000000e+01   2.1000000e+01   2.1897109e-15   3.0584375e-01   3.0584375e-01
   1.3000000e+01   2.1000000e+01   2.1612957e-15   2.9878125e-01   2.9878125e-01
   1.4000000e+01   2.1000000e+01   2.0277271e-15   2.8496875e-01   2.8496875e-01
   1.5000000e+01   2.1000000e+01   1.9242109e-15   2.7575000e-01   2.7575000e-01
   1.6000000e+01   2.1000000e+01   1.9246758e-15   2.7456250e-01   2.7456250e-01
   1.7000000e+01   2.1000000e+01   2.0308330e-15   2.8612500e-01   2.8612500e-01
   1.8000000e+01   2.1000000e+01   2.0901173e-15   2.9784375e-01   2.9784375e-01
   1.9000000e+01   2.1000000e+01   2.2301879e-15   3.1171875e-01   3.1171875e-01
   2.0000000e+01   2.1000000e+01   2.3136082e-15   3.1521875e-01   3.1521875e-01
   2.1000000e+01   2.1000000e+01   2.2681370e-15   3.0093750e-01   3.0093750e-01
   2.2000000e+01   2.1000000e+01   2.1824844e-15   2.8746875e-01   2.8746875e-01
   2.3000000e+01   2.1000000e+01   2.0779733e-15   2.7681250e-01   2.7681250e-01
   2.4000000e+01   2.1000000e+01   2.0346369e-15   2.7356250e-01   2.7356250e-01
   2.5000000e+01   2.1000000e+01   2.2128493e-15   2.8234375e-01   2.8234375e-01
   2.6000000e+01   2.1000000e+01   2.2614629e-15   2.9262500e-01   2.9262500e-01
   2.7000000e+01   2.1000000e+01   2.3148024e-15   2.9462500e-01   2.9462500e-01
   2.8000000e+01   2.1000000e+01   2.2129281e-15   2.9134375e-01   2.9134375e-01
   2.9000000e+01   2.1000000e+01   2.1581886e-15   3.0059375e-01   3.0059375e-01
   3.0000000e+01   2.1000000e+01   2.0162560e-15   2.9078125e-01   2.9078125e-01
   3.1000000e+01   2.1000000e+01   1.8944640e-15   2.7678125e-01   2.7678125e-01
   3.2000000e+01   2.1000000e+01   1.8458989e-15   2.6846875e-01   2.6846875e-01
   3.3000000e+01   2.1000000e+01   1.9246696e-15   2.7581250e-01   2.7581250e-01
   3.4000000e+01   2.1000000e+01   2.0718496e-15   2.8650000e-01   2.8650000e-01
   3.5000000e+01   2.1000000e+01   2.2491758e-15   3.0303125e-01   3.0303125e-01
   1.0000000e+00   2.2000000e+01   2.2150504e-15   2.9259375e-01   2.9259375e-01
   2.0000000e+00   2.2000000e+01   2.3748943e-15   3.0734375e-01   3.0734375e-01
   3.0000000e+00   2.2000000e+01   2.5240869e-15   3.2446875e-01   3.2446875e-01
   4.0000000e+00   2.2000000e+01   2.3909546e-15   3.2443750e-01   3.2443750e-01
   5.0000000e+00   2.2000000e+01   2.2950037e-15   3.1540625e-01   3.1540625e-01
   6.0000000e+00   2.2000000e+01   2.1686159e-15   3.0262500e-01   3.0262500e-01
   7.0000000e+00   2.2000000e+01   2.0789302e-15   2.9428125e-01   2.9428125e-01
   8.0000000e+00   2.2000000e+01   2.1179408e-15   2.9531250e-01   2.9531250e-01
   9.0000000e+00   2.2000000e+01   2.1000573e-15   3.0090625e-01   3.0090625e-01
   1.0000000e+01   2.2000000e+01   2.2142918e-15   3.0843750e-01   3.0843750e-01
   1.1000000e+01   2.2000000e+01   2.2464332e-15   3.0859375e-01   3.0859375e-01
   1.2000000e+01   2.2000000e+01   2.1661624e-15   3.0431250e-01   3.0431250e-01
   1.3000000e+01   2.2000000e+01   2.1341357e-15   2.9865625e-01   2.9865625e-01
   1.4000000e+01   2.2000000e+01   2.0000361e-15   2.8831250e-01   2.8831250e-01
   1.5000000e+01   2.2000000e+01   1.9909668e-15   2.7618750e-01   2.7618750e-01
   1.6000000e+01   2.2000000e+01   2.1168663e-15   2.7700000e-01   2.7700000e-01
   1.7000000e+01   2.2000000e+01   2.1601832e-15   2.9000000e-01   2.9000000e-01
   1.8000000e+01   2.2000000e+01   2.1931364e-15   3.0490625e-01   3.0490625e-01
   1.9000000e+01   2.2000000e+01   2.3238893e-15   3.1687500e-01   3.1687500e-01
   2.0000000e+01   2.2000000e+01   2.3782071e-15   3.0862500e-01   3.0862500e-01
   2.1000000e+01   2.2000000e+01   2.3284549e-15   3.1481250e-01   3.1481250e-01
   2.2000000e+01   2.2000000e+01   2.2478098e-15   3.0537500e-01   3.0537500e-01
   2.3000000e+01   2.2000000e+01   2.1270475e-15   2.9334375e-01   2.9334375e-01
   2.4000000e+01   2.2000000e+01   2.0343873e-15   2.8734375e-01   2.8734375e-01
   2.5000000e+01   2.2000000e+01   2.0685502e-15   2.9334375e-01   2.9334375e-01
   2.6000000e+01   2.2000000e+01   2.1316162e-15   3.0003125e-01   3.0003125e-01
   2.7000000e+01   2.2000000e+01   2.1358017e-15   3.0318750e-01   3.0318750e-01
   2.8000000e+01   2.2000000e+01   2.1965258e-15   3.0737500e-01   3.0737500e-01
   2.9000000e+01   2.2000000e+01   2.1014032e-15   3.0065625e-01   3.0065625e-01
   3.0000000e+01   2.2000000e+01   2.0147805e-15   2.9403125e-01   2.9403125e-01
   3.1000000e+01   2.2000000e+01   1.9000685e-15   2.8128125e-01   2.8128125e-01
   3.2000000e+01   2.2000000e+01   1.8753665e-15   2.7484375e-01   2.7484375e-01
   3.3000000e+01   2.2000000e+01   1.9792253e-15   2.7768750e-01   2.7768750e-01
   3.4000000e+01   2.2000000e+01   2.0237122e-15   2.8790625e-01   2.8790625e-01
   3.5000000e+01   2.2000000e+01   2.2304150e-15   3.0621875e-01   3.0621875e-01
   1.0000000e+00   2.3000000e+01   2.3706499e-15   3.0165625e-01   3.0165625e-01
   2.0000000e+00   2.3000000e+01   2.4394540e-15   3.2703125e-01   3.2703125e-01
   3.0000000e+00   2.3000000e+01   2.4387303e-15   3.3471875e-01   3.3471875e-01
   4.0000000e+00   2.3000000e+01   2.3855737e-15   3.3237500e-01   3.3237500e-01
   5.0000000e+00   2.3000000e+01   2.3541887e-15   3.2265625e-01   3.2265625e-01
   6.0000000e+00   2.3000000e+01   2.2085936e-15   3.0362500e-01   3.0362500e-01
   7.0000000e+00   2.3000000e+01   2.2403995e-15   2.8912500e-01   2.8912500e-01
   8.0000000e+00   2.3000000e+01   2.2437355e-15   2.8956250e-01   2.8956250e-01
   9.0000000e+00   2.3000000e+01   2.2842272e-15   2.9590625e-01   2.9590625e-01
   1.0000000e+01   2.3000000e+01   2.3379634e-15   3.0184375e-01   3.0184375e-01
   1.1000000e+01   2.3000000e+01   2.3761987e-15   3.0243750e-01   3.0243750e-01
   1.2000000e+01   2.3000000e+01   2.4803758e-15   3.0571875e-01   3.0571875e-01
   1.3000000e+01   2.3000000e+01   2.3395839e-15   2.9618750e-01   2.9618750e-01
   1.4000000e+01   2.3000000e+01   2.2009871e-15   2.8903125e-01   2.8903125e-01
   1.5000000e+01   2.3000000e+01   2.1212612e-15   2.8568750e-01   2.8568750e-01
   1.6000000e+01   2.3000000e+01   2.0471359e-15   2.8625000e-01   2.8625000e-01
   1.7000000e+01   2.3000000e+01   2.0967678e-15   2.9500000e-01   2.9500000e-01
   1.8000000e+01   2.3000000e+01   2.2158646e-15   3.1034375e-01   3.1034375e-01
   1.9000000e+01   2.3000000e+01   2.4656285e-15   3.1546875e-01   3.1546875e-01
   2.0000000e+01   2.3000000e+01   2.3803755e-15   3.3250000e-01   3.3250000e-01
   2.1000000e+01   2.3000000e+01   2.2794431e-15   3.2678125e-01   3.2678125e-01
   2.2000000e+01   2.3000000e+01   2.4310822e-15   3.0653125e-01   3.0653125e-01
   2.3000000e+01   2.3000000e+01   2.1636506e-15   2.9987500e-01   2.9987500e-01
   2.4000000e+01   2.3000000e+01   2.0456758e-15   2.9287500e-01   2.9287500e-01
   2.5000000e+01   2.3000000e+01   2.0941973e-15   2.8331250e-01   2.8331250e-01
   2.6000000e+01   2.3000000e+01   2.2642676e-15   3.0006250e-01   3.0006250e-01
   2.7000000e+01   2.3000000e+01   2.1806815e-15   3.0246875e-01   3.0246875e-01
   2.8000000e+01   2.3000000e+01   2.2301212e-15   3.0825000e-01   3.0825000e-01
   2.9000000e+01   2.3000000e+01   2.1455659e-15   2.9956250e-01   2.9956250e-01
   3.0000000e+01   2.3000000e+01   2.2110178e-15   2.8550000e-01   2.8550000e-01
   3.1000000e+01   2.3000000e+01   2.0839819e-15   2.8590625e-01   2.8590625e-01
   3.2000000e+01   2.3000000e+01   1.9380380e-15   2.7700000e-01   2.7700000e-01
   3.3000000e+01   2.3000000e+01   1.9691510e-15   2.8012500e-01   2.8012500e-01
   3.4000000e+01   2.3000000e+01   2.0818601e-15   2.9081250e-01   2.9081250e-01
   3.5000000e+01   2.3000000e+01   2.1973809e-15   3.0981250e-01   3.0981250e-01
   1.0000000e+00   2.4000000e+01   2.2642582e-15   3.1346875e-01   3.1346875e-01
   2.0000000e+00   2.4000000e+01   2.4327111e-15   3.3021875e-01   3.3021875e-01
   3.0000000e+00   2.4000000e+01   2.5404710e-15   3.4306250e-01   3.4306250e-01
   4.0000000e+00   2.4000000e+01   2.5229210e-15   3.3990625e-01   3.3990625e-01
   5.0000000e+00   2.4000000e+01   2.4531860e-15   3.2875000e-01   3.2875000e-01
   6.0000000e+00   2.4000000e+01   2.3162853e-15   3.1306250e-01   3.1306250e-01
   7.0000000e+00   2.4000000e+01   2.1889812e-15   3.0350000e-01   3.0350000e-01
   8.0000000e+00   2.4000000e+01   2.1571094e-15   3.0243750e-01   3.0243750e-01
   9.0000000e+00   2.4000000e+01   2.2395908e-15   3.1278125e-01   3.1278125e-01
   1.0000000e+01   2.4000000e+01   2.2832923e-15   3.1800000e-01   3.1800000e-01
   1.1000000e+01   2.4000000e+01   2.4022594e-15   3.0712500e-01   3.0712500e-01
   1.2000000e+01   2.4000000e+01   2.3511770e-15   3.1325000e-01   3.1325000e-01
   1.3000000e+01   2.4000000e+01   2.3064512e-15   3.1031250e-01   3.1031250e-01
   1.4000000e+01   2.4000000e+01   2.1353390e-15   2.9662500e-01   2.9662500e-01
   1.5000000e+01   2.4000000e+01   2.1020061e-15   2.9112500e-01   2.9112500e-01
   1.6000000e+01   2.4000000e+01   2.0903917e-15   2.9556250e-01   2.9556250e-01
   1.7000000e+01   2.4000000e+01   2.1822107e-15   2.9856250e-01   2.9856250e-01
   1.8000000e+01   2.4000000e+01   2.4108310e-15   3.0531250e-01   3.0531250e-01
   1.9000000e+01   2.4000000e+01   2.4387998e-15   3.2975000e-01   3.2975000e-01
   2.0000000e+01   2.4000000e+01   2.5694702e-15   3.3918750e-01   3.3918750e-01
   2.1000000e+01   2.4000000e+01   2.3676312e-15   3.2996875e-01   3.2996875e-01
   2.2000000e+01   2.4000000e+01   2.3893140e-15   3.1146875e-01   3.1146875e-01
   2.3000000e+01   2.4000000e+01   2.3582982e-15   3.0600000e-01   3.0600000e-01
   2.4000000e+01   2.4000000e+01   2.1872752e-15   2.9878125e-01   2.9878125e-01
   2.5000000e+01   2.4000000e+01   2.1549847e-15   2.9996875e-01   2.9996875e-01
   2.6000000e+01   2.4000000e+01   2.1591304e-15   3.0334375e-01   3.0334375e-01
   2.7000000e+01   2.4000000e+01   2.1797613e-15   3.0975000e-01   3.0975000e-01
   2.8000000e+01   2.4000000e+01   2.2549393e-15   3.1071875e-01   3.1071875e-01
   2.9000000e+01   2.4000000e+01   2.2642902e-15   2.9334375e-01   2.9334375e-01
   3.0000000e+01   2.4000000e+01   2.2918990e-15   2.9796875e-01   2.9796875e-01
   3.1000000e+01   2.4000000e+01   2.1048721e-15   2.8706250e-01   2.8706250e-01
   3.2000000e+01   2.4000000e+01   2.0542318e-15   2.8415625e-01   2.8415625e-01
   3.3000000e+01   2.4000000e+01   2.1055839e-15   2.8759375e-01   2.8759375e-01
   3.4000000e+01   2.4000000e+01   2.2608903e-15   3.0046875e-01   3.0046875e-01
   3.5000000e+01   2.4000000e+01   2.3721926e-15   3.1721875e-01   3.1721875e-01
   1.0000000e+00   2.5000000e+01   2.4451241e-15   3.1553125e-01   3.1553125e-01
   2.0000000e+00   2.5000000e+01   2.5914733e-15   3.3209375e-01   3.3209375e-01
   3.0000000e+00   2.5000000e+01   2.6781191e-15   3.4590625e-01   3.4590625e-01
   4.0000000e+00   2.5000000e+01   2.6146799e-15   3.4496875e-01   3.4496875e-01
   5.0000000e+00   2.5000000e+01   2.5129992e-15   3.3459375e-01   3.3459375e-01
   6.0000000e+00   2.5000000e+01   2.3600174e-15   3.1618750e-01   3.1618750e-01
   7.0000000e+00   2.5000000e+01   2.3227942e-15   3.0303125e-01   3.0303125e-01
   8.0000000e+00   2.5000000e+01   2.2975355e-15   2.9025000e-01   2.9025000e-01
   9.0000000e+00   2.5000000e+01   2.2552939e-15   3.0078125e-01   3.0078125e-01
   1.0000000e+01   2.5000000e+01   2.3116038e-15   3.1668750e-01   3.1668750e-01
   1.1000000e+01   2.5000000e+01   2.3550018e-15   3.2606250e-01   3.2606250e-01
   1.2000000e+01   2.5000000e+01   2.2934084e-15   3.2393750e-01   3.2393750e-01
   1.3000000e+01   2.5000000e+01   2.2605440e-15   3.1821875e-01   3.1821875e-01
   1.4000000e+01   2.5000000e+01   2.1742772e-15   3.0600000e-01   3.0600000e-01
   1.5000000e+01   2.5000000e+01   2.1956547e-15   2.8768750e-01   2.8768750e-01
   1.6000000e+01   2.5000000e+01   2.2275246e-15   3.0103125e-01   3.0103125e-01
   1.7000000e+01   2.5000000e+01   2.2523398e-15   3.1018750e-01   3.1018750e-01
   1.8000000e+01   2.5000000e+01   2.3444607e-15   3.2221875e-01   3.2221875e-01
   1.9000000e+01   2.5000000e+01   2.4344160e-15   3.2150000e-01   3.2150000e-01
   2.0000000e+01   2.5000000e+01   2.6188214e-15   3.4228125e-01   3.4228125e-01
   2.1000000e+01   2.5000000e+01   2.4722752e-15   3.3712500e-01   3.3712500e-01
   2.2000000e+01   2.5000000e+01   2.3535723e-15   3.2843750e-01   3.2843750e-01
   2.3000000e+01   2.5000000e+01   2.4127519e-15   3.0662500e-01   3.0662500e-01
   2.4000000e+01   2.5000000e+01   2.1843254e-15   3.0056250e-01   3.0056250e-01
   2.5000000e+01   2.5000000e+01   2.1123539e-15   3.0231250e-01   3.0231250e-01
   2.6000000e+01   2.5000000e+01   2.3457664e-15   3.0187500e-01   3.0187500e-01
   2.7000000e+01   2.5000000e+01   2.2812552e-15   3.1434375e-01   3.1434375e-01
   2.8000000e+01   2.5000000e+01   2.2645045e-15   3.1931250e-01   3.1931250e-01
   2.9000000e+01   2.5000000e+01   2.2913061e-15   3.0621875e-01   3.0621875e-01
   3.0000000e+01   2.5000000e+01   2.2990079e-15   3.0359375e-01   3.0359375e-01
   3.1000000e+01   2.5000000e+01   2.1821857e-15   2.9650000e-01   2.9650000e-01
   3.2000000e+01   2.5000000e+01   2.0177322e-15   2.8793750e-01   2.8793750e-01
   3.3000000e+01   2.5000000e+01   2.0980397e-15   2.9568750e-01   2.9568750e-01
   3.4000000e+01   2.5000000e+01   2.1808713e-15   3.0178125e-01   3.0178125e-01
   3.5000000e+01   2.5000000e+01   2.4234488e-15   3.1140625e-01   3.1140625e-01
   1.0000000e+00   2.6000000e+01   2.3823542e-15   3.2134375e-01   3.2134375e-01
   2.0000000e+00   2.6000000e+01   2.5406070e-15   3.4090625e-01   3.4090625e-01
   3.0000000e+00   2.6000000e+01   2.6067893e-15   3.5237500e-01   3.5237500e-01
   4.0000000e+00   2.6000000e+01   2.6036668e-15   3.5406250e-01   3.5406250e-01
   5.0000000e+00   2.6000000e+01   2.4419358e-15   3.4146875e-01   3.4146875e-01
   6.0000000e+00   2.6000000e+01   2.3583296e-15   3.2353125e-01   3.2353125e-01
   7.0000000e+00   2.6000000e+01   2.3481790e-15   3.1137500e-01   3.1137500e-01
   8.0000000e+00   2.6000000e+01   2.2728120e-15   3.0981250e-01   3.0981250e-01
   9.0000000e+00   2.6000000e+01   2.3955469e-15   3.1634375e-01   3.1634375e-01
   1.0000000e+01   2.6000000e+01   2.4672762e-15   3.1581250e-01   3.1581250e-01
   1.1000000e+01   2.6000000e+01   2.3713628e-15   3.1765625e-01   3.1765625e-01
   1.2000000e+01   2.6000000e+01   2.4047233e-15   3.1512500e-01   3.1512500e-01
   1.3000000e+01   2.6000000e+01   2.3724376e-15   3.0853125e-01   3.0853125e-01
   1.4000000e+01   2.6000000e+01   2.2341363e-15   2.9381250e-01   2.9381250e-01
   1.5000000e+01   2.6000000e+01   2.2299395e-15   2.8815625e-01   2.8815625e-01
   1.6000000e+01   2.6000000e+01   2.2110029e-15   2.9006250e-01   2.9006250e-01
   1.7000000e+01   2.6000000e+01   2.2952979e-15   2.9696875e-01   2.9696875e-01
   1.8000000e+01   2.6000000e+01   2.2975291e-15   3.1046875e-01   3.1046875e-01
   1.9000000e+01   2.6000000e+01   2.4202468e-15   3.3490625e-01   3.3490625e-01
   2.0000000e+01   2.6000000e+01   2.5001104e-15   3.4384375e-01   3.4384375e-01
   2.1000000e+01   2.6000000e+01   2.4990046e-15   3.4021875e-01   3.4021875e-01
   2.2000000e+01   2.6000000e+01   2.3661953e-15   3.3315625e-01   3.3315625e-01
   2.3000000e+01   2.6000000e+01   2.2827142e-15   3.1740625e-01   3.1740625e-01
   2.4000000e+01   2.6000000e+01   2.1372932e-15   3.0562500e-01   3.0562500e-01
   2.5000000e+01   2.6000000e+01   2.1292321e-15   3.0271875e-01   3.0271875e-01
   2.6000000e+01   2.6000000e+01   2.2199592e-15   3.1309375e-01   3.1309375e-01
   2.7000000e+01   2.6000000e+01   2.3349544e-15   3.1896875e-01   3.1896875e-01
   2.8000000e+01   2.6000000e+01   2.4186862e-15   3.2721875e-01   3.2721875e-01
   2.9000000e+01   2.6000000e+01   2.2746541e-15   3.1790625e-01   3.1790625e-01
   3.0000000e+01   2.6000000e+01   2.2327607e-15   3.1175000e-01   3.1175000e-01
   3.1000000e+01   2.6000000e+01   2.1301387e-15   2.9925000e-01   2.9925000e-01
   3.2000000e+01   2.6000000e+01   2.0745859e-15   2.9400000e-01   2.9400000e-01
   3.3000000e+01   2.6000000e+01   2.1514638e-15   2.9812500e-01   2.9812500e-01
   3.4000000e+01   2.6000000e+01   2.2647532e-15   2.9781250e-01   2.9781250e-01
   3.5000000e+01   2.6000000e+01   2.5690018e-15   3.1940625e-01   3.1940625e-01
   1.0000000e+00   2.7000000e+01   2.4304191e-15   3.2768750e-01   3.2768750e-01
   2.0000000e+00   2.7000000e+01   2.5931609e-15   3.4709375e-01   3.4709375e-01
   3.0000000e+00   2.7000000e+01   2.7351591e-15   3.6375000e-01   3.6375000e-01
   4.0000000e+00   2.7000000e+01   2.6562686e-15   3.6243750e-01   3.6243750e-01
   5.0000000e+00   2.7000000e+01   2.6778880e-15   3.5112500e-01   3.5112500e-01
   6.0000000e+00   2.7000000e+01   2.6394343e-15   3.3003125e-01   3.3003125e-01
   7.0000000e+00   2.7000000e+01   2.4042495e-15   3.0250000e-01   3.0250000e-01
   8.0000000e+00   2.7000000e+01   2.4142356e-15   3.0468750e-01   3.0468750e-01
   9.0000000e+00   2.7000000e+01   2.4752616e-15   3.2212500e-01   3.2212500e-01
   1.0000000e+01   2.7000000e+01   2.4992466e-15   3.3321875e-01   3.3321875e-01
   1.1000000e+01   2.7000000e+01   2.5011729e-15   3.3815625e-01   3.3815625e-01
   1.2000000e+01   2.7000000e+01   2.3854300e-15   3.3231250e-01   3.3231250e-01
   1.3000000e+01   2.7000000e+01   2.3822204e-15   3.2843750e-01   3.2843750e-01
   1.4000000e+01   2.7000000e+01   2.3104904e-15   3.1421875e-01   3.1421875e-01
   1.5000000e+01   2.7000000e+01   2.3006793e-15   3.0590625e-01   3.0590625e-01
   1.6000000e+01   2.7000000e+01   2.2602107e-15   3.1062500e-01   3.1062500e-01
   1.7000000e+01   2.7000000e+01   2.2556826e-15   3.1631250e-01   3.1631250e-01
   1.8000000e+01   2.7000000e+01   2.3700309e-15   3.3093750e-01   3.3093750e-01
   1.9000000e+01   2.7000000e+01   2.5564508e-15   3.4762500e-01   3.4762500e-01
   2.0000000e+01   2.7000000e+01   2.6176358e-15   3.5687500e-01   3.5687500e-01
   2.1000000e+01   2.7000000e+01   2.5942025e-15   3.5243750e-01   3.5243750e-01
   2.2000000e+01   2.7000000e+01   2.4947251e-15   3.3987500e-01   3.3987500e-01
   2.3000000e+01   2.7000000e+01   2.3037950e-15   3.1925000e-01   3.1925000e-01
   2.4000000e+01   2.7000000e+01   2.3527678e-15   3.1078125e-01   3.1078125e-01
   2.5000000e+01   2.7000000e+01   2.2573988e-15   3.0778125e-01   3.0778125e-01
   2.6000000e+01   2.7000000e+01   2.3543589e-15   3.1768750e-01   3.1768750e-01
   2.7000000e+01   2.7000000e+01   2.4328814e-15   3.2878125e-01   3.2878125e-01
   2.8000000e+01   2.7000000e+01   2.4305171e-15   3.3256250e-01   3.3256250e-01
   2.9000000e+01   2.7000000e+01   2.4366375e-15   3.2778125e-01   3.2778125e-01
   3.0000000e+01   2.7000000e+01   2.3084779e-15   3.1568750e-01   3.1568750e-01
   3.1000000e+01   2.7000000e+01   2.1960298e-15   3.0384375e-01   3.0384375e-01
   3.2000000e+01   2.7000000e+01   2.1194111e-15   2.9806250e-01   2.9806250e-01
   3.3000000e+01   2.7000000e+01   2.1652633e-15   2.9456250e-01   2.9456250e-01
   3.4000000e+01   2.7000000e+01   2.4605022e-15   3.0634375e-01   3.0634375e-01
   3.5000000e+01   2.7000000e+01   2.4776105e-15   3.2875000e-01   3.2875000e-01
   1.0000000e+00   2.8000000e+01   2.4782515e-15   3.3056250e-01   3.3056250e-01
   2.0000000e+00   2.8000000e+01   2.5806079e-15   3.5268750e-01   3.5268750e-01
   3.0000000e+00   2.8000000e+01   2.7296128e-15   3.7156250e-01   3.7156250e-01
   4.0000000e+00   2.8000000e+01   2.7747963e-15   3.7571875e-01   3.7571875e-01
   5.0000000e+00   2.8000000e+01   2.6874002e-15   3.4656250e-01   3.4656250e-01
   6.0000000e+00   2.8000000e+01   2.6652118e-15   3.3837500e-01   3.3837500e-01
   7.0000000e+00   2.8000000e+01   2.4160914e-15   3.2350000e-01   3.2350000e-01
   8.0000000e+00   2.8000000e+01   2.3989382e-15   3.2275000e-01   3.2275000e-01
   9.0000000e+00   2.8000000e+01   2.4365400e-15   3.3250000e-01   3.3250000e-01
   1.0000000e+01   2.8000000e+01   2.4649898e-15   3.4300000e-01   3.4300000e-01
   1.1000000e+01   2.8000000e+01   2.5042993e-15   3.4487500e-01   3.4487500e-01
   1.2000000e+01   2.8000000e+01   2.4858145e-15   3.3925000e-01   3.3925000e-01
   1.3000000e+01   2.8000000e+01   2.4472127e-15   3.3196875e-01   3.3196875e-01
   1.4000000e+01   2.8000000e+01   2.3437197e-15   3.1518750e-01   3.1518750e-01
   1.5000000e+01   2.8000000e+01   2.2213002e-15   3.0671875e-01   3.0671875e-01
   1.6000000e+01   2.8000000e+01   2.2968307e-15   3.1131250e-01   3.1131250e-01
   1.7000000e+01   2.8000000e+01   2.3372505e-15   3.2125000e-01   3.2125000e-01
   1.8000000e+01   2.8000000e+01   2.4296546e-15   3.3606250e-01   3.3606250e-01
   1.9000000e+01   2.8000000e+01   2.6138571e-15   3.5468750e-01   3.5468750e-01
   2.0000000e+01   2.8000000e+01   2.7199836e-15   3.6550000e-01   3.6550000e-01
   2.1000000e+01   2.8000000e+01   2.7064631e-15   3.6328125e-01   3.6328125e-01
   2.2000000e+01   2.8000000e+01   2.6430299e-15   3.5237500e-01   3.5237500e-01
   2.3000000e+01   2.8000000e+01   2.4460961e-15   3.3331250e-01   3.3331250e-01
   2.4000000e+01   2.8000000e+01   2.3179223e-15   3.1425000e-01   3.1425000e-01
   2.5000000e+01   2.8000000e+01   2.3000455e-15   3.1609375e-01   3.1609375e-01
   2.6000000e+01   2.8000000e+01   2.3814959e-15   3.2512500e-01   3.2512500e-01
   2.7000000e+01   2.8000000e+01   2.4106993e-15   3.3375000e-01   3.3375000e-01
   2.8000000e+01   2.8000000e+01   2.5583604e-15   3.3896875e-01   3.3896875e-01
   2.9000000e+01   2.8000000e+01   2.4539759e-15   3.3431250e-01   3.3431250e-01
   3.0000000e+01   2.8000000e+01   2.2970826e-15   3.2084375e-01   3.2084375e-01
   3.1000000e+01   2.8000000e+01   2.1907426e-15   3.1096875e-01   3.1096875e-01
   3.2000000e+01   2.8000000e+01   2.1855245e-15   2.9112500e-01   2.9112500e-01
   3.3000000e+01   2.8000000e+01   2.2561530e-15   3.0737500e-01   3.0737500e-01
   3.4000000e+01   2.8000000e+01   2.3688887e-15   3.1812500e-01   3.1812500e-01
   3.5000000e+01   2.8000000e+01   2.4074287e-15   3.3506250e-01   3.3506250e-01
   1.0000000e+00   2.9000000e+01   2.4256894e-15   3.3656250e-01   3.3656250e-01
   2.0000000e+00   2.9000000e+01   2.6238786e-15   3.4175000e-01   3.4175000e-01
   3.0000000e+00   2.9000000e+01   2.8761216e-15   3.7212500e-01   3.7212500e-01
   4.0000000e+00   2.9000000e+01   2.8289504e-15   3.7968750e-01   3.7968750e-01
   5.0000000e+00   2.9000000e+01   2.7723623e-15   3.7140625e-01   3.7140625e-01
   6.0000000e+00   2.9000000e+01   2.4942770e-15   3.4431250e-01   3.4431250e-01
   7.0000000e+00   2.9000000e+01   2.4431964e-15   3.3418750e-01   3.3418750e-01
   8.0000000e+00   2.9000000e+01   2.2927163e-15   3.2631250e-01   3.2631250e-01
   9.0000000e+00   2.9000000e+01   2.4202735e-15   3.4018750e-01   3.4018750e-01
   1.0000000e+01   2.9000000e+01   2.5168951e-15   3.5084375e-01   3.5084375e-01
   1.1000000e+01   2.9000000e+01   2.5836342e-15   3.5318750e-01   3.5318750e-01
   1.2000000e+01   2.9000000e+01   2.5198620e-15   3.4740625e-01   3.4740625e-01
   1.3000000e+01   2.9000000e+01   2.3953182e-15   3.3309375e-01   3.3309375e-01
   1.4000000e+01   2.9000000e+01   2.2948561e-15   3.1581250e-01   3.1581250e-01
   1.5000000e+01   2.9000000e+01   2.2220647e-15   3.0856250e-01   3.0856250e-01
   1.6000000e+01   2.9000000e+01   2.1996642e-15   3.1153125e-01   3.1153125e-01
   1.7000000e+01   2.9000000e+01   2.3125480e-15   3.2328125e-01   3.2328125e-01
   1.8000000e+01   2.9000000e+01   2.4994456e-15   3.4325000e-01   3.4325000e-01
   1.9000000e+01   2.9000000e+01   2.6634488e-15   3.6137500e-01   3.6137500e-01
   2.0000000e+01   2.9000000e+01   2.7137601e-15   3.7318750e-01   3.7318750e-01
   2.1000000e+01   2.9000000e+01   2.7895084e-15   3.7425000e-01   3.7425000e-01
   2.2000000e+01   2.9000000e+01   2.6613105e-15   3.6153125e-01   3.6153125e-01
   2.3000000e+01   2.9000000e+01   2.4546120e-15   3.3681250e-01   3.3681250e-01
   2.4000000e+01   2.9000000e+01   2.4373180e-15   3.1187500e-01   3.1187500e-01
   2.5000000e+01   2.9000000e+01   2.2864131e-15   3.1975000e-01   3.1975000e-01
   2.6000000e+01   2.9000000e+01   2.3939189e-15   3.3606250e-01   3.3606250e-01
   2.7000000e+01   2.9000000e+01   2.4684046e-15   3.4606250e-01   3.4606250e-01
   2.8000000e+01   2.9000000e+01   2.4796395e-15   3.4531250e-01   3.4531250e-01
   2.9000000e+01   2.9000000e+01   2.3821726e-15   3.3706250e-01   3.3706250e-01
   3.0000000e+01   2.9000000e+01   2.2769209e-15   3.2612500e-01   3.2612500e-01
   3.1000000e+01   2.9000000e+01   2.1722977e-15   3.1084375e-01   3.1084375e-01
   3.2000000e+01   2.9000000e+01   2.1955992e-15   3.0875000e-01   3.0875000e-01
   3.3000000e+01   2.9000000e+01   2.2396542e-15   3.1681250e-01   3.1681250e-01
   3.4000000e+01   2.9000000e+01   2.2360478e-15   3.2496875e-01   3.2496875e-01
   3.5000000e+01   2.9000000e+01   2.4398964e-15   3.4562500e-01   3.4562500e-01
   1.0000000e+00   3.0000000e+01   2.3889028e-15   3.3728125e-01   3.3728125e-01
   2.0000000e+00   3.0000000e+01   2.5536270e-15   3.5625000e-01   3.5625000e-01
   3.0000000e+00   3.0000000e+01   2.7145068e-15   3.7303125e-01   3.7303125e-01
   4.0000000e+00   3.0000000e+01   2.7392768e-15   3.7878125e-01   3.7878125e-01
   5.0000000e+00   3.0000000e+01   2.6755481e-15   3.6834375e-01   3.6834375e-01
   6.0000000e+00   3.0000000e+01   2.5532586e-15   3.3925000e-01   3.3925000e-01
   7.0000000e+00   3.0000000e+01   2.4833398e-15   3.2065625e-01   3.2065625e-01
   8.0000000e+00   3.0000000e+01   2.4218568e-15   3.3015625e-01   3.3015625e-01
   9.0000000e+00   3.0000000e+01   2.4392870e-15   3.4196875e-01   3.4196875e-01
   1.0000000e+01   3.0000000e+01   2.5286778e-15   3.5228125e-01   3.5228125e-01
   1.1000000e+01   3.0000000e+01   2.6140652e-15   3.4687500e-01   3.4687500e-01
   1.2000000e+01   3.0000000e+01   2.6362922e-15   3.4484375e-01   3.4484375e-01
   1.3000000e+01   3.0000000e+01   2.4802666e-15   3.3678125e-01   3.3678125e-01
   1.4000000e+01   3.0000000e+01   2.3103123e-15   3.1828125e-01   3.1828125e-01
   1.5000000e+01   3.0000000e+01   2.1951485e-15   3.0953125e-01   3.0953125e-01
   1.6000000e+01   3.0000000e+01   2.2434560e-15   3.1456250e-01   3.1456250e-01
   1.7000000e+01   3.0000000e+01   2.3105001e-15   3.2681250e-01   3.2681250e-01
   1.8000000e+01   3.0000000e+01   2.4736040e-15   3.4115625e-01   3.4115625e-01
   1.9000000e+01   3.0000000e+01   2.5944102e-15   3.5915625e-01   3.5915625e-01
   2.0000000e+01   3.0000000e+01   2.7500923e-15   3.7915625e-01   3.7915625e-01
   2.1000000e+01   3.0000000e+01   2.6939018e-15   3.7690625e-01   3.7690625e-01
   2.2000000e+01   3.0000000e+01   2.6587716e-15   3.6375000e-01   3.6375000e-01
   2.3000000e+01   3.0000000e+01   2.4942175e-15   3.4303125e-01   3.4303125e-01
   2.4000000e+01   3.0000000e+01   2.4178164e-15   3.3118750e-01   3.3118750e-01
   2.5000000e+01   3.0000000e+01   2.3485155e-15   3.3218750e-01   3.3218750e-01
   2.6000000e+01   3.0000000e+01   2.4420832e-15   3.3778125e-01   3.3778125e-01
   2.7000000e+01   3.0000000e+01   2.5690854e-15   3.4840625e-01   3.4840625e-01
   2.8000000e+01   3.0000000e+01   2.5794393e-15   3.5165625e-01   3.5165625e-01
   2.9000000e+01   3.0000000e+01   2.5339017e-15   3.4031250e-01   3.4031250e-01
   3.0000000e+01   3.0000000e+01   2.4656935e-15   3.2856250e-01   3.2856250e-01
   3.1000000e+01   3.0000000e+01   2.3407186e-15   3.1346875e-01   3.1346875e-01
   3.2000000e+01   3.0000000e+01   2.3688401e-15   3.0503125e-01   3.0503125e-01
   3.3000000e+01   3.0000000e+01   2.3363975e-15   3.0090625e-01   3.0090625e-01
   3.4000000e+01   3.0000000e+01   2.3555701e-15   3.2484375e-01   3.2484375e-01
   3.5000000e+01   3.0000000e+01   2.5490197e-15   3.4700000e-01   3.4700000e-01
   1.0000000e+00   3.1000000e+01   2.3831848e-15   3.2815625e-01   3.2815625e-01
   2.0000000e+00   3.1000000e+01   2.5855919e-15   3.5296875e-01   3.5296875e-01
   3.0000000e+00   3.1000000e+01   2.7176618e-15   3.7175000e-01   3.7175000e-01
   4.0000000e+00   3.1000000e+01   2.7795332e-15   3.7578125e-01   3.7578125e-01
   5.0000000e+00   3.1000000e+01   2.7518076e-15   3.6815625e-01   3.6815625e-01
   6.0000000e+00   3.1000000e+01   2.5565018e-15   3.4453125e-01   3.4453125e-01
   7.0000000e+00   3.1000000e+01   2.5038651e-15   3.3209375e-01   3.3209375e-01
   8.0000000e+00   3.1000000e+01   2.3967660e-15   3.2356250e-01   3.2356250e-01
   9.0000000e+00   3.1000000e+01   2.5099666e-15   3.3509375e-01   3.3509375e-01
   1.0000000e+01   3.1000000e+01   2.5745180e-15   3.4950000e-01   3.4950000e-01
   1.1000000e+01   3.1000000e+01   2.6535199e-15   3.5425000e-01   3.5425000e-01
   1.2000000e+01   3.1000000e+01   2.5366877e-15   3.4568750e-01   3.4568750e-01
   1.3000000e+01   3.1000000e+01   2.4160610e-15   3.3378125e-01   3.3378125e-01
   1.4000000e+01   3.1000000e+01   2.3166435e-15   3.2218750e-01   3.2218750e-01
   1.5000000e+01   3.1000000e+01   2.1710399e-15   3.0903125e-01   3.0903125e-01
   1.6000000e+01   3.1000000e+01   2.2130114e-15   3.0584375e-01   3.0584375e-01
   1.7000000e+01   3.1000000e+01   2.4419541e-15   3.1568750e-01   3.1568750e-01
   1.8000000e+01   3.1000000e+01   2.5271396e-15   3.3668750e-01   3.3668750e-01
   1.9000000e+01   3.1000000e+01   2.7022806e-15   3.5840625e-01   3.5840625e-01
   2.0000000e+01   3.1000000e+01   2.7518176e-15   3.7368750e-01   3.7368750e-01
   2.1000000e+01   3.1000000e+01   2.8298973e-15   3.7437500e-01   3.7437500e-01
   2.2000000e+01   3.1000000e+01   2.8152080e-15   3.5862500e-01   3.5862500e-01
   2.3000000e+01   3.1000000e+01   2.6287745e-15   3.3046875e-01   3.3046875e-01
   2.4000000e+01   3.1000000e+01   2.4416505e-15   3.1300000e-01   3.1300000e-01
   2.5000000e+01   3.1000000e+01   2.3973187e-15   3.1534375e-01   3.1534375e-01
   2.6000000e+01   3.1000000e+01   2.5131088e-15   3.2537500e-01   3.2537500e-01
   2.7000000e+01   3.1000000e+01   2.6425970e-15   3.3778125e-01   3.3778125e-01
   2.8000000e+01   3.1000000e+01   2.6905322e-15   3.4003125e-01   3.4003125e-01
   2.9000000e+01   3.1000000e+01   2.6722201e-15   3.3528125e-01   3.3528125e-01
   3.0000000e+01   3.1000000e+01   2.5112677e-15   3.2868750e-01   3.2868750e-01
   3.1000000e+01   3.1000000e+01   2.2953288e-15   3.1303125e-01   3.1303125e-01
   3.2000000e+01   3.1000000e+01   2.2338954e-15   3.0725000e-01   3.0725000e-01
   3.3000000e+01   3.1000000e+01   2.3011690e-15   3.1212500e-01   3.1212500e-01
   3.4000000e+01   3.1000000e+01   2.4330000e-15   3.2481250e-01   3.2481250e-01
   3.5000000e+01   3.1000000e+01   2.6093327e-15   3.4334375e-01   3.4334375e-01
   1.0000000e+00   3.2000000e+01   2.4289567e-15   3.2343750e-01   3.2343750e-01
   2.0000000e+00   3.2000000e+01   2.6486692e-15   3.3453125e-01   3.3453125e-01
   3.0000000e+00   3.2000000e+01   2.6798417e-15   3.5003125e-01   3.5003125e-01
   4.0000000e+00   3.2000000e+01   2.6675916e-15   3.6403125e-01   3.6403125e-01
   5.0000000e+00   3.2000000e+01   2.6269484e-15   3.5481250e-01   3.5481250e-01
   6.0000000e+00   3.2000000e+01   2.5207063e-15   3.4025000e-01   3.4025000e-01
   7.0000000e+00   3.2000000e+01   2.3612910e-15   3.2131250e-01   3.2131250e-01
   8.0000000e+00   3.2000000e+01   2.3358765e-15   3.2143750e-01   3.2143750e-01
   9.0000000e+00   3.2000000e+01   2.3613946e-15   3.3025000e-01   3.3025000e-01
   1.0000000e+01   3.2000000e+01   2.5071959e-15   3.4643750e-01   3.4643750e-01
   1.1000000e+01   3.2000000e+01   2.5721116e-15   3.5184375e-01   3.5184375e-01
   1.2000000e+01   3.2000000e+01   2.5127558e-15   3.4487500e-01   3.4487500e-01
   1.3000000e+01   3.2000000e+01   2.4494000e-15   3.2806250e-01   3.2806250e-01
   1.4000000e+01   3.2000000e+01   2.2719795e-15   3.0806250e-01   3.0806250e-01
   1.5000000e+01   3.2000000e+01   2.3162513e-15   2.9471875e-01   2.9471875e-01
   1.6000000e+01   3.2000000e+01   2.4169425e-15   3.0196875e-01   3.0196875e-01
   1.7000000e+01   3.2000000e+01   2.3737530e-15   3.1896875e-01   3.1896875e-01
   1.8000000e+01   3.2000000e+01   2.4721900e-15   3.2893750e-01   3.2893750e-01
   1.9000000e+01   3.2000000e+01   2.6093337e-15   3.5275000e-01   3.5275000e-01
   2.0000000e+01   3.2000000e+01   2.6995579e-15   3.6740625e-01   3.6740625e-01
   2.1000000e+01   3.2000000e+01   2.6775284e-15   3.6684375e-01   3.6684375e-01
   2.2000000e+01   3.2000000e+01   2.6051647e-15   3.4937500e-01   3.4937500e-01
   2.3000000e+01   3.2000000e+01   2.6264517e-15   3.3203125e-01   3.3203125e-01
   2.4000000e+01   3.2000000e+01   2.4806482e-15   3.2515625e-01   3.2515625e-01
   2.5000000e+01   3.2000000e+01   2.3614160e-15   3.2378125e-01   3.2378125e-01
   2.6000000e+01   3.2000000e+01   2.5268542e-15   3.3334375e-01   3.3334375e-01
   2.7000000e+01   3.2000000e+01   2.6551145e-15   3.5053125e-01   3.5053125e-01
   2.8000000e+01   3.2000000e+01   2.5850450e-15   3.5028125e-01   3.5028125e-01
   2.9000000e+01   3.2000000e+01   2.5204334e-15   3.4281250e-01   3.4281250e-01
   3.0000000e+01   3.2000000e+01   2.5060253e-15   3.2959375e-01   3.2959375e-01
   3.1000000e+01   3.2000000e+01   2.2829877e-15   3.1356250e-01   3.1356250e-01
   3.2000000e+01   3.2000000e+01   2.1792933e-15   3.0534375e-01   3.0534375e-01
   3.3000000e+01   3.2000000e+01   2.2899234e-15   3.1359375e-01   3.1359375e-01
   3.4000000e+01   3.2000000e+01   2.3039512e-15   3.2340625e-01   3.2340625e-01
   3.5000000e+01   3.2000000e+01   2.3861989e-15   3.4056250e-01   3.4056250e-01
   1.0000000e+00   3.3000000e+01   2.3043110e-15   3.1581250e-01   3.1581250e-01
   2.0000000e+00   3.3000000e+01   2.4458130e-15   3.3409375e-01   3.3409375e-01
   3.0000000e+00   3.3000000e+01   2.5280197e-15   3.4953125e-01   3.4953125e-01
   4.0000000e+00   3.3000000e+01   2.5306230e-15   3.5437500e-01   3.5437500e-01
   5.0000000e+00   3.3000000e+01   2.5385183e-15   3.4418750e-01   3.4418750e-01
   6.0000000e+00   3.3000000e+01   2.3908149e-15   3.2740625e-01   3.2740625e-01
   7.0000000e+00   3.3000000e+01   2.3444508e-15   3.1809375e-01   3.1809375e-01
   8.0000000e+00   3.3000000e+01   2.2457782e-15   3.1096875e-01   3.1096875e-01
   9.0000000e+00   3.3000000e+01   2.3458091e-15   3.1468750e-01   3.1468750e-01
   1.0000000e+01   3.3000000e+01   2.4070613e-15   3.2503125e-01   3.2503125e-01
   1.1000000e+01   3.3000000e+01   2.5285379e-15   3.4018750e-01   3.4018750e-01
   1.2000000e+01   3.3000000e+01   2.4682373e-15   3.3425000e-01   3.3425000e-01
   1.3000000e+01   3.3000000e+01   2.3919621e-15   3.1503125e-01   3.1503125e-01
   1.4000000e+01   3.3000000e+01   2.3666242e-15   2.9746875e-01   2.9746875e-01
   1.5000000e+01   3.3000000e+01   2.3163627e-15   2.9706250e-01   2.9706250e-01
   1.6000000e+01   3.3000000e+01   2.3203845e-15   2.9762500e-01   2.9762500e-01
   1.7000000e+01   3.3000000e+01   2.3719563e-15   2.9893750e-01   2.9893750e-01
   1.8000000e+01   3.3000000e+01   2.4428916e-15   3.1115625e-01   3.1115625e-01
   1.9000000e+01   3.3000000e+01   2.4956269e-15   3.2228125e-01   3.2228125e-01
   2.0000000e+01   3.3000000e+01   2.7952304e-15   3.5056250e-01   3.5056250e-01
   2.1000000e+01   3.3000000e+01   2.7333257e-15   3.5706250e-01   3.5706250e-01
   2.2000000e+01   3.3000000e+01   2.5822019e-15   3.4778125e-01   3.4778125e-01
   2.3000000e+01   3.3000000e+01   2.4492088e-15   3.3293750e-01   3.3293750e-01
   2.4000000e+01   3.3000000e+01   2.3268833e-15   3.1728125e-01   3.1728125e-01
   2.5000000e+01   3.3000000e+01   2.3577398e-15   3.2162500e-01   3.2162500e-01
   2.6000000e+01   3.3000000e+01   2.4397246e-15   3.3068750e-01   3.3068750e-01
   2.7000000e+01   3.3000000e+01   2.6237766e-15   3.3465625e-01   3.3465625e-01
   2.8000000e+01   3.3000000e+01   2.4778565e-15   3.4003125e-01   3.4003125e-01
   2.9000000e+01   3.3000000e+01   2.4060684e-15   3.3821875e-01   3.3821875e-01
   3.0000000e+01   3.3000000e+01   2.3030807e-15   3.2371875e-01   3.2371875e-01
   3.1000000e+01   3.3000000e+01   2.2587572e-15   3.0737500e-01   3.0737500e-01
   3.2000000e+01   3.3000000e+01   2.2381956e-15   2.9040625e-01   2.9040625e-01
   3.3000000e+01   3.3000000e+01   2.1178561e-15   3.0581250e-01   3.0581250e-01
   3.4000000e+01   3.3000000e+01   2.2993909e-15   3.1709375e-01   3.1709375e-01
   3.5000000e+01   3.3000000e+01   2.5034443e-15   3.2781250e-01   3.2781250e-01
   1.0000000e+00   3.4000000e+01   2.1916221e-15   3.0550000e-01   3.0550000e-01
   2.0000000e+00   3.4000000e+01   2.4962974e-15   3.2275000e-01   3.2275000e-01
   3.0000000e+00   3.4000000e+01   2.4217898e-15   3.3300000e-01   3.3300000e-01
   4.0000000e+00   3.4000000e+01   2.4723820e-15   3.3925000e-01   3.3925000e-01
   5.0000000e+00   3.4000000e+01   2.4521810e-15   3.3493750e-01   3.3493750e-01
   6.0000000e+00   3.4000000e+01   2.3983327e-15   3.1806250e-01   3.1806250e-01
   7.0000000e+00   3.4000000e+01   2.3065158e-15   2.9790625e-01   2.9790625e-01
   8.0000000e+00   3.4000000e+01   2.2389121e-15   3.0734375e-01   3.0734375e-01
   9.0000000e+00   3.4000000e+01   2.3371913e-15   3.1521875e-01   3.1521875e-01
   1.0000000e+01   3.4000000e+01   2.4446182e-15   3.2750000e-01   3.2750000e-01
   1.1000000e+01   3.4000000e+01   2.5867776e-15   3.2481250e-01   3.2481250e-01
   1.2000000e+01   3.4000000e+01   2.3419005e-15   3.2650000e-01   3.2650000e-01
   1.3000000e+01   3.4000000e+01   2.2858543e-15   3.1575000e-01   3.1575000e-01
   1.4000000e+01   3.4000000e+01   2.1653106e-15   3.0078125e-01   3.0078125e-01
   1.5000000e+01   3.4000000e+01   2.1665670e-15   2.8015625e-01   2.8015625e-01
   1.6000000e+01   3.4000000e+01   2.0864126e-15   2.9262500e-01   2.9262500e-01
   1.7000000e+01   3.4000000e+01   2.2328630e-15   3.0218750e-01   3.0218750e-01
   1.8000000e+01   3.4000000e+01   2.4054281e-15   3.1037500e-01   3.1037500e-01
   1.9000000e+01   3.4000000e+01   2.4840667e-15   3.3240625e-01   3.3240625e-01
   2.0000000e+01   3.4000000e+01   2.4757906e-15   3.4390625e-01   3.4390625e-01
   2.1000000e+01   3.4000000e+01   2.6235799e-15   3.4806250e-01   3.4806250e-01
   2.2000000e+01   3.4000000e+01   2.5458000e-15   3.3618750e-01   3.3618750e-01
   2.3000000e+01   3.4000000e+01   2.3573806e-15   3.1087500e-01   3.1087500e-01
   2.4000000e+01   3.4000000e+01   2.2484844e-15   3.1078125e-01   3.1078125e-01
   2.5000000e+01   3.4000000e+01   2.2081492e-15   3.1121875e-01   3.1121875e-01
   2.6000000e+01   3.4000000e+01   2.4246946e-15   3.2315625e-01   3.2315625e-01
   2.7000000e+01   3.4000000e+01   2.5021675e-15   3.3059375e-01   3.3059375e-01
   2.8000000e+01   3.4000000e+01   2.5181044e-15   3.2353125e-01   3.2353125e-01
   2.9000000e+01   3.4000000e+01   2.3753994e-15   3.2975000e-01   3.2975000e-01
   3.0000000e+01   3.4000000e+01   2.2445535e-15   3.1346875e-01   3.1346875e-01
   3.1000000e+01   3.4000000e+01   2.2119869e-15   3.0243750e-01   3.0243750e-01
   3.2000000e+01   3.4000000e+01   2.1557864e-15   2.9556250e-01   2.9556250e-01
   3.3000000e+01   3.4000000e+01   2.3082045e-15   2.9256250e-01   2.9256250e-01
   3.4000000e+01   3.4000000e+01   2.2624267e-15   3.1000000e-01   3.1000000e-01
   3.5000000e+01   3.4000000e+01   2.2952237e-15   3.2256250e-01   3.2256250e-01
   1.0000000e+00   3.5000000e+01   2.1846912e-15   2.8759375e-01   2.8759375e-01
   2.0000000e+00   3.5000000e+01   2.2682701e-15   3.1043750e-01   3.1043750e-01
   3.0000000e+00   3.5000000e+01   2.3570964e-15   3.2671875e-01   3.2671875e-01
   4.0000000e+00   3.5000000e+01   2.4681693e-15   3.3059375e-01   3.3059375e-01
   5.0000000e+00   3.5000000e+01   2.3980752e-15   3.2109375e-01   3.2109375e-01
   6.0000000e+00   3.5000000e+01   2.2752248e-15   2.9709375e-01   2.9709375e-01
   7.0000000e+00   3.5000000e+01   2.1196814e-15   2.9665625e-01   2.9665625e-01
   8.0000000e+00   3.5000000e+01   2.1374805e-15   3.0006250e-01   3.0006250e-01
   9.0000000e+00   3.5000000e+01   2.1565095e-15   3.0462500e-01   3.0462500e-01
   1.0000000e+01   3.5000000e+01   2.2804614e-15   3.1550000e-01   3.1550000e-01
   1.1000000e+01   3.5000000e+01   2.3843959e-15   3.2425000e-01   3.2425000e-01
   1.2000000e+01   3.5000000e+01   2.2896996e-15   3.1956250e-01   3.1956250e-01
   1.3000000e+01   3.5000000e+01   2.2565227e-15   3.0834375e-01   3.0834375e-01
   1.4000000e+01   3.5000000e+01   2.1667926e-15   2.9071875e-01   2.9071875e-01
   1.5000000e+01   3.5000000e+01   2.1270682e-15   2.8037500e-01   2.8037500e-01
   1.6000000e+01   3.5000000e+01   2.2099850e-15   2.7690625e-01   2.7690625e-01
   1.7000000e+01   3.5000000e+01   2.0275285e-15   2.8631250e-01   2.8631250e-01
   1.8000000e+01   3.5000000e+01   2.1873571e-15   3.0543750e-01   3.0543750e-01
   1.9000000e+01   3.5000000e+01   2.3118294e-15   3.2037500e-01   3.2037500e-01
   2.0000000e+01   3.5000000e+01   2.4656158e-15   3.3596875e-01   3.3596875e-01
   2.1000000e+01   3.5000000e+01   2.4309731e-15   3.3334375e-01   3.3334375e-01
   2.2000000e+01   3.5000000e+01   2.5243452e-15   3.2437500e-01   3.2437500e-01
   2.3000000e+01   3.5000000e+01   2.3333843e-15   2.9943750e-01   2.9943750e-01
   2.4000000e+01   3.5000000e+01   2.1232157e-15   2.9715625e-01   2.9715625e-01
   2.5000000e+01   3.5000000e+01   2.2026376e-15   3.0562500e-01   3.0562500e-01
   2.6000000e+01   3.5000000e+01   2.2917241e-15   3.1590625e-01   3.1590625e-01
   2.7000000e+01   3.5000000e+01   2.3412474e-15   3.1984375e-01   3.1984375e-01
   2.8000000e+01   3.5000000e+01   2.3662549e-15   3.1371875e-01   3.1371875e-01
   2.9000000e+01   3.5000000e+01   2.4481841e-15   3.0653125e-01   3.0653125e-01
   3.0000000e+01   3.5000000e+01   2.3393207e-15   3.0137500e-01   3.0137500e-01
   3.1000000e+01   3.5000000e+01   2.2162619e-15   2.9146875e-01   2.9146875e-01
   3.2000000e+01   3.5000000e+01   2.1302208e-15   2.8590625e-01   2.8590625e-01
   3.3000000e+01   3.5000000e+01   2.0821354e-15   2.8865625e-01   2.8865625e-01
   3.4000000e+01   3.5000000e+01   2.1696815e-15   2.9778125e-01   2.9778125e-01
   3.5000000e+01   3.5000000e+01   2.2582275e-15   3.1334375e-01   3.1334375e-01
