   1.0000000e+00   1.0000000e+00   7.8991683e-15   1.0208125e+00   1.0208125e+00
   2.0000000e+00   1.0000000e+00   7.9696968e-15   1.0441562e+00   1.0441562e+00
   3.0000000e+00   1.0000000e+00   7.8536373e-15   1.0037188e+00   1.0037188e+00
   4.0000000e+00   1.0000000e+00   7.6439472e-15   9.6718750e-01   9.6718750e-01
   5.0000000e+00   1.0000000e+00   7.2364258e-15   9.1115625e-01   9.1115625e-01
   6.0000000e+00   1.0000000e+00   7.3826602e-15   9.3268750e-01   9.3268750e-01
   7.0000000e+00   1.0000000e+00   7.7392553e-15   9.7656250e-01   9.7656250e-01
   8.0000000e+00   1.0000000e+00   7.6793170e-15   1.0025313e+00   1.0025313e+00
   9.0000000e+00   1.0000000e+00   7.5442949e-15   9.8512500e-01   9.8512500e-01
   1.0000000e+01   1.0000000e+00   7.8885751e-15   1.0109375e+00   1.0109375e+00
   1.1000000e+01   1.0000000e+00   7.5883848e-15   9.9840625e-01   9.9840625e-01
   1.2000000e+01   1.0000000e+00   7.1749079e-15   9.1840625e-01   9.1840625e-01
   1.3000000e+01   1.0000000e+00   7.0664512e-15   9.2231250e-01   9.2231250e-01
   1.4000000e+01   1.0000000e+00   7.2658526e-15   9.3200000e-01   9.3200000e-01
   1.5000000e+01   1.0000000e+00   7.3242897e-15   9.4581250e-01   9.4581250e-01
   1.6000000e+01   1.0000000e+00   7.6113891e-15   9.7637500e-01   9.7637500e-01
   1.7000000e+01   1.0000000e+00   7.7226928e-15   1.0069688e+00   1.0069688e+00
   1.8000000e+01   1.0000000e+00   8.1384873e-15   1.0527187e+00   1.0527187e+00
   1.9000000e+01   1.0000000e+00   8.1803340e-15   1.0618750e+00   1.0618750e+00
   2.0000000e+01   1.0000000e+00   7.7127708e-15   9.9656250e-01   9.9656250e-01
   2.1000000e+01   1.0000000e+00   7.3711949e-15   9.4234375e-01   9.4234375e-01
   2.2000000e+01   1.0000000e+00   7.0402608e-15   8.9646875e-01   8.9646875e-01
   2.3000000e+01   1.0000000e+00   7.2843372e-15   9.4675000e-01   9.4675000e-01
   2.4000000e+01   1.0000000e+00   8.0064642e-15   1.0368125e+00   1.0368125e+00
   2.5000000e+01   1.0000000e+00   7.9446317e-15   1.0461562e+00   1.0461562e+00
   2.6000000e+01   1.0000000e+00   7.9832666e-15   1.0586562e+00   1.0586562e+00
   2.7000000e+01   1.0000000e+00   7.7686865e-15   1.0415000e+00   1.0415000e+00
   2.8000000e+01   1.0000000e+00   7.7377619e-15   1.0169062e+00   1.0169062e+00
   2.9000000e+01   1.0000000e+00   7.4110582e-15   9.4515625e-01   9.4515625e-01
   3.0000000e+01   1.0000000e+00   7.1575400e-15   9.1721875e-01   9.1721875e-01
   3.1000000e+01   1.0000000e+00   7.5056741e-15   9.5853125e-01   9.5853125e-01
   3.2000000e+01   1.0000000e+00   7.6966962e-15   9.8371875e-01   9.8371875e-01
   3.3000000e+01   1.0000000e+00   7.7332509e-15   1.0184688e+00   1.0184688e+00
   3.4000000e+01   1.0000000e+00   8.1997790e-15   1.0558125e+00   1.0558125e+00
   3.5000000e+01   1.0000000e+00   8.0221544e-15   1.0601875e+00   1.0601875e+00
   1.0000000e+00   2.0000000e+00   7.8741492e-15   1.0177500e+00   1.0177500e+00
   2.0000000e+00   2.0000000e+00   7.8142201e-15   1.0365938e+00   1.0365938e+00
   3.0000000e+00   2.0000000e+00   7.5397327e-15   1.0025938e+00   1.0025938e+00
   4.0000000e+00   2.0000000e+00   7.4180162e-15   9.6981250e-01   9.6981250e-01
   5.0000000e+00   2.0000000e+00   7.0908521e-15   9.1540625e-01   9.1540625e-01
   6.0000000e+00   2.0000000e+00   7.5265336e-15   9.5165625e-01   9.5165625e-01
   7.0000000e+00   2.0000000e+00   7.4874702e-15   9.3137500e-01   9.3137500e-01
   8.0000000e+00   2.0000000e+00   7.6774584e-15   9.8481250e-01   9.8481250e-01
   9.0000000e+00   2.0000000e+00   7.6923795e-15   1.0220312e+00   1.0220312e+00
   1.0000000e+01   2.0000000e+00   7.6240795e-15   9.9650000e-01   9.9650000e-01
   1.1000000e+01   2.0000000e+00   7.3984139e-15   9.5815625e-01   9.5815625e-01
   1.2000000e+01   2.0000000e+00   7.3085534e-15   9.5887500e-01   9.5887500e-01
   1.3000000e+01   2.0000000e+00   6.9370509e-15   9.0003125e-01   9.0003125e-01
   1.4000000e+01   2.0000000e+00   6.9807920e-15   9.0931250e-01   9.0931250e-01
   1.5000000e+01   2.0000000e+00   7.0692371e-15   9.1040625e-01   9.1040625e-01
   1.6000000e+01   2.0000000e+00   7.3845740e-15   9.7900000e-01   9.7900000e-01
   1.7000000e+01   2.0000000e+00   7.8306321e-15   1.0056250e+00   1.0056250e+00
   1.8000000e+01   2.0000000e+00   8.0094578e-15   9.9784375e-01   9.9784375e-01
   1.9000000e+01   2.0000000e+00   8.0250813e-15   1.0154375e+00   1.0154375e+00
   2.0000000e+01   2.0000000e+00   7.7244922e-15   1.0136562e+00   1.0136562e+00
   2.1000000e+01   2.0000000e+00   7.3371607e-15   9.8084375e-01   9.8084375e-01
   2.2000000e+01   2.0000000e+00   7.1088566e-15   9.4437500e-01   9.4437500e-01
   2.3000000e+01   2.0000000e+00   7.3060744e-15   9.6115625e-01   9.6115625e-01
   2.4000000e+01   2.0000000e+00   7.7399673e-15   1.0068125e+00   1.0068125e+00
   2.5000000e+01   2.0000000e+00   7.7521573e-15   1.0256562e+00   1.0256562e+00
   2.6000000e+01   2.0000000e+00   8.1386074e-15   1.0234375e+00   1.0234375e+00
   2.7000000e+01   2.0000000e+00   7.6694253e-15   9.8612500e-01   9.8612500e-01
   2.8000000e+01   2.0000000e+00   7.6118334e-15   9.7862500e-01   9.7862500e-01
   2.9000000e+01   2.0000000e+00   7.3374034e-15   9.2843750e-01   9.2843750e-01
   3.0000000e+01   2.0000000e+00   7.2529607e-15   8.9303125e-01   8.9303125e-01
   3.1000000e+01   2.0000000e+00   7.3264465e-15   9.3453125e-01   9.3453125e-01
   3.2000000e+01   2.0000000e+00   7.3215044e-15   9.4928125e-01   9.4928125e-01
   3.3000000e+01   2.0000000e+00   7.7327922e-15   1.0038125e+00   1.0038125e+00
   3.4000000e+01   2.0000000e+00   7.9878025e-15   1.0297188e+00   1.0297188e+00
   3.5000000e+01   2.0000000e+00   7.8647586e-15   9.9815625e-01   9.9815625e-01
   1.0000000e+00   3.0000000e+00   7.7438844e-15   1.0065938e+00   1.0065938e+00
   2.0000000e+00   3.0000000e+00   7.8420763e-15   1.0026250e+00   1.0026250e+00
   3.0000000e+00   3.0000000e+00   7.7688387e-15   9.7665625e-01   9.7665625e-01
   4.0000000e+00   3.0000000e+00   7.3024096e-15   9.7031250e-01   9.7031250e-01
   5.0000000e+00   3.0000000e+00   7.3283820e-15   9.4990625e-01   9.4990625e-01
   6.0000000e+00   3.0000000e+00   7.3766971e-15   9.5506250e-01   9.5506250e-01
   7.0000000e+00   3.0000000e+00   7.5803095e-15   9.9278125e-01   9.9278125e-01
   8.0000000e+00   3.0000000e+00   7.2993113e-15   9.9328125e-01   9.9328125e-01
   9.0000000e+00   3.0000000e+00   7.7385796e-15   1.0079375e+00   1.0079375e+00
   1.0000000e+01   3.0000000e+00   7.6348978e-15   9.6406250e-01   9.6406250e-01
   1.1000000e+01   3.0000000e+00   7.3843502e-15   9.7393750e-01   9.7393750e-01
   1.2000000e+01   3.0000000e+00   6.9758489e-15   9.3687500e-01   9.3687500e-01
   1.3000000e+01   3.0000000e+00   7.1223075e-15   9.1275000e-01   9.1275000e-01
   1.4000000e+01   3.0000000e+00   6.6007204e-15   8.4556250e-01   8.4556250e-01
   1.5000000e+01   3.0000000e+00   7.1023509e-15   9.4025000e-01   9.4025000e-01
   1.6000000e+01   3.0000000e+00   7.3011012e-15   9.5865625e-01   9.5865625e-01
   1.7000000e+01   3.0000000e+00   7.4697257e-15   9.8496875e-01   9.8496875e-01
   1.8000000e+01   3.0000000e+00   7.9651424e-15   1.0110000e+00   1.0110000e+00
   1.9000000e+01   3.0000000e+00   7.8089592e-15   9.7034375e-01   9.7034375e-01
   2.0000000e+01   3.0000000e+00   7.5319188e-15   9.8175000e-01   9.8175000e-01
   2.1000000e+01   3.0000000e+00   7.3601254e-15   9.6325000e-01   9.6325000e-01
   2.2000000e+01   3.0000000e+00   6.9821856e-15   9.0828125e-01   9.0828125e-01
   2.3000000e+01   3.0000000e+00   7.2927821e-15   9.4106250e-01   9.4106250e-01
   2.4000000e+01   3.0000000e+00   7.8007175e-15   9.9609375e-01   9.9609375e-01
   2.5000000e+01   3.0000000e+00   7.6072222e-15   9.8971875e-01   9.8971875e-01
   2.6000000e+01   3.0000000e+00   7.7896201e-15   1.0061875e+00   1.0061875e+00
   2.7000000e+01   3.0000000e+00   7.5370829e-15   9.9831250e-01   9.9831250e-01
   2.8000000e+01   3.0000000e+00   7.5401557e-15   9.9571875e-01   9.9571875e-01
   2.9000000e+01   3.0000000e+00   7.0080661e-15   9.4187500e-01   9.4187500e-01
   3.0000000e+01   3.0000000e+00   6.9035948e-15   9.1318750e-01   9.1318750e-01
   3.1000000e+01   3.0000000e+00   6.8641060e-15   8.8887500e-01   8.8887500e-01
   3.2000000e+01   3.0000000e+00   7.0806429e-15   9.3371875e-01   9.3371875e-01
   3.3000000e+01   3.0000000e+00   7.3604222e-15   9.7815625e-01   9.7815625e-01
   3.4000000e+01   3.0000000e+00   7.6697834e-15   9.9334375e-01   9.9334375e-01
   3.5000000e+01   3.0000000e+00   7.8349025e-15   9.7365625e-01   9.7365625e-01
   1.0000000e+00   4.0000000e+00   7.7536377e-15   1.0233750e+00   1.0233750e+00
   2.0000000e+00   4.0000000e+00   7.6347376e-15   1.0335000e+00   1.0335000e+00
   3.0000000e+00   4.0000000e+00   7.7986540e-15   1.0193750e+00   1.0193750e+00
   4.0000000e+00   4.0000000e+00   7.4762825e-15   9.6540625e-01   9.6540625e-01
   5.0000000e+00   4.0000000e+00   7.4088234e-15   9.3540625e-01   9.3540625e-01
   6.0000000e+00   4.0000000e+00   7.0049912e-15   9.4262500e-01   9.4262500e-01
   7.0000000e+00   4.0000000e+00   7.4124289e-15   9.8181250e-01   9.8181250e-01
   8.0000000e+00   4.0000000e+00   7.7234289e-15   1.0093750e+00   1.0093750e+00
   9.0000000e+00   4.0000000e+00   7.7728778e-15   1.0067187e+00   1.0067187e+00
   1.0000000e+01   4.0000000e+00   7.6591194e-15   9.7159375e-01   9.7159375e-01
   1.1000000e+01   4.0000000e+00   7.4402526e-15   9.7918750e-01   9.7918750e-01
   1.2000000e+01   4.0000000e+00   7.0756788e-15   9.3000000e-01   9.3000000e-01
   1.3000000e+01   4.0000000e+00   6.9086185e-15   9.0500000e-01   9.0500000e-01
   1.4000000e+01   4.0000000e+00   6.9165000e-15   8.9390625e-01   8.9390625e-01
   1.5000000e+01   4.0000000e+00   7.0024386e-15   8.9287500e-01   8.9287500e-01
   1.6000000e+01   4.0000000e+00   7.3052027e-15   9.4631250e-01   9.4631250e-01
   1.7000000e+01   4.0000000e+00   7.4536161e-15   9.6737500e-01   9.6737500e-01
   1.8000000e+01   4.0000000e+00   7.8546644e-15   1.0200000e+00   1.0200000e+00
   1.9000000e+01   4.0000000e+00   7.6272897e-15   9.8159375e-01   9.8159375e-01
   2.0000000e+01   4.0000000e+00   7.5183400e-15   9.9671875e-01   9.9671875e-01
   2.1000000e+01   4.0000000e+00   7.5258781e-15   9.6500000e-01   9.6500000e-01
   2.2000000e+01   4.0000000e+00   7.0311017e-15   9.1343750e-01   9.1343750e-01
   2.3000000e+01   4.0000000e+00   7.4026818e-15   9.3809375e-01   9.3809375e-01
   2.4000000e+01   4.0000000e+00   7.4821263e-15   9.5146875e-01   9.5146875e-01
   2.5000000e+01   4.0000000e+00   7.5666210e-15   9.9450000e-01   9.9450000e-01
   2.6000000e+01   4.0000000e+00   7.4593796e-15   1.0035313e+00   1.0035313e+00
   2.7000000e+01   4.0000000e+00   7.6414809e-15   9.8353125e-01   9.8353125e-01
   2.8000000e+01   4.0000000e+00   7.3274000e-15   9.6396875e-01   9.6396875e-01
   2.9000000e+01   4.0000000e+00   7.0650213e-15   9.4025000e-01   9.4025000e-01
   3.0000000e+01   4.0000000e+00   6.6257764e-15   8.8325000e-01   8.8325000e-01
   3.1000000e+01   4.0000000e+00   6.8342634e-15   9.0106250e-01   9.0106250e-01
   3.2000000e+01   4.0000000e+00   7.2751249e-15   9.4018750e-01   9.4018750e-01
   3.3000000e+01   4.0000000e+00   7.5703173e-15   9.8243750e-01   9.8243750e-01
   3.4000000e+01   4.0000000e+00   7.9111395e-15   9.8915625e-01   9.8915625e-01
   3.5000000e+01   4.0000000e+00   7.4071494e-15   9.7159375e-01   9.7159375e-01
   1.0000000e+00   5.0000000e+00   7.9225472e-15   1.0213125e+00   1.0213125e+00
   2.0000000e+00   5.0000000e+00   8.0131453e-15   1.0197500e+00   1.0197500e+00
   3.0000000e+00   5.0000000e+00   7.7339711e-15   1.0257500e+00   1.0257500e+00
   4.0000000e+00   5.0000000e+00   7.4520032e-15   9.8484375e-01   9.8484375e-01
   5.0000000e+00   5.0000000e+00   7.0247713e-15   9.2328125e-01   9.2328125e-01
   6.0000000e+00   5.0000000e+00   7.1099825e-15   9.0087500e-01   9.0087500e-01
   7.0000000e+00   5.0000000e+00   7.5809090e-15   9.9625000e-01   9.9625000e-01
   8.0000000e+00   5.0000000e+00   7.9161343e-15   9.9459375e-01   9.9459375e-01
   9.0000000e+00   5.0000000e+00   7.8044496e-15   1.0211563e+00   1.0211563e+00
   1.0000000e+01   5.0000000e+00   7.5555170e-15   9.8975000e-01   9.8975000e-01
   1.1000000e+01   5.0000000e+00   7.6985850e-15   9.6809375e-01   9.6809375e-01
   1.2000000e+01   5.0000000e+00   7.2543516e-15   9.1140625e-01   9.1140625e-01
   1.3000000e+01   5.0000000e+00   6.9103990e-15   9.0787500e-01   9.0787500e-01
   1.4000000e+01   5.0000000e+00   6.7891220e-15   9.0409375e-01   9.0409375e-01
   1.5000000e+01   5.0000000e+00   7.1396610e-15   9.2159375e-01   9.2159375e-01
   1.6000000e+01   5.0000000e+00   7.5584697e-15   9.9006250e-01   9.9006250e-01
   1.7000000e+01   5.0000000e+00   7.5058349e-15   1.0025625e+00   1.0025625e+00
   1.8000000e+01   5.0000000e+00   7.6100929e-15   9.7790625e-01   9.7790625e-01
   1.9000000e+01   5.0000000e+00   7.7721041e-15   1.0165000e+00   1.0165000e+00
   2.0000000e+01   5.0000000e+00   7.6713387e-15   1.0019063e+00   1.0019063e+00
   2.1000000e+01   5.0000000e+00   7.4131894e-15   9.6375000e-01   9.6375000e-01
   2.2000000e+01   5.0000000e+00   7.4235011e-15   9.1590625e-01   9.1590625e-01
   2.3000000e+01   5.0000000e+00   7.3206480e-15   9.5215625e-01   9.5215625e-01
   2.4000000e+01   5.0000000e+00   7.5611285e-15   1.0075000e+00   1.0075000e+00
   2.5000000e+01   5.0000000e+00   7.7096191e-15   1.0081250e+00   1.0081250e+00
   2.6000000e+01   5.0000000e+00   7.7377027e-15   1.0161875e+00   1.0161875e+00
   2.7000000e+01   5.0000000e+00   7.8374269e-15   1.0024062e+00   1.0024062e+00
   2.8000000e+01   5.0000000e+00   7.0350412e-15   9.2681250e-01   9.2681250e-01
   2.9000000e+01   5.0000000e+00   7.2031129e-15   9.4625000e-01   9.4625000e-01
   3.0000000e+01   5.0000000e+00   6.7899627e-15   9.0425000e-01   9.0425000e-01
   3.1000000e+01   5.0000000e+00   6.9770411e-15   9.0103125e-01   9.0103125e-01
   3.2000000e+01   5.0000000e+00   7.1753804e-15   9.3828125e-01   9.3828125e-01
   3.3000000e+01   5.0000000e+00   7.6182357e-15   9.7468750e-01   9.7468750e-01
   3.4000000e+01   5.0000000e+00   7.7957832e-15   1.0095313e+00   1.0095313e+00
   3.5000000e+01   5.0000000e+00   7.9594853e-15   1.0416563e+00   1.0416563e+00
   1.0000000e+00   6.0000000e+00   8.1287496e-15   1.0432812e+00   1.0432812e+00
   2.0000000e+00   6.0000000e+00   8.1327126e-15   1.0119687e+00   1.0119687e+00
   3.0000000e+00   6.0000000e+00   7.9275874e-15   1.0333438e+00   1.0333438e+00
   4.0000000e+00   6.0000000e+00   7.6068110e-15   1.0008438e+00   1.0008438e+00
   5.0000000e+00   6.0000000e+00   7.3795812e-15   9.6403125e-01   9.6403125e-01
   6.0000000e+00   6.0000000e+00   7.6415415e-15   9.7306250e-01   9.7306250e-01
   7.0000000e+00   6.0000000e+00   7.9286056e-15   1.0018125e+00   1.0018125e+00
   8.0000000e+00   6.0000000e+00   7.7648274e-15   9.7540625e-01   9.7540625e-01
   9.0000000e+00   6.0000000e+00   7.6645673e-15   9.9690625e-01   9.9690625e-01
   1.0000000e+01   6.0000000e+00   7.8347390e-15   1.0301875e+00   1.0301875e+00
   1.1000000e+01   6.0000000e+00   7.5577182e-15   1.0097188e+00   1.0097188e+00
   1.2000000e+01   6.0000000e+00   7.0911980e-15   9.4687500e-01   9.4687500e-01
   1.3000000e+01   6.0000000e+00   7.0053737e-15   9.1709375e-01   9.1709375e-01
   1.4000000e+01   6.0000000e+00   7.1391836e-15   9.1606250e-01   9.1606250e-01
   1.5000000e+01   6.0000000e+00   7.3296790e-15   9.4481250e-01   9.4481250e-01
   1.6000000e+01   6.0000000e+00   7.5457701e-15   9.9984375e-01   9.9984375e-01
   1.7000000e+01   6.0000000e+00   7.8921367e-15   1.0147813e+00   1.0147813e+00
   1.8000000e+01   6.0000000e+00   7.6409803e-15   9.9253125e-01   9.9253125e-01
   1.9000000e+01   6.0000000e+00   7.9496729e-15   1.0213125e+00   1.0213125e+00
   2.0000000e+01   6.0000000e+00   7.9182018e-15   1.0181250e+00   1.0181250e+00
   2.1000000e+01   6.0000000e+00   7.4486588e-15   9.4600000e-01   9.4600000e-01
   2.2000000e+01   6.0000000e+00   7.0499247e-15   9.5215625e-01   9.5215625e-01
   2.3000000e+01   6.0000000e+00   7.5215509e-15   9.6540625e-01   9.6540625e-01
   2.4000000e+01   6.0000000e+00   7.6918579e-15   1.0055938e+00   1.0055938e+00
   2.5000000e+01   6.0000000e+00   7.8561931e-15   1.0068750e+00   1.0068750e+00
   2.6000000e+01   6.0000000e+00   7.8731378e-15   1.0177188e+00   1.0177188e+00
   2.7000000e+01   6.0000000e+00   7.6659848e-15   9.9656250e-01   9.9656250e-01
   2.8000000e+01   6.0000000e+00   7.6705345e-15   1.0018437e+00   1.0018437e+00
   2.9000000e+01   6.0000000e+00   6.8050194e-15   8.9559375e-01   8.9559375e-01
   3.0000000e+01   6.0000000e+00   6.8700673e-15   8.9893750e-01   8.9893750e-01
   3.1000000e+01   6.0000000e+00   7.0304411e-15   9.2959375e-01   9.2959375e-01
   3.2000000e+01   6.0000000e+00   7.3487429e-15   9.5484375e-01   9.5484375e-01
   3.3000000e+01   6.0000000e+00   7.1765254e-15   9.7259375e-01   9.7259375e-01
   3.4000000e+01   6.0000000e+00   7.6981471e-15   1.0087813e+00   1.0087813e+00
   3.5000000e+01   6.0000000e+00   7.4599598e-15   1.0045312e+00   1.0045312e+00
   1.0000000e+00   7.0000000e+00   8.3279573e-15   1.0441875e+00   1.0441875e+00
   2.0000000e+00   7.0000000e+00   8.3644846e-15   1.0693750e+00   1.0693750e+00
   3.0000000e+00   7.0000000e+00   8.4879140e-15   1.0661250e+00   1.0661250e+00
   4.0000000e+00   7.0000000e+00   7.8110594e-15   1.0309688e+00   1.0309688e+00
   5.0000000e+00   7.0000000e+00   7.6028085e-15   9.8550000e-01   9.8550000e-01
   6.0000000e+00   7.0000000e+00   7.6577379e-15   1.0145312e+00   1.0145312e+00
   7.0000000e+00   7.0000000e+00   8.0226415e-15   1.0124375e+00   1.0124375e+00
   8.0000000e+00   7.0000000e+00   8.0261856e-15   1.0561562e+00   1.0561562e+00
   9.0000000e+00   7.0000000e+00   7.8454955e-15   1.0255000e+00   1.0255000e+00
   1.0000000e+01   7.0000000e+00   7.7652612e-15   1.0124063e+00   1.0124063e+00
   1.1000000e+01   7.0000000e+00   7.8139431e-15   1.0228125e+00   1.0228125e+00
   1.2000000e+01   7.0000000e+00   7.6229886e-15   9.7803125e-01   9.7803125e-01
   1.3000000e+01   7.0000000e+00   7.4893166e-15   9.2428125e-01   9.2428125e-01
   1.4000000e+01   7.0000000e+00   7.2531703e-15   9.4731250e-01   9.4731250e-01
   1.5000000e+01   7.0000000e+00   7.3658146e-15   9.8384375e-01   9.8384375e-01
   1.6000000e+01   7.0000000e+00   7.7364093e-15   1.0102813e+00   1.0102813e+00
   1.7000000e+01   7.0000000e+00   7.8985557e-15   1.0494688e+00   1.0494688e+00
   1.8000000e+01   7.0000000e+00   8.0006073e-15   1.0661250e+00   1.0661250e+00
   1.9000000e+01   7.0000000e+00   8.0662394e-15   1.0812500e+00   1.0812500e+00
   2.0000000e+01   7.0000000e+00   8.1000692e-15   1.0504375e+00   1.0504375e+00
   2.1000000e+01   7.0000000e+00   7.6828691e-15   1.0032500e+00   1.0032500e+00
   2.2000000e+01   7.0000000e+00   7.3220188e-15   9.2284375e-01   9.2284375e-01
   2.3000000e+01   7.0000000e+00   7.4484180e-15   9.7046875e-01   9.7046875e-01
   2.4000000e+01   7.0000000e+00   7.5687344e-15   1.0026875e+00   1.0026875e+00
   2.5000000e+01   7.0000000e+00   7.9089228e-15   1.0276562e+00   1.0276562e+00
   2.6000000e+01   7.0000000e+00   7.9706812e-15   1.0320000e+00   1.0320000e+00
   2.7000000e+01   7.0000000e+00   7.7343396e-15   1.0176562e+00   1.0176562e+00
   2.8000000e+01   7.0000000e+00   7.8199597e-15   9.9900000e-01   9.9900000e-01
   2.9000000e+01   7.0000000e+00   7.4027929e-15   9.4128125e-01   9.4128125e-01
   3.0000000e+01   7.0000000e+00   7.3040208e-15   9.2328125e-01   9.2328125e-01
   3.1000000e+01   7.0000000e+00   7.3435890e-15   9.3937500e-01   9.3937500e-01
   3.2000000e+01   7.0000000e+00   7.2494744e-15   9.4446875e-01   9.4446875e-01
   3.3000000e+01   7.0000000e+00   7.9908296e-15   1.0265938e+00   1.0265938e+00
   3.4000000e+01   7.0000000e+00   8.0883928e-15   1.0292812e+00   1.0292812e+00
   3.5000000e+01   7.0000000e+00   8.1851765e-15   1.0676563e+00   1.0676563e+00
   1.0000000e+00   8.0000000e+00   8.7370915e-15   1.1205937e+00   1.1205937e+00
   2.0000000e+00   8.0000000e+00   8.6422613e-15   1.0945000e+00   1.0945000e+00
   3.0000000e+00   8.0000000e+00   8.4382576e-15   1.0856875e+00   1.0856875e+00
   4.0000000e+00   8.0000000e+00   8.0082425e-15   1.0105312e+00   1.0105312e+00
   5.0000000e+00   8.0000000e+00   7.8339598e-15   9.5784375e-01   9.5784375e-01
   6.0000000e+00   8.0000000e+00   7.7428753e-15   9.7959375e-01   9.7959375e-01
   7.0000000e+00   8.0000000e+00   8.4652199e-15   1.0571563e+00   1.0571563e+00
   8.0000000e+00   8.0000000e+00   8.0501063e-15   1.0646875e+00   1.0646875e+00
   9.0000000e+00   8.0000000e+00   8.2251258e-15   1.0656563e+00   1.0656563e+00
   1.0000000e+01   8.0000000e+00   8.0908425e-15   1.0572188e+00   1.0572188e+00
   1.1000000e+01   8.0000000e+00   7.9062172e-15   1.0126250e+00   1.0126250e+00
   1.2000000e+01   8.0000000e+00   7.8150821e-15   1.0146563e+00   1.0146563e+00
   1.3000000e+01   8.0000000e+00   7.3456680e-15   9.7506250e-01   9.7506250e-01
   1.4000000e+01   8.0000000e+00   7.7648445e-15   1.0060312e+00   1.0060312e+00
   1.5000000e+01   8.0000000e+00   7.7645606e-15   1.0005312e+00   1.0005312e+00
   1.6000000e+01   8.0000000e+00   7.7995817e-15   9.9528125e-01   9.9528125e-01
   1.7000000e+01   8.0000000e+00   8.3661714e-15   1.1054375e+00   1.1054375e+00
   1.8000000e+01   8.0000000e+00   8.1864307e-15   1.0971875e+00   1.0971875e+00
   1.9000000e+01   8.0000000e+00   8.4723085e-15   1.0974375e+00   1.0974375e+00
   2.0000000e+01   8.0000000e+00   8.6105397e-15   1.0694375e+00   1.0694375e+00
   2.1000000e+01   8.0000000e+00   7.7140732e-15   1.0295938e+00   1.0295938e+00
   2.2000000e+01   8.0000000e+00   7.9870933e-15   1.0268750e+00   1.0268750e+00
   2.3000000e+01   8.0000000e+00   7.8857160e-15   1.0127187e+00   1.0127187e+00
   2.4000000e+01   8.0000000e+00   7.8921880e-15   1.0296562e+00   1.0296562e+00
   2.5000000e+01   8.0000000e+00   7.9123974e-15   1.0280000e+00   1.0280000e+00
   2.6000000e+01   8.0000000e+00   8.3994100e-15   1.0597812e+00   1.0597812e+00
   2.7000000e+01   8.0000000e+00   8.1074514e-15   1.0305312e+00   1.0305312e+00
   2.8000000e+01   8.0000000e+00   7.9661588e-15   1.0045312e+00   1.0045312e+00
   2.9000000e+01   8.0000000e+00   7.6276548e-15   9.4109375e-01   9.4109375e-01
   3.0000000e+01   8.0000000e+00   6.9076315e-15   9.2778125e-01   9.2778125e-01
   3.1000000e+01   8.0000000e+00   7.1552820e-15   9.5493750e-01   9.5493750e-01
   3.2000000e+01   8.0000000e+00   7.5677402e-15   1.0053750e+00   1.0053750e+00
   3.3000000e+01   8.0000000e+00   7.6425529e-15   1.0464375e+00   1.0464375e+00
   3.4000000e+01   8.0000000e+00   8.0635547e-15   1.0566563e+00   1.0566563e+00
   3.5000000e+01   8.0000000e+00   8.2901156e-15   1.0700313e+00   1.0700313e+00
   1.0000000e+00   9.0000000e+00   8.6919784e-15   1.1464375e+00   1.1464375e+00
   2.0000000e+00   9.0000000e+00   8.7027815e-15   1.1327812e+00   1.1327812e+00
   3.0000000e+00   9.0000000e+00   8.5551247e-15   1.0748750e+00   1.0748750e+00
   4.0000000e+00   9.0000000e+00   8.0102024e-15   1.0626875e+00   1.0626875e+00
   5.0000000e+00   9.0000000e+00   7.8073698e-15   1.0275937e+00   1.0275937e+00
   6.0000000e+00   9.0000000e+00   8.0372077e-15   1.0430937e+00   1.0430937e+00
   7.0000000e+00   9.0000000e+00   8.1857856e-15   1.0677500e+00   1.0677500e+00
   8.0000000e+00   9.0000000e+00   8.3150670e-15   1.0437812e+00   1.0437812e+00
   9.0000000e+00   9.0000000e+00   8.3109303e-15   1.1220313e+00   1.1220313e+00
   1.0000000e+01   9.0000000e+00   8.2050841e-15   1.0844375e+00   1.0844375e+00
   1.1000000e+01   9.0000000e+00   8.1369589e-15   1.0605000e+00   1.0605000e+00
   1.2000000e+01   9.0000000e+00   7.9740313e-15   1.0314687e+00   1.0314687e+00
   1.3000000e+01   9.0000000e+00   7.4713379e-15   9.6362500e-01   9.6362500e-01
   1.4000000e+01   9.0000000e+00   7.4960214e-15   1.0058125e+00   1.0058125e+00
   1.5000000e+01   9.0000000e+00   7.7549957e-15   1.0380000e+00   1.0380000e+00
   1.6000000e+01   9.0000000e+00   8.1748485e-15   1.0661250e+00   1.0661250e+00
   1.7000000e+01   9.0000000e+00   8.5360398e-15   1.0913750e+00   1.0913750e+00
   1.8000000e+01   9.0000000e+00   8.6221133e-15   1.1293750e+00   1.1293750e+00
   1.9000000e+01   9.0000000e+00   8.6915746e-15   1.1038438e+00   1.1038438e+00
   2.0000000e+01   9.0000000e+00   8.3870546e-15   1.0640000e+00   1.0640000e+00
   2.1000000e+01   9.0000000e+00   8.0705046e-15   1.0226250e+00   1.0226250e+00
   2.2000000e+01   9.0000000e+00   7.6330988e-15   1.0243437e+00   1.0243437e+00
   2.3000000e+01   9.0000000e+00   7.9443879e-15   1.0365312e+00   1.0365312e+00
   2.4000000e+01   9.0000000e+00   8.1016274e-15   1.0711563e+00   1.0711563e+00
   2.5000000e+01   9.0000000e+00   8.2751841e-15   1.0874375e+00   1.0874375e+00
   2.6000000e+01   9.0000000e+00   8.4261763e-15   1.0773438e+00   1.0773438e+00
   2.7000000e+01   9.0000000e+00   8.0570254e-15   1.0672813e+00   1.0672813e+00
   2.8000000e+01   9.0000000e+00   8.2917714e-15   1.0706562e+00   1.0706562e+00
   2.9000000e+01   9.0000000e+00   7.5557961e-15   9.7931250e-01   9.7931250e-01
   3.0000000e+01   9.0000000e+00   7.2667616e-15   9.4325000e-01   9.4325000e-01
   3.1000000e+01   9.0000000e+00   7.5765794e-15   9.8637500e-01   9.8637500e-01
   3.2000000e+01   9.0000000e+00   7.6537959e-15   1.0088750e+00   1.0088750e+00
   3.3000000e+01   9.0000000e+00   8.0461411e-15   1.0444063e+00   1.0444063e+00
   3.4000000e+01   9.0000000e+00   8.1814320e-15   1.1002188e+00   1.1002188e+00
   3.5000000e+01   9.0000000e+00   8.5362769e-15   1.0703750e+00   1.0703750e+00
   1.0000000e+00   1.0000000e+01   8.7720314e-15   1.1438438e+00   1.1438438e+00
   2.0000000e+00   1.0000000e+01   8.7565651e-15   1.1068437e+00   1.1068437e+00
   3.0000000e+00   1.0000000e+01   8.5324736e-15   1.1305000e+00   1.1305000e+00
   4.0000000e+00   1.0000000e+01   8.0190474e-15   1.0656875e+00   1.0656875e+00
   5.0000000e+00   1.0000000e+01   8.1003786e-15   1.0499375e+00   1.0499375e+00
   6.0000000e+00   1.0000000e+01   7.9570363e-15   1.0295625e+00   1.0295625e+00
   7.0000000e+00   1.0000000e+01   8.1554849e-15   1.0596563e+00   1.0596563e+00
   8.0000000e+00   1.0000000e+01   8.5009189e-15   1.1175312e+00   1.1175312e+00
   9.0000000e+00   1.0000000e+01   8.2912189e-15   1.1188750e+00   1.1188750e+00
   1.0000000e+01   1.0000000e+01   8.4451830e-15   1.1062188e+00   1.1062188e+00
   1.1000000e+01   1.0000000e+01   8.4940889e-15   1.0923750e+00   1.0923750e+00
   1.2000000e+01   1.0000000e+01   8.1679724e-15   1.0504063e+00   1.0504063e+00
   1.3000000e+01   1.0000000e+01   7.8748847e-15   9.9690625e-01   9.9690625e-01
   1.4000000e+01   1.0000000e+01   7.8415812e-15   9.9212500e-01   9.9212500e-01
   1.5000000e+01   1.0000000e+01   7.8012269e-15   9.9781250e-01   9.9781250e-01
   1.6000000e+01   1.0000000e+01   8.1566253e-15   1.0704063e+00   1.0704063e+00
   1.7000000e+01   1.0000000e+01   8.6029739e-15   1.1073125e+00   1.1073125e+00
   1.8000000e+01   1.0000000e+01   8.6266605e-15   1.1470938e+00   1.1470938e+00
   1.9000000e+01   1.0000000e+01   8.5078423e-15   1.0799687e+00   1.0799687e+00
   2.0000000e+01   1.0000000e+01   8.5282642e-15   1.1126875e+00   1.1126875e+00
   2.1000000e+01   1.0000000e+01   8.3466554e-15   1.0693750e+00   1.0693750e+00
   2.2000000e+01   1.0000000e+01   8.0762716e-15   1.0318437e+00   1.0318437e+00
   2.3000000e+01   1.0000000e+01   8.0116375e-15   1.0124688e+00   1.0124688e+00
   2.4000000e+01   1.0000000e+01   8.3328492e-15   1.0851875e+00   1.0851875e+00
   2.5000000e+01   1.0000000e+01   8.2389958e-15   1.0924375e+00   1.0924375e+00
   2.6000000e+01   1.0000000e+01   8.4167529e-15   1.1173750e+00   1.1173750e+00
   2.7000000e+01   1.0000000e+01   8.5740812e-15   1.0793750e+00   1.0793750e+00
   2.8000000e+01   1.0000000e+01   8.3062089e-15   1.0445625e+00   1.0445625e+00
   2.9000000e+01   1.0000000e+01   7.8618226e-15   1.0253750e+00   1.0253750e+00
   3.0000000e+01   1.0000000e+01   7.6087877e-15   9.9865625e-01   9.9865625e-01
   3.1000000e+01   1.0000000e+01   7.8170425e-15   1.0214063e+00   1.0214063e+00
   3.2000000e+01   1.0000000e+01   8.1619450e-15   1.0465000e+00   1.0465000e+00
   3.3000000e+01   1.0000000e+01   8.6351890e-15   1.0792813e+00   1.0792813e+00
   3.4000000e+01   1.0000000e+01   8.2276256e-15   1.0656250e+00   1.0656250e+00
   3.5000000e+01   1.0000000e+01   8.7095990e-15   1.1243438e+00   1.1243438e+00
   1.0000000e+00   1.1000000e+01   8.8360244e-15   1.1358125e+00   1.1358125e+00
   2.0000000e+00   1.1000000e+01   9.0517110e-15   1.1534688e+00   1.1534688e+00
   3.0000000e+00   1.1000000e+01   8.7164824e-15   1.1333437e+00   1.1333437e+00
   4.0000000e+00   1.1000000e+01   8.6234387e-15   1.0906562e+00   1.0906562e+00
   5.0000000e+00   1.1000000e+01   7.8870602e-15   9.9387500e-01   9.9387500e-01
   6.0000000e+00   1.1000000e+01   8.1368967e-15   1.0562813e+00   1.0562813e+00
   7.0000000e+00   1.1000000e+01   8.4337503e-15   1.0999063e+00   1.0999063e+00
   8.0000000e+00   1.1000000e+01   8.7731667e-15   1.1457813e+00   1.1457813e+00
   9.0000000e+00   1.1000000e+01   8.8425377e-15   1.1278438e+00   1.1278438e+00
   1.0000000e+01   1.1000000e+01   8.4755946e-15   1.1276563e+00   1.1276563e+00
   1.1000000e+01   1.1000000e+01   8.4758885e-15   1.1056250e+00   1.1056250e+00
   1.2000000e+01   1.1000000e+01   8.2445533e-15   1.0831875e+00   1.0831875e+00
   1.3000000e+01   1.1000000e+01   7.9314192e-15   1.0563437e+00   1.0563437e+00
   1.4000000e+01   1.1000000e+01   7.7930642e-15   1.0093438e+00   1.0093438e+00
   1.5000000e+01   1.1000000e+01   7.9538831e-15   1.0373438e+00   1.0373438e+00
   1.6000000e+01   1.1000000e+01   8.4521300e-15   1.0625625e+00   1.0625625e+00
   1.7000000e+01   1.1000000e+01   8.8764716e-15   1.1007500e+00   1.1007500e+00
   1.8000000e+01   1.1000000e+01   8.9075879e-15   1.1317187e+00   1.1317187e+00
   1.9000000e+01   1.1000000e+01   8.9532067e-15   1.1379688e+00   1.1379688e+00
   2.0000000e+01   1.1000000e+01   8.5821663e-15   1.1185000e+00   1.1185000e+00
   2.1000000e+01   1.1000000e+01   8.2883245e-15   1.0600313e+00   1.0600313e+00
   2.2000000e+01   1.1000000e+01   7.7749199e-15   1.0210625e+00   1.0210625e+00
   2.3000000e+01   1.1000000e+01   8.2912931e-15   1.0179063e+00   1.0179063e+00
   2.4000000e+01   1.1000000e+01   8.5652631e-15   1.0791875e+00   1.0791875e+00
   2.5000000e+01   1.1000000e+01   8.4074670e-15   1.0790000e+00   1.0790000e+00
   2.6000000e+01   1.1000000e+01   8.6326138e-15   1.0951250e+00   1.0951250e+00
   2.7000000e+01   1.1000000e+01   8.3823659e-15   1.0825938e+00   1.0825938e+00
   2.8000000e+01   1.1000000e+01   8.4469017e-15   1.0698125e+00   1.0698125e+00
   2.9000000e+01   1.1000000e+01   8.0708113e-15   1.0253750e+00   1.0253750e+00
   3.0000000e+01   1.1000000e+01   7.9584700e-15   9.9984375e-01   9.9984375e-01
   3.1000000e+01   1.1000000e+01   8.0134082e-15   1.0164063e+00   1.0164063e+00
   3.2000000e+01   1.1000000e+01   8.1142990e-15   1.0227500e+00   1.0227500e+00
   3.3000000e+01   1.1000000e+01   8.1819842e-15   1.0942500e+00   1.0942500e+00
   3.4000000e+01   1.1000000e+01   8.7374565e-15   1.1208437e+00   1.1208437e+00
   3.5000000e+01   1.1000000e+01   8.7626339e-15   1.1539375e+00   1.1539375e+00
   1.0000000e+00   1.2000000e+01   8.6755004e-15   1.1265000e+00   1.1265000e+00
   2.0000000e+00   1.2000000e+01   9.1408802e-15   1.1718437e+00   1.1718437e+00
   3.0000000e+00   1.2000000e+01   8.8030186e-15   1.1389688e+00   1.1389688e+00
   4.0000000e+00   1.2000000e+01   8.3528533e-15   1.1072187e+00   1.1072187e+00
   5.0000000e+00   1.2000000e+01   8.0857724e-15   1.0469688e+00   1.0469688e+00
   6.0000000e+00   1.2000000e+01   8.3756880e-15   1.0899687e+00   1.0899687e+00
   7.0000000e+00   1.2000000e+01   8.5643523e-15   1.1194375e+00   1.1194375e+00
   8.0000000e+00   1.2000000e+01   8.8484476e-15   1.1546875e+00   1.1546875e+00
   9.0000000e+00   1.2000000e+01   8.8722115e-15   1.1520312e+00   1.1520312e+00
   1.0000000e+01   1.2000000e+01   8.7169050e-15   1.1480937e+00   1.1480937e+00
   1.1000000e+01   1.2000000e+01   8.5838019e-15   1.1141875e+00   1.1141875e+00
   1.2000000e+01   1.2000000e+01   8.1463907e-15   1.0752813e+00   1.0752813e+00
   1.3000000e+01   1.2000000e+01   7.7383398e-15   1.0254063e+00   1.0254063e+00
   1.4000000e+01   1.2000000e+01   7.7056954e-15   1.0100000e+00   1.0100000e+00
   1.5000000e+01   1.2000000e+01   7.8846382e-15   1.0640000e+00   1.0640000e+00
   1.6000000e+01   1.2000000e+01   8.3590669e-15   1.0904375e+00   1.0904375e+00
   1.7000000e+01   1.2000000e+01   8.6414468e-15   1.1237500e+00   1.1237500e+00
   1.8000000e+01   1.2000000e+01   8.7653148e-15   1.1568437e+00   1.1568437e+00
   1.9000000e+01   1.2000000e+01   8.9686425e-15   1.1413750e+00   1.1413750e+00
   2.0000000e+01   1.2000000e+01   8.4963598e-15   1.0886875e+00   1.0886875e+00
   2.1000000e+01   1.2000000e+01   8.3920112e-15   1.0557500e+00   1.0557500e+00
   2.2000000e+01   1.2000000e+01   7.9422111e-15   1.0314062e+00   1.0314062e+00
   2.3000000e+01   1.2000000e+01   8.3495432e-15   1.0613750e+00   1.0613750e+00
   2.4000000e+01   1.2000000e+01   8.5902225e-15   1.1133437e+00   1.1133437e+00
   2.5000000e+01   1.2000000e+01   8.7551868e-15   1.1413125e+00   1.1413125e+00
   2.6000000e+01   1.2000000e+01   8.8784555e-15   1.1567812e+00   1.1567812e+00
   2.7000000e+01   1.2000000e+01   8.9434160e-15   1.1191250e+00   1.1191250e+00
   2.8000000e+01   1.2000000e+01   8.4636558e-15   1.0636875e+00   1.0636875e+00
   2.9000000e+01   1.2000000e+01   7.6098872e-15   9.8709375e-01   9.8709375e-01
   3.0000000e+01   1.2000000e+01   7.4935354e-15   9.7143750e-01   9.7143750e-01
   3.1000000e+01   1.2000000e+01   8.0304185e-15   9.9765625e-01   9.9765625e-01
   3.2000000e+01   1.2000000e+01   8.1344578e-15   1.0504375e+00   1.0504375e+00
   3.3000000e+01   1.2000000e+01   8.5259101e-15   1.1019375e+00   1.1019375e+00
   3.4000000e+01   1.2000000e+01   8.5878683e-15   1.1307813e+00   1.1307813e+00
   3.5000000e+01   1.2000000e+01   8.6559433e-15   1.1613437e+00   1.1613437e+00
   1.0000000e+00   1.3000000e+01   8.7994936e-15   1.1132187e+00   1.1132187e+00
   2.0000000e+00   1.3000000e+01   9.0468677e-15   1.1575938e+00   1.1575938e+00
   3.0000000e+00   1.3000000e+01   8.9997576e-15   1.1505000e+00   1.1505000e+00
   4.0000000e+00   1.3000000e+01   8.4399173e-15   1.0971250e+00   1.0971250e+00
   5.0000000e+00   1.3000000e+01   8.2346728e-15   1.0674688e+00   1.0674688e+00
   6.0000000e+00   1.3000000e+01   8.2179072e-15   1.0742188e+00   1.0742188e+00
   7.0000000e+00   1.3000000e+01   8.4420420e-15   1.0735000e+00   1.0735000e+00
   8.0000000e+00   1.3000000e+01   8.8123237e-15   1.1658125e+00   1.1658125e+00
   9.0000000e+00   1.3000000e+01   8.8422484e-15   1.1464375e+00   1.1464375e+00
   1.0000000e+01   1.3000000e+01   8.7662164e-15   1.1380937e+00   1.1380937e+00
   1.1000000e+01   1.3000000e+01   8.4107357e-15   1.0661562e+00   1.0661562e+00
   1.2000000e+01   1.3000000e+01   8.3834856e-15   1.0650000e+00   1.0650000e+00
   1.3000000e+01   1.3000000e+01   7.4695505e-15   1.0052188e+00   1.0052188e+00
   1.4000000e+01   1.3000000e+01   7.9746479e-15   9.7628125e-01   9.7628125e-01
   1.5000000e+01   1.3000000e+01   8.1149096e-15   1.0495313e+00   1.0495313e+00
   1.6000000e+01   1.3000000e+01   8.5714490e-15   1.0909063e+00   1.0909063e+00
   1.7000000e+01   1.3000000e+01   8.5448803e-15   1.0877188e+00   1.0877188e+00
   1.8000000e+01   1.3000000e+01   8.6069098e-15   1.0930938e+00   1.0930938e+00
   1.9000000e+01   1.3000000e+01   8.9672711e-15   1.1476250e+00   1.1476250e+00
   2.0000000e+01   1.3000000e+01   8.7726915e-15   1.1436250e+00   1.1436250e+00
   2.1000000e+01   1.3000000e+01   8.2619961e-15   1.0847500e+00   1.0847500e+00
   2.2000000e+01   1.3000000e+01   8.1892971e-15   1.0217188e+00   1.0217188e+00
   2.3000000e+01   1.3000000e+01   8.2435477e-15   1.0713438e+00   1.0713438e+00
   2.4000000e+01   1.3000000e+01   8.8064644e-15   1.1206562e+00   1.1206562e+00
   2.5000000e+01   1.3000000e+01   8.5986514e-15   1.1245937e+00   1.1245937e+00
   2.6000000e+01   1.3000000e+01   8.9089357e-15   1.1479375e+00   1.1479375e+00
   2.7000000e+01   1.3000000e+01   8.7091024e-15   1.1322187e+00   1.1322187e+00
   2.8000000e+01   1.3000000e+01   8.3826824e-15   1.1084687e+00   1.1084687e+00
   2.9000000e+01   1.3000000e+01   8.1963158e-15   1.0735000e+00   1.0735000e+00
   3.0000000e+01   1.3000000e+01   7.7938459e-15   9.9593750e-01   9.9593750e-01
   3.1000000e+01   1.3000000e+01   7.9031900e-15   1.0217188e+00   1.0217188e+00
   3.2000000e+01   1.3000000e+01   8.1409799e-15   1.0650313e+00   1.0650313e+00
   3.3000000e+01   1.3000000e+01   8.3755629e-15   1.1120000e+00   1.1120000e+00
   3.4000000e+01   1.3000000e+01   8.6977561e-15   1.1315313e+00   1.1315313e+00
   3.5000000e+01   1.3000000e+01   8.7891139e-15   1.1536563e+00   1.1536563e+00
   1.0000000e+00   1.4000000e+01   8.8493421e-15   1.1434688e+00   1.1434688e+00
   2.0000000e+00   1.4000000e+01   8.8925722e-15   1.1653437e+00   1.1653437e+00
   3.0000000e+00   1.4000000e+01   8.6692099e-15   1.1290312e+00   1.1290312e+00
   4.0000000e+00   1.4000000e+01   8.1426143e-15   1.0831250e+00   1.0831250e+00
   5.0000000e+00   1.4000000e+01   8.0453627e-15   1.0481875e+00   1.0481875e+00
   6.0000000e+00   1.4000000e+01   8.2918419e-15   1.0855312e+00   1.0855312e+00
   7.0000000e+00   1.4000000e+01   8.3415421e-15   1.1082500e+00   1.1082500e+00
   8.0000000e+00   1.4000000e+01   8.9742198e-15   1.1782188e+00   1.1782188e+00
   9.0000000e+00   1.4000000e+01   8.9332881e-15   1.1485625e+00   1.1485625e+00
   1.0000000e+01   1.4000000e+01   8.5336662e-15   1.1370938e+00   1.1370938e+00
   1.1000000e+01   1.4000000e+01   8.4201947e-15   1.0825000e+00   1.0825000e+00
   1.2000000e+01   1.4000000e+01   8.0240634e-15   1.0424687e+00   1.0424687e+00
   1.3000000e+01   1.4000000e+01   7.9629238e-15   1.0042500e+00   1.0042500e+00
   1.4000000e+01   1.4000000e+01   7.7243870e-15   9.7328125e-01   9.7328125e-01
   1.5000000e+01   1.4000000e+01   8.0928081e-15   1.0359063e+00   1.0359063e+00
   1.6000000e+01   1.4000000e+01   8.1718146e-15   1.0771250e+00   1.0771250e+00
   1.7000000e+01   1.4000000e+01   8.4393225e-15   1.0620313e+00   1.0620313e+00
   1.8000000e+01   1.4000000e+01   8.7755311e-15   1.1536875e+00   1.1536875e+00
   1.9000000e+01   1.4000000e+01   8.8586116e-15   1.1495625e+00   1.1495625e+00
   2.0000000e+01   1.4000000e+01   8.6929122e-15   1.1080313e+00   1.1080313e+00
   2.1000000e+01   1.4000000e+01   8.4113654e-15   1.0837188e+00   1.0837188e+00
   2.2000000e+01   1.4000000e+01   7.9030982e-15   1.0515625e+00   1.0515625e+00
   2.3000000e+01   1.4000000e+01   8.3093987e-15   1.0818125e+00   1.0818125e+00
   2.4000000e+01   1.4000000e+01   8.4480842e-15   1.1238438e+00   1.1238438e+00
   2.5000000e+01   1.4000000e+01   8.9071060e-15   1.1534688e+00   1.1534688e+00
   2.6000000e+01   1.4000000e+01   8.9064973e-15   1.1208125e+00   1.1208125e+00
   2.7000000e+01   1.4000000e+01   8.7035499e-15   1.1380625e+00   1.1380625e+00
   2.8000000e+01   1.4000000e+01   8.6709967e-15   1.1085938e+00   1.1085938e+00
   2.9000000e+01   1.4000000e+01   7.9312435e-15   1.0399063e+00   1.0399063e+00
   3.0000000e+01   1.4000000e+01   7.9433334e-15   1.0014375e+00   1.0014375e+00
   3.1000000e+01   1.4000000e+01   7.7901819e-15   1.0209375e+00   1.0209375e+00
   3.2000000e+01   1.4000000e+01   7.9683294e-15   1.0410937e+00   1.0410937e+00
   3.3000000e+01   1.4000000e+01   8.5109692e-15   1.0811563e+00   1.0811563e+00
   3.4000000e+01   1.4000000e+01   8.7347075e-15   1.1386250e+00   1.1386250e+00
   3.5000000e+01   1.4000000e+01   8.7397449e-15   1.1360312e+00   1.1360312e+00
   1.0000000e+00   1.5000000e+01   8.8306807e-15   1.1377500e+00   1.1377500e+00
   2.0000000e+00   1.5000000e+01   8.4184971e-15   1.0628125e+00   1.0628125e+00
   3.0000000e+00   1.5000000e+01   8.5091450e-15   1.0855000e+00   1.0855000e+00
   4.0000000e+00   1.5000000e+01   8.0121264e-15   1.0156250e+00   1.0156250e+00
   5.0000000e+00   1.5000000e+01   7.6433638e-15   9.4909375e-01   9.4909375e-01
   6.0000000e+00   1.5000000e+01   8.1708273e-15   1.0596563e+00   1.0596563e+00
   7.0000000e+00   1.5000000e+01   8.3635209e-15   1.1027500e+00   1.1027500e+00
   8.0000000e+00   1.5000000e+01   8.7836233e-15   1.1102812e+00   1.1102812e+00
   9.0000000e+00   1.5000000e+01   8.6517214e-15   1.0955625e+00   1.0955625e+00
   1.0000000e+01   1.5000000e+01   8.6493586e-15   1.1298750e+00   1.1298750e+00
   1.1000000e+01   1.5000000e+01   8.2242948e-15   1.0980313e+00   1.0980313e+00
   1.2000000e+01   1.5000000e+01   8.0681237e-15   9.8893750e-01   9.8893750e-01
   1.3000000e+01   1.5000000e+01   7.6697019e-15   1.0106250e+00   1.0106250e+00
   1.4000000e+01   1.5000000e+01   7.5953066e-15   9.9884375e-01   9.9884375e-01
   1.5000000e+01   1.5000000e+01   7.7828575e-15   1.0159687e+00   1.0159687e+00
   1.6000000e+01   1.5000000e+01   8.0977256e-15   1.0454687e+00   1.0454687e+00
   1.7000000e+01   1.5000000e+01   8.3844755e-15   1.0921250e+00   1.0921250e+00
   1.8000000e+01   1.5000000e+01   8.5851335e-15   1.1338438e+00   1.1338438e+00
   1.9000000e+01   1.5000000e+01   8.8578005e-15   1.1425625e+00   1.1425625e+00
   2.0000000e+01   1.5000000e+01   8.4212329e-15   1.0677812e+00   1.0677812e+00
   2.1000000e+01   1.5000000e+01   8.0060432e-15   1.0527187e+00   1.0527187e+00
   2.2000000e+01   1.5000000e+01   7.6598575e-15   9.9237500e-01   9.9237500e-01
   2.3000000e+01   1.5000000e+01   8.1631472e-15   1.0341875e+00   1.0341875e+00
   2.4000000e+01   1.5000000e+01   8.4768398e-15   1.1041875e+00   1.1041875e+00
   2.5000000e+01   1.5000000e+01   8.8358455e-15   1.1311563e+00   1.1311563e+00
   2.6000000e+01   1.5000000e+01   8.7962278e-15   1.1380313e+00   1.1380313e+00
   2.7000000e+01   1.5000000e+01   8.6953669e-15   1.1206562e+00   1.1206562e+00
   2.8000000e+01   1.5000000e+01   8.2483231e-15   1.0747187e+00   1.0747187e+00
   2.9000000e+01   1.5000000e+01   7.8626950e-15   9.8718750e-01   9.8718750e-01
   3.0000000e+01   1.5000000e+01   7.6494292e-15   9.8193750e-01   9.8193750e-01
   3.1000000e+01   1.5000000e+01   7.8033847e-15   1.0122813e+00   1.0122813e+00
   3.2000000e+01   1.5000000e+01   7.9532219e-15   1.0448750e+00   1.0448750e+00
   3.3000000e+01   1.5000000e+01   8.2530971e-15   1.0537812e+00   1.0537812e+00
   3.4000000e+01   1.5000000e+01   8.4944089e-15   1.0837188e+00   1.0837188e+00
   3.5000000e+01   1.5000000e+01   8.7085993e-15   1.1549688e+00   1.1549688e+00
   1.0000000e+00   1.6000000e+01   8.4391550e-15   1.0847188e+00   1.0847188e+00
   2.0000000e+00   1.6000000e+01   8.3932259e-15   1.0998438e+00   1.0998438e+00
   3.0000000e+00   1.6000000e+01   8.1225088e-15   1.0633750e+00   1.0633750e+00
   4.0000000e+00   1.6000000e+01   7.7681366e-15   9.9503125e-01   9.9503125e-01
   5.0000000e+00   1.6000000e+01   7.7101400e-15   9.5834375e-01   9.5834375e-01
   6.0000000e+00   1.6000000e+01   7.7816397e-15   1.0213438e+00   1.0213438e+00
   7.0000000e+00   1.6000000e+01   7.8653779e-15   1.0549062e+00   1.0549062e+00
   8.0000000e+00   1.6000000e+01   8.3210211e-15   1.0914375e+00   1.0914375e+00
   9.0000000e+00   1.6000000e+01   8.5373775e-15   1.1108437e+00   1.1108437e+00
   1.0000000e+01   1.6000000e+01   8.5435218e-15   1.0672813e+00   1.0672813e+00
   1.1000000e+01   1.6000000e+01   8.0133606e-15   1.0389375e+00   1.0389375e+00
   1.2000000e+01   1.6000000e+01   7.8067667e-15   9.6303125e-01   9.6303125e-01
   1.3000000e+01   1.6000000e+01   7.1151799e-15   9.3337500e-01   9.3337500e-01
   1.4000000e+01   1.6000000e+01   7.6437636e-15   9.7615625e-01   9.7615625e-01
   1.5000000e+01   1.6000000e+01   7.5500531e-15   9.7915625e-01   9.7915625e-01
   1.6000000e+01   1.6000000e+01   7.9435334e-15   1.0438125e+00   1.0438125e+00
   1.7000000e+01   1.6000000e+01   8.2815523e-15   1.0704063e+00   1.0704063e+00
   1.8000000e+01   1.6000000e+01   8.3830162e-15   1.1115313e+00   1.1115313e+00
   1.9000000e+01   1.6000000e+01   8.3889484e-15   1.1142812e+00   1.1142812e+00
   2.0000000e+01   1.6000000e+01   8.4362489e-15   1.0541250e+00   1.0541250e+00
   2.1000000e+01   1.6000000e+01   7.6378382e-15   1.0069375e+00   1.0069375e+00
   2.2000000e+01   1.6000000e+01   7.4643142e-15   9.8334375e-01   9.8334375e-01
   2.3000000e+01   1.6000000e+01   7.5238376e-15   1.0042500e+00   1.0042500e+00
   2.4000000e+01   1.6000000e+01   8.0400650e-15   1.0650625e+00   1.0650625e+00
   2.5000000e+01   1.6000000e+01   8.4875540e-15   1.1046250e+00   1.1046250e+00
   2.6000000e+01   1.6000000e+01   8.4971204e-15   1.1177812e+00   1.1177812e+00
   2.7000000e+01   1.6000000e+01   8.3738368e-15   1.0987500e+00   1.0987500e+00
   2.8000000e+01   1.6000000e+01   8.0126988e-15   1.0730938e+00   1.0730938e+00
   2.9000000e+01   1.6000000e+01   7.7808426e-15   1.0141250e+00   1.0141250e+00
   3.0000000e+01   1.6000000e+01   7.4199761e-15   9.6615625e-01   9.6615625e-01
   3.1000000e+01   1.6000000e+01   7.5345579e-15   9.9215625e-01   9.9215625e-01
   3.2000000e+01   1.6000000e+01   8.1162910e-15   1.0365625e+00   1.0365625e+00
   3.3000000e+01   1.6000000e+01   7.9448762e-15   1.0427187e+00   1.0427187e+00
   3.4000000e+01   1.6000000e+01   8.8533141e-15   1.0905625e+00   1.0905625e+00
   3.5000000e+01   1.6000000e+01   8.5316431e-15   1.1370938e+00   1.1370938e+00
   1.0000000e+00   1.7000000e+01   8.0036941e-15   1.0544375e+00   1.0544375e+00
   2.0000000e+00   1.7000000e+01   8.1109287e-15   1.0645000e+00   1.0645000e+00
   3.0000000e+00   1.7000000e+01   7.7759931e-15   9.8631250e-01   9.8631250e-01
   4.0000000e+00   1.7000000e+01   7.4494323e-15   9.8921875e-01   9.8921875e-01
   5.0000000e+00   1.7000000e+01   7.5196238e-15   9.8084375e-01   9.8084375e-01
   6.0000000e+00   1.7000000e+01   7.3165711e-15   9.6412500e-01   9.6412500e-01
   7.0000000e+00   1.7000000e+01   8.0084688e-15   1.0283437e+00   1.0283437e+00
   8.0000000e+00   1.7000000e+01   8.1504159e-15   1.0680938e+00   1.0680938e+00
   9.0000000e+00   1.7000000e+01   8.1097302e-15   1.0742812e+00   1.0742812e+00
   1.0000000e+01   1.7000000e+01   7.9414993e-15   1.0162187e+00   1.0162187e+00
   1.1000000e+01   1.7000000e+01   7.8251922e-15   1.0106250e+00   1.0106250e+00
   1.2000000e+01   1.7000000e+01   7.2928323e-15   9.7350000e-01   9.7350000e-01
   1.3000000e+01   1.7000000e+01   7.2672804e-15   9.4881250e-01   9.4881250e-01
   1.4000000e+01   1.7000000e+01   7.2198879e-15   9.2475000e-01   9.2475000e-01
   1.5000000e+01   1.7000000e+01   7.2527882e-15   9.9484375e-01   9.9484375e-01
   1.6000000e+01   1.7000000e+01   7.6416401e-15   9.9043750e-01   9.9043750e-01
   1.7000000e+01   1.7000000e+01   8.0407820e-15   1.0579375e+00   1.0579375e+00
   1.8000000e+01   1.7000000e+01   7.9874542e-15   1.0283750e+00   1.0283750e+00
   1.9000000e+01   1.7000000e+01   7.8570287e-15   1.0455625e+00   1.0455625e+00
   2.0000000e+01   1.7000000e+01   7.8958719e-15   1.0294375e+00   1.0294375e+00
   2.1000000e+01   1.7000000e+01   7.3275617e-15   9.7681250e-01   9.7681250e-01
   2.2000000e+01   1.7000000e+01   7.2864678e-15   9.3803125e-01   9.3803125e-01
   2.3000000e+01   1.7000000e+01   7.6781252e-15   9.8409375e-01   9.8409375e-01
   2.4000000e+01   1.7000000e+01   7.8733387e-15   1.0358750e+00   1.0358750e+00
   2.5000000e+01   1.7000000e+01   8.4030577e-15   1.0776875e+00   1.0776875e+00
   2.6000000e+01   1.7000000e+01   8.1184298e-15   1.0824687e+00   1.0824687e+00
   2.7000000e+01   1.7000000e+01   8.0429655e-15   1.0611563e+00   1.0611563e+00
   2.8000000e+01   1.7000000e+01   7.8571804e-15   1.0396562e+00   1.0396562e+00
   2.9000000e+01   1.7000000e+01   7.3589972e-15   9.5521875e-01   9.5521875e-01
   3.0000000e+01   1.7000000e+01   7.4059604e-15   9.2587500e-01   9.2587500e-01
   3.1000000e+01   1.7000000e+01   7.5432274e-15   9.8146875e-01   9.8146875e-01
   3.2000000e+01   1.7000000e+01   7.4898185e-15   9.9612500e-01   9.9612500e-01
   3.3000000e+01   1.7000000e+01   7.8842910e-15   1.0325625e+00   1.0325625e+00
   3.4000000e+01   1.7000000e+01   8.1003859e-15   1.0623750e+00   1.0623750e+00
   3.5000000e+01   1.7000000e+01   8.4388003e-15   1.0886875e+00   1.0886875e+00
   1.0000000e+00   1.8000000e+01   7.8123854e-15   1.0056250e+00   1.0056250e+00
   2.0000000e+00   1.8000000e+01   7.9222602e-15   9.8890625e-01   9.8890625e-01
   3.0000000e+00   1.8000000e+01   7.8547071e-15   1.0044375e+00   1.0044375e+00
   4.0000000e+00   1.8000000e+01   7.4150365e-15   9.7346875e-01   9.7346875e-01
   5.0000000e+00   1.8000000e+01   7.0084440e-15   9.3012500e-01   9.3012500e-01
   6.0000000e+00   1.8000000e+01   7.3995917e-15   9.3856250e-01   9.3856250e-01
   7.0000000e+00   1.8000000e+01   7.5454796e-15   9.8596875e-01   9.8596875e-01
   8.0000000e+00   1.8000000e+01   7.8500181e-15   1.0217813e+00   1.0217813e+00
   9.0000000e+00   1.8000000e+01   7.6524000e-15   9.9256250e-01   9.9256250e-01
   1.0000000e+01   1.8000000e+01   7.6954103e-15   9.9653125e-01   9.9653125e-01
   1.1000000e+01   1.8000000e+01   7.5530570e-15   9.9068750e-01   9.9068750e-01
   1.2000000e+01   1.8000000e+01   7.2112515e-15   9.3296875e-01   9.3296875e-01
   1.3000000e+01   1.8000000e+01   7.0106515e-15   9.1150000e-01   9.1150000e-01
   1.4000000e+01   1.8000000e+01   6.7980444e-15   9.1500000e-01   9.1500000e-01
   1.5000000e+01   1.8000000e+01   7.2672958e-15   9.4103125e-01   9.4103125e-01
   1.6000000e+01   1.8000000e+01   7.4093834e-15   9.6931250e-01   9.6931250e-01
   1.7000000e+01   1.8000000e+01   7.6956761e-15   1.0105938e+00   1.0105938e+00
   1.8000000e+01   1.8000000e+01   7.8756018e-15   1.0268750e+00   1.0268750e+00
   1.9000000e+01   1.8000000e+01   7.6741818e-15   1.0187187e+00   1.0187187e+00
   2.0000000e+01   1.8000000e+01   7.7412280e-15   1.0087500e+00   1.0087500e+00
   2.1000000e+01   1.8000000e+01   7.2478987e-15   9.6584375e-01   9.6584375e-01
   2.2000000e+01   1.8000000e+01   7.1730333e-15   9.2450000e-01   9.2450000e-01
   2.3000000e+01   1.8000000e+01   7.6016366e-15   1.0039687e+00   1.0039687e+00
   2.4000000e+01   1.8000000e+01   7.6655736e-15   1.0120000e+00   1.0120000e+00
   2.5000000e+01   1.8000000e+01   7.8961235e-15   1.0400625e+00   1.0400625e+00
   2.6000000e+01   1.8000000e+01   8.0165522e-15   1.0296875e+00   1.0296875e+00
   2.7000000e+01   1.8000000e+01   7.7839727e-15   1.0266250e+00   1.0266250e+00
   2.8000000e+01   1.8000000e+01   7.6599208e-15   9.9709375e-01   9.9709375e-01
   2.9000000e+01   1.8000000e+01   7.2946327e-15   9.4303125e-01   9.4303125e-01
   3.0000000e+01   1.8000000e+01   6.9935951e-15   9.2993750e-01   9.2993750e-01
   3.1000000e+01   1.8000000e+01   7.2146272e-15   9.4378125e-01   9.4378125e-01
   3.2000000e+01   1.8000000e+01   7.4582302e-15   9.7021875e-01   9.7021875e-01
   3.3000000e+01   1.8000000e+01   7.6715638e-15   9.9775000e-01   9.9775000e-01
   3.4000000e+01   1.8000000e+01   7.8877856e-15   1.0216250e+00   1.0216250e+00
   3.5000000e+01   1.8000000e+01   7.8926980e-15   1.0017813e+00   1.0017813e+00
   1.0000000e+00   1.9000000e+01   7.7671292e-15   9.6590625e-01   9.6590625e-01
   2.0000000e+00   1.9000000e+01   7.6060044e-15   9.6912500e-01   9.6912500e-01
   3.0000000e+00   1.9000000e+01   7.6194208e-15   9.4487500e-01   9.4487500e-01
   4.0000000e+00   1.9000000e+01   7.1485148e-15   8.8896875e-01   8.8896875e-01
   5.0000000e+00   1.9000000e+01   7.1116125e-15   8.8021875e-01   8.8021875e-01
   6.0000000e+00   1.9000000e+01   7.5118321e-15   9.4200000e-01   9.4200000e-01
   7.0000000e+00   1.9000000e+01   7.5627916e-15   9.7965625e-01   9.7965625e-01
   8.0000000e+00   1.9000000e+01   7.7379296e-15   1.0061250e+00   1.0061250e+00
   9.0000000e+00   1.9000000e+01   7.6612592e-15   1.0221875e+00   1.0221875e+00
   1.0000000e+01   1.9000000e+01   7.5313850e-15   1.0092812e+00   1.0092812e+00
   1.1000000e+01   1.9000000e+01   7.3029156e-15   9.6303125e-01   9.6303125e-01
   1.2000000e+01   1.9000000e+01   7.0339209e-15   9.2256250e-01   9.2256250e-01
   1.3000000e+01   1.9000000e+01   6.8971398e-15   8.9456250e-01   8.9456250e-01
   1.4000000e+01   1.9000000e+01   6.8210326e-15   8.5612500e-01   8.5612500e-01
   1.5000000e+01   1.9000000e+01   7.1561642e-15   9.6496875e-01   9.6496875e-01
   1.6000000e+01   1.9000000e+01   7.2843173e-15   9.6743750e-01   9.6743750e-01
   1.7000000e+01   1.9000000e+01   7.7183173e-15   1.0020000e+00   1.0020000e+00
   1.8000000e+01   1.9000000e+01   7.8954785e-15   1.0057188e+00   1.0057188e+00
   1.9000000e+01   1.9000000e+01   7.5229891e-15   1.0011250e+00   1.0011250e+00
   2.0000000e+01   1.9000000e+01   7.6618806e-15   9.9693750e-01   9.9693750e-01
   2.1000000e+01   1.9000000e+01   7.1732419e-15   9.0981250e-01   9.0981250e-01
   2.2000000e+01   1.9000000e+01   7.1131495e-15   9.4462500e-01   9.4462500e-01
   2.3000000e+01   1.9000000e+01   7.2627762e-15   9.5112500e-01   9.5112500e-01
   2.4000000e+01   1.9000000e+01   7.4657513e-15   9.5734375e-01   9.5734375e-01
   2.5000000e+01   1.9000000e+01   7.7992004e-15   1.0280938e+00   1.0280938e+00
   2.6000000e+01   1.9000000e+01   7.7672808e-15   1.0076250e+00   1.0076250e+00
   2.7000000e+01   1.9000000e+01   7.4250645e-15   9.6990625e-01   9.6990625e-01
   2.8000000e+01   1.9000000e+01   7.3915172e-15   9.6812500e-01   9.6812500e-01
   2.9000000e+01   1.9000000e+01   6.8710240e-15   9.0428125e-01   9.0428125e-01
   3.0000000e+01   1.9000000e+01   6.8301783e-15   8.7400000e-01   8.7400000e-01
   3.1000000e+01   1.9000000e+01   6.8059468e-15   9.0521875e-01   9.0521875e-01
   3.2000000e+01   1.9000000e+01   7.3196751e-15   9.5843750e-01   9.5843750e-01
   3.3000000e+01   1.9000000e+01   7.5291032e-15   1.0101250e+00   1.0101250e+00
   3.4000000e+01   1.9000000e+01   7.6902059e-15   1.0017188e+00   1.0017188e+00
   3.5000000e+01   1.9000000e+01   7.7270789e-15   1.0187500e+00   1.0187500e+00
   1.0000000e+00   2.0000000e+01   7.8281200e-15   1.0146563e+00   1.0146563e+00
   2.0000000e+00   2.0000000e+01   7.7520193e-15   1.0305000e+00   1.0305000e+00
   3.0000000e+00   2.0000000e+01   7.6909785e-15   1.0139063e+00   1.0139063e+00
   4.0000000e+00   2.0000000e+01   7.2877565e-15   9.5703125e-01   9.5703125e-01
   5.0000000e+00   2.0000000e+01   6.9902062e-15   9.3990625e-01   9.3990625e-01
   6.0000000e+00   2.0000000e+01   7.4142584e-15   9.5871875e-01   9.5871875e-01
   7.0000000e+00   2.0000000e+01   7.4886059e-15   9.9459375e-01   9.9459375e-01
   8.0000000e+00   2.0000000e+01   7.5668594e-15   9.8878125e-01   9.8878125e-01
   9.0000000e+00   2.0000000e+01   7.7958750e-15   1.0142813e+00   1.0142813e+00
   1.0000000e+01   2.0000000e+01   7.6658396e-15   1.0003437e+00   1.0003437e+00
   1.1000000e+01   2.0000000e+01   7.5057541e-15   9.9840625e-01   9.9840625e-01
   1.2000000e+01   2.0000000e+01   7.0025646e-15   9.2678125e-01   9.2678125e-01
   1.3000000e+01   2.0000000e+01   6.8772502e-15   8.8431250e-01   8.8431250e-01
   1.4000000e+01   2.0000000e+01   6.9625955e-15   9.0378125e-01   9.0378125e-01
   1.5000000e+01   2.0000000e+01   7.2940709e-15   9.3775000e-01   9.3775000e-01
   1.6000000e+01   2.0000000e+01   7.2102128e-15   9.2662500e-01   9.2662500e-01
   1.7000000e+01   2.0000000e+01   7.5958916e-15   1.0164688e+00   1.0164688e+00
   1.8000000e+01   2.0000000e+01   7.7585990e-15   1.0173750e+00   1.0173750e+00
   1.9000000e+01   2.0000000e+01   7.7653290e-15   1.0258125e+00   1.0258125e+00
   2.0000000e+01   2.0000000e+01   7.4401113e-15   9.3840625e-01   9.3840625e-01
   2.1000000e+01   2.0000000e+01   7.1024046e-15   9.3031250e-01   9.3031250e-01
   2.2000000e+01   2.0000000e+01   6.9749665e-15   9.2256250e-01   9.2256250e-01
   2.3000000e+01   2.0000000e+01   7.4813768e-15   9.5912500e-01   9.5912500e-01
   2.4000000e+01   2.0000000e+01   7.4215043e-15   9.7443750e-01   9.7443750e-01
   2.5000000e+01   2.0000000e+01   7.6478163e-15   9.8196875e-01   9.8196875e-01
   2.6000000e+01   2.0000000e+01   7.5765441e-15   9.5821875e-01   9.5821875e-01
   2.7000000e+01   2.0000000e+01   7.5139195e-15   9.7796875e-01   9.7796875e-01
   2.8000000e+01   2.0000000e+01   7.1305786e-15   9.5053125e-01   9.5053125e-01
   2.9000000e+01   2.0000000e+01   6.9433688e-15   9.2593750e-01   9.2593750e-01
   3.0000000e+01   2.0000000e+01   6.8237601e-15   8.8568750e-01   8.8568750e-01
   3.1000000e+01   2.0000000e+01   6.8560072e-15   9.2490625e-01   9.2490625e-01
   3.2000000e+01   2.0000000e+01   7.1315891e-15   9.3931250e-01   9.3931250e-01
   3.3000000e+01   2.0000000e+01   7.1873642e-15   9.6400000e-01   9.6400000e-01
   3.4000000e+01   2.0000000e+01   7.7198057e-15   1.0023438e+00   1.0023438e+00
   3.5000000e+01   2.0000000e+01   7.6009130e-15   9.8281250e-01   9.8281250e-01
   1.0000000e+00   2.1000000e+01   7.7650357e-15   1.0222500e+00   1.0222500e+00
   2.0000000e+00   2.1000000e+01   7.8848681e-15   1.0236875e+00   1.0236875e+00
   3.0000000e+00   2.1000000e+01   7.7629761e-15   1.0000625e+00   1.0000625e+00
   4.0000000e+00   2.1000000e+01   7.2999530e-15   9.6203125e-01   9.6203125e-01
   5.0000000e+00   2.1000000e+01   7.4343505e-15   9.5328125e-01   9.5328125e-01
   6.0000000e+00   2.1000000e+01   7.2311309e-15   9.6446875e-01   9.6446875e-01
   7.0000000e+00   2.1000000e+01   7.6319075e-15   9.9612500e-01   9.9612500e-01
   8.0000000e+00   2.1000000e+01   7.5320183e-15   1.0168125e+00   1.0168125e+00
   9.0000000e+00   2.1000000e+01   7.7704348e-15   1.0091563e+00   1.0091563e+00
   1.0000000e+01   2.1000000e+01   7.6396970e-15   1.0066563e+00   1.0066563e+00
   1.1000000e+01   2.1000000e+01   7.5763671e-15   9.8021875e-01   9.8021875e-01
   1.2000000e+01   2.1000000e+01   6.8022555e-15   9.0206250e-01   9.0206250e-01
   1.3000000e+01   2.1000000e+01   7.1654751e-15   9.2543750e-01   9.2543750e-01
   1.4000000e+01   2.1000000e+01   7.2690663e-15   9.4215625e-01   9.4215625e-01
   1.5000000e+01   2.1000000e+01   7.2882089e-15   9.4712500e-01   9.4712500e-01
   1.6000000e+01   2.1000000e+01   7.5746579e-15   9.8150000e-01   9.8150000e-01
   1.7000000e+01   2.1000000e+01   8.0141481e-15   1.0015000e+00   1.0015000e+00
   1.8000000e+01   2.1000000e+01   8.0965621e-15   1.0443437e+00   1.0443437e+00
   1.9000000e+01   2.1000000e+01   7.9192035e-15   1.0374375e+00   1.0374375e+00
   2.0000000e+01   2.1000000e+01   7.7450195e-15   9.9534375e-01   9.9534375e-01
   2.1000000e+01   2.1000000e+01   7.3047586e-15   9.0146875e-01   9.0146875e-01
   2.2000000e+01   2.1000000e+01   7.2574490e-15   9.4956250e-01   9.4956250e-01
   2.3000000e+01   2.1000000e+01   7.4117202e-15   9.7862500e-01   9.7862500e-01
   2.4000000e+01   2.1000000e+01   7.6890133e-15   1.0123437e+00   1.0123437e+00
   2.5000000e+01   2.1000000e+01   7.6360406e-15   9.7700000e-01   9.7700000e-01
   2.6000000e+01   2.1000000e+01   7.7137942e-15   1.0113750e+00   1.0113750e+00
   2.7000000e+01   2.1000000e+01   7.8586220e-15   1.0040312e+00   1.0040312e+00
   2.8000000e+01   2.1000000e+01   7.2711413e-15   9.7553125e-01   9.7553125e-01
   2.9000000e+01   2.1000000e+01   7.0848539e-15   9.0815625e-01   9.0815625e-01
   3.0000000e+01   2.1000000e+01   6.6992570e-15   8.6262500e-01   8.6262500e-01
   3.1000000e+01   2.1000000e+01   7.0249665e-15   9.4965625e-01   9.4965625e-01
   3.2000000e+01   2.1000000e+01   7.3673579e-15   9.5568750e-01   9.5568750e-01
   3.3000000e+01   2.1000000e+01   7.4996800e-15   9.9750000e-01   9.9750000e-01
   3.4000000e+01   2.1000000e+01   7.5318269e-15   9.7875000e-01   9.7875000e-01
   3.5000000e+01   2.1000000e+01   7.5979198e-15   1.0027187e+00   1.0027187e+00
   1.0000000e+00   2.2000000e+01   8.2363440e-15   1.0780000e+00   1.0780000e+00
   2.0000000e+00   2.2000000e+01   8.0196717e-15   1.0295000e+00   1.0295000e+00
   3.0000000e+00   2.2000000e+01   7.8658988e-15   1.0394375e+00   1.0394375e+00
   4.0000000e+00   2.2000000e+01   7.5123733e-15   9.9759375e-01   9.9759375e-01
   5.0000000e+00   2.2000000e+01   7.4224372e-15   9.3103125e-01   9.3103125e-01
   6.0000000e+00   2.2000000e+01   7.7425391e-15   1.0214687e+00   1.0214687e+00
   7.0000000e+00   2.2000000e+01   7.7464609e-15   1.0253750e+00   1.0253750e+00
   8.0000000e+00   2.2000000e+01   7.6851032e-15   1.0225312e+00   1.0225312e+00
   9.0000000e+00   2.2000000e+01   7.7504028e-15   1.0309062e+00   1.0309062e+00
   1.0000000e+01   2.2000000e+01   7.6146071e-15   1.0090000e+00   1.0090000e+00
   1.1000000e+01   2.2000000e+01   7.5488493e-15   9.6387500e-01   9.6387500e-01
   1.2000000e+01   2.2000000e+01   7.4199246e-15   9.6728125e-01   9.6728125e-01
   1.3000000e+01   2.2000000e+01   6.8812861e-15   9.2237500e-01   9.2237500e-01
   1.4000000e+01   2.2000000e+01   7.0165459e-15   9.3665625e-01   9.3665625e-01
   1.5000000e+01   2.2000000e+01   7.4655350e-15   9.7878125e-01   9.7878125e-01
   1.6000000e+01   2.2000000e+01   7.9217581e-15   1.0102187e+00   1.0102187e+00
   1.7000000e+01   2.2000000e+01   8.0722960e-15   1.0614062e+00   1.0614062e+00
   1.8000000e+01   2.2000000e+01   8.0611458e-15   1.0623750e+00   1.0623750e+00
   1.9000000e+01   2.2000000e+01   7.9651627e-15   1.0638750e+00   1.0638750e+00
   2.0000000e+01   2.2000000e+01   7.6948635e-15   9.9184375e-01   9.9184375e-01
   2.1000000e+01   2.2000000e+01   7.2665839e-15   9.3150000e-01   9.3150000e-01
   2.2000000e+01   2.2000000e+01   7.4921647e-15   9.5221875e-01   9.5221875e-01
   2.3000000e+01   2.2000000e+01   7.5642901e-15   9.7412500e-01   9.7412500e-01
   2.4000000e+01   2.2000000e+01   7.6356984e-15   9.5521875e-01   9.5521875e-01
   2.5000000e+01   2.2000000e+01   7.7356652e-15   1.0314062e+00   1.0314062e+00
   2.6000000e+01   2.2000000e+01   7.8045695e-15   1.0039375e+00   1.0039375e+00
   2.7000000e+01   2.2000000e+01   7.7316819e-15   1.0106563e+00   1.0106563e+00
   2.8000000e+01   2.2000000e+01   7.3447860e-15   9.7000000e-01   9.7000000e-01
   2.9000000e+01   2.2000000e+01   7.1048564e-15   9.2996875e-01   9.2996875e-01
   3.0000000e+01   2.2000000e+01   6.8909904e-15   9.1850000e-01   9.1850000e-01
   3.1000000e+01   2.2000000e+01   7.1031209e-15   9.4415625e-01   9.4415625e-01
   3.2000000e+01   2.2000000e+01   7.4148483e-15   9.6931250e-01   9.6931250e-01
   3.3000000e+01   2.2000000e+01   7.6477903e-15   9.9875000e-01   9.9875000e-01
   3.4000000e+01   2.2000000e+01   7.9262785e-15   1.0411875e+00   1.0411875e+00
   3.5000000e+01   2.2000000e+01   7.6301742e-15   9.6934375e-01   9.6934375e-01
   1.0000000e+00   2.3000000e+01   8.0109021e-15   1.0572500e+00   1.0572500e+00
   2.0000000e+00   2.3000000e+01   8.2770551e-15   1.0778125e+00   1.0778125e+00
   3.0000000e+00   2.3000000e+01   7.8947210e-15   1.0338438e+00   1.0338438e+00
   4.0000000e+00   2.3000000e+01   7.5705745e-15   1.0010625e+00   1.0010625e+00
   5.0000000e+00   2.3000000e+01   7.5384471e-15   9.8346875e-01   9.8346875e-01
   6.0000000e+00   2.3000000e+01   7.6508763e-15   9.9550000e-01   9.9550000e-01
   7.0000000e+00   2.3000000e+01   7.6952004e-15   9.8246875e-01   9.8246875e-01
   8.0000000e+00   2.3000000e+01   7.7614036e-15   1.0149375e+00   1.0149375e+00
   9.0000000e+00   2.3000000e+01   7.8394446e-15   1.0262188e+00   1.0262188e+00
   1.0000000e+01   2.3000000e+01   7.7368132e-15   1.0386562e+00   1.0386562e+00
   1.1000000e+01   2.3000000e+01   7.4149772e-15   9.8037500e-01   9.8037500e-01
   1.2000000e+01   2.3000000e+01   7.5284492e-15   9.7743750e-01   9.7743750e-01
   1.3000000e+01   2.3000000e+01   7.3497589e-15   9.4087500e-01   9.4087500e-01
   1.4000000e+01   2.3000000e+01   7.3508420e-15   9.6015625e-01   9.6015625e-01
   1.5000000e+01   2.3000000e+01   7.5100817e-15   9.6034375e-01   9.6034375e-01
   1.6000000e+01   2.3000000e+01   7.9007219e-15   1.0430000e+00   1.0430000e+00
   1.7000000e+01   2.3000000e+01   7.9908826e-15   1.0447187e+00   1.0447187e+00
   1.8000000e+01   2.3000000e+01   8.3075760e-15   1.0940625e+00   1.0940625e+00
   1.9000000e+01   2.3000000e+01   7.9037884e-15   1.0205625e+00   1.0205625e+00
   2.0000000e+01   2.3000000e+01   7.8425117e-15   1.0478125e+00   1.0478125e+00
   2.1000000e+01   2.3000000e+01   7.3972507e-15   9.7296875e-01   9.7296875e-01
   2.2000000e+01   2.3000000e+01   7.3830135e-15   9.6025000e-01   9.6025000e-01
   2.3000000e+01   2.3000000e+01   7.5003222e-15   9.4237500e-01   9.4237500e-01
   2.4000000e+01   2.3000000e+01   8.0095683e-15   1.0229688e+00   1.0229688e+00
   2.5000000e+01   2.3000000e+01   7.8662464e-15   1.0239375e+00   1.0239375e+00
   2.6000000e+01   2.3000000e+01   8.0475904e-15   1.0458125e+00   1.0458125e+00
   2.7000000e+01   2.3000000e+01   7.8433021e-15   9.8978125e-01   9.8978125e-01
   2.8000000e+01   2.3000000e+01   7.6631744e-15   1.0071250e+00   1.0071250e+00
   2.9000000e+01   2.3000000e+01   7.1248938e-15   9.4350000e-01   9.4350000e-01
   3.0000000e+01   2.3000000e+01   6.9652674e-15   9.0334375e-01   9.0334375e-01
   3.1000000e+01   2.3000000e+01   7.1738904e-15   9.7021875e-01   9.7021875e-01
   3.2000000e+01   2.3000000e+01   7.5670077e-15   9.9625000e-01   9.9625000e-01
   3.3000000e+01   2.3000000e+01   7.8401807e-15   1.0440313e+00   1.0440313e+00
   3.4000000e+01   2.3000000e+01   7.9630991e-15   9.9646875e-01   9.9646875e-01
   3.5000000e+01   2.3000000e+01   8.0972019e-15   1.0394062e+00   1.0394062e+00
   1.0000000e+00   2.4000000e+01   8.2146351e-15   1.0751875e+00   1.0751875e+00
   2.0000000e+00   2.4000000e+01   8.5398929e-15   1.0918438e+00   1.0918438e+00
   3.0000000e+00   2.4000000e+01   8.3663398e-15   1.0756563e+00   1.0756563e+00
   4.0000000e+00   2.4000000e+01   7.8813171e-15   1.0091875e+00   1.0091875e+00
   5.0000000e+00   2.4000000e+01   7.6518289e-15   9.8918750e-01   9.8918750e-01
   6.0000000e+00   2.4000000e+01   7.9107541e-15   1.0333438e+00   1.0333438e+00
   7.0000000e+00   2.4000000e+01   8.0329540e-15   1.0597812e+00   1.0597812e+00
   8.0000000e+00   2.4000000e+01   8.0316814e-15   1.0526250e+00   1.0526250e+00
   9.0000000e+00   2.4000000e+01   8.2763960e-15   1.0616875e+00   1.0616875e+00
   1.0000000e+01   2.4000000e+01   8.0602495e-15   1.0565625e+00   1.0565625e+00
   1.1000000e+01   2.4000000e+01   8.0778697e-15   1.0006875e+00   1.0006875e+00
   1.2000000e+01   2.4000000e+01   7.3322117e-15   9.6025000e-01   9.6025000e-01
   1.3000000e+01   2.4000000e+01   7.3091497e-15   9.4437500e-01   9.4437500e-01
   1.4000000e+01   2.4000000e+01   7.4688027e-15   9.6300000e-01   9.6300000e-01
   1.5000000e+01   2.4000000e+01   7.7225817e-15   9.7593750e-01   9.7593750e-01
   1.6000000e+01   2.4000000e+01   7.8763707e-15   1.0662188e+00   1.0662188e+00
   1.7000000e+01   2.4000000e+01   8.2189738e-15   1.0858125e+00   1.0858125e+00
   1.8000000e+01   2.4000000e+01   8.3024430e-15   1.0730312e+00   1.0730312e+00
   1.9000000e+01   2.4000000e+01   8.4627251e-15   1.0827500e+00   1.0827500e+00
   2.0000000e+01   2.4000000e+01   8.3570186e-15   1.0618438e+00   1.0618438e+00
   2.1000000e+01   2.4000000e+01   7.5226102e-15   9.8612500e-01   9.8612500e-01
   2.2000000e+01   2.4000000e+01   7.5930056e-15   9.4700000e-01   9.4700000e-01
   2.3000000e+01   2.4000000e+01   7.7945700e-15   1.0196875e+00   1.0196875e+00
   2.4000000e+01   2.4000000e+01   7.9397749e-15   1.0339063e+00   1.0339063e+00
   2.5000000e+01   2.4000000e+01   8.0996258e-15   1.0589688e+00   1.0589688e+00
   2.6000000e+01   2.4000000e+01   8.0452368e-15   1.0541562e+00   1.0541562e+00
   2.7000000e+01   2.4000000e+01   7.8501080e-15   1.0322813e+00   1.0322813e+00
   2.8000000e+01   2.4000000e+01   7.5993335e-15   9.8821875e-01   9.8821875e-01
   2.9000000e+01   2.4000000e+01   7.4109045e-15   9.6606250e-01   9.6606250e-01
   3.0000000e+01   2.4000000e+01   7.2352185e-15   9.3850000e-01   9.3850000e-01
   3.1000000e+01   2.4000000e+01   7.4959476e-15   9.8171875e-01   9.8171875e-01
   3.2000000e+01   2.4000000e+01   7.5904787e-15   9.6725000e-01   9.6725000e-01
   3.3000000e+01   2.4000000e+01   7.9515490e-15   1.0194375e+00   1.0194375e+00
   3.4000000e+01   2.4000000e+01   8.1183607e-15   1.0666562e+00   1.0666562e+00
   3.5000000e+01   2.4000000e+01   8.1839290e-15   1.0644063e+00   1.0644063e+00
   1.0000000e+00   2.5000000e+01   8.5676383e-15   1.1039687e+00   1.1039687e+00
   2.0000000e+00   2.5000000e+01   8.5715680e-15   1.0892813e+00   1.0892813e+00
   3.0000000e+00   2.5000000e+01   8.3908815e-15   1.1128437e+00   1.1128437e+00
   4.0000000e+00   2.5000000e+01   7.7134278e-15   1.0271875e+00   1.0271875e+00
   5.0000000e+00   2.5000000e+01   7.9052394e-15   1.0265000e+00   1.0265000e+00
   6.0000000e+00   2.5000000e+01   7.7483466e-15   9.8290625e-01   9.8290625e-01
   7.0000000e+00   2.5000000e+01   8.3367054e-15   1.0641562e+00   1.0641562e+00
   8.0000000e+00   2.5000000e+01   8.2367879e-15   1.0793125e+00   1.0793125e+00
   9.0000000e+00   2.5000000e+01   8.1977796e-15   1.0760313e+00   1.0760313e+00
   1.0000000e+01   2.5000000e+01   8.3666309e-15   1.0758125e+00   1.0758125e+00
   1.1000000e+01   2.5000000e+01   7.8955225e-15   1.0213750e+00   1.0213750e+00
   1.2000000e+01   2.5000000e+01   7.7906712e-15   9.8221875e-01   9.8221875e-01
   1.3000000e+01   2.5000000e+01   7.7341106e-15   9.7643750e-01   9.7643750e-01
   1.4000000e+01   2.5000000e+01   7.6544893e-15   1.0020625e+00   1.0020625e+00
   1.5000000e+01   2.5000000e+01   7.5267979e-15   1.0064062e+00   1.0064062e+00
   1.6000000e+01   2.5000000e+01   8.4389999e-15   1.0660313e+00   1.0660313e+00
   1.7000000e+01   2.5000000e+01   8.4567804e-15   1.1071563e+00   1.1071563e+00
   1.8000000e+01   2.5000000e+01   8.7310395e-15   1.1190938e+00   1.1190938e+00
   1.9000000e+01   2.5000000e+01   8.6276662e-15   1.1139688e+00   1.1139688e+00
   2.0000000e+01   2.5000000e+01   8.3134923e-15   1.0829688e+00   1.0829688e+00
   2.1000000e+01   2.5000000e+01   8.0268319e-15   9.9193750e-01   9.9193750e-01
   2.2000000e+01   2.5000000e+01   7.8275677e-15   1.0231563e+00   1.0231563e+00
   2.3000000e+01   2.5000000e+01   8.0047278e-15   1.0342188e+00   1.0342188e+00
   2.4000000e+01   2.5000000e+01   7.9703505e-15   1.0535937e+00   1.0535937e+00
   2.5000000e+01   2.5000000e+01   8.2340789e-15   1.0449688e+00   1.0449688e+00
   2.6000000e+01   2.5000000e+01   8.0411296e-15   1.0635313e+00   1.0635313e+00
   2.7000000e+01   2.5000000e+01   7.7876506e-15   1.0327500e+00   1.0327500e+00
   2.8000000e+01   2.5000000e+01   8.1379809e-15   1.0410313e+00   1.0410313e+00
   2.9000000e+01   2.5000000e+01   7.4165989e-15   9.8396875e-01   9.8396875e-01
   3.0000000e+01   2.5000000e+01   7.4378009e-15   9.3509375e-01   9.3509375e-01
   3.1000000e+01   2.5000000e+01   7.6013542e-15   9.9428125e-01   9.9428125e-01
   3.2000000e+01   2.5000000e+01   7.9640403e-15   1.0458750e+00   1.0458750e+00
   3.3000000e+01   2.5000000e+01   8.1247026e-15   1.0695625e+00   1.0695625e+00
   3.4000000e+01   2.5000000e+01   8.4687992e-15   1.1054062e+00   1.1054062e+00
   3.5000000e+01   2.5000000e+01   8.1370066e-15   1.0435625e+00   1.0435625e+00
   1.0000000e+00   2.6000000e+01   8.5106070e-15   1.1150625e+00   1.1150625e+00
   2.0000000e+00   2.6000000e+01   8.6885103e-15   1.0925000e+00   1.0925000e+00
   3.0000000e+00   2.6000000e+01   8.4375023e-15   1.0993438e+00   1.0993438e+00
   4.0000000e+00   2.6000000e+01   8.0612088e-15   1.0482813e+00   1.0482813e+00
   5.0000000e+00   2.6000000e+01   8.0221019e-15   1.0410937e+00   1.0410937e+00
   6.0000000e+00   2.6000000e+01   8.0484290e-15   1.0255938e+00   1.0255938e+00
   7.0000000e+00   2.6000000e+01   8.2325177e-15   1.0561562e+00   1.0561562e+00
   8.0000000e+00   2.6000000e+01   8.4798743e-15   1.1011562e+00   1.1011562e+00
   9.0000000e+00   2.6000000e+01   8.1619951e-15   1.0839375e+00   1.0839375e+00
   1.0000000e+01   2.6000000e+01   8.3084032e-15   1.0999687e+00   1.0999687e+00
   1.1000000e+01   2.6000000e+01   8.2383352e-15   1.0761562e+00   1.0761562e+00
   1.2000000e+01   2.6000000e+01   8.0104828e-15   1.0225000e+00   1.0225000e+00
   1.3000000e+01   2.6000000e+01   7.6053324e-15   9.9143750e-01   9.9143750e-01
   1.4000000e+01   2.6000000e+01   7.6535359e-15   1.0184375e+00   1.0184375e+00
   1.5000000e+01   2.6000000e+01   8.0183676e-15   1.0358438e+00   1.0358438e+00
   1.6000000e+01   2.6000000e+01   8.2705133e-15   1.0645938e+00   1.0645938e+00
   1.7000000e+01   2.6000000e+01   8.3334834e-15   1.0873125e+00   1.0873125e+00
   1.8000000e+01   2.6000000e+01   9.0322695e-15   1.1485313e+00   1.1485313e+00
   1.9000000e+01   2.6000000e+01   8.4494192e-15   1.1124687e+00   1.1124687e+00
   2.0000000e+01   2.6000000e+01   8.4025765e-15   1.1146875e+00   1.1146875e+00
   2.1000000e+01   2.6000000e+01   8.0847386e-15   1.0355625e+00   1.0355625e+00
   2.2000000e+01   2.6000000e+01   7.8407178e-15   1.0314687e+00   1.0314687e+00
   2.3000000e+01   2.6000000e+01   8.0322766e-15   1.0536563e+00   1.0536563e+00
   2.4000000e+01   2.6000000e+01   8.2613820e-15   1.0782188e+00   1.0782188e+00
   2.5000000e+01   2.6000000e+01   8.4038442e-15   1.0904375e+00   1.0904375e+00
   2.6000000e+01   2.6000000e+01   8.2675283e-15   1.0820313e+00   1.0820313e+00
   2.7000000e+01   2.6000000e+01   8.0268515e-15   1.0701875e+00   1.0701875e+00
   2.8000000e+01   2.6000000e+01   8.1296311e-15   1.0672813e+00   1.0672813e+00
   2.9000000e+01   2.6000000e+01   7.7065865e-15   9.9471875e-01   9.9471875e-01
   3.0000000e+01   2.6000000e+01   7.7520900e-15   9.9709375e-01   9.9709375e-01
   3.1000000e+01   2.6000000e+01   7.6202683e-15   9.6456250e-01   9.6456250e-01
   3.2000000e+01   2.6000000e+01   8.1073354e-15   1.0515000e+00   1.0515000e+00
   3.3000000e+01   2.6000000e+01   8.0675243e-15   1.0629375e+00   1.0629375e+00
   3.4000000e+01   2.6000000e+01   8.5004332e-15   1.1107188e+00   1.1107188e+00
   3.5000000e+01   2.6000000e+01   8.6056951e-15   1.1006562e+00   1.1006562e+00
   1.0000000e+00   2.7000000e+01   8.5916838e-15   1.1229688e+00   1.1229688e+00
   2.0000000e+00   2.7000000e+01   8.4772382e-15   1.1184687e+00   1.1184687e+00
   3.0000000e+00   2.7000000e+01   8.5083771e-15   1.0986562e+00   1.0986562e+00
   4.0000000e+00   2.7000000e+01   8.1916412e-15   1.0595313e+00   1.0595313e+00
   5.0000000e+00   2.7000000e+01   7.8440144e-15   1.0170313e+00   1.0170313e+00
   6.0000000e+00   2.7000000e+01   8.1461760e-15   1.0541875e+00   1.0541875e+00
   7.0000000e+00   2.7000000e+01   8.1075003e-15   1.0851563e+00   1.0851563e+00
   8.0000000e+00   2.7000000e+01   8.5128424e-15   1.0731250e+00   1.0731250e+00
   9.0000000e+00   2.7000000e+01   8.7393817e-15   1.1256250e+00   1.1256250e+00
   1.0000000e+01   2.7000000e+01   8.4781099e-15   1.0863437e+00   1.0863437e+00
   1.1000000e+01   2.7000000e+01   8.4402507e-15   1.0946875e+00   1.0946875e+00
   1.2000000e+01   2.7000000e+01   7.8097324e-15   1.0245000e+00   1.0245000e+00
   1.3000000e+01   2.7000000e+01   7.6600017e-15   9.8737500e-01   9.8737500e-01
   1.4000000e+01   2.7000000e+01   7.7646944e-15   1.0133125e+00   1.0133125e+00
   1.5000000e+01   2.7000000e+01   7.9665138e-15   1.0577500e+00   1.0577500e+00
   1.6000000e+01   2.7000000e+01   8.1964824e-15   1.0107813e+00   1.0107813e+00
   1.7000000e+01   2.7000000e+01   8.5432901e-15   1.1214375e+00   1.1214375e+00
   1.8000000e+01   2.7000000e+01   8.6900174e-15   1.1246875e+00   1.1246875e+00
   1.9000000e+01   2.7000000e+01   8.8102819e-15   1.1584375e+00   1.1584375e+00
   2.0000000e+01   2.7000000e+01   8.4243965e-15   1.1140000e+00   1.1140000e+00
   2.1000000e+01   2.7000000e+01   7.9440894e-15   1.0219688e+00   1.0219688e+00
   2.2000000e+01   2.7000000e+01   8.0370357e-15   1.0430312e+00   1.0430312e+00
   2.3000000e+01   2.7000000e+01   7.9883573e-15   1.0555313e+00   1.0555313e+00
   2.4000000e+01   2.7000000e+01   8.4029432e-15   1.1119688e+00   1.1119688e+00
   2.5000000e+01   2.7000000e+01   8.5114403e-15   1.1196875e+00   1.1196875e+00
   2.6000000e+01   2.7000000e+01   8.5438699e-15   1.0919375e+00   1.0919375e+00
   2.7000000e+01   2.7000000e+01   8.4573756e-15   1.0943125e+00   1.0943125e+00
   2.8000000e+01   2.7000000e+01   8.1634942e-15   1.0947500e+00   1.0947500e+00
   2.9000000e+01   2.7000000e+01   7.9256917e-15   1.0425000e+00   1.0425000e+00
   3.0000000e+01   2.7000000e+01   7.8007957e-15   9.8109375e-01   9.8109375e-01
   3.1000000e+01   2.7000000e+01   7.7706521e-15   1.0148750e+00   1.0148750e+00
   3.2000000e+01   2.7000000e+01   7.8977275e-15   1.0501562e+00   1.0501562e+00
   3.3000000e+01   2.7000000e+01   8.3774412e-15   1.0983125e+00   1.0983125e+00
   3.4000000e+01   2.7000000e+01   8.4404791e-15   1.1186875e+00   1.1186875e+00
   3.5000000e+01   2.7000000e+01   8.6517524e-15   1.0969063e+00   1.0969063e+00
   1.0000000e+00   2.8000000e+01   8.8591431e-15   1.1360625e+00   1.1360625e+00
   2.0000000e+00   2.8000000e+01   8.6443389e-15   1.1466250e+00   1.1466250e+00
   3.0000000e+00   2.8000000e+01   8.5065678e-15   1.1085313e+00   1.1085313e+00
   4.0000000e+00   2.8000000e+01   8.1344664e-15   1.0493438e+00   1.0493438e+00
   5.0000000e+00   2.8000000e+01   7.6228185e-15   1.0083437e+00   1.0083437e+00
   6.0000000e+00   2.8000000e+01   8.1825664e-15   1.0795937e+00   1.0795937e+00
   7.0000000e+00   2.8000000e+01   8.3962081e-15   1.1053125e+00   1.1053125e+00
   8.0000000e+00   2.8000000e+01   8.6079155e-15   1.0900937e+00   1.0900937e+00
   9.0000000e+00   2.8000000e+01   8.5642456e-15   1.1435000e+00   1.1435000e+00
   1.0000000e+01   2.8000000e+01   8.5176731e-15   1.1062812e+00   1.1062812e+00
   1.1000000e+01   2.8000000e+01   8.3471995e-15   1.0815937e+00   1.0815937e+00
   1.2000000e+01   2.8000000e+01   8.1468760e-15   1.0589688e+00   1.0589688e+00
   1.3000000e+01   2.8000000e+01   7.6117198e-15   1.0076562e+00   1.0076562e+00
   1.4000000e+01   2.8000000e+01   7.8436761e-15   1.0160625e+00   1.0160625e+00
   1.5000000e+01   2.8000000e+01   8.2482034e-15   1.0759063e+00   1.0759063e+00
   1.6000000e+01   2.8000000e+01   8.1645289e-15   1.0714375e+00   1.0714375e+00
   1.7000000e+01   2.8000000e+01   8.5600285e-15   1.1004687e+00   1.1004687e+00
   1.8000000e+01   2.8000000e+01   8.7532050e-15   1.1392500e+00   1.1392500e+00
   1.9000000e+01   2.8000000e+01   8.8601618e-15   1.1441875e+00   1.1441875e+00
   2.0000000e+01   2.8000000e+01   8.5841565e-15   1.0884688e+00   1.0884688e+00
   2.1000000e+01   2.8000000e+01   8.1955840e-15   1.0633125e+00   1.0633125e+00
   2.2000000e+01   2.8000000e+01   7.9741462e-15   1.0422188e+00   1.0422188e+00
   2.3000000e+01   2.8000000e+01   8.1682316e-15   1.0821562e+00   1.0821562e+00
   2.4000000e+01   2.8000000e+01   8.3053816e-15   1.0612813e+00   1.0612813e+00
   2.5000000e+01   2.8000000e+01   8.6120660e-15   1.1014375e+00   1.1014375e+00
   2.6000000e+01   2.8000000e+01   8.7142912e-15   1.1361875e+00   1.1361875e+00
   2.7000000e+01   2.8000000e+01   8.7458326e-15   1.1255937e+00   1.1255937e+00
   2.8000000e+01   2.8000000e+01   8.0636258e-15   1.0528750e+00   1.0528750e+00
   2.9000000e+01   2.8000000e+01   7.7274664e-15   1.0455313e+00   1.0455313e+00
   3.0000000e+01   2.8000000e+01   7.8396856e-15   1.0351250e+00   1.0351250e+00
   3.1000000e+01   2.8000000e+01   7.7427459e-15   1.0045625e+00   1.0045625e+00
   3.2000000e+01   2.8000000e+01   7.8843170e-15   1.0464063e+00   1.0464063e+00
   3.3000000e+01   2.8000000e+01   8.3157940e-15   1.0799375e+00   1.0799375e+00
   3.4000000e+01   2.8000000e+01   8.7771735e-15   1.1403750e+00   1.1403750e+00
   3.5000000e+01   2.8000000e+01   8.6866451e-15   1.1101875e+00   1.1101875e+00
   1.0000000e+00   2.9000000e+01   8.7118425e-15   1.1559062e+00   1.1559062e+00
   2.0000000e+00   2.9000000e+01   8.9420657e-15   1.1505938e+00   1.1505938e+00
   3.0000000e+00   2.9000000e+01   8.7871223e-15   1.1319375e+00   1.1319375e+00
   4.0000000e+00   2.9000000e+01   8.0850151e-15   1.0691563e+00   1.0691563e+00
   5.0000000e+00   2.9000000e+01   8.2060089e-15   1.0349688e+00   1.0349688e+00
   6.0000000e+00   2.9000000e+01   8.2913199e-15   1.0768438e+00   1.0768438e+00
   7.0000000e+00   2.9000000e+01   8.3476299e-15   1.1090625e+00   1.1090625e+00
   8.0000000e+00   2.9000000e+01   8.7711529e-15   1.1304063e+00   1.1304063e+00
   9.0000000e+00   2.9000000e+01   8.9179785e-15   1.1555312e+00   1.1555312e+00
   1.0000000e+01   2.9000000e+01   8.5621277e-15   1.1133750e+00   1.1133750e+00
   1.1000000e+01   2.9000000e+01   8.2477469e-15   1.0841562e+00   1.0841562e+00
   1.2000000e+01   2.9000000e+01   7.9865053e-15   1.0535625e+00   1.0535625e+00
   1.3000000e+01   2.9000000e+01   7.6295075e-15   1.0074687e+00   1.0074687e+00
   1.4000000e+01   2.9000000e+01   7.6395436e-15   1.0199687e+00   1.0199687e+00
   1.5000000e+01   2.9000000e+01   8.0234861e-15   1.0594375e+00   1.0594375e+00
   1.6000000e+01   2.9000000e+01   8.2314843e-15   1.0771875e+00   1.0771875e+00
   1.7000000e+01   2.9000000e+01   8.4505415e-15   1.1479688e+00   1.1479688e+00
   1.8000000e+01   2.9000000e+01   8.8724948e-15   1.1585938e+00   1.1585938e+00
   1.9000000e+01   2.9000000e+01   8.7215671e-15   1.1444062e+00   1.1444062e+00
   2.0000000e+01   2.9000000e+01   8.5313224e-15   1.1095000e+00   1.1095000e+00
   2.1000000e+01   2.9000000e+01   8.1035227e-15   1.0353125e+00   1.0353125e+00
   2.2000000e+01   2.9000000e+01   7.8555459e-15   1.0310000e+00   1.0310000e+00
   2.3000000e+01   2.9000000e+01   8.4091189e-15   1.0787500e+00   1.0787500e+00
   2.4000000e+01   2.9000000e+01   8.8530250e-15   1.1308750e+00   1.1308750e+00
   2.5000000e+01   2.9000000e+01   8.7480291e-15   1.1234375e+00   1.1234375e+00
   2.6000000e+01   2.9000000e+01   8.8348255e-15   1.1273438e+00   1.1273438e+00
   2.7000000e+01   2.9000000e+01   8.4816010e-15   1.0737812e+00   1.0737812e+00
   2.8000000e+01   2.9000000e+01   8.3096792e-15   1.0985313e+00   1.0985313e+00
   2.9000000e+01   2.9000000e+01   8.0430142e-15   1.0556563e+00   1.0556563e+00
   3.0000000e+01   2.9000000e+01   7.7872161e-15   1.0129688e+00   1.0129688e+00
   3.1000000e+01   2.9000000e+01   7.8770072e-15   9.9984375e-01   9.9984375e-01
   3.2000000e+01   2.9000000e+01   8.1086591e-15   1.0518438e+00   1.0518438e+00
   3.3000000e+01   2.9000000e+01   8.2272789e-15   1.0868750e+00   1.0868750e+00
   3.4000000e+01   2.9000000e+01   8.8684362e-15   1.1091562e+00   1.1091562e+00
   3.5000000e+01   2.9000000e+01   8.9847072e-15   1.1621563e+00   1.1621563e+00
   1.0000000e+00   3.0000000e+01   8.8883320e-15   1.1138750e+00   1.1138750e+00
   2.0000000e+00   3.0000000e+01   8.8245716e-15   1.1530313e+00   1.1530313e+00
   3.0000000e+00   3.0000000e+01   8.3585275e-15   1.1234688e+00   1.1234688e+00
   4.0000000e+00   3.0000000e+01   8.3160709e-15   1.0494375e+00   1.0494375e+00
   5.0000000e+00   3.0000000e+01   7.8666622e-15   1.0618438e+00   1.0618438e+00
   6.0000000e+00   3.0000000e+01   8.1289833e-15   1.0693125e+00   1.0693125e+00
   7.0000000e+00   3.0000000e+01   8.5992037e-15   1.0906250e+00   1.0906250e+00
   8.0000000e+00   3.0000000e+01   8.7839789e-15   1.1394688e+00   1.1394688e+00
   9.0000000e+00   3.0000000e+01   8.8416727e-15   1.1479688e+00   1.1479688e+00
   1.0000000e+01   3.0000000e+01   8.8399666e-15   1.1152187e+00   1.1152187e+00
   1.1000000e+01   3.0000000e+01   8.4363650e-15   1.1110938e+00   1.1110938e+00
   1.2000000e+01   3.0000000e+01   7.9271770e-15   1.0523125e+00   1.0523125e+00
   1.3000000e+01   3.0000000e+01   7.7323183e-15   1.0125000e+00   1.0125000e+00
   1.4000000e+01   3.0000000e+01   7.8295295e-15   1.0344687e+00   1.0344687e+00
   1.5000000e+01   3.0000000e+01   7.8803805e-15   1.0573438e+00   1.0573438e+00
   1.6000000e+01   3.0000000e+01   8.4838960e-15   1.0844375e+00   1.0844375e+00
   1.7000000e+01   3.0000000e+01   8.4559093e-15   1.1082812e+00   1.1082812e+00
   1.8000000e+01   3.0000000e+01   8.6076421e-15   1.1354375e+00   1.1354375e+00
   1.9000000e+01   3.0000000e+01   9.0478588e-15   1.1742188e+00   1.1742188e+00
   2.0000000e+01   3.0000000e+01   8.4516156e-15   1.1051875e+00   1.1051875e+00
   2.1000000e+01   3.0000000e+01   8.2281977e-15   1.0475625e+00   1.0475625e+00
   2.2000000e+01   3.0000000e+01   8.0011083e-15   1.0497812e+00   1.0497812e+00
   2.3000000e+01   3.0000000e+01   8.1001058e-15   1.0562500e+00   1.0562500e+00
   2.4000000e+01   3.0000000e+01   8.6437700e-15   1.1137812e+00   1.1137812e+00
   2.5000000e+01   3.0000000e+01   8.8215059e-15   1.1505625e+00   1.1505625e+00
   2.6000000e+01   3.0000000e+01   8.8394873e-15   1.1573125e+00   1.1573125e+00
   2.7000000e+01   3.0000000e+01   8.5552524e-15   1.1213125e+00   1.1213125e+00
   2.8000000e+01   3.0000000e+01   8.2896546e-15   1.0614375e+00   1.0614375e+00
   2.9000000e+01   3.0000000e+01   7.7516847e-15   1.0434375e+00   1.0434375e+00
   3.0000000e+01   3.0000000e+01   7.7464807e-15   9.9615625e-01   9.9615625e-01
   3.1000000e+01   3.0000000e+01   7.7296118e-15   1.0322500e+00   1.0322500e+00
   3.2000000e+01   3.0000000e+01   8.2841796e-15   1.0679687e+00   1.0679687e+00
   3.3000000e+01   3.0000000e+01   8.3575095e-15   1.0916250e+00   1.0916250e+00
   3.4000000e+01   3.0000000e+01   8.8941395e-15   1.1393125e+00   1.1393125e+00
   3.5000000e+01   3.0000000e+01   8.7098243e-15   1.1455312e+00   1.1455312e+00
   1.0000000e+00   3.1000000e+01   8.6742102e-15   1.1349375e+00   1.1349375e+00
   2.0000000e+00   3.1000000e+01   8.8060884e-15   1.1388125e+00   1.1388125e+00
   3.0000000e+00   3.1000000e+01   8.6872265e-15   1.1593125e+00   1.1593125e+00
   4.0000000e+00   3.1000000e+01   8.3784419e-15   1.0946562e+00   1.0946562e+00
   5.0000000e+00   3.1000000e+01   8.0070997e-15   1.0529375e+00   1.0529375e+00
   6.0000000e+00   3.1000000e+01   7.9860374e-15   1.0576875e+00   1.0576875e+00
   7.0000000e+00   3.1000000e+01   8.0448506e-15   1.0865000e+00   1.0865000e+00
   8.0000000e+00   3.1000000e+01   8.4421714e-15   1.1330625e+00   1.1330625e+00
   9.0000000e+00   3.1000000e+01   8.4681848e-15   1.1314375e+00   1.1314375e+00
   1.0000000e+01   3.1000000e+01   8.7522961e-15   1.1249375e+00   1.1249375e+00
   1.1000000e+01   3.1000000e+01   8.2974962e-15   1.0873750e+00   1.0873750e+00
   1.2000000e+01   3.1000000e+01   7.9529916e-15   1.0570937e+00   1.0570937e+00
   1.3000000e+01   3.1000000e+01   7.7817189e-15   1.0222500e+00   1.0222500e+00
   1.4000000e+01   3.1000000e+01   7.5495077e-15   9.8687500e-01   9.8687500e-01
   1.5000000e+01   3.1000000e+01   8.1018596e-15   1.0479063e+00   1.0479063e+00
   1.6000000e+01   3.1000000e+01   8.3333671e-15   1.0834375e+00   1.0834375e+00
   1.7000000e+01   3.1000000e+01   8.5442760e-15   1.1073750e+00   1.1073750e+00
   1.8000000e+01   3.1000000e+01   8.7342471e-15   1.1277188e+00   1.1277188e+00
   1.9000000e+01   3.1000000e+01   8.9654355e-15   1.1368437e+00   1.1368437e+00
   2.0000000e+01   3.1000000e+01   8.5642078e-15   1.1373125e+00   1.1373125e+00
   2.1000000e+01   3.1000000e+01   8.3704295e-15   1.0640938e+00   1.0640938e+00
   2.2000000e+01   3.1000000e+01   8.0794093e-15   1.0270000e+00   1.0270000e+00
   2.3000000e+01   3.1000000e+01   8.4237790e-15   1.0810625e+00   1.0810625e+00
   2.4000000e+01   3.1000000e+01   8.7900852e-15   1.1453750e+00   1.1453750e+00
   2.5000000e+01   3.1000000e+01   8.5706778e-15   1.1178125e+00   1.1178125e+00
   2.6000000e+01   3.1000000e+01   8.7683350e-15   1.1517187e+00   1.1517187e+00
   2.7000000e+01   3.1000000e+01   8.9042379e-15   1.1455312e+00   1.1455312e+00
   2.8000000e+01   3.1000000e+01   8.5631340e-15   1.0950000e+00   1.0950000e+00
   2.9000000e+01   3.1000000e+01   7.9640730e-15   1.0213750e+00   1.0213750e+00
   3.0000000e+01   3.1000000e+01   8.1034690e-15   1.0308750e+00   1.0308750e+00
   3.1000000e+01   3.1000000e+01   7.6204881e-15   1.0161562e+00   1.0161562e+00
   3.2000000e+01   3.1000000e+01   8.1545504e-15   1.0401250e+00   1.0401250e+00
   3.3000000e+01   3.1000000e+01   8.4540374e-15   1.0886250e+00   1.0886250e+00
   3.4000000e+01   3.1000000e+01   8.7599537e-15   1.1504063e+00   1.1504063e+00
   3.5000000e+01   3.1000000e+01   9.2489477e-15   1.1959375e+00   1.1959375e+00
   1.0000000e+00   3.2000000e+01   8.7485257e-15   1.1272187e+00   1.1272187e+00
   2.0000000e+00   3.2000000e+01   8.5424237e-15   1.1380937e+00   1.1380937e+00
   3.0000000e+00   3.2000000e+01   8.5501134e-15   1.1146250e+00   1.1146250e+00
   4.0000000e+00   3.2000000e+01   8.1456378e-15   1.0729063e+00   1.0729063e+00
   5.0000000e+00   3.2000000e+01   7.7086726e-15   1.0124688e+00   1.0124688e+00
   6.0000000e+00   3.2000000e+01   7.7595736e-15   1.0251563e+00   1.0251563e+00
   7.0000000e+00   3.2000000e+01   8.3952715e-15   1.0804063e+00   1.0804063e+00
   8.0000000e+00   3.2000000e+01   8.7436197e-15   1.1202812e+00   1.1202812e+00
   9.0000000e+00   3.2000000e+01   8.8542225e-15   1.1498438e+00   1.1498438e+00
   1.0000000e+01   3.2000000e+01   8.8216902e-15   1.1197188e+00   1.1197188e+00
   1.1000000e+01   3.2000000e+01   8.3001861e-15   1.0702812e+00   1.0702812e+00
   1.2000000e+01   3.2000000e+01   8.2224239e-15   1.0385938e+00   1.0385938e+00
   1.3000000e+01   3.2000000e+01   7.7844896e-15   1.0077500e+00   1.0077500e+00
   1.4000000e+01   3.2000000e+01   7.5836839e-15   1.0008750e+00   1.0008750e+00
   1.5000000e+01   3.2000000e+01   8.0870287e-15   1.0242188e+00   1.0242188e+00
   1.6000000e+01   3.2000000e+01   8.1659025e-15   1.0722188e+00   1.0722188e+00
   1.7000000e+01   3.2000000e+01   8.3077269e-15   1.0918750e+00   1.0918750e+00
   1.8000000e+01   3.2000000e+01   8.7118893e-15   1.1320625e+00   1.1320625e+00
   1.9000000e+01   3.2000000e+01   8.8117652e-15   1.1406562e+00   1.1406562e+00
   2.0000000e+01   3.2000000e+01   8.5740657e-15   1.0986562e+00   1.0986562e+00
   2.1000000e+01   3.2000000e+01   8.1438146e-15   1.0700313e+00   1.0700313e+00
   2.2000000e+01   3.2000000e+01   8.1066266e-15   1.0270937e+00   1.0270937e+00
   2.3000000e+01   3.2000000e+01   8.1694138e-15   1.0390312e+00   1.0390312e+00
   2.4000000e+01   3.2000000e+01   8.4737940e-15   1.1046250e+00   1.1046250e+00
   2.5000000e+01   3.2000000e+01   8.7996792e-15   1.1520000e+00   1.1520000e+00
   2.6000000e+01   3.2000000e+01   8.7044444e-15   1.1477813e+00   1.1477813e+00
   2.7000000e+01   3.2000000e+01   8.6982128e-15   1.1195937e+00   1.1195937e+00
   2.8000000e+01   3.2000000e+01   8.3466891e-15   1.0918438e+00   1.0918438e+00
   2.9000000e+01   3.2000000e+01   7.9247251e-15   1.0362500e+00   1.0362500e+00
   3.0000000e+01   3.2000000e+01   7.8521864e-15   9.9443750e-01   9.9443750e-01
   3.1000000e+01   3.2000000e+01   7.7721032e-15   1.0083437e+00   1.0083437e+00
   3.2000000e+01   3.2000000e+01   7.9627478e-15   1.0306562e+00   1.0306562e+00
   3.3000000e+01   3.2000000e+01   8.3455494e-15   1.0863437e+00   1.0863437e+00
   3.4000000e+01   3.2000000e+01   8.4423790e-15   1.1197813e+00   1.1197813e+00
   3.5000000e+01   3.2000000e+01   8.7927641e-15   1.1440312e+00   1.1440312e+00
   1.0000000e+00   3.3000000e+01   8.3874120e-15   1.0761562e+00   1.0761562e+00
   2.0000000e+00   3.3000000e+01   8.5084366e-15   1.1201563e+00   1.1201563e+00
   3.0000000e+00   3.3000000e+01   8.4426223e-15   1.0812500e+00   1.0812500e+00
   4.0000000e+00   3.3000000e+01   7.7983468e-15   1.0337188e+00   1.0337188e+00
   5.0000000e+00   3.3000000e+01   7.4188328e-15   9.9312500e-01   9.9312500e-01
   6.0000000e+00   3.3000000e+01   7.9989734e-15   1.0183437e+00   1.0183437e+00
   7.0000000e+00   3.3000000e+01   8.0541219e-15   1.0409688e+00   1.0409688e+00
   8.0000000e+00   3.3000000e+01   8.3303478e-15   1.0829375e+00   1.0829375e+00
   9.0000000e+00   3.3000000e+01   8.5599005e-15   1.1402500e+00   1.1402500e+00
   1.0000000e+01   3.3000000e+01   8.6289783e-15   1.1243438e+00   1.1243438e+00
   1.1000000e+01   3.3000000e+01   8.4520160e-15   1.0595000e+00   1.0595000e+00
   1.2000000e+01   3.3000000e+01   7.7899950e-15   1.0191563e+00   1.0191563e+00
   1.3000000e+01   3.3000000e+01   7.7159334e-15   9.9162500e-01   9.9162500e-01
   1.4000000e+01   3.3000000e+01   7.5704156e-15   9.9443750e-01   9.9443750e-01
   1.5000000e+01   3.3000000e+01   7.6958236e-15   1.0230000e+00   1.0230000e+00
   1.6000000e+01   3.3000000e+01   7.9701198e-15   1.0438438e+00   1.0438438e+00
   1.7000000e+01   3.3000000e+01   8.5419852e-15   1.0851875e+00   1.0851875e+00
   1.8000000e+01   3.3000000e+01   8.5898162e-15   1.1045000e+00   1.1045000e+00
   1.9000000e+01   3.3000000e+01   8.9404498e-15   1.1381875e+00   1.1381875e+00
   2.0000000e+01   3.3000000e+01   8.2852896e-15   1.1096875e+00   1.1096875e+00
   2.1000000e+01   3.3000000e+01   7.8876251e-15   1.0531250e+00   1.0531250e+00
   2.2000000e+01   3.3000000e+01   8.0994271e-15   1.0486875e+00   1.0486875e+00
   2.3000000e+01   3.3000000e+01   8.3042729e-15   1.0450313e+00   1.0450313e+00
   2.4000000e+01   3.3000000e+01   8.5074392e-15   1.1020000e+00   1.1020000e+00
   2.5000000e+01   3.3000000e+01   8.6023469e-15   1.1165937e+00   1.1165937e+00
   2.6000000e+01   3.3000000e+01   8.7693008e-15   1.1199063e+00   1.1199063e+00
   2.7000000e+01   3.3000000e+01   8.5135047e-15   1.1258750e+00   1.1258750e+00
   2.8000000e+01   3.3000000e+01   8.3627836e-15   1.0563125e+00   1.0563125e+00
   2.9000000e+01   3.3000000e+01   7.8178162e-15   1.0373438e+00   1.0373438e+00
   3.0000000e+01   3.3000000e+01   7.6748442e-15   9.7134375e-01   9.7134375e-01
   3.1000000e+01   3.3000000e+01   7.9654023e-15   1.0224063e+00   1.0224063e+00
   3.2000000e+01   3.3000000e+01   7.8463373e-15   1.0199687e+00   1.0199687e+00
   3.3000000e+01   3.3000000e+01   8.3326617e-15   1.0558438e+00   1.0558438e+00
   3.4000000e+01   3.3000000e+01   8.7003627e-15   1.1198438e+00   1.1198438e+00
   3.5000000e+01   3.3000000e+01   9.0729355e-15   1.1447188e+00   1.1447188e+00
   1.0000000e+00   3.4000000e+01   8.3959862e-15   1.0879687e+00   1.0879687e+00
   2.0000000e+00   3.4000000e+01   8.3083514e-15   1.0950938e+00   1.0950938e+00
   3.0000000e+00   3.4000000e+01   8.1429871e-15   1.0872500e+00   1.0872500e+00
   4.0000000e+00   3.4000000e+01   7.8141593e-15   9.9865625e-01   9.9865625e-01
   5.0000000e+00   3.4000000e+01   7.4013175e-15   9.6018750e-01   9.6018750e-01
   6.0000000e+00   3.4000000e+01   7.6311764e-15   9.5815625e-01   9.5815625e-01
   7.0000000e+00   3.4000000e+01   8.0078501e-15   1.0384687e+00   1.0384687e+00
   8.0000000e+00   3.4000000e+01   8.4449918e-15   1.0830938e+00   1.0830938e+00
   9.0000000e+00   3.4000000e+01   8.3395974e-15   1.0914688e+00   1.0914688e+00
   1.0000000e+01   3.4000000e+01   8.4511592e-15   1.0679687e+00   1.0679687e+00
   1.1000000e+01   3.4000000e+01   8.0547561e-15   1.0670938e+00   1.0670938e+00
   1.2000000e+01   3.4000000e+01   7.5605573e-15   9.8371875e-01   9.8371875e-01
   1.3000000e+01   3.4000000e+01   7.4830335e-15   9.8021875e-01   9.8021875e-01
   1.4000000e+01   3.4000000e+01   7.2899307e-15   9.2859375e-01   9.2859375e-01
   1.5000000e+01   3.4000000e+01   7.5712839e-15   9.7571875e-01   9.7571875e-01
   1.6000000e+01   3.4000000e+01   7.7188042e-15   9.9587500e-01   9.9587500e-01
   1.7000000e+01   3.4000000e+01   8.3133445e-15   1.0809375e+00   1.0809375e+00
   1.8000000e+01   3.4000000e+01   8.3289082e-15   1.0840625e+00   1.0840625e+00
   1.9000000e+01   3.4000000e+01   8.4530949e-15   1.0935937e+00   1.0935937e+00
   2.0000000e+01   3.4000000e+01   8.5618746e-15   1.0864375e+00   1.0864375e+00
   2.1000000e+01   3.4000000e+01   7.9427639e-15   1.0200625e+00   1.0200625e+00
   2.2000000e+01   3.4000000e+01   7.4924832e-15   9.8278125e-01   9.8278125e-01
   2.3000000e+01   3.4000000e+01   7.8369468e-15   1.0213750e+00   1.0213750e+00
   2.4000000e+01   3.4000000e+01   8.1813568e-15   1.0745938e+00   1.0745938e+00
   2.5000000e+01   3.4000000e+01   8.5644898e-15   1.1086875e+00   1.1086875e+00
   2.6000000e+01   3.4000000e+01   8.5162374e-15   1.1098125e+00   1.1098125e+00
   2.7000000e+01   3.4000000e+01   8.4280368e-15   1.1071563e+00   1.1071563e+00
   2.8000000e+01   3.4000000e+01   8.0342363e-15   1.0610625e+00   1.0610625e+00
   2.9000000e+01   3.4000000e+01   7.6466374e-15   9.9565625e-01   9.9565625e-01
   3.0000000e+01   3.4000000e+01   7.6330932e-15   9.8353125e-01   9.8353125e-01
   3.1000000e+01   3.4000000e+01   7.4199686e-15   9.9012500e-01   9.9012500e-01
   3.2000000e+01   3.4000000e+01   7.7200559e-15   9.9215625e-01   9.9215625e-01
   3.3000000e+01   3.4000000e+01   8.0940416e-15   1.0572188e+00   1.0572188e+00
   3.4000000e+01   3.4000000e+01   8.4415402e-15   1.0822500e+00   1.0822500e+00
   3.5000000e+01   3.4000000e+01   8.6898669e-15   1.1430000e+00   1.1430000e+00
   1.0000000e+00   3.5000000e+01   8.1578882e-15   1.0530313e+00   1.0530313e+00
   2.0000000e+00   3.5000000e+01   7.9570724e-15   1.0591250e+00   1.0591250e+00
   3.0000000e+00   3.5000000e+01   7.9277303e-15   1.0187500e+00   1.0187500e+00
   4.0000000e+00   3.5000000e+01   7.4541266e-15   9.8859375e-01   9.8859375e-01
   5.0000000e+00   3.5000000e+01   7.0783206e-15   9.2384375e-01   9.2384375e-01
   6.0000000e+00   3.5000000e+01   7.5506418e-15   9.8650000e-01   9.8650000e-01
   7.0000000e+00   3.5000000e+01   7.7346899e-15   1.0232500e+00   1.0232500e+00
   8.0000000e+00   3.5000000e+01   8.0892252e-15   1.0607187e+00   1.0607187e+00
   9.0000000e+00   3.5000000e+01   8.0350502e-15   1.0565312e+00   1.0565312e+00
   1.0000000e+01   3.5000000e+01   8.1108988e-15   1.0553438e+00   1.0553438e+00
   1.1000000e+01   3.5000000e+01   7.9061940e-15   9.9046875e-01   9.9046875e-01
   1.2000000e+01   3.5000000e+01   7.4728421e-15   9.7740625e-01   9.7740625e-01
   1.3000000e+01   3.5000000e+01   7.3053879e-15   9.3537500e-01   9.3537500e-01
   1.4000000e+01   3.5000000e+01   7.1325006e-15   9.4425000e-01   9.4425000e-01
   1.5000000e+01   3.5000000e+01   7.3737981e-15   9.3206250e-01   9.3206250e-01
   1.6000000e+01   3.5000000e+01   7.8622430e-15   1.0158437e+00   1.0158437e+00
   1.7000000e+01   3.5000000e+01   7.9285162e-15   1.0094063e+00   1.0094063e+00
   1.8000000e+01   3.5000000e+01   8.1216777e-15   1.0611563e+00   1.0611563e+00
   1.9000000e+01   3.5000000e+01   8.2651437e-15   1.0709375e+00   1.0709375e+00
   2.0000000e+01   3.5000000e+01   8.1397370e-15   1.0414687e+00   1.0414687e+00
   2.1000000e+01   3.5000000e+01   7.4734449e-15   9.9221875e-01   9.9221875e-01
   2.2000000e+01   3.5000000e+01   7.4279494e-15   9.8500000e-01   9.8500000e-01
   2.3000000e+01   3.5000000e+01   7.3603367e-15   9.6987500e-01   9.6987500e-01
   2.4000000e+01   3.5000000e+01   7.8200192e-15   1.0209375e+00   1.0209375e+00
   2.5000000e+01   3.5000000e+01   8.2908722e-15   1.0678750e+00   1.0678750e+00
   2.6000000e+01   3.5000000e+01   8.5243130e-15   1.0796563e+00   1.0796563e+00
   2.7000000e+01   3.5000000e+01   8.0823223e-15   1.0791250e+00   1.0791250e+00
   2.8000000e+01   3.5000000e+01   8.0215227e-15   1.0256250e+00   1.0256250e+00
   2.9000000e+01   3.5000000e+01   7.7039761e-15   9.9987500e-01   9.9987500e-01
   3.0000000e+01   3.5000000e+01   7.2389710e-15   9.5528125e-01   9.5528125e-01
   3.1000000e+01   3.5000000e+01   7.4389026e-15   9.3425000e-01   9.3425000e-01
   3.2000000e+01   3.5000000e+01   7.6233874e-15   9.8421875e-01   9.8421875e-01
   3.3000000e+01   3.5000000e+01   7.8036533e-15   1.0352500e+00   1.0352500e+00
   3.4000000e+01   3.5000000e+01   8.3468759e-15   1.0720625e+00   1.0720625e+00
   3.5000000e+01   3.5000000e+01   8.5899659e-15   1.1025000e+00   1.1025000e+00
