   1.0000000e+00   1.0000000e+00   4.0883839e-15   5.3537500e-01   5.3537500e-01
   2.0000000e+00   1.0000000e+00   4.4281626e-15   5.5071875e-01   5.5071875e-01
   3.0000000e+00   1.0000000e+00   4.3040583e-15   5.5678125e-01   5.5678125e-01
   4.0000000e+00   1.0000000e+00   4.3420175e-15   5.4256250e-01   5.4256250e-01
   5.0000000e+00   1.0000000e+00   4.0060027e-15   5.2184375e-01   5.2184375e-01
   6.0000000e+00   1.0000000e+00   3.8644138e-15   5.0600000e-01   5.0600000e-01
   7.0000000e+00   1.0000000e+00   3.9505531e-15   5.0621875e-01   5.0621875e-01
   8.0000000e+00   1.0000000e+00   4.1793573e-15   5.3065625e-01   5.3065625e-01
   9.0000000e+00   1.0000000e+00   4.1425016e-15   5.4065625e-01   5.4065625e-01
   1.0000000e+01   1.0000000e+00   4.2922643e-15   5.4065625e-01   5.4065625e-01
   1.1000000e+01   1.0000000e+00   4.3369650e-15   5.3887500e-01   5.3887500e-01
   1.2000000e+01   1.0000000e+00   4.0122064e-15   5.2000000e-01   5.2000000e-01
   1.3000000e+01   1.0000000e+00   3.9198553e-15   4.9675000e-01   4.9675000e-01
   1.4000000e+01   1.0000000e+00   3.7306698e-15   4.8240625e-01   4.8240625e-01
   1.5000000e+01   1.0000000e+00   3.6978139e-15   4.8459375e-01   4.8459375e-01
   1.6000000e+01   1.0000000e+00   4.0760375e-15   5.1131250e-01   5.1131250e-01
   1.7000000e+01   1.0000000e+00   4.0170401e-15   5.2543750e-01   5.2543750e-01
   1.8000000e+01   1.0000000e+00   4.3008772e-15   5.4890625e-01   5.4890625e-01
   1.9000000e+01   1.0000000e+00   4.3889417e-15   5.5459375e-01   5.5459375e-01
   2.0000000e+01   1.0000000e+00   4.4233790e-15   5.6381250e-01   5.6381250e-01
   2.1000000e+01   1.0000000e+00   4.3030500e-15   5.4346875e-01   5.4346875e-01
   2.2000000e+01   1.0000000e+00   3.8676753e-15   5.1809375e-01   5.1809375e-01
   2.3000000e+01   1.0000000e+00   3.9617479e-15   5.0943750e-01   5.0943750e-01
   2.4000000e+01   1.0000000e+00   4.0844071e-15   5.1018750e-01   5.1018750e-01
   2.5000000e+01   1.0000000e+00   4.2199044e-15   5.4096875e-01   5.4096875e-01
   2.6000000e+01   1.0000000e+00   4.3525720e-15   5.4500000e-01   5.4500000e-01
   2.7000000e+01   1.0000000e+00   4.4168437e-15   5.6012500e-01   5.6012500e-01
   2.8000000e+01   1.0000000e+00   4.2946016e-15   5.3528125e-01   5.3528125e-01
   2.9000000e+01   1.0000000e+00   4.0459590e-15   5.2343750e-01   5.2343750e-01
   3.0000000e+01   1.0000000e+00   3.9843128e-15   4.9481250e-01   4.9481250e-01
   3.1000000e+01   1.0000000e+00   3.7903769e-15   4.9340625e-01   4.9340625e-01
   3.2000000e+01   1.0000000e+00   3.9893225e-15   4.9206250e-01   4.9206250e-01
   3.3000000e+01   1.0000000e+00   4.1253701e-15   5.2840625e-01   5.2840625e-01
   3.4000000e+01   1.0000000e+00   4.3173202e-15   5.3681250e-01   5.3681250e-01
   3.5000000e+01   1.0000000e+00   4.4782168e-15   5.7043750e-01   5.7043750e-01
   1.0000000e+00   2.0000000e+00   4.2444069e-15   5.3365625e-01   5.3365625e-01
   2.0000000e+00   2.0000000e+00   4.2538337e-15   5.5184375e-01   5.5184375e-01
   3.0000000e+00   2.0000000e+00   4.4343526e-15   5.5418750e-01   5.5418750e-01
   4.0000000e+00   2.0000000e+00   4.1979879e-15   5.4434375e-01   5.4434375e-01
   5.0000000e+00   2.0000000e+00   4.1093895e-15   5.1890625e-01   5.1890625e-01
   6.0000000e+00   2.0000000e+00   3.9257295e-15   5.0062500e-01   5.0062500e-01
   7.0000000e+00   2.0000000e+00   3.9016360e-15   5.0271875e-01   5.0271875e-01
   8.0000000e+00   2.0000000e+00   4.1428056e-15   5.0996875e-01   5.0996875e-01
   9.0000000e+00   2.0000000e+00   4.1303268e-15   5.3462500e-01   5.3462500e-01
   1.0000000e+01   2.0000000e+00   4.2983491e-15   5.4225000e-01   5.4225000e-01
   1.1000000e+01   2.0000000e+00   4.1443134e-15   5.2293750e-01   5.2293750e-01
   1.2000000e+01   2.0000000e+00   4.0073603e-15   5.1959375e-01   5.1959375e-01
   1.3000000e+01   2.0000000e+00   3.9791791e-15   4.9821875e-01   4.9821875e-01
   1.4000000e+01   2.0000000e+00   3.6260938e-15   4.7418750e-01   4.7418750e-01
   1.5000000e+01   2.0000000e+00   3.6793559e-15   4.7959375e-01   4.7959375e-01
   1.6000000e+01   2.0000000e+00   3.9357675e-15   4.9743750e-01   4.9743750e-01
   1.7000000e+01   2.0000000e+00   3.9226609e-15   5.0934375e-01   5.0934375e-01
   1.8000000e+01   2.0000000e+00   4.1741261e-15   5.4228125e-01   5.4228125e-01
   1.9000000e+01   2.0000000e+00   4.2493675e-15   5.5212500e-01   5.5212500e-01
   2.0000000e+01   2.0000000e+00   4.4021538e-15   5.4434375e-01   5.4434375e-01
   2.1000000e+01   2.0000000e+00   4.2481570e-15   5.4818750e-01   5.4818750e-01
   2.2000000e+01   2.0000000e+00   4.1343237e-15   5.1662500e-01   5.1662500e-01
   2.3000000e+01   2.0000000e+00   3.8152901e-15   5.0162500e-01   5.0162500e-01
   2.4000000e+01   2.0000000e+00   4.0253227e-15   5.0740625e-01   5.0740625e-01
   2.5000000e+01   2.0000000e+00   4.1683192e-15   5.3331250e-01   5.3331250e-01
   2.6000000e+01   2.0000000e+00   4.1998710e-15   5.4396875e-01   5.4396875e-01
   2.7000000e+01   2.0000000e+00   4.2522698e-15   5.3584375e-01   5.3584375e-01
   2.8000000e+01   2.0000000e+00   4.1391793e-15   5.4118750e-01   5.4118750e-01
   2.9000000e+01   2.0000000e+00   4.0142565e-15   5.2431250e-01   5.2431250e-01
   3.0000000e+01   2.0000000e+00   3.8453312e-15   4.9021875e-01   4.9021875e-01
   3.1000000e+01   2.0000000e+00   3.6527649e-15   4.8775000e-01   4.8775000e-01
   3.2000000e+01   2.0000000e+00   3.8206267e-15   4.9346875e-01   4.9346875e-01
   3.3000000e+01   2.0000000e+00   3.9484294e-15   5.0637500e-01   5.0637500e-01
   3.4000000e+01   2.0000000e+00   4.0329699e-15   5.3646875e-01   5.3646875e-01
   3.5000000e+01   2.0000000e+00   4.3546326e-15   5.6246875e-01   5.6246875e-01
   1.0000000e+00   3.0000000e+00   4.0713903e-15   5.1031250e-01   5.1031250e-01
   2.0000000e+00   3.0000000e+00   4.1471987e-15   5.4381250e-01   5.4381250e-01
   3.0000000e+00   3.0000000e+00   4.2312037e-15   5.5215625e-01   5.5215625e-01
   4.0000000e+00   3.0000000e+00   4.0840696e-15   5.3690625e-01   5.3690625e-01
   5.0000000e+00   3.0000000e+00   4.0662238e-15   5.1712500e-01   5.1712500e-01
   6.0000000e+00   3.0000000e+00   3.8082883e-15   4.9690625e-01   4.9690625e-01
   7.0000000e+00   3.0000000e+00   4.0561657e-15   4.9306250e-01   4.9306250e-01
   8.0000000e+00   3.0000000e+00   3.9009005e-15   5.1650000e-01   5.1650000e-01
   9.0000000e+00   3.0000000e+00   4.1267205e-15   5.2943750e-01   5.2943750e-01
   1.0000000e+01   3.0000000e+00   4.2162766e-15   5.3450000e-01   5.3450000e-01
   1.1000000e+01   3.0000000e+00   4.0120291e-15   5.1996875e-01   5.1996875e-01
   1.2000000e+01   3.0000000e+00   3.9513486e-15   5.1406250e-01   5.1406250e-01
   1.3000000e+01   3.0000000e+00   3.8822026e-15   4.9903125e-01   4.9903125e-01
   1.4000000e+01   3.0000000e+00   3.6394532e-15   4.7321875e-01   4.7321875e-01
   1.5000000e+01   3.0000000e+00   3.7138276e-15   4.7237500e-01   4.7237500e-01
   1.6000000e+01   3.0000000e+00   3.9512748e-15   4.8490625e-01   4.8490625e-01
   1.7000000e+01   3.0000000e+00   3.9824796e-15   4.9328125e-01   4.9328125e-01
   1.8000000e+01   3.0000000e+00   4.0829622e-15   5.2365625e-01   5.2365625e-01
   1.9000000e+01   3.0000000e+00   4.2400058e-15   5.4637500e-01   5.4637500e-01
   2.0000000e+01   3.0000000e+00   4.1832334e-15   5.4984375e-01   5.4984375e-01
   2.1000000e+01   3.0000000e+00   4.2018135e-15   5.4018750e-01   5.4018750e-01
   2.2000000e+01   3.0000000e+00   4.0209572e-15   5.2078125e-01   5.2078125e-01
   2.3000000e+01   3.0000000e+00   3.8690319e-15   4.9634375e-01   4.9634375e-01
   2.4000000e+01   3.0000000e+00   4.0374119e-15   5.0284375e-01   5.0284375e-01
   2.5000000e+01   3.0000000e+00   4.1173767e-15   5.0837500e-01   5.0837500e-01
   2.6000000e+01   3.0000000e+00   4.0698572e-15   5.2921875e-01   5.2921875e-01
   2.7000000e+01   3.0000000e+00   4.1112295e-15   5.4290625e-01   5.4290625e-01
   2.8000000e+01   3.0000000e+00   4.1514115e-15   5.3375000e-01   5.3375000e-01
   2.9000000e+01   3.0000000e+00   4.0130710e-15   5.1746875e-01   5.1746875e-01
   3.0000000e+01   3.0000000e+00   3.9439694e-15   4.9015625e-01   4.9015625e-01
   3.1000000e+01   3.0000000e+00   3.5140057e-15   4.7271875e-01   4.7271875e-01
   3.2000000e+01   3.0000000e+00   3.6731293e-15   4.8462500e-01   4.8462500e-01
   3.3000000e+01   3.0000000e+00   3.9731448e-15   5.0646875e-01   5.0646875e-01
   3.4000000e+01   3.0000000e+00   4.1044931e-15   5.2609375e-01   5.2609375e-01
   3.5000000e+01   3.0000000e+00   4.3378768e-15   5.3343750e-01   5.3343750e-01
   1.0000000e+00   4.0000000e+00   4.0018543e-15   5.2109375e-01   5.2109375e-01
   2.0000000e+00   4.0000000e+00   4.1612572e-15   5.3775000e-01   5.3775000e-01
   3.0000000e+00   4.0000000e+00   4.1370441e-15   5.4275000e-01   5.4275000e-01
   4.0000000e+00   4.0000000e+00   4.1322200e-15   5.3318750e-01   5.3318750e-01
   5.0000000e+00   4.0000000e+00   3.9323213e-15   5.1506250e-01   5.1506250e-01
   6.0000000e+00   4.0000000e+00   3.7637139e-15   4.9356250e-01   4.9356250e-01
   7.0000000e+00   4.0000000e+00   3.8721388e-15   5.0112500e-01   5.0112500e-01
   8.0000000e+00   4.0000000e+00   3.9237618e-15   5.1268750e-01   5.1268750e-01
   9.0000000e+00   4.0000000e+00   4.0062973e-15   5.2068750e-01   5.2068750e-01
   1.0000000e+01   4.0000000e+00   4.0525612e-15   5.2696875e-01   5.2696875e-01
   1.1000000e+01   4.0000000e+00   4.0313413e-15   5.2912500e-01   5.2912500e-01
   1.2000000e+01   4.0000000e+00   3.9124859e-15   5.1353125e-01   5.1353125e-01
   1.3000000e+01   4.0000000e+00   3.7800989e-15   4.9531250e-01   4.9531250e-01
   1.4000000e+01   4.0000000e+00   3.5989066e-15   4.7431250e-01   4.7431250e-01
   1.5000000e+01   4.0000000e+00   3.6758854e-15   4.7246875e-01   4.7246875e-01
   1.6000000e+01   4.0000000e+00   3.7928376e-15   4.9178125e-01   4.9178125e-01
   1.7000000e+01   4.0000000e+00   3.8852114e-15   5.0893750e-01   5.0893750e-01
   1.8000000e+01   4.0000000e+00   4.1001872e-15   5.2443750e-01   5.2443750e-01
   1.9000000e+01   4.0000000e+00   4.3219773e-15   5.4090625e-01   5.4090625e-01
   2.0000000e+01   4.0000000e+00   4.2636992e-15   5.2106250e-01   5.2106250e-01
   2.1000000e+01   4.0000000e+00   4.0565919e-15   5.3187500e-01   5.3187500e-01
   2.2000000e+01   4.0000000e+00   3.9802443e-15   5.1150000e-01   5.1150000e-01
   2.3000000e+01   4.0000000e+00   3.7731872e-15   4.9200000e-01   4.9200000e-01
   2.4000000e+01   4.0000000e+00   3.9744477e-15   4.8900000e-01   4.8900000e-01
   2.5000000e+01   4.0000000e+00   4.0041405e-15   5.1475000e-01   5.1475000e-01
   2.6000000e+01   4.0000000e+00   4.0210037e-15   5.2731250e-01   5.2731250e-01
   2.7000000e+01   4.0000000e+00   4.0918750e-15   5.3296875e-01   5.3296875e-01
   2.8000000e+01   4.0000000e+00   4.0758631e-15   5.2815625e-01   5.2815625e-01
   2.9000000e+01   4.0000000e+00   4.0009926e-15   4.9409375e-01   4.9409375e-01
   3.0000000e+01   4.0000000e+00   3.7350634e-15   4.9106250e-01   4.9106250e-01
   3.1000000e+01   4.0000000e+00   3.6536514e-15   4.7225000e-01   4.7225000e-01
   3.2000000e+01   4.0000000e+00   3.6771091e-15   4.7756250e-01   4.7756250e-01
   3.3000000e+01   4.0000000e+00   4.0226102e-15   4.9803125e-01   4.9803125e-01
   3.4000000e+01   4.0000000e+00   3.9798699e-15   5.0078125e-01   5.0078125e-01
   3.5000000e+01   4.0000000e+00   4.1825307e-15   5.4415625e-01   5.4415625e-01
   1.0000000e+00   5.0000000e+00   4.0778761e-15   5.2431250e-01   5.2431250e-01
   2.0000000e+00   5.0000000e+00   4.1836480e-15   5.4362500e-01   5.4362500e-01
   3.0000000e+00   5.0000000e+00   4.2460568e-15   5.4384375e-01   5.4384375e-01
   4.0000000e+00   5.0000000e+00   4.1552427e-15   5.3178125e-01   5.3178125e-01
   5.0000000e+00   5.0000000e+00   4.0316237e-15   5.1209375e-01   5.1209375e-01
   6.0000000e+00   5.0000000e+00   3.8753412e-15   4.9496875e-01   4.9496875e-01
   7.0000000e+00   5.0000000e+00   3.8878228e-15   4.9650000e-01   4.9650000e-01
   8.0000000e+00   5.0000000e+00   4.0881615e-15   5.0953125e-01   5.0953125e-01
   9.0000000e+00   5.0000000e+00   4.0644328e-15   5.0128125e-01   5.0128125e-01
   1.0000000e+01   5.0000000e+00   4.1549402e-15   5.3259375e-01   5.3259375e-01
   1.1000000e+01   5.0000000e+00   3.9991654e-15   5.2196875e-01   5.2196875e-01
   1.2000000e+01   5.0000000e+00   3.9949850e-15   5.1296875e-01   5.1296875e-01
   1.3000000e+01   5.0000000e+00   3.7795675e-15   4.9271875e-01   4.9271875e-01
   1.4000000e+01   5.0000000e+00   3.7758196e-15   4.7081250e-01   4.7081250e-01
   1.5000000e+01   5.0000000e+00   3.5725429e-15   4.6312500e-01   4.6312500e-01
   1.6000000e+01   5.0000000e+00   3.7881714e-15   4.9081250e-01   4.9081250e-01
   1.7000000e+01   5.0000000e+00   3.9656374e-15   5.0771875e-01   5.0771875e-01
   1.8000000e+01   5.0000000e+00   4.2448728e-15   5.2725000e-01   5.2725000e-01
   1.9000000e+01   5.0000000e+00   4.1536295e-15   5.2215625e-01   5.2215625e-01
   2.0000000e+01   5.0000000e+00   4.1337383e-15   5.4206250e-01   5.4206250e-01
   2.1000000e+01   5.0000000e+00   4.1014080e-15   5.2771875e-01   5.2771875e-01
   2.2000000e+01   5.0000000e+00   3.9015374e-15   5.0643750e-01   5.0643750e-01
   2.3000000e+01   5.0000000e+00   3.7800634e-15   4.9265625e-01   4.9265625e-01
   2.4000000e+01   5.0000000e+00   3.7330987e-15   4.9590625e-01   4.9590625e-01
   2.5000000e+01   5.0000000e+00   4.0323286e-15   5.1456250e-01   5.1456250e-01
   2.6000000e+01   5.0000000e+00   4.0866063e-15   5.2509375e-01   5.2509375e-01
   2.7000000e+01   5.0000000e+00   4.1154785e-15   5.3025000e-01   5.3025000e-01
   2.8000000e+01   5.0000000e+00   3.9988815e-15   5.2553125e-01   5.2553125e-01
   2.9000000e+01   5.0000000e+00   3.8560244e-15   5.0746875e-01   5.0746875e-01
   3.0000000e+01   5.0000000e+00   3.6885545e-15   4.8881250e-01   4.8881250e-01
   3.1000000e+01   5.0000000e+00   3.6022250e-15   4.7159375e-01   4.7159375e-01
   3.2000000e+01   5.0000000e+00   3.6278758e-15   4.7300000e-01   4.7300000e-01
   3.3000000e+01   5.0000000e+00   3.8385573e-15   4.9631250e-01   4.9631250e-01
   3.4000000e+01   5.0000000e+00   4.0423194e-15   5.1912500e-01   5.1912500e-01
   3.5000000e+01   5.0000000e+00   4.1641948e-15   5.3650000e-01   5.3650000e-01
   1.0000000e+00   6.0000000e+00   4.0924985e-15   5.2856250e-01   5.2856250e-01
   2.0000000e+00   6.0000000e+00   4.3808536e-15   5.3731250e-01   5.3731250e-01
   3.0000000e+00   6.0000000e+00   4.4414926e-15   5.5178125e-01   5.5178125e-01
   4.0000000e+00   6.0000000e+00   4.2246005e-15   5.3953125e-01   5.3953125e-01
   5.0000000e+00   6.0000000e+00   4.1221360e-15   5.1925000e-01   5.1925000e-01
   6.0000000e+00   6.0000000e+00   3.8718247e-15   5.0275000e-01   5.0275000e-01
   7.0000000e+00   6.0000000e+00   3.8826345e-15   5.0225000e-01   5.0225000e-01
   8.0000000e+00   6.0000000e+00   3.9635959e-15   5.2100000e-01   5.2100000e-01
   9.0000000e+00   6.0000000e+00   4.0168671e-15   5.2881250e-01   5.2881250e-01
   1.0000000e+01   6.0000000e+00   4.1230326e-15   5.0696875e-01   5.0696875e-01
   1.1000000e+01   6.0000000e+00   4.1598445e-15   5.2521875e-01   5.2521875e-01
   1.2000000e+01   6.0000000e+00   4.1200400e-15   5.1650000e-01   5.1650000e-01
   1.3000000e+01   6.0000000e+00   3.8271574e-15   4.9906250e-01   4.9906250e-01
   1.4000000e+01   6.0000000e+00   3.6419240e-15   4.7812500e-01   4.7812500e-01
   1.5000000e+01   6.0000000e+00   3.6144330e-15   4.6512500e-01   4.6512500e-01
   1.6000000e+01   6.0000000e+00   3.9309297e-15   4.8284375e-01   4.8284375e-01
   1.7000000e+01   6.0000000e+00   4.0066809e-15   5.1575000e-01   5.1575000e-01
   1.8000000e+01   6.0000000e+00   4.1858897e-15   5.3856250e-01   5.3856250e-01
   1.9000000e+01   6.0000000e+00   4.1774458e-15   5.4678125e-01   5.4678125e-01
   2.0000000e+01   6.0000000e+00   4.3094193e-15   5.3596875e-01   5.3596875e-01
   2.1000000e+01   6.0000000e+00   4.1032115e-15   5.3306250e-01   5.3306250e-01
   2.2000000e+01   6.0000000e+00   3.8739002e-15   5.1306250e-01   5.1306250e-01
   2.3000000e+01   6.0000000e+00   3.7873649e-15   4.8156250e-01   4.8156250e-01
   2.4000000e+01   6.0000000e+00   3.8904843e-15   4.9875000e-01   4.9875000e-01
   2.5000000e+01   6.0000000e+00   4.0235289e-15   5.1656250e-01   5.1656250e-01
   2.6000000e+01   6.0000000e+00   4.0353875e-15   5.2068750e-01   5.2068750e-01
   2.7000000e+01   6.0000000e+00   3.9777556e-15   5.2371875e-01   5.2371875e-01
   2.8000000e+01   6.0000000e+00   4.2212193e-15   5.1521875e-01   5.1521875e-01
   2.9000000e+01   6.0000000e+00   3.9487456e-15   5.1087500e-01   5.1087500e-01
   3.0000000e+01   6.0000000e+00   3.8038947e-15   4.9303125e-01   4.9303125e-01
   3.1000000e+01   6.0000000e+00   3.5961813e-15   4.7481250e-01   4.7481250e-01
   3.2000000e+01   6.0000000e+00   3.6072528e-15   4.6718750e-01   4.6718750e-01
   3.3000000e+01   6.0000000e+00   4.0727349e-15   4.9846875e-01   4.9846875e-01
   3.4000000e+01   6.0000000e+00   4.0681925e-15   5.2271875e-01   5.2271875e-01
   3.5000000e+01   6.0000000e+00   4.1596141e-15   5.4018750e-01   5.4018750e-01
   1.0000000e+00   7.0000000e+00   4.3464430e-15   5.2609375e-01   5.2609375e-01
   2.0000000e+00   7.0000000e+00   4.3703367e-15   5.6603125e-01   5.6603125e-01
   3.0000000e+00   7.0000000e+00   4.4387325e-15   5.6687500e-01   5.6687500e-01
   4.0000000e+00   7.0000000e+00   4.2781984e-15   5.5575000e-01   5.5575000e-01
   5.0000000e+00   7.0000000e+00   4.0718352e-15   5.0928125e-01   5.0928125e-01
   6.0000000e+00   7.0000000e+00   3.9978668e-15   5.1650000e-01   5.1650000e-01
   7.0000000e+00   7.0000000e+00   3.9884503e-15   5.1287500e-01   5.1287500e-01
   8.0000000e+00   7.0000000e+00   4.0715504e-15   5.1040625e-01   5.1040625e-01
   9.0000000e+00   7.0000000e+00   4.1599821e-15   5.3565625e-01   5.3565625e-01
   1.0000000e+01   7.0000000e+00   4.1742168e-15   5.3793750e-01   5.3793750e-01
   1.1000000e+01   7.0000000e+00   4.0421853e-15   5.1290625e-01   5.1290625e-01
   1.2000000e+01   7.0000000e+00   4.0734082e-15   5.2175000e-01   5.2175000e-01
   1.3000000e+01   7.0000000e+00   3.8656712e-15   5.0053125e-01   5.0053125e-01
   1.4000000e+01   7.0000000e+00   3.7430901e-15   4.8646875e-01   4.8646875e-01
   1.5000000e+01   7.0000000e+00   3.8487370e-15   4.7759375e-01   4.7759375e-01
   1.6000000e+01   7.0000000e+00   4.0160906e-15   5.0543750e-01   5.0543750e-01
   1.7000000e+01   7.0000000e+00   4.0064072e-15   5.2306250e-01   5.2306250e-01
   1.8000000e+01   7.0000000e+00   4.1502113e-15   5.3021875e-01   5.3021875e-01
   1.9000000e+01   7.0000000e+00   4.4567841e-15   5.5971875e-01   5.5971875e-01
   2.0000000e+01   7.0000000e+00   4.2533287e-15   5.5465625e-01   5.5465625e-01
   2.1000000e+01   7.0000000e+00   4.2922384e-15   5.2525000e-01   5.2525000e-01
   2.2000000e+01   7.0000000e+00   4.0803261e-15   5.2015625e-01   5.2015625e-01
   2.3000000e+01   7.0000000e+00   3.8319823e-15   5.0453125e-01   5.0453125e-01
   2.4000000e+01   7.0000000e+00   4.0921968e-15   5.0225000e-01   5.0225000e-01
   2.5000000e+01   7.0000000e+00   4.0499979e-15   5.1818750e-01   5.1818750e-01
   2.6000000e+01   7.0000000e+00   4.0639399e-15   5.2571875e-01   5.2571875e-01
   2.7000000e+01   7.0000000e+00   4.1868258e-15   5.3012500e-01   5.3012500e-01
   2.8000000e+01   7.0000000e+00   4.0798623e-15   5.2484375e-01   5.2484375e-01
   2.9000000e+01   7.0000000e+00   4.0306046e-15   5.0396875e-01   5.0396875e-01
   3.0000000e+01   7.0000000e+00   3.7495434e-15   4.8906250e-01   4.8906250e-01
   3.1000000e+01   7.0000000e+00   3.6187687e-15   4.7500000e-01   4.7500000e-01
   3.2000000e+01   7.0000000e+00   3.8134487e-15   4.7912500e-01   4.7912500e-01
   3.3000000e+01   7.0000000e+00   3.8750402e-15   5.0328125e-01   5.0328125e-01
   3.4000000e+01   7.0000000e+00   4.1165551e-15   5.2868750e-01   5.2868750e-01
   3.5000000e+01   7.0000000e+00   4.3740465e-15   5.3071875e-01   5.3071875e-01
   1.0000000e+00   8.0000000e+00   4.3363612e-15   5.6140625e-01   5.6140625e-01
   2.0000000e+00   8.0000000e+00   4.6226389e-15   5.6703125e-01   5.6703125e-01
   3.0000000e+00   8.0000000e+00   4.5857546e-15   5.7653125e-01   5.7653125e-01
   4.0000000e+00   8.0000000e+00   4.2982427e-15   5.6675000e-01   5.6675000e-01
   5.0000000e+00   8.0000000e+00   4.2440719e-15   5.2809375e-01   5.2809375e-01
   6.0000000e+00   8.0000000e+00   4.0436060e-15   5.2406250e-01   5.2406250e-01
   7.0000000e+00   8.0000000e+00   4.0202826e-15   5.2115625e-01   5.2115625e-01
   8.0000000e+00   8.0000000e+00   4.0835064e-15   5.2887500e-01   5.2887500e-01
   9.0000000e+00   8.0000000e+00   4.3089439e-15   5.4115625e-01   5.4115625e-01
   1.0000000e+01   8.0000000e+00   4.2915460e-15   5.4968750e-01   5.4968750e-01
   1.1000000e+01   8.0000000e+00   4.1853791e-15   5.4175000e-01   5.4175000e-01
   1.2000000e+01   8.0000000e+00   4.0439599e-15   5.2734375e-01   5.2734375e-01
   1.3000000e+01   8.0000000e+00   4.0917393e-15   5.0734375e-01   5.0734375e-01
   1.4000000e+01   8.0000000e+00   3.8250101e-15   4.9687500e-01   4.9687500e-01
   1.5000000e+01   8.0000000e+00   3.8256708e-15   4.9790625e-01   4.9790625e-01
   1.6000000e+01   8.0000000e+00   4.1031508e-15   5.0643750e-01   5.0643750e-01
   1.7000000e+01   8.0000000e+00   4.2197418e-15   5.3881250e-01   5.3881250e-01
   1.8000000e+01   8.0000000e+00   4.3779880e-15   5.5918750e-01   5.5918750e-01
   1.9000000e+01   8.0000000e+00   4.5103677e-15   5.5731250e-01   5.5731250e-01
   2.0000000e+01   8.0000000e+00   4.4295239e-15   5.6734375e-01   5.6734375e-01
   2.1000000e+01   8.0000000e+00   4.2966135e-15   5.5362500e-01   5.5362500e-01
   2.2000000e+01   8.0000000e+00   4.2192021e-15   5.1443750e-01   5.1443750e-01
   2.3000000e+01   8.0000000e+00   3.9588965e-15   5.1428125e-01   5.1428125e-01
   2.4000000e+01   8.0000000e+00   3.9422114e-15   5.1546875e-01   5.1546875e-01
   2.5000000e+01   8.0000000e+00   4.0983819e-15   5.1193750e-01   5.1193750e-01
   2.6000000e+01   8.0000000e+00   4.1480053e-15   5.3478125e-01   5.3478125e-01
   2.7000000e+01   8.0000000e+00   4.1907834e-15   5.3737500e-01   5.3737500e-01
   2.8000000e+01   8.0000000e+00   4.1062134e-15   5.3662500e-01   5.3662500e-01
   2.9000000e+01   8.0000000e+00   4.0026654e-15   5.1593750e-01   5.1593750e-01
   3.0000000e+01   8.0000000e+00   3.9257984e-15   4.8034375e-01   4.8034375e-01
   3.1000000e+01   8.0000000e+00   3.8214023e-15   4.8275000e-01   4.8275000e-01
   3.2000000e+01   8.0000000e+00   3.8390952e-15   4.9053125e-01   4.9053125e-01
   3.3000000e+01   8.0000000e+00   4.0027365e-15   5.1515625e-01   5.1515625e-01
   3.4000000e+01   8.0000000e+00   4.1587779e-15   5.3753125e-01   5.3753125e-01
   3.5000000e+01   8.0000000e+00   4.3565459e-15   5.6271875e-01   5.6271875e-01
   1.0000000e+00   9.0000000e+00   4.3802300e-15   5.6178125e-01   5.6178125e-01
   2.0000000e+00   9.0000000e+00   4.5743016e-15   5.5912500e-01   5.5912500e-01
   3.0000000e+00   9.0000000e+00   4.6980163e-15   5.7987500e-01   5.7987500e-01
   4.0000000e+00   9.0000000e+00   4.4703839e-15   5.7475000e-01   5.7475000e-01
   5.0000000e+00   9.0000000e+00   4.3209014e-15   5.4490625e-01   5.4490625e-01
   6.0000000e+00   9.0000000e+00   4.0673409e-15   5.2484375e-01   5.2484375e-01
   7.0000000e+00   9.0000000e+00   4.1679352e-15   5.2787500e-01   5.2787500e-01
   8.0000000e+00   9.0000000e+00   4.2188011e-15   5.4556250e-01   5.4556250e-01
   9.0000000e+00   9.0000000e+00   4.2412741e-15   5.5371875e-01   5.5371875e-01
   1.0000000e+01   9.0000000e+00   4.2444088e-15   5.4009375e-01   5.4009375e-01
   1.1000000e+01   9.0000000e+00   4.3901196e-15   5.4521875e-01   5.4521875e-01
   1.2000000e+01   9.0000000e+00   4.2562679e-15   5.3825000e-01   5.3825000e-01
   1.3000000e+01   9.0000000e+00   4.0619433e-15   5.1975000e-01   5.1975000e-01
   1.4000000e+01   9.0000000e+00   3.9273731e-15   5.0468750e-01   5.0468750e-01
   1.5000000e+01   9.0000000e+00   3.7739993e-15   5.0459375e-01   5.0459375e-01
   1.6000000e+01   9.0000000e+00   4.0333782e-15   5.1612500e-01   5.1612500e-01
   1.7000000e+01   9.0000000e+00   4.2620472e-15   5.3659375e-01   5.3659375e-01
   1.8000000e+01   9.0000000e+00   4.4659765e-15   5.6362500e-01   5.6362500e-01
   1.9000000e+01   9.0000000e+00   4.5216676e-15   5.8218750e-01   5.8218750e-01
   2.0000000e+01   9.0000000e+00   4.4289754e-15   5.6521875e-01   5.6521875e-01
   2.1000000e+01   9.0000000e+00   4.5542041e-15   5.6012500e-01   5.6012500e-01
   2.2000000e+01   9.0000000e+00   4.1737976e-15   5.3640625e-01   5.3640625e-01
   2.3000000e+01   9.0000000e+00   4.0126094e-15   5.2234375e-01   5.2234375e-01
   2.4000000e+01   9.0000000e+00   3.9344591e-15   5.1643750e-01   5.1643750e-01
   2.5000000e+01   9.0000000e+00   4.3251187e-15   5.4381250e-01   5.4381250e-01
   2.6000000e+01   9.0000000e+00   4.2437465e-15   5.4753125e-01   5.4753125e-01
   2.7000000e+01   9.0000000e+00   4.1488147e-15   5.4834375e-01   5.4834375e-01
   2.8000000e+01   9.0000000e+00   4.2147610e-15   5.2028125e-01   5.2028125e-01
   2.9000000e+01   9.0000000e+00   4.0012168e-15   5.2568750e-01   5.2568750e-01
   3.0000000e+01   9.0000000e+00   3.8587265e-15   5.0959375e-01   5.0959375e-01
   3.1000000e+01   9.0000000e+00   3.7943422e-15   4.8115625e-01   4.8115625e-01
   3.2000000e+01   9.0000000e+00   3.8931135e-15   5.0393750e-01   5.0393750e-01
   3.3000000e+01   9.0000000e+00   4.0262805e-15   5.2737500e-01   5.2737500e-01
   3.4000000e+01   9.0000000e+00   4.2535307e-15   5.2993750e-01   5.2993750e-01
   3.5000000e+01   9.0000000e+00   4.5014451e-15   5.7340625e-01   5.7340625e-01
   1.0000000e+00   1.0000000e+01   4.2332446e-15   5.5534375e-01   5.5534375e-01
   2.0000000e+00   1.0000000e+01   4.6339301e-15   5.8646875e-01   5.8646875e-01
   3.0000000e+00   1.0000000e+01   4.5355088e-15   5.8350000e-01   5.8350000e-01
   4.0000000e+00   1.0000000e+01   4.4494068e-15   5.7253125e-01   5.7253125e-01
   5.0000000e+00   1.0000000e+01   4.2302050e-15   5.4787500e-01   5.4787500e-01
   6.0000000e+00   1.0000000e+01   4.0932592e-15   5.1603125e-01   5.1603125e-01
   7.0000000e+00   1.0000000e+01   4.0405550e-15   5.1471875e-01   5.1471875e-01
   8.0000000e+00   1.0000000e+01   4.1417594e-15   5.4934375e-01   5.4934375e-01
   9.0000000e+00   1.0000000e+01   4.2030352e-15   5.5862500e-01   5.5862500e-01
   1.0000000e+01   1.0000000e+01   4.3869043e-15   5.6843750e-01   5.6843750e-01
   1.1000000e+01   1.0000000e+01   4.3523820e-15   5.5665625e-01   5.5665625e-01
   1.2000000e+01   1.0000000e+01   4.1818737e-15   5.1903125e-01   5.1903125e-01
   1.3000000e+01   1.0000000e+01   3.9294074e-15   5.2781250e-01   5.2781250e-01
   1.4000000e+01   1.0000000e+01   3.9060741e-15   5.1037500e-01   5.1037500e-01
   1.5000000e+01   1.0000000e+01   3.9564455e-15   5.1265625e-01   5.1265625e-01
   1.6000000e+01   1.0000000e+01   4.1380951e-15   5.2990625e-01   5.2990625e-01
   1.7000000e+01   1.0000000e+01   4.3537593e-15   5.3993750e-01   5.3993750e-01
   1.8000000e+01   1.0000000e+01   4.4135311e-15   5.4509375e-01   5.4509375e-01
   1.9000000e+01   1.0000000e+01   4.4719266e-15   5.7959375e-01   5.7959375e-01
   2.0000000e+01   1.0000000e+01   4.5005010e-15   5.8178125e-01   5.8178125e-01
   2.1000000e+01   1.0000000e+01   4.2998561e-15   5.6321875e-01   5.6321875e-01
   2.2000000e+01   1.0000000e+01   4.1061294e-15   5.3665625e-01   5.3665625e-01
   2.3000000e+01   1.0000000e+01   3.9424879e-15   5.2581250e-01   5.2581250e-01
   2.4000000e+01   1.0000000e+01   4.1585431e-15   5.3203125e-01   5.3203125e-01
   2.5000000e+01   1.0000000e+01   4.2188039e-15   5.2615625e-01   5.2615625e-01
   2.6000000e+01   1.0000000e+01   4.2150843e-15   5.5834375e-01   5.5834375e-01
   2.7000000e+01   1.0000000e+01   4.2650148e-15   5.5603125e-01   5.5603125e-01
   2.8000000e+01   1.0000000e+01   4.3245064e-15   5.5068750e-01   5.5068750e-01
   2.9000000e+01   1.0000000e+01   4.0650923e-15   5.1590625e-01   5.1590625e-01
   3.0000000e+01   1.0000000e+01   3.8526979e-15   5.1837500e-01   5.1837500e-01
   3.1000000e+01   1.0000000e+01   3.8491004e-15   5.0650000e-01   5.0650000e-01
   3.2000000e+01   1.0000000e+01   3.9517438e-15   5.1193750e-01   5.1193750e-01
   3.3000000e+01   1.0000000e+01   4.2709047e-15   5.2796875e-01   5.2796875e-01
   3.4000000e+01   1.0000000e+01   4.1599601e-15   5.4215625e-01   5.4215625e-01
   3.5000000e+01   1.0000000e+01   4.3869939e-15   5.8031250e-01   5.8031250e-01
   1.0000000e+00   1.1000000e+01   4.4689175e-15   5.7475000e-01   5.7475000e-01
   2.0000000e+00   1.1000000e+01   4.6935856e-15   5.9971875e-01   5.9971875e-01
   3.0000000e+00   1.1000000e+01   4.7372004e-15   5.9018750e-01   5.9018750e-01
   4.0000000e+00   1.1000000e+01   4.3622365e-15   5.5996875e-01   5.5996875e-01
   5.0000000e+00   1.1000000e+01   4.2627594e-15   5.5509375e-01   5.5509375e-01
   6.0000000e+00   1.1000000e+01   4.0149704e-15   5.3128125e-01   5.3128125e-01
   7.0000000e+00   1.1000000e+01   4.0771277e-15   5.3546875e-01   5.3546875e-01
   8.0000000e+00   1.1000000e+01   4.2575323e-15   5.5418750e-01   5.5418750e-01
   9.0000000e+00   1.1000000e+01   4.4496914e-15   5.7300000e-01   5.7300000e-01
   1.0000000e+01   1.1000000e+01   4.4337019e-15   5.5721875e-01   5.5721875e-01
   1.1000000e+01   1.1000000e+01   4.2572357e-15   5.5306250e-01   5.5306250e-01
   1.2000000e+01   1.1000000e+01   4.1936355e-15   5.5162500e-01   5.5162500e-01
   1.3000000e+01   1.1000000e+01   4.0434104e-15   5.3131250e-01   5.3131250e-01
   1.4000000e+01   1.1000000e+01   4.0269547e-15   5.1762500e-01   5.1762500e-01
   1.5000000e+01   1.1000000e+01   3.9415045e-15   5.2112500e-01   5.2112500e-01
   1.6000000e+01   1.1000000e+01   4.2243237e-15   5.2884375e-01   5.2884375e-01
   1.7000000e+01   1.1000000e+01   4.1445938e-15   5.5137500e-01   5.5137500e-01
   1.8000000e+01   1.1000000e+01   4.4175054e-15   5.7687500e-01   5.7687500e-01
   1.9000000e+01   1.1000000e+01   4.5018852e-15   5.9090625e-01   5.9090625e-01
   2.0000000e+01   1.1000000e+01   4.5239720e-15   5.8887500e-01   5.8887500e-01
   2.1000000e+01   1.1000000e+01   4.3768530e-15   5.7065625e-01   5.7065625e-01
   2.2000000e+01   1.1000000e+01   4.2129634e-15   5.3900000e-01   5.3900000e-01
   2.3000000e+01   1.1000000e+01   4.0354202e-15   5.0425000e-01   5.0425000e-01
   2.4000000e+01   1.1000000e+01   4.0274173e-15   5.2271875e-01   5.2271875e-01
   2.5000000e+01   1.1000000e+01   4.3132314e-15   5.5609375e-01   5.5609375e-01
   2.6000000e+01   1.1000000e+01   4.3044554e-15   5.5368750e-01   5.5368750e-01
   2.7000000e+01   1.1000000e+01   4.3352055e-15   5.4446875e-01   5.4446875e-01
   2.8000000e+01   1.1000000e+01   4.4027307e-15   5.4115625e-01   5.4115625e-01
   2.9000000e+01   1.1000000e+01   4.2660796e-15   5.3440625e-01   5.3440625e-01
   3.0000000e+01   1.1000000e+01   4.0752597e-15   5.2712500e-01   5.2712500e-01
   3.1000000e+01   1.1000000e+01   3.8552351e-15   5.0968750e-01   5.0968750e-01
   3.2000000e+01   1.1000000e+01   3.9366535e-15   5.2000000e-01   5.2000000e-01
   3.3000000e+01   1.1000000e+01   4.1334721e-15   5.3925000e-01   5.3925000e-01
   3.4000000e+01   1.1000000e+01   4.2631932e-15   5.5962500e-01   5.5962500e-01
   3.5000000e+01   1.1000000e+01   4.4744871e-15   5.8359375e-01   5.8359375e-01
   1.0000000e+00   1.2000000e+01   4.4059276e-15   5.7987500e-01   5.7987500e-01
   2.0000000e+00   1.2000000e+01   4.7791930e-15   6.0984375e-01   6.0984375e-01
   3.0000000e+00   1.2000000e+01   4.6984456e-15   6.0656250e-01   6.0656250e-01
   4.0000000e+00   1.2000000e+01   4.6328636e-15   5.9659375e-01   5.9659375e-01
   5.0000000e+00   1.2000000e+01   4.2795022e-15   5.6934375e-01   5.6934375e-01
   6.0000000e+00   1.2000000e+01   4.0218059e-15   5.3887500e-01   5.3887500e-01
   7.0000000e+00   1.2000000e+01   4.1579454e-15   5.5365625e-01   5.5365625e-01
   8.0000000e+00   1.2000000e+01   4.2607646e-15   5.6900000e-01   5.6900000e-01
   9.0000000e+00   1.2000000e+01   4.4669295e-15   5.7790625e-01   5.7790625e-01
   1.0000000e+01   1.2000000e+01   4.4190275e-15   5.6268750e-01   5.6268750e-01
   1.1000000e+01   1.2000000e+01   4.5872444e-15   5.6496875e-01   5.6496875e-01
   1.2000000e+01   1.2000000e+01   4.3836471e-15   5.5875000e-01   5.5875000e-01
   1.3000000e+01   1.2000000e+01   4.1954106e-15   5.3803125e-01   5.3803125e-01
   1.4000000e+01   1.2000000e+01   3.9916731e-15   5.2025000e-01   5.2025000e-01
   1.5000000e+01   1.2000000e+01   3.9417777e-15   5.2618750e-01   5.2618750e-01
   1.6000000e+01   1.2000000e+01   4.1503265e-15   5.4606250e-01   5.4606250e-01
   1.7000000e+01   1.2000000e+01   4.2749806e-15   5.3743750e-01   5.3743750e-01
   1.8000000e+01   1.2000000e+01   4.6091605e-15   5.8368750e-01   5.8368750e-01
   1.9000000e+01   1.2000000e+01   4.7119187e-15   6.0446875e-01   6.0446875e-01
   2.0000000e+01   1.2000000e+01   4.6723190e-15   5.9821875e-01   5.9821875e-01
   2.1000000e+01   1.2000000e+01   4.4794895e-15   5.8046875e-01   5.8046875e-01
   2.2000000e+01   1.2000000e+01   4.2013403e-15   5.5175000e-01   5.5175000e-01
   2.3000000e+01   1.2000000e+01   4.1421247e-15   5.3756250e-01   5.3756250e-01
   2.4000000e+01   1.2000000e+01   4.2260056e-15   5.4971875e-01   5.4971875e-01
   2.5000000e+01   1.2000000e+01   4.2628213e-15   5.5175000e-01   5.5175000e-01
   2.6000000e+01   1.2000000e+01   4.5919879e-15   5.6859375e-01   5.6859375e-01
   2.7000000e+01   1.2000000e+01   4.5694263e-15   5.8290625e-01   5.8290625e-01
   2.8000000e+01   1.2000000e+01   4.4705019e-15   5.6928125e-01   5.6928125e-01
   2.9000000e+01   1.2000000e+01   4.1965801e-15   5.4909375e-01   5.4909375e-01
   3.0000000e+01   1.2000000e+01   3.9865428e-15   5.2856250e-01   5.2856250e-01
   3.1000000e+01   1.2000000e+01   3.9164165e-15   5.2056250e-01   5.2056250e-01
   3.2000000e+01   1.2000000e+01   4.0523637e-15   5.2681250e-01   5.2681250e-01
   3.3000000e+01   1.2000000e+01   4.1686124e-15   5.4512500e-01   5.4512500e-01
   3.4000000e+01   1.2000000e+01   4.4558922e-15   5.6478125e-01   5.6478125e-01
   3.5000000e+01   1.2000000e+01   4.6691449e-15   5.7690625e-01   5.7690625e-01
   1.0000000e+00   1.3000000e+01   4.5591885e-15   5.8781250e-01   5.8781250e-01
   2.0000000e+00   1.3000000e+01   4.7137024e-15   6.1034375e-01   6.1034375e-01
   3.0000000e+00   1.3000000e+01   4.7633334e-15   6.1331250e-01   6.1331250e-01
   4.0000000e+00   1.3000000e+01   4.4881773e-15   5.8356250e-01   5.8356250e-01
   5.0000000e+00   1.3000000e+01   4.3895152e-15   5.4612500e-01   5.4612500e-01
   6.0000000e+00   1.3000000e+01   4.3008676e-15   5.4884375e-01   5.4884375e-01
   7.0000000e+00   1.3000000e+01   4.3140348e-15   5.5559375e-01   5.5559375e-01
   8.0000000e+00   1.3000000e+01   4.4587469e-15   5.7796875e-01   5.7796875e-01
   9.0000000e+00   1.3000000e+01   4.6408441e-15   5.9221875e-01   5.9221875e-01
   1.0000000e+01   1.3000000e+01   4.5927139e-15   5.9346875e-01   5.9346875e-01
   1.1000000e+01   1.3000000e+01   4.5845790e-15   5.7906250e-01   5.7906250e-01
   1.2000000e+01   1.3000000e+01   4.3631858e-15   5.3956250e-01   5.3956250e-01
   1.3000000e+01   1.3000000e+01   4.0994025e-15   5.3046875e-01   5.3046875e-01
   1.4000000e+01   1.3000000e+01   3.9906676e-15   5.2675000e-01   5.2675000e-01
   1.5000000e+01   1.3000000e+01   4.0056358e-15   5.2918750e-01   5.2918750e-01
   1.6000000e+01   1.3000000e+01   4.1765324e-15   5.5028125e-01   5.5028125e-01
   1.7000000e+01   1.3000000e+01   4.3740009e-15   5.7143750e-01   5.7143750e-01
   1.8000000e+01   1.3000000e+01   4.5823685e-15   5.9568750e-01   5.9568750e-01
   1.9000000e+01   1.3000000e+01   4.7235480e-15   6.1531250e-01   6.1531250e-01
   2.0000000e+01   1.3000000e+01   4.6983381e-15   6.1325000e-01   6.1325000e-01
   2.1000000e+01   1.3000000e+01   4.4786649e-15   5.8915625e-01   5.8915625e-01
   2.2000000e+01   1.3000000e+01   4.3382505e-15   5.5637500e-01   5.5637500e-01
   2.3000000e+01   1.3000000e+01   4.2969350e-15   5.4450000e-01   5.4450000e-01
   2.4000000e+01   1.3000000e+01   4.3437916e-15   5.5493750e-01   5.5493750e-01
   2.5000000e+01   1.3000000e+01   4.5402270e-15   5.6243750e-01   5.6243750e-01
   2.6000000e+01   1.3000000e+01   4.5878759e-15   5.6734375e-01   5.6734375e-01
   2.7000000e+01   1.3000000e+01   4.6415276e-15   5.6237500e-01   5.6237500e-01
   2.8000000e+01   1.3000000e+01   4.5620885e-15   5.5531250e-01   5.5531250e-01
   2.9000000e+01   1.3000000e+01   4.3950467e-15   5.3756250e-01   5.3756250e-01
   3.0000000e+01   1.3000000e+01   4.2450884e-15   5.3396875e-01   5.3396875e-01
   3.1000000e+01   1.3000000e+01   4.0485281e-15   5.2050000e-01   5.2050000e-01
   3.2000000e+01   1.3000000e+01   4.0823654e-15   5.3059375e-01   5.3059375e-01
   3.3000000e+01   1.3000000e+01   4.1838734e-15   5.5375000e-01   5.5375000e-01
   3.4000000e+01   1.3000000e+01   4.4155298e-15   5.7475000e-01   5.7475000e-01
   3.5000000e+01   1.3000000e+01   4.5500192e-15   5.8287500e-01   5.8287500e-01
   1.0000000e+00   1.4000000e+01   4.6119740e-15   5.6740625e-01   5.6740625e-01
   2.0000000e+00   1.4000000e+01   4.7576371e-15   6.0843750e-01   6.0843750e-01
   3.0000000e+00   1.4000000e+01   4.7008351e-15   6.0837500e-01   6.0837500e-01
   4.0000000e+00   1.4000000e+01   4.4907787e-15   5.8731250e-01   5.8731250e-01
   5.0000000e+00   1.4000000e+01   4.4217786e-15   5.6793750e-01   5.6793750e-01
   6.0000000e+00   1.4000000e+01   4.1778640e-15   5.4231250e-01   5.4231250e-01
   7.0000000e+00   1.4000000e+01   4.2478271e-15   5.4887500e-01   5.4887500e-01
   8.0000000e+00   1.4000000e+01   4.3344703e-15   5.6121875e-01   5.6121875e-01
   9.0000000e+00   1.4000000e+01   4.5187540e-15   5.6025000e-01   5.6025000e-01
   1.0000000e+01   1.4000000e+01   4.6319564e-15   5.6831250e-01   5.6831250e-01
   1.1000000e+01   1.4000000e+01   4.6249322e-15   5.6793750e-01   5.6793750e-01
   1.2000000e+01   1.4000000e+01   4.4142539e-15   5.5750000e-01   5.5750000e-01
   1.3000000e+01   1.4000000e+01   4.1068649e-15   5.3628125e-01   5.3628125e-01
   1.4000000e+01   1.4000000e+01   4.0388664e-15   5.2171875e-01   5.2171875e-01
   1.5000000e+01   1.4000000e+01   4.0288511e-15   5.3284375e-01   5.3284375e-01
   1.6000000e+01   1.4000000e+01   4.1501584e-15   5.4587500e-01   5.4587500e-01
   1.7000000e+01   1.4000000e+01   4.3700865e-15   5.4237500e-01   5.4237500e-01
   1.8000000e+01   1.4000000e+01   4.6638941e-15   5.8293750e-01   5.8293750e-01
   1.9000000e+01   1.4000000e+01   4.7978576e-15   6.0690625e-01   6.0690625e-01
   2.0000000e+01   1.4000000e+01   4.7617884e-15   6.0971875e-01   6.0971875e-01
   2.1000000e+01   1.4000000e+01   4.6379161e-15   5.9112500e-01   5.9112500e-01
   2.2000000e+01   1.4000000e+01   4.2860485e-15   5.5565625e-01   5.5565625e-01
   2.3000000e+01   1.4000000e+01   4.1853720e-15   5.4434375e-01   5.4434375e-01
   2.4000000e+01   1.4000000e+01   4.2259836e-15   5.5759375e-01   5.5759375e-01
   2.5000000e+01   1.4000000e+01   4.5040173e-15   5.8390625e-01   5.8390625e-01
   2.6000000e+01   1.4000000e+01   4.5463307e-15   5.7175000e-01   5.7175000e-01
   2.7000000e+01   1.4000000e+01   4.5690445e-15   5.6662500e-01   5.6662500e-01
   2.8000000e+01   1.4000000e+01   4.3703434e-15   5.5809375e-01   5.5809375e-01
   2.9000000e+01   1.4000000e+01   4.2839226e-15   5.5784375e-01   5.5784375e-01
   3.0000000e+01   1.4000000e+01   4.0387895e-15   5.3415625e-01   5.3415625e-01
   3.1000000e+01   1.4000000e+01   3.9808540e-15   5.2462500e-01   5.2462500e-01
   3.2000000e+01   1.4000000e+01   4.0530880e-15   5.3359375e-01   5.3359375e-01
   3.3000000e+01   1.4000000e+01   4.2624856e-15   5.5828125e-01   5.5828125e-01
   3.4000000e+01   1.4000000e+01   4.4766880e-15   5.8040625e-01   5.8040625e-01
   3.5000000e+01   1.4000000e+01   4.6464015e-15   6.0312500e-01   6.0312500e-01
   1.0000000e+00   1.5000000e+01   4.4537789e-15   5.8425000e-01   5.8425000e-01
   2.0000000e+00   1.5000000e+01   4.6656244e-15   6.0096875e-01   6.0096875e-01
   3.0000000e+00   1.5000000e+01   4.5833285e-15   5.7171875e-01   5.7171875e-01
   4.0000000e+00   1.5000000e+01   4.6340374e-15   5.7031250e-01   5.7031250e-01
   5.0000000e+00   1.5000000e+01   4.2882322e-15   5.4662500e-01   5.4662500e-01
   6.0000000e+00   1.5000000e+01   4.1278131e-15   5.3259375e-01   5.3259375e-01
   7.0000000e+00   1.5000000e+01   4.2462013e-15   5.4393750e-01   5.4393750e-01
   8.0000000e+00   1.5000000e+01   4.3809772e-15   5.6915625e-01   5.6915625e-01
   9.0000000e+00   1.5000000e+01   4.4611464e-15   5.8275000e-01   5.8275000e-01
   1.0000000e+01   1.5000000e+01   4.3992666e-15   5.8071875e-01   5.8071875e-01
   1.1000000e+01   1.5000000e+01   4.3746917e-15   5.5465625e-01   5.5465625e-01
   1.2000000e+01   1.5000000e+01   4.2738213e-15   5.5040625e-01   5.5040625e-01
   1.3000000e+01   1.5000000e+01   3.9817948e-15   5.3012500e-01   5.3012500e-01
   1.4000000e+01   1.5000000e+01   3.9701813e-15   4.9481250e-01   4.9481250e-01
   1.5000000e+01   1.5000000e+01   4.0794851e-15   5.2715625e-01   5.2715625e-01
   1.6000000e+01   1.5000000e+01   4.1304149e-15   5.4606250e-01   5.4606250e-01
   1.7000000e+01   1.5000000e+01   4.2798352e-15   5.3856250e-01   5.3856250e-01
   1.8000000e+01   1.5000000e+01   4.6953622e-15   5.9287500e-01   5.9287500e-01
   1.9000000e+01   1.5000000e+01   4.6718208e-15   6.0218750e-01   6.0218750e-01
   2.0000000e+01   1.5000000e+01   4.6078013e-15   5.9596875e-01   5.9596875e-01
   2.1000000e+01   1.5000000e+01   4.3238451e-15   5.7131250e-01   5.7131250e-01
   2.2000000e+01   1.5000000e+01   4.3737913e-15   5.3868750e-01   5.3868750e-01
   2.3000000e+01   1.5000000e+01   4.1493041e-15   5.3700000e-01   5.3700000e-01
   2.4000000e+01   1.5000000e+01   4.1487781e-15   5.4787500e-01   5.4787500e-01
   2.5000000e+01   1.5000000e+01   4.3892560e-15   5.6259375e-01   5.6259375e-01
   2.6000000e+01   1.5000000e+01   4.6587216e-15   5.8096875e-01   5.8096875e-01
   2.7000000e+01   1.5000000e+01   4.5320893e-15   5.8759375e-01   5.8759375e-01
   2.8000000e+01   1.5000000e+01   4.3733993e-15   5.7109375e-01   5.7109375e-01
   2.9000000e+01   1.5000000e+01   4.1878451e-15   5.5200000e-01   5.5200000e-01
   3.0000000e+01   1.5000000e+01   4.0885166e-15   5.1056250e-01   5.1056250e-01
   3.1000000e+01   1.5000000e+01   3.9633698e-15   5.2668750e-01   5.2668750e-01
   3.2000000e+01   1.5000000e+01   4.0916576e-15   5.3568750e-01   5.3568750e-01
   3.3000000e+01   1.5000000e+01   4.1814547e-15   5.4581250e-01   5.4581250e-01
   3.4000000e+01   1.5000000e+01   4.5374013e-15   5.5684375e-01   5.5684375e-01
   3.5000000e+01   1.5000000e+01   4.7847228e-15   5.8943750e-01   5.8943750e-01
   1.0000000e+00   1.6000000e+01   4.5040363e-15   5.5481250e-01   5.5481250e-01
   2.0000000e+00   1.6000000e+01   4.6780868e-15   5.6703125e-01   5.6703125e-01
   3.0000000e+00   1.6000000e+01   4.6522774e-15   5.7537500e-01   5.7537500e-01
   4.0000000e+00   1.6000000e+01   4.4334666e-15   5.6575000e-01   5.6575000e-01
   5.0000000e+00   1.6000000e+01   4.0801098e-15   5.3065625e-01   5.3065625e-01
   6.0000000e+00   1.6000000e+01   3.9256860e-15   5.1884375e-01   5.1884375e-01
   7.0000000e+00   1.6000000e+01   4.0994771e-15   5.3293750e-01   5.3293750e-01
   8.0000000e+00   1.6000000e+01   4.3179389e-15   5.4221875e-01   5.4221875e-01
   9.0000000e+00   1.6000000e+01   4.4124349e-15   5.6868750e-01   5.6868750e-01
   1.0000000e+01   1.6000000e+01   4.3724775e-15   5.7643750e-01   5.7643750e-01
   1.1000000e+01   1.6000000e+01   4.3317402e-15   5.4475000e-01   5.4475000e-01
   1.2000000e+01   1.6000000e+01   4.2171198e-15   5.4237500e-01   5.4237500e-01
   1.3000000e+01   1.6000000e+01   4.0329064e-15   5.2362500e-01   5.2362500e-01
   1.4000000e+01   1.6000000e+01   3.8570445e-15   5.1096875e-01   5.1096875e-01
   1.5000000e+01   1.6000000e+01   3.8875665e-15   5.0396875e-01   5.0396875e-01
   1.6000000e+01   1.6000000e+01   4.1809980e-15   5.2071875e-01   5.2071875e-01
   1.7000000e+01   1.6000000e+01   4.3559048e-15   5.5390625e-01   5.5390625e-01
   1.8000000e+01   1.6000000e+01   4.5451199e-15   5.7784375e-01   5.7784375e-01
   1.9000000e+01   1.6000000e+01   4.5967712e-15   5.9062500e-01   5.9062500e-01
   2.0000000e+01   1.6000000e+01   4.5312607e-15   5.8371875e-01   5.8371875e-01
   2.1000000e+01   1.6000000e+01   4.3991108e-15   5.4200000e-01   5.4200000e-01
   2.2000000e+01   1.6000000e+01   4.2210664e-15   5.3346875e-01   5.3346875e-01
   2.3000000e+01   1.6000000e+01   3.9805380e-15   5.2578125e-01   5.2578125e-01
   2.4000000e+01   1.6000000e+01   4.2515485e-15   5.4062500e-01   5.4062500e-01
   2.5000000e+01   1.6000000e+01   4.3242134e-15   5.6618750e-01   5.6618750e-01
   2.6000000e+01   1.6000000e+01   4.5120232e-15   5.6587500e-01   5.6587500e-01
   2.7000000e+01   1.6000000e+01   4.3261638e-15   5.7953125e-01   5.7953125e-01
   2.8000000e+01   1.6000000e+01   4.2989187e-15   5.5512500e-01   5.5512500e-01
   2.9000000e+01   1.6000000e+01   4.1384575e-15   5.4046875e-01   5.4046875e-01
   3.0000000e+01   1.6000000e+01   3.8645555e-15   5.2168750e-01   5.2168750e-01
   3.1000000e+01   1.6000000e+01   3.9764476e-15   5.0087500e-01   5.0087500e-01
   3.2000000e+01   1.6000000e+01   4.0427984e-15   5.2559375e-01   5.2559375e-01
   3.3000000e+01   1.6000000e+01   4.1495462e-15   5.4290625e-01   5.4290625e-01
   3.4000000e+01   1.6000000e+01   4.3986817e-15   5.6796875e-01   5.6796875e-01
   3.5000000e+01   1.6000000e+01   4.6077290e-15   5.9518750e-01   5.9518750e-01
   1.0000000e+00   1.7000000e+01   4.3200950e-15   5.6034375e-01   5.6034375e-01
   2.0000000e+00   1.7000000e+01   4.3846551e-15   5.7181250e-01   5.7181250e-01
   3.0000000e+00   1.7000000e+01   4.3243545e-15   5.4509375e-01   5.4509375e-01
   4.0000000e+00   1.7000000e+01   4.2363949e-15   5.4646875e-01   5.4646875e-01
   5.0000000e+00   1.7000000e+01   3.9424842e-15   5.1925000e-01   5.1925000e-01
   6.0000000e+00   1.7000000e+01   3.8871225e-15   4.9503125e-01   4.9503125e-01
   7.0000000e+00   1.7000000e+01   3.9882832e-15   5.2121875e-01   5.2121875e-01
   8.0000000e+00   1.7000000e+01   4.0844985e-15   5.4384375e-01   5.4384375e-01
   9.0000000e+00   1.7000000e+01   4.2731339e-15   5.3775000e-01   5.3775000e-01
   1.0000000e+01   1.7000000e+01   4.2217795e-15   5.5428125e-01   5.5428125e-01
   1.1000000e+01   1.7000000e+01   4.1146470e-15   5.4606250e-01   5.4606250e-01
   1.2000000e+01   1.7000000e+01   4.0626982e-15   5.2321875e-01   5.2321875e-01
   1.3000000e+01   1.7000000e+01   3.8227919e-15   5.0759375e-01   5.0759375e-01
   1.4000000e+01   1.7000000e+01   3.8560035e-15   4.8443750e-01   4.8443750e-01
   1.5000000e+01   1.7000000e+01   3.7979906e-15   4.9790625e-01   4.9790625e-01
   1.6000000e+01   1.7000000e+01   4.0873701e-15   5.1040625e-01   5.1040625e-01
   1.7000000e+01   1.7000000e+01   4.2475795e-15   5.4315625e-01   5.4315625e-01
   1.8000000e+01   1.7000000e+01   4.5062272e-15   5.5159375e-01   5.5159375e-01
   1.9000000e+01   1.7000000e+01   4.4951947e-15   5.7503125e-01   5.7503125e-01
   2.0000000e+01   1.7000000e+01   4.3439197e-15   5.6375000e-01   5.6375000e-01
   2.1000000e+01   1.7000000e+01   4.2387991e-15   5.4184375e-01   5.4184375e-01
   2.2000000e+01   1.7000000e+01   4.0040957e-15   5.2162500e-01   5.2162500e-01
   2.3000000e+01   1.7000000e+01   3.9950120e-15   5.1384375e-01   5.1384375e-01
   2.4000000e+01   1.7000000e+01   4.2292099e-15   5.3103125e-01   5.3103125e-01
   2.5000000e+01   1.7000000e+01   4.2403834e-15   5.5175000e-01   5.5175000e-01
   2.6000000e+01   1.7000000e+01   4.4350602e-15   5.5087500e-01   5.5087500e-01
   2.7000000e+01   1.7000000e+01   4.3862474e-15   5.6206250e-01   5.6206250e-01
   2.8000000e+01   1.7000000e+01   4.3319808e-15   5.3606250e-01   5.3606250e-01
   2.9000000e+01   1.7000000e+01   4.0819914e-15   5.3034375e-01   5.3034375e-01
   3.0000000e+01   1.7000000e+01   3.8354167e-15   4.8912500e-01   4.8912500e-01
   3.1000000e+01   1.7000000e+01   3.8894624e-15   5.0640625e-01   5.0640625e-01
   3.2000000e+01   1.7000000e+01   3.9644567e-15   5.1756250e-01   5.1756250e-01
   3.3000000e+01   1.7000000e+01   4.2729470e-15   5.2996875e-01   5.2996875e-01
   3.4000000e+01   1.7000000e+01   4.2861087e-15   5.5612500e-01   5.5612500e-01
   3.5000000e+01   1.7000000e+01   4.5100951e-15   5.6387500e-01   5.6387500e-01
   1.0000000e+00   1.8000000e+01   4.0904214e-15   5.4265625e-01   5.4265625e-01
   2.0000000e+00   1.8000000e+01   4.3428277e-15   5.4253125e-01   5.4253125e-01
   3.0000000e+00   1.8000000e+01   4.2767229e-15   5.5243750e-01   5.5243750e-01
   4.0000000e+00   1.8000000e+01   4.1051821e-15   5.3568750e-01   5.3568750e-01
   5.0000000e+00   1.8000000e+01   3.8684423e-15   5.0840625e-01   5.0840625e-01
   6.0000000e+00   1.8000000e+01   3.9463930e-15   5.0296875e-01   5.0296875e-01
   7.0000000e+00   1.8000000e+01   3.9359822e-15   5.1006250e-01   5.1006250e-01
   8.0000000e+00   1.8000000e+01   3.9607868e-15   5.2387500e-01   5.2387500e-01
   9.0000000e+00   1.8000000e+01   4.1819145e-15   5.3812500e-01   5.3812500e-01
   1.0000000e+01   1.8000000e+01   4.1354237e-15   5.4134375e-01   5.4134375e-01
   1.1000000e+01   1.8000000e+01   4.1226526e-15   5.1378125e-01   5.1378125e-01
   1.2000000e+01   1.8000000e+01   3.9616741e-15   5.1118750e-01   5.1118750e-01
   1.3000000e+01   1.8000000e+01   3.6946781e-15   4.8646875e-01   4.8646875e-01
   1.4000000e+01   1.8000000e+01   3.6048254e-15   4.7628125e-01   4.7628125e-01
   1.5000000e+01   1.8000000e+01   3.7173129e-15   4.6831250e-01   4.6831250e-01
   1.6000000e+01   1.8000000e+01   4.0297046e-15   5.1296875e-01   5.1296875e-01
   1.7000000e+01   1.8000000e+01   4.0279318e-15   5.2768750e-01   5.2768750e-01
   1.8000000e+01   1.8000000e+01   4.1916478e-15   5.5246875e-01   5.5246875e-01
   1.9000000e+01   1.8000000e+01   4.2480536e-15   5.5684375e-01   5.5684375e-01
   2.0000000e+01   1.8000000e+01   4.1871797e-15   5.4640625e-01   5.4640625e-01
   2.1000000e+01   1.8000000e+01   4.0679438e-15   5.0346875e-01   5.0346875e-01
   2.2000000e+01   1.8000000e+01   3.9855446e-15   5.0300000e-01   5.0300000e-01
   2.3000000e+01   1.8000000e+01   3.9564896e-15   5.0418750e-01   5.0418750e-01
   2.4000000e+01   1.8000000e+01   3.9706506e-15   5.1718750e-01   5.1718750e-01
   2.5000000e+01   1.8000000e+01   4.0993398e-15   5.3750000e-01   5.3750000e-01
   2.6000000e+01   1.8000000e+01   4.2710941e-15   5.4796875e-01   5.4796875e-01
   2.7000000e+01   1.8000000e+01   4.2634061e-15   5.4603125e-01   5.4603125e-01
   2.8000000e+01   1.8000000e+01   4.0514839e-15   5.3240625e-01   5.3240625e-01
   2.9000000e+01   1.8000000e+01   3.8509351e-15   5.1159375e-01   5.1159375e-01
   3.0000000e+01   1.8000000e+01   3.7053270e-15   4.9078125e-01   4.9078125e-01
   3.1000000e+01   1.8000000e+01   3.6547614e-15   4.9046875e-01   4.9046875e-01
   3.2000000e+01   1.8000000e+01   3.7609429e-15   5.0203125e-01   5.0203125e-01
   3.3000000e+01   1.8000000e+01   3.9723229e-15   5.2593750e-01   5.2593750e-01
   3.4000000e+01   1.8000000e+01   4.1804607e-15   5.4468750e-01   5.4468750e-01
   3.5000000e+01   1.8000000e+01   4.3571194e-15   5.6334375e-01   5.6334375e-01
   1.0000000e+00   1.9000000e+01   4.1411964e-15   5.3365625e-01   5.3365625e-01
   2.0000000e+00   1.9000000e+01   4.2754912e-15   5.4975000e-01   5.4975000e-01
   3.0000000e+00   1.9000000e+01   4.2570723e-15   5.4250000e-01   5.4250000e-01
   4.0000000e+00   1.9000000e+01   4.0948868e-15   5.2731250e-01   5.2731250e-01
   5.0000000e+00   1.9000000e+01   3.8672522e-15   5.0275000e-01   5.0275000e-01
   6.0000000e+00   1.9000000e+01   3.7413579e-15   4.9021875e-01   4.9021875e-01
   7.0000000e+00   1.9000000e+01   3.8756351e-15   5.0484375e-01   5.0484375e-01
   8.0000000e+00   1.9000000e+01   4.0708822e-15   5.2537500e-01   5.2537500e-01
   9.0000000e+00   1.9000000e+01   4.2045952e-15   5.3243750e-01   5.3243750e-01
   1.0000000e+01   1.9000000e+01   4.2746726e-15   5.2512500e-01   5.2512500e-01
   1.1000000e+01   1.9000000e+01   4.1267782e-15   5.0562500e-01   5.0562500e-01
   1.2000000e+01   1.9000000e+01   3.8756146e-15   4.8434375e-01   4.8434375e-01
   1.3000000e+01   1.9000000e+01   3.8000759e-15   4.7356250e-01   4.7356250e-01
   1.4000000e+01   1.9000000e+01   3.5517909e-15   4.6831250e-01   4.6831250e-01
   1.5000000e+01   1.9000000e+01   3.6425855e-15   4.8078125e-01   4.8078125e-01
   1.6000000e+01   1.9000000e+01   3.9745608e-15   4.9431250e-01   4.9431250e-01
   1.7000000e+01   1.9000000e+01   4.0215297e-15   5.2065625e-01   5.2065625e-01
   1.8000000e+01   1.9000000e+01   4.1485912e-15   5.4243750e-01   5.4243750e-01
   1.9000000e+01   1.9000000e+01   4.2864779e-15   5.4078125e-01   5.4078125e-01
   2.0000000e+01   1.9000000e+01   4.1082563e-15   5.3984375e-01   5.3984375e-01
   2.1000000e+01   1.9000000e+01   4.1372810e-15   5.2275000e-01   5.2275000e-01
   2.2000000e+01   1.9000000e+01   3.8084177e-15   5.0109375e-01   5.0109375e-01
   2.3000000e+01   1.9000000e+01   3.8225867e-15   4.8171875e-01   4.8171875e-01
   2.4000000e+01   1.9000000e+01   3.9210573e-15   5.0850000e-01   5.0850000e-01
   2.5000000e+01   1.9000000e+01   3.9766296e-15   5.1221875e-01   5.1221875e-01
   2.6000000e+01   1.9000000e+01   4.2463065e-15   5.3400000e-01   5.3400000e-01
   2.7000000e+01   1.9000000e+01   4.1062445e-15   5.3262500e-01   5.3262500e-01
   2.8000000e+01   1.9000000e+01   4.1386768e-15   5.1500000e-01   5.1500000e-01
   2.9000000e+01   1.9000000e+01   3.8108959e-15   4.8756250e-01   4.8756250e-01
   3.0000000e+01   1.9000000e+01   3.5865598e-15   4.7693750e-01   4.7693750e-01
   3.1000000e+01   1.9000000e+01   3.6529736e-15   4.7200000e-01   4.7200000e-01
   3.2000000e+01   1.9000000e+01   3.6133049e-15   4.8459375e-01   4.8459375e-01
   3.3000000e+01   1.9000000e+01   3.8750048e-15   5.1200000e-01   5.1200000e-01
   3.4000000e+01   1.9000000e+01   3.9616951e-15   5.2203125e-01   5.2203125e-01
   3.5000000e+01   1.9000000e+01   4.1742393e-15   5.4146875e-01   5.4146875e-01
   1.0000000e+00   2.0000000e+01   4.0743667e-15   5.2293750e-01   5.2293750e-01
   2.0000000e+00   2.0000000e+01   4.3355859e-15   5.3418750e-01   5.3418750e-01
   3.0000000e+00   2.0000000e+01   4.1926005e-15   5.3631250e-01   5.3631250e-01
   4.0000000e+00   2.0000000e+01   4.1097896e-15   5.2118750e-01   5.2118750e-01
   5.0000000e+00   2.0000000e+01   3.7558986e-15   4.9825000e-01   4.9825000e-01
   6.0000000e+00   2.0000000e+01   3.8527114e-15   4.9353125e-01   4.9353125e-01
   7.0000000e+00   2.0000000e+01   3.8528987e-15   4.9546875e-01   4.9546875e-01
   8.0000000e+00   2.0000000e+01   4.0008633e-15   5.0718750e-01   5.0718750e-01
   9.0000000e+00   2.0000000e+01   4.0323511e-15   5.1665625e-01   5.1665625e-01
   1.0000000e+01   2.0000000e+01   4.0940711e-15   5.2875000e-01   5.2875000e-01
   1.1000000e+01   2.0000000e+01   3.8823926e-15   5.2146875e-01   5.2146875e-01
   1.2000000e+01   2.0000000e+01   3.7503847e-15   4.9184375e-01   4.9184375e-01
   1.3000000e+01   2.0000000e+01   3.8343038e-15   4.7800000e-01   4.7800000e-01
   1.4000000e+01   2.0000000e+01   3.5768092e-15   4.6587500e-01   4.6587500e-01
   1.5000000e+01   2.0000000e+01   3.6015824e-15   4.7956250e-01   4.7956250e-01
   1.6000000e+01   2.0000000e+01   4.0219413e-15   4.9743750e-01   4.9743750e-01
   1.7000000e+01   2.0000000e+01   3.9860884e-15   5.1909375e-01   5.1909375e-01
   1.8000000e+01   2.0000000e+01   4.1171311e-15   5.3840625e-01   5.3840625e-01
   1.9000000e+01   2.0000000e+01   4.0755700e-15   5.2984375e-01   5.2984375e-01
   2.0000000e+01   2.0000000e+01   4.2551449e-15   5.2856250e-01   5.2856250e-01
   2.1000000e+01   2.0000000e+01   3.9108398e-15   5.1056250e-01   5.1056250e-01
   2.2000000e+01   2.0000000e+01   3.8752747e-15   4.9506250e-01   4.9506250e-01
   2.3000000e+01   2.0000000e+01   3.7347043e-15   4.9343750e-01   4.9343750e-01
   2.4000000e+01   2.0000000e+01   3.9169279e-15   5.0321875e-01   5.0321875e-01
   2.5000000e+01   2.0000000e+01   4.0806071e-15   5.0890625e-01   5.0890625e-01
   2.6000000e+01   2.0000000e+01   4.1762409e-15   5.2684375e-01   5.2684375e-01
   2.7000000e+01   2.0000000e+01   4.1398158e-15   5.3259375e-01   5.3259375e-01
   2.8000000e+01   2.0000000e+01   3.8955439e-15   5.1128125e-01   5.1128125e-01
   2.9000000e+01   2.0000000e+01   3.8368815e-15   4.9587500e-01   4.9587500e-01
   3.0000000e+01   2.0000000e+01   3.5810439e-15   4.7703125e-01   4.7703125e-01
   3.1000000e+01   2.0000000e+01   3.5363919e-15   4.6131250e-01   4.6131250e-01
   3.2000000e+01   2.0000000e+01   3.7872774e-15   4.8565625e-01   4.8565625e-01
   3.3000000e+01   2.0000000e+01   3.8017992e-15   5.0975000e-01   5.0975000e-01
   3.4000000e+01   2.0000000e+01   4.0016168e-15   5.1303125e-01   5.1303125e-01
   3.5000000e+01   2.0000000e+01   4.2088974e-15   5.4409375e-01   5.4409375e-01
   1.0000000e+00   2.1000000e+01   4.2989469e-15   5.4146875e-01   5.4146875e-01
   2.0000000e+00   2.1000000e+01   4.3208514e-15   5.5434375e-01   5.5434375e-01
   3.0000000e+00   2.1000000e+01   4.1254894e-15   5.4196875e-01   5.4196875e-01
   4.0000000e+00   2.1000000e+01   4.0634688e-15   5.1350000e-01   5.1350000e-01
   5.0000000e+00   2.1000000e+01   3.9128616e-15   4.9887500e-01   4.9887500e-01
   6.0000000e+00   2.1000000e+01   3.8466781e-15   4.9740625e-01   4.9740625e-01
   7.0000000e+00   2.1000000e+01   3.8988197e-15   5.0943750e-01   5.0943750e-01
   8.0000000e+00   2.1000000e+01   3.8572378e-15   5.1412500e-01   5.1412500e-01
   9.0000000e+00   2.1000000e+01   4.1418272e-15   5.1765625e-01   5.1765625e-01
   1.0000000e+01   2.1000000e+01   3.9798697e-15   5.1525000e-01   5.1525000e-01
   1.1000000e+01   2.1000000e+01   4.1878003e-15   5.1421875e-01   5.1421875e-01
   1.2000000e+01   2.1000000e+01   3.7733123e-15   5.0181250e-01   5.0181250e-01
   1.3000000e+01   2.1000000e+01   3.7408334e-15   4.8434375e-01   4.8434375e-01
   1.4000000e+01   2.1000000e+01   3.5157715e-15   4.6834375e-01   4.6834375e-01
   1.5000000e+01   2.1000000e+01   3.6644526e-15   4.7987500e-01   4.7987500e-01
   1.6000000e+01   2.1000000e+01   3.8024018e-15   4.9406250e-01   4.9406250e-01
   1.7000000e+01   2.1000000e+01   4.1711260e-15   5.1875000e-01   5.1875000e-01
   1.8000000e+01   2.1000000e+01   4.1261056e-15   5.3771875e-01   5.3771875e-01
   1.9000000e+01   2.1000000e+01   4.2524406e-15   5.3962500e-01   5.3962500e-01
   2.0000000e+01   2.1000000e+01   4.0769675e-15   5.3753125e-01   5.3753125e-01
   2.1000000e+01   2.1000000e+01   4.0042196e-15   5.1484375e-01   5.1484375e-01
   2.2000000e+01   2.1000000e+01   3.7063520e-15   4.8562500e-01   4.8562500e-01
   2.3000000e+01   2.1000000e+01   3.7902053e-15   4.8059375e-01   4.8059375e-01
   2.4000000e+01   2.1000000e+01   3.9333451e-15   4.9637500e-01   4.9637500e-01
   2.5000000e+01   2.1000000e+01   4.0553987e-15   5.2168750e-01   5.2168750e-01
   2.6000000e+01   2.1000000e+01   3.9341273e-15   5.1840625e-01   5.1840625e-01
   2.7000000e+01   2.1000000e+01   4.0777688e-15   5.2837500e-01   5.2837500e-01
   2.8000000e+01   2.1000000e+01   3.9241506e-15   5.1059375e-01   5.1059375e-01
   2.9000000e+01   2.1000000e+01   3.8036044e-15   4.8375000e-01   4.8375000e-01
   3.0000000e+01   2.1000000e+01   3.7993093e-15   4.7312500e-01   4.7312500e-01
   3.1000000e+01   2.1000000e+01   3.6061875e-15   4.7093750e-01   4.7093750e-01
   3.2000000e+01   2.1000000e+01   3.7199250e-15   4.8540625e-01   4.8540625e-01
   3.3000000e+01   2.1000000e+01   3.8146511e-15   5.0159375e-01   5.0159375e-01
   3.4000000e+01   2.1000000e+01   4.0673950e-15   5.2715625e-01   5.2715625e-01
   3.5000000e+01   2.1000000e+01   4.1455410e-15   5.3809375e-01   5.3809375e-01
   1.0000000e+00   2.2000000e+01   4.1478586e-15   5.4287500e-01   5.4287500e-01
   2.0000000e+00   2.2000000e+01   4.3369822e-15   5.4321875e-01   5.4321875e-01
   3.0000000e+00   2.2000000e+01   4.2487400e-15   5.4987500e-01   5.4987500e-01
   4.0000000e+00   2.2000000e+01   4.1658124e-15   5.2315625e-01   5.2315625e-01
   5.0000000e+00   2.2000000e+01   3.8819480e-15   5.0878125e-01   5.0878125e-01
   6.0000000e+00   2.2000000e+01   3.9341069e-15   4.9121875e-01   4.9121875e-01
   7.0000000e+00   2.2000000e+01   3.9649501e-15   5.0834375e-01   5.0834375e-01
   8.0000000e+00   2.2000000e+01   4.0413036e-15   5.2262500e-01   5.2262500e-01
   9.0000000e+00   2.2000000e+01   4.2508112e-15   5.2640625e-01   5.2640625e-01
   1.0000000e+01   2.2000000e+01   4.0948927e-15   5.2931250e-01   5.2931250e-01
   1.1000000e+01   2.2000000e+01   4.1201001e-15   5.1365625e-01   5.1365625e-01
   1.2000000e+01   2.2000000e+01   3.9253611e-15   5.0987500e-01   5.0987500e-01
   1.3000000e+01   2.2000000e+01   3.6808875e-15   4.7696875e-01   4.7696875e-01
   1.4000000e+01   2.2000000e+01   3.6570718e-15   4.7893750e-01   4.7893750e-01
   1.5000000e+01   2.2000000e+01   3.6525584e-15   4.8321875e-01   4.8321875e-01
   1.6000000e+01   2.2000000e+01   3.8386571e-15   5.0653125e-01   5.0653125e-01
   1.7000000e+01   2.2000000e+01   3.9715765e-15   5.2681250e-01   5.2681250e-01
   1.8000000e+01   2.2000000e+01   4.1424495e-15   5.4137500e-01   5.4137500e-01
   1.9000000e+01   2.2000000e+01   4.0871348e-15   5.4368750e-01   5.4368750e-01
   2.0000000e+01   2.2000000e+01   4.2634696e-15   5.4121875e-01   5.4121875e-01
   2.1000000e+01   2.2000000e+01   3.8844821e-15   5.1487500e-01   5.1487500e-01
   2.2000000e+01   2.2000000e+01   3.9786104e-15   4.9681250e-01   4.9681250e-01
   2.3000000e+01   2.2000000e+01   3.7322980e-15   4.9478125e-01   4.9478125e-01
   2.4000000e+01   2.2000000e+01   3.8781204e-15   5.0243750e-01   5.0243750e-01
   2.5000000e+01   2.2000000e+01   3.9149311e-15   5.1800000e-01   5.1800000e-01
   2.6000000e+01   2.2000000e+01   4.0804451e-15   5.2565625e-01   5.2565625e-01
   2.7000000e+01   2.2000000e+01   3.9683094e-15   5.1600000e-01   5.1600000e-01
   2.8000000e+01   2.2000000e+01   3.9983582e-15   5.2156250e-01   5.2156250e-01
   2.9000000e+01   2.2000000e+01   3.8073189e-15   4.9362500e-01   4.9362500e-01
   3.0000000e+01   2.2000000e+01   3.5914217e-15   4.7925000e-01   4.7925000e-01
   3.1000000e+01   2.2000000e+01   3.6422633e-15   4.6721875e-01   4.6721875e-01
   3.2000000e+01   2.2000000e+01   3.6323328e-15   4.8659375e-01   4.8659375e-01
   3.3000000e+01   2.2000000e+01   3.9457578e-15   5.1100000e-01   5.1100000e-01
   3.4000000e+01   2.2000000e+01   4.1100960e-15   5.1209375e-01   5.1209375e-01
   3.5000000e+01   2.2000000e+01   4.0985072e-15   5.3775000e-01   5.3775000e-01
   1.0000000e+00   2.3000000e+01   4.2583257e-15   5.6018750e-01   5.6018750e-01
   2.0000000e+00   2.3000000e+01   4.2978058e-15   5.6481250e-01   5.6481250e-01
   3.0000000e+00   2.3000000e+01   4.2449449e-15   5.5831250e-01   5.5831250e-01
   4.0000000e+00   2.3000000e+01   4.2262352e-15   5.4046875e-01   5.4046875e-01
   5.0000000e+00   2.3000000e+01   3.9476256e-15   5.0784375e-01   5.0784375e-01
   6.0000000e+00   2.3000000e+01   3.8591889e-15   5.0800000e-01   5.0800000e-01
   7.0000000e+00   2.3000000e+01   3.9317330e-15   5.1603125e-01   5.1603125e-01
   8.0000000e+00   2.3000000e+01   3.9924865e-15   5.1303125e-01   5.1303125e-01
   9.0000000e+00   2.3000000e+01   4.0870885e-15   5.3575000e-01   5.3575000e-01
   1.0000000e+01   2.3000000e+01   4.2453602e-15   5.2715625e-01   5.2715625e-01
   1.1000000e+01   2.3000000e+01   3.9809093e-15   5.2759375e-01   5.2759375e-01
   1.2000000e+01   2.3000000e+01   3.9618237e-15   5.1034375e-01   5.1034375e-01
   1.3000000e+01   2.3000000e+01   3.9279946e-15   4.8968750e-01   4.8968750e-01
   1.4000000e+01   2.3000000e+01   3.6271081e-15   4.6493750e-01   4.6493750e-01
   1.5000000e+01   2.3000000e+01   3.7762075e-15   4.9375000e-01   4.9375000e-01
   1.6000000e+01   2.3000000e+01   3.9029941e-15   5.1668750e-01   5.1668750e-01
   1.7000000e+01   2.3000000e+01   4.1427067e-15   5.3778125e-01   5.3778125e-01
   1.8000000e+01   2.3000000e+01   4.3679237e-15   5.5525000e-01   5.5525000e-01
   1.9000000e+01   2.3000000e+01   4.3402450e-15   5.3625000e-01   5.3625000e-01
   2.0000000e+01   2.3000000e+01   4.1995665e-15   5.4850000e-01   5.4850000e-01
   2.1000000e+01   2.3000000e+01   3.9881381e-15   5.2387500e-01   5.2387500e-01
   2.2000000e+01   2.3000000e+01   3.8769503e-15   5.0696875e-01   5.0696875e-01
   2.3000000e+01   2.3000000e+01   3.8706831e-15   5.0006250e-01   5.0006250e-01
   2.4000000e+01   2.3000000e+01   4.0297141e-15   5.1615625e-01   5.1615625e-01
   2.5000000e+01   2.3000000e+01   4.0986779e-15   5.0937500e-01   5.0937500e-01
   2.6000000e+01   2.3000000e+01   3.9967791e-15   5.1790625e-01   5.1790625e-01
   2.7000000e+01   2.3000000e+01   4.0021358e-15   5.2896875e-01   5.2896875e-01
   2.8000000e+01   2.3000000e+01   3.9331559e-15   5.1675000e-01   5.1675000e-01
   2.9000000e+01   2.3000000e+01   3.7843390e-15   5.0209375e-01   5.0209375e-01
   3.0000000e+01   2.3000000e+01   3.7488939e-15   4.8293750e-01   4.8293750e-01
   3.1000000e+01   2.3000000e+01   3.6498224e-15   4.7871875e-01   4.7871875e-01
   3.2000000e+01   2.3000000e+01   3.8162021e-15   4.8965625e-01   4.8965625e-01
   3.3000000e+01   2.3000000e+01   4.0839600e-15   5.1268750e-01   5.1268750e-01
   3.4000000e+01   2.3000000e+01   4.2432651e-15   5.2546875e-01   5.2546875e-01
   3.5000000e+01   2.3000000e+01   4.2088137e-15   5.3328125e-01   5.3328125e-01
   1.0000000e+00   2.4000000e+01   4.3470601e-15   5.6346875e-01   5.6346875e-01
   2.0000000e+00   2.4000000e+01   4.4350288e-15   5.7218750e-01   5.7218750e-01
   3.0000000e+00   2.4000000e+01   4.3327554e-15   5.4571875e-01   5.4571875e-01
   4.0000000e+00   2.4000000e+01   4.4240812e-15   5.4521875e-01   5.4521875e-01
   5.0000000e+00   2.4000000e+01   4.1626797e-15   5.1937500e-01   5.1937500e-01
   6.0000000e+00   2.4000000e+01   3.9945683e-15   5.0087500e-01   5.0087500e-01
   7.0000000e+00   2.4000000e+01   3.9971574e-15   5.2900000e-01   5.2900000e-01
   8.0000000e+00   2.4000000e+01   4.1430595e-15   5.3706250e-01   5.3706250e-01
   9.0000000e+00   2.4000000e+01   4.1981676e-15   5.4337500e-01   5.4337500e-01
   1.0000000e+01   2.4000000e+01   4.1536936e-15   5.4456250e-01   5.4456250e-01
   1.1000000e+01   2.4000000e+01   4.0441669e-15   5.3065625e-01   5.3065625e-01
   1.2000000e+01   2.4000000e+01   4.0187088e-15   5.2034375e-01   5.2034375e-01
   1.3000000e+01   2.4000000e+01   4.0202035e-15   5.0190625e-01   5.0190625e-01
   1.4000000e+01   2.4000000e+01   3.8851565e-15   4.8975000e-01   4.8975000e-01
   1.5000000e+01   2.4000000e+01   3.9398269e-15   4.9143750e-01   4.9143750e-01
   1.6000000e+01   2.4000000e+01   4.1454946e-15   5.1781250e-01   5.1781250e-01
   1.7000000e+01   2.4000000e+01   4.2355949e-15   5.4237500e-01   5.4237500e-01
   1.8000000e+01   2.4000000e+01   4.4683638e-15   5.6800000e-01   5.6800000e-01
   1.9000000e+01   2.4000000e+01   4.5509732e-15   5.6765625e-01   5.6765625e-01
   2.0000000e+01   2.4000000e+01   4.3430986e-15   5.3390625e-01   5.3390625e-01
   2.1000000e+01   2.4000000e+01   4.0981457e-15   5.1987500e-01   5.1987500e-01
   2.2000000e+01   2.4000000e+01   3.8467235e-15   4.9700000e-01   4.9700000e-01
   2.3000000e+01   2.4000000e+01   3.8211410e-15   4.9950000e-01   4.9950000e-01
   2.4000000e+01   2.4000000e+01   3.9480952e-15   5.2134375e-01   5.2134375e-01
   2.5000000e+01   2.4000000e+01   4.0726796e-15   5.3662500e-01   5.3662500e-01
   2.6000000e+01   2.4000000e+01   4.0646676e-15   5.3481250e-01   5.3481250e-01
   2.7000000e+01   2.4000000e+01   4.1726158e-15   5.3637500e-01   5.3637500e-01
   2.8000000e+01   2.4000000e+01   4.0449627e-15   5.2621875e-01   5.2621875e-01
   2.9000000e+01   2.4000000e+01   3.9888033e-15   5.0328125e-01   5.0328125e-01
   3.0000000e+01   2.4000000e+01   3.8303071e-15   4.7834375e-01   4.7834375e-01
   3.1000000e+01   2.4000000e+01   3.6054397e-15   4.6831250e-01   4.6831250e-01
   3.2000000e+01   2.4000000e+01   3.8958390e-15   5.0493750e-01   5.0493750e-01
   3.3000000e+01   2.4000000e+01   3.8990857e-15   5.2225000e-01   5.2225000e-01
   3.4000000e+01   2.4000000e+01   4.0890434e-15   5.4484375e-01   5.4484375e-01
   3.5000000e+01   2.4000000e+01   4.3863327e-15   5.5946875e-01   5.5946875e-01
   1.0000000e+00   2.5000000e+01   4.5158191e-15   5.6590625e-01   5.6590625e-01
   2.0000000e+00   2.5000000e+01   4.4531863e-15   5.6646875e-01   5.6646875e-01
   3.0000000e+00   2.5000000e+01   4.5114151e-15   5.6437500e-01   5.6437500e-01
   4.0000000e+00   2.5000000e+01   4.4418695e-15   5.4496875e-01   5.4496875e-01
   5.0000000e+00   2.5000000e+01   4.1846571e-15   5.2996875e-01   5.2996875e-01
   6.0000000e+00   2.5000000e+01   4.0465448e-15   5.2118750e-01   5.2118750e-01
   7.0000000e+00   2.5000000e+01   4.1217914e-15   5.3428125e-01   5.3428125e-01
   8.0000000e+00   2.5000000e+01   4.1222846e-15   5.4640625e-01   5.4640625e-01
   9.0000000e+00   2.5000000e+01   4.3513025e-15   5.5418750e-01   5.5418750e-01
   1.0000000e+01   2.5000000e+01   4.3932466e-15   5.4656250e-01   5.4656250e-01
   1.1000000e+01   2.5000000e+01   4.1554686e-15   5.2612500e-01   5.2612500e-01
   1.2000000e+01   2.5000000e+01   4.1088217e-15   5.2831250e-01   5.2831250e-01
   1.3000000e+01   2.5000000e+01   3.8214724e-15   5.0815625e-01   5.0815625e-01
   1.4000000e+01   2.5000000e+01   3.8780117e-15   5.0296875e-01   5.0296875e-01
   1.5000000e+01   2.5000000e+01   3.9733083e-15   5.0784375e-01   5.0784375e-01
   1.6000000e+01   2.5000000e+01   4.1734175e-15   5.1937500e-01   5.1937500e-01
   1.7000000e+01   2.5000000e+01   4.1261122e-15   5.5000000e-01   5.5000000e-01
   1.8000000e+01   2.5000000e+01   4.3575246e-15   5.7918750e-01   5.7918750e-01
   1.9000000e+01   2.5000000e+01   4.4335543e-15   5.7743750e-01   5.7743750e-01
   2.0000000e+01   2.5000000e+01   4.2871480e-15   5.6690625e-01   5.6690625e-01
   2.1000000e+01   2.5000000e+01   4.1512537e-15   5.4453125e-01   5.4453125e-01
   2.2000000e+01   2.5000000e+01   4.0082965e-15   5.2393750e-01   5.2393750e-01
   2.3000000e+01   2.5000000e+01   3.9023164e-15   5.1665625e-01   5.1665625e-01
   2.4000000e+01   2.5000000e+01   4.0883261e-15   5.2912500e-01   5.2912500e-01
   2.5000000e+01   2.5000000e+01   4.2005243e-15   5.4231250e-01   5.4231250e-01
   2.6000000e+01   2.5000000e+01   4.2221514e-15   5.4859375e-01   5.4859375e-01
   2.7000000e+01   2.5000000e+01   4.3689645e-15   5.4243750e-01   5.4243750e-01
   2.8000000e+01   2.5000000e+01   4.1333754e-15   5.1603125e-01   5.1603125e-01
   2.9000000e+01   2.5000000e+01   3.9213282e-15   5.1303125e-01   5.1303125e-01
   3.0000000e+01   2.5000000e+01   3.7815748e-15   4.9718750e-01   4.9718750e-01
   3.1000000e+01   2.5000000e+01   3.8432932e-15   4.9890625e-01   4.9890625e-01
   3.2000000e+01   2.5000000e+01   3.9873519e-15   5.0734375e-01   5.0734375e-01
   3.3000000e+01   2.5000000e+01   4.1558139e-15   5.1606250e-01   5.1606250e-01
   3.4000000e+01   2.5000000e+01   4.2707682e-15   5.5915625e-01   5.5915625e-01
   3.5000000e+01   2.5000000e+01   4.4317392e-15   5.7765625e-01   5.7765625e-01
   1.0000000e+00   2.6000000e+01   4.4551596e-15   5.7228125e-01   5.7228125e-01
   2.0000000e+00   2.6000000e+01   4.5448867e-15   5.8150000e-01   5.8150000e-01
   3.0000000e+00   2.6000000e+01   4.4689767e-15   5.7984375e-01   5.7984375e-01
   4.0000000e+00   2.6000000e+01   4.3899525e-15   5.5587500e-01   5.5587500e-01
   5.0000000e+00   2.6000000e+01   4.1635178e-15   5.1421875e-01   5.1421875e-01
   6.0000000e+00   2.6000000e+01   3.9634050e-15   5.1362500e-01   5.1362500e-01
   7.0000000e+00   2.6000000e+01   4.1457504e-15   5.3465625e-01   5.3465625e-01
   8.0000000e+00   2.6000000e+01   4.1881758e-15   5.4331250e-01   5.4331250e-01
   9.0000000e+00   2.6000000e+01   4.3342518e-15   5.4178125e-01   5.4178125e-01
   1.0000000e+01   2.6000000e+01   4.3517803e-15   5.4646875e-01   5.4646875e-01
   1.1000000e+01   2.6000000e+01   4.3594597e-15   5.4400000e-01   5.4400000e-01
   1.2000000e+01   2.6000000e+01   4.1436924e-15   5.3106250e-01   5.3106250e-01
   1.3000000e+01   2.6000000e+01   4.0002861e-15   5.1706250e-01   5.1706250e-01
   1.4000000e+01   2.6000000e+01   3.8978517e-15   5.0975000e-01   5.0975000e-01
   1.5000000e+01   2.6000000e+01   3.9951421e-15   5.1743750e-01   5.1743750e-01
   1.6000000e+01   2.6000000e+01   4.1769768e-15   5.4171875e-01   5.4171875e-01
   1.7000000e+01   2.6000000e+01   4.3064845e-15   5.5571875e-01   5.5571875e-01
   1.8000000e+01   2.6000000e+01   4.4098904e-15   5.7312500e-01   5.7312500e-01
   1.9000000e+01   2.6000000e+01   4.5924997e-15   5.8184375e-01   5.8184375e-01
   2.0000000e+01   2.6000000e+01   4.5130536e-15   5.7012500e-01   5.7012500e-01
   2.1000000e+01   2.6000000e+01   4.2724403e-15   5.4287500e-01   5.4287500e-01
   2.2000000e+01   2.6000000e+01   4.1377399e-15   5.2543750e-01   5.2543750e-01
   2.3000000e+01   2.6000000e+01   4.0340835e-15   5.2103125e-01   5.2103125e-01
   2.4000000e+01   2.6000000e+01   4.1109677e-15   5.3450000e-01   5.3450000e-01
   2.5000000e+01   2.6000000e+01   4.2396027e-15   5.4321875e-01   5.4321875e-01
   2.6000000e+01   2.6000000e+01   4.3854165e-15   5.3921875e-01   5.3921875e-01
   2.7000000e+01   2.6000000e+01   4.2251452e-15   5.4659375e-01   5.4659375e-01
   2.8000000e+01   2.6000000e+01   4.0781702e-15   5.3625000e-01   5.3625000e-01
   2.9000000e+01   2.6000000e+01   3.9996546e-15   5.1940625e-01   5.1940625e-01
   3.0000000e+01   2.6000000e+01   3.8776628e-15   5.0121875e-01   5.0121875e-01
   3.1000000e+01   2.6000000e+01   3.9354003e-15   4.9956250e-01   4.9956250e-01
   3.2000000e+01   2.6000000e+01   3.9292944e-15   4.9865625e-01   4.9865625e-01
   3.3000000e+01   2.6000000e+01   4.1242634e-15   5.3946875e-01   5.3946875e-01
   3.4000000e+01   2.6000000e+01   4.2153099e-15   5.6075000e-01   5.6075000e-01
   3.5000000e+01   2.6000000e+01   4.4547550e-15   5.8268750e-01   5.8268750e-01
   1.0000000e+00   2.7000000e+01   4.4850409e-15   5.8187500e-01   5.8187500e-01
   2.0000000e+00   2.7000000e+01   4.5110961e-15   5.8931250e-01   5.8931250e-01
   3.0000000e+00   2.7000000e+01   4.5132651e-15   5.7906250e-01   5.7906250e-01
   4.0000000e+00   2.7000000e+01   4.4735101e-15   5.4906250e-01   5.4906250e-01
   5.0000000e+00   2.7000000e+01   3.9679713e-15   5.3021875e-01   5.3021875e-01
   6.0000000e+00   2.7000000e+01   4.0093820e-15   5.2721875e-01   5.2721875e-01
   7.0000000e+00   2.7000000e+01   4.1356774e-15   5.3709375e-01   5.3709375e-01
   8.0000000e+00   2.7000000e+01   4.2821555e-15   5.5559375e-01   5.5559375e-01
   9.0000000e+00   2.7000000e+01   4.3144042e-15   5.6503125e-01   5.6503125e-01
   1.0000000e+01   2.7000000e+01   4.4129967e-15   5.6806250e-01   5.6806250e-01
   1.1000000e+01   2.7000000e+01   4.2906089e-15   5.5231250e-01   5.5231250e-01
   1.2000000e+01   2.7000000e+01   4.2300544e-15   5.4168750e-01   5.4168750e-01
   1.3000000e+01   2.7000000e+01   4.0193044e-15   5.2231250e-01   5.2231250e-01
   1.4000000e+01   2.7000000e+01   3.9761735e-15   5.1312500e-01   5.1312500e-01
   1.5000000e+01   2.7000000e+01   4.0397272e-15   5.2318750e-01   5.2318750e-01
   1.6000000e+01   2.7000000e+01   4.2055349e-15   5.4156250e-01   5.4156250e-01
   1.7000000e+01   2.7000000e+01   4.3756133e-15   5.5937500e-01   5.5937500e-01
   1.8000000e+01   2.7000000e+01   4.4653825e-15   5.8106250e-01   5.8106250e-01
   1.9000000e+01   2.7000000e+01   4.4390884e-15   5.8465625e-01   5.8465625e-01
   2.0000000e+01   2.7000000e+01   4.4202131e-15   5.7196875e-01   5.7196875e-01
   2.1000000e+01   2.7000000e+01   4.3173779e-15   5.5315625e-01   5.5315625e-01
   2.2000000e+01   2.7000000e+01   4.0652834e-15   5.3046875e-01   5.3046875e-01
   2.3000000e+01   2.7000000e+01   3.9639905e-15   5.2715625e-01   5.2715625e-01
   2.4000000e+01   2.7000000e+01   4.0496083e-15   5.3687500e-01   5.3687500e-01
   2.5000000e+01   2.7000000e+01   4.2586040e-15   5.5531250e-01   5.5531250e-01
   2.6000000e+01   2.7000000e+01   4.3608386e-15   5.6050000e-01   5.6050000e-01
   2.7000000e+01   2.7000000e+01   4.2829524e-15   5.5687500e-01   5.5687500e-01
   2.8000000e+01   2.7000000e+01   4.2149889e-15   5.4253125e-01   5.4253125e-01
   2.9000000e+01   2.7000000e+01   4.1850826e-15   5.2900000e-01   5.2900000e-01
   3.0000000e+01   2.7000000e+01   4.0625899e-15   5.0540625e-01   5.0540625e-01
   3.1000000e+01   2.7000000e+01   3.8849317e-15   4.9081250e-01   4.9081250e-01
   3.2000000e+01   2.7000000e+01   3.8977753e-15   5.1284375e-01   5.1284375e-01
   3.3000000e+01   2.7000000e+01   4.1664631e-15   5.3956250e-01   5.3956250e-01
   3.4000000e+01   2.7000000e+01   4.3408346e-15   5.6356250e-01   5.6356250e-01
   3.5000000e+01   2.7000000e+01   4.4407120e-15   5.8421875e-01   5.8421875e-01
   1.0000000e+00   2.8000000e+01   4.5329492e-15   5.8975000e-01   5.8975000e-01
   2.0000000e+00   2.8000000e+01   4.6240296e-15   5.9921875e-01   5.9921875e-01
   3.0000000e+00   2.8000000e+01   4.6397419e-15   5.9646875e-01   5.9646875e-01
   4.0000000e+00   2.8000000e+01   4.5051293e-15   5.7371875e-01   5.7371875e-01
   5.0000000e+00   2.8000000e+01   4.3009274e-15   5.3106250e-01   5.3106250e-01
   6.0000000e+00   2.8000000e+01   4.0078615e-15   5.1790625e-01   5.1790625e-01
   7.0000000e+00   2.8000000e+01   4.1588978e-15   5.4537500e-01   5.4537500e-01
   8.0000000e+00   2.8000000e+01   4.2801450e-15   5.6228125e-01   5.6228125e-01
   9.0000000e+00   2.8000000e+01   4.3510629e-15   5.7181250e-01   5.7181250e-01
   1.0000000e+01   2.8000000e+01   4.4071227e-15   5.7250000e-01   5.7250000e-01
   1.1000000e+01   2.8000000e+01   4.3961259e-15   5.6984375e-01   5.6984375e-01
   1.2000000e+01   2.8000000e+01   4.2445967e-15   5.4659375e-01   5.4659375e-01
   1.3000000e+01   2.8000000e+01   4.1150396e-15   5.3040625e-01   5.3040625e-01
   1.4000000e+01   2.8000000e+01   4.0155951e-15   5.2003125e-01   5.2003125e-01
   1.5000000e+01   2.8000000e+01   4.0860615e-15   5.2759375e-01   5.2759375e-01
   1.6000000e+01   2.8000000e+01   4.2446244e-15   5.4850000e-01   5.4850000e-01
   1.7000000e+01   2.8000000e+01   4.3810005e-15   5.6503125e-01   5.6503125e-01
   1.8000000e+01   2.8000000e+01   4.5056229e-15   5.8284375e-01   5.8284375e-01
   1.9000000e+01   2.8000000e+01   4.5566913e-15   5.9265625e-01   5.9265625e-01
   2.0000000e+01   2.8000000e+01   4.4177839e-15   5.8362500e-01   5.8362500e-01
   2.1000000e+01   2.8000000e+01   4.2944203e-15   5.6175000e-01   5.6175000e-01
   2.2000000e+01   2.8000000e+01   4.0924597e-15   5.3337500e-01   5.3337500e-01
   2.3000000e+01   2.8000000e+01   3.9258226e-15   5.2178125e-01   5.2178125e-01
   2.4000000e+01   2.8000000e+01   4.1604911e-15   5.4112500e-01   5.4112500e-01
   2.5000000e+01   2.8000000e+01   4.2819225e-15   5.5962500e-01   5.5962500e-01
   2.6000000e+01   2.8000000e+01   4.4967797e-15   5.5503125e-01   5.5503125e-01
   2.7000000e+01   2.8000000e+01   4.3167406e-15   5.6715625e-01   5.6715625e-01
   2.8000000e+01   2.8000000e+01   4.3190314e-15   5.6034375e-01   5.6034375e-01
   2.9000000e+01   2.8000000e+01   4.1892050e-15   5.3806250e-01   5.3806250e-01
   3.0000000e+01   2.8000000e+01   3.9208428e-15   5.0493750e-01   5.0493750e-01
   3.1000000e+01   2.8000000e+01   3.9137005e-15   5.1446875e-01   5.1446875e-01
   3.2000000e+01   2.8000000e+01   4.1415164e-15   5.1881250e-01   5.1881250e-01
   3.3000000e+01   2.8000000e+01   4.1429126e-15   5.2493750e-01   5.2493750e-01
   3.4000000e+01   2.8000000e+01   4.3610418e-15   5.6528125e-01   5.6528125e-01
   3.5000000e+01   2.8000000e+01   4.5286808e-15   5.8603125e-01   5.8603125e-01
   1.0000000e+00   2.9000000e+01   4.5749223e-15   5.8903125e-01   5.8903125e-01
   2.0000000e+00   2.9000000e+01   4.7957224e-15   6.1400000e-01   6.1400000e-01
   3.0000000e+00   2.9000000e+01   4.6479037e-15   6.0581250e-01   6.0581250e-01
   4.0000000e+00   2.9000000e+01   4.5997839e-15   5.6637500e-01   5.6637500e-01
   5.0000000e+00   2.9000000e+01   4.2341675e-15   5.6056250e-01   5.6056250e-01
   6.0000000e+00   2.9000000e+01   4.1764992e-15   5.4046875e-01   5.4046875e-01
   7.0000000e+00   2.9000000e+01   4.1915506e-15   5.4056250e-01   5.4056250e-01
   8.0000000e+00   2.9000000e+01   4.4031633e-15   5.7178125e-01   5.7178125e-01
   9.0000000e+00   2.9000000e+01   4.6615091e-15   5.8096875e-01   5.8096875e-01
   1.0000000e+01   2.9000000e+01   4.4992827e-15   5.8387500e-01   5.8387500e-01
   1.1000000e+01   2.9000000e+01   4.3494375e-15   5.7331250e-01   5.7331250e-01
   1.2000000e+01   2.9000000e+01   4.4629072e-15   5.5621875e-01   5.5621875e-01
   1.3000000e+01   2.9000000e+01   4.0149455e-15   5.2956250e-01   5.2956250e-01
   1.4000000e+01   2.9000000e+01   4.0308218e-15   5.2112500e-01   5.2112500e-01
   1.5000000e+01   2.9000000e+01   4.2824161e-15   5.2631250e-01   5.2631250e-01
   1.6000000e+01   2.9000000e+01   4.2639869e-15   5.5440625e-01   5.5440625e-01
   1.7000000e+01   2.9000000e+01   4.5055894e-15   5.7031250e-01   5.7031250e-01
   1.8000000e+01   2.9000000e+01   4.5235774e-15   5.7775000e-01   5.7775000e-01
   1.9000000e+01   2.9000000e+01   4.6548268e-15   6.0271875e-01   6.0271875e-01
   2.0000000e+01   2.9000000e+01   4.6857169e-15   5.9681250e-01   5.9681250e-01
   2.1000000e+01   2.9000000e+01   4.4103380e-15   5.4993750e-01   5.4993750e-01
   2.2000000e+01   2.9000000e+01   4.1721999e-15   5.4656250e-01   5.4656250e-01
   2.3000000e+01   2.9000000e+01   4.1067613e-15   5.3118750e-01   5.3118750e-01
   2.4000000e+01   2.9000000e+01   4.2430844e-15   5.4606250e-01   5.4606250e-01
   2.5000000e+01   2.9000000e+01   4.4426968e-15   5.5025000e-01   5.5025000e-01
   2.6000000e+01   2.9000000e+01   4.3902893e-15   5.7765625e-01   5.7765625e-01
   2.7000000e+01   2.9000000e+01   4.4104945e-15   5.7237500e-01   5.7237500e-01
   2.8000000e+01   2.9000000e+01   4.3057034e-15   5.6190625e-01   5.6190625e-01
   2.9000000e+01   2.9000000e+01   4.2576476e-15   5.4712500e-01   5.4712500e-01
   3.0000000e+01   2.9000000e+01   4.1427362e-15   5.2215625e-01   5.2215625e-01
   3.1000000e+01   2.9000000e+01   3.9542842e-15   4.9943750e-01   4.9943750e-01
   3.2000000e+01   2.9000000e+01   4.0200976e-15   5.2825000e-01   5.2825000e-01
   3.3000000e+01   2.9000000e+01   4.1728171e-15   5.4815625e-01   5.4815625e-01
   3.4000000e+01   2.9000000e+01   4.4271614e-15   5.6884375e-01   5.6884375e-01
   3.5000000e+01   2.9000000e+01   4.6313321e-15   5.9359375e-01   5.9359375e-01
   1.0000000e+00   3.0000000e+01   4.7065377e-15   5.9081250e-01   5.9081250e-01
   2.0000000e+00   3.0000000e+01   4.9177387e-15   5.9659375e-01   5.9659375e-01
   3.0000000e+00   3.0000000e+01   4.7626966e-15   6.0759375e-01   6.0759375e-01
   4.0000000e+00   3.0000000e+01   4.5566500e-15   5.8887500e-01   5.8887500e-01
   5.0000000e+00   3.0000000e+01   4.3400315e-15   5.6196875e-01   5.6196875e-01
   6.0000000e+00   3.0000000e+01   4.2197905e-15   5.4490625e-01   5.4490625e-01
   7.0000000e+00   3.0000000e+01   4.2603606e-15   5.5493750e-01   5.5493750e-01
   8.0000000e+00   3.0000000e+01   4.4003425e-15   5.6981250e-01   5.6981250e-01
   9.0000000e+00   3.0000000e+01   4.5021553e-15   5.8625000e-01   5.8625000e-01
   1.0000000e+01   3.0000000e+01   4.7594796e-15   5.8993750e-01   5.8993750e-01
   1.1000000e+01   3.0000000e+01   4.5625212e-15   5.6050000e-01   5.6050000e-01
   1.2000000e+01   3.0000000e+01   4.2364047e-15   5.3575000e-01   5.3575000e-01
   1.3000000e+01   3.0000000e+01   4.0835853e-15   5.3393750e-01   5.3393750e-01
   1.4000000e+01   3.0000000e+01   4.0333927e-15   5.2671875e-01   5.2671875e-01
   1.5000000e+01   3.0000000e+01   4.0830557e-15   5.3337500e-01   5.3337500e-01
   1.6000000e+01   3.0000000e+01   4.3854742e-15   5.5565625e-01   5.5565625e-01
   1.7000000e+01   3.0000000e+01   4.4036629e-15   5.6875000e-01   5.6875000e-01
   1.8000000e+01   3.0000000e+01   4.7639881e-15   5.9656250e-01   5.9656250e-01
   1.9000000e+01   3.0000000e+01   4.8612041e-15   6.0693750e-01   6.0693750e-01
   2.0000000e+01   3.0000000e+01   4.7771069e-15   5.9021875e-01   5.9021875e-01
   2.1000000e+01   3.0000000e+01   4.4382600e-15   5.5953125e-01   5.5953125e-01
   2.2000000e+01   3.0000000e+01   4.2270232e-15   5.3281250e-01   5.3281250e-01
   2.3000000e+01   3.0000000e+01   4.3294084e-15   5.3778125e-01   5.3778125e-01
   2.4000000e+01   3.0000000e+01   4.4324873e-15   5.5521875e-01   5.5521875e-01
   2.5000000e+01   3.0000000e+01   4.4563346e-15   5.6846875e-01   5.6846875e-01
   2.6000000e+01   3.0000000e+01   4.6014617e-15   5.8553125e-01   5.8553125e-01
   2.7000000e+01   3.0000000e+01   4.6081934e-15   5.8337500e-01   5.8337500e-01
   2.8000000e+01   3.0000000e+01   4.4781191e-15   5.6546875e-01   5.6546875e-01
   2.9000000e+01   3.0000000e+01   4.2418371e-15   5.2796875e-01   5.2796875e-01
   3.0000000e+01   3.0000000e+01   3.9499425e-15   5.1434375e-01   5.1434375e-01
   3.1000000e+01   3.0000000e+01   3.9495171e-15   5.2159375e-01   5.2159375e-01
   3.2000000e+01   3.0000000e+01   4.0300462e-15   5.3034375e-01   5.3034375e-01
   3.3000000e+01   3.0000000e+01   4.1568551e-15   5.3393750e-01   5.3393750e-01
   3.4000000e+01   3.0000000e+01   4.5507160e-15   5.7253125e-01   5.7253125e-01
   3.5000000e+01   3.0000000e+01   4.7170497e-15   6.0659375e-01   6.0659375e-01
   1.0000000e+00   3.1000000e+01   4.5824747e-15   5.9031250e-01   5.9031250e-01
   2.0000000e+00   3.1000000e+01   4.6017121e-15   6.0659375e-01   6.0659375e-01
   3.0000000e+00   3.1000000e+01   4.6727809e-15   6.1131250e-01   6.1131250e-01
   4.0000000e+00   3.1000000e+01   4.4756458e-15   5.8728125e-01   5.8728125e-01
   5.0000000e+00   3.1000000e+01   4.2662318e-15   5.5825000e-01   5.5825000e-01
   6.0000000e+00   3.1000000e+01   4.0965540e-15   5.4084375e-01   5.4084375e-01
   7.0000000e+00   3.1000000e+01   4.2082464e-15   5.4993750e-01   5.4993750e-01
   8.0000000e+00   3.1000000e+01   4.3389946e-15   5.7606250e-01   5.7606250e-01
   9.0000000e+00   3.1000000e+01   4.4761325e-15   5.8490625e-01   5.8490625e-01
   1.0000000e+01   3.1000000e+01   4.5623600e-15   5.8690625e-01   5.8690625e-01
   1.1000000e+01   3.1000000e+01   4.4438728e-15   5.7940625e-01   5.7940625e-01
   1.2000000e+01   3.1000000e+01   4.3029958e-15   5.5568750e-01   5.5568750e-01
   1.3000000e+01   3.1000000e+01   4.1616692e-15   5.3428125e-01   5.3428125e-01
   1.4000000e+01   3.1000000e+01   4.1416210e-15   5.2312500e-01   5.2312500e-01
   1.5000000e+01   3.1000000e+01   4.1315263e-15   5.1459375e-01   5.1459375e-01
   1.6000000e+01   3.1000000e+01   4.2605965e-15   5.4650000e-01   5.4650000e-01
   1.7000000e+01   3.1000000e+01   4.4404203e-15   5.7709375e-01   5.7709375e-01
   1.8000000e+01   3.1000000e+01   4.5305638e-15   5.9253125e-01   5.9253125e-01
   1.9000000e+01   3.1000000e+01   4.7886500e-15   6.1493750e-01   6.1493750e-01
   2.0000000e+01   3.1000000e+01   4.6975448e-15   6.0762500e-01   6.0762500e-01
   2.1000000e+01   3.1000000e+01   4.5664050e-15   5.7678125e-01   5.7678125e-01
   2.2000000e+01   3.1000000e+01   4.3743270e-15   5.3959375e-01   5.3959375e-01
   2.3000000e+01   3.1000000e+01   4.1283005e-15   5.3100000e-01   5.3100000e-01
   2.4000000e+01   3.1000000e+01   4.2673762e-15   5.6043750e-01   5.6043750e-01
   2.5000000e+01   3.1000000e+01   4.5197779e-15   5.8140625e-01   5.8140625e-01
   2.6000000e+01   3.1000000e+01   4.4806389e-15   5.8796875e-01   5.8796875e-01
   2.7000000e+01   3.1000000e+01   4.4780183e-15   5.8812500e-01   5.8812500e-01
   2.8000000e+01   3.1000000e+01   4.3898099e-15   5.7037500e-01   5.7037500e-01
   2.9000000e+01   3.1000000e+01   4.2503750e-15   5.4596875e-01   5.4596875e-01
   3.0000000e+01   3.1000000e+01   4.0260618e-15   5.2956250e-01   5.2956250e-01
   3.1000000e+01   3.1000000e+01   3.9996127e-15   5.2431250e-01   5.2431250e-01
   3.2000000e+01   3.1000000e+01   4.0773950e-15   5.3434375e-01   5.3434375e-01
   3.3000000e+01   3.1000000e+01   4.3114409e-15   5.5215625e-01   5.5215625e-01
   3.4000000e+01   3.1000000e+01   4.5190136e-15   5.7831250e-01   5.7831250e-01
   3.5000000e+01   3.1000000e+01   4.7403677e-15   6.1031250e-01   6.1031250e-01
   1.0000000e+00   3.2000000e+01   4.5541936e-15   5.8615625e-01   5.8615625e-01
   2.0000000e+00   3.2000000e+01   4.6915873e-15   6.0381250e-01   6.0381250e-01
   3.0000000e+00   3.2000000e+01   4.7284044e-15   6.0331250e-01   6.0331250e-01
   4.0000000e+00   3.2000000e+01   4.4290076e-15   5.6953125e-01   5.6953125e-01
   5.0000000e+00   3.2000000e+01   4.4488890e-15   5.4765625e-01   5.4765625e-01
   6.0000000e+00   3.2000000e+01   4.1519656e-15   5.3612500e-01   5.3612500e-01
   7.0000000e+00   3.2000000e+01   4.2050565e-15   5.4453125e-01   5.4453125e-01
   8.0000000e+00   3.2000000e+01   4.4419652e-15   5.6462500e-01   5.6462500e-01
   9.0000000e+00   3.2000000e+01   4.5107084e-15   5.8731250e-01   5.8731250e-01
   1.0000000e+01   3.2000000e+01   4.5059772e-15   5.6853125e-01   5.6853125e-01
   1.1000000e+01   3.2000000e+01   4.4933901e-15   5.7128125e-01   5.7128125e-01
   1.2000000e+01   3.2000000e+01   4.2065678e-15   5.4978125e-01   5.4978125e-01
   1.3000000e+01   3.2000000e+01   4.0931850e-15   5.3312500e-01   5.3312500e-01
   1.4000000e+01   3.2000000e+01   3.9710076e-15   5.1978125e-01   5.1978125e-01
   1.5000000e+01   3.2000000e+01   4.0239809e-15   5.2759375e-01   5.2759375e-01
   1.6000000e+01   3.2000000e+01   4.1862960e-15   5.5021875e-01   5.5021875e-01
   1.7000000e+01   3.2000000e+01   4.3652456e-15   5.6781250e-01   5.6781250e-01
   1.8000000e+01   3.2000000e+01   4.7162671e-15   5.7784375e-01   5.7784375e-01
   1.9000000e+01   3.2000000e+01   4.7586946e-15   6.1103125e-01   6.1103125e-01
   2.0000000e+01   3.2000000e+01   4.6293033e-15   6.0209375e-01   6.0209375e-01
   2.1000000e+01   3.2000000e+01   4.3186562e-15   5.7884375e-01   5.7884375e-01
   2.2000000e+01   3.2000000e+01   4.2732680e-15   5.4756250e-01   5.4756250e-01
   2.3000000e+01   3.2000000e+01   4.2943295e-15   5.3353125e-01   5.3353125e-01
   2.4000000e+01   3.2000000e+01   4.3531564e-15   5.5331250e-01   5.5331250e-01
   2.5000000e+01   3.2000000e+01   4.4356951e-15   5.7953125e-01   5.7953125e-01
   2.6000000e+01   3.2000000e+01   4.4613300e-15   5.8206250e-01   5.8206250e-01
   2.7000000e+01   3.2000000e+01   4.6645260e-15   5.8381250e-01   5.8381250e-01
   2.8000000e+01   3.2000000e+01   4.4962224e-15   5.7465625e-01   5.7465625e-01
   2.9000000e+01   3.2000000e+01   4.1704836e-15   5.4540625e-01   5.4540625e-01
   3.0000000e+01   3.2000000e+01   4.0227406e-15   5.2746875e-01   5.2746875e-01
   3.1000000e+01   3.2000000e+01   3.9923688e-15   5.1693750e-01   5.1693750e-01
   3.2000000e+01   3.2000000e+01   4.1572993e-15   5.1509375e-01   5.1509375e-01
   3.3000000e+01   3.2000000e+01   4.4471721e-15   5.5453125e-01   5.5453125e-01
   3.4000000e+01   3.2000000e+01   4.5082945e-15   5.7840625e-01   5.7840625e-01
   3.5000000e+01   3.2000000e+01   4.6989253e-15   6.0096875e-01   6.0096875e-01
   1.0000000e+00   3.3000000e+01   4.4580712e-15   5.8303125e-01   5.8303125e-01
   2.0000000e+00   3.3000000e+01   4.5644068e-15   5.8315625e-01   5.8315625e-01
   3.0000000e+00   3.3000000e+01   4.6132257e-15   5.8271875e-01   5.8271875e-01
   4.0000000e+00   3.3000000e+01   4.4042842e-15   5.6700000e-01   5.6700000e-01
   5.0000000e+00   3.3000000e+01   4.1307923e-15   5.3887500e-01   5.3887500e-01
   6.0000000e+00   3.3000000e+01   4.0527706e-15   5.3053125e-01   5.3053125e-01
   7.0000000e+00   3.3000000e+01   4.2187877e-15   5.1784375e-01   5.1784375e-01
   8.0000000e+00   3.3000000e+01   4.4264028e-15   5.5571875e-01   5.5571875e-01
   9.0000000e+00   3.3000000e+01   4.3841308e-15   5.7168750e-01   5.7168750e-01
   1.0000000e+01   3.3000000e+01   4.4051316e-15   5.7862500e-01   5.7862500e-01
   1.1000000e+01   3.3000000e+01   4.3709881e-15   5.6762500e-01   5.6762500e-01
   1.2000000e+01   3.3000000e+01   4.3187419e-15   5.2875000e-01   5.2875000e-01
   1.3000000e+01   3.3000000e+01   4.0539217e-15   5.2628125e-01   5.2628125e-01
   1.4000000e+01   3.3000000e+01   3.8421170e-15   5.1353125e-01   5.1353125e-01
   1.5000000e+01   3.3000000e+01   4.0396709e-15   5.0562500e-01   5.0562500e-01
   1.6000000e+01   3.3000000e+01   4.2248198e-15   5.4003125e-01   5.4003125e-01
   1.7000000e+01   3.3000000e+01   4.2616998e-15   5.6056250e-01   5.6056250e-01
   1.8000000e+01   3.3000000e+01   4.4875903e-15   5.8703125e-01   5.8703125e-01
   1.9000000e+01   3.3000000e+01   4.5497708e-15   5.7556250e-01   5.7556250e-01
   2.0000000e+01   3.3000000e+01   4.6416589e-15   5.8953125e-01   5.8953125e-01
   2.1000000e+01   3.3000000e+01   4.3373563e-15   5.6453125e-01   5.6453125e-01
   2.2000000e+01   3.3000000e+01   4.0963435e-15   5.4078125e-01   5.4078125e-01
   2.3000000e+01   3.3000000e+01   4.1080046e-15   5.1787500e-01   5.1787500e-01
   2.4000000e+01   3.3000000e+01   4.2099023e-15   5.4928125e-01   5.4928125e-01
   2.5000000e+01   3.3000000e+01   4.3540990e-15   5.7059375e-01   5.7059375e-01
   2.6000000e+01   3.3000000e+01   4.4207177e-15   5.5878125e-01   5.5878125e-01
   2.7000000e+01   3.3000000e+01   4.5430178e-15   5.8253125e-01   5.8253125e-01
   2.8000000e+01   3.3000000e+01   4.3672043e-15   5.6806250e-01   5.6806250e-01
   2.9000000e+01   3.3000000e+01   4.2262128e-15   5.2962500e-01   5.2962500e-01
   3.0000000e+01   3.3000000e+01   4.0712680e-15   5.2306250e-01   5.2306250e-01
   3.1000000e+01   3.3000000e+01   3.9740720e-15   5.2009375e-01   5.2009375e-01
   3.2000000e+01   3.3000000e+01   3.8758468e-15   5.1609375e-01   5.1609375e-01
   3.3000000e+01   3.3000000e+01   4.3462095e-15   5.4637500e-01   5.4637500e-01
   3.4000000e+01   3.3000000e+01   4.3465874e-15   5.7162500e-01   5.7162500e-01
   3.5000000e+01   3.3000000e+01   4.5738521e-15   5.9506250e-01   5.9506250e-01
   1.0000000e+00   3.4000000e+01   4.3899846e-15   5.6734375e-01   5.6734375e-01
   2.0000000e+00   3.4000000e+01   4.6372107e-15   5.7421875e-01   5.7421875e-01
   3.0000000e+00   3.4000000e+01   4.4739793e-15   5.7846875e-01   5.7846875e-01
   4.0000000e+00   3.4000000e+01   4.2564863e-15   5.5525000e-01   5.5525000e-01
   5.0000000e+00   3.4000000e+01   4.0304410e-15   5.3150000e-01   5.3150000e-01
   6.0000000e+00   3.4000000e+01   3.8763940e-15   5.1993750e-01   5.1993750e-01
   7.0000000e+00   3.4000000e+01   4.0072056e-15   5.2318750e-01   5.2318750e-01
   8.0000000e+00   3.4000000e+01   4.3063753e-15   5.3209375e-01   5.3209375e-01
   9.0000000e+00   3.4000000e+01   4.4884576e-15   5.6409375e-01   5.6409375e-01
   1.0000000e+01   3.4000000e+01   4.4533441e-15   5.6615625e-01   5.6615625e-01
   1.1000000e+01   3.4000000e+01   4.3189406e-15   5.5384375e-01   5.5384375e-01
   1.2000000e+01   3.4000000e+01   4.1374376e-15   5.3371875e-01   5.3371875e-01
   1.3000000e+01   3.4000000e+01   3.8695312e-15   5.1478125e-01   5.1478125e-01
   1.4000000e+01   3.4000000e+01   3.9949009e-15   4.9887500e-01   4.9887500e-01
   1.5000000e+01   3.4000000e+01   3.9994531e-15   5.1256250e-01   5.1256250e-01
   1.6000000e+01   3.4000000e+01   4.1673750e-15   5.3621875e-01   5.3621875e-01
   1.7000000e+01   3.4000000e+01   4.1914647e-15   5.4803125e-01   5.4803125e-01
   1.8000000e+01   3.4000000e+01   4.4430767e-15   5.7812500e-01   5.7812500e-01
   1.9000000e+01   3.4000000e+01   4.6274171e-15   5.7059375e-01   5.7059375e-01
   2.0000000e+01   3.4000000e+01   4.5128863e-15   5.7831250e-01   5.7831250e-01
   2.1000000e+01   3.4000000e+01   4.2812596e-15   5.5728125e-01   5.5728125e-01
   2.2000000e+01   3.4000000e+01   4.1832889e-15   5.1421875e-01   5.1421875e-01
   2.3000000e+01   3.4000000e+01   4.0565301e-15   5.2640625e-01   5.2640625e-01
   2.4000000e+01   3.4000000e+01   4.1518486e-15   5.3506250e-01   5.3506250e-01
   2.5000000e+01   3.4000000e+01   4.2541646e-15   5.6393750e-01   5.6393750e-01
   2.6000000e+01   3.4000000e+01   4.4014973e-15   5.5415625e-01   5.5415625e-01
   2.7000000e+01   3.4000000e+01   4.4695904e-15   5.7496875e-01   5.7496875e-01
   2.8000000e+01   3.4000000e+01   4.2422236e-15   5.6059375e-01   5.6059375e-01
   2.9000000e+01   3.4000000e+01   4.1036931e-15   5.4209375e-01   5.4209375e-01
   3.0000000e+01   3.4000000e+01   3.9393608e-15   5.0090625e-01   5.0090625e-01
   3.1000000e+01   3.4000000e+01   4.0994124e-15   5.1168750e-01   5.1168750e-01
   3.2000000e+01   3.4000000e+01   4.0325879e-15   5.2381250e-01   5.2381250e-01
   3.3000000e+01   3.4000000e+01   4.1319807e-15   5.3793750e-01   5.3793750e-01
   3.4000000e+01   3.4000000e+01   4.3168687e-15   5.6568750e-01   5.6568750e-01
   3.5000000e+01   3.4000000e+01   4.5218169e-15   5.6906250e-01   5.6906250e-01
   1.0000000e+00   3.5000000e+01   4.2782276e-15   5.5812500e-01   5.5812500e-01
   2.0000000e+00   3.5000000e+01   4.3993122e-15   5.7028125e-01   5.7028125e-01
   3.0000000e+00   3.5000000e+01   4.3116882e-15   5.4290625e-01   5.4290625e-01
   4.0000000e+00   3.5000000e+01   4.2196418e-15   5.4175000e-01   5.4175000e-01
   5.0000000e+00   3.5000000e+01   3.9927341e-15   5.2109375e-01   5.2109375e-01
   6.0000000e+00   3.5000000e+01   3.9006901e-15   5.0771875e-01   5.0771875e-01
   7.0000000e+00   3.5000000e+01   3.9486096e-15   5.2362500e-01   5.2362500e-01
   8.0000000e+00   3.5000000e+01   4.1676672e-15   5.1781250e-01   5.1781250e-01
   9.0000000e+00   3.5000000e+01   4.2786624e-15   5.5059375e-01   5.5059375e-01
   1.0000000e+01   3.5000000e+01   4.2894330e-15   5.5193750e-01   5.5193750e-01
   1.1000000e+01   3.5000000e+01   4.1194626e-15   5.4221875e-01   5.4221875e-01
   1.2000000e+01   3.5000000e+01   3.9189526e-15   5.0721875e-01   5.0721875e-01
   1.3000000e+01   3.5000000e+01   3.9764079e-15   5.0028125e-01   5.0028125e-01
   1.4000000e+01   3.5000000e+01   3.7694808e-15   4.9059375e-01   4.9059375e-01
   1.5000000e+01   3.5000000e+01   3.7536944e-15   4.9765625e-01   4.9765625e-01
   1.6000000e+01   3.5000000e+01   3.9629332e-15   5.2353125e-01   5.2353125e-01
   1.7000000e+01   3.5000000e+01   4.2197221e-15   5.2362500e-01   5.2362500e-01
   1.8000000e+01   3.5000000e+01   4.4223691e-15   5.6584375e-01   5.6584375e-01
   1.9000000e+01   3.5000000e+01   4.4085111e-15   5.7703125e-01   5.7703125e-01
   2.0000000e+01   3.5000000e+01   4.3218620e-15   5.6850000e-01   5.6850000e-01
   2.1000000e+01   3.5000000e+01   4.2175200e-15   5.2700000e-01   5.2700000e-01
   2.2000000e+01   3.5000000e+01   4.0877633e-15   5.2221875e-01   5.2221875e-01
   2.3000000e+01   3.5000000e+01   3.9682904e-15   5.2021875e-01   5.2021875e-01
   2.4000000e+01   3.5000000e+01   4.0788079e-15   5.3362500e-01   5.3362500e-01
   2.5000000e+01   3.5000000e+01   4.2472749e-15   5.3296875e-01   5.3296875e-01
   2.6000000e+01   3.5000000e+01   4.4579573e-15   5.6318750e-01   5.6318750e-01
   2.7000000e+01   3.5000000e+01   4.3276701e-15   5.6290625e-01   5.6290625e-01
   2.8000000e+01   3.5000000e+01   4.1289544e-15   5.4712500e-01   5.4712500e-01
   2.9000000e+01   3.5000000e+01   4.0391850e-15   5.0956250e-01   5.0956250e-01
   3.0000000e+01   3.5000000e+01   3.8647008e-15   5.0646875e-01   5.0646875e-01
   3.1000000e+01   3.5000000e+01   3.8106181e-15   5.0250000e-01   5.0250000e-01
   3.2000000e+01   3.5000000e+01   3.8556308e-15   5.0500000e-01   5.0500000e-01
   3.3000000e+01   3.5000000e+01   4.1554591e-15   5.2959375e-01   5.2959375e-01
   3.4000000e+01   3.5000000e+01   4.2411119e-15   5.5318750e-01   5.5318750e-01
   3.5000000e+01   3.5000000e+01   4.4425368e-15   5.7662500e-01   5.7662500e-01
