   1.0000000e+00   1.0000000e+00   3.0523567e-15   4.1465625e-01   4.1465625e-01
   2.0000000e+00   1.0000000e+00   3.2470597e-15   4.3165625e-01   4.3165625e-01
   3.0000000e+00   1.0000000e+00   3.3438680e-15   4.2846875e-01   4.2846875e-01
   4.0000000e+00   1.0000000e+00   3.3109556e-15   4.3209375e-01   4.3209375e-01
   5.0000000e+00   1.0000000e+00   3.0756534e-15   4.1478125e-01   4.1478125e-01
   6.0000000e+00   1.0000000e+00   2.9158088e-15   4.0000000e-01   4.0000000e-01
   7.0000000e+00   1.0000000e+00   3.1283041e-15   3.9193750e-01   3.9193750e-01
   8.0000000e+00   1.0000000e+00   3.0677806e-15   4.0696875e-01   4.0696875e-01
   9.0000000e+00   1.0000000e+00   3.1221027e-15   4.1790625e-01   4.1790625e-01
   1.0000000e+01   1.0000000e+00   3.2212312e-15   4.2062500e-01   4.2062500e-01
   1.1000000e+01   1.0000000e+00   3.2646684e-15   4.2540625e-01   4.2540625e-01
   1.2000000e+01   1.0000000e+00   3.0887619e-15   4.1334375e-01   4.1334375e-01
   1.3000000e+01   1.0000000e+00   3.0628373e-15   3.9240625e-01   3.9240625e-01
   1.4000000e+01   1.0000000e+00   2.8916943e-15   3.8003125e-01   3.8003125e-01
   1.5000000e+01   1.0000000e+00   2.7211149e-15   3.7550000e-01   3.7550000e-01
   1.6000000e+01   1.0000000e+00   3.0551549e-15   3.8890625e-01   3.8890625e-01
   1.7000000e+01   1.0000000e+00   3.0894831e-15   4.0650000e-01   4.0650000e-01
   1.8000000e+01   1.0000000e+00   3.1898908e-15   4.2409375e-01   4.2409375e-01
   1.9000000e+01   1.0000000e+00   3.3654841e-15   4.3712500e-01   4.3712500e-01
   2.0000000e+01   1.0000000e+00   3.5154516e-15   4.3359375e-01   4.3359375e-01
   2.1000000e+01   1.0000000e+00   3.3546298e-15   4.3562500e-01   4.3562500e-01
   2.2000000e+01   1.0000000e+00   3.1744750e-15   4.1728125e-01   4.1728125e-01
   2.3000000e+01   1.0000000e+00   2.9971185e-15   3.9909375e-01   3.9909375e-01
   2.4000000e+01   1.0000000e+00   2.9890276e-15   4.0375000e-01   4.0375000e-01
   2.5000000e+01   1.0000000e+00   3.1838577e-15   4.1453125e-01   4.1453125e-01
   2.6000000e+01   1.0000000e+00   3.3300919e-15   4.2071875e-01   4.2071875e-01
   2.7000000e+01   1.0000000e+00   3.3592270e-15   4.3165625e-01   4.3165625e-01
   2.8000000e+01   1.0000000e+00   3.2596383e-15   4.3246875e-01   4.3246875e-01
   2.9000000e+01   1.0000000e+00   3.1978690e-15   4.2015625e-01   4.2015625e-01
   3.0000000e+01   1.0000000e+00   3.0877568e-15   4.0540625e-01   4.0540625e-01
   3.1000000e+01   1.0000000e+00   2.9107148e-15   3.8684375e-01   3.8684375e-01
   3.2000000e+01   1.0000000e+00   2.9858819e-15   3.8850000e-01   3.8850000e-01
   3.3000000e+01   1.0000000e+00   3.0796672e-15   4.0565625e-01   4.0565625e-01
   3.4000000e+01   1.0000000e+00   3.1669962e-15   4.2212500e-01   4.2212500e-01
   3.5000000e+01   1.0000000e+00   3.3929422e-15   4.4140625e-01   4.4140625e-01
   1.0000000e+00   2.0000000e+00   3.0430191e-15   4.0462500e-01   4.0462500e-01
   2.0000000e+00   2.0000000e+00   3.3302865e-15   4.2246875e-01   4.2246875e-01
   3.0000000e+00   2.0000000e+00   3.2539943e-15   4.2178125e-01   4.2178125e-01
   4.0000000e+00   2.0000000e+00   3.2954412e-15   4.3300000e-01   4.3300000e-01
   5.0000000e+00   2.0000000e+00   3.1559725e-15   4.1715625e-01   4.1715625e-01
   6.0000000e+00   2.0000000e+00   2.9372062e-15   3.9890625e-01   3.9890625e-01
   7.0000000e+00   2.0000000e+00   2.9420893e-15   3.9481250e-01   3.9481250e-01
   8.0000000e+00   2.0000000e+00   2.9637982e-15   4.0481250e-01   4.0481250e-01
   9.0000000e+00   2.0000000e+00   3.0152367e-15   4.1240625e-01   4.1240625e-01
   1.0000000e+01   2.0000000e+00   3.1083484e-15   4.1984375e-01   4.1984375e-01
   1.1000000e+01   2.0000000e+00   3.1926860e-15   4.2403125e-01   4.2403125e-01
   1.2000000e+01   2.0000000e+00   3.0931364e-15   4.1103125e-01   4.1103125e-01
   1.3000000e+01   2.0000000e+00   3.0248996e-15   4.0293750e-01   4.0293750e-01
   1.4000000e+01   2.0000000e+00   2.7854732e-15   3.8293750e-01   3.8293750e-01
   1.5000000e+01   2.0000000e+00   2.6826599e-15   3.7303125e-01   3.7303125e-01
   1.6000000e+01   2.0000000e+00   2.8068436e-15   3.8296875e-01   3.8296875e-01
   1.7000000e+01   2.0000000e+00   3.0159872e-15   4.0025000e-01   4.0025000e-01
   1.8000000e+01   2.0000000e+00   3.1034174e-15   4.1537500e-01   4.1537500e-01
   1.9000000e+01   2.0000000e+00   3.3010054e-15   4.2015625e-01   4.2015625e-01
   2.0000000e+01   2.0000000e+00   3.3574051e-15   4.2496875e-01   4.2496875e-01
   2.1000000e+01   2.0000000e+00   3.2469307e-15   4.2878125e-01   4.2878125e-01
   2.2000000e+01   2.0000000e+00   3.1421384e-15   4.1853125e-01   4.1853125e-01
   2.3000000e+01   2.0000000e+00   2.9642589e-15   4.0196875e-01   4.0196875e-01
   2.4000000e+01   2.0000000e+00   2.9232182e-15   3.9800000e-01   3.9800000e-01
   2.5000000e+01   2.0000000e+00   3.1040602e-15   4.1006250e-01   4.1006250e-01
   2.6000000e+01   2.0000000e+00   3.2407642e-15   4.1131250e-01   4.1131250e-01
   2.7000000e+01   2.0000000e+00   3.3343285e-15   4.2837500e-01   4.2837500e-01
   2.8000000e+01   2.0000000e+00   3.2090269e-15   4.2706250e-01   4.2706250e-01
   2.9000000e+01   2.0000000e+00   3.1266843e-15   4.1890625e-01   4.1890625e-01
   3.0000000e+01   2.0000000e+00   2.9350627e-15   3.9328125e-01   3.9328125e-01
   3.1000000e+01   2.0000000e+00   3.0230298e-15   3.7878125e-01   3.7878125e-01
   3.2000000e+01   2.0000000e+00   2.8744846e-15   3.7950000e-01   3.7950000e-01
   3.3000000e+01   2.0000000e+00   3.0072234e-15   3.9487500e-01   3.9487500e-01
   3.4000000e+01   2.0000000e+00   3.2227085e-15   4.1281250e-01   4.1281250e-01
   3.5000000e+01   2.0000000e+00   3.4368262e-15   4.2462500e-01   4.2462500e-01
   1.0000000e+00   3.0000000e+00   3.0652461e-15   4.0128125e-01   4.0128125e-01
   2.0000000e+00   3.0000000e+00   3.2178464e-15   4.1965625e-01   4.1965625e-01
   3.0000000e+00   3.0000000e+00   3.1588317e-15   4.1993750e-01   4.1993750e-01
   4.0000000e+00   3.0000000e+00   3.1382376e-15   4.2434375e-01   4.2434375e-01
   5.0000000e+00   3.0000000e+00   3.1934235e-15   4.1462500e-01   4.1462500e-01
   6.0000000e+00   3.0000000e+00   2.9477848e-15   3.9403125e-01   3.9403125e-01
   7.0000000e+00   3.0000000e+00   2.9733945e-15   3.8993750e-01   3.8993750e-01
   8.0000000e+00   3.0000000e+00   3.0521783e-15   3.9046875e-01   3.9046875e-01
   9.0000000e+00   3.0000000e+00   2.9966432e-15   4.1109375e-01   4.1109375e-01
   1.0000000e+01   3.0000000e+00   3.2579958e-15   4.1321875e-01   4.1321875e-01
   1.1000000e+01   3.0000000e+00   3.1374454e-15   4.2028125e-01   4.2028125e-01
   1.2000000e+01   3.0000000e+00   3.0767787e-15   4.1000000e-01   4.1000000e-01
   1.3000000e+01   3.0000000e+00   2.9777588e-15   3.9187500e-01   3.9187500e-01
   1.4000000e+01   3.0000000e+00   2.8494647e-15   3.8059375e-01   3.8059375e-01
   1.5000000e+01   3.0000000e+00   2.8048768e-15   3.5893750e-01   3.5893750e-01
   1.6000000e+01   3.0000000e+00   2.7098546e-15   3.7700000e-01   3.7700000e-01
   1.7000000e+01   3.0000000e+00   3.0624644e-15   3.9306250e-01   3.9306250e-01
   1.8000000e+01   3.0000000e+00   3.0807246e-15   4.1121875e-01   4.1121875e-01
   1.9000000e+01   3.0000000e+00   3.3279076e-15   4.2409375e-01   4.2409375e-01
   2.0000000e+01   3.0000000e+00   3.2768928e-15   4.3515625e-01   4.3515625e-01
   2.1000000e+01   3.0000000e+00   3.3249284e-15   4.2478125e-01   4.2478125e-01
   2.2000000e+01   3.0000000e+00   3.1523372e-15   4.1656250e-01   4.1656250e-01
   2.3000000e+01   3.0000000e+00   3.0695444e-15   3.9568750e-01   3.9568750e-01
   2.4000000e+01   3.0000000e+00   2.8932701e-15   3.9181250e-01   3.9181250e-01
   2.5000000e+01   3.0000000e+00   3.1299720e-15   4.0571875e-01   4.0571875e-01
   2.6000000e+01   3.0000000e+00   3.0180358e-15   4.1206250e-01   4.1206250e-01
   2.7000000e+01   3.0000000e+00   3.1313663e-15   4.1971875e-01   4.1971875e-01
   2.8000000e+01   3.0000000e+00   3.1526404e-15   4.1837500e-01   4.1837500e-01
   2.9000000e+01   3.0000000e+00   3.0749419e-15   4.1334375e-01   4.1334375e-01
   3.0000000e+01   3.0000000e+00   2.9523004e-15   3.9056250e-01   3.9056250e-01
   3.1000000e+01   3.0000000e+00   2.8232827e-15   3.8065625e-01   3.8065625e-01
   3.2000000e+01   3.0000000e+00   2.7366674e-15   3.6587500e-01   3.6587500e-01
   3.3000000e+01   3.0000000e+00   2.9214175e-15   3.9121875e-01   3.9121875e-01
   3.4000000e+01   3.0000000e+00   3.0971575e-15   3.9578125e-01   3.9578125e-01
   3.5000000e+01   3.0000000e+00   3.2650175e-15   4.2525000e-01   4.2525000e-01
   1.0000000e+00   4.0000000e+00   3.0500687e-15   4.0290625e-01   4.0290625e-01
   2.0000000e+00   4.0000000e+00   3.2036228e-15   4.0737500e-01   4.0737500e-01
   3.0000000e+00   4.0000000e+00   3.2406892e-15   4.2650000e-01   4.2650000e-01
   4.0000000e+00   4.0000000e+00   3.2579910e-15   4.1590625e-01   4.1590625e-01
   5.0000000e+00   4.0000000e+00   3.0233589e-15   4.1171875e-01   4.1171875e-01
   6.0000000e+00   4.0000000e+00   2.9767439e-15   3.9453125e-01   3.9453125e-01
   7.0000000e+00   4.0000000e+00   2.9694496e-15   3.7909375e-01   3.7909375e-01
   8.0000000e+00   4.0000000e+00   3.0332806e-15   3.9818750e-01   3.9818750e-01
   9.0000000e+00   4.0000000e+00   3.0683248e-15   4.0440625e-01   4.0440625e-01
   1.0000000e+01   4.0000000e+00   3.0334801e-15   4.1056250e-01   4.1056250e-01
   1.1000000e+01   4.0000000e+00   3.1394935e-15   4.1700000e-01   4.1700000e-01
   1.2000000e+01   4.0000000e+00   3.1628459e-15   4.0621875e-01   4.0621875e-01
   1.3000000e+01   4.0000000e+00   3.0008522e-15   4.0040625e-01   4.0040625e-01
   1.4000000e+01   4.0000000e+00   2.8484605e-15   3.7896875e-01   3.7896875e-01
   1.5000000e+01   4.0000000e+00   2.9190075e-15   3.6731250e-01   3.6731250e-01
   1.6000000e+01   4.0000000e+00   2.8024896e-15   3.7659375e-01   3.7659375e-01
   1.7000000e+01   4.0000000e+00   2.9088626e-15   3.9131250e-01   3.9131250e-01
   1.8000000e+01   4.0000000e+00   3.1299004e-15   3.9796875e-01   3.9796875e-01
   1.9000000e+01   4.0000000e+00   3.1307562e-15   4.2203125e-01   4.2203125e-01
   2.0000000e+01   4.0000000e+00   3.2378954e-15   4.2581250e-01   4.2581250e-01
   2.1000000e+01   4.0000000e+00   3.3004745e-15   4.1675000e-01   4.1675000e-01
   2.2000000e+01   4.0000000e+00   3.0369134e-15   4.1400000e-01   4.1400000e-01
   2.3000000e+01   4.0000000e+00   2.9444567e-15   3.9350000e-01   3.9350000e-01
   2.4000000e+01   4.0000000e+00   2.9979575e-15   3.8409375e-01   3.8409375e-01
   2.5000000e+01   4.0000000e+00   2.9722057e-15   3.9796875e-01   3.9796875e-01
   2.6000000e+01   4.0000000e+00   3.1806429e-15   4.0718750e-01   4.0718750e-01
   2.7000000e+01   4.0000000e+00   3.0950786e-15   4.1893750e-01   4.1893750e-01
   2.8000000e+01   4.0000000e+00   3.1881567e-15   4.2262500e-01   4.2262500e-01
   2.9000000e+01   4.0000000e+00   3.1482734e-15   4.0103125e-01   4.0103125e-01
   3.0000000e+01   4.0000000e+00   2.8922381e-15   3.9653125e-01   3.9653125e-01
   3.1000000e+01   4.0000000e+00   2.8668414e-15   3.7759375e-01   3.7759375e-01
   3.2000000e+01   4.0000000e+00   2.6480923e-15   3.7125000e-01   3.7125000e-01
   3.3000000e+01   4.0000000e+00   2.8894553e-15   3.8503125e-01   3.8503125e-01
   3.4000000e+01   4.0000000e+00   3.0519947e-15   3.8878125e-01   3.8878125e-01
   3.5000000e+01   4.0000000e+00   3.0710313e-15   4.2250000e-01   4.2250000e-01
   1.0000000e+00   5.0000000e+00   3.0992789e-15   4.0609375e-01   4.0609375e-01
   2.0000000e+00   5.0000000e+00   3.3072594e-15   4.2006250e-01   4.2006250e-01
   3.0000000e+00   5.0000000e+00   3.1925502e-15   4.2450000e-01   4.2450000e-01
   4.0000000e+00   5.0000000e+00   3.1765573e-15   4.2803125e-01   4.2803125e-01
   5.0000000e+00   5.0000000e+00   3.0629894e-15   4.0990625e-01   4.0990625e-01
   6.0000000e+00   5.0000000e+00   2.9944851e-15   3.9078125e-01   3.9078125e-01
   7.0000000e+00   5.0000000e+00   2.9663706e-15   3.9109375e-01   3.9109375e-01
   8.0000000e+00   5.0000000e+00   2.9668432e-15   3.9843750e-01   3.9843750e-01
   9.0000000e+00   5.0000000e+00   3.1419161e-15   4.0940625e-01   4.0940625e-01
   1.0000000e+01   5.0000000e+00   3.1670902e-15   4.0287500e-01   4.0287500e-01
   1.1000000e+01   5.0000000e+00   3.1047412e-15   4.1715625e-01   4.1715625e-01
   1.2000000e+01   5.0000000e+00   3.0712312e-15   4.1093750e-01   4.1093750e-01
   1.3000000e+01   5.0000000e+00   3.0562643e-15   3.9737500e-01   3.9737500e-01
   1.4000000e+01   5.0000000e+00   2.9233001e-15   3.7231250e-01   3.7231250e-01
   1.5000000e+01   5.0000000e+00   2.7371685e-15   3.6928125e-01   3.6928125e-01
   1.6000000e+01   5.0000000e+00   2.8468964e-15   3.7965625e-01   3.7965625e-01
   1.7000000e+01   5.0000000e+00   2.9506832e-15   3.9240625e-01   3.9240625e-01
   1.8000000e+01   5.0000000e+00   3.2243370e-15   4.0815625e-01   4.0815625e-01
   1.9000000e+01   5.0000000e+00   3.1700232e-15   4.1768750e-01   4.1768750e-01
   2.0000000e+01   5.0000000e+00   3.2626865e-15   4.2621875e-01   4.2621875e-01
   2.1000000e+01   5.0000000e+00   3.2602963e-15   4.2012500e-01   4.2012500e-01
   2.2000000e+01   5.0000000e+00   3.0734940e-15   4.0690625e-01   4.0690625e-01
   2.3000000e+01   5.0000000e+00   3.0003817e-15   3.9331250e-01   3.9331250e-01
   2.4000000e+01   5.0000000e+00   2.8465120e-15   3.8893750e-01   3.8893750e-01
   2.5000000e+01   5.0000000e+00   3.0043446e-15   3.9809375e-01   3.9809375e-01
   2.6000000e+01   5.0000000e+00   3.0963218e-15   3.9528125e-01   3.9528125e-01
   2.7000000e+01   5.0000000e+00   3.1132578e-15   4.1390625e-01   4.1390625e-01
   2.8000000e+01   5.0000000e+00   3.1398754e-15   4.1740625e-01   4.1740625e-01
   2.9000000e+01   5.0000000e+00   3.0719500e-15   4.0859375e-01   4.0859375e-01
   3.0000000e+01   5.0000000e+00   3.0331289e-15   3.9506250e-01   3.9506250e-01
   3.1000000e+01   5.0000000e+00   2.9023112e-15   3.7003125e-01   3.7003125e-01
   3.2000000e+01   5.0000000e+00   2.7780435e-15   3.5868750e-01   3.5868750e-01
   3.3000000e+01   5.0000000e+00   2.8309912e-15   3.8225000e-01   3.8225000e-01
   3.4000000e+01   5.0000000e+00   2.9908206e-15   4.0287500e-01   4.0287500e-01
   3.5000000e+01   5.0000000e+00   3.1333933e-15   4.1793750e-01   4.1793750e-01
   1.0000000e+00   6.0000000e+00   3.1218290e-15   4.0353125e-01   4.0353125e-01
   2.0000000e+00   6.0000000e+00   3.1660061e-15   4.3434375e-01   4.3434375e-01
   3.0000000e+00   6.0000000e+00   3.3570449e-15   4.3968750e-01   4.3968750e-01
   4.0000000e+00   6.0000000e+00   3.1706417e-15   4.2687500e-01   4.2687500e-01
   5.0000000e+00   6.0000000e+00   3.2518903e-15   4.1146875e-01   4.1146875e-01
   6.0000000e+00   6.0000000e+00   2.9798570e-15   3.9821875e-01   3.9821875e-01
   7.0000000e+00   6.0000000e+00   2.9224920e-15   3.9350000e-01   3.9350000e-01
   8.0000000e+00   6.0000000e+00   3.0744431e-15   4.0325000e-01   4.0325000e-01
   9.0000000e+00   6.0000000e+00   3.1078326e-15   3.9846875e-01   3.9846875e-01
   1.0000000e+01   6.0000000e+00   3.0780653e-15   4.1853125e-01   4.1853125e-01
   1.1000000e+01   6.0000000e+00   3.1494501e-15   4.1578125e-01   4.1578125e-01
   1.2000000e+01   6.0000000e+00   3.1327782e-15   4.0671875e-01   4.0671875e-01
   1.3000000e+01   6.0000000e+00   3.0203098e-15   3.9034375e-01   3.9034375e-01
   1.4000000e+01   6.0000000e+00   2.7826230e-15   3.8221875e-01   3.8221875e-01
   1.5000000e+01   6.0000000e+00   2.8113075e-15   3.7543750e-01   3.7543750e-01
   1.6000000e+01   6.0000000e+00   2.8670401e-15   3.8228125e-01   3.8228125e-01
   1.7000000e+01   6.0000000e+00   3.0528074e-15   3.8853125e-01   3.8853125e-01
   1.8000000e+01   6.0000000e+00   3.1233582e-15   4.1728125e-01   4.1728125e-01
   1.9000000e+01   6.0000000e+00   3.1738313e-15   4.2765625e-01   4.2765625e-01
   2.0000000e+01   6.0000000e+00   3.3792657e-15   4.3134375e-01   4.3134375e-01
   2.1000000e+01   6.0000000e+00   3.2302499e-15   4.1096875e-01   4.1096875e-01
   2.2000000e+01   6.0000000e+00   3.0946450e-15   4.1271875e-01   4.1271875e-01
   2.3000000e+01   6.0000000e+00   2.8953180e-15   3.9271875e-01   3.9271875e-01
   2.4000000e+01   6.0000000e+00   2.9330058e-15   3.9075000e-01   3.9075000e-01
   2.5000000e+01   6.0000000e+00   3.0202325e-15   3.9796875e-01   3.9796875e-01
   2.6000000e+01   6.0000000e+00   3.0519230e-15   4.0903125e-01   4.0903125e-01
   2.7000000e+01   6.0000000e+00   3.1406435e-15   4.1518750e-01   4.1518750e-01
   2.8000000e+01   6.0000000e+00   3.1375378e-15   4.1634375e-01   4.1634375e-01
   2.9000000e+01   6.0000000e+00   3.1027159e-15   4.0996875e-01   4.0996875e-01
   3.0000000e+01   6.0000000e+00   2.9231652e-15   3.9665625e-01   3.9665625e-01
   3.1000000e+01   6.0000000e+00   2.8324006e-15   3.8034375e-01   3.8034375e-01
   3.2000000e+01   6.0000000e+00   2.7368664e-15   3.7340625e-01   3.7340625e-01
   3.3000000e+01   6.0000000e+00   2.8897285e-15   3.8937500e-01   3.8937500e-01
   3.4000000e+01   6.0000000e+00   3.0422087e-15   4.0428125e-01   4.0428125e-01
   3.5000000e+01   6.0000000e+00   3.1389910e-15   4.1521875e-01   4.1521875e-01
   1.0000000e+00   7.0000000e+00   3.2338209e-15   4.2087500e-01   4.2087500e-01
   2.0000000e+00   7.0000000e+00   3.3348972e-15   4.4106250e-01   4.4106250e-01
   3.0000000e+00   7.0000000e+00   3.3815404e-15   4.4487500e-01   4.4487500e-01
   4.0000000e+00   7.0000000e+00   3.2923453e-15   4.4109375e-01   4.4109375e-01
   5.0000000e+00   7.0000000e+00   3.1889091e-15   4.0978125e-01   4.0978125e-01
   6.0000000e+00   7.0000000e+00   3.1811707e-15   3.9853125e-01   3.9853125e-01
   7.0000000e+00   7.0000000e+00   3.0694707e-15   3.9978125e-01   3.9978125e-01
   8.0000000e+00   7.0000000e+00   3.0685468e-15   4.0937500e-01   4.0937500e-01
   9.0000000e+00   7.0000000e+00   3.1346844e-15   4.1756250e-01   4.1756250e-01
   1.0000000e+01   7.0000000e+00   3.1074215e-15   4.2168750e-01   4.2168750e-01
   1.1000000e+01   7.0000000e+00   3.1588714e-15   4.2353125e-01   4.2353125e-01
   1.2000000e+01   7.0000000e+00   3.1885008e-15   4.0559375e-01   4.0559375e-01
   1.3000000e+01   7.0000000e+00   3.0500268e-15   4.0393750e-01   4.0393750e-01
   1.4000000e+01   7.0000000e+00   2.8728690e-15   3.8881250e-01   3.8881250e-01
   1.5000000e+01   7.0000000e+00   2.7497738e-15   3.8128125e-01   3.8128125e-01
   1.6000000e+01   7.0000000e+00   2.8308502e-15   3.8050000e-01   3.8050000e-01
   1.7000000e+01   7.0000000e+00   3.1564914e-15   4.0606250e-01   4.0606250e-01
   1.8000000e+01   7.0000000e+00   3.1491271e-15   4.1893750e-01   4.1893750e-01
   1.9000000e+01   7.0000000e+00   3.2649050e-15   4.4037500e-01   4.4037500e-01
   2.0000000e+01   7.0000000e+00   3.3889080e-15   4.2687500e-01   4.2687500e-01
   2.1000000e+01   7.0000000e+00   3.3530021e-15   4.2946875e-01   4.2946875e-01
   2.2000000e+01   7.0000000e+00   3.1189965e-15   4.1521875e-01   4.1521875e-01
   2.3000000e+01   7.0000000e+00   3.0292349e-15   4.0128125e-01   4.0128125e-01
   2.4000000e+01   7.0000000e+00   2.9243555e-15   3.9734375e-01   3.9734375e-01
   2.5000000e+01   7.0000000e+00   3.1082279e-15   4.0731250e-01   4.0731250e-01
   2.6000000e+01   7.0000000e+00   3.2470037e-15   4.0978125e-01   4.0978125e-01
   2.7000000e+01   7.0000000e+00   3.0883604e-15   4.0925000e-01   4.0925000e-01
   2.8000000e+01   7.0000000e+00   3.1263462e-15   4.1946875e-01   4.1946875e-01
   2.9000000e+01   7.0000000e+00   2.9721921e-15   4.0965625e-01   4.0965625e-01
   3.0000000e+01   7.0000000e+00   2.9372091e-15   3.9534375e-01   3.9534375e-01
   3.1000000e+01   7.0000000e+00   2.7957892e-15   3.8025000e-01   3.8025000e-01
   3.2000000e+01   7.0000000e+00   2.8580628e-15   3.7731250e-01   3.7731250e-01
   3.3000000e+01   7.0000000e+00   3.0353980e-15   3.8728125e-01   3.8728125e-01
   3.4000000e+01   7.0000000e+00   3.1818208e-15   4.0293750e-01   4.0293750e-01
   3.5000000e+01   7.0000000e+00   3.3300418e-15   4.2515625e-01   4.2515625e-01
   1.0000000e+00   8.0000000e+00   3.1650617e-15   4.2650000e-01   4.2650000e-01
   2.0000000e+00   8.0000000e+00   3.3080675e-15   4.4309375e-01   4.4309375e-01
   3.0000000e+00   8.0000000e+00   3.3932978e-15   4.5168750e-01   4.5168750e-01
   4.0000000e+00   8.0000000e+00   3.3439371e-15   4.4503125e-01   4.4503125e-01
   5.0000000e+00   8.0000000e+00   3.2435451e-15   4.3050000e-01   4.3050000e-01
   6.0000000e+00   8.0000000e+00   3.0570020e-15   4.1159375e-01   4.1159375e-01
   7.0000000e+00   8.0000000e+00   2.9704055e-15   4.0590625e-01   4.0590625e-01
   8.0000000e+00   8.0000000e+00   3.1544490e-15   4.1443750e-01   4.1443750e-01
   9.0000000e+00   8.0000000e+00   3.1982104e-15   4.2290625e-01   4.2290625e-01
   1.0000000e+01   8.0000000e+00   3.2272328e-15   4.2628125e-01   4.2628125e-01
   1.1000000e+01   8.0000000e+00   3.2918739e-15   4.2475000e-01   4.2475000e-01
   1.2000000e+01   8.0000000e+00   3.2422837e-15   4.1546875e-01   4.1546875e-01
   1.3000000e+01   8.0000000e+00   3.1642417e-15   3.9315625e-01   3.9315625e-01
   1.4000000e+01   8.0000000e+00   2.9121707e-15   3.7896875e-01   3.7896875e-01
   1.5000000e+01   8.0000000e+00   2.8888012e-15   3.7371875e-01   3.7371875e-01
   1.6000000e+01   8.0000000e+00   2.9307522e-15   3.8053125e-01   3.8053125e-01
   1.7000000e+01   8.0000000e+00   3.1811814e-15   3.9790625e-01   3.9790625e-01
   1.8000000e+01   8.0000000e+00   3.2714768e-15   4.1246875e-01   4.1246875e-01
   1.9000000e+01   8.0000000e+00   3.5061637e-15   4.4471875e-01   4.4471875e-01
   2.0000000e+01   8.0000000e+00   3.4853277e-15   4.4781250e-01   4.4781250e-01
   2.1000000e+01   8.0000000e+00   3.3965809e-15   4.3753125e-01   4.3753125e-01
   2.2000000e+01   8.0000000e+00   3.1726866e-15   4.2365625e-01   4.2365625e-01
   2.3000000e+01   8.0000000e+00   3.0207289e-15   4.0559375e-01   4.0559375e-01
   2.4000000e+01   8.0000000e+00   3.0541996e-15   4.0200000e-01   4.0200000e-01
   2.5000000e+01   8.0000000e+00   3.1402120e-15   4.1062500e-01   4.1062500e-01
   2.6000000e+01   8.0000000e+00   3.1702347e-15   4.1771875e-01   4.1771875e-01
   2.7000000e+01   8.0000000e+00   3.2091059e-15   4.2459375e-01   4.2459375e-01
   2.8000000e+01   8.0000000e+00   3.1428186e-15   4.2287500e-01   4.2287500e-01
   2.9000000e+01   8.0000000e+00   3.0611841e-15   4.0553125e-01   4.0553125e-01
   3.0000000e+01   8.0000000e+00   3.0363491e-15   4.0046875e-01   4.0046875e-01
   3.1000000e+01   8.0000000e+00   2.9013811e-15   3.8737500e-01   3.8737500e-01
   3.2000000e+01   8.0000000e+00   2.8667916e-15   3.6815625e-01   3.6815625e-01
   3.3000000e+01   8.0000000e+00   2.9304771e-15   3.9612500e-01   3.9612500e-01
   3.4000000e+01   8.0000000e+00   3.0949193e-15   4.1168750e-01   4.1168750e-01
   3.5000000e+01   8.0000000e+00   3.2271609e-15   4.3065625e-01   4.3065625e-01
   1.0000000e+00   9.0000000e+00   3.2408389e-15   4.2915625e-01   4.2915625e-01
   2.0000000e+00   9.0000000e+00   3.4425389e-15   4.4887500e-01   4.4887500e-01
   3.0000000e+00   9.0000000e+00   3.5727219e-15   4.5112500e-01   4.5112500e-01
   4.0000000e+00   9.0000000e+00   3.3121593e-15   4.4481250e-01   4.4481250e-01
   5.0000000e+00   9.0000000e+00   3.3219067e-15   4.1675000e-01   4.1675000e-01
   6.0000000e+00   9.0000000e+00   3.1411578e-15   4.1018750e-01   4.1018750e-01
   7.0000000e+00   9.0000000e+00   2.9879942e-15   4.0550000e-01   4.0550000e-01
   8.0000000e+00   9.0000000e+00   3.2456439e-15   4.1662500e-01   4.1662500e-01
   9.0000000e+00   9.0000000e+00   3.1417941e-15   4.2490625e-01   4.2490625e-01
   1.0000000e+01   9.0000000e+00   3.2291750e-15   4.3118750e-01   4.3118750e-01
   1.1000000e+01   9.0000000e+00   3.3817370e-15   4.3187500e-01   4.3187500e-01
   1.2000000e+01   9.0000000e+00   3.1751943e-15   4.2371875e-01   4.2371875e-01
   1.3000000e+01   9.0000000e+00   3.0900143e-15   4.1175000e-01   4.1175000e-01
   1.4000000e+01   9.0000000e+00   2.9280968e-15   3.9968750e-01   3.9968750e-01
   1.5000000e+01   9.0000000e+00   2.8615670e-15   3.7690625e-01   3.7690625e-01
   1.6000000e+01   9.0000000e+00   3.0986488e-15   3.9768750e-01   3.9768750e-01
   1.7000000e+01   9.0000000e+00   3.2245979e-15   4.1559375e-01   4.1559375e-01
   1.8000000e+01   9.0000000e+00   3.2872009e-15   4.3246875e-01   4.3246875e-01
   1.9000000e+01   9.0000000e+00   3.4050382e-15   4.5000000e-01   4.5000000e-01
   2.0000000e+01   9.0000000e+00   3.4481122e-15   4.5196875e-01   4.5196875e-01
   2.1000000e+01   9.0000000e+00   3.3109352e-15   4.4168750e-01   4.4168750e-01
   2.2000000e+01   9.0000000e+00   3.3055789e-15   4.2878125e-01   4.2878125e-01
   2.3000000e+01   9.0000000e+00   3.0922282e-15   4.0753125e-01   4.0753125e-01
   2.4000000e+01   9.0000000e+00   3.0438554e-15   3.9309375e-01   3.9309375e-01
   2.5000000e+01   9.0000000e+00   3.1571918e-15   4.1659375e-01   4.1659375e-01
   2.6000000e+01   9.0000000e+00   3.1584308e-15   4.2540625e-01   4.2540625e-01
   2.7000000e+01   9.0000000e+00   3.2988334e-15   4.2650000e-01   4.2650000e-01
   2.8000000e+01   9.0000000e+00   3.2421789e-15   4.2925000e-01   4.2925000e-01
   2.9000000e+01   9.0000000e+00   3.1438887e-15   4.0578125e-01   4.0578125e-01
   3.0000000e+01   9.0000000e+00   3.0434649e-15   4.0684375e-01   4.0684375e-01
   3.1000000e+01   9.0000000e+00   2.9119072e-15   3.9128125e-01   3.9128125e-01
   3.2000000e+01   9.0000000e+00   2.9390429e-15   3.9309375e-01   3.9309375e-01
   3.3000000e+01   9.0000000e+00   3.1132481e-15   3.9228125e-01   3.9228125e-01
   3.4000000e+01   9.0000000e+00   3.2267442e-15   4.1909375e-01   4.1909375e-01
   3.5000000e+01   9.0000000e+00   3.3074493e-15   4.3859375e-01   4.3859375e-01
   1.0000000e+00   1.0000000e+01   3.1940341e-15   4.2084375e-01   4.2084375e-01
   2.0000000e+00   1.0000000e+01   3.6106586e-15   4.5212500e-01   4.5212500e-01
   3.0000000e+00   1.0000000e+01   3.5451387e-15   4.6009375e-01   4.6009375e-01
   4.0000000e+00   1.0000000e+01   3.4895097e-15   4.4887500e-01   4.4887500e-01
   5.0000000e+00   1.0000000e+01   3.3046799e-15   4.3668750e-01   4.3668750e-01
   6.0000000e+00   1.0000000e+01   3.0865821e-15   4.1209375e-01   4.1209375e-01
   7.0000000e+00   1.0000000e+01   2.9958774e-15   4.0662500e-01   4.0662500e-01
   8.0000000e+00   1.0000000e+01   3.0691873e-15   4.1231250e-01   4.1231250e-01
   9.0000000e+00   1.0000000e+01   3.3829720e-15   4.2159375e-01   4.2159375e-01
   1.0000000e+01   1.0000000e+01   3.3543710e-15   4.4021875e-01   4.4021875e-01
   1.1000000e+01   1.0000000e+01   3.3907672e-15   4.3984375e-01   4.3984375e-01
   1.2000000e+01   1.0000000e+01   3.2685335e-15   4.3025000e-01   4.3025000e-01
   1.3000000e+01   1.0000000e+01   3.0748382e-15   4.1865625e-01   4.1865625e-01
   1.4000000e+01   1.0000000e+01   3.0447854e-15   4.0465625e-01   4.0465625e-01
   1.5000000e+01   1.0000000e+01   2.9843237e-15   3.9696875e-01   3.9696875e-01
   1.6000000e+01   1.0000000e+01   3.0433735e-15   4.0515625e-01   4.0515625e-01
   1.7000000e+01   1.0000000e+01   3.1891128e-15   4.1887500e-01   4.1887500e-01
   1.8000000e+01   1.0000000e+01   3.2578149e-15   4.2428125e-01   4.2428125e-01
   1.9000000e+01   1.0000000e+01   3.5074339e-15   4.3684375e-01   4.3684375e-01
   2.0000000e+01   1.0000000e+01   3.5450316e-15   4.4043750e-01   4.4043750e-01
   2.1000000e+01   1.0000000e+01   3.4870086e-15   4.4312500e-01   4.4312500e-01
   2.2000000e+01   1.0000000e+01   3.3335304e-15   4.2781250e-01   4.2781250e-01
   2.3000000e+01   1.0000000e+01   3.0819372e-15   4.0550000e-01   4.0550000e-01
   2.4000000e+01   1.0000000e+01   3.0790932e-15   4.0340625e-01   4.0340625e-01
   2.5000000e+01   1.0000000e+01   3.1740367e-15   4.1762500e-01   4.1762500e-01
   2.6000000e+01   1.0000000e+01   3.3188465e-15   4.1587500e-01   4.1587500e-01
   2.7000000e+01   1.0000000e+01   3.4660510e-15   4.3362500e-01   4.3362500e-01
   2.8000000e+01   1.0000000e+01   3.4111841e-15   4.3415625e-01   4.3415625e-01
   2.9000000e+01   1.0000000e+01   3.2357738e-15   4.2450000e-01   4.2450000e-01
   3.0000000e+01   1.0000000e+01   3.1417660e-15   4.1350000e-01   4.1350000e-01
   3.1000000e+01   1.0000000e+01   3.0721147e-15   3.9703125e-01   3.9703125e-01
   3.2000000e+01   1.0000000e+01   2.9825032e-15   3.9703125e-01   3.9703125e-01
   3.3000000e+01   1.0000000e+01   3.1413057e-15   4.1159375e-01   4.1159375e-01
   3.4000000e+01   1.0000000e+01   3.1953701e-15   4.2040625e-01   4.2040625e-01
   3.5000000e+01   1.0000000e+01   3.3818139e-15   4.4296875e-01   4.4296875e-01
   1.0000000e+00   1.1000000e+01   3.3146741e-15   4.4134375e-01   4.4134375e-01
   2.0000000e+00   1.1000000e+01   3.6257189e-15   4.6237500e-01   4.6237500e-01
   3.0000000e+00   1.1000000e+01   3.7289485e-15   4.6956250e-01   4.6956250e-01
   4.0000000e+00   1.1000000e+01   3.7389893e-15   4.6175000e-01   4.6175000e-01
   5.0000000e+00   1.1000000e+01   3.5485921e-15   4.3643750e-01   4.3643750e-01
   6.0000000e+00   1.1000000e+01   3.3914287e-15   4.1431250e-01   4.1431250e-01
   7.0000000e+00   1.1000000e+01   3.1926645e-15   4.0968750e-01   4.0968750e-01
   8.0000000e+00   1.1000000e+01   3.2942767e-15   4.2440625e-01   4.2440625e-01
   9.0000000e+00   1.1000000e+01   3.3677584e-15   4.3837500e-01   4.3837500e-01
   1.0000000e+01   1.1000000e+01   3.4359919e-15   4.4909375e-01   4.4909375e-01
   1.1000000e+01   1.1000000e+01   3.4644491e-15   4.4800000e-01   4.4800000e-01
   1.2000000e+01   1.1000000e+01   3.2840631e-15   4.3684375e-01   4.3684375e-01
   1.3000000e+01   1.1000000e+01   3.2661301e-15   4.2865625e-01   4.2865625e-01
   1.4000000e+01   1.1000000e+01   3.1423324e-15   4.0631250e-01   4.0631250e-01
   1.5000000e+01   1.1000000e+01   3.0471493e-15   3.9712500e-01   3.9712500e-01
   1.6000000e+01   1.1000000e+01   3.0959037e-15   4.0296875e-01   4.0296875e-01
   1.7000000e+01   1.1000000e+01   3.2387625e-15   4.2237500e-01   4.2237500e-01
   1.8000000e+01   1.1000000e+01   3.3524953e-15   4.4140625e-01   4.4140625e-01
   1.9000000e+01   1.1000000e+01   3.5652557e-15   4.6000000e-01   4.6000000e-01
   2.0000000e+01   1.1000000e+01   3.5834867e-15   4.6640625e-01   4.6640625e-01
   2.1000000e+01   1.1000000e+01   3.5740106e-15   4.5453125e-01   4.5453125e-01
   2.2000000e+01   1.1000000e+01   3.4261763e-15   4.3846875e-01   4.3846875e-01
   2.3000000e+01   1.1000000e+01   3.1629602e-15   4.1181250e-01   4.1181250e-01
   2.4000000e+01   1.1000000e+01   3.1670397e-15   4.0787500e-01   4.0787500e-01
   2.5000000e+01   1.1000000e+01   3.2526902e-15   4.2425000e-01   4.2425000e-01
   2.6000000e+01   1.1000000e+01   3.3725782e-15   4.3656250e-01   4.3656250e-01
   2.7000000e+01   1.1000000e+01   3.4184532e-15   4.4384375e-01   4.4384375e-01
   2.8000000e+01   1.1000000e+01   3.3573279e-15   4.4309375e-01   4.4309375e-01
   2.9000000e+01   1.1000000e+01   3.2752142e-15   4.3412500e-01   4.3412500e-01
   3.0000000e+01   1.1000000e+01   3.0971321e-15   4.1225000e-01   4.1225000e-01
   3.1000000e+01   1.1000000e+01   3.0630014e-15   3.9053125e-01   3.9053125e-01
   3.2000000e+01   1.1000000e+01   3.1244239e-15   3.8800000e-01   3.8800000e-01
   3.3000000e+01   1.1000000e+01   3.2228363e-15   4.0459375e-01   4.0459375e-01
   3.4000000e+01   1.1000000e+01   3.3549629e-15   4.1487500e-01   4.1487500e-01
   3.5000000e+01   1.1000000e+01   3.4447580e-15   4.3471875e-01   4.3471875e-01
   1.0000000e+00   1.2000000e+01   3.4449194e-15   4.4990625e-01   4.4990625e-01
   2.0000000e+00   1.2000000e+01   3.5502580e-15   4.6834375e-01   4.6834375e-01
   3.0000000e+00   1.2000000e+01   3.6993101e-15   4.7959375e-01   4.7959375e-01
   4.0000000e+00   1.2000000e+01   3.7354817e-15   4.7637500e-01   4.7637500e-01
   5.0000000e+00   1.2000000e+01   3.6484831e-15   4.5521875e-01   4.5521875e-01
   6.0000000e+00   1.2000000e+01   3.2353813e-15   4.2675000e-01   4.2675000e-01
   7.0000000e+00   1.2000000e+01   3.1842102e-15   4.2721875e-01   4.2721875e-01
   8.0000000e+00   1.2000000e+01   3.2876969e-15   4.3665625e-01   4.3665625e-01
   9.0000000e+00   1.2000000e+01   3.4877736e-15   4.4918750e-01   4.4918750e-01
   1.0000000e+01   1.2000000e+01   3.6163281e-15   4.4903125e-01   4.4903125e-01
   1.1000000e+01   1.2000000e+01   3.5004287e-15   4.4159375e-01   4.4159375e-01
   1.2000000e+01   1.2000000e+01   3.3483578e-15   4.3290625e-01   4.3290625e-01
   1.3000000e+01   1.2000000e+01   3.2433909e-15   4.2959375e-01   4.2959375e-01
   1.4000000e+01   1.2000000e+01   3.1081806e-15   4.1262500e-01   4.1262500e-01
   1.5000000e+01   1.2000000e+01   3.1312054e-15   4.0768750e-01   4.0768750e-01
   1.6000000e+01   1.2000000e+01   3.1087789e-15   4.0759375e-01   4.0759375e-01
   1.7000000e+01   1.2000000e+01   3.2379313e-15   4.3090625e-01   4.3090625e-01
   1.8000000e+01   1.2000000e+01   3.5370573e-15   4.4696875e-01   4.4696875e-01
   1.9000000e+01   1.2000000e+01   3.5790688e-15   4.6037500e-01   4.6037500e-01
   2.0000000e+01   1.2000000e+01   3.6137129e-15   4.7359375e-01   4.7359375e-01
   2.1000000e+01   1.2000000e+01   3.6508054e-15   4.6831250e-01   4.6831250e-01
   2.2000000e+01   1.2000000e+01   3.5292637e-15   4.3459375e-01   4.3459375e-01
   2.3000000e+01   1.2000000e+01   3.1738202e-15   4.2387500e-01   4.2387500e-01
   2.4000000e+01   1.2000000e+01   3.0375264e-15   4.1671875e-01   4.1671875e-01
   2.5000000e+01   1.2000000e+01   3.3117537e-15   4.3440625e-01   4.3440625e-01
   2.6000000e+01   1.2000000e+01   3.4536917e-15   4.3256250e-01   4.3256250e-01
   2.7000000e+01   1.2000000e+01   3.3851182e-15   4.5659375e-01   4.5659375e-01
   2.8000000e+01   1.2000000e+01   3.4393825e-15   4.5221875e-01   4.5221875e-01
   2.9000000e+01   1.2000000e+01   3.2943985e-15   4.3784375e-01   4.3784375e-01
   3.0000000e+01   1.2000000e+01   3.3207339e-15   4.2528125e-01   4.2528125e-01
   3.1000000e+01   1.2000000e+01   3.0113938e-15   3.9503125e-01   3.9503125e-01
   3.2000000e+01   1.2000000e+01   3.0931799e-15   4.1031250e-01   4.1031250e-01
   3.3000000e+01   1.2000000e+01   3.1901771e-15   4.1815625e-01   4.1815625e-01
   3.4000000e+01   1.2000000e+01   3.3509978e-15   4.3562500e-01   4.3562500e-01
   3.5000000e+01   1.2000000e+01   3.6060764e-15   4.4800000e-01   4.4800000e-01
   1.0000000e+00   1.3000000e+01   3.4515035e-15   4.5306250e-01   4.5306250e-01
   2.0000000e+00   1.3000000e+01   3.5932108e-15   4.7221875e-01   4.7221875e-01
   3.0000000e+00   1.3000000e+01   3.7060785e-15   4.8337500e-01   4.8337500e-01
   4.0000000e+00   1.3000000e+01   3.7870784e-15   4.7506250e-01   4.7506250e-01
   5.0000000e+00   1.3000000e+01   3.5434065e-15   4.4440625e-01   4.4440625e-01
   6.0000000e+00   1.3000000e+01   3.3143856e-15   4.2084375e-01   4.2084375e-01
   7.0000000e+00   1.3000000e+01   3.2017908e-15   4.2400000e-01   4.2400000e-01
   8.0000000e+00   1.3000000e+01   3.3016440e-15   4.4043750e-01   4.4043750e-01
   9.0000000e+00   1.3000000e+01   3.4259392e-15   4.5296875e-01   4.5296875e-01
   1.0000000e+01   1.3000000e+01   3.5098887e-15   4.6568750e-01   4.6568750e-01
   1.1000000e+01   1.3000000e+01   3.5048495e-15   4.6037500e-01   4.6037500e-01
   1.2000000e+01   1.3000000e+01   3.5653897e-15   4.4525000e-01   4.4525000e-01
   1.3000000e+01   1.3000000e+01   3.3187061e-15   4.3475000e-01   4.3475000e-01
   1.4000000e+01   1.3000000e+01   3.1213010e-15   4.1300000e-01   4.1300000e-01
   1.5000000e+01   1.3000000e+01   3.2016077e-15   4.0650000e-01   4.0650000e-01
   1.6000000e+01   1.3000000e+01   3.1247151e-15   4.1946875e-01   4.1946875e-01
   1.7000000e+01   1.3000000e+01   3.3315522e-15   4.3643750e-01   4.3643750e-01
   1.8000000e+01   1.3000000e+01   3.5547702e-15   4.4037500e-01   4.4037500e-01
   1.9000000e+01   1.3000000e+01   3.6097201e-15   4.7068750e-01   4.7068750e-01
   2.0000000e+01   1.3000000e+01   3.7706932e-15   4.7675000e-01   4.7675000e-01
   2.1000000e+01   1.3000000e+01   3.5873337e-15   4.7253125e-01   4.7253125e-01
   2.2000000e+01   1.3000000e+01   3.4894464e-15   4.5493750e-01   4.5493750e-01
   2.3000000e+01   1.3000000e+01   3.2762827e-15   4.1290625e-01   4.1290625e-01
   2.4000000e+01   1.3000000e+01   3.2274176e-15   4.3053125e-01   4.3053125e-01
   2.5000000e+01   1.3000000e+01   3.3021672e-15   4.3815625e-01   4.3815625e-01
   2.6000000e+01   1.3000000e+01   3.4995998e-15   4.4609375e-01   4.4609375e-01
   2.7000000e+01   1.3000000e+01   3.5431865e-15   4.6075000e-01   4.6075000e-01
   2.8000000e+01   1.3000000e+01   3.4980245e-15   4.5753125e-01   4.5753125e-01
   2.9000000e+01   1.3000000e+01   3.3474437e-15   4.3478125e-01   4.3478125e-01
   3.0000000e+01   1.3000000e+01   3.1583679e-15   4.2625000e-01   4.2625000e-01
   3.1000000e+01   1.3000000e+01   3.2304669e-15   4.0606250e-01   4.0606250e-01
   3.2000000e+01   1.3000000e+01   3.1032088e-15   4.1112500e-01   4.1112500e-01
   3.3000000e+01   1.3000000e+01   3.2742863e-15   4.2559375e-01   4.2559375e-01
   3.4000000e+01   1.3000000e+01   3.2899186e-15   4.2821875e-01   4.2821875e-01
   3.5000000e+01   1.3000000e+01   3.4547570e-15   4.6121875e-01   4.6121875e-01
   1.0000000e+00   1.4000000e+01   3.4221865e-15   4.3521875e-01   4.3521875e-01
   2.0000000e+00   1.4000000e+01   3.5212340e-15   4.7193750e-01   4.7193750e-01
   3.0000000e+00   1.4000000e+01   3.7043111e-15   4.7903125e-01   4.7903125e-01
   4.0000000e+00   1.4000000e+01   3.6651883e-15   4.6253125e-01   4.6253125e-01
   5.0000000e+00   1.4000000e+01   3.4784508e-15   4.5350000e-01   4.5350000e-01
   6.0000000e+00   1.4000000e+01   3.2775965e-15   4.1843750e-01   4.1843750e-01
   7.0000000e+00   1.4000000e+01   3.0528621e-15   4.2087500e-01   4.2087500e-01
   8.0000000e+00   1.4000000e+01   3.3974137e-15   4.3587500e-01   4.3587500e-01
   9.0000000e+00   1.4000000e+01   3.4799170e-15   4.3678125e-01   4.3678125e-01
   1.0000000e+01   1.4000000e+01   3.4707619e-15   4.6325000e-01   4.6325000e-01
   1.1000000e+01   1.4000000e+01   3.5179385e-15   4.5940625e-01   4.5940625e-01
   1.2000000e+01   1.4000000e+01   3.4314257e-15   4.3943750e-01   4.3943750e-01
   1.3000000e+01   1.4000000e+01   3.3023755e-15   4.2965625e-01   4.2965625e-01
   1.4000000e+01   1.4000000e+01   3.1444483e-15   4.1012500e-01   4.1012500e-01
   1.5000000e+01   1.4000000e+01   3.0011932e-15   4.0959375e-01   4.0959375e-01
   1.6000000e+01   1.4000000e+01   3.2205322e-15   4.2365625e-01   4.2365625e-01
   1.7000000e+01   1.4000000e+01   3.3576365e-15   4.2506250e-01   4.2506250e-01
   1.8000000e+01   1.4000000e+01   3.4232820e-15   4.5246875e-01   4.5246875e-01
   1.9000000e+01   1.4000000e+01   3.7404384e-15   4.6562500e-01   4.6562500e-01
   2.0000000e+01   1.4000000e+01   3.6241449e-15   4.7950000e-01   4.7950000e-01
   2.1000000e+01   1.4000000e+01   3.5762659e-15   4.6906250e-01   4.6906250e-01
   2.2000000e+01   1.4000000e+01   3.4770319e-15   4.4134375e-01   4.4134375e-01
   2.3000000e+01   1.4000000e+01   3.2454104e-15   4.2962500e-01   4.2962500e-01
   2.4000000e+01   1.4000000e+01   3.1871023e-15   4.2543750e-01   4.2543750e-01
   2.5000000e+01   1.4000000e+01   3.4613410e-15   4.3293750e-01   4.3293750e-01
   2.6000000e+01   1.4000000e+01   3.4610059e-15   4.5625000e-01   4.5625000e-01
   2.7000000e+01   1.4000000e+01   3.5066765e-15   4.6375000e-01   4.6375000e-01
   2.8000000e+01   1.4000000e+01   3.5358394e-15   4.5812500e-01   4.5812500e-01
   2.9000000e+01   1.4000000e+01   3.3817552e-15   4.4112500e-01   4.4112500e-01
   3.0000000e+01   1.4000000e+01   3.3626493e-15   4.1965625e-01   4.1965625e-01
   3.1000000e+01   1.4000000e+01   3.0755912e-15   3.9778125e-01   3.9778125e-01
   3.2000000e+01   1.4000000e+01   3.0927541e-15   4.1487500e-01   4.1487500e-01
   3.3000000e+01   1.4000000e+01   3.2594564e-15   4.2615625e-01   4.2615625e-01
   3.4000000e+01   1.4000000e+01   3.4108450e-15   4.4687500e-01   4.4687500e-01
   3.5000000e+01   1.4000000e+01   3.6225505e-15   4.6221875e-01   4.6221875e-01
   1.0000000e+00   1.5000000e+01   3.3586940e-15   4.4509375e-01   4.4509375e-01
   2.0000000e+00   1.5000000e+01   3.5784906e-15   4.6537500e-01   4.6537500e-01
   3.0000000e+00   1.5000000e+01   3.6688394e-15   4.7303125e-01   4.7303125e-01
   4.0000000e+00   1.5000000e+01   3.5650637e-15   4.4875000e-01   4.4875000e-01
   5.0000000e+00   1.5000000e+01   3.3084771e-15   4.4509375e-01   4.4509375e-01
   6.0000000e+00   1.5000000e+01   3.2029092e-15   4.2178125e-01   4.2178125e-01
   7.0000000e+00   1.5000000e+01   3.1371216e-15   4.1568750e-01   4.1568750e-01
   8.0000000e+00   1.5000000e+01   3.3399846e-15   4.1721875e-01   4.1721875e-01
   9.0000000e+00   1.5000000e+01   3.3210751e-15   4.3256250e-01   4.3256250e-01
   1.0000000e+01   1.5000000e+01   3.4491297e-15   4.5675000e-01   4.5675000e-01
   1.1000000e+01   1.5000000e+01   3.4132605e-15   4.5371875e-01   4.5371875e-01
   1.2000000e+01   1.5000000e+01   3.2813122e-15   4.3875000e-01   4.3875000e-01
   1.3000000e+01   1.5000000e+01   3.1821607e-15   4.2765625e-01   4.2765625e-01
   1.4000000e+01   1.5000000e+01   3.0959078e-15   4.1125000e-01   4.1125000e-01
   1.5000000e+01   1.5000000e+01   3.0504795e-15   4.1012500e-01   4.1012500e-01
   1.6000000e+01   1.5000000e+01   3.1104284e-15   4.1746875e-01   4.1746875e-01
   1.7000000e+01   1.5000000e+01   3.2843329e-15   4.3521875e-01   4.3521875e-01
   1.8000000e+01   1.5000000e+01   3.3975120e-15   4.4996875e-01   4.4996875e-01
   1.9000000e+01   1.5000000e+01   3.5761172e-15   4.6971875e-01   4.6971875e-01
   2.0000000e+01   1.5000000e+01   3.5498394e-15   4.7053125e-01   4.7053125e-01
   2.1000000e+01   1.5000000e+01   3.5272068e-15   4.6253125e-01   4.6253125e-01
   2.2000000e+01   1.5000000e+01   3.3813027e-15   4.4428125e-01   4.4428125e-01
   2.3000000e+01   1.5000000e+01   3.2982679e-15   4.2115625e-01   4.2115625e-01
   2.4000000e+01   1.5000000e+01   3.2987475e-15   4.1943750e-01   4.1943750e-01
   2.5000000e+01   1.5000000e+01   3.3501795e-15   4.3906250e-01   4.3906250e-01
   2.6000000e+01   1.5000000e+01   3.4419233e-15   4.4806250e-01   4.4806250e-01
   2.7000000e+01   1.5000000e+01   3.4488637e-15   4.5812500e-01   4.5812500e-01
   2.8000000e+01   1.5000000e+01   3.4441468e-15   4.5675000e-01   4.5675000e-01
   2.9000000e+01   1.5000000e+01   3.3691958e-15   4.4293750e-01   4.4293750e-01
   3.0000000e+01   1.5000000e+01   3.1160484e-15   4.2231250e-01   4.2231250e-01
   3.1000000e+01   1.5000000e+01   3.0806312e-15   4.1218750e-01   4.1218750e-01
   3.2000000e+01   1.5000000e+01   3.0533132e-15   4.1321875e-01   4.1321875e-01
   3.3000000e+01   1.5000000e+01   3.2227113e-15   4.2593750e-01   4.2593750e-01
   3.4000000e+01   1.5000000e+01   3.3094065e-15   4.4065625e-01   4.4065625e-01
   3.5000000e+01   1.5000000e+01   3.5738104e-15   4.6200000e-01   4.6200000e-01
   1.0000000e+00   1.6000000e+01   3.4933554e-15   4.3121875e-01   4.3121875e-01
   2.0000000e+00   1.6000000e+01   3.4317239e-15   4.3900000e-01   4.3900000e-01
   3.0000000e+00   1.6000000e+01   3.5520651e-15   4.6068750e-01   4.6068750e-01
   4.0000000e+00   1.6000000e+01   3.4114719e-15   4.5287500e-01   4.5287500e-01
   5.0000000e+00   1.6000000e+01   3.1984838e-15   4.3034375e-01   4.3034375e-01
   6.0000000e+00   1.6000000e+01   3.1177081e-15   4.1243750e-01   4.1243750e-01
   7.0000000e+00   1.6000000e+01   3.2198455e-15   4.0387500e-01   4.0387500e-01
   8.0000000e+00   1.6000000e+01   3.0949575e-15   4.1896875e-01   4.1896875e-01
   9.0000000e+00   1.6000000e+01   3.2905293e-15   4.3734375e-01   4.3734375e-01
   1.0000000e+01   1.6000000e+01   3.4095134e-15   4.4840625e-01   4.4840625e-01
   1.1000000e+01   1.6000000e+01   3.3762606e-15   4.4690625e-01   4.4690625e-01
   1.2000000e+01   1.6000000e+01   3.3330015e-15   4.3065625e-01   4.3065625e-01
   1.3000000e+01   1.6000000e+01   3.2596397e-15   4.1696875e-01   4.1696875e-01
   1.4000000e+01   1.6000000e+01   3.0150829e-15   3.8171875e-01   3.8171875e-01
   1.5000000e+01   1.6000000e+01   2.9526024e-15   3.9671875e-01   3.9671875e-01
   1.6000000e+01   1.6000000e+01   3.1078753e-15   4.1087500e-01   4.1087500e-01
   1.7000000e+01   1.6000000e+01   3.1833653e-15   4.2796875e-01   4.2796875e-01
   1.8000000e+01   1.6000000e+01   3.3926217e-15   4.4196875e-01   4.4196875e-01
   1.9000000e+01   1.6000000e+01   3.6213409e-15   4.5600000e-01   4.5600000e-01
   2.0000000e+01   1.6000000e+01   3.5212297e-15   4.5737500e-01   4.5737500e-01
   2.1000000e+01   1.6000000e+01   3.3422731e-15   4.4875000e-01   4.4875000e-01
   2.2000000e+01   1.6000000e+01   3.2841242e-15   4.3050000e-01   4.3050000e-01
   2.3000000e+01   1.6000000e+01   3.1583613e-15   4.1356250e-01   4.1356250e-01
   2.4000000e+01   1.6000000e+01   3.2089784e-15   4.1350000e-01   4.1350000e-01
   2.5000000e+01   1.6000000e+01   3.3689189e-15   4.1812500e-01   4.1812500e-01
   2.6000000e+01   1.6000000e+01   3.3261729e-15   4.4362500e-01   4.4362500e-01
   2.7000000e+01   1.6000000e+01   3.4508773e-15   4.5225000e-01   4.5225000e-01
   2.8000000e+01   1.6000000e+01   3.3589434e-15   4.4834375e-01   4.4834375e-01
   2.9000000e+01   1.6000000e+01   3.2789191e-15   4.3553125e-01   4.3553125e-01
   3.0000000e+01   1.6000000e+01   3.1930998e-15   4.1065625e-01   4.1065625e-01
   3.1000000e+01   1.6000000e+01   2.9711759e-15   4.0628125e-01   4.0628125e-01
   3.2000000e+01   1.6000000e+01   3.0369739e-15   4.0531250e-01   4.0531250e-01
   3.3000000e+01   1.6000000e+01   3.1557817e-15   4.1750000e-01   4.1750000e-01
   3.4000000e+01   1.6000000e+01   3.3317566e-15   4.2403125e-01   4.2403125e-01
   3.5000000e+01   1.6000000e+01   3.4268096e-15   4.5506250e-01   4.5506250e-01
   1.0000000e+00   1.7000000e+01   3.3241863e-15   4.2387500e-01   4.2387500e-01
   2.0000000e+00   1.7000000e+01   3.3346890e-15   4.4190625e-01   4.4190625e-01
   3.0000000e+00   1.7000000e+01   3.3670867e-15   4.4818750e-01   4.4818750e-01
   4.0000000e+00   1.7000000e+01   3.3417936e-15   4.3825000e-01   4.3825000e-01
   5.0000000e+00   1.7000000e+01   3.2864004e-15   4.2078125e-01   4.2078125e-01
   6.0000000e+00   1.7000000e+01   2.9988632e-15   3.8818750e-01   3.8818750e-01
   7.0000000e+00   1.7000000e+01   2.9858377e-15   4.0159375e-01   4.0159375e-01
   8.0000000e+00   1.7000000e+01   3.0717432e-15   4.1715625e-01   4.1715625e-01
   9.0000000e+00   1.7000000e+01   3.1802193e-15   4.2546875e-01   4.2546875e-01
   1.0000000e+01   1.7000000e+01   3.2764208e-15   4.3684375e-01   4.3684375e-01
   1.1000000e+01   1.7000000e+01   3.2635501e-15   4.3175000e-01   4.3175000e-01
   1.2000000e+01   1.7000000e+01   3.1608760e-15   4.2259375e-01   4.2259375e-01
   1.3000000e+01   1.7000000e+01   3.0307129e-15   4.0518750e-01   4.0518750e-01
   1.4000000e+01   1.7000000e+01   2.9788367e-15   3.9021875e-01   3.9021875e-01
   1.5000000e+01   1.7000000e+01   3.1129367e-15   3.8721875e-01   3.8721875e-01
   1.6000000e+01   1.7000000e+01   2.9382716e-15   3.8375000e-01   3.8375000e-01
   1.7000000e+01   1.7000000e+01   3.1464979e-15   4.1900000e-01   4.1900000e-01
   1.8000000e+01   1.7000000e+01   3.2171557e-15   4.3100000e-01   4.3100000e-01
   1.9000000e+01   1.7000000e+01   3.4948537e-15   4.5259375e-01   4.5259375e-01
   2.0000000e+01   1.7000000e+01   3.4735489e-15   4.4928125e-01   4.4928125e-01
   2.1000000e+01   1.7000000e+01   3.5002517e-15   4.3640625e-01   4.3640625e-01
   2.2000000e+01   1.7000000e+01   3.2187079e-15   4.0621875e-01   4.0621875e-01
   2.3000000e+01   1.7000000e+01   2.9691770e-15   3.9665625e-01   3.9665625e-01
   2.4000000e+01   1.7000000e+01   3.0624880e-15   4.0818750e-01   4.0818750e-01
   2.5000000e+01   1.7000000e+01   3.2022235e-15   4.2143750e-01   4.2143750e-01
   2.6000000e+01   1.7000000e+01   3.2329161e-15   4.1775000e-01   4.1775000e-01
   2.7000000e+01   1.7000000e+01   3.3862300e-15   4.2268750e-01   4.2268750e-01
   2.8000000e+01   1.7000000e+01   3.3968513e-15   4.2612500e-01   4.2612500e-01
   2.9000000e+01   1.7000000e+01   3.3191494e-15   4.1443750e-01   4.1443750e-01
   3.0000000e+01   1.7000000e+01   3.1760332e-15   3.9375000e-01   3.9375000e-01
   3.1000000e+01   1.7000000e+01   3.2016704e-15   3.8637500e-01   3.8637500e-01
   3.2000000e+01   1.7000000e+01   3.1063267e-15   3.8803125e-01   3.8803125e-01
   3.3000000e+01   1.7000000e+01   3.2427671e-15   4.0296875e-01   4.0296875e-01
   3.4000000e+01   1.7000000e+01   3.2924040e-15   4.0915625e-01   4.0915625e-01
   3.5000000e+01   1.7000000e+01   3.3614206e-15   4.3778125e-01   4.3778125e-01
   1.0000000e+00   1.8000000e+01   3.1750741e-15   4.1946875e-01   4.1946875e-01
   2.0000000e+00   1.8000000e+01   3.2773781e-15   4.3781250e-01   4.3781250e-01
   3.0000000e+00   1.8000000e+01   3.2482646e-15   4.3628125e-01   4.3628125e-01
   4.0000000e+00   1.8000000e+01   3.2736068e-15   4.2865625e-01   4.2865625e-01
   5.0000000e+00   1.8000000e+01   3.1227481e-15   4.1378125e-01   4.1378125e-01
   6.0000000e+00   1.8000000e+01   3.0132062e-15   3.9587500e-01   3.9587500e-01
   7.0000000e+00   1.8000000e+01   3.0344294e-15   3.9356250e-01   3.9356250e-01
   8.0000000e+00   1.8000000e+01   3.1171353e-15   3.9112500e-01   3.9112500e-01
   9.0000000e+00   1.8000000e+01   3.1539208e-15   4.0740625e-01   4.0740625e-01
   1.0000000e+01   1.8000000e+01   3.1624393e-15   4.1628125e-01   4.1628125e-01
   1.1000000e+01   1.8000000e+01   3.2177097e-15   4.2334375e-01   4.2334375e-01
   1.2000000e+01   1.8000000e+01   3.0610018e-15   4.0903125e-01   4.0903125e-01
   1.3000000e+01   1.8000000e+01   2.9434718e-15   3.9784375e-01   3.9784375e-01
   1.4000000e+01   1.8000000e+01   2.7547989e-15   3.7528125e-01   3.7528125e-01
   1.5000000e+01   1.8000000e+01   2.7849266e-15   3.7475000e-01   3.7475000e-01
   1.6000000e+01   1.8000000e+01   2.9719977e-15   3.9103125e-01   3.9103125e-01
   1.7000000e+01   1.8000000e+01   3.1530881e-15   4.0134375e-01   4.0134375e-01
   1.8000000e+01   1.8000000e+01   3.1709752e-15   4.0684375e-01   4.0684375e-01
   1.9000000e+01   1.8000000e+01   3.3019662e-15   4.3500000e-01   4.3500000e-01
   2.0000000e+01   1.8000000e+01   3.3347411e-15   4.4090625e-01   4.4090625e-01
   2.1000000e+01   1.8000000e+01   3.2008893e-15   4.2584375e-01   4.2584375e-01
   2.2000000e+01   1.8000000e+01   3.0794896e-15   4.1015625e-01   4.1015625e-01
   2.3000000e+01   1.8000000e+01   3.0517053e-15   3.9875000e-01   3.9875000e-01
   2.4000000e+01   1.8000000e+01   3.0346218e-15   3.9862500e-01   3.9862500e-01
   2.5000000e+01   1.8000000e+01   3.2760069e-15   4.0650000e-01   4.0650000e-01
   2.6000000e+01   1.8000000e+01   3.1876155e-15   4.0293750e-01   4.0293750e-01
   2.7000000e+01   1.8000000e+01   3.3086730e-15   4.1321875e-01   4.1321875e-01
   2.8000000e+01   1.8000000e+01   3.2733749e-15   4.0753125e-01   4.0753125e-01
   2.9000000e+01   1.8000000e+01   3.2353405e-15   4.0837500e-01   4.0837500e-01
   3.0000000e+01   1.8000000e+01   3.0035296e-15   3.9753125e-01   3.9753125e-01
   3.1000000e+01   1.8000000e+01   2.8984110e-15   3.7975000e-01   3.7975000e-01
   3.2000000e+01   1.8000000e+01   2.8508955e-15   3.8306250e-01   3.8306250e-01
   3.3000000e+01   1.8000000e+01   2.9962469e-15   3.9365625e-01   3.9365625e-01
   3.4000000e+01   1.8000000e+01   3.2806782e-15   4.1356250e-01   4.1356250e-01
   3.5000000e+01   1.8000000e+01   3.3122302e-15   4.3662500e-01   4.3662500e-01
   1.0000000e+00   1.9000000e+01   3.0828938e-15   4.1225000e-01   4.1225000e-01
   2.0000000e+00   1.9000000e+01   3.3798162e-15   4.2053125e-01   4.2053125e-01
   3.0000000e+00   1.9000000e+01   3.3306039e-15   4.3331250e-01   4.3331250e-01
   4.0000000e+00   1.9000000e+01   3.1878061e-15   4.2590625e-01   4.2590625e-01
   5.0000000e+00   1.9000000e+01   3.0976647e-15   3.9359375e-01   3.9359375e-01
   6.0000000e+00   1.9000000e+01   3.0224398e-15   3.9400000e-01   3.9400000e-01
   7.0000000e+00   1.9000000e+01   2.8838275e-15   3.9025000e-01   3.9025000e-01
   8.0000000e+00   1.9000000e+01   3.0401555e-15   4.0143750e-01   4.0143750e-01
   9.0000000e+00   1.9000000e+01   3.1974837e-15   4.1259375e-01   4.1259375e-01
   1.0000000e+01   1.9000000e+01   3.1781868e-15   4.2231250e-01   4.2231250e-01
   1.1000000e+01   1.9000000e+01   3.2017989e-15   4.1956250e-01   4.1956250e-01
   1.2000000e+01   1.9000000e+01   3.1479739e-15   3.9459375e-01   3.9459375e-01
   1.3000000e+01   1.9000000e+01   3.0315137e-15   3.9234375e-01   3.9234375e-01
   1.4000000e+01   1.9000000e+01   2.8157568e-15   3.7603125e-01   3.7603125e-01
   1.5000000e+01   1.9000000e+01   2.7564095e-15   3.7175000e-01   3.7175000e-01
   1.6000000e+01   1.9000000e+01   2.8765324e-15   3.8750000e-01   3.8750000e-01
   1.7000000e+01   1.9000000e+01   3.0608867e-15   3.8881250e-01   3.8881250e-01
   1.8000000e+01   1.9000000e+01   3.1967620e-15   4.1325000e-01   4.1325000e-01
   1.9000000e+01   1.9000000e+01   3.3039208e-15   4.2921875e-01   4.2921875e-01
   2.0000000e+01   1.9000000e+01   3.2826524e-15   4.2981250e-01   4.2981250e-01
   2.1000000e+01   1.9000000e+01   3.1416263e-15   4.2003125e-01   4.2003125e-01
   2.2000000e+01   1.9000000e+01   3.0567680e-15   4.0575000e-01   4.0575000e-01
   2.3000000e+01   1.9000000e+01   2.8986496e-15   3.9056250e-01   3.9056250e-01
   2.4000000e+01   1.9000000e+01   2.9552281e-15   3.9296875e-01   3.9296875e-01
   2.5000000e+01   1.9000000e+01   3.0252316e-15   4.0571875e-01   4.0571875e-01
   2.6000000e+01   1.9000000e+01   3.1416390e-15   4.1637500e-01   4.1637500e-01
   2.7000000e+01   1.9000000e+01   3.1555455e-15   4.2396875e-01   4.2396875e-01
   2.8000000e+01   1.9000000e+01   3.1088287e-15   4.1621875e-01   4.1621875e-01
   2.9000000e+01   1.9000000e+01   3.0221259e-15   3.9746875e-01   3.9746875e-01
   3.0000000e+01   1.9000000e+01   2.8907021e-15   3.7918750e-01   3.7918750e-01
   3.1000000e+01   1.9000000e+01   2.7731519e-15   3.5693750e-01   3.5693750e-01
   3.2000000e+01   1.9000000e+01   2.8713766e-15   3.5925000e-01   3.5925000e-01
   3.3000000e+01   1.9000000e+01   3.0405572e-15   3.8968750e-01   3.8968750e-01
   3.4000000e+01   1.9000000e+01   3.0939027e-15   4.0693750e-01   4.0693750e-01
   3.5000000e+01   1.9000000e+01   3.3016168e-15   4.2834375e-01   4.2834375e-01
   1.0000000e+00   2.0000000e+01   3.0843492e-15   4.1243750e-01   4.1243750e-01
   2.0000000e+00   2.0000000e+01   3.2393823e-15   4.2756250e-01   4.2756250e-01
   3.0000000e+00   2.0000000e+01   3.2254935e-15   4.3043750e-01   4.3043750e-01
   4.0000000e+00   2.0000000e+01   3.2045062e-15   4.2287500e-01   4.2287500e-01
   5.0000000e+00   2.0000000e+01   3.0289934e-15   4.0684375e-01   4.0684375e-01
   6.0000000e+00   2.0000000e+01   2.9532824e-15   3.9087500e-01   3.9087500e-01
   7.0000000e+00   2.0000000e+01   2.9566245e-15   3.9187500e-01   3.9187500e-01
   8.0000000e+00   2.0000000e+01   3.0468547e-15   4.0378125e-01   4.0378125e-01
   9.0000000e+00   2.0000000e+01   3.1650529e-15   4.0996875e-01   4.0996875e-01
   1.0000000e+01   2.0000000e+01   3.2736460e-15   4.0796875e-01   4.0796875e-01
   1.1000000e+01   2.0000000e+01   3.1008731e-15   4.1065625e-01   4.1065625e-01
   1.2000000e+01   2.0000000e+01   3.1149016e-15   4.0909375e-01   4.0909375e-01
   1.3000000e+01   2.0000000e+01   2.9568286e-15   3.9553125e-01   3.9553125e-01
   1.4000000e+01   2.0000000e+01   2.8238621e-15   3.7846875e-01   3.7846875e-01
   1.5000000e+01   2.0000000e+01   2.7839543e-15   3.7275000e-01   3.7275000e-01
   1.6000000e+01   2.0000000e+01   2.8478559e-15   3.8453125e-01   3.8453125e-01
   1.7000000e+01   2.0000000e+01   2.9342376e-15   3.9890625e-01   3.9890625e-01
   1.8000000e+01   2.0000000e+01   3.0879260e-15   4.1562500e-01   4.1562500e-01
   1.9000000e+01   2.0000000e+01   3.1858905e-15   4.2518750e-01   4.2518750e-01
   2.0000000e+01   2.0000000e+01   3.2007478e-15   4.2593750e-01   4.2593750e-01
   2.1000000e+01   2.0000000e+01   3.1321908e-15   4.1828125e-01   4.1828125e-01
   2.2000000e+01   2.0000000e+01   3.0140943e-15   4.0525000e-01   4.0525000e-01
   2.3000000e+01   2.0000000e+01   2.9193954e-15   3.8850000e-01   3.8850000e-01
   2.4000000e+01   2.0000000e+01   2.8627305e-15   3.8703125e-01   3.8703125e-01
   2.5000000e+01   2.0000000e+01   3.0213131e-15   4.0365625e-01   4.0365625e-01
   2.6000000e+01   2.0000000e+01   3.0967117e-15   4.1331250e-01   4.1331250e-01
   2.7000000e+01   2.0000000e+01   3.1352029e-15   4.1637500e-01   4.1637500e-01
   2.8000000e+01   2.0000000e+01   3.1562798e-15   4.1381250e-01   4.1381250e-01
   2.9000000e+01   2.0000000e+01   3.0117684e-15   4.0409375e-01   4.0409375e-01
   3.0000000e+01   2.0000000e+01   2.8667667e-15   3.8631250e-01   3.8631250e-01
   3.1000000e+01   2.0000000e+01   2.7491964e-15   3.7412500e-01   3.7412500e-01
   3.2000000e+01   2.0000000e+01   2.9236155e-15   3.6743750e-01   3.6743750e-01
   3.3000000e+01   2.0000000e+01   2.8875695e-15   3.8756250e-01   3.8756250e-01
   3.4000000e+01   2.0000000e+01   3.0320367e-15   4.0568750e-01   4.0568750e-01
   3.5000000e+01   2.0000000e+01   3.2170177e-15   4.2334375e-01   4.2334375e-01
   1.0000000e+00   2.1000000e+01   3.2301544e-15   4.1409375e-01   4.1409375e-01
   2.0000000e+00   2.1000000e+01   3.3192575e-15   4.3143750e-01   4.3143750e-01
   3.0000000e+00   2.1000000e+01   3.2985068e-15   4.3321875e-01   4.3321875e-01
   4.0000000e+00   2.1000000e+01   3.2149783e-15   4.2587500e-01   4.2587500e-01
   5.0000000e+00   2.1000000e+01   3.1156530e-15   4.1265625e-01   4.1265625e-01
   6.0000000e+00   2.1000000e+01   2.9113144e-15   3.8878125e-01   3.8878125e-01
   7.0000000e+00   2.1000000e+01   3.1098367e-15   3.8290625e-01   3.8290625e-01
   8.0000000e+00   2.1000000e+01   3.0994328e-15   3.9937500e-01   3.9937500e-01
   9.0000000e+00   2.1000000e+01   3.1196025e-15   4.1353125e-01   4.1353125e-01
   1.0000000e+01   2.1000000e+01   3.0975608e-15   4.1715625e-01   4.1715625e-01
   1.1000000e+01   2.1000000e+01   3.1530668e-15   4.2153125e-01   4.2153125e-01
   1.2000000e+01   2.1000000e+01   3.0182567e-15   3.9565625e-01   3.9565625e-01
   1.3000000e+01   2.1000000e+01   3.1049873e-15   3.9328125e-01   3.9328125e-01
   1.4000000e+01   2.1000000e+01   2.8371084e-15   3.8062500e-01   3.8062500e-01
   1.5000000e+01   2.1000000e+01   2.7844572e-15   3.7556250e-01   3.7556250e-01
   1.6000000e+01   2.1000000e+01   3.0101751e-15   3.7878125e-01   3.7878125e-01
   1.7000000e+01   2.1000000e+01   3.0174543e-15   4.0356250e-01   4.0356250e-01
   1.8000000e+01   2.1000000e+01   3.0874061e-15   4.1718750e-01   4.1718750e-01
   1.9000000e+01   2.1000000e+01   3.1991949e-15   4.1887500e-01   4.1887500e-01
   2.0000000e+01   2.1000000e+01   3.3649162e-15   4.2356250e-01   4.2356250e-01
   2.1000000e+01   2.1000000e+01   3.2443543e-15   4.1709375e-01   4.1709375e-01
   2.2000000e+01   2.1000000e+01   3.0908843e-15   4.0300000e-01   4.0300000e-01
   2.3000000e+01   2.1000000e+01   2.9243106e-15   3.8700000e-01   3.8700000e-01
   2.4000000e+01   2.1000000e+01   2.8838015e-15   3.8768750e-01   3.8768750e-01
   2.5000000e+01   2.1000000e+01   3.0820782e-15   4.0203125e-01   4.0203125e-01
   2.6000000e+01   2.1000000e+01   3.2594376e-15   4.0509375e-01   4.0509375e-01
   2.7000000e+01   2.1000000e+01   3.0821366e-15   4.0965625e-01   4.0965625e-01
   2.8000000e+01   2.1000000e+01   3.1273702e-15   4.1275000e-01   4.1275000e-01
   2.9000000e+01   2.1000000e+01   2.9847699e-15   4.0462500e-01   4.0462500e-01
   3.0000000e+01   2.1000000e+01   2.9943551e-15   3.7862500e-01   3.7862500e-01
   3.1000000e+01   2.1000000e+01   2.7757564e-15   3.7028125e-01   3.7028125e-01
   3.2000000e+01   2.1000000e+01   2.7721342e-15   3.7431250e-01   3.7431250e-01
   3.3000000e+01   2.1000000e+01   2.8926267e-15   3.8812500e-01   3.8812500e-01
   3.4000000e+01   2.1000000e+01   3.0705617e-15   4.0518750e-01   4.0518750e-01
   3.5000000e+01   2.1000000e+01   3.1856009e-15   4.2100000e-01   4.2100000e-01
   1.0000000e+00   2.2000000e+01   3.1704856e-15   4.1046875e-01   4.1046875e-01
   2.0000000e+00   2.2000000e+01   3.3083016e-15   4.3959375e-01   4.3959375e-01
   3.0000000e+00   2.2000000e+01   3.3168408e-15   4.3753125e-01   4.3753125e-01
   4.0000000e+00   2.2000000e+01   3.2532986e-15   4.2700000e-01   4.2700000e-01
   5.0000000e+00   2.2000000e+01   3.2707367e-15   4.1125000e-01   4.1125000e-01
   6.0000000e+00   2.2000000e+01   3.0234365e-15   3.8675000e-01   3.8675000e-01
   7.0000000e+00   2.2000000e+01   2.9216757e-15   3.9721875e-01   3.9721875e-01
   8.0000000e+00   2.2000000e+01   3.1030429e-15   4.0568750e-01   4.0568750e-01
   9.0000000e+00   2.2000000e+01   3.1323002e-15   4.1243750e-01   4.1243750e-01
   1.0000000e+01   2.2000000e+01   3.2739062e-15   4.2109375e-01   4.2109375e-01
   1.1000000e+01   2.2000000e+01   3.1581525e-15   4.0384375e-01   4.0384375e-01
   1.2000000e+01   2.2000000e+01   3.0939321e-15   4.1015625e-01   4.1015625e-01
   1.3000000e+01   2.2000000e+01   2.9327184e-15   4.0000000e-01   4.0000000e-01
   1.4000000e+01   2.2000000e+01   2.7780455e-15   3.8100000e-01   3.8100000e-01
   1.5000000e+01   2.2000000e+01   2.8143415e-15   3.7915625e-01   3.7915625e-01
   1.6000000e+01   2.2000000e+01   2.8701301e-15   3.9068750e-01   3.9068750e-01
   1.7000000e+01   2.2000000e+01   3.1277484e-15   4.0903125e-01   4.0903125e-01
   1.8000000e+01   2.2000000e+01   3.2390588e-15   4.1937500e-01   4.1937500e-01
   1.9000000e+01   2.2000000e+01   3.4014572e-15   4.3181250e-01   4.3181250e-01
   2.0000000e+01   2.2000000e+01   3.2927938e-15   4.1662500e-01   4.1662500e-01
   2.1000000e+01   2.2000000e+01   3.1589161e-15   4.1759375e-01   4.1759375e-01
   2.2000000e+01   2.2000000e+01   3.0247185e-15   4.0437500e-01   4.0437500e-01
   2.3000000e+01   2.2000000e+01   2.8474751e-15   3.8834375e-01   3.8834375e-01
   2.4000000e+01   2.2000000e+01   2.9223870e-15   3.9121875e-01   3.9121875e-01
   2.5000000e+01   2.2000000e+01   3.1144604e-15   4.0381250e-01   4.0381250e-01
   2.6000000e+01   2.2000000e+01   3.2010518e-15   4.0993750e-01   4.0993750e-01
   2.7000000e+01   2.2000000e+01   3.2573808e-15   4.1625000e-01   4.1625000e-01
   2.8000000e+01   2.2000000e+01   3.2605500e-15   4.0587500e-01   4.0587500e-01
   2.9000000e+01   2.2000000e+01   3.0040608e-15   3.9787500e-01   3.9787500e-01
   3.0000000e+01   2.2000000e+01   2.8730757e-15   3.9031250e-01   3.9031250e-01
   3.1000000e+01   2.2000000e+01   2.7627731e-15   3.7321875e-01   3.7321875e-01
   3.2000000e+01   2.2000000e+01   2.9356180e-15   3.7612500e-01   3.7612500e-01
   3.3000000e+01   2.2000000e+01   2.9059641e-15   3.8150000e-01   3.8150000e-01
   3.4000000e+01   2.2000000e+01   3.0398202e-15   4.0921875e-01   4.0921875e-01
   3.5000000e+01   2.2000000e+01   3.2381414e-15   4.2487500e-01   4.2487500e-01
   1.0000000e+00   2.3000000e+01   3.2445382e-15   4.2146875e-01   4.2146875e-01
   2.0000000e+00   2.3000000e+01   3.3069109e-15   4.4259375e-01   4.4259375e-01
   3.0000000e+00   2.3000000e+01   3.3766111e-15   4.4268750e-01   4.4268750e-01
   4.0000000e+00   2.3000000e+01   3.3133011e-15   4.2140625e-01   4.2140625e-01
   5.0000000e+00   2.3000000e+01   3.1681295e-15   4.2109375e-01   4.2109375e-01
   6.0000000e+00   2.3000000e+01   3.0611792e-15   4.0434375e-01   4.0434375e-01
   7.0000000e+00   2.3000000e+01   3.0886314e-15   3.9262500e-01   3.9262500e-01
   8.0000000e+00   2.3000000e+01   3.1149346e-15   4.1293750e-01   4.1293750e-01
   9.0000000e+00   2.3000000e+01   3.1317877e-15   4.1628125e-01   4.1628125e-01
   1.0000000e+01   2.3000000e+01   3.2654953e-15   4.1237500e-01   4.1237500e-01
   1.1000000e+01   2.3000000e+01   3.1814680e-15   4.2509375e-01   4.2509375e-01
   1.2000000e+01   2.3000000e+01   3.2304723e-15   4.1350000e-01   4.1350000e-01
   1.3000000e+01   2.3000000e+01   2.9540235e-15   3.9340625e-01   3.9340625e-01
   1.4000000e+01   2.3000000e+01   2.8662386e-15   3.8615625e-01   3.8615625e-01
   1.5000000e+01   2.3000000e+01   2.9344123e-15   3.8203125e-01   3.8203125e-01
   1.6000000e+01   2.3000000e+01   3.0096095e-15   3.8487500e-01   3.8487500e-01
   1.7000000e+01   2.3000000e+01   3.0384364e-15   4.1003125e-01   4.1003125e-01
   1.8000000e+01   2.3000000e+01   3.2178330e-15   4.2828125e-01   4.2828125e-01
   1.9000000e+01   2.3000000e+01   3.4095094e-15   4.4078125e-01   4.4078125e-01
   2.0000000e+01   2.3000000e+01   3.4187375e-15   4.2918750e-01   4.2918750e-01
   2.1000000e+01   2.3000000e+01   3.1495604e-15   4.2512500e-01   4.2512500e-01
   2.2000000e+01   2.3000000e+01   3.0404417e-15   4.0634375e-01   4.0634375e-01
   2.3000000e+01   2.3000000e+01   3.0869993e-15   3.9331250e-01   3.9331250e-01
   2.4000000e+01   2.3000000e+01   2.8583823e-15   3.8259375e-01   3.8259375e-01
   2.5000000e+01   2.3000000e+01   3.0114018e-15   4.0734375e-01   4.0734375e-01
   2.6000000e+01   2.3000000e+01   3.0756483e-15   4.1209375e-01   4.1209375e-01
   2.7000000e+01   2.3000000e+01   3.1859256e-15   4.1909375e-01   4.1909375e-01
   2.8000000e+01   2.3000000e+01   3.2548592e-15   4.0912500e-01   4.0912500e-01
   2.9000000e+01   2.3000000e+01   3.0131115e-15   4.0765625e-01   4.0765625e-01
   3.0000000e+01   2.3000000e+01   2.9545950e-15   3.9256250e-01   3.9256250e-01
   3.1000000e+01   2.3000000e+01   2.8416889e-15   3.7546875e-01   3.7546875e-01
   3.2000000e+01   2.3000000e+01   2.7899481e-15   3.7500000e-01   3.7500000e-01
   3.3000000e+01   2.3000000e+01   2.9902152e-15   3.9221875e-01   3.9221875e-01
   3.4000000e+01   2.3000000e+01   3.1257903e-15   4.1259375e-01   4.1259375e-01
   3.5000000e+01   2.3000000e+01   3.3073871e-15   4.1540625e-01   4.1540625e-01
   1.0000000e+00   2.4000000e+01   3.3028696e-15   4.3421875e-01   4.3421875e-01
   2.0000000e+00   2.4000000e+01   3.4590011e-15   4.5168750e-01   4.5168750e-01
   3.0000000e+00   2.4000000e+01   3.5340998e-15   4.3731250e-01   4.3731250e-01
   4.0000000e+00   2.4000000e+01   3.3256380e-15   4.4271875e-01   4.4271875e-01
   5.0000000e+00   2.4000000e+01   3.1768079e-15   4.2318750e-01   4.2318750e-01
   6.0000000e+00   2.4000000e+01   3.1079845e-15   4.0862500e-01   4.0862500e-01
   7.0000000e+00   2.4000000e+01   3.1090167e-15   3.9243750e-01   3.9243750e-01
   8.0000000e+00   2.4000000e+01   3.1162789e-15   4.1471875e-01   4.1471875e-01
   9.0000000e+00   2.4000000e+01   3.2553092e-15   4.2281250e-01   4.2281250e-01
   1.0000000e+01   2.4000000e+01   3.3381875e-15   4.1631250e-01   4.1631250e-01
   1.1000000e+01   2.4000000e+01   3.2370318e-15   4.2915625e-01   4.2915625e-01
   1.2000000e+01   2.4000000e+01   3.2524043e-15   4.1893750e-01   4.1893750e-01
   1.3000000e+01   2.4000000e+01   2.9746248e-15   3.9162500e-01   3.9162500e-01
   1.4000000e+01   2.4000000e+01   2.8804015e-15   3.9056250e-01   3.9056250e-01
   1.5000000e+01   2.4000000e+01   3.0268153e-15   3.8662500e-01   3.8662500e-01
   1.6000000e+01   2.4000000e+01   2.9974543e-15   4.0550000e-01   4.0550000e-01
   1.7000000e+01   2.4000000e+01   3.1564300e-15   4.1893750e-01   4.1893750e-01
   1.8000000e+01   2.4000000e+01   3.3646165e-15   4.2325000e-01   4.2325000e-01
   1.9000000e+01   2.4000000e+01   3.3830192e-15   4.4818750e-01   4.4818750e-01
   2.0000000e+01   2.4000000e+01   3.3450063e-15   4.4318750e-01   4.4318750e-01
   2.1000000e+01   2.4000000e+01   3.3473434e-15   4.3543750e-01   4.3543750e-01
   2.2000000e+01   2.4000000e+01   3.1778051e-15   4.0018750e-01   4.0018750e-01
   2.3000000e+01   2.4000000e+01   2.9162185e-15   4.0240625e-01   4.0240625e-01
   2.4000000e+01   2.4000000e+01   3.0133495e-15   4.0134375e-01   4.0134375e-01
   2.5000000e+01   2.4000000e+01   3.1737315e-15   4.1431250e-01   4.1431250e-01
   2.6000000e+01   2.4000000e+01   3.2275663e-15   4.1096875e-01   4.1096875e-01
   2.7000000e+01   2.4000000e+01   3.1659380e-15   4.0937500e-01   4.0937500e-01
   2.8000000e+01   2.4000000e+01   3.1626962e-15   4.0646875e-01   4.0646875e-01
   2.9000000e+01   2.4000000e+01   3.0999454e-15   3.9334375e-01   3.9334375e-01
   3.0000000e+01   2.4000000e+01   3.0966710e-15   3.8456250e-01   3.8456250e-01
   3.1000000e+01   2.4000000e+01   2.9924396e-15   3.7550000e-01   3.7550000e-01
   3.2000000e+01   2.4000000e+01   2.9674358e-15   3.7471875e-01   3.7471875e-01
   3.3000000e+01   2.4000000e+01   3.0138945e-15   3.8743750e-01   3.8743750e-01
   3.4000000e+01   2.4000000e+01   3.0892146e-15   4.2109375e-01   4.2109375e-01
   3.5000000e+01   2.4000000e+01   3.3501393e-15   4.3871875e-01   4.3871875e-01
   1.0000000e+00   2.5000000e+01   3.3284486e-15   4.3806250e-01   4.3806250e-01
   2.0000000e+00   2.5000000e+01   3.5114058e-15   4.5265625e-01   4.5265625e-01
   3.0000000e+00   2.5000000e+01   3.5032000e-15   4.5181250e-01   4.5181250e-01
   4.0000000e+00   2.5000000e+01   3.3683842e-15   4.4384375e-01   4.4384375e-01
   5.0000000e+00   2.5000000e+01   3.2776746e-15   4.2725000e-01   4.2725000e-01
   6.0000000e+00   2.5000000e+01   3.1559773e-15   4.1012500e-01   4.1012500e-01
   7.0000000e+00   2.5000000e+01   3.1392565e-15   4.0687500e-01   4.0687500e-01
   8.0000000e+00   2.5000000e+01   3.2898248e-15   4.1721875e-01   4.1721875e-01
   9.0000000e+00   2.5000000e+01   3.3383975e-15   4.1759375e-01   4.1759375e-01
   1.0000000e+01   2.5000000e+01   3.4405595e-15   4.2618750e-01   4.2618750e-01
   1.1000000e+01   2.5000000e+01   3.3433457e-15   4.1912500e-01   4.1912500e-01
   1.2000000e+01   2.5000000e+01   3.1799292e-15   4.0434375e-01   4.0434375e-01
   1.3000000e+01   2.5000000e+01   3.0494776e-15   3.9665625e-01   3.9665625e-01
   1.4000000e+01   2.5000000e+01   2.8697727e-15   3.8596875e-01   3.8596875e-01
   1.5000000e+01   2.5000000e+01   2.9471105e-15   3.9006250e-01   3.9006250e-01
   1.6000000e+01   2.5000000e+01   2.9845410e-15   3.9868750e-01   3.9868750e-01
   1.7000000e+01   2.5000000e+01   3.1493929e-15   4.0759375e-01   4.0759375e-01
   1.8000000e+01   2.5000000e+01   3.3112651e-15   4.1793750e-01   4.1793750e-01
   1.9000000e+01   2.5000000e+01   3.3876516e-15   4.3690625e-01   4.3690625e-01
   2.0000000e+01   2.5000000e+01   3.3954456e-15   4.4737500e-01   4.4737500e-01
   2.1000000e+01   2.5000000e+01   3.3144164e-15   4.3762500e-01   4.3762500e-01
   2.2000000e+01   2.5000000e+01   3.1404460e-15   4.2056250e-01   4.2056250e-01
   2.3000000e+01   2.5000000e+01   3.0451139e-15   4.0303125e-01   4.0303125e-01
   2.4000000e+01   2.5000000e+01   3.1108505e-15   4.0531250e-01   4.0531250e-01
   2.5000000e+01   2.5000000e+01   3.1156467e-15   4.1481250e-01   4.1481250e-01
   2.6000000e+01   2.5000000e+01   3.2133963e-15   4.2162500e-01   4.2162500e-01
   2.7000000e+01   2.5000000e+01   3.1971622e-15   4.2650000e-01   4.2650000e-01
   2.8000000e+01   2.5000000e+01   3.2199359e-15   4.2390625e-01   4.2390625e-01
   2.9000000e+01   2.5000000e+01   3.1811228e-15   4.1471875e-01   4.1471875e-01
   3.0000000e+01   2.5000000e+01   2.9740597e-15   4.0178125e-01   4.0178125e-01
   3.1000000e+01   2.5000000e+01   2.8721493e-15   3.8825000e-01   3.8825000e-01
   3.2000000e+01   2.5000000e+01   2.9035775e-15   3.8912500e-01   3.8912500e-01
   3.3000000e+01   2.5000000e+01   2.9816176e-15   4.0706250e-01   4.0706250e-01
   3.4000000e+01   2.5000000e+01   3.1401510e-15   4.1312500e-01   4.1312500e-01
   3.5000000e+01   2.5000000e+01   3.3927393e-15   4.2812500e-01   4.2812500e-01
   1.0000000e+00   2.6000000e+01   3.3429928e-15   4.3125000e-01   4.3125000e-01
   2.0000000e+00   2.6000000e+01   3.5213165e-15   4.5209375e-01   4.5209375e-01
   3.0000000e+00   2.6000000e+01   3.5539042e-15   4.4390625e-01   4.4390625e-01
   4.0000000e+00   2.6000000e+01   3.5012544e-15   4.3303125e-01   4.3303125e-01
   5.0000000e+00   2.6000000e+01   3.3635523e-15   4.1925000e-01   4.1925000e-01
   6.0000000e+00   2.6000000e+01   3.2235480e-15   4.0896875e-01   4.0896875e-01
   7.0000000e+00   2.6000000e+01   3.0832338e-15   4.0743750e-01   4.0743750e-01
   8.0000000e+00   2.6000000e+01   3.1893650e-15   4.1884375e-01   4.1884375e-01
   9.0000000e+00   2.6000000e+01   3.3393187e-15   4.3265625e-01   4.3265625e-01
   1.0000000e+01   2.6000000e+01   3.3617236e-15   4.3646875e-01   4.3646875e-01
   1.1000000e+01   2.6000000e+01   3.3102946e-15   4.3971875e-01   4.3971875e-01
   1.2000000e+01   2.6000000e+01   3.1431442e-15   4.2871875e-01   4.2871875e-01
   1.3000000e+01   2.6000000e+01   3.1006937e-15   4.1306250e-01   4.1306250e-01
   1.4000000e+01   2.6000000e+01   3.1037668e-15   3.9434375e-01   3.9434375e-01
   1.5000000e+01   2.6000000e+01   3.0914204e-15   3.9812500e-01   3.9812500e-01
   1.6000000e+01   2.6000000e+01   3.1612873e-15   4.1318750e-01   4.1318750e-01
   1.7000000e+01   2.6000000e+01   3.1764446e-15   4.2343750e-01   4.2343750e-01
   1.8000000e+01   2.6000000e+01   3.3140932e-15   4.3906250e-01   4.3906250e-01
   1.9000000e+01   2.6000000e+01   3.4332281e-15   4.5075000e-01   4.5075000e-01
   2.0000000e+01   2.6000000e+01   3.4557720e-15   4.5000000e-01   4.5000000e-01
   2.1000000e+01   2.6000000e+01   3.3109595e-15   4.3950000e-01   4.3950000e-01
   2.2000000e+01   2.6000000e+01   3.1899467e-15   4.2228125e-01   4.2228125e-01
   2.3000000e+01   2.6000000e+01   3.1150588e-15   4.0431250e-01   4.0431250e-01
   2.4000000e+01   2.6000000e+01   3.0567109e-15   4.0665625e-01   4.0665625e-01
   2.5000000e+01   2.6000000e+01   3.1916503e-15   4.1709375e-01   4.1709375e-01
   2.6000000e+01   2.6000000e+01   3.2579920e-15   4.2431250e-01   4.2431250e-01
   2.7000000e+01   2.6000000e+01   3.3054179e-15   4.3496875e-01   4.3496875e-01
   2.8000000e+01   2.6000000e+01   3.3309891e-15   4.2562500e-01   4.2562500e-01
   2.9000000e+01   2.6000000e+01   3.2969281e-15   4.1259375e-01   4.1259375e-01
   3.0000000e+01   2.6000000e+01   3.2070817e-15   4.0143750e-01   4.0143750e-01
   3.1000000e+01   2.6000000e+01   3.0678658e-15   3.9462500e-01   3.9462500e-01
   3.2000000e+01   2.6000000e+01   3.0155262e-15   3.9628125e-01   3.9628125e-01
   3.3000000e+01   2.6000000e+01   3.1012758e-15   4.1025000e-01   4.1025000e-01
   3.4000000e+01   2.6000000e+01   3.2757888e-15   4.2731250e-01   4.2731250e-01
   3.5000000e+01   2.6000000e+01   3.4076318e-15   4.4800000e-01   4.4800000e-01
   1.0000000e+00   2.7000000e+01   3.3618395e-15   4.4106250e-01   4.4106250e-01
   2.0000000e+00   2.7000000e+01   3.4968112e-15   4.5856250e-01   4.5856250e-01
   3.0000000e+00   2.7000000e+01   3.6193375e-15   4.6568750e-01   4.6568750e-01
   4.0000000e+00   2.7000000e+01   3.5141268e-15   4.5300000e-01   4.5300000e-01
   5.0000000e+00   2.7000000e+01   3.4586717e-15   4.3650000e-01   4.3650000e-01
   6.0000000e+00   2.7000000e+01   3.2329780e-15   4.0440625e-01   4.0440625e-01
   7.0000000e+00   2.7000000e+01   3.1148549e-15   3.9418750e-01   3.9418750e-01
   8.0000000e+00   2.7000000e+01   3.1223904e-15   4.0950000e-01   4.0950000e-01
   9.0000000e+00   2.7000000e+01   3.2557324e-15   4.3331250e-01   4.3331250e-01
   1.0000000e+01   2.7000000e+01   3.3274285e-15   4.4493750e-01   4.4493750e-01
   1.1000000e+01   2.7000000e+01   3.4089864e-15   4.4390625e-01   4.4390625e-01
   1.2000000e+01   2.7000000e+01   3.2787616e-15   4.3384375e-01   4.3384375e-01
   1.3000000e+01   2.7000000e+01   3.2177536e-15   4.2137500e-01   4.2137500e-01
   1.4000000e+01   2.7000000e+01   3.1780765e-15   4.0553125e-01   4.0553125e-01
   1.5000000e+01   2.7000000e+01   3.1898679e-15   3.9737500e-01   3.9737500e-01
   1.6000000e+01   2.7000000e+01   3.1503594e-15   3.9759375e-01   3.9759375e-01
   1.7000000e+01   2.7000000e+01   3.1888646e-15   4.2350000e-01   4.2350000e-01
   1.8000000e+01   2.7000000e+01   3.3426015e-15   4.4175000e-01   4.4175000e-01
   1.9000000e+01   2.7000000e+01   3.4390873e-15   4.6121875e-01   4.6121875e-01
   2.0000000e+01   2.7000000e+01   3.3175232e-15   4.5609375e-01   4.5609375e-01
   2.1000000e+01   2.7000000e+01   3.3227734e-15   4.4559375e-01   4.4559375e-01
   2.2000000e+01   2.7000000e+01   3.1896212e-15   4.2693750e-01   4.2693750e-01
   2.3000000e+01   2.7000000e+01   3.0070882e-15   4.1109375e-01   4.1109375e-01
   2.4000000e+01   2.7000000e+01   2.9947696e-15   4.0696875e-01   4.0696875e-01
   2.5000000e+01   2.7000000e+01   3.1512548e-15   4.1706250e-01   4.1706250e-01
   2.6000000e+01   2.7000000e+01   3.2662991e-15   4.2928125e-01   4.2928125e-01
   2.7000000e+01   2.7000000e+01   3.3014858e-15   4.3506250e-01   4.3506250e-01
   2.8000000e+01   2.7000000e+01   3.2963226e-15   4.3546875e-01   4.3546875e-01
   2.9000000e+01   2.7000000e+01   3.1396092e-15   4.1909375e-01   4.1909375e-01
   3.0000000e+01   2.7000000e+01   3.1990372e-15   3.9671875e-01   3.9671875e-01
   3.1000000e+01   2.7000000e+01   3.1207862e-15   3.9918750e-01   3.9918750e-01
   3.2000000e+01   2.7000000e+01   3.0437762e-15   3.9618750e-01   3.9618750e-01
   3.3000000e+01   2.7000000e+01   3.1188588e-15   4.0928125e-01   4.0928125e-01
   3.4000000e+01   2.7000000e+01   3.2142465e-15   4.2487500e-01   4.2487500e-01
   3.5000000e+01   2.7000000e+01   3.4301126e-15   4.4737500e-01   4.4737500e-01
   1.0000000e+00   2.8000000e+01   3.4431397e-15   4.4856250e-01   4.4856250e-01
   2.0000000e+00   2.8000000e+01   3.5675841e-15   4.4918750e-01   4.4918750e-01
   3.0000000e+00   2.8000000e+01   3.7425468e-15   4.6565625e-01   4.6565625e-01
   4.0000000e+00   2.8000000e+01   3.6618762e-15   4.6396875e-01   4.6396875e-01
   5.0000000e+00   2.8000000e+01   3.5260055e-15   4.4418750e-01   4.4418750e-01
   6.0000000e+00   2.8000000e+01   3.3024502e-15   4.2346875e-01   4.2346875e-01
   7.0000000e+00   2.8000000e+01   3.2001848e-15   4.1993750e-01   4.1993750e-01
   8.0000000e+00   2.8000000e+01   3.2730020e-15   4.2881250e-01   4.2881250e-01
   9.0000000e+00   2.8000000e+01   3.3278783e-15   4.4087500e-01   4.4087500e-01
   1.0000000e+01   2.8000000e+01   3.3703252e-15   4.5062500e-01   4.5062500e-01
   1.1000000e+01   2.8000000e+01   3.4279488e-15   4.5015625e-01   4.5015625e-01
   1.2000000e+01   2.8000000e+01   3.2940536e-15   4.4075000e-01   4.4075000e-01
   1.3000000e+01   2.8000000e+01   3.2410568e-15   4.2615625e-01   4.2615625e-01
   1.4000000e+01   2.8000000e+01   3.0972413e-15   3.9121875e-01   3.9121875e-01
   1.5000000e+01   2.8000000e+01   3.1986102e-15   3.9921875e-01   3.9921875e-01
   1.6000000e+01   2.8000000e+01   3.2452833e-15   4.1218750e-01   4.1218750e-01
   1.7000000e+01   2.8000000e+01   3.4279151e-15   4.2456250e-01   4.2456250e-01
   1.8000000e+01   2.8000000e+01   3.5834125e-15   4.3809375e-01   4.3809375e-01
   1.9000000e+01   2.8000000e+01   3.6129029e-15   4.4568750e-01   4.4568750e-01
   2.0000000e+01   2.8000000e+01   3.6040392e-15   4.4396875e-01   4.4396875e-01
   2.1000000e+01   2.8000000e+01   3.6482981e-15   4.4628125e-01   4.4628125e-01
   2.2000000e+01   2.8000000e+01   3.3384367e-15   4.3643750e-01   4.3643750e-01
   2.3000000e+01   2.8000000e+01   3.1360226e-15   4.1331250e-01   4.1331250e-01
   2.4000000e+01   2.8000000e+01   3.0435736e-15   4.0953125e-01   4.0953125e-01
   2.5000000e+01   2.8000000e+01   3.2472226e-15   4.2565625e-01   4.2565625e-01
   2.6000000e+01   2.8000000e+01   3.2417327e-15   4.2546875e-01   4.2546875e-01
   2.7000000e+01   2.8000000e+01   3.4972559e-15   4.3562500e-01   4.3562500e-01
   2.8000000e+01   2.8000000e+01   3.4262749e-15   4.4093750e-01   4.4093750e-01
   2.9000000e+01   2.8000000e+01   3.2938282e-15   4.3128125e-01   4.3128125e-01
   3.0000000e+01   2.8000000e+01   3.0935242e-15   4.1643750e-01   4.1643750e-01
   3.1000000e+01   2.8000000e+01   3.0492166e-15   4.0465625e-01   4.0465625e-01
   3.2000000e+01   2.8000000e+01   3.1290960e-15   3.8465625e-01   3.8465625e-01
   3.3000000e+01   2.8000000e+01   3.2325297e-15   4.1246875e-01   4.1246875e-01
   3.4000000e+01   2.8000000e+01   3.3099930e-15   4.3150000e-01   4.3150000e-01
   3.5000000e+01   2.8000000e+01   3.4699905e-15   4.5175000e-01   4.5175000e-01
   1.0000000e+00   2.9000000e+01   3.3947278e-15   4.4962500e-01   4.4962500e-01
   2.0000000e+00   2.9000000e+01   3.5913196e-15   4.7221875e-01   4.7221875e-01
   3.0000000e+00   2.9000000e+01   3.7665778e-15   4.8209375e-01   4.8209375e-01
   4.0000000e+00   2.9000000e+01   3.6408566e-15   4.7356250e-01   4.7356250e-01
   5.0000000e+00   2.9000000e+01   3.4842099e-15   4.5615625e-01   4.5615625e-01
   6.0000000e+00   2.9000000e+01   3.2920375e-15   4.1215625e-01   4.1215625e-01
   7.0000000e+00   2.9000000e+01   3.4214611e-15   4.1843750e-01   4.1843750e-01
   8.0000000e+00   2.9000000e+01   3.4833363e-15   4.3096875e-01   4.3096875e-01
   9.0000000e+00   2.9000000e+01   3.5734246e-15   4.3659375e-01   4.3659375e-01
   1.0000000e+01   2.9000000e+01   3.5210979e-15   4.3681250e-01   4.3681250e-01
   1.1000000e+01   2.9000000e+01   3.4593575e-15   4.5062500e-01   4.5062500e-01
   1.2000000e+01   2.9000000e+01   3.4628545e-15   4.4534375e-01   4.4534375e-01
   1.3000000e+01   2.9000000e+01   3.2609707e-15   4.3465625e-01   4.3465625e-01
   1.4000000e+01   2.9000000e+01   3.1558866e-15   4.1431250e-01   4.1431250e-01
   1.5000000e+01   2.9000000e+01   3.1384531e-15   4.1015625e-01   4.1015625e-01
   1.6000000e+01   2.9000000e+01   3.2201884e-15   4.2153125e-01   4.2153125e-01
   1.7000000e+01   2.9000000e+01   3.4109480e-15   4.2284375e-01   4.2284375e-01
   1.8000000e+01   2.9000000e+01   3.4150443e-15   4.5250000e-01   4.5250000e-01
   1.9000000e+01   2.9000000e+01   3.6516221e-15   4.6671875e-01   4.6671875e-01
   2.0000000e+01   2.9000000e+01   3.6258080e-15   4.7509375e-01   4.7509375e-01
   2.1000000e+01   2.9000000e+01   3.5336040e-15   4.6381250e-01   4.6381250e-01
   2.2000000e+01   2.9000000e+01   3.4505299e-15   4.4403125e-01   4.4403125e-01
   2.3000000e+01   2.9000000e+01   3.2046605e-15   4.2475000e-01   4.2475000e-01
   2.4000000e+01   2.9000000e+01   3.2311237e-15   4.0156250e-01   4.0156250e-01
   2.5000000e+01   2.9000000e+01   3.3042052e-15   4.3115625e-01   4.3115625e-01
   2.6000000e+01   2.9000000e+01   3.2686249e-15   4.4112500e-01   4.4112500e-01
   2.7000000e+01   2.9000000e+01   3.4288240e-15   4.4990625e-01   4.4990625e-01
   2.8000000e+01   2.9000000e+01   3.4140064e-15   4.4765625e-01   4.4765625e-01
   2.9000000e+01   2.9000000e+01   3.2398226e-15   4.3709375e-01   4.3709375e-01
   3.0000000e+01   2.9000000e+01   3.1597550e-15   4.2268750e-01   4.2268750e-01
   3.1000000e+01   2.9000000e+01   3.0110193e-15   4.0950000e-01   4.0950000e-01
   3.2000000e+01   2.9000000e+01   3.0168013e-15   4.0771875e-01   4.0771875e-01
   3.3000000e+01   2.9000000e+01   3.1468315e-15   4.1971875e-01   4.1971875e-01
   3.4000000e+01   2.9000000e+01   3.2873084e-15   4.3621875e-01   4.3621875e-01
   3.5000000e+01   2.9000000e+01   3.4798346e-15   4.6200000e-01   4.6200000e-01
   1.0000000e+00   3.0000000e+01   3.3920016e-15   4.5390625e-01   4.5390625e-01
   2.0000000e+00   3.0000000e+01   3.5751632e-15   4.7625000e-01   4.7625000e-01
   3.0000000e+00   3.0000000e+01   3.6577725e-15   4.8509375e-01   4.8509375e-01
   4.0000000e+00   3.0000000e+01   3.6162313e-15   4.7337500e-01   4.7337500e-01
   5.0000000e+00   3.0000000e+01   3.4636555e-15   4.5881250e-01   4.5881250e-01
   6.0000000e+00   3.0000000e+01   3.3364273e-15   4.3403125e-01   4.3403125e-01
   7.0000000e+00   3.0000000e+01   3.2527320e-15   4.2853125e-01   4.2853125e-01
   8.0000000e+00   3.0000000e+01   3.3545643e-15   4.3903125e-01   4.3903125e-01
   9.0000000e+00   3.0000000e+01   3.3797206e-15   4.4687500e-01   4.4687500e-01
   1.0000000e+01   3.0000000e+01   3.5437040e-15   4.5937500e-01   4.5937500e-01
   1.1000000e+01   3.0000000e+01   3.4626568e-15   4.5937500e-01   4.5937500e-01
   1.2000000e+01   3.0000000e+01   3.4630436e-15   4.4871875e-01   4.4871875e-01
   1.3000000e+01   3.0000000e+01   3.3077809e-15   4.3446875e-01   4.3446875e-01
   1.4000000e+01   3.0000000e+01   3.2703520e-15   4.1637500e-01   4.1637500e-01
   1.5000000e+01   3.0000000e+01   3.2365336e-15   4.0768750e-01   4.0768750e-01
   1.6000000e+01   3.0000000e+01   3.3660015e-15   4.2090625e-01   4.2090625e-01
   1.7000000e+01   3.0000000e+01   3.4274037e-15   4.3600000e-01   4.3600000e-01
   1.8000000e+01   3.0000000e+01   3.6124926e-15   4.4971875e-01   4.4971875e-01
   1.9000000e+01   3.0000000e+01   3.8714367e-15   4.6912500e-01   4.6912500e-01
   2.0000000e+01   3.0000000e+01   3.6072634e-15   4.5775000e-01   4.5775000e-01
   2.1000000e+01   3.0000000e+01   3.6177331e-15   4.6878125e-01   4.6878125e-01
   2.2000000e+01   3.0000000e+01   3.3523263e-15   4.4940625e-01   4.4940625e-01
   2.3000000e+01   3.0000000e+01   3.2141804e-15   4.2865625e-01   4.2865625e-01
   2.4000000e+01   3.0000000e+01   3.2646901e-15   4.2725000e-01   4.2725000e-01
   2.5000000e+01   3.0000000e+01   3.3836866e-15   4.3721875e-01   4.3721875e-01
   2.6000000e+01   3.0000000e+01   3.5381064e-15   4.4787500e-01   4.4787500e-01
   2.7000000e+01   3.0000000e+01   3.3644045e-15   4.4731250e-01   4.4731250e-01
   2.8000000e+01   3.0000000e+01   3.4093147e-15   4.5187500e-01   4.5187500e-01
   2.9000000e+01   3.0000000e+01   3.4391893e-15   4.3950000e-01   4.3950000e-01
   3.0000000e+01   3.0000000e+01   3.1504432e-15   4.1321875e-01   4.1321875e-01
   3.1000000e+01   3.0000000e+01   3.0421714e-15   4.0840625e-01   4.0840625e-01
   3.2000000e+01   3.0000000e+01   3.1253006e-15   4.1240625e-01   4.1240625e-01
   3.3000000e+01   3.0000000e+01   3.3277742e-15   4.1471875e-01   4.1471875e-01
   3.4000000e+01   3.0000000e+01   3.2873971e-15   4.3806250e-01   4.3806250e-01
   3.5000000e+01   3.0000000e+01   3.4986815e-15   4.6050000e-01   4.6050000e-01
   1.0000000e+00   3.1000000e+01   3.5289749e-15   4.3715625e-01   4.3715625e-01
   2.0000000e+00   3.1000000e+01   3.6497502e-15   4.7346875e-01   4.7346875e-01
   3.0000000e+00   3.1000000e+01   3.7407625e-15   4.8337500e-01   4.8337500e-01
   4.0000000e+00   3.1000000e+01   3.7350723e-15   4.6209375e-01   4.6209375e-01
   5.0000000e+00   3.1000000e+01   3.4067104e-15   4.5915625e-01   4.5915625e-01
   6.0000000e+00   3.1000000e+01   3.4219205e-15   4.3046875e-01   4.3046875e-01
   7.0000000e+00   3.1000000e+01   3.1825691e-15   4.2462500e-01   4.2462500e-01
   8.0000000e+00   3.1000000e+01   3.4245306e-15   4.3078125e-01   4.3078125e-01
   9.0000000e+00   3.1000000e+01   3.4729337e-15   4.5321875e-01   4.5321875e-01
   1.0000000e+01   3.1000000e+01   3.5487736e-15   4.6268750e-01   4.6268750e-01
   1.1000000e+01   3.1000000e+01   3.4505055e-15   4.6325000e-01   4.6325000e-01
   1.2000000e+01   3.1000000e+01   3.4117283e-15   4.4615625e-01   4.4615625e-01
   1.3000000e+01   3.1000000e+01   3.2381940e-15   4.2218750e-01   4.2218750e-01
   1.4000000e+01   3.1000000e+01   3.1183346e-15   4.1665625e-01   4.1665625e-01
   1.5000000e+01   3.1000000e+01   3.2796185e-15   4.0515625e-01   4.0515625e-01
   1.6000000e+01   3.1000000e+01   3.1980146e-15   4.2334375e-01   4.2334375e-01
   1.7000000e+01   3.1000000e+01   3.2985510e-15   4.3681250e-01   4.3681250e-01
   1.8000000e+01   3.1000000e+01   3.5975059e-15   4.5675000e-01   4.5675000e-01
   1.9000000e+01   3.1000000e+01   3.5614022e-15   4.6218750e-01   4.6218750e-01
   2.0000000e+01   3.1000000e+01   3.6169787e-15   4.7931250e-01   4.7931250e-01
   2.1000000e+01   3.1000000e+01   3.6017606e-15   4.7034375e-01   4.7034375e-01
   2.2000000e+01   3.1000000e+01   3.4743002e-15   4.3118750e-01   4.3118750e-01
   2.3000000e+01   3.1000000e+01   3.1624425e-15   4.3221875e-01   4.3221875e-01
   2.4000000e+01   3.1000000e+01   3.2683522e-15   4.2993750e-01   4.2993750e-01
   2.5000000e+01   3.1000000e+01   3.3979726e-15   4.2265625e-01   4.2265625e-01
   2.6000000e+01   3.1000000e+01   3.3543691e-15   4.5081250e-01   4.5081250e-01
   2.7000000e+01   3.1000000e+01   3.6320504e-15   4.6243750e-01   4.6243750e-01
   2.8000000e+01   3.1000000e+01   3.5245272e-15   4.3875000e-01   4.3875000e-01
   2.9000000e+01   3.1000000e+01   3.2797169e-15   4.4046875e-01   4.4046875e-01
   3.0000000e+01   3.1000000e+01   3.2180691e-15   4.2518750e-01   4.2518750e-01
   3.1000000e+01   3.1000000e+01   3.1545721e-15   4.1393750e-01   4.1393750e-01
   3.2000000e+01   3.1000000e+01   3.1426852e-15   3.9525000e-01   3.9525000e-01
   3.3000000e+01   3.1000000e+01   3.1715669e-15   4.2443750e-01   4.2443750e-01
   3.4000000e+01   3.1000000e+01   3.3215696e-15   4.3915625e-01   4.3915625e-01
   3.5000000e+01   3.1000000e+01   3.5189955e-15   4.6378125e-01   4.6378125e-01
   1.0000000e+00   3.2000000e+01   3.4049176e-15   4.2862500e-01   4.2862500e-01
   2.0000000e+00   3.2000000e+01   3.5591866e-15   4.6868750e-01   4.6868750e-01
   3.0000000e+00   3.2000000e+01   3.6297961e-15   4.7790625e-01   4.7790625e-01
   4.0000000e+00   3.2000000e+01   3.6785567e-15   4.6771875e-01   4.6771875e-01
   5.0000000e+00   3.2000000e+01   3.4085008e-15   4.3271875e-01   4.3271875e-01
   6.0000000e+00   3.2000000e+01   3.1736586e-15   4.2740625e-01   4.2740625e-01
   7.0000000e+00   3.2000000e+01   3.1084859e-15   4.1803125e-01   4.1803125e-01
   8.0000000e+00   3.2000000e+01   3.2988996e-15   4.2984375e-01   4.2984375e-01
   9.0000000e+00   3.2000000e+01   3.5538922e-15   4.4231250e-01   4.4231250e-01
   1.0000000e+01   3.2000000e+01   3.5301797e-15   4.6293750e-01   4.6293750e-01
   1.1000000e+01   3.2000000e+01   3.4964503e-15   4.5743750e-01   4.5743750e-01
   1.2000000e+01   3.2000000e+01   3.4701761e-15   4.2931250e-01   4.2931250e-01
   1.3000000e+01   3.2000000e+01   3.1687118e-15   4.3065625e-01   4.3065625e-01
   1.4000000e+01   3.2000000e+01   3.1800426e-15   4.1703125e-01   4.1703125e-01
   1.5000000e+01   3.2000000e+01   3.1249131e-15   4.0709375e-01   4.0709375e-01
   1.6000000e+01   3.2000000e+01   3.1655441e-15   4.1006250e-01   4.1006250e-01
   1.7000000e+01   3.2000000e+01   3.2753437e-15   4.3340625e-01   4.3340625e-01
   1.8000000e+01   3.2000000e+01   3.4915289e-15   4.5403125e-01   4.5403125e-01
   1.9000000e+01   3.2000000e+01   3.7225617e-15   4.6381250e-01   4.6381250e-01
   2.0000000e+01   3.2000000e+01   3.5565111e-15   4.7084375e-01   4.7084375e-01
   2.1000000e+01   3.2000000e+01   3.5194955e-15   4.6946875e-01   4.6946875e-01
   2.2000000e+01   3.2000000e+01   3.3698029e-15   4.4693750e-01   4.4693750e-01
   2.3000000e+01   3.2000000e+01   3.2642847e-15   4.2878125e-01   4.2878125e-01
   2.4000000e+01   3.2000000e+01   3.1939904e-15   4.2393750e-01   4.2393750e-01
   2.5000000e+01   3.2000000e+01   3.3833181e-15   4.3606250e-01   4.3606250e-01
   2.6000000e+01   3.2000000e+01   3.5079520e-15   4.3456250e-01   4.3456250e-01
   2.7000000e+01   3.2000000e+01   3.4334806e-15   4.4612500e-01   4.4612500e-01
   2.8000000e+01   3.2000000e+01   3.4852594e-15   4.5968750e-01   4.5968750e-01
   2.9000000e+01   3.2000000e+01   3.3227232e-15   4.4331250e-01   4.4331250e-01
   3.0000000e+01   3.2000000e+01   3.2979875e-15   4.2978125e-01   4.2978125e-01
   3.1000000e+01   3.2000000e+01   3.1095797e-15   4.1221875e-01   4.1221875e-01
   3.2000000e+01   3.2000000e+01   3.1332250e-15   3.9218750e-01   3.9218750e-01
   3.3000000e+01   3.2000000e+01   3.1182386e-15   4.2453125e-01   4.2453125e-01
   3.4000000e+01   3.2000000e+01   3.2589111e-15   4.3590625e-01   4.3590625e-01
   3.5000000e+01   3.2000000e+01   3.5519456e-15   4.6415625e-01   4.6415625e-01
   1.0000000e+00   3.3000000e+01   3.3495211e-15   4.3853125e-01   4.3853125e-01
   2.0000000e+00   3.3000000e+01   3.5053755e-15   4.6065625e-01   4.6065625e-01
   3.0000000e+00   3.3000000e+01   3.6737703e-15   4.6887500e-01   4.6887500e-01
   4.0000000e+00   3.3000000e+01   3.5993303e-15   4.5646875e-01   4.5646875e-01
   5.0000000e+00   3.3000000e+01   3.4210298e-15   4.2250000e-01   4.2250000e-01
   6.0000000e+00   3.3000000e+01   3.1474223e-15   4.0018750e-01   4.0018750e-01
   7.0000000e+00   3.3000000e+01   3.1213898e-15   3.9484375e-01   3.9484375e-01
   8.0000000e+00   3.3000000e+01   3.2676438e-15   4.0993750e-01   4.0993750e-01
   9.0000000e+00   3.3000000e+01   3.4715820e-15   4.3768750e-01   4.3768750e-01
   1.0000000e+01   3.3000000e+01   3.4844924e-15   4.5418750e-01   4.5418750e-01
   1.1000000e+01   3.3000000e+01   3.4858330e-15   4.5400000e-01   4.5400000e-01
   1.2000000e+01   3.3000000e+01   3.3102276e-15   4.3903125e-01   4.3903125e-01
   1.3000000e+01   3.3000000e+01   3.2008098e-15   4.2387500e-01   4.2387500e-01
   1.4000000e+01   3.3000000e+01   2.9757683e-15   4.1146875e-01   4.1146875e-01
   1.5000000e+01   3.3000000e+01   3.0688875e-15   4.0475000e-01   4.0475000e-01
   1.6000000e+01   3.3000000e+01   3.0679608e-15   4.0496875e-01   4.0496875e-01
   1.7000000e+01   3.3000000e+01   3.2206341e-15   4.0606250e-01   4.0606250e-01
   1.8000000e+01   3.3000000e+01   3.5513142e-15   4.3837500e-01   4.3837500e-01
   1.9000000e+01   3.3000000e+01   3.6986982e-15   4.6596875e-01   4.6596875e-01
   2.0000000e+01   3.3000000e+01   3.6366574e-15   4.6859375e-01   4.6859375e-01
   2.1000000e+01   3.3000000e+01   3.5374865e-15   4.5934375e-01   4.5934375e-01
   2.2000000e+01   3.3000000e+01   3.3715460e-15   4.4268750e-01   4.4268750e-01
   2.3000000e+01   3.3000000e+01   3.1760540e-15   4.2121875e-01   4.2121875e-01
   2.4000000e+01   3.3000000e+01   3.1327963e-15   4.1390625e-01   4.1390625e-01
   2.5000000e+01   3.3000000e+01   3.2887583e-15   4.3118750e-01   4.3118750e-01
   2.6000000e+01   3.3000000e+01   3.4239298e-15   4.4668750e-01   4.4668750e-01
   2.7000000e+01   3.3000000e+01   3.5449618e-15   4.5768750e-01   4.5768750e-01
   2.8000000e+01   3.3000000e+01   3.5050366e-15   4.5225000e-01   4.5225000e-01
   2.9000000e+01   3.3000000e+01   3.3595693e-15   4.3578125e-01   4.3578125e-01
   3.0000000e+01   3.3000000e+01   3.2271886e-15   4.2181250e-01   4.2181250e-01
   3.1000000e+01   3.3000000e+01   3.1380556e-15   4.0953125e-01   4.0953125e-01
   3.2000000e+01   3.3000000e+01   3.0631323e-15   4.0790625e-01   4.0790625e-01
   3.3000000e+01   3.3000000e+01   3.2413628e-15   4.2096875e-01   4.2096875e-01
   3.4000000e+01   3.3000000e+01   3.3185812e-15   4.3237500e-01   4.3237500e-01
   3.5000000e+01   3.3000000e+01   3.5946361e-15   4.5053125e-01   4.5053125e-01
   1.0000000e+00   3.4000000e+01   3.1585389e-15   4.3031250e-01   4.3031250e-01
   2.0000000e+00   3.4000000e+01   3.4210388e-15   4.4906250e-01   4.4906250e-01
   3.0000000e+00   3.4000000e+01   3.4800440e-15   4.5962500e-01   4.5962500e-01
   4.0000000e+00   3.4000000e+01   3.5665022e-15   4.5240625e-01   4.5240625e-01
   5.0000000e+00   3.4000000e+01   3.3420161e-15   4.1556250e-01   4.1556250e-01
   6.0000000e+00   3.4000000e+01   3.1262143e-15   4.0712500e-01   4.0712500e-01
   7.0000000e+00   3.4000000e+01   2.9833001e-15   4.0975000e-01   4.0975000e-01
   8.0000000e+00   3.4000000e+01   3.2279564e-15   4.1975000e-01   4.1975000e-01
   9.0000000e+00   3.4000000e+01   3.2793390e-15   4.3200000e-01   4.3200000e-01
   1.0000000e+01   3.4000000e+01   3.5401998e-15   4.3975000e-01   4.3975000e-01
   1.1000000e+01   3.4000000e+01   3.3706655e-15   4.3028125e-01   4.3028125e-01
   1.2000000e+01   3.4000000e+01   3.2389649e-15   4.3218750e-01   4.3218750e-01
   1.3000000e+01   3.4000000e+01   3.1114666e-15   4.1906250e-01   4.1906250e-01
   1.4000000e+01   3.4000000e+01   2.9870446e-15   3.9946875e-01   3.9946875e-01
   1.5000000e+01   3.4000000e+01   2.9824742e-15   3.9156250e-01   3.9156250e-01
   1.6000000e+01   3.4000000e+01   3.1031274e-15   4.0581250e-01   4.0581250e-01
   1.7000000e+01   3.4000000e+01   3.2498626e-15   4.0596875e-01   4.0596875e-01
   1.8000000e+01   3.4000000e+01   3.3168431e-15   4.4021875e-01   4.4021875e-01
   1.9000000e+01   3.4000000e+01   3.4837512e-15   4.5531250e-01   4.5531250e-01
   2.0000000e+01   3.4000000e+01   3.5408918e-15   4.6137500e-01   4.6137500e-01
   2.1000000e+01   3.4000000e+01   3.5513396e-15   4.5387500e-01   4.5387500e-01
   2.2000000e+01   3.4000000e+01   3.4342689e-15   4.3765625e-01   4.3765625e-01
   2.3000000e+01   3.4000000e+01   3.2564254e-15   4.1687500e-01   4.1687500e-01
   2.4000000e+01   3.4000000e+01   3.2330357e-15   4.1087500e-01   4.1087500e-01
   2.5000000e+01   3.4000000e+01   3.1951304e-15   4.0546875e-01   4.0546875e-01
   2.6000000e+01   3.4000000e+01   3.3230486e-15   4.3943750e-01   4.3943750e-01
   2.7000000e+01   3.4000000e+01   3.4022259e-15   4.4940625e-01   4.4940625e-01
   2.8000000e+01   3.4000000e+01   3.3655057e-15   4.4859375e-01   4.4859375e-01
   2.9000000e+01   3.4000000e+01   3.2453055e-15   4.3240625e-01   4.3240625e-01
   3.0000000e+01   3.4000000e+01   3.2056615e-15   4.1753125e-01   4.1753125e-01
   3.1000000e+01   3.4000000e+01   3.1211568e-15   3.8493750e-01   3.8493750e-01
   3.2000000e+01   3.4000000e+01   3.0199654e-15   4.0443750e-01   4.0443750e-01
   3.3000000e+01   3.4000000e+01   3.1147034e-15   4.1146875e-01   4.1146875e-01
   3.4000000e+01   3.4000000e+01   3.2743919e-15   4.2553125e-01   4.2553125e-01
   3.5000000e+01   3.4000000e+01   3.5656791e-15   4.4565625e-01   4.4565625e-01
   1.0000000e+00   3.5000000e+01   3.1929874e-15   4.2268750e-01   4.2268750e-01
   2.0000000e+00   3.5000000e+01   3.3465537e-15   4.3956250e-01   4.3956250e-01
   3.0000000e+00   3.5000000e+01   3.5235753e-15   4.5009375e-01   4.5009375e-01
   4.0000000e+00   3.5000000e+01   3.3733562e-15   4.2137500e-01   4.2137500e-01
   5.0000000e+00   3.5000000e+01   3.2530986e-15   4.2906250e-01   4.2906250e-01
   6.0000000e+00   3.5000000e+01   3.0361269e-15   4.0625000e-01   4.0625000e-01
   7.0000000e+00   3.5000000e+01   3.1678580e-15   3.9546875e-01   3.9546875e-01
   8.0000000e+00   3.5000000e+01   3.0684523e-15   3.9578125e-01   3.9578125e-01
   9.0000000e+00   3.5000000e+01   3.1548121e-15   4.2200000e-01   4.2200000e-01
   1.0000000e+01   3.5000000e+01   3.2213484e-15   4.3196875e-01   4.3196875e-01
   1.1000000e+01   3.5000000e+01   3.3414755e-15   4.3681250e-01   4.3681250e-01
   1.2000000e+01   3.5000000e+01   3.3187056e-15   4.2446875e-01   4.2446875e-01
   1.3000000e+01   3.5000000e+01   3.1133324e-15   3.9143750e-01   3.9143750e-01
   1.4000000e+01   3.5000000e+01   2.8913189e-15   3.9006250e-01   3.9006250e-01
   1.5000000e+01   3.5000000e+01   2.8935755e-15   3.8446875e-01   3.8446875e-01
   1.6000000e+01   3.5000000e+01   2.9042183e-15   3.9125000e-01   3.9125000e-01
   1.7000000e+01   3.5000000e+01   3.1437477e-15   4.0781250e-01   4.0781250e-01
   1.8000000e+01   3.5000000e+01   3.2829706e-15   4.2946875e-01   4.2946875e-01
   1.9000000e+01   3.5000000e+01   3.4615681e-15   4.4465625e-01   4.4465625e-01
   2.0000000e+01   3.5000000e+01   3.5351940e-15   4.5006250e-01   4.5006250e-01
   2.1000000e+01   3.5000000e+01   3.4463722e-15   4.4568750e-01   4.4568750e-01
   2.2000000e+01   3.5000000e+01   3.2925097e-15   4.2618750e-01   4.2618750e-01
   2.3000000e+01   3.5000000e+01   3.1870978e-15   4.0978125e-01   4.0978125e-01
   2.4000000e+01   3.5000000e+01   3.1074995e-15   4.0612500e-01   4.0612500e-01
   2.5000000e+01   3.5000000e+01   3.2732430e-15   4.1921875e-01   4.1921875e-01
   2.6000000e+01   3.5000000e+01   3.3899184e-15   4.3093750e-01   4.3093750e-01
   2.7000000e+01   3.5000000e+01   3.5144324e-15   4.4046875e-01   4.4046875e-01
   2.8000000e+01   3.5000000e+01   3.4799613e-15   4.3996875e-01   4.3996875e-01
   2.9000000e+01   3.5000000e+01   3.2935289e-15   4.2315625e-01   4.2315625e-01
   3.0000000e+01   3.5000000e+01   3.2339354e-15   4.0740625e-01   4.0740625e-01
   3.1000000e+01   3.5000000e+01   3.0948030e-15   3.9140625e-01   3.9140625e-01
   3.2000000e+01   3.5000000e+01   3.0406517e-15   3.8750000e-01   3.8750000e-01
   3.3000000e+01   3.5000000e+01   3.1363770e-15   4.0340625e-01   4.0340625e-01
   3.4000000e+01   3.5000000e+01   3.1410760e-15   4.1500000e-01   4.1500000e-01
   3.5000000e+01   3.5000000e+01   3.3003530e-15   4.3568750e-01   4.3568750e-01
