   1.0000000e+00   1.0000000e+00   4.3042718e-15   5.8531250e-01   5.8531250e-01
   2.0000000e+00   1.0000000e+00   4.5307920e-15   6.3503125e-01   6.3503125e-01
   3.0000000e+00   1.0000000e+00   4.8551774e-15   6.7318750e-01   6.7318750e-01
   4.0000000e+00   1.0000000e+00   5.2705840e-15   7.0859375e-01   7.0859375e-01
   5.0000000e+00   1.0000000e+00   5.4892269e-15   7.4368750e-01   7.4368750e-01
   6.0000000e+00   1.0000000e+00   5.5658513e-15   7.4481250e-01   7.4481250e-01
   7.0000000e+00   1.0000000e+00   5.4481026e-15   7.2962500e-01   7.2962500e-01
   8.0000000e+00   1.0000000e+00   5.2331428e-15   7.2265625e-01   7.2265625e-01
   9.0000000e+00   1.0000000e+00   4.9210121e-15   6.8865625e-01   6.8865625e-01
   1.0000000e+01   1.0000000e+00   4.8317451e-15   6.6259375e-01   6.6259375e-01
   1.1000000e+01   1.0000000e+00   4.7295765e-15   6.4746875e-01   6.4746875e-01
   1.2000000e+01   1.0000000e+00   4.7719151e-15   6.3271875e-01   6.3271875e-01
   1.3000000e+01   1.0000000e+00   4.7006569e-15   6.1600000e-01   6.1600000e-01
   1.4000000e+01   1.0000000e+00   4.3291332e-15   6.0637500e-01   6.0637500e-01
   1.5000000e+01   1.0000000e+00   4.0506819e-15   5.8300000e-01   5.8300000e-01
   1.6000000e+01   1.0000000e+00   4.1287671e-15   5.6853125e-01   5.6853125e-01
   1.7000000e+01   1.0000000e+00   4.1889875e-15   5.7731250e-01   5.7731250e-01
   1.8000000e+01   1.0000000e+00   4.4651984e-15   5.9725000e-01   5.9725000e-01
   1.9000000e+01   1.0000000e+00   4.6813939e-15   6.2634375e-01   6.2634375e-01
   2.0000000e+01   1.0000000e+00   5.0143029e-15   6.8221875e-01   6.8221875e-01
   2.1000000e+01   1.0000000e+00   5.1809518e-15   7.2068750e-01   7.2068750e-01
   2.2000000e+01   1.0000000e+00   5.4462088e-15   7.4315625e-01   7.4315625e-01
   2.3000000e+01   1.0000000e+00   5.4598849e-15   7.4228125e-01   7.4228125e-01
   2.4000000e+01   1.0000000e+00   5.3538348e-15   7.2906250e-01   7.2906250e-01
   2.5000000e+01   1.0000000e+00   5.1938641e-15   6.8993750e-01   6.8993750e-01
   2.6000000e+01   1.0000000e+00   4.7797189e-15   6.7134375e-01   6.7134375e-01
   2.7000000e+01   1.0000000e+00   4.7448758e-15   6.4553125e-01   6.4553125e-01
   2.8000000e+01   1.0000000e+00   4.6732462e-15   6.3859375e-01   6.3859375e-01
   2.9000000e+01   1.0000000e+00   4.7340230e-15   6.1887500e-01   6.1887500e-01
   3.0000000e+01   1.0000000e+00   4.4465950e-15   6.1875000e-01   6.1875000e-01
   3.1000000e+01   1.0000000e+00   4.3102038e-15   5.8943750e-01   5.8943750e-01
   3.2000000e+01   1.0000000e+00   4.3212811e-15   5.6246875e-01   5.6246875e-01
   3.3000000e+01   1.0000000e+00   4.0864059e-15   5.6771875e-01   5.6771875e-01
   3.4000000e+01   1.0000000e+00   4.1439451e-15   5.8428125e-01   5.8428125e-01
   3.5000000e+01   1.0000000e+00   4.5417922e-15   6.2740625e-01   6.2740625e-01
   1.0000000e+00   2.0000000e+00   4.3938933e-15   6.0712500e-01   6.0712500e-01
   2.0000000e+00   2.0000000e+00   4.5746695e-15   6.4362500e-01   6.4362500e-01
   3.0000000e+00   2.0000000e+00   4.8572444e-15   6.7500000e-01   6.7500000e-01
   4.0000000e+00   2.0000000e+00   5.2424889e-15   7.1662500e-01   7.1662500e-01
   5.0000000e+00   2.0000000e+00   5.5245025e-15   7.4690625e-01   7.4690625e-01
   6.0000000e+00   2.0000000e+00   5.7143506e-15   7.5403125e-01   7.5403125e-01
   7.0000000e+00   2.0000000e+00   5.5591405e-15   7.3293750e-01   7.3293750e-01
   8.0000000e+00   2.0000000e+00   5.2878989e-15   7.1537500e-01   7.1537500e-01
   9.0000000e+00   2.0000000e+00   5.1131666e-15   6.9284375e-01   6.9284375e-01
   1.0000000e+01   2.0000000e+00   4.8750350e-15   6.5662500e-01   6.5662500e-01
   1.1000000e+01   2.0000000e+00   4.8456070e-15   6.4178125e-01   6.4178125e-01
   1.2000000e+01   2.0000000e+00   4.8263100e-15   6.4321875e-01   6.4321875e-01
   1.3000000e+01   2.0000000e+00   4.7486173e-15   6.4046875e-01   6.4046875e-01
   1.4000000e+01   2.0000000e+00   4.5625111e-15   6.1662500e-01   6.1662500e-01
   1.5000000e+01   2.0000000e+00   4.4240739e-15   5.9459375e-01   5.9459375e-01
   1.6000000e+01   2.0000000e+00   4.3760273e-15   5.8859375e-01   5.8859375e-01
   1.7000000e+01   2.0000000e+00   4.4423577e-15   5.8915625e-01   5.8915625e-01
   1.8000000e+01   2.0000000e+00   4.5742072e-15   6.0018750e-01   6.0018750e-01
   1.9000000e+01   2.0000000e+00   4.6943894e-15   6.2587500e-01   6.2587500e-01
   2.0000000e+01   2.0000000e+00   5.0075390e-15   6.6978125e-01   6.6978125e-01
   2.1000000e+01   2.0000000e+00   5.3373417e-15   7.1084375e-01   7.1084375e-01
   2.2000000e+01   2.0000000e+00   5.5617915e-15   7.3275000e-01   7.3275000e-01
   2.3000000e+01   2.0000000e+00   5.6189349e-15   7.4500000e-01   7.4500000e-01
   2.4000000e+01   2.0000000e+00   5.4771634e-15   7.2290625e-01   7.2290625e-01
   2.5000000e+01   2.0000000e+00   5.1788857e-15   7.1000000e-01   7.1000000e-01
   2.6000000e+01   2.0000000e+00   4.8868885e-15   6.8250000e-01   6.8250000e-01
   2.7000000e+01   2.0000000e+00   4.8122331e-15   6.5921875e-01   6.5921875e-01
   2.8000000e+01   2.0000000e+00   4.6612092e-15   6.4378125e-01   6.4378125e-01
   2.9000000e+01   2.0000000e+00   4.7207127e-15   6.2843750e-01   6.2843750e-01
   3.0000000e+01   2.0000000e+00   4.4981578e-15   6.2525000e-01   6.2525000e-01
   3.1000000e+01   2.0000000e+00   4.3301160e-15   5.9856250e-01   5.9856250e-01
   3.2000000e+01   2.0000000e+00   4.4313988e-15   5.8515625e-01   5.8515625e-01
   3.3000000e+01   2.0000000e+00   4.2193168e-15   5.8878125e-01   5.8878125e-01
   3.4000000e+01   2.0000000e+00   4.3132348e-15   6.0028125e-01   6.0028125e-01
   3.5000000e+01   2.0000000e+00   4.6096296e-15   6.3231250e-01   6.3231250e-01
   1.0000000e+00   3.0000000e+00   4.5064634e-15   6.2956250e-01   6.2956250e-01
   2.0000000e+00   3.0000000e+00   4.6501318e-15   6.4840625e-01   6.4840625e-01
   3.0000000e+00   3.0000000e+00   5.0397225e-15   6.8587500e-01   6.8587500e-01
   4.0000000e+00   3.0000000e+00   5.4099123e-15   7.3259375e-01   7.3259375e-01
   5.0000000e+00   3.0000000e+00   5.6807643e-15   7.5912500e-01   7.5912500e-01
   6.0000000e+00   3.0000000e+00   5.8381739e-15   7.6478125e-01   7.6478125e-01
   7.0000000e+00   3.0000000e+00   5.6225101e-15   7.6671875e-01   7.6671875e-01
   8.0000000e+00   3.0000000e+00   5.4225847e-15   7.5684375e-01   7.5684375e-01
   9.0000000e+00   3.0000000e+00   5.3680019e-15   7.3468750e-01   7.3468750e-01
   1.0000000e+01   3.0000000e+00   5.0297856e-15   6.9556250e-01   6.9556250e-01
   1.1000000e+01   3.0000000e+00   4.8790993e-15   6.7034375e-01   6.7034375e-01
   1.2000000e+01   3.0000000e+00   4.8561325e-15   6.6303125e-01   6.6303125e-01
   1.3000000e+01   3.0000000e+00   4.9805538e-15   6.6165625e-01   6.6165625e-01
   1.4000000e+01   3.0000000e+00   4.7600014e-15   6.3784375e-01   6.3784375e-01
   1.5000000e+01   3.0000000e+00   4.6273920e-15   6.1212500e-01   6.1212500e-01
   1.6000000e+01   3.0000000e+00   4.4479808e-15   6.1096875e-01   6.1096875e-01
   1.7000000e+01   3.0000000e+00   4.4381731e-15   6.1703125e-01   6.1703125e-01
   1.8000000e+01   3.0000000e+00   4.4156187e-15   6.2515625e-01   6.2515625e-01
   1.9000000e+01   3.0000000e+00   4.5534627e-15   6.4987500e-01   6.4987500e-01
   2.0000000e+01   3.0000000e+00   4.9604285e-15   6.9893750e-01   6.9893750e-01
   2.1000000e+01   3.0000000e+00   5.3783117e-15   7.4450000e-01   7.4450000e-01
   2.2000000e+01   3.0000000e+00   5.6040834e-15   7.6809375e-01   7.6809375e-01
   2.3000000e+01   3.0000000e+00   5.7305868e-15   7.7787500e-01   7.7787500e-01
   2.4000000e+01   3.0000000e+00   5.5998188e-15   7.6031250e-01   7.6031250e-01
   2.5000000e+01   3.0000000e+00   5.5067761e-15   7.3303125e-01   7.3303125e-01
   2.6000000e+01   3.0000000e+00   5.1184925e-15   6.9856250e-01   6.9856250e-01
   2.7000000e+01   3.0000000e+00   4.8345280e-15   6.7656250e-01   6.7656250e-01
   2.8000000e+01   3.0000000e+00   4.6690777e-15   6.5653125e-01   6.5653125e-01
   2.9000000e+01   3.0000000e+00   4.8292100e-15   6.5821875e-01   6.5821875e-01
   3.0000000e+01   3.0000000e+00   4.7000486e-15   6.4271875e-01   6.4271875e-01
   3.1000000e+01   3.0000000e+00   4.6220436e-15   6.0768750e-01   6.0768750e-01
   3.2000000e+01   3.0000000e+00   4.3027820e-15   6.1418750e-01   6.1418750e-01
   3.3000000e+01   3.0000000e+00   4.3855679e-15   6.1093750e-01   6.1093750e-01
   3.4000000e+01   3.0000000e+00   4.5488644e-15   6.1575000e-01   6.1575000e-01
   3.5000000e+01   3.0000000e+00   4.5720986e-15   6.3275000e-01   6.3275000e-01
   1.0000000e+00   4.0000000e+00   4.7470788e-15   6.4965625e-01   6.4965625e-01
   2.0000000e+00   4.0000000e+00   4.9628778e-15   6.7200000e-01   6.7200000e-01
   3.0000000e+00   4.0000000e+00   5.1407948e-15   7.1025000e-01   7.1025000e-01
   4.0000000e+00   4.0000000e+00   5.5066104e-15   7.5421875e-01   7.5421875e-01
   5.0000000e+00   4.0000000e+00   5.8775172e-15   7.9271875e-01   7.9271875e-01
   6.0000000e+00   4.0000000e+00   6.0354988e-15   7.9381250e-01   7.9381250e-01
   7.0000000e+00   4.0000000e+00   5.7625473e-15   8.0240625e-01   8.0240625e-01
   8.0000000e+00   4.0000000e+00   5.6945485e-15   7.8187500e-01   7.8187500e-01
   9.0000000e+00   4.0000000e+00   5.5797833e-15   7.6090625e-01   7.6090625e-01
   1.0000000e+01   4.0000000e+00   5.4463352e-15   7.2859375e-01   7.2859375e-01
   1.1000000e+01   4.0000000e+00   5.1394551e-15   7.0184375e-01   7.0184375e-01
   1.2000000e+01   4.0000000e+00   5.0070992e-15   6.9081250e-01   6.9081250e-01
   1.3000000e+01   4.0000000e+00   5.0741899e-15   6.9256250e-01   6.9256250e-01
   1.4000000e+01   4.0000000e+00   5.0329546e-15   6.7034375e-01   6.7034375e-01
   1.5000000e+01   4.0000000e+00   4.7669732e-15   6.4753125e-01   6.4753125e-01
   1.6000000e+01   4.0000000e+00   4.5405323e-15   6.4562500e-01   6.4562500e-01
   1.7000000e+01   4.0000000e+00   4.5422722e-15   6.3834375e-01   6.3834375e-01
   1.8000000e+01   4.0000000e+00   4.6621662e-15   6.4090625e-01   6.4090625e-01
   1.9000000e+01   4.0000000e+00   4.8607173e-15   6.7243750e-01   6.7243750e-01
   2.0000000e+01   4.0000000e+00   5.3254250e-15   7.1931250e-01   7.1931250e-01
   2.1000000e+01   4.0000000e+00   5.6090522e-15   7.6709375e-01   7.6709375e-01
   2.2000000e+01   4.0000000e+00   5.8313391e-15   7.9193750e-01   7.9193750e-01
   2.3000000e+01   4.0000000e+00   5.9634039e-15   8.0271875e-01   8.0271875e-01
   2.4000000e+01   4.0000000e+00   5.9032370e-15   7.8918750e-01   7.8918750e-01
   2.5000000e+01   4.0000000e+00   5.5961445e-15   7.4925000e-01   7.4925000e-01
   2.6000000e+01   4.0000000e+00   5.3581825e-15   7.4275000e-01   7.4275000e-01
   2.7000000e+01   4.0000000e+00   5.1309815e-15   7.0696875e-01   7.0696875e-01
   2.8000000e+01   4.0000000e+00   4.9654643e-15   6.8340625e-01   6.8340625e-01
   2.9000000e+01   4.0000000e+00   5.0382247e-15   6.7996875e-01   6.7996875e-01
   3.0000000e+01   4.0000000e+00   5.0324005e-15   6.6337500e-01   6.6337500e-01
   3.1000000e+01   4.0000000e+00   4.7564157e-15   6.5575000e-01   6.5575000e-01
   3.2000000e+01   4.0000000e+00   4.5591789e-15   6.4265625e-01   6.4265625e-01
   3.3000000e+01   4.0000000e+00   4.5558839e-15   6.4128125e-01   6.4128125e-01
   3.4000000e+01   4.0000000e+00   4.6340701e-15   6.3871875e-01   6.3871875e-01
   3.5000000e+01   4.0000000e+00   4.7720808e-15   6.6228125e-01   6.6228125e-01
   1.0000000e+00   5.0000000e+00   4.9052688e-15   6.7815625e-01   6.7815625e-01
   2.0000000e+00   5.0000000e+00   5.0200270e-15   6.9546875e-01   6.9546875e-01
   3.0000000e+00   5.0000000e+00   5.5057133e-15   7.4512500e-01   7.4512500e-01
   4.0000000e+00   5.0000000e+00   5.7964128e-15   7.8581250e-01   7.8581250e-01
   5.0000000e+00   5.0000000e+00   6.0687420e-15   8.1268750e-01   8.1268750e-01
   6.0000000e+00   5.0000000e+00   6.0624135e-15   8.4103125e-01   8.4103125e-01
   7.0000000e+00   5.0000000e+00   6.0339265e-15   8.3193750e-01   8.3193750e-01
   8.0000000e+00   5.0000000e+00   6.0100397e-15   8.1771875e-01   8.1771875e-01
   9.0000000e+00   5.0000000e+00   5.7322500e-15   7.8659375e-01   7.8659375e-01
   1.0000000e+01   5.0000000e+00   5.6513252e-15   7.7034375e-01   7.7034375e-01
   1.1000000e+01   5.0000000e+00   5.5698464e-15   7.3625000e-01   7.3625000e-01
   1.2000000e+01   5.0000000e+00   5.2425749e-15   7.1821875e-01   7.1821875e-01
   1.3000000e+01   5.0000000e+00   5.2252591e-15   7.2559375e-01   7.2559375e-01
   1.4000000e+01   5.0000000e+00   5.2959386e-15   7.1143750e-01   7.1143750e-01
   1.5000000e+01   5.0000000e+00   5.1298150e-15   6.8759375e-01   6.8759375e-01
   1.6000000e+01   5.0000000e+00   4.8860572e-15   6.7728125e-01   6.7728125e-01
   1.7000000e+01   5.0000000e+00   4.8173691e-15   6.6334375e-01   6.6334375e-01
   1.8000000e+01   5.0000000e+00   5.0045059e-15   6.6575000e-01   6.6575000e-01
   1.9000000e+01   5.0000000e+00   5.2157027e-15   7.0184375e-01   7.0184375e-01
   2.0000000e+01   5.0000000e+00   5.5082140e-15   7.5609375e-01   7.5609375e-01
   2.1000000e+01   5.0000000e+00   5.8772335e-15   8.0271875e-01   8.0271875e-01
   2.2000000e+01   5.0000000e+00   6.1062911e-15   8.2803125e-01   8.2803125e-01
   2.3000000e+01   5.0000000e+00   6.1570013e-15   8.2859375e-01   8.2859375e-01
   2.4000000e+01   5.0000000e+00   6.0907461e-15   8.0809375e-01   8.0809375e-01
   2.5000000e+01   5.0000000e+00   5.8348938e-15   8.0212500e-01   8.0212500e-01
   2.6000000e+01   5.0000000e+00   5.6568870e-15   7.7281250e-01   7.7281250e-01
   2.7000000e+01   5.0000000e+00   5.5503247e-15   7.3306250e-01   7.3306250e-01
   2.8000000e+01   5.0000000e+00   5.2452524e-15   7.2615625e-01   7.2615625e-01
   2.9000000e+01   5.0000000e+00   5.2291082e-15   7.1468750e-01   7.1468750e-01
   3.0000000e+01   5.0000000e+00   5.3634141e-15   7.1137500e-01   7.1137500e-01
   3.1000000e+01   5.0000000e+00   5.1100834e-15   6.7053125e-01   6.7053125e-01
   3.2000000e+01   5.0000000e+00   4.9439636e-15   6.7956250e-01   6.7956250e-01
   3.3000000e+01   5.0000000e+00   4.7486078e-15   6.6150000e-01   6.6150000e-01
   3.4000000e+01   5.0000000e+00   4.8410801e-15   6.6125000e-01   6.6125000e-01
   3.5000000e+01   5.0000000e+00   5.1248750e-15   6.7631250e-01   6.7631250e-01
   1.0000000e+00   6.0000000e+00   5.0022840e-15   6.9537500e-01   6.9537500e-01
   2.0000000e+00   6.0000000e+00   5.4484558e-15   7.3037500e-01   7.3037500e-01
   3.0000000e+00   6.0000000e+00   5.8264405e-15   7.5925000e-01   7.5925000e-01
   4.0000000e+00   6.0000000e+00   5.9828430e-15   8.1581250e-01   8.1581250e-01
   5.0000000e+00   6.0000000e+00   6.1975122e-15   8.4693750e-01   8.4693750e-01
   6.0000000e+00   6.0000000e+00   6.2968287e-15   8.6175000e-01   8.6175000e-01
   7.0000000e+00   6.0000000e+00   6.3895726e-15   8.3393750e-01   8.3393750e-01
   8.0000000e+00   6.0000000e+00   6.0446742e-15   8.3312500e-01   8.3312500e-01
   9.0000000e+00   6.0000000e+00   5.9206380e-15   8.1343750e-01   8.1343750e-01
   1.0000000e+01   6.0000000e+00   5.7366154e-15   7.9021875e-01   7.9021875e-01
   1.1000000e+01   6.0000000e+00   5.7162503e-15   7.5984375e-01   7.5984375e-01
   1.2000000e+01   6.0000000e+00   5.5166293e-15   7.6021875e-01   7.6021875e-01
   1.3000000e+01   6.0000000e+00   5.4971180e-15   7.5846875e-01   7.5846875e-01
   1.4000000e+01   6.0000000e+00   5.4932851e-15   7.4315625e-01   7.4315625e-01
   1.5000000e+01   6.0000000e+00   5.4071154e-15   7.1096875e-01   7.1096875e-01
   1.6000000e+01   6.0000000e+00   5.1327190e-15   7.0943750e-01   7.0943750e-01
   1.7000000e+01   6.0000000e+00   4.9184912e-15   6.8706250e-01   6.8706250e-01
   1.8000000e+01   6.0000000e+00   5.0928004e-15   6.9784375e-01   6.9784375e-01
   1.9000000e+01   6.0000000e+00   5.5078456e-15   7.2946875e-01   7.2946875e-01
   2.0000000e+01   6.0000000e+00   5.7774771e-15   7.6596875e-01   7.6596875e-01
   2.1000000e+01   6.0000000e+00   6.0930105e-15   8.1231250e-01   8.1231250e-01
   2.2000000e+01   6.0000000e+00   6.2331305e-15   8.4946875e-01   8.4946875e-01
   2.3000000e+01   6.0000000e+00   6.2431865e-15   8.5718750e-01   8.5718750e-01
   2.4000000e+01   6.0000000e+00   6.1676106e-15   8.3931250e-01   8.3931250e-01
   2.5000000e+01   6.0000000e+00   6.0774460e-15   8.2115625e-01   8.2115625e-01
   2.6000000e+01   6.0000000e+00   5.8776739e-15   7.8050000e-01   7.8050000e-01
   2.7000000e+01   6.0000000e+00   5.6558977e-15   7.8046875e-01   7.8046875e-01
   2.8000000e+01   6.0000000e+00   5.5699167e-15   7.5981250e-01   7.5981250e-01
   2.9000000e+01   6.0000000e+00   5.5044093e-15   7.4959375e-01   7.4959375e-01
   3.0000000e+01   6.0000000e+00   5.6117051e-15   7.3828125e-01   7.3828125e-01
   3.1000000e+01   6.0000000e+00   5.3710739e-15   7.2346875e-01   7.2346875e-01
   3.2000000e+01   6.0000000e+00   5.0970710e-15   7.0456250e-01   7.0456250e-01
   3.3000000e+01   6.0000000e+00   5.0786673e-15   6.9456250e-01   6.9456250e-01
   3.4000000e+01   6.0000000e+00   5.1546671e-15   6.7353125e-01   6.7353125e-01
   3.5000000e+01   6.0000000e+00   5.1199145e-15   7.1446875e-01   7.1446875e-01
   1.0000000e+00   7.0000000e+00   5.1767970e-15   7.1425000e-01   7.1425000e-01
   2.0000000e+00   7.0000000e+00   5.4816512e-15   7.4759375e-01   7.4759375e-01
   3.0000000e+00   7.0000000e+00   5.9536011e-15   7.9303125e-01   7.9303125e-01
   4.0000000e+00   7.0000000e+00   6.0847598e-15   8.0993750e-01   8.0993750e-01
   5.0000000e+00   7.0000000e+00   6.1789137e-15   8.5275000e-01   8.5275000e-01
   6.0000000e+00   7.0000000e+00   6.2644964e-15   8.5925000e-01   8.5925000e-01
   7.0000000e+00   7.0000000e+00   6.2894036e-15   8.5506250e-01   8.5506250e-01
   8.0000000e+00   7.0000000e+00   6.1927780e-15   8.2471875e-01   8.2471875e-01
   9.0000000e+00   7.0000000e+00   6.0251793e-15   8.0893750e-01   8.0893750e-01
   1.0000000e+01   7.0000000e+00   5.7743319e-15   8.0193750e-01   8.0193750e-01
   1.1000000e+01   7.0000000e+00   5.7462848e-15   7.8346875e-01   7.8346875e-01
   1.2000000e+01   7.0000000e+00   5.6897424e-15   7.7534375e-01   7.7534375e-01
   1.3000000e+01   7.0000000e+00   5.7499000e-15   7.5659375e-01   7.5659375e-01
   1.4000000e+01   7.0000000e+00   5.5279395e-15   7.5356250e-01   7.5356250e-01
   1.5000000e+01   7.0000000e+00   5.3920068e-15   7.4162500e-01   7.4162500e-01
   1.6000000e+01   7.0000000e+00   5.2075176e-15   7.2446875e-01   7.2446875e-01
   1.7000000e+01   7.0000000e+00   5.1341127e-15   7.1356250e-01   7.1356250e-01
   1.8000000e+01   7.0000000e+00   5.2332417e-15   7.1287500e-01   7.1287500e-01
   1.9000000e+01   7.0000000e+00   5.5228338e-15   7.5300000e-01   7.5300000e-01
   2.0000000e+01   7.0000000e+00   5.9590294e-15   7.8350000e-01   7.8350000e-01
   2.1000000e+01   7.0000000e+00   6.0663344e-15   8.3771875e-01   8.3771875e-01
   2.2000000e+01   7.0000000e+00   6.3380982e-15   8.5487500e-01   8.5487500e-01
   2.3000000e+01   7.0000000e+00   6.3863567e-15   8.5671875e-01   8.5671875e-01
   2.4000000e+01   7.0000000e+00   6.2539391e-15   8.4462500e-01   8.4462500e-01
   2.5000000e+01   7.0000000e+00   6.1512850e-15   8.2556250e-01   8.2556250e-01
   2.6000000e+01   7.0000000e+00   6.0423333e-15   8.0765625e-01   8.0765625e-01
   2.7000000e+01   7.0000000e+00   5.9135333e-15   7.7971875e-01   7.7971875e-01
   2.8000000e+01   7.0000000e+00   5.6603723e-15   7.4965625e-01   7.4965625e-01
   2.9000000e+01   7.0000000e+00   5.6313692e-15   7.6971875e-01   7.6971875e-01
   3.0000000e+01   7.0000000e+00   5.6182877e-15   7.7028125e-01   7.7028125e-01
   3.1000000e+01   7.0000000e+00   5.4945337e-15   7.4675000e-01   7.4675000e-01
   3.2000000e+01   7.0000000e+00   5.3813422e-15   7.2678125e-01   7.2678125e-01
   3.3000000e+01   7.0000000e+00   5.2283231e-15   7.1243750e-01   7.1243750e-01
   3.4000000e+01   7.0000000e+00   5.1046794e-15   7.0481250e-01   7.0481250e-01
   3.5000000e+01   7.0000000e+00   5.3294419e-15   7.3759375e-01   7.3759375e-01
   1.0000000e+00   8.0000000e+00   5.4656550e-15   7.1190625e-01   7.1190625e-01
   2.0000000e+00   8.0000000e+00   5.6508216e-15   7.4846875e-01   7.4846875e-01
   3.0000000e+00   8.0000000e+00   5.9078788e-15   7.9312500e-01   7.9312500e-01
   4.0000000e+00   8.0000000e+00   6.1513017e-15   8.3115625e-01   8.3115625e-01
   5.0000000e+00   8.0000000e+00   6.3167621e-15   8.5634375e-01   8.5634375e-01
   6.0000000e+00   8.0000000e+00   6.2656200e-15   8.6440625e-01   8.6440625e-01
   7.0000000e+00   8.0000000e+00   6.2226452e-15   8.3900000e-01   8.3900000e-01
   8.0000000e+00   8.0000000e+00   6.2039445e-15   8.2768750e-01   8.2768750e-01
   9.0000000e+00   8.0000000e+00   6.0986498e-15   8.2143750e-01   8.2143750e-01
   1.0000000e+01   8.0000000e+00   5.8920275e-15   8.0087500e-01   8.0087500e-01
   1.1000000e+01   8.0000000e+00   5.7286836e-15   7.7978125e-01   7.7978125e-01
   1.2000000e+01   8.0000000e+00   5.6702210e-15   7.7412500e-01   7.7412500e-01
   1.3000000e+01   8.0000000e+00   5.7477005e-15   7.7046875e-01   7.7046875e-01
   1.4000000e+01   8.0000000e+00   5.6464780e-15   7.6584375e-01   7.6584375e-01
   1.5000000e+01   8.0000000e+00   5.4755236e-15   7.4821875e-01   7.4821875e-01
   1.6000000e+01   8.0000000e+00   5.3839047e-15   7.1806250e-01   7.1806250e-01
   1.7000000e+01   8.0000000e+00   5.3764468e-15   7.2165625e-01   7.2165625e-01
   1.8000000e+01   8.0000000e+00   5.3335523e-15   7.2771875e-01   7.2771875e-01
   1.9000000e+01   8.0000000e+00   5.5643600e-15   7.6253125e-01   7.6253125e-01
   2.0000000e+01   8.0000000e+00   6.0544014e-15   7.9800000e-01   7.9800000e-01
   2.1000000e+01   8.0000000e+00   6.2129942e-15   8.4046875e-01   8.4046875e-01
   2.2000000e+01   8.0000000e+00   6.2295138e-15   8.6150000e-01   8.6150000e-01
   2.3000000e+01   8.0000000e+00   6.3701258e-15   8.4643750e-01   8.4643750e-01
   2.4000000e+01   8.0000000e+00   6.2043258e-15   8.4365625e-01   8.4365625e-01
   2.5000000e+01   8.0000000e+00   6.0903596e-15   8.3050000e-01   8.3050000e-01
   2.6000000e+01   8.0000000e+00   6.0424824e-15   8.0525000e-01   8.0525000e-01
   2.7000000e+01   8.0000000e+00   5.9231040e-15   7.9350000e-01   7.9350000e-01
   2.8000000e+01   8.0000000e+00   5.6940960e-15   7.7531250e-01   7.7531250e-01
   2.9000000e+01   8.0000000e+00   5.6813163e-15   7.7878125e-01   7.7878125e-01
   3.0000000e+01   8.0000000e+00   5.6810144e-15   7.5606250e-01   7.5606250e-01
   3.1000000e+01   8.0000000e+00   5.7034302e-15   7.5909375e-01   7.5909375e-01
   3.2000000e+01   8.0000000e+00   5.4681743e-15   7.4143750e-01   7.4143750e-01
   3.3000000e+01   8.0000000e+00   5.3632893e-15   7.2493750e-01   7.2493750e-01
   3.4000000e+01   8.0000000e+00   5.4249814e-15   7.1925000e-01   7.1925000e-01
   3.5000000e+01   8.0000000e+00   5.4779834e-15   7.4331250e-01   7.4331250e-01
   1.0000000e+00   9.0000000e+00   5.4666542e-15   7.1346875e-01   7.1346875e-01
   2.0000000e+00   9.0000000e+00   5.5649474e-15   7.5090625e-01   7.5090625e-01
   3.0000000e+00   9.0000000e+00   5.7565179e-15   7.8403125e-01   7.8403125e-01
   4.0000000e+00   9.0000000e+00   6.0162450e-15   8.2862500e-01   8.2862500e-01
   5.0000000e+00   9.0000000e+00   6.2203283e-15   8.4262500e-01   8.4262500e-01
   6.0000000e+00   9.0000000e+00   6.4458928e-15   8.4268750e-01   8.4268750e-01
   7.0000000e+00   9.0000000e+00   6.4465810e-15   8.4975000e-01   8.4975000e-01
   8.0000000e+00   9.0000000e+00   6.2408918e-15   8.3684375e-01   8.3684375e-01
   9.0000000e+00   9.0000000e+00   6.0463250e-15   8.2106250e-01   8.2106250e-01
   1.0000000e+01   9.0000000e+00   5.8776014e-15   7.9996875e-01   7.9996875e-01
   1.1000000e+01   9.0000000e+00   5.7362846e-15   7.7715625e-01   7.7715625e-01
   1.2000000e+01   9.0000000e+00   5.8132105e-15   7.5962500e-01   7.5962500e-01
   1.3000000e+01   9.0000000e+00   5.7966965e-15   7.7271875e-01   7.7271875e-01
   1.4000000e+01   9.0000000e+00   5.6532352e-15   7.6187500e-01   7.6187500e-01
   1.5000000e+01   9.0000000e+00   5.4320354e-15   7.3681250e-01   7.3681250e-01
   1.6000000e+01   9.0000000e+00   5.4203084e-15   7.2721875e-01   7.2721875e-01
   1.7000000e+01   9.0000000e+00   5.3271203e-15   7.1425000e-01   7.1425000e-01
   1.8000000e+01   9.0000000e+00   5.3963238e-15   7.1584375e-01   7.1584375e-01
   1.9000000e+01   9.0000000e+00   5.5603586e-15   7.5153125e-01   7.5153125e-01
   2.0000000e+01   9.0000000e+00   5.8555543e-15   7.9721875e-01   7.9721875e-01
   2.1000000e+01   9.0000000e+00   6.2553529e-15   8.1446875e-01   8.1446875e-01
   2.2000000e+01   9.0000000e+00   6.3825711e-15   8.5500000e-01   8.5500000e-01
   2.3000000e+01   9.0000000e+00   6.3633608e-15   8.5859375e-01   8.5859375e-01
   2.4000000e+01   9.0000000e+00   6.2007186e-15   8.2109375e-01   8.2109375e-01
   2.5000000e+01   9.0000000e+00   6.0857580e-15   8.2246875e-01   8.2246875e-01
   2.6000000e+01   9.0000000e+00   5.9154086e-15   8.0731250e-01   8.0731250e-01
   2.7000000e+01   9.0000000e+00   5.8072874e-15   7.7325000e-01   7.7325000e-01
   2.8000000e+01   9.0000000e+00   5.7975357e-15   7.7643750e-01   7.7643750e-01
   2.9000000e+01   9.0000000e+00   5.7585723e-15   7.7418750e-01   7.7418750e-01
   3.0000000e+01   9.0000000e+00   5.7369349e-15   7.7884375e-01   7.7884375e-01
   3.1000000e+01   9.0000000e+00   5.7030306e-15   7.3809375e-01   7.3809375e-01
   3.2000000e+01   9.0000000e+00   5.5867779e-15   7.4171875e-01   7.4171875e-01
   3.3000000e+01   9.0000000e+00   5.3189419e-15   7.2518750e-01   7.2518750e-01
   3.4000000e+01   9.0000000e+00   5.3230211e-15   7.2778125e-01   7.2778125e-01
   3.5000000e+01   9.0000000e+00   5.6049575e-15   7.2787500e-01   7.2787500e-01
   1.0000000e+00   1.0000000e+01   5.1782244e-15   6.9609375e-01   6.9609375e-01
   2.0000000e+00   1.0000000e+01   5.4364373e-15   7.2481250e-01   7.2481250e-01
   3.0000000e+00   1.0000000e+01   5.6998240e-15   7.6615625e-01   7.6615625e-01
   4.0000000e+00   1.0000000e+01   6.0396949e-15   8.0846875e-01   8.0846875e-01
   5.0000000e+00   1.0000000e+01   6.2060967e-15   8.3621875e-01   8.3621875e-01
   6.0000000e+00   1.0000000e+01   6.3609755e-15   8.5121875e-01   8.5121875e-01
   7.0000000e+00   1.0000000e+01   6.2408062e-15   8.4284375e-01   8.4284375e-01
   8.0000000e+00   1.0000000e+01   6.0487876e-15   8.2081250e-01   8.2081250e-01
   9.0000000e+00   1.0000000e+01   5.9138413e-15   8.0928125e-01   8.0928125e-01
   1.0000000e+01   1.0000000e+01   5.8305978e-15   7.8706250e-01   7.8706250e-01
   1.1000000e+01   1.0000000e+01   5.6634103e-15   7.4012500e-01   7.4012500e-01
   1.2000000e+01   1.0000000e+01   5.5869357e-15   7.4062500e-01   7.4062500e-01
   1.3000000e+01   1.0000000e+01   5.5682334e-15   7.4828125e-01   7.4828125e-01
   1.4000000e+01   1.0000000e+01   5.5056540e-15   7.4156250e-01   7.4156250e-01
   1.5000000e+01   1.0000000e+01   5.2433154e-15   7.1912500e-01   7.1912500e-01
   1.6000000e+01   1.0000000e+01   5.1441280e-15   7.0512500e-01   7.0512500e-01
   1.7000000e+01   1.0000000e+01   5.0845560e-15   6.9356250e-01   6.9356250e-01
   1.8000000e+01   1.0000000e+01   5.2196336e-15   6.7896875e-01   6.7896875e-01
   1.9000000e+01   1.0000000e+01   5.4127015e-15   7.2900000e-01   7.2900000e-01
   2.0000000e+01   1.0000000e+01   5.8489746e-15   7.7965625e-01   7.7965625e-01
   2.1000000e+01   1.0000000e+01   6.0813613e-15   8.1734375e-01   8.1734375e-01
   2.2000000e+01   1.0000000e+01   6.2543363e-15   8.4265625e-01   8.4265625e-01
   2.3000000e+01   1.0000000e+01   6.1918029e-15   8.4434375e-01   8.4434375e-01
   2.4000000e+01   1.0000000e+01   6.0952747e-15   8.3181250e-01   8.3181250e-01
   2.5000000e+01   1.0000000e+01   5.9347960e-15   8.1575000e-01   8.1575000e-01
   2.6000000e+01   1.0000000e+01   5.8964889e-15   7.8996875e-01   7.8996875e-01
   2.7000000e+01   1.0000000e+01   5.7680674e-15   7.5312500e-01   7.5312500e-01
   2.8000000e+01   1.0000000e+01   5.7641994e-15   7.5143750e-01   7.5143750e-01
   2.9000000e+01   1.0000000e+01   5.6367427e-15   7.5109375e-01   7.5109375e-01
   3.0000000e+01   1.0000000e+01   5.5972664e-15   7.5059375e-01   7.5059375e-01
   3.1000000e+01   1.0000000e+01   5.3293922e-15   7.3046875e-01   7.3046875e-01
   3.2000000e+01   1.0000000e+01   5.2319891e-15   7.0687500e-01   7.0687500e-01
   3.3000000e+01   1.0000000e+01   5.3167742e-15   7.0218750e-01   7.0218750e-01
   3.4000000e+01   1.0000000e+01   5.2304376e-15   7.0225000e-01   7.0225000e-01
   3.5000000e+01   1.0000000e+01   5.3138586e-15   7.2281250e-01   7.2281250e-01
   1.0000000e+00   1.1000000e+01   4.7518273e-15   6.4462500e-01   6.4462500e-01
   2.0000000e+00   1.1000000e+01   5.1710574e-15   6.6762500e-01   6.6762500e-01
   3.0000000e+00   1.1000000e+01   5.4598172e-15   7.2500000e-01   7.2500000e-01
   4.0000000e+00   1.1000000e+01   5.7376555e-15   7.6671875e-01   7.6671875e-01
   5.0000000e+00   1.1000000e+01   6.0126468e-15   8.0925000e-01   8.0925000e-01
   6.0000000e+00   1.1000000e+01   6.0387298e-15   8.2793750e-01   8.2793750e-01
   7.0000000e+00   1.1000000e+01   5.9793992e-15   8.0875000e-01   8.0875000e-01
   8.0000000e+00   1.1000000e+01   5.9810050e-15   7.7750000e-01   7.7750000e-01
   9.0000000e+00   1.1000000e+01   5.9820790e-15   7.7371875e-01   7.7371875e-01
   1.0000000e+01   1.1000000e+01   5.7630457e-15   7.5134375e-01   7.5134375e-01
   1.1000000e+01   1.1000000e+01   5.5077901e-15   7.2015625e-01   7.2015625e-01
   1.2000000e+01   1.1000000e+01   5.4339640e-15   7.0237500e-01   7.0237500e-01
   1.3000000e+01   1.1000000e+01   5.3968089e-15   7.0281250e-01   7.0281250e-01
   1.4000000e+01   1.1000000e+01   5.3546073e-15   6.9621875e-01   6.9621875e-01
   1.5000000e+01   1.1000000e+01   5.0642235e-15   6.6743750e-01   6.6743750e-01
   1.6000000e+01   1.1000000e+01   5.0127669e-15   6.5900000e-01   6.5900000e-01
   1.7000000e+01   1.1000000e+01   4.9097271e-15   6.5540625e-01   6.5540625e-01
   1.8000000e+01   1.1000000e+01   4.9368217e-15   6.6346875e-01   6.6346875e-01
   1.9000000e+01   1.1000000e+01   5.1424665e-15   6.9578125e-01   6.9578125e-01
   2.0000000e+01   1.1000000e+01   5.5290460e-15   7.3493750e-01   7.3493750e-01
   2.1000000e+01   1.1000000e+01   5.9663919e-15   7.7571875e-01   7.7571875e-01
   2.2000000e+01   1.1000000e+01   5.9968623e-15   8.0618750e-01   8.0618750e-01
   2.3000000e+01   1.1000000e+01   6.0128241e-15   8.2621875e-01   8.2621875e-01
   2.4000000e+01   1.1000000e+01   5.9344011e-15   8.1175000e-01   8.1175000e-01
   2.5000000e+01   1.1000000e+01   5.8782662e-15   7.9371875e-01   7.9371875e-01
   2.6000000e+01   1.1000000e+01   5.8793066e-15   7.6865625e-01   7.6865625e-01
   2.7000000e+01   1.1000000e+01   5.5281344e-15   7.3009375e-01   7.3009375e-01
   2.8000000e+01   1.1000000e+01   5.2590394e-15   7.2612500e-01   7.2612500e-01
   2.9000000e+01   1.1000000e+01   5.2915444e-15   7.1875000e-01   7.1875000e-01
   3.0000000e+01   1.1000000e+01   5.4226916e-15   7.2353125e-01   7.2353125e-01
   3.1000000e+01   1.1000000e+01   5.3087243e-15   6.9384375e-01   6.9384375e-01
   3.2000000e+01   1.1000000e+01   4.9997892e-15   6.7728125e-01   6.7728125e-01
   3.3000000e+01   1.1000000e+01   4.8928625e-15   6.7281250e-01   6.7281250e-01
   3.4000000e+01   1.1000000e+01   4.9431575e-15   6.6775000e-01   6.6775000e-01
   3.5000000e+01   1.1000000e+01   5.2126261e-15   6.7750000e-01   6.7750000e-01
   1.0000000e+00   1.2000000e+01   4.6082771e-15   6.2162500e-01   6.2162500e-01
   2.0000000e+00   1.2000000e+01   4.7949317e-15   6.3665625e-01   6.3665625e-01
   3.0000000e+00   1.2000000e+01   4.8742445e-15   6.6281250e-01   6.6281250e-01
   4.0000000e+00   1.2000000e+01   5.1019034e-15   7.1240625e-01   7.1240625e-01
   5.0000000e+00   1.2000000e+01   5.5309835e-15   7.4831250e-01   7.4831250e-01
   6.0000000e+00   1.2000000e+01   5.7401330e-15   7.7293750e-01   7.7293750e-01
   7.0000000e+00   1.2000000e+01   5.7261581e-15   7.6490625e-01   7.6490625e-01
   8.0000000e+00   1.2000000e+01   5.5686859e-15   7.3668750e-01   7.3668750e-01
   9.0000000e+00   1.2000000e+01   5.3633003e-15   7.2512500e-01   7.2512500e-01
   1.0000000e+01   1.2000000e+01   5.2041766e-15   6.9787500e-01   6.9787500e-01
   1.1000000e+01   1.2000000e+01   4.9471670e-15   6.8309375e-01   6.8309375e-01
   1.2000000e+01   1.2000000e+01   4.8554618e-15   6.6493750e-01   6.6493750e-01
   1.3000000e+01   1.2000000e+01   5.0237393e-15   6.5078125e-01   6.5078125e-01
   1.4000000e+01   1.2000000e+01   4.7606658e-15   6.6671875e-01   6.6671875e-01
   1.5000000e+01   1.2000000e+01   4.8381330e-15   6.5281250e-01   6.5281250e-01
   1.6000000e+01   1.2000000e+01   4.7414738e-15   6.3593750e-01   6.3593750e-01
   1.7000000e+01   1.2000000e+01   4.5275866e-15   6.1281250e-01   6.1281250e-01
   1.8000000e+01   1.2000000e+01   4.4760034e-15   6.2521875e-01   6.2521875e-01
   1.9000000e+01   1.2000000e+01   4.7107745e-15   6.4509375e-01   6.4509375e-01
   2.0000000e+01   1.2000000e+01   5.1454146e-15   6.7815625e-01   6.7815625e-01
   2.1000000e+01   1.2000000e+01   5.3015532e-15   7.2637500e-01   7.2637500e-01
   2.2000000e+01   1.2000000e+01   5.6374150e-15   7.6184375e-01   7.6184375e-01
   2.3000000e+01   1.2000000e+01   5.7608918e-15   7.6143750e-01   7.6143750e-01
   2.4000000e+01   1.2000000e+01   5.5789403e-15   7.6909375e-01   7.6909375e-01
   2.5000000e+01   1.2000000e+01   5.4395386e-15   7.4187500e-01   7.4187500e-01
   2.6000000e+01   1.2000000e+01   5.3579689e-15   7.2171875e-01   7.2171875e-01
   2.7000000e+01   1.2000000e+01   5.1379310e-15   6.9159375e-01   6.9159375e-01
   2.8000000e+01   1.2000000e+01   5.0083325e-15   6.6071875e-01   6.6071875e-01
   2.9000000e+01   1.2000000e+01   4.9876272e-15   6.5578125e-01   6.5578125e-01
   3.0000000e+01   1.2000000e+01   4.9701967e-15   6.7703125e-01   6.7703125e-01
   3.1000000e+01   1.2000000e+01   4.7725394e-15   6.6875000e-01   6.6875000e-01
   3.2000000e+01   1.2000000e+01   4.7399718e-15   6.4921875e-01   6.4921875e-01
   3.3000000e+01   1.2000000e+01   4.6544492e-15   6.3487500e-01   6.3487500e-01
   3.4000000e+01   1.2000000e+01   4.5961188e-15   6.0596875e-01   6.0596875e-01
   3.5000000e+01   1.2000000e+01   4.6713865e-15   6.4796875e-01   6.4796875e-01
   1.0000000e+00   1.3000000e+01   4.3034471e-15   5.8565625e-01   5.8565625e-01
   2.0000000e+00   1.3000000e+01   4.4982867e-15   6.0668750e-01   6.0668750e-01
   3.0000000e+00   1.3000000e+01   4.6342091e-15   6.4103125e-01   6.4103125e-01
   4.0000000e+00   1.3000000e+01   5.0702899e-15   6.7284375e-01   6.7284375e-01
   5.0000000e+00   1.3000000e+01   5.3325632e-15   6.9581250e-01   6.9581250e-01
   6.0000000e+00   1.3000000e+01   5.4777025e-15   7.0512500e-01   7.0512500e-01
   7.0000000e+00   1.3000000e+01   5.3407083e-15   7.0081250e-01   7.0081250e-01
   8.0000000e+00   1.3000000e+01   5.1423791e-15   7.0428125e-01   7.0428125e-01
   9.0000000e+00   1.3000000e+01   4.9359560e-15   6.8387500e-01   6.8387500e-01
   1.0000000e+01   1.3000000e+01   4.7963730e-15   6.6181250e-01   6.6181250e-01
   1.1000000e+01   1.3000000e+01   4.7609591e-15   6.4800000e-01   6.4800000e-01
   1.2000000e+01   1.3000000e+01   4.7907234e-15   6.3062500e-01   6.3062500e-01
   1.3000000e+01   1.3000000e+01   4.5032504e-15   6.1509375e-01   6.1509375e-01
   1.4000000e+01   1.3000000e+01   4.5025948e-15   6.2443750e-01   6.2443750e-01
   1.5000000e+01   1.3000000e+01   4.3912386e-15   6.1309375e-01   6.1309375e-01
   1.6000000e+01   1.3000000e+01   4.4311771e-15   5.9915625e-01   5.9915625e-01
   1.7000000e+01   1.3000000e+01   4.3032919e-15   5.6328125e-01   5.6328125e-01
   1.8000000e+01   1.3000000e+01   4.3740461e-15   5.9553125e-01   5.9553125e-01
   1.9000000e+01   1.3000000e+01   4.4208255e-15   6.1143750e-01   6.1143750e-01
   2.0000000e+01   1.3000000e+01   4.8114292e-15   6.5096875e-01   6.5096875e-01
   2.1000000e+01   1.3000000e+01   5.0689608e-15   6.8181250e-01   6.8181250e-01
   2.2000000e+01   1.3000000e+01   5.3111139e-15   7.1862500e-01   7.1862500e-01
   2.3000000e+01   1.3000000e+01   5.4527885e-15   7.2796875e-01   7.2796875e-01
   2.4000000e+01   1.3000000e+01   5.2564070e-15   7.0618750e-01   7.0618750e-01
   2.5000000e+01   1.3000000e+01   5.1310887e-15   6.9815625e-01   6.9815625e-01
   2.6000000e+01   1.3000000e+01   5.0041481e-15   6.7231250e-01   6.7231250e-01
   2.7000000e+01   1.3000000e+01   4.7309070e-15   6.5450000e-01   6.5450000e-01
   2.8000000e+01   1.3000000e+01   4.6508265e-15   6.3921875e-01   6.3921875e-01
   2.9000000e+01   1.3000000e+01   4.6476354e-15   6.2134375e-01   6.2134375e-01
   3.0000000e+01   1.3000000e+01   4.5348677e-15   6.3171875e-01   6.3171875e-01
   3.1000000e+01   1.3000000e+01   4.6617254e-15   6.2256250e-01   6.2256250e-01
   3.2000000e+01   1.3000000e+01   4.4517736e-15   6.1012500e-01   6.1012500e-01
   3.3000000e+01   1.3000000e+01   4.3234730e-15   5.9315625e-01   5.9315625e-01
   3.4000000e+01   1.3000000e+01   4.3226668e-15   5.7446875e-01   5.7446875e-01
   3.5000000e+01   1.3000000e+01   4.3426484e-15   6.0759375e-01   6.0759375e-01
   1.0000000e+00   1.4000000e+01   4.0507306e-15   5.7034375e-01   5.7034375e-01
   2.0000000e+00   1.4000000e+01   4.4552958e-15   6.0321875e-01   6.0321875e-01
   3.0000000e+00   1.4000000e+01   4.6877065e-15   6.3090625e-01   6.3090625e-01
   4.0000000e+00   1.4000000e+01   4.8264759e-15   6.5356250e-01   6.5356250e-01
   5.0000000e+00   1.4000000e+01   5.0917100e-15   6.9850000e-01   6.9850000e-01
   6.0000000e+00   1.4000000e+01   5.2735305e-15   7.1753125e-01   7.1753125e-01
   7.0000000e+00   1.4000000e+01   5.2822602e-15   7.1806250e-01   7.1806250e-01
   8.0000000e+00   1.4000000e+01   5.3301420e-15   6.8781250e-01   6.8781250e-01
   9.0000000e+00   1.4000000e+01   4.9368655e-15   6.8206250e-01   6.8206250e-01
   1.0000000e+01   1.4000000e+01   4.8352504e-15   6.5484375e-01   6.5484375e-01
   1.1000000e+01   1.4000000e+01   4.6054874e-15   6.3528125e-01   6.3528125e-01
   1.2000000e+01   1.4000000e+01   4.5360151e-15   5.9662500e-01   5.9662500e-01
   1.3000000e+01   1.4000000e+01   4.2370630e-15   5.9965625e-01   5.9965625e-01
   1.4000000e+01   1.4000000e+01   4.2651199e-15   5.8443750e-01   5.8443750e-01
   1.5000000e+01   1.4000000e+01   4.4191062e-15   5.8371875e-01   5.8371875e-01
   1.6000000e+01   1.4000000e+01   4.1690450e-15   5.7515625e-01   5.7515625e-01
   1.7000000e+01   1.4000000e+01   4.1253394e-15   5.6378125e-01   5.6378125e-01
   1.8000000e+01   1.4000000e+01   4.2524071e-15   5.7178125e-01   5.7178125e-01
   1.9000000e+01   1.4000000e+01   4.3331812e-15   5.9643750e-01   5.9643750e-01
   2.0000000e+01   1.4000000e+01   4.6584411e-15   6.4690625e-01   6.4690625e-01
   2.1000000e+01   1.4000000e+01   5.0584588e-15   6.8403125e-01   6.8403125e-01
   2.2000000e+01   1.4000000e+01   5.3681602e-15   7.0559375e-01   7.0559375e-01
   2.3000000e+01   1.4000000e+01   5.2376598e-15   7.1640625e-01   7.1640625e-01
   2.4000000e+01   1.4000000e+01   5.1149296e-15   7.1009375e-01   7.1009375e-01
   2.5000000e+01   1.4000000e+01   5.0720800e-15   6.9162500e-01   6.9162500e-01
   2.6000000e+01   1.4000000e+01   4.9202989e-15   6.5309375e-01   6.5309375e-01
   2.7000000e+01   1.4000000e+01   4.7124616e-15   6.4556250e-01   6.4556250e-01
   2.8000000e+01   1.4000000e+01   4.5152971e-15   6.2721875e-01   6.2721875e-01
   2.9000000e+01   1.4000000e+01   4.4541314e-15   6.0946875e-01   6.0946875e-01
   3.0000000e+01   1.4000000e+01   4.3971639e-15   5.8515625e-01   5.8515625e-01
   3.1000000e+01   1.4000000e+01   4.2210598e-15   5.6884375e-01   5.6884375e-01
   3.2000000e+01   1.4000000e+01   4.2566954e-15   5.8825000e-01   5.8825000e-01
   3.3000000e+01   1.4000000e+01   4.1035865e-15   5.6790625e-01   5.6790625e-01
   3.4000000e+01   1.4000000e+01   4.1604073e-15   5.6584375e-01   5.6584375e-01
   3.5000000e+01   1.4000000e+01   4.3755612e-15   5.9603125e-01   5.9603125e-01
   1.0000000e+00   1.5000000e+01   4.0575547e-15   5.6515625e-01   5.6515625e-01
   2.0000000e+00   1.5000000e+01   4.3866871e-15   5.9968750e-01   5.9968750e-01
   3.0000000e+00   1.5000000e+01   4.7092350e-15   6.3759375e-01   6.3759375e-01
   4.0000000e+00   1.5000000e+01   5.0175443e-15   6.7734375e-01   6.7734375e-01
   5.0000000e+00   1.5000000e+01   5.4209410e-15   7.0775000e-01   7.0775000e-01
   6.0000000e+00   1.5000000e+01   5.3875944e-15   7.0443750e-01   7.0443750e-01
   7.0000000e+00   1.5000000e+01   5.3849158e-15   7.3084375e-01   7.3084375e-01
   8.0000000e+00   1.5000000e+01   5.1112545e-15   7.1268750e-01   7.1268750e-01
   9.0000000e+00   1.5000000e+01   5.0511120e-15   6.8850000e-01   6.8850000e-01
   1.0000000e+01   1.5000000e+01   4.8569313e-15   6.5490625e-01   6.5490625e-01
   1.1000000e+01   1.5000000e+01   4.7104235e-15   6.3384375e-01   6.3384375e-01
   1.2000000e+01   1.5000000e+01   4.6656703e-15   6.1584375e-01   6.1584375e-01
   1.3000000e+01   1.5000000e+01   4.4553731e-15   5.9371875e-01   5.9371875e-01
   1.4000000e+01   1.5000000e+01   4.3198163e-15   5.8762500e-01   5.8762500e-01
   1.5000000e+01   1.5000000e+01   4.4229205e-15   5.8068750e-01   5.8068750e-01
   1.6000000e+01   1.5000000e+01   4.1197473e-15   5.4818750e-01   5.4818750e-01
   1.7000000e+01   1.5000000e+01   4.0907650e-15   5.6340625e-01   5.6340625e-01
   1.8000000e+01   1.5000000e+01   4.1419564e-15   5.7212500e-01   5.7212500e-01
   1.9000000e+01   1.5000000e+01   4.5144744e-15   6.1303125e-01   6.1303125e-01
   2.0000000e+01   1.5000000e+01   4.8753806e-15   6.5200000e-01   6.5200000e-01
   2.1000000e+01   1.5000000e+01   5.1924895e-15   6.9115625e-01   6.9115625e-01
   2.2000000e+01   1.5000000e+01   5.4487268e-15   7.0459375e-01   7.0459375e-01
   2.3000000e+01   1.5000000e+01   5.3147301e-15   7.2821875e-01   7.2821875e-01
   2.4000000e+01   1.5000000e+01   5.2341031e-15   7.2243750e-01   7.2243750e-01
   2.5000000e+01   1.5000000e+01   5.2005849e-15   6.9778125e-01   6.9778125e-01
   2.6000000e+01   1.5000000e+01   4.8948491e-15   6.6721875e-01   6.6721875e-01
   2.7000000e+01   1.5000000e+01   4.7463927e-15   6.2750000e-01   6.2750000e-01
   2.8000000e+01   1.5000000e+01   4.4678513e-15   6.2718750e-01   6.2718750e-01
   2.9000000e+01   1.5000000e+01   4.4243147e-15   6.0593750e-01   6.0593750e-01
   3.0000000e+01   1.5000000e+01   4.2206259e-15   5.8615625e-01   5.8615625e-01
   3.1000000e+01   1.5000000e+01   4.4718172e-15   5.8315625e-01   5.8315625e-01
   3.2000000e+01   1.5000000e+01   4.3188483e-15   5.6468750e-01   5.6468750e-01
   3.3000000e+01   1.5000000e+01   4.0948403e-15   5.4581250e-01   5.4581250e-01
   3.4000000e+01   1.5000000e+01   3.9849169e-15   5.6437500e-01   5.6437500e-01
   3.5000000e+01   1.5000000e+01   4.3218838e-15   5.9578125e-01   5.9578125e-01
   1.0000000e+00   1.6000000e+01   4.0549454e-15   5.5234375e-01   5.5234375e-01
   2.0000000e+00   1.6000000e+01   4.2757816e-15   5.9575000e-01   5.9575000e-01
   3.0000000e+00   1.6000000e+01   4.5733803e-15   6.3162500e-01   6.3162500e-01
   4.0000000e+00   1.6000000e+01   4.9785250e-15   6.7981250e-01   6.7981250e-01
   5.0000000e+00   1.6000000e+01   5.3680535e-15   7.2078125e-01   7.2078125e-01
   6.0000000e+00   1.6000000e+01   5.6045303e-15   7.4003125e-01   7.4003125e-01
   7.0000000e+00   1.6000000e+01   5.3553679e-15   7.2487500e-01   7.2487500e-01
   8.0000000e+00   1.6000000e+01   5.2834944e-15   7.2337500e-01   7.2337500e-01
   9.0000000e+00   1.6000000e+01   4.9985499e-15   6.9009375e-01   6.9009375e-01
   1.0000000e+01   1.6000000e+01   4.8412435e-15   6.5678125e-01   6.5678125e-01
   1.1000000e+01   1.6000000e+01   4.6760899e-15   6.4100000e-01   6.4100000e-01
   1.2000000e+01   1.6000000e+01   4.7600938e-15   6.1984375e-01   6.1984375e-01
   1.3000000e+01   1.6000000e+01   4.4732780e-15   6.2668750e-01   6.2668750e-01
   1.4000000e+01   1.6000000e+01   4.4071453e-15   6.0881250e-01   6.0881250e-01
   1.5000000e+01   1.6000000e+01   4.4199373e-15   6.0268750e-01   6.0268750e-01
   1.6000000e+01   1.6000000e+01   4.2323621e-15   5.6175000e-01   5.6175000e-01
   1.7000000e+01   1.6000000e+01   4.0081936e-15   5.6215625e-01   5.6215625e-01
   1.8000000e+01   1.6000000e+01   3.9900727e-15   5.6006250e-01   5.6006250e-01
   1.9000000e+01   1.6000000e+01   4.3477878e-15   5.9753125e-01   5.9753125e-01
   2.0000000e+01   1.6000000e+01   4.8509762e-15   6.3353125e-01   6.3353125e-01
   2.1000000e+01   1.6000000e+01   5.1154216e-15   6.9746875e-01   6.9746875e-01
   2.2000000e+01   1.6000000e+01   5.4437150e-15   7.2806250e-01   7.2806250e-01
   2.3000000e+01   1.6000000e+01   5.4289637e-15   7.4040625e-01   7.4040625e-01
   2.4000000e+01   1.6000000e+01   5.4172556e-15   7.3003125e-01   7.3003125e-01
   2.5000000e+01   1.6000000e+01   5.1931443e-15   6.9115625e-01   6.9115625e-01
   2.6000000e+01   1.6000000e+01   4.9583068e-15   6.7240625e-01   6.7240625e-01
   2.7000000e+01   1.6000000e+01   4.8469146e-15   6.4878125e-01   6.4878125e-01
   2.8000000e+01   1.6000000e+01   4.6148816e-15   6.3396875e-01   6.3396875e-01
   2.9000000e+01   1.6000000e+01   4.4845340e-15   6.2200000e-01   6.2200000e-01
   3.0000000e+01   1.6000000e+01   4.5415822e-15   6.0637500e-01   6.0637500e-01
   3.1000000e+01   1.6000000e+01   4.3786114e-15   5.9131250e-01   5.9131250e-01
   3.2000000e+01   1.6000000e+01   4.2532614e-15   5.8465625e-01   5.8465625e-01
   3.3000000e+01   1.6000000e+01   4.2668731e-15   5.6500000e-01   5.6500000e-01
   3.4000000e+01   1.6000000e+01   4.0380093e-15   5.6175000e-01   5.6175000e-01
   3.5000000e+01   1.6000000e+01   4.3345876e-15   5.9018750e-01   5.9018750e-01
   1.0000000e+00   1.7000000e+01   4.1012480e-15   5.6825000e-01   5.6825000e-01
   2.0000000e+00   1.7000000e+01   4.3484660e-15   5.9740625e-01   5.9740625e-01
   3.0000000e+00   1.7000000e+01   4.6470568e-15   6.3443750e-01   6.3443750e-01
   4.0000000e+00   1.7000000e+01   5.0716491e-15   6.8856250e-01   6.8856250e-01
   5.0000000e+00   1.7000000e+01   5.4220788e-15   7.3240625e-01   7.3240625e-01
   6.0000000e+00   1.7000000e+01   5.7134987e-15   7.4775000e-01   7.4775000e-01
   7.0000000e+00   1.7000000e+01   5.6518918e-15   7.2406250e-01   7.2406250e-01
   8.0000000e+00   1.7000000e+01   5.3174908e-15   7.3128125e-01   7.3128125e-01
   9.0000000e+00   1.7000000e+01   5.1379456e-15   7.0390625e-01   7.0390625e-01
   1.0000000e+01   1.7000000e+01   4.8648057e-15   6.6937500e-01   6.6937500e-01
   1.1000000e+01   1.7000000e+01   4.7602590e-15   6.5293750e-01   6.5293750e-01
   1.2000000e+01   1.7000000e+01   4.8672225e-15   6.4671875e-01   6.4671875e-01
   1.3000000e+01   1.7000000e+01   4.7116590e-15   6.1800000e-01   6.1800000e-01
   1.4000000e+01   1.7000000e+01   4.5010952e-15   6.0900000e-01   6.0900000e-01
   1.5000000e+01   1.7000000e+01   4.4009726e-15   6.1134375e-01   6.1134375e-01
   1.6000000e+01   1.7000000e+01   4.1745268e-15   5.9000000e-01   5.9000000e-01
   1.7000000e+01   1.7000000e+01   4.0840915e-15   5.6884375e-01   5.6884375e-01
   1.8000000e+01   1.7000000e+01   4.1002504e-15   5.7521875e-01   5.7521875e-01
   1.9000000e+01   1.7000000e+01   4.3552663e-15   6.0875000e-01   6.0875000e-01
   2.0000000e+01   1.7000000e+01   4.7974085e-15   6.6231250e-01   6.6231250e-01
   2.1000000e+01   1.7000000e+01   5.2022964e-15   7.1112500e-01   7.1112500e-01
   2.2000000e+01   1.7000000e+01   5.3831910e-15   7.3953125e-01   7.3953125e-01
   2.3000000e+01   1.7000000e+01   5.4507868e-15   7.4859375e-01   7.4859375e-01
   2.4000000e+01   1.7000000e+01   5.5032521e-15   7.4134375e-01   7.4134375e-01
   2.5000000e+01   1.7000000e+01   5.2905281e-15   7.1418750e-01   7.1418750e-01
   2.6000000e+01   1.7000000e+01   5.1466247e-15   6.8075000e-01   6.8075000e-01
   2.7000000e+01   1.7000000e+01   4.7559140e-15   6.3940625e-01   6.3940625e-01
   2.8000000e+01   1.7000000e+01   4.6214121e-15   6.4671875e-01   6.4671875e-01
   2.9000000e+01   1.7000000e+01   4.6333761e-15   6.3896875e-01   6.3896875e-01
   3.0000000e+01   1.7000000e+01   4.5511576e-15   6.2615625e-01   6.2615625e-01
   3.1000000e+01   1.7000000e+01   4.5175109e-15   6.1112500e-01   6.1112500e-01
   3.2000000e+01   1.7000000e+01   4.4555556e-15   5.9371875e-01   5.9371875e-01
   3.3000000e+01   1.7000000e+01   4.2158404e-15   5.5165625e-01   5.5165625e-01
   3.4000000e+01   1.7000000e+01   4.0894312e-15   5.6556250e-01   5.6556250e-01
   3.5000000e+01   1.7000000e+01   4.2316260e-15   5.8996875e-01   5.8996875e-01
   1.0000000e+00   1.8000000e+01   4.2355129e-15   5.8893750e-01   5.8893750e-01
   2.0000000e+00   1.8000000e+01   4.4437222e-15   6.1846875e-01   6.1846875e-01
   3.0000000e+00   1.8000000e+01   4.8121358e-15   6.5590625e-01   6.5590625e-01
   4.0000000e+00   1.8000000e+01   5.1443804e-15   6.7481250e-01   6.7481250e-01
   5.0000000e+00   1.8000000e+01   5.5008305e-15   7.1150000e-01   7.1150000e-01
   6.0000000e+00   1.8000000e+01   5.6797861e-15   7.4390625e-01   7.4390625e-01
   7.0000000e+00   1.8000000e+01   5.6751756e-15   7.5056250e-01   7.5056250e-01
   8.0000000e+00   1.8000000e+01   5.5518835e-15   7.3615625e-01   7.3615625e-01
   9.0000000e+00   1.8000000e+01   5.2946039e-15   7.0896875e-01   7.0896875e-01
   1.0000000e+01   1.8000000e+01   5.1334081e-15   6.6818750e-01   6.6818750e-01
   1.1000000e+01   1.8000000e+01   4.8684036e-15   6.4040625e-01   6.4040625e-01
   1.2000000e+01   1.8000000e+01   4.8162057e-15   6.5312500e-01   6.5312500e-01
   1.3000000e+01   1.8000000e+01   4.6642545e-15   6.4871875e-01   6.4871875e-01
   1.4000000e+01   1.8000000e+01   4.5741298e-15   6.3365625e-01   6.3365625e-01
   1.5000000e+01   1.8000000e+01   4.3909784e-15   6.0934375e-01   6.0934375e-01
   1.6000000e+01   1.8000000e+01   4.1613387e-15   5.8081250e-01   5.8081250e-01
   1.7000000e+01   1.8000000e+01   4.1310912e-15   5.7500000e-01   5.7500000e-01
   1.8000000e+01   1.8000000e+01   4.3851849e-15   5.8909375e-01   5.8909375e-01
   1.9000000e+01   1.8000000e+01   4.6212626e-15   6.1925000e-01   6.1925000e-01
   2.0000000e+01   1.8000000e+01   5.0814700e-15   6.5225000e-01   6.5225000e-01
   2.1000000e+01   1.8000000e+01   5.1660323e-15   7.0756250e-01   7.0756250e-01
   2.2000000e+01   1.8000000e+01   5.4351908e-15   7.4206250e-01   7.4206250e-01
   2.3000000e+01   1.8000000e+01   5.4220474e-15   7.4787500e-01   7.4787500e-01
   2.4000000e+01   1.8000000e+01   5.4976804e-15   7.4718750e-01   7.4718750e-01
   2.5000000e+01   1.8000000e+01   5.2843065e-15   7.2150000e-01   7.2150000e-01
   2.6000000e+01   1.8000000e+01   5.0583192e-15   6.9143750e-01   6.9143750e-01
   2.7000000e+01   1.8000000e+01   4.9843810e-15   6.6859375e-01   6.6859375e-01
   2.8000000e+01   1.8000000e+01   4.8567395e-15   6.4103125e-01   6.4103125e-01
   2.9000000e+01   1.8000000e+01   4.7424923e-15   6.3412500e-01   6.3412500e-01
   3.0000000e+01   1.8000000e+01   4.5096593e-15   6.3434375e-01   6.3434375e-01
   3.1000000e+01   1.8000000e+01   4.5787183e-15   6.2087500e-01   6.2087500e-01
   3.2000000e+01   1.8000000e+01   4.3362813e-15   5.6971875e-01   5.6971875e-01
   3.3000000e+01   1.8000000e+01   4.0921444e-15   5.7475000e-01   5.7475000e-01
   3.4000000e+01   1.8000000e+01   4.1708700e-15   5.7762500e-01   5.7762500e-01
   3.5000000e+01   1.8000000e+01   4.4726695e-15   6.0743750e-01   6.0743750e-01
   1.0000000e+00   1.9000000e+01   4.3813863e-15   6.0053125e-01   6.0053125e-01
   2.0000000e+00   1.9000000e+01   4.5254710e-15   6.2565625e-01   6.2565625e-01
   3.0000000e+00   1.9000000e+01   4.8480661e-15   6.5878125e-01   6.5878125e-01
   4.0000000e+00   1.9000000e+01   5.1757664e-15   6.8059375e-01   6.8059375e-01
   5.0000000e+00   1.9000000e+01   5.3460963e-15   7.2900000e-01   7.2900000e-01
   6.0000000e+00   1.9000000e+01   5.5237728e-15   7.5100000e-01   7.5100000e-01
   7.0000000e+00   1.9000000e+01   5.5793419e-15   7.3175000e-01   7.3175000e-01
   8.0000000e+00   1.9000000e+01   5.4098912e-15   7.4134375e-01   7.4134375e-01
   9.0000000e+00   1.9000000e+01   5.3027982e-15   7.1821875e-01   7.1821875e-01
   1.0000000e+01   1.9000000e+01   5.0699968e-15   6.6678125e-01   6.6678125e-01
   1.1000000e+01   1.9000000e+01   4.8592596e-15   6.6906250e-01   6.6906250e-01
   1.2000000e+01   1.9000000e+01   4.8176300e-15   6.5631250e-01   6.5631250e-01
   1.3000000e+01   1.9000000e+01   4.8321337e-15   6.4856250e-01   6.4856250e-01
   1.4000000e+01   1.9000000e+01   4.5967080e-15   6.4009375e-01   6.4009375e-01
   1.5000000e+01   1.9000000e+01   4.4796482e-15   6.1521875e-01   6.1521875e-01
   1.6000000e+01   1.9000000e+01   4.3840299e-15   5.7975000e-01   5.7975000e-01
   1.7000000e+01   1.9000000e+01   4.2170112e-15   5.9540625e-01   5.9540625e-01
   1.8000000e+01   1.9000000e+01   4.3665245e-15   6.0228125e-01   6.0228125e-01
   1.9000000e+01   1.9000000e+01   4.7602156e-15   6.2315625e-01   6.2315625e-01
   2.0000000e+01   1.9000000e+01   4.7733878e-15   6.5934375e-01   6.5934375e-01
   2.1000000e+01   1.9000000e+01   5.1117400e-15   7.0912500e-01   7.0912500e-01
   2.2000000e+01   1.9000000e+01   5.3580388e-15   7.3956250e-01   7.3956250e-01
   2.3000000e+01   1.9000000e+01   5.6004691e-15   7.5040625e-01   7.5040625e-01
   2.4000000e+01   1.9000000e+01   5.4784758e-15   7.4740625e-01   7.4740625e-01
   2.5000000e+01   1.9000000e+01   5.3734923e-15   7.2609375e-01   7.2609375e-01
   2.6000000e+01   1.9000000e+01   5.2092862e-15   6.8956250e-01   6.8956250e-01
   2.7000000e+01   1.9000000e+01   4.9787536e-15   6.5418750e-01   6.5418750e-01
   2.8000000e+01   1.9000000e+01   4.7194406e-15   6.3450000e-01   6.3450000e-01
   2.9000000e+01   1.9000000e+01   4.7477385e-15   6.4912500e-01   6.4912500e-01
   3.0000000e+01   1.9000000e+01   4.6133444e-15   6.4021875e-01   6.4021875e-01
   3.1000000e+01   1.9000000e+01   4.6086346e-15   6.2190625e-01   6.2190625e-01
   3.2000000e+01   1.9000000e+01   4.3744574e-15   5.9234375e-01   5.9234375e-01
   3.3000000e+01   1.9000000e+01   4.1839444e-15   5.7893750e-01   5.7893750e-01
   3.4000000e+01   1.9000000e+01   4.3131376e-15   5.9590625e-01   5.9590625e-01
   3.5000000e+01   1.9000000e+01   4.5692774e-15   6.2084375e-01   6.2084375e-01
   1.0000000e+00   2.0000000e+01   4.5220920e-15   6.3128125e-01   6.3128125e-01
   2.0000000e+00   2.0000000e+01   4.6209662e-15   6.3293750e-01   6.3293750e-01
   3.0000000e+00   2.0000000e+01   5.0374136e-15   6.5287500e-01   6.5287500e-01
   4.0000000e+00   2.0000000e+01   5.0383333e-15   7.0368750e-01   7.0368750e-01
   5.0000000e+00   2.0000000e+01   5.6406560e-15   7.5050000e-01   7.5050000e-01
   6.0000000e+00   2.0000000e+01   5.8262891e-15   7.5203125e-01   7.5203125e-01
   7.0000000e+00   2.0000000e+01   5.6465944e-15   7.7659375e-01   7.7659375e-01
   8.0000000e+00   2.0000000e+01   5.5401232e-15   7.5787500e-01   7.5787500e-01
   9.0000000e+00   2.0000000e+01   5.4807924e-15   7.4275000e-01   7.4275000e-01
   1.0000000e+01   2.0000000e+01   5.2787890e-15   7.1250000e-01   7.1250000e-01
   1.1000000e+01   2.0000000e+01   5.0699761e-15   6.7009375e-01   6.7009375e-01
   1.2000000e+01   2.0000000e+01   4.7582496e-15   6.6518750e-01   6.6518750e-01
   1.3000000e+01   2.0000000e+01   4.8903972e-15   6.7090625e-01   6.7090625e-01
   1.4000000e+01   2.0000000e+01   4.8878973e-15   6.3715625e-01   6.3715625e-01
   1.5000000e+01   2.0000000e+01   4.5391773e-15   6.3450000e-01   6.3450000e-01
   1.6000000e+01   2.0000000e+01   4.6213294e-15   6.2371875e-01   6.2371875e-01
   1.7000000e+01   2.0000000e+01   4.6348481e-15   6.1218750e-01   6.1218750e-01
   1.8000000e+01   2.0000000e+01   4.4414279e-15   6.1684375e-01   6.1684375e-01
   1.9000000e+01   2.0000000e+01   4.5004790e-15   6.3731250e-01   6.3731250e-01
   2.0000000e+01   2.0000000e+01   4.8627301e-15   6.7475000e-01   6.7475000e-01
   2.1000000e+01   2.0000000e+01   5.3384436e-15   7.2396875e-01   7.2396875e-01
   2.2000000e+01   2.0000000e+01   5.5620995e-15   7.5187500e-01   7.5187500e-01
   2.3000000e+01   2.0000000e+01   5.5807848e-15   7.5540625e-01   7.5540625e-01
   2.4000000e+01   2.0000000e+01   5.6990424e-15   7.6450000e-01   7.6450000e-01
   2.5000000e+01   2.0000000e+01   5.5327778e-15   7.4884375e-01   7.4884375e-01
   2.6000000e+01   2.0000000e+01   5.2637953e-15   6.9956250e-01   6.9956250e-01
   2.7000000e+01   2.0000000e+01   4.9365224e-15   6.9096875e-01   6.9096875e-01
   2.8000000e+01   2.0000000e+01   4.8278129e-15   6.6500000e-01   6.6500000e-01
   2.9000000e+01   2.0000000e+01   4.9028366e-15   6.4325000e-01   6.4325000e-01
   3.0000000e+01   2.0000000e+01   4.7812382e-15   6.6256250e-01   6.6256250e-01
   3.1000000e+01   2.0000000e+01   4.6333488e-15   6.3646875e-01   6.3646875e-01
   3.2000000e+01   2.0000000e+01   4.5253407e-15   6.1862500e-01   6.1862500e-01
   3.3000000e+01   2.0000000e+01   4.5618635e-15   6.1456250e-01   6.1456250e-01
   3.4000000e+01   2.0000000e+01   4.4283569e-15   6.1809375e-01   6.1809375e-01
   3.5000000e+01   2.0000000e+01   4.5663190e-15   6.2690625e-01   6.2690625e-01
   1.0000000e+00   2.1000000e+01   4.6912704e-15   6.5393750e-01   6.5393750e-01
   2.0000000e+00   2.1000000e+01   4.7928744e-15   6.5131250e-01   6.5131250e-01
   3.0000000e+00   2.1000000e+01   5.0907514e-15   6.7665625e-01   6.7665625e-01
   4.0000000e+00   2.1000000e+01   5.2549421e-15   7.2743750e-01   7.2743750e-01
   5.0000000e+00   2.1000000e+01   5.7630930e-15   7.7356250e-01   7.7356250e-01
   6.0000000e+00   2.1000000e+01   5.8784676e-15   7.7790625e-01   7.7790625e-01
   7.0000000e+00   2.1000000e+01   5.9019742e-15   8.0190625e-01   8.0190625e-01
   8.0000000e+00   2.1000000e+01   5.7750596e-15   7.8934375e-01   7.8934375e-01
   9.0000000e+00   2.1000000e+01   5.7634598e-15   7.6334375e-01   7.6334375e-01
   1.0000000e+01   2.1000000e+01   5.3618079e-15   7.2456250e-01   7.2456250e-01
   1.1000000e+01   2.1000000e+01   5.2268051e-15   7.1621875e-01   7.1621875e-01
   1.2000000e+01   2.1000000e+01   5.1720043e-15   6.9406250e-01   6.9406250e-01
   1.3000000e+01   2.1000000e+01   5.0557077e-15   6.7403125e-01   6.7403125e-01
   1.4000000e+01   2.1000000e+01   4.9281900e-15   6.8903125e-01   6.8903125e-01
   1.5000000e+01   2.1000000e+01   4.9055523e-15   6.6959375e-01   6.6959375e-01
   1.6000000e+01   2.1000000e+01   4.8815338e-15   6.5653125e-01   6.5653125e-01
   1.7000000e+01   2.1000000e+01   4.8142023e-15   6.2990625e-01   6.2990625e-01
   1.8000000e+01   2.1000000e+01   4.6503708e-15   6.4668750e-01   6.4668750e-01
   1.9000000e+01   2.1000000e+01   4.8358635e-15   6.6003125e-01   6.6003125e-01
   2.0000000e+01   2.1000000e+01   5.2345304e-15   6.8718750e-01   6.8718750e-01
   2.1000000e+01   2.1000000e+01   5.4151935e-15   7.4415625e-01   7.4415625e-01
   2.2000000e+01   2.1000000e+01   5.7164477e-15   7.7381250e-01   7.7381250e-01
   2.3000000e+01   2.1000000e+01   5.9496343e-15   7.9518750e-01   7.9518750e-01
   2.4000000e+01   2.1000000e+01   5.8325015e-15   7.6937500e-01   7.6937500e-01
   2.5000000e+01   2.1000000e+01   5.6501065e-15   7.7715625e-01   7.7715625e-01
   2.6000000e+01   2.1000000e+01   5.4957465e-15   7.4809375e-01   7.4809375e-01
   2.7000000e+01   2.1000000e+01   5.3682998e-15   7.1893750e-01   7.1893750e-01
   2.8000000e+01   2.1000000e+01   4.9950783e-15   6.8093750e-01   6.8093750e-01
   2.9000000e+01   2.1000000e+01   4.8856792e-15   6.8118750e-01   6.8118750e-01
   3.0000000e+01   2.1000000e+01   5.0922067e-15   6.8709375e-01   6.8709375e-01
   3.1000000e+01   2.1000000e+01   5.0065538e-15   6.6381250e-01   6.6381250e-01
   3.2000000e+01   2.1000000e+01   4.7480680e-15   6.4087500e-01   6.4087500e-01
   3.3000000e+01   2.1000000e+01   4.6707853e-15   6.4506250e-01   6.4506250e-01
   3.4000000e+01   2.1000000e+01   4.7214301e-15   6.3750000e-01   6.3750000e-01
   3.5000000e+01   2.1000000e+01   4.8743744e-15   6.4296875e-01   6.4296875e-01
   1.0000000e+00   2.2000000e+01   4.9010193e-15   6.7834375e-01   6.7834375e-01
   2.0000000e+00   2.2000000e+01   4.9473194e-15   6.8521875e-01   6.8521875e-01
   3.0000000e+00   2.2000000e+01   5.2975514e-15   7.1893750e-01   7.1893750e-01
   4.0000000e+00   2.2000000e+01   5.6384479e-15   7.6012500e-01   7.6012500e-01
   5.0000000e+00   2.2000000e+01   5.9967491e-15   8.0521875e-01   8.0521875e-01
   6.0000000e+00   2.2000000e+01   6.2342943e-15   8.2809375e-01   8.2809375e-01
   7.0000000e+00   2.2000000e+01   6.1619430e-15   8.1690625e-01   8.1690625e-01
   8.0000000e+00   2.2000000e+01   5.9480272e-15   8.1759375e-01   8.1759375e-01
   9.0000000e+00   2.2000000e+01   5.9165652e-15   8.0103125e-01   8.0103125e-01
   1.0000000e+01   2.2000000e+01   5.8299502e-15   7.5190625e-01   7.5190625e-01
   1.1000000e+01   2.2000000e+01   5.3884423e-15   7.5134375e-01   7.5134375e-01
   1.2000000e+01   2.2000000e+01   5.3734946e-15   7.2546875e-01   7.2546875e-01
   1.3000000e+01   2.2000000e+01   5.3933517e-15   7.1934375e-01   7.1934375e-01
   1.4000000e+01   2.2000000e+01   5.2257904e-15   7.1687500e-01   7.1687500e-01
   1.5000000e+01   2.2000000e+01   5.2208366e-15   7.0309375e-01   7.0309375e-01
   1.6000000e+01   2.2000000e+01   5.0943906e-15   6.6837500e-01   6.6837500e-01
   1.7000000e+01   2.2000000e+01   4.9295352e-15   6.7868750e-01   6.7868750e-01
   1.8000000e+01   2.2000000e+01   4.8731645e-15   6.7146875e-01   6.7146875e-01
   1.9000000e+01   2.2000000e+01   5.1129713e-15   6.9025000e-01   6.9025000e-01
   2.0000000e+01   2.2000000e+01   5.4433405e-15   7.3125000e-01   7.3125000e-01
   2.1000000e+01   2.2000000e+01   5.6953122e-15   7.7796875e-01   7.7796875e-01
   2.2000000e+01   2.2000000e+01   6.0793909e-15   8.1540625e-01   8.1540625e-01
   2.3000000e+01   2.2000000e+01   6.0811575e-15   8.1793750e-01   8.1793750e-01
   2.4000000e+01   2.2000000e+01   6.0805181e-15   8.2271875e-01   8.2271875e-01
   2.5000000e+01   2.2000000e+01   6.0247418e-15   8.0737500e-01   8.0737500e-01
   2.6000000e+01   2.2000000e+01   5.7613347e-15   7.8312500e-01   7.8312500e-01
   2.7000000e+01   2.2000000e+01   5.6149271e-15   7.5825000e-01   7.5825000e-01
   2.8000000e+01   2.2000000e+01   5.4089967e-15   7.2065625e-01   7.2065625e-01
   2.9000000e+01   2.2000000e+01   5.2002828e-15   6.9468750e-01   6.9468750e-01
   3.0000000e+01   2.2000000e+01   5.2448447e-15   7.1934375e-01   7.1934375e-01
   3.1000000e+01   2.2000000e+01   5.1730614e-15   7.0268750e-01   7.0268750e-01
   3.2000000e+01   2.2000000e+01   5.1596176e-15   6.8287500e-01   6.8287500e-01
   3.3000000e+01   2.2000000e+01   4.8383603e-15   6.4700000e-01   6.4700000e-01
   3.4000000e+01   2.2000000e+01   4.8152727e-15   6.6715625e-01   6.6715625e-01
   3.5000000e+01   2.2000000e+01   4.8331375e-15   6.7225000e-01   6.7225000e-01
   1.0000000e+00   2.3000000e+01   5.2691352e-15   6.9006250e-01   6.9006250e-01
   2.0000000e+00   2.3000000e+01   5.1752684e-15   7.0896875e-01   7.0896875e-01
   3.0000000e+00   2.3000000e+01   5.4695314e-15   7.4890625e-01   7.4890625e-01
   4.0000000e+00   2.3000000e+01   5.8491833e-15   7.9000000e-01   7.9000000e-01
   5.0000000e+00   2.3000000e+01   6.1817434e-15   8.3412500e-01   8.3412500e-01
   6.0000000e+00   2.3000000e+01   6.4250860e-15   8.4181250e-01   8.4181250e-01
   7.0000000e+00   2.3000000e+01   6.2394100e-15   8.5600000e-01   8.5600000e-01
   8.0000000e+00   2.3000000e+01   6.1938335e-15   8.3659375e-01   8.3659375e-01
   9.0000000e+00   2.3000000e+01   5.9912403e-15   8.1709375e-01   8.1709375e-01
   1.0000000e+01   2.3000000e+01   6.0018383e-15   7.8540625e-01   7.8540625e-01
   1.1000000e+01   2.3000000e+01   5.6923683e-15   7.7918750e-01   7.7918750e-01
   1.2000000e+01   2.3000000e+01   5.4917455e-15   7.5850000e-01   7.5850000e-01
   1.3000000e+01   2.3000000e+01   5.5968737e-15   7.5959375e-01   7.5959375e-01
   1.4000000e+01   2.3000000e+01   5.6777525e-15   7.5009375e-01   7.5009375e-01
   1.5000000e+01   2.3000000e+01   5.2841559e-15   7.2237500e-01   7.2237500e-01
   1.6000000e+01   2.3000000e+01   5.2200190e-15   7.1312500e-01   7.1312500e-01
   1.7000000e+01   2.3000000e+01   5.0892686e-15   6.9828125e-01   6.9828125e-01
   1.8000000e+01   2.3000000e+01   5.1056125e-15   6.9668750e-01   6.9668750e-01
   1.9000000e+01   2.3000000e+01   5.3907588e-15   7.1334375e-01   7.1334375e-01
   2.0000000e+01   2.3000000e+01   5.6446972e-15   7.3956250e-01   7.3956250e-01
   2.1000000e+01   2.3000000e+01   5.8617104e-15   8.0828125e-01   8.0828125e-01
   2.2000000e+01   2.3000000e+01   6.2239087e-15   8.4021875e-01   8.4021875e-01
   2.3000000e+01   2.3000000e+01   6.4793631e-15   8.4965625e-01   8.4965625e-01
   2.4000000e+01   2.3000000e+01   6.0876687e-15   8.4134375e-01   8.4134375e-01
   2.5000000e+01   2.3000000e+01   6.0903107e-15   8.2237500e-01   8.2237500e-01
   2.6000000e+01   2.3000000e+01   5.9863090e-15   8.0800000e-01   8.0800000e-01
   2.7000000e+01   2.3000000e+01   5.8874763e-15   7.8250000e-01   7.8250000e-01
   2.8000000e+01   2.3000000e+01   5.6364651e-15   7.3840625e-01   7.3840625e-01
   2.9000000e+01   2.3000000e+01   5.5280388e-15   7.4353125e-01   7.4353125e-01
   3.0000000e+01   2.3000000e+01   5.4143433e-15   7.4965625e-01   7.4965625e-01
   3.1000000e+01   2.3000000e+01   5.4140328e-15   7.3071875e-01   7.3071875e-01
   3.2000000e+01   2.3000000e+01   5.2601991e-15   7.1159375e-01   7.1159375e-01
   3.3000000e+01   2.3000000e+01   5.1479560e-15   7.0193750e-01   7.0193750e-01
   3.4000000e+01   2.3000000e+01   5.1507913e-15   6.8431250e-01   6.8431250e-01
   3.5000000e+01   2.3000000e+01   5.1669448e-15   6.7568750e-01   6.7568750e-01
   1.0000000e+00   2.4000000e+01   5.2805187e-15   7.2187500e-01   7.2187500e-01
   2.0000000e+00   2.4000000e+01   5.3841517e-15   7.3500000e-01   7.3500000e-01
   3.0000000e+00   2.4000000e+01   5.6872042e-15   7.7528125e-01   7.7528125e-01
   4.0000000e+00   2.4000000e+01   6.0381328e-15   8.1628125e-01   8.1628125e-01
   5.0000000e+00   2.4000000e+01   6.3100995e-15   8.5200000e-01   8.5200000e-01
   6.0000000e+00   2.4000000e+01   6.4187742e-15   8.6325000e-01   8.6325000e-01
   7.0000000e+00   2.4000000e+01   6.4861581e-15   8.5350000e-01   8.5350000e-01
   8.0000000e+00   2.4000000e+01   6.3544096e-15   8.4106250e-01   8.4106250e-01
   9.0000000e+00   2.4000000e+01   6.2037678e-15   8.2503125e-01   8.2503125e-01
   1.0000000e+01   2.4000000e+01   6.1472179e-15   8.0309375e-01   8.0309375e-01
   1.1000000e+01   2.4000000e+01   5.8723036e-15   7.7028125e-01   7.7028125e-01
   1.2000000e+01   2.4000000e+01   5.7267154e-15   7.8225000e-01   7.8225000e-01
   1.3000000e+01   2.4000000e+01   5.6955431e-15   7.8068750e-01   7.8068750e-01
   1.4000000e+01   2.4000000e+01   5.6653142e-15   7.7743750e-01   7.7743750e-01
   1.5000000e+01   2.4000000e+01   5.5350487e-15   7.5015625e-01   7.5015625e-01
   1.6000000e+01   2.4000000e+01   5.4128341e-15   7.3631250e-01   7.3631250e-01
   1.7000000e+01   2.4000000e+01   5.3477321e-15   7.2331250e-01   7.2331250e-01
   1.8000000e+01   2.4000000e+01   5.2674842e-15   7.1281250e-01   7.1281250e-01
   1.9000000e+01   2.4000000e+01   5.5489348e-15   7.4106250e-01   7.4106250e-01
   2.0000000e+01   2.4000000e+01   5.7733060e-15   7.8340625e-01   7.8340625e-01
   2.1000000e+01   2.4000000e+01   6.1342194e-15   8.2446875e-01   8.2446875e-01
   2.2000000e+01   2.4000000e+01   6.3765085e-15   8.5040625e-01   8.5040625e-01
   2.3000000e+01   2.4000000e+01   6.4009432e-15   8.5553125e-01   8.5553125e-01
   2.4000000e+01   2.4000000e+01   6.3910105e-15   8.5000000e-01   8.5000000e-01
   2.5000000e+01   2.4000000e+01   6.3853056e-15   8.2231250e-01   8.2231250e-01
   2.6000000e+01   2.4000000e+01   5.8921978e-15   7.9931250e-01   7.9931250e-01
   2.7000000e+01   2.4000000e+01   5.8049366e-15   7.9643750e-01   7.9643750e-01
   2.8000000e+01   2.4000000e+01   5.6230627e-15   7.7653125e-01   7.7653125e-01
   2.9000000e+01   2.4000000e+01   5.7600344e-15   7.7568750e-01   7.7568750e-01
   3.0000000e+01   2.4000000e+01   5.8936817e-15   7.7481250e-01   7.7481250e-01
   3.1000000e+01   2.4000000e+01   5.6391900e-15   7.4253125e-01   7.4253125e-01
   3.2000000e+01   2.4000000e+01   5.4460866e-15   7.4118750e-01   7.4118750e-01
   3.3000000e+01   2.4000000e+01   5.3102880e-15   7.2300000e-01   7.2300000e-01
   3.4000000e+01   2.4000000e+01   5.3005529e-15   7.1300000e-01   7.1300000e-01
   3.5000000e+01   2.4000000e+01   5.3842975e-15   7.0518750e-01   7.0518750e-01
   1.0000000e+00   2.5000000e+01   5.2936508e-15   7.3850000e-01   7.3850000e-01
   2.0000000e+00   2.5000000e+01   5.4923100e-15   7.4993750e-01   7.4993750e-01
   3.0000000e+00   2.5000000e+01   5.7966451e-15   7.8696875e-01   7.8696875e-01
   4.0000000e+00   2.5000000e+01   6.0149885e-15   8.2378125e-01   8.2378125e-01
   5.0000000e+00   2.5000000e+01   6.2698853e-15   8.4653125e-01   8.4653125e-01
   6.0000000e+00   2.5000000e+01   6.4699784e-15   8.4090625e-01   8.4090625e-01
   7.0000000e+00   2.5000000e+01   6.4429162e-15   8.3962500e-01   8.3962500e-01
   8.0000000e+00   2.5000000e+01   6.3593270e-15   8.2390625e-01   8.2390625e-01
   9.0000000e+00   2.5000000e+01   6.0402927e-15   8.0531250e-01   8.0531250e-01
   1.0000000e+01   2.5000000e+01   5.9785631e-15   8.0690625e-01   8.0690625e-01
   1.1000000e+01   2.5000000e+01   5.7797260e-15   7.9290625e-01   7.9290625e-01
   1.2000000e+01   2.5000000e+01   5.7445526e-15   7.8671875e-01   7.8671875e-01
   1.3000000e+01   2.5000000e+01   5.7295753e-15   7.8071875e-01   7.8071875e-01
   1.4000000e+01   2.5000000e+01   5.8378815e-15   7.8440625e-01   7.8440625e-01
   1.5000000e+01   2.5000000e+01   5.7580629e-15   7.4475000e-01   7.4475000e-01
   1.6000000e+01   2.5000000e+01   5.4488990e-15   7.4400000e-01   7.4400000e-01
   1.7000000e+01   2.5000000e+01   5.3504421e-15   7.3203125e-01   7.3203125e-01
   1.8000000e+01   2.5000000e+01   5.3978345e-15   7.3168750e-01   7.3168750e-01
   1.9000000e+01   2.5000000e+01   5.7497575e-15   7.4521875e-01   7.4521875e-01
   2.0000000e+01   2.5000000e+01   5.8553431e-15   7.8400000e-01   7.8400000e-01
   2.1000000e+01   2.5000000e+01   6.1178681e-15   8.3078125e-01   8.3078125e-01
   2.2000000e+01   2.5000000e+01   6.2235179e-15   8.5471875e-01   8.5471875e-01
   2.3000000e+01   2.5000000e+01   6.3318386e-15   8.5862500e-01   8.5862500e-01
   2.4000000e+01   2.5000000e+01   6.3935125e-15   8.5196875e-01   8.5196875e-01
   2.5000000e+01   2.5000000e+01   6.2072750e-15   8.3193750e-01   8.3193750e-01
   2.6000000e+01   2.5000000e+01   6.1089506e-15   8.2331250e-01   8.2331250e-01
   2.7000000e+01   2.5000000e+01   5.7933943e-15   7.9384375e-01   7.9384375e-01
   2.8000000e+01   2.5000000e+01   5.6723228e-15   7.8009375e-01   7.8009375e-01
   2.9000000e+01   2.5000000e+01   5.7633708e-15   7.7959375e-01   7.7959375e-01
   3.0000000e+01   2.5000000e+01   5.7971140e-15   7.8368750e-01   7.8368750e-01
   3.1000000e+01   2.5000000e+01   5.7035466e-15   7.7071875e-01   7.7071875e-01
   3.2000000e+01   2.5000000e+01   5.6114716e-15   7.4625000e-01   7.4625000e-01
   3.3000000e+01   2.5000000e+01   5.4634497e-15   7.3837500e-01   7.3837500e-01
   3.4000000e+01   2.5000000e+01   5.4088681e-15   7.2675000e-01   7.2675000e-01
   3.5000000e+01   2.5000000e+01   5.5954185e-15   7.3606250e-01   7.3606250e-01
   1.0000000e+00   2.6000000e+01   5.4404210e-15   7.2025000e-01   7.2025000e-01
   2.0000000e+00   2.6000000e+01   5.6429582e-15   7.2825000e-01   7.2825000e-01
   3.0000000e+00   2.6000000e+01   5.9403952e-15   7.6259375e-01   7.6259375e-01
   4.0000000e+00   2.6000000e+01   6.0980778e-15   7.9143750e-01   7.9143750e-01
   5.0000000e+00   2.6000000e+01   6.3423122e-15   8.2203125e-01   8.2203125e-01
   6.0000000e+00   2.6000000e+01   6.4399858e-15   8.4318750e-01   8.4318750e-01
   7.0000000e+00   2.6000000e+01   6.3230726e-15   8.4453125e-01   8.4453125e-01
   8.0000000e+00   2.6000000e+01   6.1914190e-15   8.2587500e-01   8.2587500e-01
   9.0000000e+00   2.6000000e+01   6.1007423e-15   8.0543750e-01   8.0543750e-01
   1.0000000e+01   2.6000000e+01   5.9313978e-15   7.8628125e-01   7.8628125e-01
   1.1000000e+01   2.6000000e+01   5.8292596e-15   7.8171875e-01   7.8171875e-01
   1.2000000e+01   2.6000000e+01   5.6758792e-15   7.7743750e-01   7.7743750e-01
   1.3000000e+01   2.6000000e+01   5.7242727e-15   7.7393750e-01   7.7393750e-01
   1.4000000e+01   2.6000000e+01   5.7240886e-15   7.6843750e-01   7.6843750e-01
   1.5000000e+01   2.6000000e+01   5.6480011e-15   7.4718750e-01   7.4718750e-01
   1.6000000e+01   2.6000000e+01   5.5095971e-15   7.3493750e-01   7.3493750e-01
   1.7000000e+01   2.6000000e+01   5.5199081e-15   7.2940625e-01   7.2940625e-01
   1.8000000e+01   2.6000000e+01   5.5141374e-15   7.1306250e-01   7.1306250e-01
   1.9000000e+01   2.6000000e+01   5.5480198e-15   7.2506250e-01   7.2506250e-01
   2.0000000e+01   2.6000000e+01   5.8820425e-15   7.8259375e-01   7.8259375e-01
   2.1000000e+01   2.6000000e+01   6.1506473e-15   8.2678125e-01   8.2678125e-01
   2.2000000e+01   2.6000000e+01   6.2762956e-15   8.5028125e-01   8.5028125e-01
   2.3000000e+01   2.6000000e+01   6.3368571e-15   8.5593750e-01   8.5593750e-01
   2.4000000e+01   2.6000000e+01   6.2855036e-15   8.5062500e-01   8.5062500e-01
   2.5000000e+01   2.6000000e+01   6.2323365e-15   8.2956250e-01   8.2956250e-01
   2.6000000e+01   2.6000000e+01   6.0770331e-15   8.1334375e-01   8.1334375e-01
   2.7000000e+01   2.6000000e+01   5.9491954e-15   7.9500000e-01   7.9500000e-01
   2.8000000e+01   2.6000000e+01   5.7409391e-15   7.7371875e-01   7.7371875e-01
   2.9000000e+01   2.6000000e+01   5.6311049e-15   7.6893750e-01   7.6893750e-01
   3.0000000e+01   2.6000000e+01   5.7489848e-15   7.8225000e-01   7.8225000e-01
   3.1000000e+01   2.6000000e+01   5.5552183e-15   7.5093750e-01   7.5093750e-01
   3.2000000e+01   2.6000000e+01   5.4153242e-15   7.3225000e-01   7.3225000e-01
   3.3000000e+01   2.6000000e+01   5.3998516e-15   7.1618750e-01   7.1618750e-01
   3.4000000e+01   2.6000000e+01   5.4059476e-15   7.0290625e-01   7.0290625e-01
   3.5000000e+01   2.6000000e+01   5.5828117e-15   7.1728125e-01   7.1728125e-01
   1.0000000e+00   2.7000000e+01   5.2597027e-15   6.9843750e-01   6.9843750e-01
   2.0000000e+00   2.7000000e+01   5.3264487e-15   7.1740625e-01   7.1740625e-01
   3.0000000e+00   2.7000000e+01   5.5791391e-15   7.5118750e-01   7.5118750e-01
   4.0000000e+00   2.7000000e+01   5.9027551e-15   7.9562500e-01   7.9562500e-01
   5.0000000e+00   2.7000000e+01   6.1640074e-15   8.3218750e-01   8.3218750e-01
   6.0000000e+00   2.7000000e+01   6.2751173e-15   8.5253125e-01   8.5253125e-01
   7.0000000e+00   2.7000000e+01   6.2048522e-15   8.4987500e-01   8.4987500e-01
   8.0000000e+00   2.7000000e+01   6.0519978e-15   8.3215625e-01   8.3215625e-01
   9.0000000e+00   2.7000000e+01   5.9946807e-15   8.0987500e-01   8.0987500e-01
   1.0000000e+01   2.7000000e+01   5.7428459e-15   7.9037500e-01   7.9037500e-01
   1.1000000e+01   2.7000000e+01   5.5986237e-15   7.6943750e-01   7.6943750e-01
   1.2000000e+01   2.7000000e+01   5.4529472e-15   7.4234375e-01   7.4234375e-01
   1.3000000e+01   2.7000000e+01   5.7033848e-15   7.3418750e-01   7.3418750e-01
   1.4000000e+01   2.7000000e+01   5.5313099e-15   7.4403125e-01   7.4403125e-01
   1.5000000e+01   2.7000000e+01   5.4726636e-15   7.2646875e-01   7.2646875e-01
   1.6000000e+01   2.7000000e+01   5.1827161e-15   7.0340625e-01   7.0340625e-01
   1.7000000e+01   2.7000000e+01   5.1326580e-15   7.0012500e-01   7.0012500e-01
   1.8000000e+01   2.7000000e+01   5.1653296e-15   6.9850000e-01   6.9850000e-01
   1.9000000e+01   2.7000000e+01   5.3262283e-15   7.0031250e-01   7.0031250e-01
   2.0000000e+01   2.7000000e+01   5.8381209e-15   7.4837500e-01   7.4837500e-01
   2.1000000e+01   2.7000000e+01   6.0812148e-15   7.9150000e-01   7.9150000e-01
   2.2000000e+01   2.7000000e+01   6.2948595e-15   8.1637500e-01   8.1637500e-01
   2.3000000e+01   2.7000000e+01   6.2701326e-15   8.4540625e-01   8.4540625e-01
   2.4000000e+01   2.7000000e+01   6.1767762e-15   8.3996875e-01   8.3996875e-01
   2.5000000e+01   2.7000000e+01   6.0801287e-15   8.1671875e-01   8.1671875e-01
   2.6000000e+01   2.7000000e+01   5.9486108e-15   7.9678125e-01   7.9678125e-01
   2.7000000e+01   2.7000000e+01   5.8656250e-15   7.7625000e-01   7.7625000e-01
   2.8000000e+01   2.7000000e+01   5.7550604e-15   7.4603125e-01   7.4603125e-01
   2.9000000e+01   2.7000000e+01   5.6842251e-15   7.3381250e-01   7.3381250e-01
   3.0000000e+01   2.7000000e+01   5.6160867e-15   7.3146875e-01   7.3146875e-01
   3.1000000e+01   2.7000000e+01   5.4901369e-15   7.1715625e-01   7.1715625e-01
   3.2000000e+01   2.7000000e+01   5.2766403e-15   6.9290625e-01   6.9290625e-01
   3.3000000e+01   2.7000000e+01   5.2741430e-15   7.0681250e-01   7.0681250e-01
   3.4000000e+01   2.7000000e+01   5.0570809e-15   7.0200000e-01   7.0200000e-01
   3.5000000e+01   2.7000000e+01   5.2696336e-15   7.1090625e-01   7.1090625e-01
   1.0000000e+00   2.8000000e+01   4.7815887e-15   6.5978125e-01   6.5978125e-01
   2.0000000e+00   2.8000000e+01   4.8959845e-15   6.7640625e-01   6.7640625e-01
   3.0000000e+00   2.8000000e+01   5.1392101e-15   6.8365625e-01   6.8365625e-01
   4.0000000e+00   2.8000000e+01   5.6679825e-15   7.2962500e-01   7.2962500e-01
   5.0000000e+00   2.8000000e+01   6.0009283e-15   7.7437500e-01   7.7437500e-01
   6.0000000e+00   2.8000000e+01   6.1018063e-15   7.9403125e-01   7.9403125e-01
   7.0000000e+00   2.8000000e+01   5.9850423e-15   8.0206250e-01   8.0206250e-01
   8.0000000e+00   2.8000000e+01   5.8990519e-15   8.0112500e-01   8.0112500e-01
   9.0000000e+00   2.8000000e+01   5.7433491e-15   7.7756250e-01   7.7756250e-01
   1.0000000e+01   2.8000000e+01   5.5593920e-15   7.4737500e-01   7.4737500e-01
   1.1000000e+01   2.8000000e+01   5.3190261e-15   7.1171875e-01   7.1171875e-01
   1.2000000e+01   2.8000000e+01   5.1429839e-15   6.8415625e-01   6.8415625e-01
   1.3000000e+01   2.8000000e+01   5.2379061e-15   6.8965625e-01   6.8965625e-01
   1.4000000e+01   2.8000000e+01   5.1826660e-15   6.9956250e-01   6.9956250e-01
   1.5000000e+01   2.8000000e+01   5.0236409e-15   6.8625000e-01   6.8625000e-01
   1.6000000e+01   2.8000000e+01   4.9207524e-15   6.6859375e-01   6.6859375e-01
   1.7000000e+01   2.8000000e+01   4.8244166e-15   6.6203125e-01   6.6203125e-01
   1.8000000e+01   2.8000000e+01   4.7275256e-15   6.5343750e-01   6.5343750e-01
   1.9000000e+01   2.8000000e+01   4.9825691e-15   6.7484375e-01   6.7484375e-01
   2.0000000e+01   2.8000000e+01   5.3693056e-15   7.1878125e-01   7.1878125e-01
   2.1000000e+01   2.8000000e+01   5.8492391e-15   7.5959375e-01   7.5959375e-01
   2.2000000e+01   2.8000000e+01   6.1278382e-15   7.9281250e-01   7.9281250e-01
   2.3000000e+01   2.8000000e+01   6.1414919e-15   8.0175000e-01   8.0175000e-01
   2.4000000e+01   2.8000000e+01   6.1306806e-15   7.9221875e-01   7.9221875e-01
   2.5000000e+01   2.8000000e+01   5.9257407e-15   7.5865625e-01   7.5865625e-01
   2.6000000e+01   2.8000000e+01   5.6774049e-15   7.4256250e-01   7.4256250e-01
   2.7000000e+01   2.8000000e+01   5.5604504e-15   7.1737500e-01   7.1737500e-01
   2.8000000e+01   2.8000000e+01   5.5171304e-15   7.0809375e-01   7.0809375e-01
   2.9000000e+01   2.8000000e+01   5.3666810e-15   7.0337500e-01   7.0337500e-01
   3.0000000e+01   2.8000000e+01   5.3628959e-15   7.0000000e-01   7.0000000e-01
   3.1000000e+01   2.8000000e+01   5.3058177e-15   6.8262500e-01   6.8262500e-01
   3.2000000e+01   2.8000000e+01   5.0832871e-15   6.6784375e-01   6.6784375e-01
   3.3000000e+01   2.8000000e+01   5.0159332e-15   6.5443750e-01   6.5443750e-01
   3.4000000e+01   2.8000000e+01   4.8542218e-15   6.3996875e-01   6.3996875e-01
   3.5000000e+01   2.8000000e+01   4.8304110e-15   6.6265625e-01   6.6265625e-01
   1.0000000e+00   2.9000000e+01   4.4775415e-15   6.1243750e-01   6.1243750e-01
   2.0000000e+00   2.9000000e+01   4.6287627e-15   6.3612500e-01   6.3612500e-01
   3.0000000e+00   2.9000000e+01   4.7906351e-15   6.5912500e-01   6.5912500e-01
   4.0000000e+00   2.9000000e+01   5.0629345e-15   7.0003125e-01   7.0003125e-01
   5.0000000e+00   2.9000000e+01   5.3647644e-15   7.2753125e-01   7.2753125e-01
   6.0000000e+00   2.9000000e+01   5.5395481e-15   7.5684375e-01   7.5684375e-01
   7.0000000e+00   2.9000000e+01   5.5024300e-15   7.6187500e-01   7.6187500e-01
   8.0000000e+00   2.9000000e+01   5.4696136e-15   7.4256250e-01   7.4256250e-01
   9.0000000e+00   2.9000000e+01   5.3253653e-15   6.9512500e-01   6.9512500e-01
   1.0000000e+01   2.9000000e+01   5.2530237e-15   6.8931250e-01   6.8931250e-01
   1.1000000e+01   2.9000000e+01   5.0249023e-15   6.7343750e-01   6.7343750e-01
   1.2000000e+01   2.9000000e+01   4.8817313e-15   6.6109375e-01   6.6109375e-01
   1.3000000e+01   2.9000000e+01   4.9630727e-15   6.6100000e-01   6.6100000e-01
   1.4000000e+01   2.9000000e+01   4.9303102e-15   6.6400000e-01   6.6400000e-01
   1.5000000e+01   2.9000000e+01   4.8276244e-15   6.5003125e-01   6.5003125e-01
   1.6000000e+01   2.9000000e+01   4.7263247e-15   6.3284375e-01   6.3284375e-01
   1.7000000e+01   2.9000000e+01   4.5683144e-15   6.2187500e-01   6.2187500e-01
   1.8000000e+01   2.9000000e+01   4.5629082e-15   6.1828125e-01   6.1828125e-01
   1.9000000e+01   2.9000000e+01   4.5821677e-15   6.3153125e-01   6.3153125e-01
   2.0000000e+01   2.9000000e+01   4.8480530e-15   6.6850000e-01   6.6850000e-01
   2.1000000e+01   2.9000000e+01   5.1966706e-15   6.8087500e-01   6.8087500e-01
   2.2000000e+01   2.9000000e+01   5.5407214e-15   7.1465625e-01   7.1465625e-01
   2.3000000e+01   2.9000000e+01   5.6560415e-15   7.4856250e-01   7.4856250e-01
   2.4000000e+01   2.9000000e+01   5.5805651e-15   7.5687500e-01   7.5687500e-01
   2.5000000e+01   2.9000000e+01   5.4191450e-15   7.3556250e-01   7.3556250e-01
   2.6000000e+01   2.9000000e+01   5.2168539e-15   7.1043750e-01   7.1043750e-01
   2.7000000e+01   2.9000000e+01   5.0393162e-15   6.7312500e-01   6.7312500e-01
   2.8000000e+01   2.9000000e+01   5.0516203e-15   6.4628125e-01   6.4628125e-01
   2.9000000e+01   2.9000000e+01   5.0182059e-15   6.5096875e-01   6.5096875e-01
   3.0000000e+01   2.9000000e+01   5.0294720e-15   6.6140625e-01   6.6140625e-01
   3.1000000e+01   2.9000000e+01   4.9539965e-15   6.6412500e-01   6.6412500e-01
   3.2000000e+01   2.9000000e+01   4.8591183e-15   6.5143750e-01   6.5143750e-01
   3.3000000e+01   2.9000000e+01   4.6522126e-15   6.3509375e-01   6.3509375e-01
   3.4000000e+01   2.9000000e+01   4.5423818e-15   6.2346875e-01   6.2346875e-01
   3.5000000e+01   2.9000000e+01   4.6801800e-15   6.3353125e-01   6.3353125e-01
   1.0000000e+00   3.0000000e+01   4.2874499e-15   5.9065625e-01   5.9065625e-01
   2.0000000e+00   3.0000000e+01   4.4808758e-15   6.0481250e-01   6.0481250e-01
   3.0000000e+00   3.0000000e+01   4.6659070e-15   6.0940625e-01   6.0940625e-01
   4.0000000e+00   3.0000000e+01   4.9372700e-15   6.6668750e-01   6.6668750e-01
   5.0000000e+00   3.0000000e+01   5.1067614e-15   7.0168750e-01   7.0168750e-01
   6.0000000e+00   3.0000000e+01   5.2982228e-15   7.2293750e-01   7.2293750e-01
   7.0000000e+00   3.0000000e+01   5.2915014e-15   7.2403125e-01   7.2403125e-01
   8.0000000e+00   3.0000000e+01   5.2050530e-15   7.1087500e-01   7.1087500e-01
   9.0000000e+00   3.0000000e+01   5.0778532e-15   6.8678125e-01   6.8678125e-01
   1.0000000e+01   3.0000000e+01   4.8612075e-15   6.4368750e-01   6.4368750e-01
   1.1000000e+01   3.0000000e+01   4.8638705e-15   6.2712500e-01   6.2712500e-01
   1.2000000e+01   3.0000000e+01   4.7708153e-15   6.2453125e-01   6.2453125e-01
   1.3000000e+01   3.0000000e+01   4.6320275e-15   6.1671875e-01   6.1671875e-01
   1.4000000e+01   3.0000000e+01   4.5751198e-15   6.1593750e-01   6.1593750e-01
   1.5000000e+01   3.0000000e+01   4.5295022e-15   6.0859375e-01   6.0859375e-01
   1.6000000e+01   3.0000000e+01   4.3916897e-15   5.9618750e-01   5.9618750e-01
   1.7000000e+01   3.0000000e+01   4.2343295e-15   5.8053125e-01   5.8053125e-01
   1.8000000e+01   3.0000000e+01   4.2010459e-15   5.8278125e-01   5.8278125e-01
   1.9000000e+01   3.0000000e+01   4.5555128e-15   5.9246875e-01   5.9246875e-01
   2.0000000e+01   3.0000000e+01   4.7589078e-15   6.4209375e-01   6.4209375e-01
   2.1000000e+01   3.0000000e+01   5.1136604e-15   6.7475000e-01   6.7475000e-01
   2.2000000e+01   3.0000000e+01   5.2253572e-15   7.0771875e-01   7.0771875e-01
   2.3000000e+01   3.0000000e+01   5.3640965e-15   7.1909375e-01   7.1909375e-01
   2.4000000e+01   3.0000000e+01   5.2425434e-15   7.2056250e-01   7.2056250e-01
   2.5000000e+01   3.0000000e+01   5.1420755e-15   6.9865625e-01   6.9865625e-01
   2.6000000e+01   3.0000000e+01   4.9106027e-15   6.6096875e-01   6.6096875e-01
   2.7000000e+01   3.0000000e+01   4.9085733e-15   6.4096875e-01   6.4096875e-01
   2.8000000e+01   3.0000000e+01   4.8424863e-15   6.3871875e-01   6.3871875e-01
   2.9000000e+01   3.0000000e+01   4.6253374e-15   6.2956250e-01   6.2956250e-01
   3.0000000e+01   3.0000000e+01   4.5867100e-15   6.2387500e-01   6.2387500e-01
   3.1000000e+01   3.0000000e+01   4.5496581e-15   6.1990625e-01   6.1990625e-01
   3.2000000e+01   3.0000000e+01   4.4579162e-15   6.1265625e-01   6.1265625e-01
   3.3000000e+01   3.0000000e+01   4.3526046e-15   5.9318750e-01   5.9318750e-01
   3.4000000e+01   3.0000000e+01   4.3422955e-15   5.6681250e-01   5.6681250e-01
   3.5000000e+01   3.0000000e+01   4.4863602e-15   6.0628125e-01   6.0628125e-01
   1.0000000e+00   3.1000000e+01   4.3649832e-15   5.7218750e-01   5.7218750e-01
   2.0000000e+00   3.1000000e+01   4.4406675e-15   5.9775000e-01   5.9775000e-01
   3.0000000e+00   3.1000000e+01   4.7465321e-15   6.3550000e-01   6.3550000e-01
   4.0000000e+00   3.1000000e+01   5.1181425e-15   6.6625000e-01   6.6625000e-01
   5.0000000e+00   3.1000000e+01   5.3821728e-15   6.8759375e-01   6.8759375e-01
   6.0000000e+00   3.1000000e+01   5.4299275e-15   6.9940625e-01   6.9940625e-01
   7.0000000e+00   3.1000000e+01   5.5410393e-15   7.0415625e-01   7.0415625e-01
   8.0000000e+00   3.1000000e+01   5.4519592e-15   7.0634375e-01   7.0634375e-01
   9.0000000e+00   3.1000000e+01   5.1836579e-15   6.9062500e-01   6.9062500e-01
   1.0000000e+01   3.1000000e+01   4.8081567e-15   6.6278125e-01   6.6278125e-01
   1.1000000e+01   3.1000000e+01   4.7607274e-15   6.4587500e-01   6.4587500e-01
   1.2000000e+01   3.1000000e+01   4.5259897e-15   6.2493750e-01   6.2493750e-01
   1.3000000e+01   3.1000000e+01   4.4413670e-15   6.0478125e-01   6.0478125e-01
   1.4000000e+01   3.1000000e+01   4.2949233e-15   5.8681250e-01   5.8681250e-01
   1.5000000e+01   3.1000000e+01   4.3705300e-15   5.8978125e-01   5.8978125e-01
   1.6000000e+01   3.1000000e+01   4.3892301e-15   5.8178125e-01   5.8178125e-01
   1.7000000e+01   3.1000000e+01   4.1456383e-15   5.6612500e-01   5.6612500e-01
   1.8000000e+01   3.1000000e+01   4.1527783e-15   5.7528125e-01   5.7528125e-01
   1.9000000e+01   3.1000000e+01   4.3948600e-15   5.9684375e-01   5.9684375e-01
   2.0000000e+01   3.1000000e+01   4.9444122e-15   6.3025000e-01   6.3025000e-01
   2.1000000e+01   3.1000000e+01   5.1194520e-15   6.8234375e-01   6.8234375e-01
   2.2000000e+01   3.1000000e+01   5.3457196e-15   7.1278125e-01   7.1278125e-01
   2.3000000e+01   3.1000000e+01   5.4865542e-15   7.2784375e-01   7.2784375e-01
   2.4000000e+01   3.1000000e+01   5.4012072e-15   7.2215625e-01   7.2215625e-01
   2.5000000e+01   3.1000000e+01   5.1028421e-15   6.9659375e-01   6.9659375e-01
   2.6000000e+01   3.1000000e+01   4.9428426e-15   6.6931250e-01   6.6931250e-01
   2.7000000e+01   3.1000000e+01   4.9104310e-15   6.3693750e-01   6.3693750e-01
   2.8000000e+01   3.1000000e+01   4.7767302e-15   6.3725000e-01   6.3725000e-01
   2.9000000e+01   3.1000000e+01   4.6423162e-15   6.1765625e-01   6.1765625e-01
   3.0000000e+01   3.1000000e+01   4.4327646e-15   5.9587500e-01   5.9587500e-01
   3.1000000e+01   3.1000000e+01   4.3321559e-15   5.9346875e-01   5.9346875e-01
   3.2000000e+01   3.1000000e+01   4.3474908e-15   5.9603125e-01   5.9603125e-01
   3.3000000e+01   3.1000000e+01   4.2815575e-15   5.5312500e-01   5.5312500e-01
   3.4000000e+01   3.1000000e+01   4.2014879e-15   5.6537500e-01   5.6537500e-01
   3.5000000e+01   3.1000000e+01   4.3696077e-15   5.9468750e-01   5.9468750e-01
   1.0000000e+00   3.2000000e+01   4.2169550e-15   5.6834375e-01   5.6834375e-01
   2.0000000e+00   3.2000000e+01   4.2940610e-15   5.9759375e-01   5.9759375e-01
   3.0000000e+00   3.2000000e+01   4.6143398e-15   6.3740625e-01   6.3740625e-01
   4.0000000e+00   3.2000000e+01   4.9709825e-15   6.7415625e-01   6.7415625e-01
   5.0000000e+00   3.2000000e+01   5.2818748e-15   7.0743750e-01   7.0743750e-01
   6.0000000e+00   3.2000000e+01   5.4818849e-15   7.3718750e-01   7.3718750e-01
   7.0000000e+00   3.2000000e+01   5.4389538e-15   7.3256250e-01   7.3256250e-01
   8.0000000e+00   3.2000000e+01   5.3962283e-15   7.2334375e-01   7.2334375e-01
   9.0000000e+00   3.2000000e+01   5.1744201e-15   6.7896875e-01   6.7896875e-01
   1.0000000e+01   3.2000000e+01   4.8973071e-15   6.6606250e-01   6.6606250e-01
   1.1000000e+01   3.2000000e+01   4.8585111e-15   6.4537500e-01   6.4537500e-01
   1.2000000e+01   3.2000000e+01   4.7288023e-15   6.2478125e-01   6.2478125e-01
   1.3000000e+01   3.2000000e+01   4.4863816e-15   5.8781250e-01   5.8781250e-01
   1.4000000e+01   3.2000000e+01   4.4585499e-15   6.0328125e-01   6.0328125e-01
   1.5000000e+01   3.2000000e+01   4.3502225e-15   5.9893750e-01   5.9893750e-01
   1.6000000e+01   3.2000000e+01   4.3619148e-15   5.8275000e-01   5.8275000e-01
   1.7000000e+01   3.2000000e+01   4.2092327e-15   5.6859375e-01   5.6859375e-01
   1.8000000e+01   3.2000000e+01   4.3862957e-15   5.6815625e-01   5.6815625e-01
   1.9000000e+01   3.2000000e+01   4.5639942e-15   5.8387500e-01   5.8387500e-01
   2.0000000e+01   3.2000000e+01   4.7557588e-15   6.1843750e-01   6.1843750e-01
   2.1000000e+01   3.2000000e+01   5.1171580e-15   6.9109375e-01   6.9109375e-01
   2.2000000e+01   3.2000000e+01   5.3510690e-15   7.2593750e-01   7.2593750e-01
   2.3000000e+01   3.2000000e+01   5.5228267e-15   7.3581250e-01   7.3581250e-01
   2.4000000e+01   3.2000000e+01   5.4617222e-15   7.3025000e-01   7.3025000e-01
   2.5000000e+01   3.2000000e+01   5.3775776e-15   7.1356250e-01   7.1356250e-01
   2.6000000e+01   3.2000000e+01   5.0175291e-15   6.8265625e-01   6.8265625e-01
   2.7000000e+01   3.2000000e+01   4.9038089e-15   6.5031250e-01   6.5031250e-01
   2.8000000e+01   3.2000000e+01   4.8130939e-15   6.1981250e-01   6.1981250e-01
   2.9000000e+01   3.2000000e+01   4.4694162e-15   6.0415625e-01   6.0415625e-01
   3.0000000e+01   3.2000000e+01   4.4069661e-15   6.0506250e-01   6.0506250e-01
   3.1000000e+01   3.2000000e+01   4.4081383e-15   6.0103125e-01   6.0103125e-01
   3.2000000e+01   3.2000000e+01   4.3527906e-15   5.9381250e-01   5.9381250e-01
   3.3000000e+01   3.2000000e+01   4.2887421e-15   5.7568750e-01   5.7568750e-01
   3.4000000e+01   3.2000000e+01   4.1275177e-15   5.6737500e-01   5.6737500e-01
   3.5000000e+01   3.2000000e+01   4.4108198e-15   5.9806250e-01   5.9806250e-01
   1.0000000e+00   3.3000000e+01   4.1580509e-15   5.4625000e-01   5.4625000e-01
   2.0000000e+00   3.3000000e+01   4.3750708e-15   5.9693750e-01   5.9693750e-01
   3.0000000e+00   3.3000000e+01   4.5567871e-15   6.3350000e-01   6.3350000e-01
   4.0000000e+00   3.3000000e+01   5.0515235e-15   6.7809375e-01   6.7809375e-01
   5.0000000e+00   3.3000000e+01   5.3539156e-15   7.2150000e-01   7.2150000e-01
   6.0000000e+00   3.3000000e+01   5.5033887e-15   7.4803125e-01   7.4803125e-01
   7.0000000e+00   3.3000000e+01   5.5719504e-15   7.4831250e-01   7.4831250e-01
   8.0000000e+00   3.3000000e+01   5.4504516e-15   7.3134375e-01   7.3134375e-01
   9.0000000e+00   3.3000000e+01   5.1705388e-15   7.0756250e-01   7.0756250e-01
   1.0000000e+01   3.3000000e+01   4.9206920e-15   6.7156250e-01   6.7156250e-01
   1.1000000e+01   3.3000000e+01   4.7294051e-15   6.4996875e-01   6.4996875e-01
   1.2000000e+01   3.3000000e+01   4.6247796e-15   6.1596875e-01   6.1596875e-01
   1.3000000e+01   3.3000000e+01   4.7752651e-15   6.1171875e-01   6.1171875e-01
   1.4000000e+01   3.3000000e+01   4.7705688e-15   6.2078125e-01   6.2078125e-01
   1.5000000e+01   3.3000000e+01   4.6095231e-15   6.1165625e-01   6.1165625e-01
   1.6000000e+01   3.3000000e+01   4.4909616e-15   6.0037500e-01   6.0037500e-01
   1.7000000e+01   3.3000000e+01   4.1608686e-15   5.7050000e-01   5.7050000e-01
   1.8000000e+01   3.3000000e+01   4.1465689e-15   5.6553125e-01   5.6553125e-01
   1.9000000e+01   3.3000000e+01   4.3390633e-15   6.0131250e-01   6.0131250e-01
   2.0000000e+01   3.3000000e+01   4.6902441e-15   6.3278125e-01   6.3278125e-01
   2.1000000e+01   3.3000000e+01   5.1586927e-15   6.4837500e-01   6.4837500e-01
   2.2000000e+01   3.3000000e+01   5.4843990e-15   7.2403125e-01   7.2403125e-01
   2.3000000e+01   3.3000000e+01   5.5722083e-15   7.4850000e-01   7.4850000e-01
   2.4000000e+01   3.3000000e+01   5.5677900e-15   7.4128125e-01   7.4128125e-01
   2.5000000e+01   3.3000000e+01   5.3010519e-15   7.2103125e-01   7.2103125e-01
   2.6000000e+01   3.3000000e+01   4.9879119e-15   6.8493750e-01   6.8493750e-01
   2.7000000e+01   3.3000000e+01   4.8714947e-15   6.6290625e-01   6.6290625e-01
   2.8000000e+01   3.3000000e+01   4.7671722e-15   6.4593750e-01   6.4593750e-01
   2.9000000e+01   3.3000000e+01   4.7622484e-15   6.1925000e-01   6.1925000e-01
   3.0000000e+01   3.3000000e+01   4.6138871e-15   5.9284375e-01   5.9284375e-01
   3.1000000e+01   3.3000000e+01   4.6330255e-15   5.9218750e-01   5.9218750e-01
   3.2000000e+01   3.3000000e+01   4.6127476e-15   5.9353125e-01   5.9353125e-01
   3.3000000e+01   3.3000000e+01   4.3612504e-15   5.6290625e-01   5.6290625e-01
   3.4000000e+01   3.3000000e+01   4.1975685e-15   5.4193750e-01   5.4193750e-01
   3.5000000e+01   3.3000000e+01   4.2489209e-15   5.7384375e-01   5.7384375e-01
   1.0000000e+00   3.4000000e+01   4.2687287e-15   5.7903125e-01   5.7903125e-01
   2.0000000e+00   3.4000000e+01   4.5016915e-15   6.1165625e-01   6.1165625e-01
   3.0000000e+00   3.4000000e+01   4.6562373e-15   6.5112500e-01   6.5112500e-01
   4.0000000e+00   3.4000000e+01   5.1402754e-15   6.9081250e-01   6.9081250e-01
   5.0000000e+00   3.4000000e+01   5.4402796e-15   7.3268750e-01   7.3268750e-01
   6.0000000e+00   3.4000000e+01   5.7077659e-15   7.6081250e-01   7.6081250e-01
   7.0000000e+00   3.4000000e+01   5.6409035e-15   7.5871875e-01   7.5871875e-01
   8.0000000e+00   3.4000000e+01   5.4630869e-15   7.4556250e-01   7.4556250e-01
   9.0000000e+00   3.4000000e+01   5.4083293e-15   6.9550000e-01   6.9550000e-01
   1.0000000e+01   3.4000000e+01   5.0908899e-15   6.8340625e-01   6.8340625e-01
   1.1000000e+01   3.4000000e+01   4.9198048e-15   6.6196875e-01   6.6196875e-01
   1.2000000e+01   3.4000000e+01   4.7665141e-15   6.5328125e-01   6.5328125e-01
   1.3000000e+01   3.4000000e+01   4.7186457e-15   6.5071875e-01   6.5071875e-01
   1.4000000e+01   3.4000000e+01   4.5744986e-15   6.1631250e-01   6.1631250e-01
   1.5000000e+01   3.4000000e+01   4.6242805e-15   5.9371875e-01   5.9371875e-01
   1.6000000e+01   3.4000000e+01   4.4353780e-15   5.9437500e-01   5.9437500e-01
   1.7000000e+01   3.4000000e+01   4.3700284e-15   5.7740625e-01   5.7740625e-01
   1.8000000e+01   3.4000000e+01   4.2614898e-15   5.8250000e-01   5.8250000e-01
   1.9000000e+01   3.4000000e+01   4.4684276e-15   6.1156250e-01   6.1156250e-01
   2.0000000e+01   3.4000000e+01   4.8882617e-15   6.5684375e-01   6.5684375e-01
   2.1000000e+01   3.4000000e+01   5.2868045e-15   7.0825000e-01   7.0825000e-01
   2.2000000e+01   3.4000000e+01   5.4824716e-15   7.4365625e-01   7.4365625e-01
   2.3000000e+01   3.4000000e+01   5.5538176e-15   7.5906250e-01   7.5906250e-01
   2.4000000e+01   3.4000000e+01   5.4662992e-15   7.5415625e-01   7.5415625e-01
   2.5000000e+01   3.4000000e+01   5.4410606e-15   7.3143750e-01   7.3143750e-01
   2.6000000e+01   3.4000000e+01   5.1294726e-15   6.9100000e-01   6.9100000e-01
   2.7000000e+01   3.4000000e+01   4.9179071e-15   6.5281250e-01   6.5281250e-01
   2.8000000e+01   3.4000000e+01   4.9715004e-15   6.4140625e-01   6.4140625e-01
   2.9000000e+01   3.4000000e+01   5.0341760e-15   6.4662500e-01   6.4662500e-01
   3.0000000e+01   3.4000000e+01   4.7937052e-15   6.3765625e-01   6.3765625e-01
   3.1000000e+01   3.4000000e+01   4.6400635e-15   6.2612500e-01   6.2612500e-01
   3.2000000e+01   3.4000000e+01   4.6234718e-15   6.1184375e-01   6.1184375e-01
   3.3000000e+01   3.4000000e+01   4.4294894e-15   5.8596875e-01   5.8596875e-01
   3.4000000e+01   3.4000000e+01   4.2785821e-15   5.7456250e-01   5.7456250e-01
   3.5000000e+01   3.4000000e+01   4.5423584e-15   5.9828125e-01   5.9828125e-01
   1.0000000e+00   3.5000000e+01   4.3523947e-15   5.9634375e-01   5.9634375e-01
   2.0000000e+00   3.5000000e+01   4.5082314e-15   6.2331250e-01   6.2331250e-01
   3.0000000e+00   3.5000000e+01   4.8159116e-15   6.5434375e-01   6.5434375e-01
   4.0000000e+00   3.5000000e+01   5.0919077e-15   6.9950000e-01   6.9950000e-01
   5.0000000e+00   3.5000000e+01   5.3792020e-15   7.3584375e-01   7.3584375e-01
   6.0000000e+00   3.5000000e+01   5.5641868e-15   7.4993750e-01   7.4993750e-01
   7.0000000e+00   3.5000000e+01   5.7627278e-15   7.4490625e-01   7.4490625e-01
   8.0000000e+00   3.5000000e+01   5.6124001e-15   7.4662500e-01   7.4662500e-01
   9.0000000e+00   3.5000000e+01   5.3319426e-15   7.2109375e-01   7.2109375e-01
   1.0000000e+01   3.5000000e+01   5.1787287e-15   6.8962500e-01   6.8962500e-01
   1.1000000e+01   3.5000000e+01   4.8653160e-15   6.6637500e-01   6.6637500e-01
   1.2000000e+01   3.5000000e+01   4.8072995e-15   6.5834375e-01   6.5834375e-01
   1.3000000e+01   3.5000000e+01   4.6838533e-15   6.4950000e-01   6.4950000e-01
   1.4000000e+01   3.5000000e+01   4.6372164e-15   6.4050000e-01   6.4050000e-01
   1.5000000e+01   3.5000000e+01   4.4349646e-15   6.1578125e-01   6.1578125e-01
   1.6000000e+01   3.5000000e+01   4.2248003e-15   5.9190625e-01   5.9190625e-01
   1.7000000e+01   3.5000000e+01   4.3446581e-15   5.9068750e-01   5.9068750e-01
   1.8000000e+01   3.5000000e+01   4.3573631e-15   5.8668750e-01   5.8668750e-01
   1.9000000e+01   3.5000000e+01   4.7227892e-15   6.1028125e-01   6.1028125e-01
   2.0000000e+01   3.5000000e+01   4.9670260e-15   6.6800000e-01   6.6800000e-01
   2.1000000e+01   3.5000000e+01   5.3249225e-15   7.0593750e-01   7.0593750e-01
   2.2000000e+01   3.5000000e+01   5.5216160e-15   7.4475000e-01   7.4475000e-01
   2.3000000e+01   3.5000000e+01   5.5569625e-15   7.5509375e-01   7.5509375e-01
   2.4000000e+01   3.5000000e+01   5.5443481e-15   7.5328125e-01   7.5328125e-01
   2.5000000e+01   3.5000000e+01   5.4062214e-15   7.3531250e-01   7.3531250e-01
   2.6000000e+01   3.5000000e+01   5.2892527e-15   7.0587500e-01   7.0587500e-01
   2.7000000e+01   3.5000000e+01   5.0574898e-15   6.7812500e-01   6.7812500e-01
   2.8000000e+01   3.5000000e+01   4.9560642e-15   6.6206250e-01   6.6206250e-01
   2.9000000e+01   3.5000000e+01   4.7954582e-15   6.5643750e-01   6.5643750e-01
   3.0000000e+01   3.5000000e+01   4.8655160e-15   6.4975000e-01   6.4975000e-01
   3.1000000e+01   3.5000000e+01   4.6201532e-15   6.2746875e-01   6.2746875e-01
   3.2000000e+01   3.5000000e+01   4.3479385e-15   6.0306250e-01   6.0306250e-01
   3.3000000e+01   3.5000000e+01   4.2751459e-15   5.8350000e-01   5.8350000e-01
   3.4000000e+01   3.5000000e+01   4.2629554e-15   5.8743750e-01   5.8743750e-01
   3.5000000e+01   3.5000000e+01   4.4901261e-15   6.1356250e-01   6.1356250e-01
