   1.0000000e+00   1.0000000e+00   6.7131464e-15   9.0778125e-01   9.0778125e-01
   2.0000000e+00   1.0000000e+00   6.5297583e-15   8.6909375e-01   8.6909375e-01
   3.0000000e+00   1.0000000e+00   6.1443108e-15   8.2240625e-01   8.2240625e-01
   4.0000000e+00   1.0000000e+00   6.2000915e-15   7.8806250e-01   7.8806250e-01
   5.0000000e+00   1.0000000e+00   5.6064311e-15   7.7156250e-01   7.7156250e-01
   6.0000000e+00   1.0000000e+00   5.7296888e-15   7.6306250e-01   7.6306250e-01
   7.0000000e+00   1.0000000e+00   5.7167473e-15   7.4371875e-01   7.4371875e-01
   8.0000000e+00   1.0000000e+00   5.3398477e-15   7.1140625e-01   7.1140625e-01
   9.0000000e+00   1.0000000e+00   5.1144224e-15   6.9596875e-01   6.9596875e-01
   1.0000000e+01   1.0000000e+00   5.2437581e-15   7.0309375e-01   7.0309375e-01
   1.1000000e+01   1.0000000e+00   5.6303569e-15   7.3303125e-01   7.3303125e-01
   1.2000000e+01   1.0000000e+00   5.8538014e-15   7.8281250e-01   7.8281250e-01
   1.3000000e+01   1.0000000e+00   6.2203270e-15   8.4300000e-01   8.4300000e-01
   1.4000000e+01   1.0000000e+00   6.7883922e-15   8.9493750e-01   8.9493750e-01
   1.5000000e+01   1.0000000e+00   7.0789364e-15   9.1843750e-01   9.1843750e-01
   1.6000000e+01   1.0000000e+00   7.0479637e-15   9.2431250e-01   9.2431250e-01
   1.7000000e+01   1.0000000e+00   6.8812663e-15   9.1965625e-01   9.1965625e-01
   1.8000000e+01   1.0000000e+00   6.6215131e-15   8.9059375e-01   8.9059375e-01
   1.9000000e+01   1.0000000e+00   6.3891019e-15   8.5240625e-01   8.5240625e-01
   2.0000000e+01   1.0000000e+00   6.1381888e-15   7.9640625e-01   7.9640625e-01
   2.1000000e+01   1.0000000e+00   5.6851797e-15   7.7368750e-01   7.7368750e-01
   2.2000000e+01   1.0000000e+00   5.6738718e-15   7.6271875e-01   7.6271875e-01
   2.3000000e+01   1.0000000e+00   5.6476381e-15   7.4725000e-01   7.4725000e-01
   2.4000000e+01   1.0000000e+00   5.3807767e-15   7.2578125e-01   7.2578125e-01
   2.5000000e+01   1.0000000e+00   5.3725681e-15   6.8818750e-01   6.8818750e-01
   2.6000000e+01   1.0000000e+00   5.1554080e-15   6.9187500e-01   6.9187500e-01
   2.7000000e+01   1.0000000e+00   5.2244256e-15   7.1125000e-01   7.1125000e-01
   2.8000000e+01   1.0000000e+00   5.5631921e-15   7.4821875e-01   7.4821875e-01
   2.9000000e+01   1.0000000e+00   6.1345798e-15   8.1059375e-01   8.1059375e-01
   3.0000000e+01   1.0000000e+00   6.5456145e-15   8.6453125e-01   8.6453125e-01
   3.1000000e+01   1.0000000e+00   6.8451684e-15   9.0150000e-01   9.0150000e-01
   3.2000000e+01   1.0000000e+00   6.9539595e-15   9.2746875e-01   9.2746875e-01
   3.3000000e+01   1.0000000e+00   6.8569292e-15   9.1871875e-01   9.1871875e-01
   3.4000000e+01   1.0000000e+00   6.6758349e-15   8.9596875e-01   8.9596875e-01
   3.5000000e+01   1.0000000e+00   6.6072842e-15   8.6206250e-01   8.6206250e-01
   1.0000000e+00   2.0000000e+00   7.1784669e-15   9.3528125e-01   9.3528125e-01
   2.0000000e+00   2.0000000e+00   6.6876233e-15   8.9425000e-01   8.9425000e-01
   3.0000000e+00   2.0000000e+00   6.3113088e-15   8.6237500e-01   8.6237500e-01
   4.0000000e+00   2.0000000e+00   6.1142181e-15   8.2893750e-01   8.2893750e-01
   5.0000000e+00   2.0000000e+00   6.0225594e-15   8.1062500e-01   8.1062500e-01
   6.0000000e+00   2.0000000e+00   6.1522694e-15   8.0203125e-01   8.0203125e-01
   7.0000000e+00   2.0000000e+00   5.8775539e-15   7.6837500e-01   7.6837500e-01
   8.0000000e+00   2.0000000e+00   5.6064802e-15   7.4053125e-01   7.4053125e-01
   9.0000000e+00   2.0000000e+00   5.4615835e-15   7.3375000e-01   7.3375000e-01
   1.0000000e+01   2.0000000e+00   5.4082599e-15   7.3393750e-01   7.3393750e-01
   1.1000000e+01   2.0000000e+00   5.5125975e-15   7.5393750e-01   7.5393750e-01
   1.2000000e+01   2.0000000e+00   5.9461236e-15   7.9325000e-01   7.9325000e-01
   1.3000000e+01   2.0000000e+00   6.5389331e-15   8.6065625e-01   8.6065625e-01
   1.4000000e+01   2.0000000e+00   6.8945805e-15   9.2196875e-01   9.2196875e-01
   1.5000000e+01   2.0000000e+00   7.1935684e-15   9.5368750e-01   9.5368750e-01
   1.6000000e+01   2.0000000e+00   7.3666600e-15   9.6487500e-01   9.6487500e-01
   1.7000000e+01   2.0000000e+00   7.1593772e-15   9.4746875e-01   9.4746875e-01
   1.8000000e+01   2.0000000e+00   7.1067618e-15   9.2656250e-01   9.2656250e-01
   1.9000000e+01   2.0000000e+00   6.6744343e-15   8.7528125e-01   8.7528125e-01
   2.0000000e+01   2.0000000e+00   6.2244486e-15   8.2790625e-01   8.2790625e-01
   2.1000000e+01   2.0000000e+00   5.9806438e-15   8.0318750e-01   8.0318750e-01
   2.2000000e+01   2.0000000e+00   5.9339000e-15   7.9515625e-01   7.9515625e-01
   2.3000000e+01   2.0000000e+00   5.7680057e-15   7.8515625e-01   7.8515625e-01
   2.4000000e+01   2.0000000e+00   5.5413210e-15   7.5253125e-01   7.5253125e-01
   2.5000000e+01   2.0000000e+00   5.5828741e-15   7.3759375e-01   7.3759375e-01
   2.6000000e+01   2.0000000e+00   5.4294428e-15   7.2281250e-01   7.2281250e-01
   2.7000000e+01   2.0000000e+00   5.4957155e-15   7.3387500e-01   7.3387500e-01
   2.8000000e+01   2.0000000e+00   5.7972940e-15   7.6278125e-01   7.6278125e-01
   2.9000000e+01   2.0000000e+00   6.2049754e-15   8.1584375e-01   8.1584375e-01
   3.0000000e+01   2.0000000e+00   6.6551174e-15   8.8175000e-01   8.8175000e-01
   3.1000000e+01   2.0000000e+00   7.1465057e-15   9.3456250e-01   9.3456250e-01
   3.2000000e+01   2.0000000e+00   7.1211406e-15   9.3481250e-01   9.3481250e-01
   3.3000000e+01   2.0000000e+00   7.0145097e-15   9.4490625e-01   9.4490625e-01
   3.4000000e+01   2.0000000e+00   6.8502324e-15   9.2681250e-01   9.2681250e-01
   3.5000000e+01   2.0000000e+00   6.6560738e-15   8.9396875e-01   8.9396875e-01
   1.0000000e+00   3.0000000e+00   7.3075120e-15   9.7821875e-01   9.7821875e-01
   2.0000000e+00   3.0000000e+00   6.9901564e-15   9.4015625e-01   9.4015625e-01
   3.0000000e+00   3.0000000e+00   6.7483144e-15   9.1078125e-01   9.1078125e-01
   4.0000000e+00   3.0000000e+00   6.4188096e-15   8.6843750e-01   8.6843750e-01
   5.0000000e+00   3.0000000e+00   6.1785152e-15   8.3012500e-01   8.3012500e-01
   6.0000000e+00   3.0000000e+00   6.2383311e-15   8.3890625e-01   8.3890625e-01
   7.0000000e+00   3.0000000e+00   6.0401550e-15   8.2062500e-01   8.2062500e-01
   8.0000000e+00   3.0000000e+00   5.8965700e-15   7.9056250e-01   7.9056250e-01
   9.0000000e+00   3.0000000e+00   5.7136579e-15   7.6528125e-01   7.6528125e-01
   1.0000000e+01   3.0000000e+00   5.7818570e-15   7.5587500e-01   7.5587500e-01
   1.1000000e+01   3.0000000e+00   5.7046476e-15   7.5887500e-01   7.5887500e-01
   1.2000000e+01   3.0000000e+00   6.0366055e-15   8.2553125e-01   8.2553125e-01
   1.3000000e+01   3.0000000e+00   6.5906234e-15   8.8662500e-01   8.8662500e-01
   1.4000000e+01   3.0000000e+00   7.0761392e-15   9.4296875e-01   9.4296875e-01
   1.5000000e+01   3.0000000e+00   7.3669218e-15   9.8362500e-01   9.8362500e-01
   1.6000000e+01   3.0000000e+00   7.4739171e-15   9.8090625e-01   9.8090625e-01
   1.7000000e+01   3.0000000e+00   7.3558545e-15   9.8715625e-01   9.8715625e-01
   1.8000000e+01   3.0000000e+00   7.2543401e-15   9.6803125e-01   9.6803125e-01
   1.9000000e+01   3.0000000e+00   6.9686787e-15   9.3534375e-01   9.3534375e-01
   2.0000000e+01   3.0000000e+00   6.7097082e-15   8.7625000e-01   8.7625000e-01
   2.1000000e+01   3.0000000e+00   6.2076184e-15   8.3831250e-01   8.3831250e-01
   2.2000000e+01   3.0000000e+00   6.0535582e-15   8.3096875e-01   8.3096875e-01
   2.3000000e+01   3.0000000e+00   6.0836968e-15   8.1703125e-01   8.1703125e-01
   2.4000000e+01   3.0000000e+00   5.8401738e-15   7.9481250e-01   7.9481250e-01
   2.5000000e+01   3.0000000e+00   5.7242579e-15   7.7171875e-01   7.7171875e-01
   2.6000000e+01   3.0000000e+00   5.5531591e-15   7.6368750e-01   7.6368750e-01
   2.7000000e+01   3.0000000e+00   5.5585782e-15   7.5909375e-01   7.5909375e-01
   2.8000000e+01   3.0000000e+00   5.8077565e-15   7.9137500e-01   7.9137500e-01
   2.9000000e+01   3.0000000e+00   6.2860561e-15   8.4515625e-01   8.4515625e-01
   3.0000000e+01   3.0000000e+00   6.7182741e-15   9.0237500e-01   9.0237500e-01
   3.1000000e+01   3.0000000e+00   7.1249436e-15   9.5725000e-01   9.5725000e-01
   3.2000000e+01   3.0000000e+00   7.3761031e-15   9.8303125e-01   9.8303125e-01
   3.3000000e+01   3.0000000e+00   7.4388255e-15   9.8559375e-01   9.8559375e-01
   3.4000000e+01   3.0000000e+00   7.0793724e-15   9.4853125e-01   9.4853125e-01
   3.5000000e+01   3.0000000e+00   6.8963461e-15   9.1931250e-01   9.1931250e-01
   1.0000000e+00   4.0000000e+00   7.5559385e-15   1.0162187e+00   1.0162187e+00
   2.0000000e+00   4.0000000e+00   7.2594850e-15   9.8196875e-01   9.8196875e-01
   3.0000000e+00   4.0000000e+00   7.1776414e-15   9.6028125e-01   9.6028125e-01
   4.0000000e+00   4.0000000e+00   6.6992419e-15   9.0884375e-01   9.0884375e-01
   5.0000000e+00   4.0000000e+00   6.4925560e-15   8.8625000e-01   8.8625000e-01
   6.0000000e+00   4.0000000e+00   6.4944715e-15   8.6753125e-01   8.6753125e-01
   7.0000000e+00   4.0000000e+00   6.4211094e-15   8.5643750e-01   8.5643750e-01
   8.0000000e+00   4.0000000e+00   6.1337657e-15   8.2912500e-01   8.2912500e-01
   9.0000000e+00   4.0000000e+00   6.0373793e-15   8.1315625e-01   8.1315625e-01
   1.0000000e+01   4.0000000e+00   5.8021719e-15   7.8303125e-01   7.8303125e-01
   1.1000000e+01   4.0000000e+00   5.9900185e-15   8.0396875e-01   8.0396875e-01
   1.2000000e+01   4.0000000e+00   6.2810372e-15   8.5565625e-01   8.5565625e-01
   1.3000000e+01   4.0000000e+00   6.7777930e-15   9.1800000e-01   9.1800000e-01
   1.4000000e+01   4.0000000e+00   7.2690784e-15   9.7343750e-01   9.7343750e-01
   1.5000000e+01   4.0000000e+00   7.5836519e-15   1.0211875e+00   1.0211875e+00
   1.6000000e+01   4.0000000e+00   7.6777890e-15   1.0294687e+00   1.0294687e+00
   1.7000000e+01   4.0000000e+00   7.6297441e-15   1.0250313e+00   1.0250313e+00
   1.8000000e+01   4.0000000e+00   7.4879614e-15   1.0033125e+00   1.0033125e+00
   1.9000000e+01   4.0000000e+00   7.2243019e-15   9.6628125e-01   9.6628125e-01
   2.0000000e+01   4.0000000e+00   7.0010087e-15   9.3343750e-01   9.3343750e-01
   2.1000000e+01   4.0000000e+00   6.6428821e-15   8.7628125e-01   8.7628125e-01
   2.2000000e+01   4.0000000e+00   6.4725877e-15   8.6850000e-01   8.6850000e-01
   2.3000000e+01   4.0000000e+00   6.3851961e-15   8.6409375e-01   8.6409375e-01
   2.4000000e+01   4.0000000e+00   6.2096606e-15   8.4550000e-01   8.4550000e-01
   2.5000000e+01   4.0000000e+00   5.9824138e-15   8.1281250e-01   8.1281250e-01
   2.6000000e+01   4.0000000e+00   5.7341378e-15   7.8546875e-01   7.8546875e-01
   2.7000000e+01   4.0000000e+00   5.7983513e-15   7.9050000e-01   7.9050000e-01
   2.8000000e+01   4.0000000e+00   6.1173492e-15   8.1834375e-01   8.1834375e-01
   2.9000000e+01   4.0000000e+00   6.5529962e-15   8.7590625e-01   8.7590625e-01
   3.0000000e+01   4.0000000e+00   7.1312001e-15   9.2678125e-01   9.2678125e-01
   3.1000000e+01   4.0000000e+00   7.6131738e-15   9.8768750e-01   9.8768750e-01
   3.2000000e+01   4.0000000e+00   7.6912840e-15   1.0057813e+00   1.0057813e+00
   3.3000000e+01   4.0000000e+00   7.8065418e-15   1.0117188e+00   1.0117188e+00
   3.4000000e+01   4.0000000e+00   7.4545720e-15   1.0033125e+00   1.0033125e+00
   3.5000000e+01   4.0000000e+00   7.2482608e-15   9.7118750e-01   9.7118750e-01
   1.0000000e+00   5.0000000e+00   7.6744530e-15   1.0316562e+00   1.0316562e+00
   2.0000000e+00   5.0000000e+00   7.6939853e-15   9.9981250e-01   9.9981250e-01
   3.0000000e+00   5.0000000e+00   7.3818511e-15   9.7356250e-01   9.7356250e-01
   4.0000000e+00   5.0000000e+00   7.0137837e-15   9.4946875e-01   9.4946875e-01
   5.0000000e+00   5.0000000e+00   6.8638723e-15   9.1996875e-01   9.1996875e-01
   6.0000000e+00   5.0000000e+00   6.8265322e-15   9.1006250e-01   9.1006250e-01
   7.0000000e+00   5.0000000e+00   6.7277613e-15   8.9643750e-01   8.9643750e-01
   8.0000000e+00   5.0000000e+00   6.6026212e-15   8.7884375e-01   8.7884375e-01
   9.0000000e+00   5.0000000e+00   6.3823976e-15   8.4956250e-01   8.4956250e-01
   1.0000000e+01   5.0000000e+00   6.1326588e-15   8.1793750e-01   8.1793750e-01
   1.1000000e+01   5.0000000e+00   6.1952331e-15   8.2712500e-01   8.2712500e-01
   1.2000000e+01   5.0000000e+00   6.6900759e-15   8.9225000e-01   8.9225000e-01
   1.3000000e+01   5.0000000e+00   7.0575906e-15   9.5234375e-01   9.5234375e-01
   1.4000000e+01   5.0000000e+00   7.7539131e-15   1.0101563e+00   1.0101563e+00
   1.5000000e+01   5.0000000e+00   7.9483754e-15   1.0296562e+00   1.0296562e+00
   1.6000000e+01   5.0000000e+00   7.7751245e-15   1.0481875e+00   1.0481875e+00
   1.7000000e+01   5.0000000e+00   7.6768766e-15   1.0361250e+00   1.0361250e+00
   1.8000000e+01   5.0000000e+00   7.6201880e-15   1.0240312e+00   1.0240312e+00
   1.9000000e+01   5.0000000e+00   7.4168253e-15   9.9506250e-01   9.9506250e-01
   2.0000000e+01   5.0000000e+00   7.1150355e-15   9.5028125e-01   9.5028125e-01
   2.1000000e+01   5.0000000e+00   7.1152796e-15   9.2475000e-01   9.2475000e-01
   2.2000000e+01   5.0000000e+00   6.8739573e-15   9.1131250e-01   9.1131250e-01
   2.3000000e+01   5.0000000e+00   6.6160422e-15   8.9987500e-01   8.9987500e-01
   2.4000000e+01   5.0000000e+00   6.5118892e-15   8.8218750e-01   8.8218750e-01
   2.5000000e+01   5.0000000e+00   6.5090770e-15   8.5281250e-01   8.5281250e-01
   2.6000000e+01   5.0000000e+00   6.2276327e-15   8.2509375e-01   8.2509375e-01
   2.7000000e+01   5.0000000e+00   6.1516203e-15   8.1412500e-01   8.1412500e-01
   2.8000000e+01   5.0000000e+00   6.3101983e-15   8.4665625e-01   8.4665625e-01
   2.9000000e+01   5.0000000e+00   6.7642060e-15   9.1637500e-01   9.1637500e-01
   3.0000000e+01   5.0000000e+00   7.3327740e-15   9.8831250e-01   9.8831250e-01
   3.1000000e+01   5.0000000e+00   7.6181980e-15   1.0285000e+00   1.0285000e+00
   3.2000000e+01   5.0000000e+00   7.8106200e-15   1.0430312e+00   1.0430312e+00
   3.3000000e+01   5.0000000e+00   7.9945276e-15   1.0378438e+00   1.0378438e+00
   3.4000000e+01   5.0000000e+00   7.7553868e-15   1.0279063e+00   1.0279063e+00
   3.5000000e+01   5.0000000e+00   7.4974934e-15   9.9693750e-01   9.9693750e-01
   1.0000000e+00   6.0000000e+00   7.7019759e-15   1.0243125e+00   1.0243125e+00
   2.0000000e+00   6.0000000e+00   7.4364245e-15   1.0053438e+00   1.0053438e+00
   3.0000000e+00   6.0000000e+00   7.2867710e-15   9.9081250e-01   9.9081250e-01
   4.0000000e+00   6.0000000e+00   7.2072549e-15   9.5993750e-01   9.5993750e-01
   5.0000000e+00   6.0000000e+00   7.0096814e-15   9.4328125e-01   9.4328125e-01
   6.0000000e+00   6.0000000e+00   6.9352781e-15   9.2443750e-01   9.2443750e-01
   7.0000000e+00   6.0000000e+00   7.0056823e-15   9.1275000e-01   9.1275000e-01
   8.0000000e+00   6.0000000e+00   6.9175808e-15   9.0643750e-01   9.0643750e-01
   9.0000000e+00   6.0000000e+00   6.6935636e-15   8.7781250e-01   8.7781250e-01
   1.0000000e+01   6.0000000e+00   6.3991618e-15   8.4912500e-01   8.4912500e-01
   1.1000000e+01   6.0000000e+00   6.6224679e-15   8.5756250e-01   8.5756250e-01
   1.2000000e+01   6.0000000e+00   6.9548877e-15   9.0540625e-01   9.0540625e-01
   1.3000000e+01   6.0000000e+00   7.5449323e-15   9.7093750e-01   9.7093750e-01
   1.4000000e+01   6.0000000e+00   7.7658464e-15   1.0189375e+00   1.0189375e+00
   1.5000000e+01   6.0000000e+00   7.8770116e-15   1.0468437e+00   1.0468437e+00
   1.6000000e+01   6.0000000e+00   7.8411543e-15   1.0517812e+00   1.0517812e+00
   1.7000000e+01   6.0000000e+00   7.7376968e-15   1.0400625e+00   1.0400625e+00
   1.8000000e+01   6.0000000e+00   7.6016921e-15   1.0206250e+00   1.0206250e+00
   1.9000000e+01   6.0000000e+00   7.5242023e-15   9.9884375e-01   9.9884375e-01
   2.0000000e+01   6.0000000e+00   7.2624985e-15   9.7740625e-01   9.7740625e-01
   2.1000000e+01   6.0000000e+00   7.0807041e-15   9.5175000e-01   9.5175000e-01
   2.2000000e+01   6.0000000e+00   7.1438213e-15   9.3968750e-01   9.3968750e-01
   2.3000000e+01   6.0000000e+00   7.0040864e-15   9.2600000e-01   9.2600000e-01
   2.4000000e+01   6.0000000e+00   6.9073409e-15   9.1650000e-01   9.1650000e-01
   2.5000000e+01   6.0000000e+00   6.7706446e-15   8.9231250e-01   8.9231250e-01
   2.6000000e+01   6.0000000e+00   6.3743779e-15   8.6031250e-01   8.6031250e-01
   2.7000000e+01   6.0000000e+00   6.2655183e-15   8.4703125e-01   8.4703125e-01
   2.8000000e+01   6.0000000e+00   6.4555521e-15   8.7156250e-01   8.7156250e-01
   2.9000000e+01   6.0000000e+00   7.0699136e-15   9.4453125e-01   9.4453125e-01
   3.0000000e+01   6.0000000e+00   7.5686645e-15   1.0073750e+00   1.0073750e+00
   3.1000000e+01   6.0000000e+00   7.7621062e-15   1.0373438e+00   1.0373438e+00
   3.2000000e+01   6.0000000e+00   7.7482015e-15   1.0603437e+00   1.0603437e+00
   3.3000000e+01   6.0000000e+00   7.7515564e-15   1.0490313e+00   1.0490313e+00
   3.4000000e+01   6.0000000e+00   7.6877869e-15   1.0290313e+00   1.0290313e+00
   3.5000000e+01   6.0000000e+00   7.4517997e-15   1.0099063e+00   1.0099063e+00
   1.0000000e+00   7.0000000e+00   7.5969512e-15   1.0309062e+00   1.0309062e+00
   2.0000000e+00   7.0000000e+00   7.4593726e-15   1.0085312e+00   1.0085312e+00
   3.0000000e+00   7.0000000e+00   7.3548891e-15   9.9275000e-01   9.9275000e-01
   4.0000000e+00   7.0000000e+00   7.2400187e-15   9.7090625e-01   9.7090625e-01
   5.0000000e+00   7.0000000e+00   7.1050013e-15   9.4575000e-01   9.4575000e-01
   6.0000000e+00   7.0000000e+00   7.0909844e-15   9.4543750e-01   9.4543750e-01
   7.0000000e+00   7.0000000e+00   6.8875818e-15   9.3353125e-01   9.3353125e-01
   8.0000000e+00   7.0000000e+00   6.9419934e-15   9.0790625e-01   9.0790625e-01
   9.0000000e+00   7.0000000e+00   6.8456255e-15   8.9356250e-01   8.9356250e-01
   1.0000000e+01   7.0000000e+00   6.4859734e-15   8.6875000e-01   8.6875000e-01
   1.1000000e+01   7.0000000e+00   6.5201244e-15   8.7971875e-01   8.7971875e-01
   1.2000000e+01   7.0000000e+00   6.9225247e-15   9.3156250e-01   9.3156250e-01
   1.3000000e+01   7.0000000e+00   7.2812469e-15   9.7843750e-01   9.7843750e-01
   1.4000000e+01   7.0000000e+00   7.7238298e-15   1.0272187e+00   1.0272187e+00
   1.5000000e+01   7.0000000e+00   7.8731132e-15   1.0275937e+00   1.0275937e+00
   1.6000000e+01   7.0000000e+00   7.9904901e-15   1.0451250e+00   1.0451250e+00
   1.7000000e+01   7.0000000e+00   7.8987755e-15   1.0389375e+00   1.0389375e+00
   1.8000000e+01   7.0000000e+00   7.6986131e-15   1.0216250e+00   1.0216250e+00
   1.9000000e+01   7.0000000e+00   7.5375366e-15   1.0028438e+00   1.0028438e+00
   2.0000000e+01   7.0000000e+00   7.2634723e-15   9.8321875e-01   9.8321875e-01
   2.1000000e+01   7.0000000e+00   7.1360458e-15   9.5696875e-01   9.5696875e-01
   2.2000000e+01   7.0000000e+00   7.0183918e-15   9.4400000e-01   9.4400000e-01
   2.3000000e+01   7.0000000e+00   6.9874556e-15   9.4775000e-01   9.4775000e-01
   2.4000000e+01   7.0000000e+00   6.9172820e-15   9.3528125e-01   9.3528125e-01
   2.5000000e+01   7.0000000e+00   6.8748940e-15   8.9368750e-01   8.9368750e-01
   2.6000000e+01   7.0000000e+00   6.6565352e-15   8.7362500e-01   8.7362500e-01
   2.7000000e+01   7.0000000e+00   6.4879263e-15   8.6412500e-01   8.6412500e-01
   2.8000000e+01   7.0000000e+00   6.6141668e-15   8.8687500e-01   8.8687500e-01
   2.9000000e+01   7.0000000e+00   7.1070601e-15   9.4671875e-01   9.4671875e-01
   3.0000000e+01   7.0000000e+00   7.4817652e-15   1.0093750e+00   1.0093750e+00
   3.1000000e+01   7.0000000e+00   7.8577066e-15   1.0455625e+00   1.0455625e+00
   3.2000000e+01   7.0000000e+00   7.9510795e-15   1.0375938e+00   1.0375938e+00
   3.3000000e+01   7.0000000e+00   8.0252130e-15   1.0410625e+00   1.0410625e+00
   3.4000000e+01   7.0000000e+00   7.7485186e-15   1.0224375e+00   1.0224375e+00
   3.5000000e+01   7.0000000e+00   7.6062178e-15   1.0041875e+00   1.0041875e+00
   1.0000000e+00   8.0000000e+00   7.7268024e-15   1.0400000e+00   1.0400000e+00
   2.0000000e+00   8.0000000e+00   7.5482924e-15   1.0164688e+00   1.0164688e+00
   3.0000000e+00   8.0000000e+00   7.3835238e-15   9.9843750e-01   9.9843750e-01
   4.0000000e+00   8.0000000e+00   7.2164177e-15   9.8206250e-01   9.8206250e-01
   5.0000000e+00   8.0000000e+00   7.0076379e-15   9.5256250e-01   9.5256250e-01
   6.0000000e+00   8.0000000e+00   6.9279970e-15   9.4175000e-01   9.4175000e-01
   7.0000000e+00   8.0000000e+00   7.0435530e-15   9.4484375e-01   9.4484375e-01
   8.0000000e+00   8.0000000e+00   6.9297667e-15   9.2484375e-01   9.2484375e-01
   9.0000000e+00   8.0000000e+00   6.9060780e-15   8.9853125e-01   8.9853125e-01
   1.0000000e+01   8.0000000e+00   6.6140984e-15   8.6793750e-01   8.6793750e-01
   1.1000000e+01   8.0000000e+00   6.7449720e-15   8.8081250e-01   8.8081250e-01
   1.2000000e+01   8.0000000e+00   7.0106212e-15   9.2562500e-01   9.2562500e-01
   1.3000000e+01   8.0000000e+00   7.2189305e-15   9.7193750e-01   9.7193750e-01
   1.4000000e+01   8.0000000e+00   7.6597726e-15   1.0191250e+00   1.0191250e+00
   1.5000000e+01   8.0000000e+00   7.8658305e-15   1.0498438e+00   1.0498438e+00
   1.6000000e+01   8.0000000e+00   7.8872117e-15   1.0529375e+00   1.0529375e+00
   1.7000000e+01   8.0000000e+00   7.8391907e-15   1.0503437e+00   1.0503437e+00
   1.8000000e+01   8.0000000e+00   7.6854910e-15   1.0316875e+00   1.0316875e+00
   1.9000000e+01   8.0000000e+00   7.4919968e-15   1.0195625e+00   1.0195625e+00
   2.0000000e+01   8.0000000e+00   7.4340109e-15   9.9312500e-01   9.9312500e-01
   2.1000000e+01   8.0000000e+00   7.1850096e-15   9.6175000e-01   9.6175000e-01
   2.2000000e+01   8.0000000e+00   7.0160082e-15   9.4518750e-01   9.4518750e-01
   2.3000000e+01   8.0000000e+00   6.9127585e-15   9.4396875e-01   9.4396875e-01
   2.4000000e+01   8.0000000e+00   7.0728873e-15   9.4784375e-01   9.4784375e-01
   2.5000000e+01   8.0000000e+00   6.9553014e-15   9.2987500e-01   9.2987500e-01
   2.6000000e+01   8.0000000e+00   6.7142034e-15   8.8728125e-01   8.8728125e-01
   2.7000000e+01   8.0000000e+00   6.4400756e-15   8.5578125e-01   8.5578125e-01
   2.8000000e+01   8.0000000e+00   6.7485051e-15   8.9646875e-01   8.9646875e-01
   2.9000000e+01   8.0000000e+00   7.1067826e-15   9.5584375e-01   9.5584375e-01
   3.0000000e+01   8.0000000e+00   7.5760465e-15   1.0151563e+00   1.0151563e+00
   3.1000000e+01   8.0000000e+00   7.8410603e-15   1.0388125e+00   1.0388125e+00
   3.2000000e+01   8.0000000e+00   7.8704907e-15   1.0578438e+00   1.0578438e+00
   3.3000000e+01   8.0000000e+00   7.8817578e-15   1.0369062e+00   1.0369062e+00
   3.4000000e+01   8.0000000e+00   7.7276130e-15   1.0396875e+00   1.0396875e+00
   3.5000000e+01   8.0000000e+00   7.5207264e-15   1.0222500e+00   1.0222500e+00
   1.0000000e+00   9.0000000e+00   7.7873152e-15   1.0384687e+00   1.0384687e+00
   2.0000000e+00   9.0000000e+00   7.5558187e-15   1.0160312e+00   1.0160312e+00
   3.0000000e+00   9.0000000e+00   7.3400593e-15   9.9215625e-01   9.9215625e-01
   4.0000000e+00   9.0000000e+00   7.1568505e-15   9.7015625e-01   9.7015625e-01
   5.0000000e+00   9.0000000e+00   7.0921009e-15   9.3978125e-01   9.3978125e-01
   6.0000000e+00   9.0000000e+00   7.0399331e-15   9.3253125e-01   9.3253125e-01
   7.0000000e+00   9.0000000e+00   6.9851285e-15   9.2775000e-01   9.2775000e-01
   8.0000000e+00   9.0000000e+00   6.9182828e-15   9.1203125e-01   9.1203125e-01
   9.0000000e+00   9.0000000e+00   6.7550373e-15   8.9718750e-01   8.9718750e-01
   1.0000000e+01   9.0000000e+00   6.4523886e-15   8.6312500e-01   8.6312500e-01
   1.1000000e+01   9.0000000e+00   6.6221648e-15   8.6609375e-01   8.6609375e-01
   1.2000000e+01   9.0000000e+00   6.8925221e-15   9.0740625e-01   9.0740625e-01
   1.3000000e+01   9.0000000e+00   7.2155209e-15   9.5975000e-01   9.5975000e-01
   1.4000000e+01   9.0000000e+00   7.6926660e-15   1.0109688e+00   1.0109688e+00
   1.5000000e+01   9.0000000e+00   7.8399212e-15   1.0435937e+00   1.0435937e+00
   1.6000000e+01   9.0000000e+00   7.8956274e-15   1.0573125e+00   1.0573125e+00
   1.7000000e+01   9.0000000e+00   7.8841382e-15   1.0367813e+00   1.0367813e+00
   1.8000000e+01   9.0000000e+00   7.6014593e-15   1.0177813e+00   1.0177813e+00
   1.9000000e+01   9.0000000e+00   7.4996533e-15   1.0089688e+00   1.0089688e+00
   2.0000000e+01   9.0000000e+00   7.2930237e-15   9.8834375e-01   9.8834375e-01
   2.1000000e+01   9.0000000e+00   7.0792420e-15   9.5403125e-01   9.5403125e-01
   2.2000000e+01   9.0000000e+00   6.9720891e-15   9.3850000e-01   9.3850000e-01
   2.3000000e+01   9.0000000e+00   7.0463082e-15   9.3971875e-01   9.3971875e-01
   2.4000000e+01   9.0000000e+00   6.9488678e-15   9.2784375e-01   9.2784375e-01
   2.5000000e+01   9.0000000e+00   7.0036623e-15   9.0415625e-01   9.0415625e-01
   2.6000000e+01   9.0000000e+00   6.4946809e-15   8.8287500e-01   8.8287500e-01
   2.7000000e+01   9.0000000e+00   6.3666217e-15   8.6884375e-01   8.6884375e-01
   2.8000000e+01   9.0000000e+00   6.5269312e-15   8.8162500e-01   8.8162500e-01
   2.9000000e+01   9.0000000e+00   6.8837838e-15   9.3593750e-01   9.3593750e-01
   3.0000000e+01   9.0000000e+00   7.5458080e-15   9.9653125e-01   9.9653125e-01
   3.1000000e+01   9.0000000e+00   7.6490961e-15   1.0315313e+00   1.0315313e+00
   3.2000000e+01   9.0000000e+00   7.9020918e-15   1.0507813e+00   1.0507813e+00
   3.3000000e+01   9.0000000e+00   7.9277117e-15   1.0423437e+00   1.0423437e+00
   3.4000000e+01   9.0000000e+00   7.7799691e-15   1.0168125e+00   1.0168125e+00
   3.5000000e+01   9.0000000e+00   7.6135424e-15   1.0140312e+00   1.0140312e+00
   1.0000000e+00   1.0000000e+01   7.5212360e-15   1.0212812e+00   1.0212812e+00
   2.0000000e+00   1.0000000e+01   7.3280972e-15   9.9843750e-01   9.9843750e-01
   3.0000000e+00   1.0000000e+01   7.3063966e-15   9.7412500e-01   9.7412500e-01
   4.0000000e+00   1.0000000e+01   7.0149003e-15   9.4715625e-01   9.4715625e-01
   5.0000000e+00   1.0000000e+01   6.9027716e-15   8.9368750e-01   8.9368750e-01
   6.0000000e+00   1.0000000e+01   6.6041393e-15   8.8612500e-01   8.8612500e-01
   7.0000000e+00   1.0000000e+01   6.6174923e-15   8.9275000e-01   8.9275000e-01
   8.0000000e+00   1.0000000e+01   6.6015244e-15   8.8618750e-01   8.8618750e-01
   9.0000000e+00   1.0000000e+01   6.3819588e-15   8.4725000e-01   8.4725000e-01
   1.0000000e+01   1.0000000e+01   6.1104785e-15   8.0518750e-01   8.0518750e-01
   1.1000000e+01   1.0000000e+01   6.1456457e-15   8.1034375e-01   8.1034375e-01
   1.2000000e+01   1.0000000e+01   6.5233637e-15   8.6162500e-01   8.6162500e-01
   1.3000000e+01   1.0000000e+01   7.0780415e-15   9.2600000e-01   9.2600000e-01
   1.4000000e+01   1.0000000e+01   7.3946922e-15   9.6371875e-01   9.6371875e-01
   1.5000000e+01   1.0000000e+01   7.5593123e-15   1.0239063e+00   1.0239063e+00
   1.6000000e+01   1.0000000e+01   7.7646250e-15   1.0428437e+00   1.0428437e+00
   1.7000000e+01   1.0000000e+01   7.7142655e-15   1.0333125e+00   1.0333125e+00
   1.8000000e+01   1.0000000e+01   7.6972095e-15   1.0168438e+00   1.0168438e+00
   1.9000000e+01   1.0000000e+01   7.4526517e-15   9.9612500e-01   9.9612500e-01
   2.0000000e+01   1.0000000e+01   7.3619301e-15   9.6593750e-01   9.6593750e-01
   2.1000000e+01   1.0000000e+01   7.0477162e-15   9.1693750e-01   9.1693750e-01
   2.2000000e+01   1.0000000e+01   6.6238169e-15   8.9753125e-01   8.9753125e-01
   2.3000000e+01   1.0000000e+01   6.6287357e-15   9.0112500e-01   9.0112500e-01
   2.4000000e+01   1.0000000e+01   6.5972676e-15   8.9446875e-01   8.9446875e-01
   2.5000000e+01   1.0000000e+01   6.5249385e-15   8.7312500e-01   8.7312500e-01
   2.6000000e+01   1.0000000e+01   6.3648902e-15   8.4893750e-01   8.4893750e-01
   2.7000000e+01   1.0000000e+01   6.2212992e-15   8.3121875e-01   8.3121875e-01
   2.8000000e+01   1.0000000e+01   6.4302714e-15   8.4437500e-01   8.4437500e-01
   2.9000000e+01   1.0000000e+01   6.8448554e-15   8.8831250e-01   8.8831250e-01
   3.0000000e+01   1.0000000e+01   7.2145146e-15   9.5293750e-01   9.5293750e-01
   3.1000000e+01   1.0000000e+01   7.4770842e-15   1.0085625e+00   1.0085625e+00
   3.2000000e+01   1.0000000e+01   7.7826078e-15   1.0328125e+00   1.0328125e+00
   3.3000000e+01   1.0000000e+01   7.7705493e-15   1.0469688e+00   1.0469688e+00
   3.4000000e+01   1.0000000e+01   7.6640106e-15   1.0310000e+00   1.0310000e+00
   3.5000000e+01   1.0000000e+01   7.4818751e-15   1.0055938e+00   1.0055938e+00
   1.0000000e+00   1.1000000e+01   7.2227401e-15   9.7596875e-01   9.7596875e-01
   2.0000000e+00   1.1000000e+01   7.1880036e-15   9.5578125e-01   9.5578125e-01
   3.0000000e+00   1.1000000e+01   6.9552771e-15   9.1750000e-01   9.1750000e-01
   4.0000000e+00   1.1000000e+01   6.5439680e-15   8.8737500e-01   8.8737500e-01
   5.0000000e+00   1.1000000e+01   6.4718042e-15   8.5793750e-01   8.5793750e-01
   6.0000000e+00   1.1000000e+01   6.5364454e-15   8.4375000e-01   8.4375000e-01
   7.0000000e+00   1.1000000e+01   6.5179161e-15   8.4150000e-01   8.4150000e-01
   8.0000000e+00   1.1000000e+01   6.3853742e-15   8.2959375e-01   8.2959375e-01
   9.0000000e+00   1.1000000e+01   6.2270608e-15   8.1418750e-01   8.1418750e-01
   1.0000000e+01   1.1000000e+01   5.8368182e-15   7.7625000e-01   7.7625000e-01
   1.1000000e+01   1.1000000e+01   5.7756163e-15   7.6500000e-01   7.6500000e-01
   1.2000000e+01   1.1000000e+01   6.0018594e-15   7.9987500e-01   7.9987500e-01
   1.3000000e+01   1.1000000e+01   6.5843139e-15   8.5718750e-01   8.5718750e-01
   1.4000000e+01   1.1000000e+01   6.9252406e-15   9.0018750e-01   9.0018750e-01
   1.5000000e+01   1.1000000e+01   7.3297984e-15   9.4718750e-01   9.4718750e-01
   1.6000000e+01   1.1000000e+01   7.5026161e-15   1.0017188e+00   1.0017188e+00
   1.7000000e+01   1.1000000e+01   7.4121823e-15   9.9203125e-01   9.9203125e-01
   1.8000000e+01   1.1000000e+01   7.5172634e-15   9.7871875e-01   9.7871875e-01
   1.9000000e+01   1.1000000e+01   7.1009161e-15   9.5262500e-01   9.5262500e-01
   2.0000000e+01   1.1000000e+01   6.8516477e-15   8.9671875e-01   8.9671875e-01
   2.1000000e+01   1.1000000e+01   6.4625154e-15   8.7625000e-01   8.7625000e-01
   2.2000000e+01   1.1000000e+01   6.2944285e-15   8.5006250e-01   8.5006250e-01
   2.3000000e+01   1.1000000e+01   6.4543849e-15   8.5303125e-01   8.5303125e-01
   2.4000000e+01   1.1000000e+01   6.5019319e-15   8.4809375e-01   8.4809375e-01
   2.5000000e+01   1.1000000e+01   6.2923407e-15   8.2025000e-01   8.2025000e-01
   2.6000000e+01   1.1000000e+01   6.0321238e-15   8.0403125e-01   8.0403125e-01
   2.7000000e+01   1.1000000e+01   5.8343132e-15   7.7778125e-01   7.7778125e-01
   2.8000000e+01   1.1000000e+01   5.9100332e-15   7.7909375e-01   7.7909375e-01
   2.9000000e+01   1.1000000e+01   6.3162296e-15   8.2937500e-01   8.2937500e-01
   3.0000000e+01   1.1000000e+01   6.7721553e-15   8.9912500e-01   8.9912500e-01
   3.1000000e+01   1.1000000e+01   7.1942125e-15   9.5696875e-01   9.5696875e-01
   3.2000000e+01   1.1000000e+01   7.3717200e-15   9.9237500e-01   9.9237500e-01
   3.3000000e+01   1.1000000e+01   7.5337759e-15   1.0065625e+00   1.0065625e+00
   3.4000000e+01   1.1000000e+01   7.3124303e-15   9.9415625e-01   9.9415625e-01
   3.5000000e+01   1.1000000e+01   7.2461057e-15   9.7350000e-01   9.7350000e-01
   1.0000000e+00   1.2000000e+01   6.5993121e-15   9.0203125e-01   9.0203125e-01
   2.0000000e+00   1.2000000e+01   6.6439861e-15   8.8431250e-01   8.8431250e-01
   3.0000000e+00   1.2000000e+01   6.2462201e-15   8.4387500e-01   8.4387500e-01
   4.0000000e+00   1.2000000e+01   6.1692035e-15   8.2309375e-01   8.2309375e-01
   5.0000000e+00   1.2000000e+01   5.9649014e-15   8.0009375e-01   8.0009375e-01
   6.0000000e+00   1.2000000e+01   5.7141390e-15   7.8112500e-01   7.8112500e-01
   7.0000000e+00   1.2000000e+01   5.8972396e-15   7.8646875e-01   7.8646875e-01
   8.0000000e+00   1.2000000e+01   5.7008781e-15   7.8025000e-01   7.8025000e-01
   9.0000000e+00   1.2000000e+01   5.5949237e-15   7.6678125e-01   7.6678125e-01
   1.0000000e+01   1.2000000e+01   5.4510094e-15   7.3756250e-01   7.3756250e-01
   1.1000000e+01   1.2000000e+01   5.3797370e-15   7.2343750e-01   7.2343750e-01
   1.2000000e+01   1.2000000e+01   5.4804691e-15   7.2053125e-01   7.2053125e-01
   1.3000000e+01   1.2000000e+01   5.9820362e-15   7.6475000e-01   7.6475000e-01
   1.4000000e+01   1.2000000e+01   6.4806723e-15   8.2250000e-01   8.2250000e-01
   1.5000000e+01   1.2000000e+01   6.8321179e-15   8.8056250e-01   8.8056250e-01
   1.6000000e+01   1.2000000e+01   6.8849364e-15   9.1940625e-01   9.1940625e-01
   1.7000000e+01   1.2000000e+01   6.9254909e-15   9.2293750e-01   9.2293750e-01
   1.8000000e+01   1.2000000e+01   6.8113958e-15   9.0306250e-01   9.0306250e-01
   1.9000000e+01   1.2000000e+01   6.6636634e-15   8.7946875e-01   8.7946875e-01
   2.0000000e+01   1.2000000e+01   6.3701853e-15   8.3790625e-01   8.3790625e-01
   2.1000000e+01   1.2000000e+01   6.0814553e-15   7.9587500e-01   7.9587500e-01
   2.2000000e+01   1.2000000e+01   5.9369657e-15   7.9700000e-01   7.9700000e-01
   2.3000000e+01   1.2000000e+01   5.9747392e-15   7.6721875e-01   7.6721875e-01
   2.4000000e+01   1.2000000e+01   5.8591561e-15   7.8646875e-01   7.8646875e-01
   2.5000000e+01   1.2000000e+01   5.8387441e-15   7.7637500e-01   7.7637500e-01
   2.6000000e+01   1.2000000e+01   5.6847042e-15   7.3865625e-01   7.3865625e-01
   2.7000000e+01   1.2000000e+01   5.5849743e-15   7.2868750e-01   7.2868750e-01
   2.8000000e+01   1.2000000e+01   5.4012160e-15   7.1228125e-01   7.1228125e-01
   2.9000000e+01   1.2000000e+01   5.5606853e-15   7.5531250e-01   7.5531250e-01
   3.0000000e+01   1.2000000e+01   6.0668341e-15   8.1446875e-01   8.1446875e-01
   3.1000000e+01   1.2000000e+01   6.5784374e-15   8.6862500e-01   8.6862500e-01
   3.2000000e+01   1.2000000e+01   6.9534052e-15   9.1000000e-01   9.1000000e-01
   3.3000000e+01   1.2000000e+01   7.0648663e-15   9.2434375e-01   9.2434375e-01
   3.4000000e+01   1.2000000e+01   6.7906609e-15   9.2050000e-01   9.2050000e-01
   3.5000000e+01   1.2000000e+01   6.6877671e-15   8.9668750e-01   8.9668750e-01
   1.0000000e+00   1.3000000e+01   6.5665301e-15   8.7381250e-01   8.7381250e-01
   2.0000000e+00   1.3000000e+01   6.1789841e-15   8.4737500e-01   8.4737500e-01
   3.0000000e+00   1.3000000e+01   6.1224817e-15   8.1631250e-01   8.1631250e-01
   4.0000000e+00   1.3000000e+01   5.8880060e-15   7.8665625e-01   7.8665625e-01
   5.0000000e+00   1.3000000e+01   5.7597089e-15   7.6803125e-01   7.6803125e-01
   6.0000000e+00   1.3000000e+01   5.5352514e-15   7.4659375e-01   7.4659375e-01
   7.0000000e+00   1.3000000e+01   5.3550697e-15   7.2356250e-01   7.2356250e-01
   8.0000000e+00   1.3000000e+01   5.2541419e-15   7.1512500e-01   7.1512500e-01
   9.0000000e+00   1.3000000e+01   5.2021630e-15   7.1525000e-01   7.1525000e-01
   1.0000000e+01   1.3000000e+01   5.2113217e-15   6.9943750e-01   6.9943750e-01
   1.1000000e+01   1.3000000e+01   5.1698327e-15   6.8825000e-01   6.8825000e-01
   1.2000000e+01   1.3000000e+01   5.3036448e-15   7.0412500e-01   7.0412500e-01
   1.3000000e+01   1.3000000e+01   5.5202934e-15   7.2593750e-01   7.2593750e-01
   1.4000000e+01   1.3000000e+01   5.9014420e-15   7.8965625e-01   7.8965625e-01
   1.5000000e+01   1.3000000e+01   6.1414276e-15   8.3871875e-01   8.3871875e-01
   1.6000000e+01   1.3000000e+01   6.5607372e-15   8.7109375e-01   8.7109375e-01
   1.7000000e+01   1.3000000e+01   6.7026224e-15   8.8578125e-01   8.8578125e-01
   1.8000000e+01   1.3000000e+01   6.6305140e-15   8.6646875e-01   8.6646875e-01
   1.9000000e+01   1.3000000e+01   6.2965752e-15   8.4025000e-01   8.4025000e-01
   2.0000000e+01   1.3000000e+01   6.0720372e-15   8.1128125e-01   8.1128125e-01
   2.1000000e+01   1.3000000e+01   5.8323643e-15   7.8431250e-01   7.8431250e-01
   2.2000000e+01   1.3000000e+01   5.7677269e-15   7.6384375e-01   7.6384375e-01
   2.3000000e+01   1.3000000e+01   5.5364408e-15   7.4112500e-01   7.4112500e-01
   2.4000000e+01   1.3000000e+01   5.4123381e-15   7.2425000e-01   7.2425000e-01
   2.5000000e+01   1.3000000e+01   5.2637624e-15   7.2096875e-01   7.2096875e-01
   2.6000000e+01   1.3000000e+01   5.3591012e-15   7.1431250e-01   7.1431250e-01
   2.7000000e+01   1.3000000e+01   5.2592117e-15   6.9865625e-01   6.9865625e-01
   2.8000000e+01   1.3000000e+01   5.0986426e-15   6.8240625e-01   6.8240625e-01
   2.9000000e+01   1.3000000e+01   5.3254929e-15   7.1331250e-01   7.1331250e-01
   3.0000000e+01   1.3000000e+01   5.6061009e-15   7.5881250e-01   7.5881250e-01
   3.1000000e+01   1.3000000e+01   6.1239936e-15   8.1187500e-01   8.1187500e-01
   3.2000000e+01   1.3000000e+01   6.5154037e-15   8.6381250e-01   8.6381250e-01
   3.3000000e+01   1.3000000e+01   6.9039777e-15   8.8087500e-01   8.8087500e-01
   3.4000000e+01   1.3000000e+01   6.5760196e-15   8.8025000e-01   8.8025000e-01
   3.5000000e+01   1.3000000e+01   6.5385885e-15   8.5218750e-01   8.5218750e-01
   1.0000000e+00   1.4000000e+01   6.5886187e-15   8.7150000e-01   8.7150000e-01
   2.0000000e+00   1.4000000e+01   6.5491486e-15   8.4731250e-01   8.4731250e-01
   3.0000000e+00   1.4000000e+01   6.0364768e-15   8.1390625e-01   8.1390625e-01
   4.0000000e+00   1.4000000e+01   5.9226266e-15   7.8640625e-01   7.8640625e-01
   5.0000000e+00   1.4000000e+01   5.6343473e-15   7.5165625e-01   7.5165625e-01
   6.0000000e+00   1.4000000e+01   5.4778575e-15   7.3584375e-01   7.3584375e-01
   7.0000000e+00   1.4000000e+01   5.3037667e-15   7.0465625e-01   7.0465625e-01
   8.0000000e+00   1.4000000e+01   5.2002553e-15   6.9134375e-01   6.9134375e-01
   9.0000000e+00   1.4000000e+01   5.1109569e-15   6.8168750e-01   6.8168750e-01
   1.0000000e+01   1.4000000e+01   4.9352573e-15   6.7306250e-01   6.7306250e-01
   1.1000000e+01   1.4000000e+01   5.0055969e-15   6.6868750e-01   6.6868750e-01
   1.2000000e+01   1.4000000e+01   5.0457744e-15   6.8156250e-01   6.8156250e-01
   1.3000000e+01   1.4000000e+01   5.4240345e-15   7.2706250e-01   7.2706250e-01
   1.4000000e+01   1.4000000e+01   5.8790627e-15   7.7056250e-01   7.7056250e-01
   1.5000000e+01   1.4000000e+01   6.2613946e-15   8.2887500e-01   8.2887500e-01
   1.6000000e+01   1.4000000e+01   6.4927200e-15   8.6500000e-01   8.6500000e-01
   1.7000000e+01   1.4000000e+01   6.7439545e-15   8.8750000e-01   8.8750000e-01
   1.8000000e+01   1.4000000e+01   6.6316997e-15   8.7634375e-01   8.7634375e-01
   1.9000000e+01   1.4000000e+01   6.4318128e-15   8.5059375e-01   8.5059375e-01
   2.0000000e+01   1.4000000e+01   6.1135477e-15   8.0378125e-01   8.0378125e-01
   2.1000000e+01   1.4000000e+01   5.9181933e-15   7.7500000e-01   7.7500000e-01
   2.2000000e+01   1.4000000e+01   5.5282609e-15   7.5056250e-01   7.5056250e-01
   2.3000000e+01   1.4000000e+01   5.3901513e-15   7.2587500e-01   7.2587500e-01
   2.4000000e+01   1.4000000e+01   5.0669714e-15   6.9587500e-01   6.9587500e-01
   2.5000000e+01   1.4000000e+01   5.0719893e-15   6.8728125e-01   6.8728125e-01
   2.6000000e+01   1.4000000e+01   5.1418154e-15   6.8240625e-01   6.8240625e-01
   2.7000000e+01   1.4000000e+01   4.9993685e-15   6.6646875e-01   6.6646875e-01
   2.8000000e+01   1.4000000e+01   5.0672563e-15   6.7281250e-01   6.7281250e-01
   2.9000000e+01   1.4000000e+01   5.2921245e-15   7.0268750e-01   7.0268750e-01
   3.0000000e+01   1.4000000e+01   5.6552054e-15   7.4734375e-01   7.4734375e-01
   3.1000000e+01   1.4000000e+01   6.1148027e-15   8.0237500e-01   8.0237500e-01
   3.2000000e+01   1.4000000e+01   6.5240461e-15   8.4384375e-01   8.4384375e-01
   3.3000000e+01   1.4000000e+01   6.5835568e-15   8.7040625e-01   8.7040625e-01
   3.4000000e+01   1.4000000e+01   6.5939789e-15   8.7881250e-01   8.7881250e-01
   3.5000000e+01   1.4000000e+01   6.3695801e-15   8.5293750e-01   8.5293750e-01
   1.0000000e+00   1.5000000e+01   6.8965156e-15   8.9959375e-01   8.9959375e-01
   2.0000000e+00   1.5000000e+01   6.8225526e-15   8.6075000e-01   8.6075000e-01
   3.0000000e+00   1.5000000e+01   6.2966687e-15   8.2362500e-01   8.2362500e-01
   4.0000000e+00   1.5000000e+01   5.9054586e-15   8.0075000e-01   8.0075000e-01
   5.0000000e+00   1.5000000e+01   5.6620219e-15   7.6921875e-01   7.6921875e-01
   6.0000000e+00   1.5000000e+01   5.5288999e-15   7.4793750e-01   7.4793750e-01
   7.0000000e+00   1.5000000e+01   5.3395081e-15   7.2293750e-01   7.2293750e-01
   8.0000000e+00   1.5000000e+01   5.3915591e-15   7.0950000e-01   7.0950000e-01
   9.0000000e+00   1.5000000e+01   5.2382765e-15   6.9525000e-01   6.9525000e-01
   1.0000000e+01   1.5000000e+01   5.1035043e-15   6.7781250e-01   6.7781250e-01
   1.1000000e+01   1.5000000e+01   4.9848768e-15   6.5840625e-01   6.5840625e-01
   1.2000000e+01   1.5000000e+01   4.9653165e-15   6.6762500e-01   6.6762500e-01
   1.3000000e+01   1.5000000e+01   5.3158272e-15   7.1753125e-01   7.1753125e-01
   1.4000000e+01   1.5000000e+01   5.9024192e-15   7.7025000e-01   7.7025000e-01
   1.5000000e+01   1.5000000e+01   6.3324729e-15   8.3506250e-01   8.3506250e-01
   1.6000000e+01   1.5000000e+01   6.8248673e-15   8.8365625e-01   8.8365625e-01
   1.7000000e+01   1.5000000e+01   6.9070509e-15   8.9465625e-01   8.9465625e-01
   1.8000000e+01   1.5000000e+01   6.7652864e-15   8.7768750e-01   8.7768750e-01
   1.9000000e+01   1.5000000e+01   6.4816781e-15   8.5143750e-01   8.5143750e-01
   2.0000000e+01   1.5000000e+01   6.1011107e-15   8.1456250e-01   8.1456250e-01
   2.1000000e+01   1.5000000e+01   5.7601169e-15   7.6818750e-01   7.6818750e-01
   2.2000000e+01   1.5000000e+01   5.7029340e-15   7.3790625e-01   7.3790625e-01
   2.3000000e+01   1.5000000e+01   5.6380711e-15   7.3200000e-01   7.3200000e-01
   2.4000000e+01   1.5000000e+01   5.4043012e-15   7.1240625e-01   7.1240625e-01
   2.5000000e+01   1.5000000e+01   5.2464456e-15   6.9490625e-01   6.9490625e-01
   2.6000000e+01   1.5000000e+01   5.1497965e-15   6.8050000e-01   6.8050000e-01
   2.7000000e+01   1.5000000e+01   5.0076714e-15   6.5834375e-01   6.5834375e-01
   2.8000000e+01   1.5000000e+01   4.9199885e-15   6.5728125e-01   6.5728125e-01
   2.9000000e+01   1.5000000e+01   5.1017432e-15   6.8809375e-01   6.8809375e-01
   3.0000000e+01   1.5000000e+01   5.5542418e-15   7.4728125e-01   7.4728125e-01
   3.1000000e+01   1.5000000e+01   6.0378628e-15   8.1312500e-01   8.1312500e-01
   3.2000000e+01   1.5000000e+01   6.6378188e-15   8.5018750e-01   8.5018750e-01
   3.3000000e+01   1.5000000e+01   6.7333860e-15   8.9300000e-01   8.9300000e-01
   3.4000000e+01   1.5000000e+01   6.7947304e-15   8.9625000e-01   8.9625000e-01
   3.5000000e+01   1.5000000e+01   6.4615696e-15   8.7365625e-01   8.7365625e-01
   1.0000000e+00   1.6000000e+01   7.0534755e-15   9.1384375e-01   9.1384375e-01
   2.0000000e+00   1.6000000e+01   6.7949764e-15   8.9515625e-01   8.9515625e-01
   3.0000000e+00   1.6000000e+01   6.3300003e-15   8.5109375e-01   8.5109375e-01
   4.0000000e+00   1.6000000e+01   6.2165293e-15   8.1259375e-01   8.1259375e-01
   5.0000000e+00   1.6000000e+01   5.8628034e-15   7.7150000e-01   7.7150000e-01
   6.0000000e+00   1.6000000e+01   5.8569120e-15   7.6775000e-01   7.6775000e-01
   7.0000000e+00   1.6000000e+01   5.6601855e-15   7.6181250e-01   7.6181250e-01
   8.0000000e+00   1.6000000e+01   5.4431454e-15   7.4515625e-01   7.4515625e-01
   9.0000000e+00   1.6000000e+01   5.4148518e-15   7.1871875e-01   7.1871875e-01
   1.0000000e+01   1.6000000e+01   5.4241597e-15   7.0031250e-01   7.0031250e-01
   1.1000000e+01   1.6000000e+01   4.8261581e-15   6.6731250e-01   6.6731250e-01
   1.2000000e+01   1.6000000e+01   4.9364473e-15   6.6590625e-01   6.6590625e-01
   1.3000000e+01   1.6000000e+01   5.0966732e-15   7.0128125e-01   7.0128125e-01
   1.4000000e+01   1.6000000e+01   5.7017596e-15   7.6406250e-01   7.6406250e-01
   1.5000000e+01   1.6000000e+01   6.3773574e-15   8.3996875e-01   8.3996875e-01
   1.6000000e+01   1.6000000e+01   6.6602746e-15   8.8615625e-01   8.8615625e-01
   1.7000000e+01   1.6000000e+01   6.9529208e-15   9.1509375e-01   9.1509375e-01
   1.8000000e+01   1.6000000e+01   6.7810579e-15   9.1390625e-01   9.1390625e-01
   1.9000000e+01   1.6000000e+01   6.6445855e-15   8.8115625e-01   8.8115625e-01
   2.0000000e+01   1.6000000e+01   6.2648786e-15   8.3906250e-01   8.3906250e-01
   2.1000000e+01   1.6000000e+01   6.0649862e-15   7.8625000e-01   7.8625000e-01
   2.2000000e+01   1.6000000e+01   5.7641586e-15   7.4931250e-01   7.4931250e-01
   2.3000000e+01   1.6000000e+01   5.6575670e-15   7.6150000e-01   7.6150000e-01
   2.4000000e+01   1.6000000e+01   5.5999703e-15   7.5096875e-01   7.5096875e-01
   2.5000000e+01   1.6000000e+01   5.3989117e-15   7.2765625e-01   7.2765625e-01
   2.6000000e+01   1.6000000e+01   5.2447495e-15   7.0568750e-01   7.0568750e-01
   2.7000000e+01   1.6000000e+01   4.9506489e-15   6.7053125e-01   6.7053125e-01
   2.8000000e+01   1.6000000e+01   4.9987023e-15   6.4684375e-01   6.4684375e-01
   2.9000000e+01   1.6000000e+01   5.2375394e-15   6.7593750e-01   6.7593750e-01
   3.0000000e+01   1.6000000e+01   5.4918698e-15   7.2621875e-01   7.2621875e-01
   3.1000000e+01   1.6000000e+01   6.1662552e-15   8.0234375e-01   8.0234375e-01
   3.2000000e+01   1.6000000e+01   6.6897540e-15   8.7303125e-01   8.7303125e-01
   3.3000000e+01   1.6000000e+01   7.1285918e-15   9.1246875e-01   9.1246875e-01
   3.4000000e+01   1.6000000e+01   6.9530179e-15   8.9531250e-01   8.9531250e-01
   3.5000000e+01   1.6000000e+01   6.6646262e-15   8.9371875e-01   8.9371875e-01
   1.0000000e+00   1.7000000e+01   6.8226203e-15   9.1637500e-01   9.1637500e-01
   2.0000000e+00   1.7000000e+01   6.7866972e-15   9.0965625e-01   9.0965625e-01
   3.0000000e+00   1.7000000e+01   6.4560380e-15   8.7290625e-01   8.7290625e-01
   4.0000000e+00   1.7000000e+01   6.1591202e-15   8.3053125e-01   8.3053125e-01
   5.0000000e+00   1.7000000e+01   5.9994383e-15   7.9328125e-01   7.9328125e-01
   6.0000000e+00   1.7000000e+01   5.8135095e-15   7.8012500e-01   7.8012500e-01
   7.0000000e+00   1.7000000e+01   5.8537947e-15   7.6106250e-01   7.6106250e-01
   8.0000000e+00   1.7000000e+01   5.7774915e-15   7.4415625e-01   7.4415625e-01
   9.0000000e+00   1.7000000e+01   5.5211280e-15   7.3868750e-01   7.3868750e-01
   1.0000000e+01   1.7000000e+01   5.2040558e-15   7.0528125e-01   7.0528125e-01
   1.1000000e+01   1.7000000e+01   5.1138014e-15   6.8434375e-01   6.8434375e-01
   1.2000000e+01   1.7000000e+01   5.2800446e-15   6.7965625e-01   6.7965625e-01
   1.3000000e+01   1.7000000e+01   5.3256018e-15   7.0415625e-01   7.0415625e-01
   1.4000000e+01   1.7000000e+01   5.7659607e-15   7.7203125e-01   7.7203125e-01
   1.5000000e+01   1.7000000e+01   6.3924987e-15   8.4025000e-01   8.4025000e-01
   1.6000000e+01   1.7000000e+01   6.6623799e-15   8.9284375e-01   8.9284375e-01
   1.7000000e+01   1.7000000e+01   6.8865075e-15   9.1853125e-01   9.1853125e-01
   1.8000000e+01   1.7000000e+01   6.9472223e-15   9.1259375e-01   9.1259375e-01
   1.9000000e+01   1.7000000e+01   6.8450629e-15   8.9303125e-01   8.9303125e-01
   2.0000000e+01   1.7000000e+01   6.5119525e-15   8.5721875e-01   8.5721875e-01
   2.1000000e+01   1.7000000e+01   5.9714987e-15   7.9287500e-01   7.9287500e-01
   2.2000000e+01   1.7000000e+01   5.7879766e-15   7.8075000e-01   7.8075000e-01
   2.3000000e+01   1.7000000e+01   5.8130781e-15   7.6393750e-01   7.6393750e-01
   2.4000000e+01   1.7000000e+01   5.7109664e-15   7.5778125e-01   7.5778125e-01
   2.5000000e+01   1.7000000e+01   5.5586437e-15   7.4384375e-01   7.4384375e-01
   2.6000000e+01   1.7000000e+01   5.4828205e-15   7.1362500e-01   7.1362500e-01
   2.7000000e+01   1.7000000e+01   5.3738521e-15   6.8021875e-01   6.8021875e-01
   2.8000000e+01   1.7000000e+01   5.0739471e-15   6.5406250e-01   6.5406250e-01
   2.9000000e+01   1.7000000e+01   5.2197503e-15   6.9506250e-01   6.9506250e-01
   3.0000000e+01   1.7000000e+01   5.4290551e-15   7.4040625e-01   7.4040625e-01
   3.1000000e+01   1.7000000e+01   6.0964984e-15   8.0909375e-01   8.0909375e-01
   3.2000000e+01   1.7000000e+01   6.6146086e-15   8.5437500e-01   8.5437500e-01
   3.3000000e+01   1.7000000e+01   6.8254842e-15   9.1078125e-01   9.1078125e-01
   3.4000000e+01   1.7000000e+01   6.8618599e-15   9.2175000e-01   9.2175000e-01
   3.5000000e+01   1.7000000e+01   6.8887903e-15   9.0787500e-01   9.0787500e-01
   1.0000000e+00   1.8000000e+01   6.9605385e-15   9.2490625e-01   9.2490625e-01
   2.0000000e+00   1.8000000e+01   6.8555666e-15   9.0515625e-01   9.0515625e-01
   3.0000000e+00   1.8000000e+01   6.8486582e-15   8.7818750e-01   8.7818750e-01
   4.0000000e+00   1.8000000e+01   6.2961145e-15   8.4443750e-01   8.4443750e-01
   5.0000000e+00   1.8000000e+01   6.1368196e-15   8.1268750e-01   8.1268750e-01
   6.0000000e+00   1.8000000e+01   5.8287830e-15   7.7015625e-01   7.7015625e-01
   7.0000000e+00   1.8000000e+01   5.7888043e-15   7.7346875e-01   7.7346875e-01
   8.0000000e+00   1.8000000e+01   5.8717366e-15   7.6750000e-01   7.6750000e-01
   9.0000000e+00   1.8000000e+01   5.7419327e-15   7.4390625e-01   7.4390625e-01
   1.0000000e+01   1.8000000e+01   5.3472347e-15   6.9700000e-01   6.9700000e-01
   1.1000000e+01   1.8000000e+01   5.2502678e-15   6.9612500e-01   6.9612500e-01
   1.2000000e+01   1.8000000e+01   5.3117644e-15   7.0937500e-01   7.0937500e-01
   1.3000000e+01   1.8000000e+01   5.4380226e-15   7.3171875e-01   7.3171875e-01
   1.4000000e+01   1.8000000e+01   5.8722004e-15   7.8350000e-01   7.8350000e-01
   1.5000000e+01   1.8000000e+01   6.3483236e-15   8.3884375e-01   8.3884375e-01
   1.6000000e+01   1.8000000e+01   6.7022853e-15   8.9078125e-01   8.9078125e-01
   1.7000000e+01   1.8000000e+01   6.9346021e-15   9.1259375e-01   9.1259375e-01
   1.8000000e+01   1.8000000e+01   6.9882549e-15   9.0928125e-01   9.0928125e-01
   1.9000000e+01   1.8000000e+01   6.8799652e-15   8.8746875e-01   8.8746875e-01
   2.0000000e+01   1.8000000e+01   6.5093779e-15   8.4984375e-01   8.4984375e-01
   2.1000000e+01   1.8000000e+01   6.2687847e-15   8.0490625e-01   8.0490625e-01
   2.2000000e+01   1.8000000e+01   6.0261704e-15   7.7631250e-01   7.7631250e-01
   2.3000000e+01   1.8000000e+01   5.7532985e-15   7.5712500e-01   7.5712500e-01
   2.4000000e+01   1.8000000e+01   5.6896316e-15   7.5712500e-01   7.5712500e-01
   2.5000000e+01   1.8000000e+01   5.6390632e-15   7.5500000e-01   7.5500000e-01
   2.6000000e+01   1.8000000e+01   5.4288044e-15   7.2587500e-01   7.2587500e-01
   2.7000000e+01   1.8000000e+01   5.2501698e-15   7.0225000e-01   7.0225000e-01
   2.8000000e+01   1.8000000e+01   5.2006393e-15   6.8762500e-01   6.8762500e-01
   2.9000000e+01   1.8000000e+01   5.3552938e-15   7.1009375e-01   7.1009375e-01
   3.0000000e+01   1.8000000e+01   5.7134328e-15   7.5225000e-01   7.5225000e-01
   3.1000000e+01   1.8000000e+01   6.3342494e-15   8.0606250e-01   8.0606250e-01
   3.2000000e+01   1.8000000e+01   6.5813554e-15   8.4831250e-01   8.4831250e-01
   3.3000000e+01   1.8000000e+01   6.7736298e-15   9.0431250e-01   9.0431250e-01
   3.4000000e+01   1.8000000e+01   6.8171585e-15   9.2434375e-01   9.2434375e-01
   3.5000000e+01   1.8000000e+01   6.9061192e-15   9.1309375e-01   9.1309375e-01
   1.0000000e+00   1.9000000e+01   7.1719818e-15   9.3671875e-01   9.3671875e-01
   2.0000000e+00   1.9000000e+01   6.9120517e-15   9.3312500e-01   9.3312500e-01
   3.0000000e+00   1.9000000e+01   6.9166932e-15   9.1353125e-01   9.1353125e-01
   4.0000000e+00   1.9000000e+01   6.6136336e-15   8.7321875e-01   8.7321875e-01
   5.0000000e+00   1.9000000e+01   6.3637503e-15   8.4584375e-01   8.4584375e-01
   6.0000000e+00   1.9000000e+01   6.1295208e-15   8.0737500e-01   8.0737500e-01
   7.0000000e+00   1.9000000e+01   6.0573079e-15   7.9684375e-01   7.9684375e-01
   8.0000000e+00   1.9000000e+01   6.0358151e-15   7.8837500e-01   7.8837500e-01
   9.0000000e+00   1.9000000e+01   5.8758247e-15   7.6446875e-01   7.6446875e-01
   1.0000000e+01   1.9000000e+01   5.5327501e-15   7.2575000e-01   7.2575000e-01
   1.1000000e+01   1.9000000e+01   5.3976738e-15   7.3140625e-01   7.3140625e-01
   1.2000000e+01   1.9000000e+01   5.3598272e-15   7.2709375e-01   7.2709375e-01
   1.3000000e+01   1.9000000e+01   5.5647629e-15   7.4440625e-01   7.4440625e-01
   1.4000000e+01   1.9000000e+01   5.8824714e-15   7.7915625e-01   7.7915625e-01
   1.5000000e+01   1.9000000e+01   6.2808500e-15   8.3831250e-01   8.3831250e-01
   1.6000000e+01   1.9000000e+01   6.7651312e-15   9.0009375e-01   9.0009375e-01
   1.7000000e+01   1.9000000e+01   7.1454670e-15   9.3340625e-01   9.3340625e-01
   1.8000000e+01   1.9000000e+01   7.1472847e-15   9.3809375e-01   9.3809375e-01
   1.9000000e+01   1.9000000e+01   7.1012716e-15   9.2693750e-01   9.2693750e-01
   2.0000000e+01   1.9000000e+01   6.9196612e-15   8.8837500e-01   8.8837500e-01
   2.1000000e+01   1.9000000e+01   6.4142599e-15   8.6206250e-01   8.6206250e-01
   2.2000000e+01   1.9000000e+01   6.0263520e-15   8.1728125e-01   8.1728125e-01
   2.3000000e+01   1.9000000e+01   6.0672898e-15   8.0209375e-01   8.0209375e-01
   2.4000000e+01   1.9000000e+01   5.9155346e-15   7.8553125e-01   7.8553125e-01
   2.5000000e+01   1.9000000e+01   5.7749394e-15   7.6881250e-01   7.6881250e-01
   2.6000000e+01   1.9000000e+01   5.6866426e-15   7.4515625e-01   7.4515625e-01
   2.7000000e+01   1.9000000e+01   5.5239093e-15   7.2396875e-01   7.2396875e-01
   2.8000000e+01   1.9000000e+01   5.4013289e-15   7.2118750e-01   7.2118750e-01
   2.9000000e+01   1.9000000e+01   5.5395031e-15   7.3418750e-01   7.3418750e-01
   3.0000000e+01   1.9000000e+01   5.7933616e-15   7.5671875e-01   7.5671875e-01
   3.1000000e+01   1.9000000e+01   6.1213256e-15   8.1465625e-01   8.1465625e-01
   3.2000000e+01   1.9000000e+01   6.5532096e-15   8.6925000e-01   8.6925000e-01
   3.3000000e+01   1.9000000e+01   6.9438400e-15   9.2168750e-01   9.2168750e-01
   3.4000000e+01   1.9000000e+01   7.1946776e-15   9.3893750e-01   9.3893750e-01
   3.5000000e+01   1.9000000e+01   7.1159087e-15   9.3121875e-01   9.3121875e-01
   1.0000000e+00   2.0000000e+01   7.5494750e-15   9.7693750e-01   9.7693750e-01
   2.0000000e+00   2.0000000e+01   7.5108999e-15   9.5756250e-01   9.5756250e-01
   3.0000000e+00   2.0000000e+01   7.2404915e-15   9.4612500e-01   9.4612500e-01
   4.0000000e+00   2.0000000e+01   7.0416670e-15   9.2709375e-01   9.2709375e-01
   5.0000000e+00   2.0000000e+01   6.7760383e-15   8.9334375e-01   8.9334375e-01
   6.0000000e+00   2.0000000e+01   6.4083653e-15   8.4896875e-01   8.4896875e-01
   7.0000000e+00   2.0000000e+01   6.3173456e-15   8.2671875e-01   8.2671875e-01
   8.0000000e+00   2.0000000e+01   6.2365624e-15   8.1015625e-01   8.1015625e-01
   9.0000000e+00   2.0000000e+01   5.9754401e-15   8.0300000e-01   8.0300000e-01
   1.0000000e+01   2.0000000e+01   5.8180334e-15   7.8415625e-01   7.8415625e-01
   1.1000000e+01   2.0000000e+01   5.6789560e-15   7.7781250e-01   7.7781250e-01
   1.2000000e+01   2.0000000e+01   5.6628574e-15   7.6443750e-01   7.6443750e-01
   1.3000000e+01   2.0000000e+01   5.6877552e-15   7.6781250e-01   7.6781250e-01
   1.4000000e+01   2.0000000e+01   5.9550831e-15   7.9500000e-01   7.9500000e-01
   1.5000000e+01   2.0000000e+01   6.4487782e-15   8.6265625e-01   8.6265625e-01
   1.6000000e+01   2.0000000e+01   7.0355328e-15   9.2262500e-01   9.2262500e-01
   1.7000000e+01   2.0000000e+01   7.3274036e-15   9.6168750e-01   9.6168750e-01
   1.8000000e+01   2.0000000e+01   7.5847141e-15   9.6950000e-01   9.6950000e-01
   1.9000000e+01   2.0000000e+01   7.3800120e-15   9.5534375e-01   9.5534375e-01
   2.0000000e+01   2.0000000e+01   6.9615384e-15   9.3625000e-01   9.3625000e-01
   2.1000000e+01   2.0000000e+01   6.7107469e-15   9.1371875e-01   9.1371875e-01
   2.2000000e+01   2.0000000e+01   6.5938300e-15   8.6618750e-01   8.6618750e-01
   2.3000000e+01   2.0000000e+01   6.1437079e-15   8.2212500e-01   8.2212500e-01
   2.4000000e+01   2.0000000e+01   6.1730873e-15   8.0084375e-01   8.0084375e-01
   2.5000000e+01   2.0000000e+01   5.9820948e-15   8.0981250e-01   8.0981250e-01
   2.6000000e+01   2.0000000e+01   6.0028109e-15   7.9343750e-01   7.9343750e-01
   2.7000000e+01   2.0000000e+01   5.7603908e-15   7.6812500e-01   7.6812500e-01
   2.8000000e+01   2.0000000e+01   5.6498804e-15   7.6196875e-01   7.6196875e-01
   2.9000000e+01   2.0000000e+01   5.6754417e-15   7.5831250e-01   7.5831250e-01
   3.0000000e+01   2.0000000e+01   5.8673204e-15   7.6812500e-01   7.6812500e-01
   3.1000000e+01   2.0000000e+01   6.1880261e-15   8.1368750e-01   8.1368750e-01
   3.2000000e+01   2.0000000e+01   6.6076315e-15   8.8678125e-01   8.8678125e-01
   3.3000000e+01   2.0000000e+01   7.1145650e-15   9.4493750e-01   9.4493750e-01
   3.4000000e+01   2.0000000e+01   7.2536258e-15   9.7203125e-01   9.7203125e-01
   3.5000000e+01   2.0000000e+01   7.2854791e-15   9.6531250e-01   9.6531250e-01
   1.0000000e+00   2.1000000e+01   7.5571064e-15   1.0174063e+00   1.0174063e+00
   2.0000000e+00   2.1000000e+01   7.5951586e-15   1.0118125e+00   1.0118125e+00
   3.0000000e+00   2.1000000e+01   7.5759688e-15   9.9206250e-01   9.9206250e-01
   4.0000000e+00   2.1000000e+01   7.2985713e-15   9.6846875e-01   9.6846875e-01
   5.0000000e+00   2.1000000e+01   7.1113011e-15   9.3684375e-01   9.3684375e-01
   6.0000000e+00   2.1000000e+01   6.8054547e-15   8.8218750e-01   8.8218750e-01
   7.0000000e+00   2.1000000e+01   6.4040450e-15   8.5106250e-01   8.5106250e-01
   8.0000000e+00   2.1000000e+01   6.3434972e-15   8.5662500e-01   8.5662500e-01
   9.0000000e+00   2.1000000e+01   6.4794279e-15   8.5956250e-01   8.5956250e-01
   1.0000000e+01   2.1000000e+01   6.2804992e-15   8.3578125e-01   8.3578125e-01
   1.1000000e+01   2.1000000e+01   6.1184777e-15   8.1506250e-01   8.1506250e-01
   1.2000000e+01   2.1000000e+01   5.9691097e-15   7.9312500e-01   7.9312500e-01
   1.3000000e+01   2.1000000e+01   5.8589987e-15   7.8403125e-01   7.8403125e-01
   1.4000000e+01   2.1000000e+01   6.2834074e-15   8.1728125e-01   8.1728125e-01
   1.5000000e+01   2.1000000e+01   6.7965419e-15   8.8471875e-01   8.8471875e-01
   1.6000000e+01   2.1000000e+01   7.3318908e-15   9.5121875e-01   9.5121875e-01
   1.7000000e+01   2.1000000e+01   7.4844006e-15   9.9603125e-01   9.9603125e-01
   1.8000000e+01   2.1000000e+01   7.6382961e-15   1.0141875e+00   1.0141875e+00
   1.9000000e+01   2.1000000e+01   7.4865525e-15   1.0000938e+00   1.0000938e+00
   2.0000000e+01   2.1000000e+01   7.4267902e-15   9.8237500e-01   9.8237500e-01
   2.1000000e+01   2.1000000e+01   7.0818162e-15   9.5181250e-01   9.5181250e-01
   2.2000000e+01   2.1000000e+01   6.8195743e-15   9.1831250e-01   9.1831250e-01
   2.3000000e+01   2.1000000e+01   6.6916562e-15   8.7968750e-01   8.7968750e-01
   2.4000000e+01   2.1000000e+01   6.5368223e-15   8.3806250e-01   8.3806250e-01
   2.5000000e+01   2.1000000e+01   6.4751927e-15   8.4209375e-01   8.4209375e-01
   2.6000000e+01   2.1000000e+01   6.2623872e-15   8.3950000e-01   8.3950000e-01
   2.7000000e+01   2.1000000e+01   6.1154011e-15   8.2000000e-01   8.2000000e-01
   2.8000000e+01   2.1000000e+01   5.9047341e-15   7.9500000e-01   7.9500000e-01
   2.9000000e+01   2.1000000e+01   5.8707878e-15   7.8878125e-01   7.8878125e-01
   3.0000000e+01   2.1000000e+01   6.0511588e-15   8.1087500e-01   8.1087500e-01
   3.1000000e+01   2.1000000e+01   6.4921773e-15   8.6906250e-01   8.6906250e-01
   3.2000000e+01   2.1000000e+01   6.8428208e-15   9.2578125e-01   9.2578125e-01
   3.3000000e+01   2.1000000e+01   7.3626859e-15   9.7950000e-01   9.7950000e-01
   3.4000000e+01   2.1000000e+01   7.5382203e-15   9.9825000e-01   9.9825000e-01
   3.5000000e+01   2.1000000e+01   7.5508152e-15   9.9009375e-01   9.9009375e-01
   1.0000000e+00   2.2000000e+01   7.8025727e-15   1.0460313e+00   1.0460313e+00
   2.0000000e+00   2.2000000e+01   7.7085074e-15   1.0375938e+00   1.0375938e+00
   3.0000000e+00   2.2000000e+01   7.6307613e-15   1.0174687e+00   1.0174687e+00
   4.0000000e+00   2.2000000e+01   7.4382255e-15   9.8612500e-01   9.8612500e-01
   5.0000000e+00   2.2000000e+01   7.3775138e-15   9.6890625e-01   9.6890625e-01
   6.0000000e+00   2.2000000e+01   7.0025406e-15   9.3946875e-01   9.3946875e-01
   7.0000000e+00   2.2000000e+01   6.8549798e-15   9.1434375e-01   9.1434375e-01
   8.0000000e+00   2.2000000e+01   6.8247937e-15   9.0446875e-01   9.0446875e-01
   9.0000000e+00   2.2000000e+01   6.7785921e-15   8.9737500e-01   8.9737500e-01
   1.0000000e+01   2.2000000e+01   6.5461876e-15   8.7412500e-01   8.7412500e-01
   1.1000000e+01   2.2000000e+01   6.6380003e-15   8.5671875e-01   8.5671875e-01
   1.2000000e+01   2.2000000e+01   6.3383249e-15   8.1743750e-01   8.1743750e-01
   1.3000000e+01   2.2000000e+01   6.2494612e-15   8.2406250e-01   8.2406250e-01
   1.4000000e+01   2.2000000e+01   6.5493249e-15   8.7628125e-01   8.7628125e-01
   1.5000000e+01   2.2000000e+01   6.9006056e-15   9.3721875e-01   9.3721875e-01
   1.6000000e+01   2.2000000e+01   7.4177129e-15   9.9687500e-01   9.9687500e-01
   1.7000000e+01   2.2000000e+01   7.7185096e-15   1.0279687e+00   1.0279687e+00
   1.8000000e+01   2.2000000e+01   7.7303712e-15   1.0338750e+00   1.0338750e+00
   1.9000000e+01   2.2000000e+01   7.8484291e-15   1.0343437e+00   1.0343437e+00
   2.0000000e+01   2.2000000e+01   7.4281536e-15   9.9790625e-01   9.9790625e-01
   2.1000000e+01   2.2000000e+01   7.2027698e-15   9.7287500e-01   9.7287500e-01
   2.2000000e+01   2.2000000e+01   7.0013277e-15   9.4296875e-01   9.4296875e-01
   2.3000000e+01   2.2000000e+01   7.1201843e-15   9.1450000e-01   9.1450000e-01
   2.4000000e+01   2.2000000e+01   6.7674261e-15   8.9981250e-01   8.9981250e-01
   2.5000000e+01   2.2000000e+01   6.7961460e-15   8.9781250e-01   8.9781250e-01
   2.6000000e+01   2.2000000e+01   6.4904195e-15   8.7865625e-01   8.7865625e-01
   2.7000000e+01   2.2000000e+01   6.4578909e-15   8.6243750e-01   8.6243750e-01
   2.8000000e+01   2.2000000e+01   6.2855287e-15   8.3312500e-01   8.3312500e-01
   2.9000000e+01   2.2000000e+01   6.0605873e-15   8.1484375e-01   8.1484375e-01
   3.0000000e+01   2.2000000e+01   6.2490470e-15   8.4787500e-01   8.4787500e-01
   3.1000000e+01   2.2000000e+01   6.8091156e-15   9.0540625e-01   9.0540625e-01
   3.2000000e+01   2.2000000e+01   7.1222855e-15   9.5862500e-01   9.5862500e-01
   3.3000000e+01   2.2000000e+01   7.6127290e-15   1.0042813e+00   1.0042813e+00
   3.4000000e+01   2.2000000e+01   7.8103979e-15   1.0146250e+00   1.0146250e+00
   3.5000000e+01   2.2000000e+01   7.9634942e-15   1.0356875e+00   1.0356875e+00
   1.0000000e+00   2.3000000e+01   7.9411459e-15   1.0495625e+00   1.0495625e+00
   2.0000000e+00   2.3000000e+01   7.8856384e-15   1.0410625e+00   1.0410625e+00
   3.0000000e+00   2.3000000e+01   7.6737739e-15   1.0255000e+00   1.0255000e+00
   4.0000000e+00   2.3000000e+01   7.3885033e-15   1.0098437e+00   1.0098437e+00
   5.0000000e+00   2.3000000e+01   7.4030278e-15   9.8837500e-01   9.8837500e-01
   6.0000000e+00   2.3000000e+01   7.1485752e-15   9.3762500e-01   9.3762500e-01
   7.0000000e+00   2.3000000e+01   7.1942244e-15   9.3428125e-01   9.3428125e-01
   8.0000000e+00   2.3000000e+01   7.1530857e-15   9.3509375e-01   9.3509375e-01
   9.0000000e+00   2.3000000e+01   7.1161145e-15   9.2603125e-01   9.2603125e-01
   1.0000000e+01   2.3000000e+01   7.0387597e-15   9.0237500e-01   9.0237500e-01
   1.1000000e+01   2.3000000e+01   6.8488106e-15   8.7506250e-01   8.7506250e-01
   1.2000000e+01   2.3000000e+01   6.4780948e-15   8.3837500e-01   8.3837500e-01
   1.3000000e+01   2.3000000e+01   6.4319915e-15   8.3421875e-01   8.3421875e-01
   1.4000000e+01   2.3000000e+01   6.8381903e-15   8.7990625e-01   8.7990625e-01
   1.5000000e+01   2.3000000e+01   7.1966863e-15   9.3371875e-01   9.3371875e-01
   1.6000000e+01   2.3000000e+01   7.5797387e-15   1.0067813e+00   1.0067813e+00
   1.7000000e+01   2.3000000e+01   7.7709616e-15   1.0419375e+00   1.0419375e+00
   1.8000000e+01   2.3000000e+01   7.7673017e-15   1.0469062e+00   1.0469062e+00
   1.9000000e+01   2.3000000e+01   7.6933576e-15   1.0325000e+00   1.0325000e+00
   2.0000000e+01   2.3000000e+01   7.5340391e-15   9.9490625e-01   9.9490625e-01
   2.1000000e+01   2.3000000e+01   7.4769910e-15   9.8031250e-01   9.8031250e-01
   2.2000000e+01   2.3000000e+01   7.2884973e-15   9.6784375e-01   9.6784375e-01
   2.3000000e+01   2.3000000e+01   7.0614098e-15   9.3884375e-01   9.3884375e-01
   2.4000000e+01   2.3000000e+01   7.0038567e-15   9.3818750e-01   9.3818750e-01
   2.5000000e+01   2.3000000e+01   7.0234545e-15   9.3509375e-01   9.3509375e-01
   2.6000000e+01   2.3000000e+01   6.7683033e-15   9.1331250e-01   9.1331250e-01
   2.7000000e+01   2.3000000e+01   6.6560745e-15   8.9015625e-01   8.9015625e-01
   2.8000000e+01   2.3000000e+01   6.3706398e-15   8.6378125e-01   8.6378125e-01
   2.9000000e+01   2.3000000e+01   6.2657988e-15   8.4809375e-01   8.4809375e-01
   3.0000000e+01   2.3000000e+01   6.3093041e-15   8.6768750e-01   8.6768750e-01
   3.1000000e+01   2.3000000e+01   6.8391571e-15   9.2293750e-01   9.2293750e-01
   3.2000000e+01   2.3000000e+01   7.3530392e-15   9.8356250e-01   9.8356250e-01
   3.3000000e+01   2.3000000e+01   7.6901522e-15   1.0246250e+00   1.0246250e+00
   3.4000000e+01   2.3000000e+01   8.0146211e-15   1.0417188e+00   1.0417188e+00
   3.5000000e+01   2.3000000e+01   7.7196806e-15   1.0415313e+00   1.0415313e+00
   1.0000000e+00   2.4000000e+01   7.8824501e-15   1.0486875e+00   1.0486875e+00
   2.0000000e+00   2.4000000e+01   7.8232242e-15   1.0404375e+00   1.0404375e+00
   3.0000000e+00   2.4000000e+01   7.7781672e-15   1.0260313e+00   1.0260313e+00
   4.0000000e+00   2.4000000e+01   7.5144590e-15   1.0081250e+00   1.0081250e+00
   5.0000000e+00   2.4000000e+01   7.4659224e-15   9.9296875e-01   9.9296875e-01
   6.0000000e+00   2.4000000e+01   7.2627570e-15   9.6740625e-01   9.6740625e-01
   7.0000000e+00   2.4000000e+01   7.1283829e-15   9.4465625e-01   9.4465625e-01
   8.0000000e+00   2.4000000e+01   7.0382441e-15   9.4287500e-01   9.4287500e-01
   9.0000000e+00   2.4000000e+01   6.9990576e-15   9.4309375e-01   9.4309375e-01
   1.0000000e+01   2.4000000e+01   7.0413525e-15   8.9853125e-01   8.9853125e-01
   1.1000000e+01   2.4000000e+01   6.9182164e-15   9.1009375e-01   9.1009375e-01
   1.2000000e+01   2.4000000e+01   6.6865359e-15   8.8250000e-01   8.8250000e-01
   1.3000000e+01   2.4000000e+01   6.4557580e-15   8.7637500e-01   8.7637500e-01
   1.4000000e+01   2.4000000e+01   6.8159302e-15   8.8884375e-01   8.8884375e-01
   1.5000000e+01   2.4000000e+01   7.3676139e-15   9.6237500e-01   9.6237500e-01
   1.6000000e+01   2.4000000e+01   7.5263262e-15   1.0090000e+00   1.0090000e+00
   1.7000000e+01   2.4000000e+01   7.7302055e-15   1.0307813e+00   1.0307813e+00
   1.8000000e+01   2.4000000e+01   7.8574488e-15   1.0465625e+00   1.0465625e+00
   1.9000000e+01   2.4000000e+01   7.8813923e-15   1.0153125e+00   1.0153125e+00
   2.0000000e+01   2.4000000e+01   7.6405150e-15   1.0137188e+00   1.0137188e+00
   2.1000000e+01   2.4000000e+01   7.4012664e-15   9.9315625e-01   9.9315625e-01
   2.2000000e+01   2.4000000e+01   7.2763367e-15   9.5525000e-01   9.5525000e-01
   2.3000000e+01   2.4000000e+01   7.1977448e-15   9.4971875e-01   9.4971875e-01
   2.4000000e+01   2.4000000e+01   7.0580025e-15   9.4484375e-01   9.4484375e-01
   2.5000000e+01   2.4000000e+01   7.1213126e-15   9.4628125e-01   9.4628125e-01
   2.6000000e+01   2.4000000e+01   6.9883998e-15   9.4328125e-01   9.4328125e-01
   2.7000000e+01   2.4000000e+01   6.5707173e-15   8.8921875e-01   8.8921875e-01
   2.8000000e+01   2.4000000e+01   6.5987229e-15   8.6231250e-01   8.6231250e-01
   2.9000000e+01   2.4000000e+01   6.7220878e-15   8.3028125e-01   8.3028125e-01
   3.0000000e+01   2.4000000e+01   6.7815205e-15   8.6687500e-01   8.6687500e-01
   3.1000000e+01   2.4000000e+01   7.0906198e-15   9.2000000e-01   9.2000000e-01
   3.2000000e+01   2.4000000e+01   7.4450038e-15   9.8793750e-01   9.8793750e-01
   3.3000000e+01   2.4000000e+01   7.6627180e-15   1.0286563e+00   1.0286563e+00
   3.4000000e+01   2.4000000e+01   7.8724114e-15   1.0485625e+00   1.0485625e+00
   3.5000000e+01   2.4000000e+01   7.7158412e-15   1.0205000e+00   1.0205000e+00
   1.0000000e+00   2.5000000e+01   7.9992603e-15   1.0434687e+00   1.0434687e+00
   2.0000000e+00   2.5000000e+01   7.8755417e-15   1.0440625e+00   1.0440625e+00
   3.0000000e+00   2.5000000e+01   7.6778244e-15   1.0308437e+00   1.0308437e+00
   4.0000000e+00   2.5000000e+01   7.7161931e-15   1.0118125e+00   1.0118125e+00
   5.0000000e+00   2.5000000e+01   7.5075906e-15   9.9043750e-01   9.9043750e-01
   6.0000000e+00   2.5000000e+01   7.3935178e-15   9.7950000e-01   9.7950000e-01
   7.0000000e+00   2.5000000e+01   7.0386811e-15   9.4325000e-01   9.4325000e-01
   8.0000000e+00   2.5000000e+01   7.1300397e-15   9.4178125e-01   9.4178125e-01
   9.0000000e+00   2.5000000e+01   7.2593441e-15   9.3909375e-01   9.3909375e-01
   1.0000000e+01   2.5000000e+01   7.2155418e-15   9.1365625e-01   9.1365625e-01
   1.1000000e+01   2.5000000e+01   6.9782247e-15   8.8968750e-01   8.8968750e-01
   1.2000000e+01   2.5000000e+01   6.6995011e-15   8.6362500e-01   8.6362500e-01
   1.3000000e+01   2.5000000e+01   6.5955876e-15   8.7918750e-01   8.7918750e-01
   1.4000000e+01   2.5000000e+01   6.7351551e-15   9.1215625e-01   9.1215625e-01
   1.5000000e+01   2.5000000e+01   7.2076358e-15   9.6618750e-01   9.6618750e-01
   1.6000000e+01   2.5000000e+01   7.6222685e-15   1.0100312e+00   1.0100312e+00
   1.7000000e+01   2.5000000e+01   7.7187079e-15   1.0386875e+00   1.0386875e+00
   1.8000000e+01   2.5000000e+01   7.7740050e-15   1.0473750e+00   1.0473750e+00
   1.9000000e+01   2.5000000e+01   7.8705227e-15   1.0235625e+00   1.0235625e+00
   2.0000000e+01   2.5000000e+01   7.6665102e-15   1.0166563e+00   1.0166563e+00
   2.1000000e+01   2.5000000e+01   7.4634698e-15   9.9590625e-01   9.9590625e-01
   2.2000000e+01   2.5000000e+01   7.4464618e-15   9.7959375e-01   9.7959375e-01
   2.3000000e+01   2.5000000e+01   7.1796061e-15   9.5200000e-01   9.5200000e-01
   2.4000000e+01   2.5000000e+01   7.0353229e-15   9.3775000e-01   9.3775000e-01
   2.5000000e+01   2.5000000e+01   7.1733318e-15   9.4906250e-01   9.4906250e-01
   2.6000000e+01   2.5000000e+01   7.0939350e-15   9.3878125e-01   9.3878125e-01
   2.7000000e+01   2.5000000e+01   6.9483401e-15   8.9971875e-01   8.9971875e-01
   2.8000000e+01   2.5000000e+01   6.8275919e-15   8.8581250e-01   8.8581250e-01
   2.9000000e+01   2.5000000e+01   6.7657140e-15   8.6762500e-01   8.6762500e-01
   3.0000000e+01   2.5000000e+01   6.7802809e-15   8.7978125e-01   8.7978125e-01
   3.1000000e+01   2.5000000e+01   7.1418447e-15   9.2596875e-01   9.2596875e-01
   3.2000000e+01   2.5000000e+01   7.5647895e-15   9.7603125e-01   9.7603125e-01
   3.3000000e+01   2.5000000e+01   7.8404851e-15   1.0183125e+00   1.0183125e+00
   3.4000000e+01   2.5000000e+01   7.9533157e-15   1.0448438e+00   1.0448438e+00
   3.5000000e+01   2.5000000e+01   7.8243487e-15   1.0418438e+00   1.0418438e+00
   1.0000000e+00   2.6000000e+01   7.8596720e-15   1.0442188e+00   1.0442188e+00
   2.0000000e+00   2.6000000e+01   7.7424114e-15   1.0534375e+00   1.0534375e+00
   3.0000000e+00   2.6000000e+01   7.7213831e-15   1.0151250e+00   1.0151250e+00
   4.0000000e+00   2.6000000e+01   7.6824795e-15   1.0062500e+00   1.0062500e+00
   5.0000000e+00   2.6000000e+01   7.4377451e-15   9.8600000e-01   9.8600000e-01
   6.0000000e+00   2.6000000e+01   7.2581500e-15   9.5500000e-01   9.5500000e-01
   7.0000000e+00   2.6000000e+01   7.0032942e-15   9.3150000e-01   9.3150000e-01
   8.0000000e+00   2.6000000e+01   7.0396701e-15   9.2281250e-01   9.2281250e-01
   9.0000000e+00   2.6000000e+01   6.9536237e-15   9.2512500e-01   9.2512500e-01
   1.0000000e+01   2.6000000e+01   6.8369475e-15   9.0675000e-01   9.0675000e-01
   1.1000000e+01   2.6000000e+01   6.6327699e-15   8.8806250e-01   8.8806250e-01
   1.2000000e+01   2.6000000e+01   6.5147077e-15   8.6746875e-01   8.6746875e-01
   1.3000000e+01   2.6000000e+01   6.4320079e-15   8.6390625e-01   8.6390625e-01
   1.4000000e+01   2.6000000e+01   6.6704605e-15   8.9446875e-01   8.9446875e-01
   1.5000000e+01   2.6000000e+01   7.1631244e-15   9.4796875e-01   9.4796875e-01
   1.6000000e+01   2.6000000e+01   7.5485927e-15   9.9618750e-01   9.9618750e-01
   1.7000000e+01   2.6000000e+01   7.8098638e-15   1.0333438e+00   1.0333438e+00
   1.8000000e+01   2.6000000e+01   7.9584112e-15   1.0390000e+00   1.0390000e+00
   1.9000000e+01   2.6000000e+01   7.8604536e-15   1.0161250e+00   1.0161250e+00
   2.0000000e+01   2.6000000e+01   7.4971233e-15   1.0101563e+00   1.0101563e+00
   2.1000000e+01   2.6000000e+01   7.5273657e-15   9.9306250e-01   9.9306250e-01
   2.2000000e+01   2.6000000e+01   7.2201968e-15   9.7312500e-01   9.7312500e-01
   2.3000000e+01   2.6000000e+01   7.0734327e-15   9.4871875e-01   9.4871875e-01
   2.4000000e+01   2.6000000e+01   6.8535539e-15   9.2125000e-01   9.2125000e-01
   2.5000000e+01   2.6000000e+01   6.8873320e-15   9.2562500e-01   9.2562500e-01
   2.6000000e+01   2.6000000e+01   6.9542730e-15   9.2821875e-01   9.2821875e-01
   2.7000000e+01   2.6000000e+01   6.8261377e-15   9.0312500e-01   9.0312500e-01
   2.8000000e+01   2.6000000e+01   6.7807438e-15   8.8959375e-01   8.8959375e-01
   2.9000000e+01   2.6000000e+01   6.5958579e-15   8.6490625e-01   8.6490625e-01
   3.0000000e+01   2.6000000e+01   6.6959224e-15   8.6687500e-01   8.6687500e-01
   3.1000000e+01   2.6000000e+01   7.1933815e-15   9.2293750e-01   9.2293750e-01
   3.2000000e+01   2.6000000e+01   7.4213372e-15   9.5875000e-01   9.5875000e-01
   3.3000000e+01   2.6000000e+01   7.6783013e-15   1.0230000e+00   1.0230000e+00
   3.4000000e+01   2.6000000e+01   7.8731875e-15   1.0386562e+00   1.0386562e+00
   3.5000000e+01   2.6000000e+01   7.9004443e-15   1.0410625e+00   1.0410625e+00
   1.0000000e+00   2.7000000e+01   7.8159201e-15   1.0185000e+00   1.0185000e+00
   2.0000000e+00   2.7000000e+01   7.8456196e-15   1.0138437e+00   1.0138437e+00
   3.0000000e+00   2.7000000e+01   7.7461266e-15   9.9756250e-01   9.9756250e-01
   4.0000000e+00   2.7000000e+01   7.4690353e-15   9.7009375e-01   9.7009375e-01
   5.0000000e+00   2.7000000e+01   7.3810073e-15   9.5278125e-01   9.5278125e-01
   6.0000000e+00   2.7000000e+01   7.0662087e-15   9.3943750e-01   9.3943750e-01
   7.0000000e+00   2.7000000e+01   6.6970997e-15   9.0328125e-01   9.0328125e-01
   8.0000000e+00   2.7000000e+01   6.6388015e-15   8.8331250e-01   8.8331250e-01
   9.0000000e+00   2.7000000e+01   6.6571361e-15   8.8278125e-01   8.8278125e-01
   1.0000000e+01   2.7000000e+01   6.6621335e-15   8.6943750e-01   8.6943750e-01
   1.1000000e+01   2.7000000e+01   6.4302593e-15   8.4803125e-01   8.4803125e-01
   1.2000000e+01   2.7000000e+01   6.2014323e-15   8.1481250e-01   8.1481250e-01
   1.3000000e+01   2.7000000e+01   6.2056284e-15   7.9712500e-01   7.9712500e-01
   1.4000000e+01   2.7000000e+01   6.3601050e-15   8.3803125e-01   8.3803125e-01
   1.5000000e+01   2.7000000e+01   6.7199822e-15   9.0062500e-01   9.0062500e-01
   1.6000000e+01   2.7000000e+01   7.2659198e-15   9.6600000e-01   9.6600000e-01
   1.7000000e+01   2.7000000e+01   7.5905631e-15   1.0092812e+00   1.0092812e+00
   1.8000000e+01   2.7000000e+01   7.7319555e-15   1.0101250e+00   1.0101250e+00
   1.9000000e+01   2.7000000e+01   7.5444658e-15   1.0256875e+00   1.0256875e+00
   2.0000000e+01   2.7000000e+01   7.5515008e-15   9.9425000e-01   9.9425000e-01
   2.1000000e+01   2.7000000e+01   7.4800798e-15   9.5809375e-01   9.5809375e-01
   2.2000000e+01   2.7000000e+01   7.1525622e-15   9.5681250e-01   9.5681250e-01
   2.3000000e+01   2.7000000e+01   6.9177427e-15   9.1743750e-01   9.1743750e-01
   2.4000000e+01   2.7000000e+01   6.5881957e-15   8.8618750e-01   8.8618750e-01
   2.5000000e+01   2.7000000e+01   6.8501720e-15   8.7406250e-01   8.7406250e-01
   2.6000000e+01   2.7000000e+01   6.7022473e-15   8.9021875e-01   8.9021875e-01
   2.7000000e+01   2.7000000e+01   6.6008923e-15   8.7171875e-01   8.7171875e-01
   2.8000000e+01   2.7000000e+01   6.3286246e-15   8.4068750e-01   8.4068750e-01
   2.9000000e+01   2.7000000e+01   6.3522552e-15   8.2096875e-01   8.2096875e-01
   3.0000000e+01   2.7000000e+01   6.4546736e-15   8.1712500e-01   8.1712500e-01
   3.1000000e+01   2.7000000e+01   6.6691484e-15   8.8271875e-01   8.8271875e-01
   3.2000000e+01   2.7000000e+01   7.0270946e-15   9.4284375e-01   9.4284375e-01
   3.3000000e+01   2.7000000e+01   7.6135660e-15   1.0000938e+00   1.0000938e+00
   3.4000000e+01   2.7000000e+01   7.8225804e-15   1.0244688e+00   1.0244688e+00
   3.5000000e+01   2.7000000e+01   7.8110418e-15   1.0330625e+00   1.0330625e+00
   1.0000000e+00   2.8000000e+01   7.3423279e-15   9.7021875e-01   9.7021875e-01
   2.0000000e+00   2.8000000e+01   7.5718377e-15   9.7975000e-01   9.7975000e-01
   3.0000000e+00   2.8000000e+01   7.3599196e-15   9.5631250e-01   9.5631250e-01
   4.0000000e+00   2.8000000e+01   7.1963891e-15   9.3543750e-01   9.3543750e-01
   5.0000000e+00   2.8000000e+01   6.9166986e-15   9.0968750e-01   9.0968750e-01
   6.0000000e+00   2.8000000e+01   6.5675567e-15   8.6309375e-01   8.6309375e-01
   7.0000000e+00   2.8000000e+01   6.2649361e-15   8.3415625e-01   8.3415625e-01
   8.0000000e+00   2.8000000e+01   6.2551024e-15   8.3134375e-01   8.3134375e-01
   9.0000000e+00   2.8000000e+01   6.3229333e-15   8.3896875e-01   8.3896875e-01
   1.0000000e+01   2.8000000e+01   6.1806220e-15   8.1900000e-01   8.1900000e-01
   1.1000000e+01   2.8000000e+01   6.0544150e-15   7.9690625e-01   7.9690625e-01
   1.2000000e+01   2.8000000e+01   5.8524703e-15   7.7453125e-01   7.7453125e-01
   1.3000000e+01   2.8000000e+01   5.8654209e-15   7.6318750e-01   7.6318750e-01
   1.4000000e+01   2.8000000e+01   5.8612623e-15   7.8518750e-01   7.8518750e-01
   1.5000000e+01   2.8000000e+01   6.2013933e-15   8.3153125e-01   8.3153125e-01
   1.6000000e+01   2.8000000e+01   6.6439843e-15   8.9000000e-01   8.9000000e-01
   1.7000000e+01   2.8000000e+01   7.2158960e-15   9.3825000e-01   9.3825000e-01
   1.8000000e+01   2.8000000e+01   7.4155319e-15   9.5725000e-01   9.5725000e-01
   1.9000000e+01   2.8000000e+01   7.3252795e-15   9.6081250e-01   9.6081250e-01
   2.0000000e+01   2.8000000e+01   7.0926138e-15   9.5059375e-01   9.5059375e-01
   2.1000000e+01   2.8000000e+01   6.9036861e-15   9.2196875e-01   9.2196875e-01
   2.2000000e+01   2.8000000e+01   6.7259103e-15   8.9984375e-01   8.9984375e-01
   2.3000000e+01   2.8000000e+01   6.4854225e-15   8.6318750e-01   8.6318750e-01
   2.4000000e+01   2.8000000e+01   6.0888358e-15   8.3484375e-01   8.3484375e-01
   2.5000000e+01   2.8000000e+01   6.2405358e-15   8.3825000e-01   8.3825000e-01
   2.6000000e+01   2.8000000e+01   6.3253853e-15   8.4240625e-01   8.4240625e-01
   2.7000000e+01   2.8000000e+01   6.2707275e-15   8.0493750e-01   8.0493750e-01
   2.8000000e+01   2.8000000e+01   6.1163231e-15   8.0212500e-01   8.0212500e-01
   2.9000000e+01   2.8000000e+01   5.9459820e-15   7.7506250e-01   7.7506250e-01
   3.0000000e+01   2.8000000e+01   5.7441864e-15   7.8231250e-01   7.8231250e-01
   3.1000000e+01   2.8000000e+01   6.0620544e-15   8.0500000e-01   8.0500000e-01
   3.2000000e+01   2.8000000e+01   6.7280515e-15   8.7118750e-01   8.7118750e-01
   3.3000000e+01   2.8000000e+01   7.0585771e-15   9.3134375e-01   9.3134375e-01
   3.4000000e+01   2.8000000e+01   7.3299411e-15   9.7484375e-01   9.7484375e-01
   3.5000000e+01   2.8000000e+01   7.4199532e-15   9.9428125e-01   9.9428125e-01
   1.0000000e+00   2.9000000e+01   6.5783486e-15   8.9021875e-01   8.9021875e-01
   2.0000000e+00   2.9000000e+01   6.7697971e-15   8.9934375e-01   8.9934375e-01
   3.0000000e+00   2.9000000e+01   6.7725470e-15   8.7500000e-01   8.7500000e-01
   4.0000000e+00   2.9000000e+01   6.6317191e-15   8.6259375e-01   8.6259375e-01
   5.0000000e+00   2.9000000e+01   6.1936266e-15   8.2015625e-01   8.2015625e-01
   6.0000000e+00   2.9000000e+01   5.8990100e-15   7.9778125e-01   7.9778125e-01
   7.0000000e+00   2.9000000e+01   5.7570571e-15   7.7668750e-01   7.7668750e-01
   8.0000000e+00   2.9000000e+01   5.6269984e-15   7.6815625e-01   7.6815625e-01
   9.0000000e+00   2.9000000e+01   5.6507143e-15   7.6231250e-01   7.6231250e-01
   1.0000000e+01   2.9000000e+01   5.5835811e-15   7.5696875e-01   7.5696875e-01
   1.1000000e+01   2.9000000e+01   5.5001105e-15   7.4006250e-01   7.4006250e-01
   1.2000000e+01   2.9000000e+01   5.3607206e-15   7.2212500e-01   7.2212500e-01
   1.3000000e+01   2.9000000e+01   5.1471141e-15   7.0571875e-01   7.0571875e-01
   1.4000000e+01   2.9000000e+01   5.4388996e-15   7.0740625e-01   7.0740625e-01
   1.5000000e+01   2.9000000e+01   5.7533380e-15   7.6253125e-01   7.6253125e-01
   1.6000000e+01   2.9000000e+01   6.2386437e-15   8.1959375e-01   8.1959375e-01
   1.7000000e+01   2.9000000e+01   6.4628075e-15   8.6212500e-01   8.6212500e-01
   1.8000000e+01   2.9000000e+01   6.6290234e-15   8.9450000e-01   8.9450000e-01
   1.9000000e+01   2.9000000e+01   6.7061852e-15   9.0293750e-01   9.0293750e-01
   2.0000000e+01   2.9000000e+01   6.4901601e-15   8.7431250e-01   8.7431250e-01
   2.1000000e+01   2.9000000e+01   6.2664968e-15   8.4646875e-01   8.4646875e-01
   2.2000000e+01   2.9000000e+01   6.1225382e-15   8.1909375e-01   8.1909375e-01
   2.3000000e+01   2.9000000e+01   5.8725446e-15   7.9603125e-01   7.9603125e-01
   2.4000000e+01   2.9000000e+01   5.7144282e-15   7.7762500e-01   7.7762500e-01
   2.5000000e+01   2.9000000e+01   5.7086388e-15   7.7540625e-01   7.7540625e-01
   2.6000000e+01   2.9000000e+01   5.8261727e-15   7.7409375e-01   7.7409375e-01
   2.7000000e+01   2.9000000e+01   5.8257396e-15   7.5556250e-01   7.5556250e-01
   2.8000000e+01   2.9000000e+01   5.6500867e-15   7.4737500e-01   7.4737500e-01
   2.9000000e+01   2.9000000e+01   5.4417670e-15   7.2203125e-01   7.2203125e-01
   3.0000000e+01   2.9000000e+01   5.4207112e-15   7.2287500e-01   7.2287500e-01
   3.1000000e+01   2.9000000e+01   5.5762999e-15   7.4850000e-01   7.4850000e-01
   3.2000000e+01   2.9000000e+01   5.9719132e-15   8.0443750e-01   8.0443750e-01
   3.3000000e+01   2.9000000e+01   6.4293153e-15   8.5506250e-01   8.5506250e-01
   3.4000000e+01   2.9000000e+01   6.8291441e-15   9.0490625e-01   9.0490625e-01
   3.5000000e+01   2.9000000e+01   7.0136358e-15   9.1021875e-01   9.1021875e-01
   1.0000000e+00   3.0000000e+01   6.5092921e-15   8.6996875e-01   8.6996875e-01
   2.0000000e+00   3.0000000e+01   6.5178426e-15   8.8250000e-01   8.8250000e-01
   3.0000000e+00   3.0000000e+01   6.4661375e-15   8.6665625e-01   8.6665625e-01
   4.0000000e+00   3.0000000e+01   6.2939278e-15   8.3787500e-01   8.3787500e-01
   5.0000000e+00   3.0000000e+01   6.0437039e-15   8.0359375e-01   8.0359375e-01
   6.0000000e+00   3.0000000e+01   5.9439107e-15   7.7093750e-01   7.7093750e-01
   7.0000000e+00   3.0000000e+01   5.8819910e-15   7.5268750e-01   7.5268750e-01
   8.0000000e+00   3.0000000e+01   5.5478840e-15   7.1803125e-01   7.1803125e-01
   9.0000000e+00   3.0000000e+01   5.2973635e-15   7.1175000e-01   7.1175000e-01
   1.0000000e+01   3.0000000e+01   5.2744131e-15   7.0278125e-01   7.0278125e-01
   1.1000000e+01   3.0000000e+01   5.2831402e-15   7.0103125e-01   7.0103125e-01
   1.2000000e+01   3.0000000e+01   5.2243574e-15   6.7237500e-01   6.7237500e-01
   1.3000000e+01   3.0000000e+01   5.1013683e-15   6.8284375e-01   6.8284375e-01
   1.4000000e+01   3.0000000e+01   5.3001061e-15   7.0409375e-01   7.0409375e-01
   1.5000000e+01   3.0000000e+01   5.6129966e-15   7.4606250e-01   7.4606250e-01
   1.6000000e+01   3.0000000e+01   5.9954372e-15   7.9362500e-01   7.9362500e-01
   1.7000000e+01   3.0000000e+01   6.4535020e-15   8.3684375e-01   8.3684375e-01
   1.8000000e+01   3.0000000e+01   6.5509526e-15   8.4928125e-01   8.4928125e-01
   1.9000000e+01   3.0000000e+01   6.5245121e-15   8.7434375e-01   8.7434375e-01
   2.0000000e+01   3.0000000e+01   6.5012872e-15   8.5190625e-01   8.5190625e-01
   2.1000000e+01   3.0000000e+01   6.1604529e-15   8.2553125e-01   8.2553125e-01
   2.2000000e+01   3.0000000e+01   5.9079034e-15   7.9393750e-01   7.9393750e-01
   2.3000000e+01   3.0000000e+01   6.0042129e-15   7.7012500e-01   7.7012500e-01
   2.4000000e+01   3.0000000e+01   5.5878147e-15   7.5168750e-01   7.5168750e-01
   2.5000000e+01   3.0000000e+01   5.3551692e-15   7.2896875e-01   7.2896875e-01
   2.6000000e+01   3.0000000e+01   5.3553209e-15   7.1425000e-01   7.1425000e-01
   2.7000000e+01   3.0000000e+01   5.5405878e-15   7.0687500e-01   7.0687500e-01
   2.8000000e+01   3.0000000e+01   5.2876911e-15   7.0475000e-01   7.0475000e-01
   2.9000000e+01   3.0000000e+01   5.0670894e-15   6.9121875e-01   6.9121875e-01
   3.0000000e+01   3.0000000e+01   5.2128411e-15   6.9412500e-01   6.9412500e-01
   3.1000000e+01   3.0000000e+01   5.5347407e-15   7.2425000e-01   7.2425000e-01
   3.2000000e+01   3.0000000e+01   5.8574708e-15   7.5590625e-01   7.5590625e-01
   3.3000000e+01   3.0000000e+01   6.1873017e-15   8.2156250e-01   8.2156250e-01
   3.4000000e+01   3.0000000e+01   6.5245697e-15   8.6112500e-01   8.6112500e-01
   3.5000000e+01   3.0000000e+01   6.6683394e-15   8.8331250e-01   8.8331250e-01
   1.0000000e+00   3.1000000e+01   6.6416925e-15   8.7600000e-01   8.7600000e-01
   2.0000000e+00   3.1000000e+01   6.9216823e-15   8.8715625e-01   8.8715625e-01
   3.0000000e+00   3.1000000e+01   6.7103511e-15   8.6050000e-01   8.6050000e-01
   4.0000000e+00   3.1000000e+01   6.3212970e-15   8.4734375e-01   8.4734375e-01
   5.0000000e+00   3.1000000e+01   6.0411040e-15   8.1275000e-01   8.1275000e-01
   6.0000000e+00   3.1000000e+01   5.7769926e-15   7.7096875e-01   7.7096875e-01
   7.0000000e+00   3.1000000e+01   5.7219974e-15   7.4040625e-01   7.4040625e-01
   8.0000000e+00   3.1000000e+01   5.3017310e-15   7.2578125e-01   7.2578125e-01
   9.0000000e+00   3.1000000e+01   5.3062739e-15   7.0487500e-01   7.0487500e-01
   1.0000000e+01   3.1000000e+01   5.4327864e-15   6.9318750e-01   6.9318750e-01
   1.1000000e+01   3.1000000e+01   5.1929224e-15   6.8965625e-01   6.8965625e-01
   1.2000000e+01   3.1000000e+01   5.0481524e-15   6.7584375e-01   6.7584375e-01
   1.3000000e+01   3.1000000e+01   4.9883040e-15   6.6525000e-01   6.6525000e-01
   1.4000000e+01   3.1000000e+01   5.2762424e-15   6.8540625e-01   6.8540625e-01
   1.5000000e+01   3.1000000e+01   5.5046576e-15   7.4440625e-01   7.4440625e-01
   1.6000000e+01   3.1000000e+01   5.9905634e-15   7.9628125e-01   7.9628125e-01
   1.7000000e+01   3.1000000e+01   6.4347529e-15   8.3550000e-01   8.3550000e-01
   1.8000000e+01   3.1000000e+01   6.5863776e-15   8.7456250e-01   8.7456250e-01
   1.9000000e+01   3.1000000e+01   6.6206813e-15   8.8846875e-01   8.8846875e-01
   2.0000000e+01   3.1000000e+01   6.5592885e-15   8.6453125e-01   8.6453125e-01
   2.1000000e+01   3.1000000e+01   6.3474071e-15   8.1909375e-01   8.1909375e-01
   2.2000000e+01   3.1000000e+01   5.8495648e-15   7.9556250e-01   7.9556250e-01
   2.3000000e+01   3.1000000e+01   5.8254479e-15   7.6965625e-01   7.6965625e-01
   2.4000000e+01   3.1000000e+01   5.7067142e-15   7.3971875e-01   7.3971875e-01
   2.5000000e+01   3.1000000e+01   5.3840648e-15   7.0803125e-01   7.0803125e-01
   2.6000000e+01   3.1000000e+01   5.1560853e-15   6.9965625e-01   6.9965625e-01
   2.7000000e+01   3.1000000e+01   5.2623998e-15   6.9943750e-01   6.9943750e-01
   2.8000000e+01   3.1000000e+01   5.2694556e-15   6.8943750e-01   6.8943750e-01
   2.9000000e+01   3.1000000e+01   5.1635691e-15   6.7021875e-01   6.7021875e-01
   3.0000000e+01   3.1000000e+01   5.0031314e-15   6.7518750e-01   6.7518750e-01
   3.1000000e+01   3.1000000e+01   5.4085159e-15   7.2471875e-01   7.2471875e-01
   3.2000000e+01   3.1000000e+01   6.0406798e-15   7.7321875e-01   7.7321875e-01
   3.3000000e+01   3.1000000e+01   6.4717234e-15   8.2000000e-01   8.2000000e-01
   3.4000000e+01   3.1000000e+01   6.3792058e-15   8.6959375e-01   8.6959375e-01
   3.5000000e+01   3.1000000e+01   6.6384893e-15   8.8434375e-01   8.8434375e-01
   1.0000000e+00   3.2000000e+01   6.8603524e-15   8.9134375e-01   8.9134375e-01
   2.0000000e+00   3.2000000e+01   7.0810232e-15   9.0396875e-01   9.0396875e-01
   3.0000000e+00   3.2000000e+01   6.7996111e-15   8.8228125e-01   8.8228125e-01
   4.0000000e+00   3.2000000e+01   6.4615832e-15   8.6956250e-01   8.6956250e-01
   5.0000000e+00   3.2000000e+01   6.2899180e-15   8.2596875e-01   8.2596875e-01
   6.0000000e+00   3.2000000e+01   5.8190814e-15   7.7500000e-01   7.7500000e-01
   7.0000000e+00   3.2000000e+01   5.9318645e-15   7.5328125e-01   7.5328125e-01
   8.0000000e+00   3.2000000e+01   5.5087325e-15   7.3793750e-01   7.3793750e-01
   9.0000000e+00   3.2000000e+01   5.4095800e-15   7.3159375e-01   7.3159375e-01
   1.0000000e+01   3.2000000e+01   5.4414103e-15   7.1675000e-01   7.1675000e-01
   1.1000000e+01   3.2000000e+01   5.4740404e-15   7.0078125e-01   7.0078125e-01
   1.2000000e+01   3.2000000e+01   4.9765743e-15   6.7140625e-01   6.7140625e-01
   1.3000000e+01   3.2000000e+01   4.9700282e-15   6.6390625e-01   6.6390625e-01
   1.4000000e+01   3.2000000e+01   5.1188322e-15   6.7890625e-01   6.7890625e-01
   1.5000000e+01   3.2000000e+01   5.6208007e-15   7.2471875e-01   7.2471875e-01
   1.6000000e+01   3.2000000e+01   6.0829935e-15   8.0375000e-01   8.0375000e-01
   1.7000000e+01   3.2000000e+01   6.4277691e-15   8.5465625e-01   8.5465625e-01
   1.8000000e+01   3.2000000e+01   6.8142333e-15   8.9390625e-01   8.9390625e-01
   1.9000000e+01   3.2000000e+01   6.9829403e-15   8.9334375e-01   8.9334375e-01
   2.0000000e+01   3.2000000e+01   6.6153132e-15   8.7509375e-01   8.7509375e-01
   2.1000000e+01   3.2000000e+01   6.3561615e-15   8.5156250e-01   8.5156250e-01
   2.2000000e+01   3.2000000e+01   6.0537674e-15   8.0821875e-01   8.0821875e-01
   2.3000000e+01   3.2000000e+01   5.9468435e-15   7.7493750e-01   7.7493750e-01
   2.4000000e+01   3.2000000e+01   5.6922674e-15   7.5134375e-01   7.5134375e-01
   2.5000000e+01   3.2000000e+01   5.7069537e-15   7.3025000e-01   7.3025000e-01
   2.6000000e+01   3.2000000e+01   5.4682228e-15   7.0740625e-01   7.0740625e-01
   2.7000000e+01   3.2000000e+01   5.5244693e-15   7.0300000e-01   7.0300000e-01
   2.8000000e+01   3.2000000e+01   5.2464096e-15   6.8456250e-01   6.8456250e-01
   2.9000000e+01   3.2000000e+01   5.3022771e-15   6.7118750e-01   6.7118750e-01
   3.0000000e+01   3.2000000e+01   5.0748879e-15   6.7096875e-01   6.7096875e-01
   3.1000000e+01   3.2000000e+01   5.4543317e-15   7.1078125e-01   7.1078125e-01
   3.2000000e+01   3.2000000e+01   5.8483245e-15   7.6568750e-01   7.6568750e-01
   3.3000000e+01   3.2000000e+01   6.3899873e-15   8.2965625e-01   8.2965625e-01
   3.4000000e+01   3.2000000e+01   6.6851183e-15   8.7596875e-01   8.7596875e-01
   3.5000000e+01   3.2000000e+01   6.7475277e-15   8.9996875e-01   8.9996875e-01
   1.0000000e+00   3.3000000e+01   7.0002062e-15   9.0021875e-01   9.0021875e-01
   2.0000000e+00   3.3000000e+01   7.0549828e-15   9.1009375e-01   9.1009375e-01
   3.0000000e+00   3.3000000e+01   7.0431090e-15   9.0109375e-01   9.0109375e-01
   4.0000000e+00   3.3000000e+01   6.7758915e-15   8.7693750e-01   8.7693750e-01
   5.0000000e+00   3.3000000e+01   6.4226684e-15   8.3293750e-01   8.3293750e-01
   6.0000000e+00   3.3000000e+01   6.0689444e-15   7.8871875e-01   7.8871875e-01
   7.0000000e+00   3.3000000e+01   6.0236758e-15   7.6706250e-01   7.6706250e-01
   8.0000000e+00   3.3000000e+01   5.8019995e-15   7.4709375e-01   7.4709375e-01
   9.0000000e+00   3.3000000e+01   5.7494180e-15   7.5259375e-01   7.5259375e-01
   1.0000000e+01   3.3000000e+01   5.5237970e-15   7.3825000e-01   7.3825000e-01
   1.1000000e+01   3.3000000e+01   5.3539768e-15   7.1975000e-01   7.1975000e-01
   1.2000000e+01   3.3000000e+01   5.1635586e-15   6.9996875e-01   6.9996875e-01
   1.3000000e+01   3.3000000e+01   4.9969529e-15   6.7393750e-01   6.7393750e-01
   1.4000000e+01   3.3000000e+01   5.0321493e-15   6.8243750e-01   6.8243750e-01
   1.5000000e+01   3.3000000e+01   5.5661643e-15   7.3471875e-01   7.3471875e-01
   1.6000000e+01   3.3000000e+01   6.0144772e-15   7.9790625e-01   7.9790625e-01
   1.7000000e+01   3.3000000e+01   6.5389780e-15   8.6078125e-01   8.6078125e-01
   1.8000000e+01   3.3000000e+01   6.7985902e-15   9.0159375e-01   9.0159375e-01
   1.9000000e+01   3.3000000e+01   6.9055499e-15   9.1562500e-01   9.1562500e-01
   2.0000000e+01   3.3000000e+01   6.7167326e-15   9.0515625e-01   9.0515625e-01
   2.1000000e+01   3.3000000e+01   6.4623859e-15   8.6812500e-01   8.6812500e-01
   2.2000000e+01   3.3000000e+01   6.0393435e-15   8.2078125e-01   8.2078125e-01
   2.3000000e+01   3.3000000e+01   5.8012532e-15   7.7843750e-01   7.7843750e-01
   2.4000000e+01   3.3000000e+01   5.7814229e-15   7.6834375e-01   7.6834375e-01
   2.5000000e+01   3.3000000e+01   5.8718981e-15   7.5706250e-01   7.5706250e-01
   2.6000000e+01   3.3000000e+01   5.5197087e-15   7.4162500e-01   7.4162500e-01
   2.7000000e+01   3.3000000e+01   5.5093008e-15   7.3587500e-01   7.3587500e-01
   2.8000000e+01   3.3000000e+01   5.3239992e-15   7.0609375e-01   7.0609375e-01
   2.9000000e+01   3.3000000e+01   5.2274955e-15   6.7125000e-01   6.7125000e-01
   3.0000000e+01   3.3000000e+01   4.9523482e-15   6.7662500e-01   6.7662500e-01
   3.1000000e+01   3.3000000e+01   5.2705912e-15   7.0153125e-01   7.0153125e-01
   3.2000000e+01   3.3000000e+01   5.5861127e-15   7.5253125e-01   7.5253125e-01
   3.3000000e+01   3.3000000e+01   6.4535606e-15   8.3206250e-01   8.3206250e-01
   3.4000000e+01   3.3000000e+01   6.7206702e-15   8.7500000e-01   8.7500000e-01
   3.5000000e+01   3.3000000e+01   6.8529529e-15   9.0787500e-01   9.0787500e-01
   1.0000000e+00   3.4000000e+01   6.6712304e-15   9.0203125e-01   9.0203125e-01
   2.0000000e+00   3.4000000e+01   6.8030561e-15   9.2009375e-01   9.2009375e-01
   3.0000000e+00   3.4000000e+01   6.8331489e-15   9.1921875e-01   9.1921875e-01
   4.0000000e+00   3.4000000e+01   6.6226927e-15   8.9453125e-01   8.9453125e-01
   5.0000000e+00   3.4000000e+01   6.3417179e-15   8.4981250e-01   8.4981250e-01
   6.0000000e+00   3.4000000e+01   5.9276812e-15   8.1028125e-01   8.1028125e-01
   7.0000000e+00   3.4000000e+01   5.8023248e-15   7.8053125e-01   7.8053125e-01
   8.0000000e+00   3.4000000e+01   5.6481370e-15   7.7043750e-01   7.7043750e-01
   9.0000000e+00   3.4000000e+01   5.6234927e-15   7.6259375e-01   7.6259375e-01
   1.0000000e+01   3.4000000e+01   5.6305611e-15   7.4884375e-01   7.4884375e-01
   1.1000000e+01   3.4000000e+01   5.4368173e-15   7.2687500e-01   7.2687500e-01
   1.2000000e+01   3.4000000e+01   5.2016984e-15   6.8690625e-01   6.8690625e-01
   1.3000000e+01   3.4000000e+01   5.0917511e-15   6.8318750e-01   6.8318750e-01
   1.4000000e+01   3.4000000e+01   5.2220253e-15   7.0537500e-01   7.0537500e-01
   1.5000000e+01   3.4000000e+01   5.6998270e-15   7.4593750e-01   7.4593750e-01
   1.6000000e+01   3.4000000e+01   6.1746808e-15   7.8978125e-01   7.8978125e-01
   1.7000000e+01   3.4000000e+01   6.5569967e-15   8.5518750e-01   8.5518750e-01
   1.8000000e+01   3.4000000e+01   6.6535968e-15   9.0259375e-01   9.0259375e-01
   1.9000000e+01   3.4000000e+01   6.7838957e-15   9.1803125e-01   9.1803125e-01
   2.0000000e+01   3.4000000e+01   6.7934498e-15   9.1031250e-01   9.1031250e-01
   2.1000000e+01   3.4000000e+01   6.5562702e-15   8.7643750e-01   8.7643750e-01
   2.2000000e+01   3.4000000e+01   6.3899738e-15   8.3921875e-01   8.3921875e-01
   2.3000000e+01   3.4000000e+01   6.0798114e-15   7.8925000e-01   7.8925000e-01
   2.4000000e+01   3.4000000e+01   5.7752869e-15   7.7887500e-01   7.7887500e-01
   2.5000000e+01   3.4000000e+01   5.7608587e-15   7.7056250e-01   7.7056250e-01
   2.6000000e+01   3.4000000e+01   5.6894453e-15   7.6134375e-01   7.6134375e-01
   2.7000000e+01   3.4000000e+01   5.5330138e-15   7.4371875e-01   7.4371875e-01
   2.8000000e+01   3.4000000e+01   5.3765662e-15   7.0981250e-01   7.0981250e-01
   2.9000000e+01   3.4000000e+01   5.1871692e-15   6.8181250e-01   6.8181250e-01
   3.0000000e+01   3.4000000e+01   5.2059186e-15   6.7965625e-01   6.7965625e-01
   3.1000000e+01   3.4000000e+01   5.4728999e-15   7.2775000e-01   7.2775000e-01
   3.2000000e+01   3.4000000e+01   5.8440171e-15   7.7690625e-01   7.7690625e-01
   3.3000000e+01   3.4000000e+01   6.2904760e-15   8.3678125e-01   8.3678125e-01
   3.4000000e+01   3.4000000e+01   6.6994951e-15   8.8771875e-01   8.8771875e-01
   3.5000000e+01   3.4000000e+01   6.9431634e-15   8.9787500e-01   8.9787500e-01
   1.0000000e+00   3.5000000e+01   6.7931556e-15   8.9634375e-01   8.9634375e-01
   2.0000000e+00   3.5000000e+01   6.9659818e-15   9.1350000e-01   9.1350000e-01
   3.0000000e+00   3.5000000e+01   6.9233605e-15   9.1965625e-01   9.1965625e-01
   4.0000000e+00   3.5000000e+01   6.7765222e-15   8.9956250e-01   8.9956250e-01
   5.0000000e+00   3.5000000e+01   6.5540558e-15   8.6078125e-01   8.6078125e-01
   6.0000000e+00   3.5000000e+01   6.1746944e-15   8.2353125e-01   8.2353125e-01
   7.0000000e+00   3.5000000e+01   5.9157130e-15   7.9625000e-01   7.9625000e-01
   8.0000000e+00   3.5000000e+01   5.8638360e-15   7.7856250e-01   7.7856250e-01
   9.0000000e+00   3.5000000e+01   5.8599751e-15   7.5540625e-01   7.5540625e-01
   1.0000000e+01   3.5000000e+01   5.6834980e-15   7.6265625e-01   7.6265625e-01
   1.1000000e+01   3.5000000e+01   5.4593433e-15   7.2978125e-01   7.2978125e-01
   1.2000000e+01   3.5000000e+01   5.4032550e-15   7.0712500e-01   7.0712500e-01
   1.3000000e+01   3.5000000e+01   5.4115474e-15   6.9896875e-01   6.9896875e-01
   1.4000000e+01   3.5000000e+01   5.3727965e-15   7.1240625e-01   7.1240625e-01
   1.5000000e+01   3.5000000e+01   5.4987466e-15   7.5803125e-01   7.5803125e-01
   1.6000000e+01   3.5000000e+01   6.0706601e-15   8.0487500e-01   8.0487500e-01
   1.7000000e+01   3.5000000e+01   6.3527896e-15   8.5640625e-01   8.5640625e-01
   1.8000000e+01   3.5000000e+01   6.7645033e-15   8.9871875e-01   8.9871875e-01
   1.9000000e+01   3.5000000e+01   7.0759224e-15   9.0981250e-01   9.0981250e-01
   2.0000000e+01   3.5000000e+01   6.8405478e-15   9.1928125e-01   9.1928125e-01
   2.1000000e+01   3.5000000e+01   6.6914202e-15   8.8906250e-01   8.8906250e-01
   2.2000000e+01   3.5000000e+01   6.6709377e-15   8.4806250e-01   8.4806250e-01
   2.3000000e+01   3.5000000e+01   6.0604528e-15   8.1731250e-01   8.1731250e-01
   2.4000000e+01   3.5000000e+01   5.9154823e-15   7.9071875e-01   7.9071875e-01
   2.5000000e+01   3.5000000e+01   6.0126276e-15   7.6793750e-01   7.6793750e-01
   2.6000000e+01   3.5000000e+01   5.7707707e-15   7.6496875e-01   7.6496875e-01
   2.7000000e+01   3.5000000e+01   5.5940261e-15   7.4943750e-01   7.4943750e-01
   2.8000000e+01   3.5000000e+01   5.3738776e-15   7.1918750e-01   7.1918750e-01
   2.9000000e+01   3.5000000e+01   5.3489881e-15   6.9950000e-01   6.9950000e-01
   3.0000000e+01   3.5000000e+01   5.2969914e-15   7.0953125e-01   7.0953125e-01
   3.1000000e+01   3.5000000e+01   5.3603031e-15   7.3228125e-01   7.3228125e-01
   3.2000000e+01   3.5000000e+01   5.9100472e-15   7.7762500e-01   7.7762500e-01
   3.3000000e+01   3.5000000e+01   6.4067214e-15   8.2975000e-01   8.2975000e-01
   3.4000000e+01   3.5000000e+01   6.5820666e-15   8.7181250e-01   8.7181250e-01
   3.5000000e+01   3.5000000e+01   6.9008500e-15   9.1778125e-01   9.1778125e-01
