   1.0000000e+00   1.0000000e+00   1.3444007e-15   2.0165625e-01   2.0165625e-01
   2.0000000e+00   1.0000000e+00   1.2931307e-15   1.9343750e-01   1.9343750e-01
   3.0000000e+00   1.0000000e+00   1.2620508e-15   1.8831250e-01   1.8831250e-01
   4.0000000e+00   1.0000000e+00   1.0652893e-15   1.7684375e-01   1.7684375e-01
   5.0000000e+00   1.0000000e+00   1.1300439e-15   1.7631250e-01   1.7631250e-01
   6.0000000e+00   1.0000000e+00   1.1643506e-15   1.7603125e-01   1.7603125e-01
   7.0000000e+00   1.0000000e+00   1.1056408e-15   1.7093750e-01   1.7093750e-01
   8.0000000e+00   1.0000000e+00   1.1430551e-15   1.7021875e-01   1.7021875e-01
   9.0000000e+00   1.0000000e+00   1.1309838e-15   1.7790625e-01   1.7790625e-01
   1.0000000e+01   1.0000000e+00   1.2246213e-15   1.8700000e-01   1.8700000e-01
   1.1000000e+01   1.0000000e+00   1.2771469e-15   1.9684375e-01   1.9684375e-01
   1.2000000e+01   1.0000000e+00   1.3571353e-15   2.0371875e-01   2.0371875e-01
   1.3000000e+01   1.0000000e+00   1.5258409e-15   2.1137500e-01   2.1137500e-01
   1.4000000e+01   1.0000000e+00   1.5266272e-15   2.0746875e-01   2.0746875e-01
   1.5000000e+01   1.0000000e+00   1.5769166e-15   2.0275000e-01   2.0275000e-01
   1.6000000e+01   1.0000000e+00   1.4975400e-15   1.9859375e-01   1.9859375e-01
   1.7000000e+01   1.0000000e+00   1.3276460e-15   1.9346875e-01   1.9346875e-01
   1.8000000e+01   1.0000000e+00   1.4293053e-15   1.9443750e-01   1.9443750e-01
   1.9000000e+01   1.0000000e+00   1.2214414e-15   1.8193750e-01   1.8193750e-01
   2.0000000e+01   1.0000000e+00   1.2381666e-15   1.7675000e-01   1.7675000e-01
   2.1000000e+01   1.0000000e+00   1.2693019e-15   1.7912500e-01   1.7912500e-01
   2.2000000e+01   1.0000000e+00   1.2049891e-15   1.8021875e-01   1.8021875e-01
   2.3000000e+01   1.0000000e+00   1.2255368e-15   1.7759375e-01   1.7759375e-01
   2.4000000e+01   1.0000000e+00   1.1960856e-15   1.7062500e-01   1.7062500e-01
   2.5000000e+01   1.0000000e+00   1.3222522e-15   1.7537500e-01   1.7537500e-01
   2.6000000e+01   1.0000000e+00   1.3405582e-15   1.8362500e-01   1.8362500e-01
   2.7000000e+01   1.0000000e+00   1.3671676e-15   1.9350000e-01   1.9350000e-01
   2.8000000e+01   1.0000000e+00   1.5044240e-15   2.0284375e-01   2.0284375e-01
   2.9000000e+01   1.0000000e+00   1.4874333e-15   2.0921875e-01   2.0921875e-01
   3.0000000e+01   1.0000000e+00   1.4303329e-15   2.1128125e-01   2.1128125e-01
   3.1000000e+01   1.0000000e+00   1.4618831e-15   2.0959375e-01   2.0959375e-01
   3.2000000e+01   1.0000000e+00   1.3529259e-15   1.9962500e-01   1.9962500e-01
   3.3000000e+01   1.0000000e+00   1.3486463e-15   1.9312500e-01   1.9312500e-01
   3.4000000e+01   1.0000000e+00   1.3302502e-15   1.8946875e-01   1.8946875e-01
   3.5000000e+01   1.0000000e+00   1.2866330e-15   1.8262500e-01   1.8262500e-01
   1.0000000e+00   2.0000000e+00   1.4331521e-15   1.8609375e-01   1.8609375e-01
   2.0000000e+00   2.0000000e+00   1.3173825e-15   1.8059375e-01   1.8059375e-01
   3.0000000e+00   2.0000000e+00   1.2754801e-15   1.7237500e-01   1.7237500e-01
   4.0000000e+00   2.0000000e+00   1.1721921e-15   1.7121875e-01   1.7121875e-01
   5.0000000e+00   2.0000000e+00   1.2103628e-15   1.7459375e-01   1.7459375e-01
   6.0000000e+00   2.0000000e+00   1.1750269e-15   1.7421875e-01   1.7421875e-01
   7.0000000e+00   2.0000000e+00   1.1714190e-15   1.7390625e-01   1.7390625e-01
   8.0000000e+00   2.0000000e+00   1.0516167e-15   1.7196875e-01   1.7196875e-01
   9.0000000e+00   2.0000000e+00   1.1686107e-15   1.7984375e-01   1.7984375e-01
   1.0000000e+01   2.0000000e+00   1.3618494e-15   1.8553125e-01   1.8553125e-01
   1.1000000e+01   2.0000000e+00   1.3963961e-15   1.9768750e-01   1.9768750e-01
   1.2000000e+01   2.0000000e+00   1.4047957e-15   2.0837500e-01   2.0837500e-01
   1.3000000e+01   2.0000000e+00   1.4139718e-15   2.1106250e-01   2.1106250e-01
   1.4000000e+01   2.0000000e+00   1.4085081e-15   2.0846875e-01   2.0846875e-01
   1.5000000e+01   2.0000000e+00   1.3381568e-15   2.0034375e-01   2.0034375e-01
   1.6000000e+01   2.0000000e+00   1.2742959e-15   1.9365625e-01   1.9365625e-01
   1.7000000e+01   2.0000000e+00   1.2818221e-15   1.8678125e-01   1.8678125e-01
   1.8000000e+01   2.0000000e+00   1.2952386e-15   1.8068750e-01   1.8068750e-01
   1.9000000e+01   2.0000000e+00   1.3265262e-15   1.7925000e-01   1.7925000e-01
   2.0000000e+01   2.0000000e+00   1.2699423e-15   1.7146875e-01   1.7146875e-01
   2.1000000e+01   2.0000000e+00   1.2382073e-15   1.7668750e-01   1.7668750e-01
   2.2000000e+01   2.0000000e+00   1.2550431e-15   1.8350000e-01   1.8350000e-01
   2.3000000e+01   2.0000000e+00   1.1703765e-15   1.8118750e-01   1.8118750e-01
   2.4000000e+01   2.0000000e+00   1.1386762e-15   1.7812500e-01   1.7812500e-01
   2.5000000e+01   2.0000000e+00   1.1819978e-15   1.8081250e-01   1.8081250e-01
   2.6000000e+01   2.0000000e+00   1.2674697e-15   1.8509375e-01   1.8509375e-01
   2.7000000e+01   2.0000000e+00   1.5012365e-15   1.9781250e-01   1.9781250e-01
   2.8000000e+01   2.0000000e+00   1.3592440e-15   2.0712500e-01   2.0712500e-01
   2.9000000e+01   2.0000000e+00   1.4003210e-15   2.1387500e-01   2.1387500e-01
   3.0000000e+01   2.0000000e+00   1.4528308e-15   2.1225000e-01   2.1225000e-01
   3.1000000e+01   2.0000000e+00   1.4243021e-15   2.0256250e-01   2.0256250e-01
   3.2000000e+01   2.0000000e+00   1.3980409e-15   1.9671875e-01   1.9671875e-01
   3.3000000e+01   2.0000000e+00   1.2707470e-15   1.8578125e-01   1.8578125e-01
   3.4000000e+01   2.0000000e+00   1.2008534e-15   1.7946875e-01   1.7946875e-01
   3.5000000e+01   2.0000000e+00   1.1780038e-15   1.7990625e-01   1.7990625e-01
   1.0000000e+00   3.0000000e+00   1.1914825e-15   1.7875000e-01   1.7875000e-01
   2.0000000e+00   3.0000000e+00   1.1996604e-15   1.7912500e-01   1.7912500e-01
   3.0000000e+00   3.0000000e+00   1.1032782e-15   1.7809375e-01   1.7809375e-01
   4.0000000e+00   3.0000000e+00   1.1053593e-15   1.7606250e-01   1.7606250e-01
   5.0000000e+00   3.0000000e+00   1.1932421e-15   1.8046875e-01   1.8046875e-01
   6.0000000e+00   3.0000000e+00   1.2250708e-15   1.8121875e-01   1.8121875e-01
   7.0000000e+00   3.0000000e+00   1.1937105e-15   1.7675000e-01   1.7675000e-01
   8.0000000e+00   3.0000000e+00   1.2546056e-15   1.7578125e-01   1.7578125e-01
   9.0000000e+00   3.0000000e+00   1.3423660e-15   1.7825000e-01   1.7825000e-01
   1.0000000e+01   3.0000000e+00   1.3170566e-15   1.9000000e-01   1.9000000e-01
   1.1000000e+01   3.0000000e+00   1.3727163e-15   2.0921875e-01   2.0921875e-01
   1.2000000e+01   3.0000000e+00   1.4500924e-15   2.1462500e-01   2.1462500e-01
   1.3000000e+01   3.0000000e+00   1.4721909e-15   2.1396875e-01   2.1396875e-01
   1.4000000e+01   3.0000000e+00   1.4219499e-15   2.0825000e-01   2.0825000e-01
   1.5000000e+01   3.0000000e+00   1.3498075e-15   1.9865625e-01   1.9865625e-01
   1.6000000e+01   3.0000000e+00   1.2147238e-15   1.8862500e-01   1.8862500e-01
   1.7000000e+01   3.0000000e+00   1.2432471e-15   1.7978125e-01   1.7978125e-01
   1.8000000e+01   3.0000000e+00   1.2143936e-15   1.7653125e-01   1.7653125e-01
   1.9000000e+01   3.0000000e+00   1.2282919e-15   1.8334375e-01   1.8334375e-01
   2.0000000e+01   3.0000000e+00   1.2820053e-15   1.8587500e-01   1.8587500e-01
   2.1000000e+01   3.0000000e+00   1.2410518e-15   1.8812500e-01   1.8812500e-01
   2.2000000e+01   3.0000000e+00   1.2815903e-15   1.8828125e-01   1.8828125e-01
   2.3000000e+01   3.0000000e+00   1.1852913e-15   1.8356250e-01   1.8356250e-01
   2.4000000e+01   3.0000000e+00   1.1499944e-15   1.8068750e-01   1.8068750e-01
   2.5000000e+01   3.0000000e+00   1.1672585e-15   1.8056250e-01   1.8056250e-01
   2.6000000e+01   3.0000000e+00   1.2351073e-15   1.8890625e-01   1.8890625e-01
   2.7000000e+01   3.0000000e+00   1.3810128e-15   2.0640625e-01   2.0640625e-01
   2.8000000e+01   3.0000000e+00   1.4843760e-15   2.1846875e-01   2.1846875e-01
   2.9000000e+01   3.0000000e+00   1.4984499e-15   2.2065625e-01   2.2065625e-01
   3.0000000e+01   3.0000000e+00   1.5022214e-15   2.1646875e-01   2.1646875e-01
   3.1000000e+01   3.0000000e+00   1.4679215e-15   2.0493750e-01   2.0493750e-01
   3.2000000e+01   3.0000000e+00   1.3745839e-15   1.9715625e-01   1.9715625e-01
   3.3000000e+01   3.0000000e+00   1.3348138e-15   1.8184375e-01   1.8184375e-01
   3.4000000e+01   3.0000000e+00   1.2927759e-15   1.7409375e-01   1.7409375e-01
   3.5000000e+01   3.0000000e+00   1.1921500e-15   1.8228125e-01   1.8228125e-01
   1.0000000e+00   4.0000000e+00   1.1259307e-15   1.7478125e-01   1.7478125e-01
   2.0000000e+00   4.0000000e+00   1.1715965e-15   1.7631250e-01   1.7631250e-01
   3.0000000e+00   4.0000000e+00   1.2446042e-15   1.8212500e-01   1.8212500e-01
   4.0000000e+00   4.0000000e+00   1.2595730e-15   1.8459375e-01   1.8459375e-01
   5.0000000e+00   4.0000000e+00   1.2257812e-15   1.8528125e-01   1.8528125e-01
   6.0000000e+00   4.0000000e+00   1.2624779e-15   1.8531250e-01   1.8531250e-01
   7.0000000e+00   4.0000000e+00   1.1825049e-15   1.7603125e-01   1.7603125e-01
   8.0000000e+00   4.0000000e+00   1.1914709e-15   1.7675000e-01   1.7675000e-01
   9.0000000e+00   4.0000000e+00   1.3633243e-15   1.8568750e-01   1.8568750e-01
   1.0000000e+01   4.0000000e+00   1.5348862e-15   2.0168750e-01   2.0168750e-01
   1.1000000e+01   4.0000000e+00   1.5681703e-15   2.1946875e-01   2.1946875e-01
   1.2000000e+01   4.0000000e+00   1.6017083e-15   2.2300000e-01   2.2300000e-01
   1.3000000e+01   4.0000000e+00   1.5398270e-15   2.2228125e-01   2.2228125e-01
   1.4000000e+01   4.0000000e+00   1.4589895e-15   2.1475000e-01   2.1475000e-01
   1.5000000e+01   4.0000000e+00   1.3145208e-15   2.0256250e-01   2.0256250e-01
   1.6000000e+01   4.0000000e+00   1.3072022e-15   1.9293750e-01   1.9293750e-01
   1.7000000e+01   4.0000000e+00   1.2256562e-15   1.7953125e-01   1.7953125e-01
   1.8000000e+01   4.0000000e+00   1.2081907e-15   1.7593750e-01   1.7593750e-01
   1.9000000e+01   4.0000000e+00   1.2807874e-15   1.8515625e-01   1.8515625e-01
   2.0000000e+01   4.0000000e+00   1.2479189e-15   1.8800000e-01   1.8800000e-01
   2.1000000e+01   4.0000000e+00   1.2490844e-15   1.8850000e-01   1.8850000e-01
   2.2000000e+01   4.0000000e+00   1.2348804e-15   1.8640625e-01   1.8640625e-01
   2.3000000e+01   4.0000000e+00   1.2306534e-15   1.7778125e-01   1.7778125e-01
   2.4000000e+01   4.0000000e+00   1.3185406e-15   1.8093750e-01   1.8093750e-01
   2.5000000e+01   4.0000000e+00   1.3011734e-15   1.8659375e-01   1.8659375e-01
   2.6000000e+01   4.0000000e+00   1.4111143e-15   2.0078125e-01   2.0078125e-01
   2.7000000e+01   4.0000000e+00   1.4525996e-15   2.1687500e-01   2.1687500e-01
   2.8000000e+01   4.0000000e+00   1.5018773e-15   2.2921875e-01   2.2921875e-01
   2.9000000e+01   4.0000000e+00   1.6033772e-15   2.2725000e-01   2.2725000e-01
   3.0000000e+01   4.0000000e+00   1.6689277e-15   2.2181250e-01   2.2181250e-01
   3.1000000e+01   4.0000000e+00   1.5342793e-15   2.1284375e-01   2.1284375e-01
   3.2000000e+01   4.0000000e+00   1.3654632e-15   1.9984375e-01   1.9984375e-01
   3.3000000e+01   4.0000000e+00   1.2702329e-15   1.8781250e-01   1.8781250e-01
   3.4000000e+01   4.0000000e+00   1.2166379e-15   1.8543750e-01   1.8543750e-01
   3.5000000e+01   4.0000000e+00   1.2161282e-15   1.8375000e-01   1.8375000e-01
   1.0000000e+00   5.0000000e+00   1.2313025e-15   1.7203125e-01   1.7203125e-01
   2.0000000e+00   5.0000000e+00   1.3122344e-15   1.7756250e-01   1.7756250e-01
   3.0000000e+00   5.0000000e+00   1.3357216e-15   1.8221875e-01   1.8221875e-01
   4.0000000e+00   5.0000000e+00   1.2953172e-15   1.8631250e-01   1.8631250e-01
   5.0000000e+00   5.0000000e+00   1.2569566e-15   1.8293750e-01   1.8293750e-01
   6.0000000e+00   5.0000000e+00   1.1578543e-15   1.7806250e-01   1.7806250e-01
   7.0000000e+00   5.0000000e+00   1.1203567e-15   1.7753125e-01   1.7753125e-01
   8.0000000e+00   5.0000000e+00   1.1894897e-15   1.8375000e-01   1.8375000e-01
   9.0000000e+00   5.0000000e+00   1.3275557e-15   2.0021875e-01   2.0021875e-01
   1.0000000e+01   5.0000000e+00   1.4102542e-15   2.1512500e-01   2.1512500e-01
   1.1000000e+01   5.0000000e+00   1.5177402e-15   2.2756250e-01   2.2756250e-01
   1.2000000e+01   5.0000000e+00   1.5668125e-15   2.3371875e-01   2.3371875e-01
   1.3000000e+01   5.0000000e+00   1.5189465e-15   2.2906250e-01   2.2906250e-01
   1.4000000e+01   5.0000000e+00   1.5292280e-15   2.2903125e-01   2.2903125e-01
   1.5000000e+01   5.0000000e+00   1.4756972e-15   2.1237500e-01   2.1237500e-01
   1.6000000e+01   5.0000000e+00   1.4953996e-15   1.9968750e-01   1.9968750e-01
   1.7000000e+01   5.0000000e+00   1.3925214e-15   1.9153125e-01   1.9153125e-01
   1.8000000e+01   5.0000000e+00   1.2490629e-15   1.8671875e-01   1.8671875e-01
   1.9000000e+01   5.0000000e+00   1.2485075e-15   1.8709375e-01   1.8709375e-01
   2.0000000e+01   5.0000000e+00   1.2195746e-15   1.8721875e-01   1.8721875e-01
   2.1000000e+01   5.0000000e+00   1.3276830e-15   1.8068750e-01   1.8068750e-01
   2.2000000e+01   5.0000000e+00   1.3289308e-15   1.7862500e-01   1.7862500e-01
   2.3000000e+01   5.0000000e+00   1.2750344e-15   1.7809375e-01   1.7809375e-01
   2.4000000e+01   5.0000000e+00   1.2755575e-15   1.8312500e-01   1.8312500e-01
   2.5000000e+01   5.0000000e+00   1.3613637e-15   1.9531250e-01   1.9531250e-01
   2.6000000e+01   5.0000000e+00   1.3957080e-15   2.0859375e-01   2.0859375e-01
   2.7000000e+01   5.0000000e+00   1.5373180e-15   2.2559375e-01   2.2559375e-01
   2.8000000e+01   5.0000000e+00   1.6254691e-15   2.3700000e-01   2.3700000e-01
   2.9000000e+01   5.0000000e+00   1.7703020e-15   2.3006250e-01   2.3006250e-01
   3.0000000e+01   5.0000000e+00   1.6789081e-15   2.3378125e-01   2.3378125e-01
   3.1000000e+01   5.0000000e+00   1.6336256e-15   2.2506250e-01   2.2506250e-01
   3.2000000e+01   5.0000000e+00   1.5426150e-15   2.1546875e-01   2.1546875e-01
   3.3000000e+01   5.0000000e+00   1.3982489e-15   1.9765625e-01   1.9765625e-01
   3.4000000e+01   5.0000000e+00   1.3248975e-15   1.9334375e-01   1.9334375e-01
   3.5000000e+01   5.0000000e+00   1.2624677e-15   1.8812500e-01   1.8812500e-01
   1.0000000e+00   6.0000000e+00   1.3354267e-15   1.9034375e-01   1.9034375e-01
   2.0000000e+00   6.0000000e+00   1.2873152e-15   1.8606250e-01   1.8606250e-01
   3.0000000e+00   6.0000000e+00   1.1780705e-15   1.8568750e-01   1.8568750e-01
   4.0000000e+00   6.0000000e+00   1.1540203e-15   1.8396875e-01   1.8396875e-01
   5.0000000e+00   6.0000000e+00   1.1649656e-15   1.7809375e-01   1.7809375e-01
   6.0000000e+00   6.0000000e+00   1.1465403e-15   1.7490625e-01   1.7490625e-01
   7.0000000e+00   6.0000000e+00   1.1527406e-15   1.7981250e-01   1.7981250e-01
   8.0000000e+00   6.0000000e+00   1.1973343e-15   1.8990625e-01   1.8990625e-01
   9.0000000e+00   6.0000000e+00   1.3228943e-15   2.0362500e-01   2.0362500e-01
   1.0000000e+01   6.0000000e+00   1.5152466e-15   2.1850000e-01   2.1850000e-01
   1.1000000e+01   6.0000000e+00   1.5853895e-15   2.3140625e-01   2.3140625e-01
   1.2000000e+01   6.0000000e+00   1.6312136e-15   2.4175000e-01   2.4175000e-01
   1.3000000e+01   6.0000000e+00   1.7153390e-15   2.4618750e-01   2.4618750e-01
   1.4000000e+01   6.0000000e+00   1.6208780e-15   2.3665625e-01   2.3665625e-01
   1.5000000e+01   6.0000000e+00   1.6062008e-15   2.2696875e-01   2.2696875e-01
   1.6000000e+01   6.0000000e+00   1.6425128e-15   2.1165625e-01   2.1165625e-01
   1.7000000e+01   6.0000000e+00   1.5268842e-15   2.0453125e-01   2.0453125e-01
   1.8000000e+01   6.0000000e+00   1.5206140e-15   1.9553125e-01   1.9553125e-01
   1.9000000e+01   6.0000000e+00   1.4007385e-15   1.8403125e-01   1.8403125e-01
   2.0000000e+01   6.0000000e+00   1.2383420e-15   1.8212500e-01   1.8212500e-01
   2.1000000e+01   6.0000000e+00   1.2429414e-15   1.7631250e-01   1.7631250e-01
   2.2000000e+01   6.0000000e+00   1.2994461e-15   1.7043750e-01   1.7043750e-01
   2.3000000e+01   6.0000000e+00   1.3894395e-15   1.7803125e-01   1.7803125e-01
   2.4000000e+01   6.0000000e+00   1.3160853e-15   1.8737500e-01   1.8737500e-01
   2.5000000e+01   6.0000000e+00   1.4139649e-15   2.0068750e-01   2.0068750e-01
   2.6000000e+01   6.0000000e+00   1.4703070e-15   2.1381250e-01   2.1381250e-01
   2.7000000e+01   6.0000000e+00   1.5173290e-15   2.2978125e-01   2.2978125e-01
   2.8000000e+01   6.0000000e+00   1.6922777e-15   2.4628125e-01   2.4628125e-01
   2.9000000e+01   6.0000000e+00   1.7539712e-15   2.4709375e-01   2.4709375e-01
   3.0000000e+01   6.0000000e+00   1.7070393e-15   2.4534375e-01   2.4534375e-01
   3.1000000e+01   6.0000000e+00   1.6593763e-15   2.3565625e-01   2.3565625e-01
   3.2000000e+01   6.0000000e+00   1.6112086e-15   2.2850000e-01   2.2850000e-01
   3.3000000e+01   6.0000000e+00   1.4693963e-15   2.1818750e-01   2.1818750e-01
   3.4000000e+01   6.0000000e+00   1.3265587e-15   2.0493750e-01   2.0493750e-01
   3.5000000e+01   6.0000000e+00   1.3565255e-15   1.9759375e-01   1.9759375e-01
   1.0000000e+00   7.0000000e+00   1.4453660e-15   2.0171875e-01   2.0171875e-01
   2.0000000e+00   7.0000000e+00   1.3984465e-15   1.8696875e-01   1.8696875e-01
   3.0000000e+00   7.0000000e+00   1.3529458e-15   1.8540625e-01   1.8540625e-01
   4.0000000e+00   7.0000000e+00   1.2364416e-15   1.8190625e-01   1.8190625e-01
   5.0000000e+00   7.0000000e+00   1.1394066e-15   1.7687500e-01   1.7687500e-01
   6.0000000e+00   7.0000000e+00   1.2225763e-15   1.7756250e-01   1.7756250e-01
   7.0000000e+00   7.0000000e+00   1.2925213e-15   1.8359375e-01   1.8359375e-01
   8.0000000e+00   7.0000000e+00   1.4453477e-15   1.9006250e-01   1.9006250e-01
   9.0000000e+00   7.0000000e+00   1.4778480e-15   1.9725000e-01   1.9725000e-01
   1.0000000e+01   7.0000000e+00   1.5605917e-15   2.2290625e-01   2.2290625e-01
   1.1000000e+01   7.0000000e+00   1.6636699e-15   2.4459375e-01   2.4459375e-01
   1.2000000e+01   7.0000000e+00   1.7641088e-15   2.5206250e-01   2.5206250e-01
   1.3000000e+01   7.0000000e+00   1.9149671e-15   2.5618750e-01   2.5618750e-01
   1.4000000e+01   7.0000000e+00   1.9327075e-15   2.4621875e-01   2.4621875e-01
   1.5000000e+01   7.0000000e+00   1.7151389e-15   2.4403125e-01   2.4403125e-01
   1.6000000e+01   7.0000000e+00   1.6504960e-15   2.3306250e-01   2.3306250e-01
   1.7000000e+01   7.0000000e+00   1.5490965e-15   2.1615625e-01   2.1615625e-01
   1.8000000e+01   7.0000000e+00   1.4506357e-15   2.0675000e-01   2.0675000e-01
   1.9000000e+01   7.0000000e+00   1.4636611e-15   1.9653125e-01   1.9653125e-01
   2.0000000e+01   7.0000000e+00   1.4695091e-15   1.9053125e-01   1.9053125e-01
   2.1000000e+01   7.0000000e+00   1.2696907e-15   1.8190625e-01   1.8190625e-01
   2.2000000e+01   7.0000000e+00   1.1290209e-15   1.7906250e-01   1.7906250e-01
   2.3000000e+01   7.0000000e+00   1.2974914e-15   1.8818750e-01   1.8818750e-01
   2.4000000e+01   7.0000000e+00   1.3680819e-15   1.9118750e-01   1.9118750e-01
   2.5000000e+01   7.0000000e+00   1.5183776e-15   1.9640625e-01   1.9640625e-01
   2.6000000e+01   7.0000000e+00   1.4944239e-15   2.1906250e-01   2.1906250e-01
   2.7000000e+01   7.0000000e+00   1.6845734e-15   2.3937500e-01   2.3937500e-01
   2.8000000e+01   7.0000000e+00   1.8492070e-15   2.5500000e-01   2.5500000e-01
   2.9000000e+01   7.0000000e+00   1.8194237e-15   2.6071875e-01   2.6071875e-01
   3.0000000e+01   7.0000000e+00   1.9042193e-15   2.5793750e-01   2.5793750e-01
   3.1000000e+01   7.0000000e+00   1.9109513e-15   2.4784375e-01   2.4784375e-01
   3.2000000e+01   7.0000000e+00   1.9458565e-15   2.3793750e-01   2.3793750e-01
   3.3000000e+01   7.0000000e+00   1.8100350e-15   2.2640625e-01   2.2640625e-01
   3.4000000e+01   7.0000000e+00   1.6189354e-15   2.1471875e-01   2.1471875e-01
   3.5000000e+01   7.0000000e+00   1.4121598e-15   2.0128125e-01   2.0128125e-01
   1.0000000e+00   8.0000000e+00   1.5253127e-15   2.1268750e-01   2.1268750e-01
   2.0000000e+00   8.0000000e+00   1.5879680e-15   1.9956250e-01   1.9956250e-01
   3.0000000e+00   8.0000000e+00   1.4392424e-15   1.8962500e-01   1.8962500e-01
   4.0000000e+00   8.0000000e+00   1.3299264e-15   1.8593750e-01   1.8593750e-01
   5.0000000e+00   8.0000000e+00   1.2828767e-15   1.8503125e-01   1.8503125e-01
   6.0000000e+00   8.0000000e+00   1.2033419e-15   1.8618750e-01   1.8618750e-01
   7.0000000e+00   8.0000000e+00   1.2785162e-15   1.9246875e-01   1.9246875e-01
   8.0000000e+00   8.0000000e+00   1.2997628e-15   1.9828125e-01   1.9828125e-01
   9.0000000e+00   8.0000000e+00   1.4678186e-15   2.1281250e-01   2.1281250e-01
   1.0000000e+01   8.0000000e+00   1.6496591e-15   2.3459375e-01   2.3459375e-01
   1.1000000e+01   8.0000000e+00   1.8633857e-15   2.5700000e-01   2.5700000e-01
   1.2000000e+01   8.0000000e+00   1.9070984e-15   2.6775000e-01   2.6775000e-01
   1.3000000e+01   8.0000000e+00   2.0780075e-15   2.6278125e-01   2.6278125e-01
   1.4000000e+01   8.0000000e+00   1.8913818e-15   2.6562500e-01   2.6562500e-01
   1.5000000e+01   8.0000000e+00   1.7716981e-15   2.5246875e-01   2.5246875e-01
   1.6000000e+01   8.0000000e+00   1.7649813e-15   2.4412500e-01   2.4412500e-01
   1.7000000e+01   8.0000000e+00   1.6321696e-15   2.2990625e-01   2.2990625e-01
   1.8000000e+01   8.0000000e+00   1.5153598e-15   2.0543750e-01   2.0543750e-01
   1.9000000e+01   8.0000000e+00   1.4128338e-15   2.0012500e-01   2.0012500e-01
   2.0000000e+01   8.0000000e+00   1.3376411e-15   1.9884375e-01   1.9884375e-01
   2.1000000e+01   8.0000000e+00   1.2714593e-15   1.9184375e-01   1.9184375e-01
   2.2000000e+01   8.0000000e+00   1.3165714e-15   1.9028125e-01   1.9028125e-01
   2.3000000e+01   8.0000000e+00   1.2986355e-15   1.9400000e-01   1.9400000e-01
   2.4000000e+01   8.0000000e+00   1.3391097e-15   1.9931250e-01   1.9931250e-01
   2.5000000e+01   8.0000000e+00   1.4914018e-15   2.1359375e-01   2.1359375e-01
   2.6000000e+01   8.0000000e+00   1.5254036e-15   2.3125000e-01   2.3125000e-01
   2.7000000e+01   8.0000000e+00   1.8367495e-15   2.5712500e-01   2.5712500e-01
   2.8000000e+01   8.0000000e+00   1.8970130e-15   2.7096875e-01   2.7096875e-01
   2.9000000e+01   8.0000000e+00   1.9696583e-15   2.7731250e-01   2.7731250e-01
   3.0000000e+01   8.0000000e+00   1.8925415e-15   2.7403125e-01   2.7403125e-01
   3.1000000e+01   8.0000000e+00   1.8542947e-15   2.5556250e-01   2.5556250e-01
   3.2000000e+01   8.0000000e+00   1.9274029e-15   2.5175000e-01   2.5175000e-01
   3.3000000e+01   8.0000000e+00   1.6800831e-15   2.4037500e-01   2.4037500e-01
   3.4000000e+01   8.0000000e+00   1.5896201e-15   2.2481250e-01   2.2481250e-01
   3.5000000e+01   8.0000000e+00   1.4312312e-15   2.0943750e-01   2.0943750e-01
   1.0000000e+00   9.0000000e+00   1.5155481e-15   2.2446875e-01   2.2446875e-01
   2.0000000e+00   9.0000000e+00   1.4473707e-15   2.1065625e-01   2.1065625e-01
   3.0000000e+00   9.0000000e+00   1.5416387e-15   2.0134375e-01   2.0134375e-01
   4.0000000e+00   9.0000000e+00   1.3885748e-15   1.9706250e-01   1.9706250e-01
   5.0000000e+00   9.0000000e+00   1.2694573e-15   1.9206250e-01   1.9206250e-01
   6.0000000e+00   9.0000000e+00   1.2551075e-15   1.9234375e-01   1.9234375e-01
   7.0000000e+00   9.0000000e+00   1.3881212e-15   1.9025000e-01   1.9025000e-01
   8.0000000e+00   9.0000000e+00   1.5446757e-15   2.0518750e-01   2.0518750e-01
   9.0000000e+00   9.0000000e+00   1.5863740e-15   2.2790625e-01   2.2790625e-01
   1.0000000e+01   9.0000000e+00   1.7421477e-15   2.5128125e-01   2.5128125e-01
   1.1000000e+01   9.0000000e+00   1.9457535e-15   2.7187500e-01   2.7187500e-01
   1.2000000e+01   9.0000000e+00   1.9861362e-15   2.8659375e-01   2.8659375e-01
   1.3000000e+01   9.0000000e+00   1.9563385e-15   2.8209375e-01   2.8209375e-01
   1.4000000e+01   9.0000000e+00   1.9501428e-15   2.7053125e-01   2.7053125e-01
   1.5000000e+01   9.0000000e+00   1.9871825e-15   2.5865625e-01   2.5865625e-01
   1.6000000e+01   9.0000000e+00   1.8105117e-15   2.5306250e-01   2.5306250e-01
   1.7000000e+01   9.0000000e+00   1.6758500e-15   2.3865625e-01   2.3865625e-01
   1.8000000e+01   9.0000000e+00   1.5094093e-15   2.2237500e-01   2.2237500e-01
   1.9000000e+01   9.0000000e+00   1.4329823e-15   2.1259375e-01   2.1259375e-01
   2.0000000e+01   9.0000000e+00   1.3851374e-15   2.0512500e-01   2.0512500e-01
   2.1000000e+01   9.0000000e+00   1.3817157e-15   2.0075000e-01   2.0075000e-01
   2.2000000e+01   9.0000000e+00   1.3027947e-15   1.9371875e-01   1.9371875e-01
   2.3000000e+01   9.0000000e+00   1.2869717e-15   1.9753125e-01   1.9753125e-01
   2.4000000e+01   9.0000000e+00   1.4458408e-15   2.0600000e-01   2.0600000e-01
   2.5000000e+01   9.0000000e+00   1.6884684e-15   2.2143750e-01   2.2143750e-01
   2.6000000e+01   9.0000000e+00   1.8396440e-15   2.4006250e-01   2.4006250e-01
   2.7000000e+01   9.0000000e+00   1.8766212e-15   2.6825000e-01   2.6825000e-01
   2.8000000e+01   9.0000000e+00   2.0000252e-15   2.8853125e-01   2.8853125e-01
   2.9000000e+01   9.0000000e+00   2.0125487e-15   2.8934375e-01   2.8934375e-01
   3.0000000e+01   9.0000000e+00   1.9933670e-15   2.8425000e-01   2.8425000e-01
   3.1000000e+01   9.0000000e+00   1.9308925e-15   2.6687500e-01   2.6687500e-01
   3.2000000e+01   9.0000000e+00   1.8863746e-15   2.5237500e-01   2.5237500e-01
   3.3000000e+01   9.0000000e+00   1.8532913e-15   2.4050000e-01   2.4050000e-01
   3.4000000e+01   9.0000000e+00   1.7207172e-15   2.3421875e-01   2.3421875e-01
   3.5000000e+01   9.0000000e+00   1.5175104e-15   2.2175000e-01   2.2175000e-01
   1.0000000e+00   1.0000000e+01   1.6966018e-15   2.3565625e-01   2.3565625e-01
   2.0000000e+00   1.0000000e+01   1.4917257e-15   2.2190625e-01   2.2190625e-01
   3.0000000e+00   1.0000000e+01   1.5052071e-15   2.1015625e-01   2.1015625e-01
   4.0000000e+00   1.0000000e+01   1.4658425e-15   2.0296875e-01   2.0296875e-01
   5.0000000e+00   1.0000000e+01   1.4195567e-15   1.9812500e-01   1.9812500e-01
   6.0000000e+00   1.0000000e+01   1.3091152e-15   1.9656250e-01   1.9656250e-01
   7.0000000e+00   1.0000000e+01   1.3539838e-15   2.0275000e-01   2.0275000e-01
   8.0000000e+00   1.0000000e+01   1.5367541e-15   2.1593750e-01   2.1593750e-01
   9.0000000e+00   1.0000000e+01   1.7409900e-15   2.3978125e-01   2.3978125e-01
   1.0000000e+01   1.0000000e+01   1.9839790e-15   2.6381250e-01   2.6381250e-01
   1.1000000e+01   1.0000000e+01   2.0827824e-15   2.8125000e-01   2.8125000e-01
   1.2000000e+01   1.0000000e+01   2.1821752e-15   2.8981250e-01   2.8981250e-01
   1.3000000e+01   1.0000000e+01   2.1037473e-15   2.9037500e-01   2.9037500e-01
   1.4000000e+01   1.0000000e+01   2.0015855e-15   2.7950000e-01   2.7950000e-01
   1.5000000e+01   1.0000000e+01   1.8734978e-15   2.7181250e-01   2.7181250e-01
   1.6000000e+01   1.0000000e+01   1.8781215e-15   2.6100000e-01   2.6100000e-01
   1.7000000e+01   1.0000000e+01   1.8572328e-15   2.4759375e-01   2.4759375e-01
   1.8000000e+01   1.0000000e+01   1.6737234e-15   2.3565625e-01   2.3565625e-01
   1.9000000e+01   1.0000000e+01   1.5427192e-15   2.1968750e-01   2.1968750e-01
   2.0000000e+01   1.0000000e+01   1.5028425e-15   2.1381250e-01   2.1381250e-01
   2.1000000e+01   1.0000000e+01   1.2946104e-15   2.0387500e-01   2.0387500e-01
   2.2000000e+01   1.0000000e+01   1.4082298e-15   1.9859375e-01   1.9859375e-01
   2.3000000e+01   1.0000000e+01   1.4702822e-15   2.0143750e-01   2.0143750e-01
   2.4000000e+01   1.0000000e+01   1.4911411e-15   2.1500000e-01   2.1500000e-01
   2.5000000e+01   1.0000000e+01   1.6482302e-15   2.3996875e-01   2.3996875e-01
   2.6000000e+01   1.0000000e+01   1.9117729e-15   2.5615625e-01   2.5615625e-01
   2.7000000e+01   1.0000000e+01   1.9832023e-15   2.7750000e-01   2.7750000e-01
   2.8000000e+01   1.0000000e+01   2.0174570e-15   2.9003125e-01   2.9003125e-01
   2.9000000e+01   1.0000000e+01   2.0442028e-15   2.9475000e-01   2.9475000e-01
   3.0000000e+01   1.0000000e+01   2.1833785e-15   2.8140625e-01   2.8140625e-01
   3.1000000e+01   1.0000000e+01   2.0624678e-15   2.7681250e-01   2.7681250e-01
   3.2000000e+01   1.0000000e+01   1.9382614e-15   2.6900000e-01   2.6900000e-01
   3.3000000e+01   1.0000000e+01   1.7850780e-15   2.5581250e-01   2.5581250e-01
   3.4000000e+01   1.0000000e+01   1.7295519e-15   2.3881250e-01   2.3881250e-01
   3.5000000e+01   1.0000000e+01   1.6878659e-15   2.3100000e-01   2.3100000e-01
   1.0000000e+00   1.1000000e+01   1.7465658e-15   2.4212500e-01   2.4212500e-01
   2.0000000e+00   1.1000000e+01   1.5377535e-15   2.2975000e-01   2.2975000e-01
   3.0000000e+00   1.1000000e+01   1.5782109e-15   2.1321875e-01   2.1321875e-01
   4.0000000e+00   1.1000000e+01   1.4385563e-15   2.0771875e-01   2.0771875e-01
   5.0000000e+00   1.1000000e+01   1.3146757e-15   2.0021875e-01   2.0021875e-01
   6.0000000e+00   1.1000000e+01   1.3940062e-15   1.9728125e-01   1.9728125e-01
   7.0000000e+00   1.1000000e+01   1.4342586e-15   2.0871875e-01   2.0871875e-01
   8.0000000e+00   1.1000000e+01   1.5027472e-15   2.2431250e-01   2.2431250e-01
   9.0000000e+00   1.1000000e+01   1.7582786e-15   2.5112500e-01   2.5112500e-01
   1.0000000e+01   1.1000000e+01   1.9407083e-15   2.6550000e-01   2.6550000e-01
   1.1000000e+01   1.1000000e+01   1.9566701e-15   2.8096875e-01   2.8096875e-01
   1.2000000e+01   1.1000000e+01   2.0710927e-15   2.9031250e-01   2.9031250e-01
   1.3000000e+01   1.1000000e+01   2.1625079e-15   2.8140625e-01   2.8140625e-01
   1.4000000e+01   1.1000000e+01   2.0851283e-15   2.8318750e-01   2.8318750e-01
   1.5000000e+01   1.1000000e+01   1.9533281e-15   2.7515625e-01   2.7515625e-01
   1.6000000e+01   1.1000000e+01   1.8449327e-15   2.6800000e-01   2.6800000e-01
   1.7000000e+01   1.1000000e+01   1.7185163e-15   2.5250000e-01   2.5250000e-01
   1.8000000e+01   1.1000000e+01   1.7889210e-15   2.3546875e-01   2.3546875e-01
   1.9000000e+01   1.1000000e+01   1.5790296e-15   2.2931250e-01   2.2931250e-01
   2.0000000e+01   1.1000000e+01   1.4840829e-15   2.1737500e-01   2.1737500e-01
   2.1000000e+01   1.1000000e+01   1.3972823e-15   2.0606250e-01   2.0606250e-01
   2.2000000e+01   1.1000000e+01   1.5138037e-15   2.0034375e-01   2.0034375e-01
   2.3000000e+01   1.1000000e+01   1.4522818e-15   2.0840625e-01   2.0840625e-01
   2.4000000e+01   1.1000000e+01   1.4978817e-15   2.2421875e-01   2.2421875e-01
   2.5000000e+01   1.1000000e+01   1.6262264e-15   2.4609375e-01   2.4609375e-01
   2.6000000e+01   1.1000000e+01   1.7971012e-15   2.5865625e-01   2.5865625e-01
   2.7000000e+01   1.1000000e+01   1.9307317e-15   2.6412500e-01   2.6412500e-01
   2.8000000e+01   1.1000000e+01   2.1164697e-15   2.7490625e-01   2.7490625e-01
   2.9000000e+01   1.1000000e+01   2.1819397e-15   2.8175000e-01   2.8175000e-01
   3.0000000e+01   1.1000000e+01   2.1943149e-15   2.8250000e-01   2.8250000e-01
   3.1000000e+01   1.1000000e+01   2.0783796e-15   2.8034375e-01   2.8034375e-01
   3.2000000e+01   1.1000000e+01   1.9574248e-15   2.7400000e-01   2.7400000e-01
   3.3000000e+01   1.1000000e+01   1.8362445e-15   2.5990625e-01   2.5990625e-01
   3.4000000e+01   1.1000000e+01   1.6194781e-15   2.4750000e-01   2.4750000e-01
   3.5000000e+01   1.1000000e+01   1.6016355e-15   2.2612500e-01   2.2612500e-01
   1.0000000e+00   1.2000000e+01   1.7854113e-15   2.4693750e-01   2.4693750e-01
   2.0000000e+00   1.2000000e+01   1.7008260e-15   2.3621875e-01   2.3621875e-01
   3.0000000e+00   1.2000000e+01   1.5993710e-15   2.2468750e-01   2.2468750e-01
   4.0000000e+00   1.2000000e+01   1.5084606e-15   2.1315625e-01   2.1315625e-01
   5.0000000e+00   1.2000000e+01   1.4317418e-15   2.0721875e-01   2.0721875e-01
   6.0000000e+00   1.2000000e+01   1.3879640e-15   2.0603125e-01   2.0603125e-01
   7.0000000e+00   1.2000000e+01   1.3890383e-15   2.1462500e-01   2.1462500e-01
   8.0000000e+00   1.2000000e+01   1.5889096e-15   2.3156250e-01   2.3156250e-01
   9.0000000e+00   1.2000000e+01   1.8792983e-15   2.4828125e-01   2.4828125e-01
   1.0000000e+01   1.2000000e+01   1.9003498e-15   2.6390625e-01   2.6390625e-01
   1.1000000e+01   1.2000000e+01   1.9208824e-15   2.7193750e-01   2.7193750e-01
   1.2000000e+01   1.2000000e+01   1.8966004e-15   2.7968750e-01   2.7968750e-01
   1.3000000e+01   1.2000000e+01   1.9783905e-15   2.8025000e-01   2.8025000e-01
   1.4000000e+01   1.2000000e+01   2.1013439e-15   2.8143750e-01   2.8143750e-01
   1.5000000e+01   1.2000000e+01   1.9972525e-15   2.7728125e-01   2.7728125e-01
   1.6000000e+01   1.2000000e+01   1.9453682e-15   2.6928125e-01   2.6928125e-01
   1.7000000e+01   1.2000000e+01   1.8414929e-15   2.5893750e-01   2.5893750e-01
   1.8000000e+01   1.2000000e+01   1.6436427e-15   2.4609375e-01   2.4609375e-01
   1.9000000e+01   1.2000000e+01   1.5696592e-15   2.3603125e-01   2.3603125e-01
   2.0000000e+01   1.2000000e+01   1.5336494e-15   2.2100000e-01   2.2100000e-01
   2.1000000e+01   1.2000000e+01   1.5805346e-15   2.0759375e-01   2.0759375e-01
   2.2000000e+01   1.2000000e+01   1.5005956e-15   2.1243750e-01   2.1243750e-01
   2.3000000e+01   1.2000000e+01   1.4756482e-15   2.1400000e-01   2.1400000e-01
   2.4000000e+01   1.2000000e+01   1.5935487e-15   2.3040625e-01   2.3040625e-01
   2.5000000e+01   1.2000000e+01   1.7021140e-15   2.4831250e-01   2.4831250e-01
   2.6000000e+01   1.2000000e+01   1.7435383e-15   2.5959375e-01   2.5959375e-01
   2.7000000e+01   1.2000000e+01   1.8749021e-15   2.7159375e-01   2.7159375e-01
   2.8000000e+01   1.2000000e+01   1.8964755e-15   2.7487500e-01   2.7487500e-01
   2.9000000e+01   1.2000000e+01   2.0309032e-15   2.7153125e-01   2.7153125e-01
   3.0000000e+01   1.2000000e+01   2.0620575e-15   2.8390625e-01   2.8390625e-01
   3.1000000e+01   1.2000000e+01   2.0277960e-15   2.8050000e-01   2.8050000e-01
   3.2000000e+01   1.2000000e+01   1.8511407e-15   2.7543750e-01   2.7543750e-01
   3.3000000e+01   1.2000000e+01   1.8393920e-15   2.6184375e-01   2.6184375e-01
   3.4000000e+01   1.2000000e+01   1.7781438e-15   2.4059375e-01   2.4059375e-01
   3.5000000e+01   1.2000000e+01   1.6775464e-15   2.3653125e-01   2.3653125e-01
   1.0000000e+00   1.3000000e+01   1.7487207e-15   2.5365625e-01   2.5365625e-01
   2.0000000e+00   1.3000000e+01   1.6269011e-15   2.3971875e-01   2.3971875e-01
   3.0000000e+00   1.3000000e+01   1.5380056e-15   2.2996875e-01   2.2996875e-01
   4.0000000e+00   1.3000000e+01   1.6166377e-15   2.1759375e-01   2.1759375e-01
   5.0000000e+00   1.3000000e+01   1.4384818e-15   2.1118750e-01   2.1118750e-01
   6.0000000e+00   1.3000000e+01   1.3458847e-15   2.1134375e-01   2.1134375e-01
   7.0000000e+00   1.3000000e+01   1.4985851e-15   2.2046875e-01   2.2046875e-01
   8.0000000e+00   1.3000000e+01   1.6878089e-15   2.2378125e-01   2.2378125e-01
   9.0000000e+00   1.3000000e+01   1.8278033e-15   2.4571875e-01   2.4571875e-01
   1.0000000e+01   1.3000000e+01   1.8503448e-15   2.5800000e-01   2.5800000e-01
   1.1000000e+01   1.3000000e+01   1.8301358e-15   2.6475000e-01   2.6475000e-01
   1.2000000e+01   1.3000000e+01   1.9006569e-15   2.7175000e-01   2.7175000e-01
   1.3000000e+01   1.3000000e+01   2.0152085e-15   2.7756250e-01   2.7756250e-01
   1.4000000e+01   1.3000000e+01   2.0650066e-15   2.7609375e-01   2.7609375e-01
   1.5000000e+01   1.3000000e+01   1.9260267e-15   2.6640625e-01   2.6640625e-01
   1.6000000e+01   1.3000000e+01   1.8477424e-15   2.6975000e-01   2.6975000e-01
   1.7000000e+01   1.3000000e+01   1.7651616e-15   2.5531250e-01   2.5531250e-01
   1.8000000e+01   1.3000000e+01   1.7006713e-15   2.4706250e-01   2.4706250e-01
   1.9000000e+01   1.3000000e+01   1.6369393e-15   2.3659375e-01   2.3659375e-01
   2.0000000e+01   1.3000000e+01   1.6070526e-15   2.3112500e-01   2.3112500e-01
   2.1000000e+01   1.3000000e+01   1.4221773e-15   2.2050000e-01   2.2050000e-01
   2.2000000e+01   1.3000000e+01   1.5763995e-15   2.1000000e-01   2.1000000e-01
   2.3000000e+01   1.3000000e+01   1.4692236e-15   2.1690625e-01   2.1690625e-01
   2.4000000e+01   1.3000000e+01   1.5505535e-15   2.2575000e-01   2.2575000e-01
   2.5000000e+01   1.3000000e+01   1.6027370e-15   2.4456250e-01   2.4456250e-01
   2.6000000e+01   1.3000000e+01   1.8585607e-15   2.4812500e-01   2.4812500e-01
   2.7000000e+01   1.3000000e+01   1.9101225e-15   2.6318750e-01   2.6318750e-01
   2.8000000e+01   1.3000000e+01   1.8568130e-15   2.6937500e-01   2.6937500e-01
   2.9000000e+01   1.3000000e+01   1.9012221e-15   2.7687500e-01   2.7687500e-01
   3.0000000e+01   1.3000000e+01   1.9579848e-15   2.7862500e-01   2.7862500e-01
   3.1000000e+01   1.3000000e+01   1.9053214e-15   2.6937500e-01   2.6937500e-01
   3.2000000e+01   1.3000000e+01   1.9343621e-15   2.6084375e-01   2.6084375e-01
   3.3000000e+01   1.3000000e+01   1.9579260e-15   2.5721875e-01   2.5721875e-01
   3.4000000e+01   1.3000000e+01   1.7037790e-15   2.4668750e-01   2.4668750e-01
   3.5000000e+01   1.3000000e+01   1.6426616e-15   2.3693750e-01   2.3693750e-01
   1.0000000e+00   1.4000000e+01   1.6654259e-15   2.5106250e-01   2.5106250e-01
   2.0000000e+00   1.4000000e+01   1.6028403e-15   2.3646875e-01   2.3646875e-01
   3.0000000e+00   1.4000000e+01   1.7670571e-15   2.3143750e-01   2.3143750e-01
   4.0000000e+00   1.4000000e+01   1.5585517e-15   2.2134375e-01   2.2134375e-01
   5.0000000e+00   1.4000000e+01   1.3552829e-15   2.1237500e-01   2.1237500e-01
   6.0000000e+00   1.4000000e+01   1.3947161e-15   2.0634375e-01   2.0634375e-01
   7.0000000e+00   1.4000000e+01   1.5144941e-15   2.1225000e-01   2.1225000e-01
   8.0000000e+00   1.4000000e+01   1.5699794e-15   2.1793750e-01   2.1793750e-01
   9.0000000e+00   1.4000000e+01   1.7761907e-15   2.3340625e-01   2.3340625e-01
   1.0000000e+01   1.4000000e+01   1.7702179e-15   2.5071875e-01   2.5071875e-01
   1.1000000e+01   1.4000000e+01   1.7600060e-15   2.6321875e-01   2.6321875e-01
   1.2000000e+01   1.4000000e+01   1.8501589e-15   2.6612500e-01   2.6612500e-01
   1.3000000e+01   1.4000000e+01   1.9116501e-15   2.6984375e-01   2.6984375e-01
   1.4000000e+01   1.4000000e+01   1.9630756e-15   2.6921875e-01   2.6921875e-01
   1.5000000e+01   1.4000000e+01   1.9330425e-15   2.6362500e-01   2.6362500e-01
   1.6000000e+01   1.4000000e+01   1.8716277e-15   2.5871875e-01   2.5871875e-01
   1.7000000e+01   1.4000000e+01   1.7417604e-15   2.5037500e-01   2.5037500e-01
   1.8000000e+01   1.4000000e+01   1.8362615e-15   2.3465625e-01   2.3465625e-01
   1.9000000e+01   1.4000000e+01   1.6718261e-15   2.3606250e-01   2.3606250e-01
   2.0000000e+01   1.4000000e+01   1.5664195e-15   2.2906250e-01   2.2906250e-01
   2.1000000e+01   1.4000000e+01   1.5230653e-15   2.1631250e-01   2.1631250e-01
   2.2000000e+01   1.4000000e+01   1.4277172e-15   2.0834375e-01   2.0834375e-01
   2.3000000e+01   1.4000000e+01   1.5033441e-15   2.0537500e-01   2.0537500e-01
   2.4000000e+01   1.4000000e+01   1.5719857e-15   2.1484375e-01   2.1484375e-01
   2.5000000e+01   1.4000000e+01   1.6809469e-15   2.2906250e-01   2.2906250e-01
   2.6000000e+01   1.4000000e+01   1.6718574e-15   2.4418750e-01   2.4418750e-01
   2.7000000e+01   1.4000000e+01   1.8075372e-15   2.5718750e-01   2.5718750e-01
   2.8000000e+01   1.4000000e+01   1.9345106e-15   2.6284375e-01   2.6284375e-01
   2.9000000e+01   1.4000000e+01   1.9599428e-15   2.6696875e-01   2.6696875e-01
   3.0000000e+01   1.4000000e+01   1.9495240e-15   2.6765625e-01   2.6765625e-01
   3.1000000e+01   1.4000000e+01   1.8647522e-15   2.6246875e-01   2.6246875e-01
   3.2000000e+01   1.4000000e+01   1.7670266e-15   2.5534375e-01   2.5534375e-01
   3.3000000e+01   1.4000000e+01   1.6856617e-15   2.4734375e-01   2.4734375e-01
   3.4000000e+01   1.4000000e+01   1.5620388e-15   2.3725000e-01   2.3725000e-01
   3.5000000e+01   1.4000000e+01   1.5497263e-15   2.3187500e-01   2.3187500e-01
   1.0000000e+00   1.5000000e+01   1.6581276e-15   2.3496875e-01   2.3496875e-01
   2.0000000e+00   1.5000000e+01   1.7505035e-15   2.2678125e-01   2.2678125e-01
   3.0000000e+00   1.5000000e+01   1.5867538e-15   2.2656250e-01   2.2656250e-01
   4.0000000e+00   1.5000000e+01   1.5296151e-15   2.1696875e-01   2.1696875e-01
   5.0000000e+00   1.5000000e+01   1.3361704e-15   2.0471875e-01   2.0471875e-01
   6.0000000e+00   1.5000000e+01   1.3549631e-15   1.9790625e-01   1.9790625e-01
   7.0000000e+00   1.5000000e+01   1.2741617e-15   1.9693750e-01   1.9693750e-01
   8.0000000e+00   1.5000000e+01   1.3826666e-15   2.0825000e-01   2.0825000e-01
   9.0000000e+00   1.5000000e+01   1.5181968e-15   2.2603125e-01   2.2603125e-01
   1.0000000e+01   1.5000000e+01   1.5611258e-15   2.4034375e-01   2.4034375e-01
   1.1000000e+01   1.5000000e+01   1.7700628e-15   2.4809375e-01   2.4809375e-01
   1.2000000e+01   1.5000000e+01   1.8750433e-15   2.5781250e-01   2.5781250e-01
   1.3000000e+01   1.5000000e+01   1.9377691e-15   2.6171875e-01   2.6171875e-01
   1.4000000e+01   1.5000000e+01   1.8171194e-15   2.5637500e-01   2.5637500e-01
   1.5000000e+01   1.5000000e+01   1.7793205e-15   2.5325000e-01   2.5325000e-01
   1.6000000e+01   1.5000000e+01   1.7048787e-15   2.4587500e-01   2.4587500e-01
   1.7000000e+01   1.5000000e+01   1.5937475e-15   2.3484375e-01   2.3484375e-01
   1.8000000e+01   1.5000000e+01   1.4761942e-15   2.2912500e-01   2.2912500e-01
   1.9000000e+01   1.5000000e+01   1.4759071e-15   2.2637500e-01   2.2637500e-01
   2.0000000e+01   1.5000000e+01   1.4172552e-15   2.1831250e-01   2.1831250e-01
   2.1000000e+01   1.5000000e+01   1.4002272e-15   2.0640625e-01   2.0640625e-01
   2.2000000e+01   1.5000000e+01   1.3891411e-15   1.9837500e-01   1.9837500e-01
   2.3000000e+01   1.5000000e+01   1.2719190e-15   1.9312500e-01   1.9312500e-01
   2.4000000e+01   1.5000000e+01   1.4513192e-15   1.9403125e-01   1.9403125e-01
   2.5000000e+01   1.5000000e+01   1.5483141e-15   2.0665625e-01   2.0665625e-01
   2.6000000e+01   1.5000000e+01   1.5862537e-15   2.2281250e-01   2.2281250e-01
   2.7000000e+01   1.5000000e+01   1.6422052e-15   2.3987500e-01   2.3987500e-01
   2.8000000e+01   1.5000000e+01   1.7816677e-15   2.5290625e-01   2.5290625e-01
   2.9000000e+01   1.5000000e+01   1.8313919e-15   2.5693750e-01   2.5693750e-01
   3.0000000e+01   1.5000000e+01   1.7843705e-15   2.4996875e-01   2.4996875e-01
   3.1000000e+01   1.5000000e+01   1.8041824e-15   2.3903125e-01   2.3903125e-01
   3.2000000e+01   1.5000000e+01   1.7775422e-15   2.3212500e-01   2.3212500e-01
   3.3000000e+01   1.5000000e+01   1.6735643e-15   2.2096875e-01   2.2096875e-01
   3.4000000e+01   1.5000000e+01   1.6215262e-15   2.1531250e-01   2.1531250e-01
   3.5000000e+01   1.5000000e+01   1.6121643e-15   2.1259375e-01   2.1259375e-01
   1.0000000e+00   1.6000000e+01   1.5544366e-15   2.2168750e-01   2.2168750e-01
   2.0000000e+00   1.6000000e+01   1.5805564e-15   2.1559375e-01   2.1559375e-01
   3.0000000e+00   1.6000000e+01   1.4304501e-15   2.1181250e-01   2.1181250e-01
   4.0000000e+00   1.6000000e+01   1.3412866e-15   2.0234375e-01   2.0234375e-01
   5.0000000e+00   1.6000000e+01   1.3624824e-15   1.9453125e-01   1.9453125e-01
   6.0000000e+00   1.6000000e+01   1.2821669e-15   1.7850000e-01   1.7850000e-01
   7.0000000e+00   1.6000000e+01   1.3492175e-15   1.7787500e-01   1.7787500e-01
   8.0000000e+00   1.6000000e+01   1.3690157e-15   1.8175000e-01   1.8175000e-01
   9.0000000e+00   1.6000000e+01   1.4265694e-15   1.9762500e-01   1.9762500e-01
   1.0000000e+01   1.6000000e+01   1.5701988e-15   2.1171875e-01   2.1171875e-01
   1.1000000e+01   1.6000000e+01   1.6540675e-15   2.2556250e-01   2.2556250e-01
   1.2000000e+01   1.6000000e+01   1.7222035e-15   2.3359375e-01   2.3359375e-01
   1.3000000e+01   1.6000000e+01   1.7134665e-15   2.3615625e-01   2.3615625e-01
   1.4000000e+01   1.6000000e+01   1.7228778e-15   2.3343750e-01   2.3343750e-01
   1.5000000e+01   1.6000000e+01   1.6787507e-15   2.2550000e-01   2.2550000e-01
   1.6000000e+01   1.6000000e+01   1.5193696e-15   2.1887500e-01   2.1887500e-01
   1.7000000e+01   1.6000000e+01   1.5357364e-15   2.1381250e-01   2.1381250e-01
   1.8000000e+01   1.6000000e+01   1.5423434e-15   2.0981250e-01   2.0981250e-01
   1.9000000e+01   1.6000000e+01   1.3969604e-15   2.0559375e-01   2.0559375e-01
   2.0000000e+01   1.6000000e+01   1.3304552e-15   1.9831250e-01   1.9831250e-01
   2.1000000e+01   1.6000000e+01   1.2223267e-15   1.9065625e-01   1.9065625e-01
   2.2000000e+01   1.6000000e+01   1.3038331e-15   1.8115625e-01   1.8115625e-01
   2.3000000e+01   1.6000000e+01   1.3215577e-15   1.7590625e-01   1.7590625e-01
   2.4000000e+01   1.6000000e+01   1.2299767e-15   1.7775000e-01   1.7775000e-01
   2.5000000e+01   1.6000000e+01   1.3199480e-15   1.8825000e-01   1.8825000e-01
   2.6000000e+01   1.6000000e+01   1.4168667e-15   1.9996875e-01   1.9996875e-01
   2.7000000e+01   1.6000000e+01   1.5618314e-15   2.1537500e-01   2.1537500e-01
   2.8000000e+01   1.6000000e+01   1.5696077e-15   2.2603125e-01   2.2603125e-01
   2.9000000e+01   1.6000000e+01   1.5811140e-15   2.3309375e-01   2.3309375e-01
   3.0000000e+01   1.6000000e+01   1.5500925e-15   2.2846875e-01   2.2846875e-01
   3.1000000e+01   1.6000000e+01   1.4373187e-15   2.2121875e-01   2.2121875e-01
   3.2000000e+01   1.6000000e+01   1.4287157e-15   2.1137500e-01   2.1137500e-01
   3.3000000e+01   1.6000000e+01   1.5213932e-15   2.0228125e-01   2.0228125e-01
   3.4000000e+01   1.6000000e+01   1.4762548e-15   1.9896875e-01   1.9896875e-01
   3.5000000e+01   1.6000000e+01   1.5503659e-15   1.9381250e-01   1.9381250e-01
   1.0000000e+00   1.7000000e+01   1.4495978e-15   2.0512500e-01   2.0512500e-01
   2.0000000e+00   1.7000000e+01   1.3425835e-15   1.9509375e-01   1.9509375e-01
   3.0000000e+00   1.7000000e+01   1.2793349e-15   1.8850000e-01   1.8850000e-01
   4.0000000e+00   1.7000000e+01   1.2164700e-15   1.8346875e-01   1.8346875e-01
   5.0000000e+00   1.7000000e+01   1.3085215e-15   1.7728125e-01   1.7728125e-01
   6.0000000e+00   1.7000000e+01   1.1600467e-15   1.7431250e-01   1.7431250e-01
   7.0000000e+00   1.7000000e+01   1.1731174e-15   1.6746875e-01   1.6746875e-01
   8.0000000e+00   1.7000000e+01   1.2294181e-15   1.7318750e-01   1.7318750e-01
   9.0000000e+00   1.7000000e+01   1.2975334e-15   1.7996875e-01   1.7996875e-01
   1.0000000e+01   1.7000000e+01   1.3379918e-15   1.9909375e-01   1.9909375e-01
   1.1000000e+01   1.7000000e+01   1.4209926e-15   2.0896875e-01   2.0896875e-01
   1.2000000e+01   1.7000000e+01   1.4439726e-15   2.1615625e-01   2.1615625e-01
   1.3000000e+01   1.7000000e+01   1.4636857e-15   2.1612500e-01   2.1612500e-01
   1.4000000e+01   1.7000000e+01   1.4197821e-15   2.1081250e-01   2.1081250e-01
   1.5000000e+01   1.7000000e+01   1.4715619e-15   2.0468750e-01   2.0468750e-01
   1.6000000e+01   1.7000000e+01   1.4953245e-15   2.0065625e-01   2.0065625e-01
   1.7000000e+01   1.7000000e+01   1.3469462e-15   1.9556250e-01   1.9556250e-01
   1.8000000e+01   1.7000000e+01   1.3402910e-15   1.9293750e-01   1.9293750e-01
   1.9000000e+01   1.7000000e+01   1.2271352e-15   1.8296875e-01   1.8296875e-01
   2.0000000e+01   1.7000000e+01   1.2027270e-15   1.8165625e-01   1.8165625e-01
   2.1000000e+01   1.7000000e+01   1.2689302e-15   1.7550000e-01   1.7550000e-01
   2.2000000e+01   1.7000000e+01   1.1474255e-15   1.7400000e-01   1.7400000e-01
   2.3000000e+01   1.7000000e+01   1.2434255e-15   1.6740625e-01   1.6740625e-01
   2.4000000e+01   1.7000000e+01   1.3023889e-15   1.6846875e-01   1.6846875e-01
   2.5000000e+01   1.7000000e+01   1.1571349e-15   1.7946875e-01   1.7946875e-01
   2.6000000e+01   1.7000000e+01   1.3065534e-15   1.9175000e-01   1.9175000e-01
   2.7000000e+01   1.7000000e+01   1.3847158e-15   2.0231250e-01   2.0231250e-01
   2.8000000e+01   1.7000000e+01   1.3702575e-15   2.1025000e-01   2.1025000e-01
   2.9000000e+01   1.7000000e+01   1.4243651e-15   2.1000000e-01   2.1000000e-01
   3.0000000e+01   1.7000000e+01   1.4806878e-15   2.0790625e-01   2.0790625e-01
   3.1000000e+01   1.7000000e+01   1.4351704e-15   2.0428125e-01   2.0428125e-01
   3.2000000e+01   1.7000000e+01   1.4405362e-15   1.9656250e-01   1.9656250e-01
   3.3000000e+01   1.7000000e+01   1.3860672e-15   1.8728125e-01   1.8728125e-01
   3.4000000e+01   1.7000000e+01   1.2407600e-15   1.8912500e-01   1.8912500e-01
   3.5000000e+01   1.7000000e+01   1.1943160e-15   1.8018750e-01   1.8018750e-01
   1.0000000e+00   1.8000000e+01   1.4115155e-15   1.9062500e-01   1.9062500e-01
   2.0000000e+00   1.8000000e+01   1.1661519e-15   1.7809375e-01   1.7809375e-01
   3.0000000e+00   1.8000000e+01   1.2071582e-15   1.7384375e-01   1.7384375e-01
   4.0000000e+00   1.8000000e+01   1.1218110e-15   1.7387500e-01   1.7387500e-01
   5.0000000e+00   1.8000000e+01   1.1371290e-15   1.7140625e-01   1.7140625e-01
   6.0000000e+00   1.8000000e+01   1.0947180e-15   1.6915625e-01   1.6915625e-01
   7.0000000e+00   1.8000000e+01   1.1491804e-15   1.7103125e-01   1.7103125e-01
   8.0000000e+00   1.8000000e+01   1.2477265e-15   1.7937500e-01   1.7937500e-01
   9.0000000e+00   1.8000000e+01   1.2550498e-15   1.8693750e-01   1.8693750e-01
   1.0000000e+01   1.8000000e+01   1.3511100e-15   1.9759375e-01   1.9759375e-01
   1.1000000e+01   1.8000000e+01   1.4206071e-15   2.0625000e-01   2.0625000e-01
   1.2000000e+01   1.8000000e+01   1.3605909e-15   2.0403125e-01   2.0403125e-01
   1.3000000e+01   1.8000000e+01   1.4012740e-15   2.0115625e-01   2.0115625e-01
   1.4000000e+01   1.8000000e+01   1.3645355e-15   1.9759375e-01   1.9759375e-01
   1.5000000e+01   1.8000000e+01   1.2881768e-15   1.9081250e-01   1.9081250e-01
   1.6000000e+01   1.8000000e+01   1.3225894e-15   1.8503125e-01   1.8503125e-01
   1.7000000e+01   1.8000000e+01   1.2549560e-15   1.8321875e-01   1.8321875e-01
   1.8000000e+01   1.8000000e+01   1.4049278e-15   1.7828125e-01   1.7828125e-01
   1.9000000e+01   1.8000000e+01   1.3773547e-15   1.7200000e-01   1.7200000e-01
   2.0000000e+01   1.8000000e+01   1.1999812e-15   1.7450000e-01   1.7450000e-01
   2.1000000e+01   1.8000000e+01   1.1109041e-15   1.7593750e-01   1.7593750e-01
   2.2000000e+01   1.8000000e+01   1.1792471e-15   1.7315625e-01   1.7315625e-01
   2.3000000e+01   1.8000000e+01   1.2045332e-15   1.7153125e-01   1.7153125e-01
   2.4000000e+01   1.8000000e+01   1.2306981e-15   1.7887500e-01   1.7887500e-01
   2.5000000e+01   1.8000000e+01   1.3373851e-15   1.8615625e-01   1.8615625e-01
   2.6000000e+01   1.8000000e+01   1.5262358e-15   1.9368750e-01   1.9368750e-01
   2.7000000e+01   1.8000000e+01   1.4566341e-15   1.9737500e-01   1.9737500e-01
   2.8000000e+01   1.8000000e+01   1.4565304e-15   2.0853125e-01   2.0853125e-01
   2.9000000e+01   1.8000000e+01   1.4460183e-15   2.0618750e-01   2.0618750e-01
   3.0000000e+01   1.8000000e+01   1.3132650e-15   1.9868750e-01   1.9868750e-01
   3.1000000e+01   1.8000000e+01   1.3169829e-15   1.9381250e-01   1.9381250e-01
   3.2000000e+01   1.8000000e+01   1.1913312e-15   1.8440625e-01   1.8440625e-01
   3.3000000e+01   1.8000000e+01   1.2057479e-15   1.8040625e-01   1.8040625e-01
   3.4000000e+01   1.8000000e+01   1.2247005e-15   1.7771875e-01   1.7771875e-01
   3.5000000e+01   1.8000000e+01   1.1538155e-15   1.7465625e-01   1.7465625e-01
   1.0000000e+00   1.9000000e+01   1.2725776e-15   1.7890625e-01   1.7890625e-01
   2.0000000e+00   1.9000000e+01   1.2517439e-15   1.7484375e-01   1.7484375e-01
   3.0000000e+00   1.9000000e+01   1.2685655e-15   1.7271875e-01   1.7271875e-01
   4.0000000e+00   1.9000000e+01   1.1967104e-15   1.7853125e-01   1.7853125e-01
   5.0000000e+00   1.9000000e+01   1.0609162e-15   1.7515625e-01   1.7515625e-01
   6.0000000e+00   1.9000000e+01   1.1674902e-15   1.7078125e-01   1.7078125e-01
   7.0000000e+00   1.9000000e+01   1.3056940e-15   1.7315625e-01   1.7315625e-01
   8.0000000e+00   1.9000000e+01   1.2162755e-15   1.7421875e-01   1.7421875e-01
   9.0000000e+00   1.9000000e+01   1.3051187e-15   1.9625000e-01   1.9625000e-01
   1.0000000e+01   1.9000000e+01   1.3683991e-15   2.1056250e-01   2.1056250e-01
   1.1000000e+01   1.9000000e+01   1.4479613e-15   2.1243750e-01   2.1243750e-01
   1.2000000e+01   1.9000000e+01   1.4113922e-15   2.0840625e-01   2.0840625e-01
   1.3000000e+01   1.9000000e+01   1.3847654e-15   2.0162500e-01   2.0162500e-01
   1.4000000e+01   1.9000000e+01   1.2559293e-15   1.9728125e-01   1.9728125e-01
   1.5000000e+01   1.9000000e+01   1.2305598e-15   1.8431250e-01   1.8431250e-01
   1.6000000e+01   1.9000000e+01   1.2952990e-15   1.7337500e-01   1.7337500e-01
   1.7000000e+01   1.9000000e+01   1.2556589e-15   1.7440625e-01   1.7440625e-01
   1.8000000e+01   1.9000000e+01   1.2631864e-15   1.7962500e-01   1.7962500e-01
   1.9000000e+01   1.9000000e+01   1.2743385e-15   1.8265625e-01   1.8265625e-01
   2.0000000e+01   1.9000000e+01   1.2840320e-15   1.8765625e-01   1.8765625e-01
   2.1000000e+01   1.9000000e+01   1.1724619e-15   1.8309375e-01   1.8309375e-01
   2.2000000e+01   1.9000000e+01   1.1272995e-15   1.8096875e-01   1.8096875e-01
   2.3000000e+01   1.9000000e+01   1.1136728e-15   1.7534375e-01   1.7534375e-01
   2.4000000e+01   1.9000000e+01   1.2586331e-15   1.7375000e-01   1.7375000e-01
   2.5000000e+01   1.9000000e+01   1.4447654e-15   1.9206250e-01   1.9206250e-01
   2.6000000e+01   1.9000000e+01   1.4129237e-15   2.0575000e-01   2.0575000e-01
   2.7000000e+01   1.9000000e+01   1.5225759e-15   2.1678125e-01   2.1678125e-01
   2.8000000e+01   1.9000000e+01   1.5784689e-15   2.1793750e-01   2.1793750e-01
   2.9000000e+01   1.9000000e+01   1.5035305e-15   2.0762500e-01   2.0762500e-01
   3.0000000e+01   1.9000000e+01   1.4172627e-15   1.9990625e-01   1.9990625e-01
   3.1000000e+01   1.9000000e+01   1.3071811e-15   1.8978125e-01   1.8978125e-01
   3.2000000e+01   1.9000000e+01   1.2739780e-15   1.8078125e-01   1.8078125e-01
   3.3000000e+01   1.9000000e+01   1.1334410e-15   1.7512500e-01   1.7512500e-01
   3.4000000e+01   1.9000000e+01   1.1367036e-15   1.7890625e-01   1.7890625e-01
   3.5000000e+01   1.9000000e+01   1.2462813e-15   1.8462500e-01   1.8462500e-01
   1.0000000e+00   2.0000000e+01   1.2163973e-15   1.7725000e-01   1.7725000e-01
   2.0000000e+00   2.0000000e+01   1.3736961e-15   1.8018750e-01   1.8018750e-01
   3.0000000e+00   2.0000000e+01   1.2965437e-15   1.8715625e-01   1.8715625e-01
   4.0000000e+00   2.0000000e+01   1.1542721e-15   1.8618750e-01   1.8618750e-01
   5.0000000e+00   2.0000000e+01   1.1991841e-15   1.7850000e-01   1.7850000e-01
   6.0000000e+00   2.0000000e+01   1.1609985e-15   1.7465625e-01   1.7465625e-01
   7.0000000e+00   2.0000000e+01   1.1692503e-15   1.7656250e-01   1.7656250e-01
   8.0000000e+00   2.0000000e+01   1.3923009e-15   1.8759375e-01   1.8759375e-01
   9.0000000e+00   2.0000000e+01   1.4774432e-15   2.0050000e-01   2.0050000e-01
   1.0000000e+01   2.0000000e+01   1.5125230e-15   2.2012500e-01   2.2012500e-01
   1.1000000e+01   2.0000000e+01   1.5950600e-15   2.2778125e-01   2.2778125e-01
   1.2000000e+01   2.0000000e+01   1.4527891e-15   2.2106250e-01   2.2106250e-01
   1.3000000e+01   2.0000000e+01   1.4580010e-15   2.1318750e-01   2.1318750e-01
   1.4000000e+01   2.0000000e+01   1.3750815e-15   2.0315625e-01   2.0315625e-01
   1.5000000e+01   2.0000000e+01   1.2448111e-15   1.9237500e-01   1.9237500e-01
   1.6000000e+01   2.0000000e+01   1.1938227e-15   1.7990625e-01   1.7990625e-01
   1.7000000e+01   2.0000000e+01   1.2197195e-15   1.7959375e-01   1.7959375e-01
   1.8000000e+01   2.0000000e+01   1.2523543e-15   1.8312500e-01   1.8312500e-01
   1.9000000e+01   2.0000000e+01   1.3607848e-15   1.8956250e-01   1.8956250e-01
   2.0000000e+01   2.0000000e+01   1.3693956e-15   1.8350000e-01   1.8350000e-01
   2.1000000e+01   2.0000000e+01   1.2953993e-15   1.7890625e-01   1.7890625e-01
   2.2000000e+01   2.0000000e+01   1.1748422e-15   1.7293750e-01   1.7293750e-01
   2.3000000e+01   2.0000000e+01   1.1915200e-15   1.7931250e-01   1.7931250e-01
   2.4000000e+01   2.0000000e+01   1.2135653e-15   1.8496875e-01   1.8496875e-01
   2.5000000e+01   2.0000000e+01   1.4172226e-15   2.0096875e-01   2.0096875e-01
   2.6000000e+01   2.0000000e+01   1.5878762e-15   2.1765625e-01   2.1765625e-01
   2.7000000e+01   2.0000000e+01   1.7212997e-15   2.2415625e-01   2.2415625e-01
   2.8000000e+01   2.0000000e+01   1.5903388e-15   2.2925000e-01   2.2925000e-01
   2.9000000e+01   2.0000000e+01   1.5824733e-15   2.2253125e-01   2.2253125e-01
   3.0000000e+01   2.0000000e+01   1.4950751e-15   2.1487500e-01   2.1487500e-01
   3.1000000e+01   2.0000000e+01   1.3528871e-15   2.0165625e-01   2.0165625e-01
   3.2000000e+01   2.0000000e+01   1.2614882e-15   1.8925000e-01   1.8925000e-01
   3.3000000e+01   2.0000000e+01   1.3131051e-15   1.8346875e-01   1.8346875e-01
   3.4000000e+01   2.0000000e+01   1.1739344e-15   1.8028125e-01   1.8028125e-01
   3.5000000e+01   2.0000000e+01   1.3091689e-15   1.8512500e-01   1.8512500e-01
   1.0000000e+00   2.1000000e+01   1.2370585e-15   1.8043750e-01   1.8043750e-01
   2.0000000e+00   2.1000000e+01   1.3514851e-15   1.8740625e-01   1.8740625e-01
   3.0000000e+00   2.1000000e+01   1.3493991e-15   1.8450000e-01   1.8450000e-01
   4.0000000e+00   2.1000000e+01   1.4068050e-15   1.8165625e-01   1.8165625e-01
   5.0000000e+00   2.1000000e+01   1.2114152e-15   1.6943750e-01   1.6943750e-01
   6.0000000e+00   2.1000000e+01   1.1799320e-15   1.7215625e-01   1.7215625e-01
   7.0000000e+00   2.1000000e+01   1.3069941e-15   1.8184375e-01   1.8184375e-01
   8.0000000e+00   2.1000000e+01   1.4245792e-15   1.9415625e-01   1.9415625e-01
   9.0000000e+00   2.1000000e+01   1.6113126e-15   2.1571875e-01   2.1571875e-01
   1.0000000e+01   2.1000000e+01   1.7003517e-15   2.2537500e-01   2.2537500e-01
   1.1000000e+01   2.1000000e+01   1.8244452e-15   2.3443750e-01   2.3443750e-01
   1.2000000e+01   2.1000000e+01   1.8274996e-15   2.3015625e-01   2.3015625e-01
   1.3000000e+01   2.1000000e+01   1.5938471e-15   2.1809375e-01   2.1809375e-01
   1.4000000e+01   2.1000000e+01   1.4923894e-15   2.2062500e-01   2.2062500e-01
   1.5000000e+01   2.1000000e+01   1.3859767e-15   2.0590625e-01   2.0590625e-01
   1.6000000e+01   2.1000000e+01   1.3558278e-15   1.9993750e-01   1.9993750e-01
   1.7000000e+01   2.1000000e+01   1.2880639e-15   1.9321875e-01   1.9321875e-01
   1.8000000e+01   2.1000000e+01   1.1983591e-15   1.8900000e-01   1.8900000e-01
   1.9000000e+01   2.1000000e+01   1.2588124e-15   1.8771875e-01   1.8771875e-01
   2.0000000e+01   2.1000000e+01   1.2221739e-15   1.8103125e-01   1.8103125e-01
   2.1000000e+01   2.1000000e+01   1.2422151e-15   1.7390625e-01   1.7390625e-01
   2.2000000e+01   2.1000000e+01   1.2602783e-15   1.7218750e-01   1.7218750e-01
   2.3000000e+01   2.1000000e+01   1.1989324e-15   1.7853125e-01   1.7853125e-01
   2.4000000e+01   2.1000000e+01   1.2958118e-15   1.9718750e-01   1.9718750e-01
   2.5000000e+01   2.1000000e+01   1.4286220e-15   2.1200000e-01   2.1200000e-01
   2.6000000e+01   2.1000000e+01   1.6055533e-15   2.2840625e-01   2.2840625e-01
   2.7000000e+01   2.1000000e+01   1.6625657e-15   2.3768750e-01   2.3768750e-01
   2.8000000e+01   2.1000000e+01   1.7862863e-15   2.4040625e-01   2.4040625e-01
   2.9000000e+01   2.1000000e+01   1.6744793e-15   2.3406250e-01   2.3406250e-01
   3.0000000e+01   2.1000000e+01   1.5852188e-15   2.2971875e-01   2.2971875e-01
   3.1000000e+01   2.1000000e+01   1.5343765e-15   2.1706250e-01   2.1706250e-01
   3.2000000e+01   2.1000000e+01   1.6103594e-15   2.0540625e-01   2.0540625e-01
   3.3000000e+01   2.1000000e+01   1.3398817e-15   1.9334375e-01   1.9334375e-01
   3.4000000e+01   2.1000000e+01   1.3155703e-15   1.9165625e-01   1.9165625e-01
   3.5000000e+01   2.1000000e+01   1.1720534e-15   1.8453125e-01   1.8453125e-01
   1.0000000e+00   2.2000000e+01   1.4653477e-15   1.9121875e-01   1.9121875e-01
   2.0000000e+00   2.2000000e+01   1.3815903e-15   1.8278125e-01   1.8278125e-01
   3.0000000e+00   2.2000000e+01   1.3460874e-15   1.8000000e-01   1.8000000e-01
   4.0000000e+00   2.2000000e+01   1.2669475e-15   1.7515625e-01   1.7515625e-01
   5.0000000e+00   2.2000000e+01   1.2121489e-15   1.7653125e-01   1.7653125e-01
   6.0000000e+00   2.2000000e+01   1.1392171e-15   1.7959375e-01   1.7959375e-01
   7.0000000e+00   2.2000000e+01   1.3150780e-15   1.9415625e-01   1.9415625e-01
   8.0000000e+00   2.2000000e+01   1.3298779e-15   2.0768750e-01   2.0768750e-01
   9.0000000e+00   2.2000000e+01   1.5047384e-15   2.2621875e-01   2.2621875e-01
   1.0000000e+01   2.2000000e+01   1.7460475e-15   2.4140625e-01   2.4140625e-01
   1.1000000e+01   2.2000000e+01   1.7998346e-15   2.4793750e-01   2.4793750e-01
   1.2000000e+01   2.2000000e+01   1.7576029e-15   2.4931250e-01   2.4931250e-01
   1.3000000e+01   2.2000000e+01   1.8454137e-15   2.4459375e-01   2.4459375e-01
   1.4000000e+01   2.2000000e+01   1.7254569e-15   2.4100000e-01   2.4100000e-01
   1.5000000e+01   2.2000000e+01   1.6213062e-15   2.2900000e-01   2.2900000e-01
   1.6000000e+01   2.2000000e+01   1.5160146e-15   2.1646875e-01   2.1646875e-01
   1.7000000e+01   2.2000000e+01   1.4810316e-15   2.0475000e-01   2.0475000e-01
   1.8000000e+01   2.2000000e+01   1.3946594e-15   1.9671875e-01   1.9671875e-01
   1.9000000e+01   2.2000000e+01   1.2790911e-15   1.8725000e-01   1.8725000e-01
   2.0000000e+01   2.2000000e+01   1.2655902e-15   1.8071875e-01   1.8071875e-01
   2.1000000e+01   2.2000000e+01   1.2819531e-15   1.7943750e-01   1.7943750e-01
   2.2000000e+01   2.2000000e+01   1.2339563e-15   1.7743750e-01   1.7743750e-01
   2.3000000e+01   2.2000000e+01   1.2537370e-15   1.9178125e-01   1.9178125e-01
   2.4000000e+01   2.2000000e+01   1.3181337e-15   2.0071875e-01   2.0071875e-01
   2.5000000e+01   2.2000000e+01   1.4472203e-15   2.1703125e-01   2.1703125e-01
   2.6000000e+01   2.2000000e+01   1.5961335e-15   2.3562500e-01   2.3562500e-01
   2.7000000e+01   2.2000000e+01   1.7867979e-15   2.5037500e-01   2.5037500e-01
   2.8000000e+01   2.2000000e+01   1.8512136e-15   2.5962500e-01   2.5962500e-01
   2.9000000e+01   2.2000000e+01   1.7692521e-15   2.5296875e-01   2.5296875e-01
   3.0000000e+01   2.2000000e+01   1.8558587e-15   2.4940625e-01   2.4940625e-01
   3.1000000e+01   2.2000000e+01   1.8110586e-15   2.3671875e-01   2.3671875e-01
   3.2000000e+01   2.2000000e+01   1.6307455e-15   2.2184375e-01   2.2184375e-01
   3.3000000e+01   2.2000000e+01   1.4615630e-15   2.0781250e-01   2.0781250e-01
   3.4000000e+01   2.2000000e+01   1.3586823e-15   2.0181250e-01   2.0181250e-01
   3.5000000e+01   2.2000000e+01   1.3536065e-15   1.9565625e-01   1.9565625e-01
   1.0000000e+00   2.3000000e+01   1.3818334e-15   2.0571875e-01   2.0571875e-01
   2.0000000e+00   2.3000000e+01   1.3287248e-15   1.9912500e-01   1.9912500e-01
   3.0000000e+00   2.3000000e+01   1.2057239e-15   1.8903125e-01   1.8903125e-01
   4.0000000e+00   2.3000000e+01   1.2181700e-15   1.8553125e-01   1.8553125e-01
   5.0000000e+00   2.3000000e+01   1.2149618e-15   1.8609375e-01   1.8609375e-01
   6.0000000e+00   2.3000000e+01   1.2538991e-15   1.9140625e-01   1.9140625e-01
   7.0000000e+00   2.3000000e+01   1.3471535e-15   2.0184375e-01   2.0184375e-01
   8.0000000e+00   2.3000000e+01   1.3746042e-15   2.1531250e-01   2.1531250e-01
   9.0000000e+00   2.3000000e+01   1.5436820e-15   2.3790625e-01   2.3790625e-01
   1.0000000e+01   2.3000000e+01   1.7472303e-15   2.5900000e-01   2.5900000e-01
   1.1000000e+01   2.3000000e+01   1.8602524e-15   2.7218750e-01   2.7218750e-01
   1.2000000e+01   2.3000000e+01   1.8460207e-15   2.7018750e-01   2.7018750e-01
   1.3000000e+01   2.3000000e+01   1.7623067e-15   2.6121875e-01   2.6121875e-01
   1.4000000e+01   2.3000000e+01   1.8226962e-15   2.5471875e-01   2.5471875e-01
   1.5000000e+01   2.3000000e+01   1.7441843e-15   2.4671875e-01   2.4671875e-01
   1.6000000e+01   2.3000000e+01   1.6949316e-15   2.3018750e-01   2.3018750e-01
   1.7000000e+01   2.3000000e+01   1.6628853e-15   2.1406250e-01   2.1406250e-01
   1.8000000e+01   2.3000000e+01   1.5365497e-15   2.0471875e-01   2.0471875e-01
   1.9000000e+01   2.3000000e+01   1.4089641e-15   1.9562500e-01   1.9562500e-01
   2.0000000e+01   2.3000000e+01   1.3704309e-15   1.8953125e-01   1.8953125e-01
   2.1000000e+01   2.3000000e+01   1.2663143e-15   1.8712500e-01   1.8712500e-01
   2.2000000e+01   2.3000000e+01   1.3034138e-15   1.8921875e-01   1.8921875e-01
   2.3000000e+01   2.3000000e+01   1.2714794e-15   1.9609375e-01   1.9609375e-01
   2.4000000e+01   2.3000000e+01   1.5151399e-15   2.0968750e-01   2.0968750e-01
   2.5000000e+01   2.3000000e+01   1.5590404e-15   2.3040625e-01   2.3040625e-01
   2.6000000e+01   2.3000000e+01   1.6717233e-15   2.5050000e-01   2.5050000e-01
   2.7000000e+01   2.3000000e+01   1.8153136e-15   2.7196875e-01   2.7196875e-01
   2.8000000e+01   2.3000000e+01   1.8563102e-15   2.7700000e-01   2.7700000e-01
   2.9000000e+01   2.3000000e+01   1.9194593e-15   2.7421875e-01   2.7421875e-01
   3.0000000e+01   2.3000000e+01   1.8573598e-15   2.5971875e-01   2.5971875e-01
   3.1000000e+01   2.3000000e+01   1.8615632e-15   2.4596875e-01   2.4596875e-01
   3.2000000e+01   2.3000000e+01   1.8704812e-15   2.4112500e-01   2.4112500e-01
   3.3000000e+01   2.3000000e+01   1.6413925e-15   2.2387500e-01   2.2387500e-01
   3.4000000e+01   2.3000000e+01   1.3758457e-15   2.0881250e-01   2.0881250e-01
   3.5000000e+01   2.3000000e+01   1.4265137e-15   2.0493750e-01   2.0493750e-01
   1.0000000e+00   2.4000000e+01   1.4318041e-15   2.1293750e-01   2.1293750e-01
   2.0000000e+00   2.4000000e+01   1.3457643e-15   2.0578125e-01   2.0578125e-01
   3.0000000e+00   2.4000000e+01   1.3180607e-15   1.9712500e-01   1.9712500e-01
   4.0000000e+00   2.4000000e+01   1.3382432e-15   1.8618750e-01   1.8618750e-01
   5.0000000e+00   2.4000000e+01   1.3397355e-15   1.8746875e-01   1.8746875e-01
   6.0000000e+00   2.4000000e+01   1.4309669e-15   1.9440625e-01   1.9440625e-01
   7.0000000e+00   2.4000000e+01   1.4775111e-15   2.0681250e-01   2.0681250e-01
   8.0000000e+00   2.4000000e+01   1.6373432e-15   2.2659375e-01   2.2659375e-01
   9.0000000e+00   2.4000000e+01   1.8329080e-15   2.5246875e-01   2.5246875e-01
   1.0000000e+01   2.4000000e+01   1.8925732e-15   2.7490625e-01   2.7490625e-01
   1.1000000e+01   2.4000000e+01   2.0934696e-15   2.8978125e-01   2.8978125e-01
   1.2000000e+01   2.4000000e+01   1.9767776e-15   2.8818750e-01   2.8818750e-01
   1.3000000e+01   2.4000000e+01   1.9207457e-15   2.7900000e-01   2.7900000e-01
   1.4000000e+01   2.4000000e+01   2.0055560e-15   2.6825000e-01   2.6825000e-01
   1.5000000e+01   2.4000000e+01   1.7454833e-15   2.5459375e-01   2.5459375e-01
   1.6000000e+01   2.4000000e+01   1.7476356e-15   2.4721875e-01   2.4721875e-01
   1.7000000e+01   2.4000000e+01   1.5175655e-15   2.2518750e-01   2.2518750e-01
   1.8000000e+01   2.4000000e+01   1.4529550e-15   2.1321875e-01   2.1321875e-01
   1.9000000e+01   2.4000000e+01   1.4553512e-15   2.0428125e-01   2.0428125e-01
   2.0000000e+01   2.4000000e+01   1.2947217e-15   1.9734375e-01   1.9734375e-01
   2.1000000e+01   2.4000000e+01   1.3226166e-15   1.9381250e-01   1.9381250e-01
   2.2000000e+01   2.4000000e+01   1.2954231e-15   1.9150000e-01   1.9150000e-01
   2.3000000e+01   2.4000000e+01   1.3361730e-15   2.0365625e-01   2.0365625e-01
   2.4000000e+01   2.4000000e+01   1.5308766e-15   2.2181250e-01   2.2181250e-01
   2.5000000e+01   2.4000000e+01   1.7889996e-15   2.4403125e-01   2.4403125e-01
   2.6000000e+01   2.4000000e+01   1.9894375e-15   2.7009375e-01   2.7009375e-01
   2.7000000e+01   2.4000000e+01   2.0412024e-15   2.8803125e-01   2.8803125e-01
   2.8000000e+01   2.4000000e+01   1.9797119e-15   2.9365625e-01   2.9365625e-01
   2.9000000e+01   2.4000000e+01   2.0721495e-15   2.8696875e-01   2.8696875e-01
   3.0000000e+01   2.4000000e+01   2.0535484e-15   2.6890625e-01   2.6890625e-01
   3.1000000e+01   2.4000000e+01   1.9069372e-15   2.6278125e-01   2.6278125e-01
   3.2000000e+01   2.4000000e+01   1.7883880e-15   2.5353125e-01   2.5353125e-01
   3.3000000e+01   2.4000000e+01   1.5801235e-15   2.3553125e-01   2.3553125e-01
   3.4000000e+01   2.4000000e+01   1.4892990e-15   2.2318750e-01   2.2318750e-01
   3.5000000e+01   2.4000000e+01   1.4179901e-15   2.0837500e-01   2.0837500e-01
   1.0000000e+00   2.5000000e+01   1.5820268e-15   2.1603125e-01   2.1603125e-01
   2.0000000e+00   2.5000000e+01   1.5698758e-15   2.0728125e-01   2.0728125e-01
   3.0000000e+00   2.5000000e+01   1.5396077e-15   2.0193750e-01   2.0193750e-01
   4.0000000e+00   2.5000000e+01   1.4291768e-15   1.9534375e-01   1.9534375e-01
   5.0000000e+00   2.5000000e+01   1.3179113e-15   1.9196875e-01   1.9196875e-01
   6.0000000e+00   2.5000000e+01   1.3232920e-15   1.9721875e-01   1.9721875e-01
   7.0000000e+00   2.5000000e+01   1.4265386e-15   2.1925000e-01   2.1925000e-01
   8.0000000e+00   2.5000000e+01   1.6809382e-15   2.4325000e-01   2.4325000e-01
   9.0000000e+00   2.5000000e+01   1.9319818e-15   2.6262500e-01   2.6262500e-01
   1.0000000e+01   2.5000000e+01   2.1814133e-15   2.8418750e-01   2.8418750e-01
   1.1000000e+01   2.5000000e+01   2.2036785e-15   2.9875000e-01   2.9875000e-01
   1.2000000e+01   2.5000000e+01   2.0889196e-15   2.9812500e-01   2.9812500e-01
   1.3000000e+01   2.5000000e+01   2.1365747e-15   2.9084375e-01   2.9084375e-01
   1.4000000e+01   2.5000000e+01   2.1575623e-15   2.7796875e-01   2.7796875e-01
   1.5000000e+01   2.5000000e+01   1.9767868e-15   2.6059375e-01   2.6059375e-01
   1.6000000e+01   2.5000000e+01   1.8020435e-15   2.5387500e-01   2.5387500e-01
   1.7000000e+01   2.5000000e+01   1.6115113e-15   2.3753125e-01   2.3753125e-01
   1.8000000e+01   2.5000000e+01   1.5467885e-15   2.2528125e-01   2.2528125e-01
   1.9000000e+01   2.5000000e+01   1.4597853e-15   2.1040625e-01   2.1040625e-01
   2.0000000e+01   2.5000000e+01   1.4386106e-15   1.9746875e-01   1.9746875e-01
   2.1000000e+01   2.5000000e+01   1.3819438e-15   1.9781250e-01   1.9781250e-01
   2.2000000e+01   2.5000000e+01   1.3017877e-15   1.9693750e-01   1.9693750e-01
   2.3000000e+01   2.5000000e+01   1.4024043e-15   2.1200000e-01   2.1200000e-01
   2.4000000e+01   2.5000000e+01   1.5977618e-15   2.3634375e-01   2.3634375e-01
   2.5000000e+01   2.5000000e+01   1.7799204e-15   2.5928125e-01   2.5928125e-01
   2.6000000e+01   2.5000000e+01   2.0238668e-15   2.7115625e-01   2.7115625e-01
   2.7000000e+01   2.5000000e+01   2.1953404e-15   2.9009375e-01   2.9009375e-01
   2.8000000e+01   2.5000000e+01   2.2286947e-15   2.9665625e-01   2.9665625e-01
   2.9000000e+01   2.5000000e+01   2.1224683e-15   2.9609375e-01   2.9609375e-01
   3.0000000e+01   2.5000000e+01   2.0351159e-15   2.8740625e-01   2.8740625e-01
   3.1000000e+01   2.5000000e+01   1.9322158e-15   2.7931250e-01   2.7931250e-01
   3.2000000e+01   2.5000000e+01   1.8056465e-15   2.5815625e-01   2.5815625e-01
   3.3000000e+01   2.5000000e+01   1.8745478e-15   2.4159375e-01   2.4159375e-01
   3.4000000e+01   2.5000000e+01   1.7403716e-15   2.2818750e-01   2.2818750e-01
   3.5000000e+01   2.5000000e+01   1.6034023e-15   2.1778125e-01   2.1778125e-01
   1.0000000e+00   2.6000000e+01   1.6349367e-15   2.3325000e-01   2.3325000e-01
   2.0000000e+00   2.6000000e+01   1.5215352e-15   2.2037500e-01   2.2037500e-01
   3.0000000e+00   2.6000000e+01   1.3167711e-15   2.0725000e-01   2.0725000e-01
   4.0000000e+00   2.6000000e+01   1.3487097e-15   1.9400000e-01   1.9400000e-01
   5.0000000e+00   2.6000000e+01   1.3842981e-15   1.9459375e-01   1.9459375e-01
   6.0000000e+00   2.6000000e+01   1.4317788e-15   2.0375000e-01   2.0375000e-01
   7.0000000e+00   2.6000000e+01   1.5170290e-15   2.2578125e-01   2.2578125e-01
   8.0000000e+00   2.6000000e+01   1.6200053e-15   2.5128125e-01   2.5128125e-01
   9.0000000e+00   2.6000000e+01   1.8052929e-15   2.7206250e-01   2.7206250e-01
   1.0000000e+01   2.6000000e+01   1.9942091e-15   2.8762500e-01   2.8762500e-01
   1.1000000e+01   2.6000000e+01   2.0290667e-15   2.9737500e-01   2.9737500e-01
   1.2000000e+01   2.6000000e+01   2.1063005e-15   3.0168750e-01   3.0168750e-01
   1.3000000e+01   2.6000000e+01   2.0280428e-15   2.9506250e-01   2.9506250e-01
   1.4000000e+01   2.6000000e+01   2.0028362e-15   2.8675000e-01   2.8675000e-01
   1.5000000e+01   2.6000000e+01   1.9837439e-15   2.7481250e-01   2.7481250e-01
   1.6000000e+01   2.6000000e+01   1.8287906e-15   2.6181250e-01   2.6181250e-01
   1.7000000e+01   2.6000000e+01   1.8297832e-15   2.4496875e-01   2.4496875e-01
   1.8000000e+01   2.6000000e+01   1.6304709e-15   2.2596875e-01   2.2596875e-01
   1.9000000e+01   2.6000000e+01   1.4335388e-15   2.1462500e-01   2.1462500e-01
   2.0000000e+01   2.6000000e+01   1.3472330e-15   2.0437500e-01   2.0437500e-01
   2.1000000e+01   2.6000000e+01   1.2925798e-15   1.9837500e-01   1.9837500e-01
   2.2000000e+01   2.6000000e+01   1.3690342e-15   1.9890625e-01   1.9890625e-01
   2.3000000e+01   2.6000000e+01   1.5599512e-15   2.1281250e-01   2.1281250e-01
   2.4000000e+01   2.6000000e+01   1.6276228e-15   2.3793750e-01   2.3793750e-01
   2.5000000e+01   2.6000000e+01   1.8164066e-15   2.6378125e-01   2.6378125e-01
   2.6000000e+01   2.6000000e+01   1.8389746e-15   2.7203125e-01   2.7203125e-01
   2.7000000e+01   2.6000000e+01   2.0382582e-15   2.8718750e-01   2.8718750e-01
   2.8000000e+01   2.6000000e+01   2.1165548e-15   2.9387500e-01   2.9387500e-01
   2.9000000e+01   2.6000000e+01   2.2361322e-15   2.8987500e-01   2.8987500e-01
   3.0000000e+01   2.6000000e+01   1.9744497e-15   2.9034375e-01   2.9034375e-01
   3.1000000e+01   2.6000000e+01   1.9593456e-15   2.7896875e-01   2.7896875e-01
   3.2000000e+01   2.6000000e+01   1.9338344e-15   2.6975000e-01   2.6975000e-01
   3.3000000e+01   2.6000000e+01   1.8718885e-15   2.4987500e-01   2.4987500e-01
   3.4000000e+01   2.6000000e+01   1.5668803e-15   2.3765625e-01   2.3765625e-01
   3.5000000e+01   2.6000000e+01   1.5149690e-15   2.2525000e-01   2.2525000e-01
   1.0000000e+00   2.7000000e+01   1.7368937e-15   2.4259375e-01   2.4259375e-01
   2.0000000e+00   2.7000000e+01   1.5908153e-15   2.2700000e-01   2.2700000e-01
   3.0000000e+00   2.7000000e+01   1.4919315e-15   2.1481250e-01   2.1481250e-01
   4.0000000e+00   2.7000000e+01   1.4924557e-15   2.0315625e-01   2.0315625e-01
   5.0000000e+00   2.7000000e+01   1.3403188e-15   2.0190625e-01   2.0190625e-01
   6.0000000e+00   2.7000000e+01   1.3846037e-15   2.1175000e-01   2.1175000e-01
   7.0000000e+00   2.7000000e+01   1.6528977e-15   2.3028125e-01   2.3028125e-01
   8.0000000e+00   2.7000000e+01   1.8099316e-15   2.4271875e-01   2.4271875e-01
   9.0000000e+00   2.7000000e+01   1.8464199e-15   2.6353125e-01   2.6353125e-01
   1.0000000e+01   2.7000000e+01   1.7867964e-15   2.7221875e-01   2.7221875e-01
   1.1000000e+01   2.7000000e+01   1.9166788e-15   2.7903125e-01   2.7903125e-01
   1.2000000e+01   2.7000000e+01   1.9954744e-15   2.8646875e-01   2.8646875e-01
   1.3000000e+01   2.7000000e+01   2.0505430e-15   2.8912500e-01   2.8912500e-01
   1.4000000e+01   2.7000000e+01   2.0910940e-15   2.8678125e-01   2.8678125e-01
   1.5000000e+01   2.7000000e+01   2.0443944e-15   2.7468750e-01   2.7468750e-01
   1.6000000e+01   2.7000000e+01   1.9241021e-15   2.5856250e-01   2.5856250e-01
   1.7000000e+01   2.7000000e+01   1.7498270e-15   2.5050000e-01   2.5050000e-01
   1.8000000e+01   2.7000000e+01   1.5093886e-15   2.3584375e-01   2.3584375e-01
   1.9000000e+01   2.7000000e+01   1.4957342e-15   2.2465625e-01   2.2465625e-01
   2.0000000e+01   2.7000000e+01   1.3455659e-15   2.1131250e-01   2.1131250e-01
   2.1000000e+01   2.7000000e+01   1.3326368e-15   2.0750000e-01   2.0750000e-01
   2.2000000e+01   2.7000000e+01   1.4653192e-15   2.0837500e-01   2.0837500e-01
   2.3000000e+01   2.7000000e+01   1.6609532e-15   2.2078125e-01   2.2078125e-01
   2.4000000e+01   2.7000000e+01   1.7147067e-15   2.3309375e-01   2.3309375e-01
   2.5000000e+01   2.7000000e+01   1.7783778e-15   2.5093750e-01   2.5093750e-01
   2.6000000e+01   2.7000000e+01   1.7903826e-15   2.6218750e-01   2.6218750e-01
   2.7000000e+01   2.7000000e+01   1.9408794e-15   2.7575000e-01   2.7575000e-01
   2.8000000e+01   2.7000000e+01   1.8929089e-15   2.7906250e-01   2.7906250e-01
   2.9000000e+01   2.7000000e+01   1.9536185e-15   2.8700000e-01   2.8700000e-01
   3.0000000e+01   2.7000000e+01   1.8872973e-15   2.8175000e-01   2.8175000e-01
   3.1000000e+01   2.7000000e+01   1.9706949e-15   2.7815625e-01   2.7815625e-01
   3.2000000e+01   2.7000000e+01   1.9857239e-15   2.7309375e-01   2.7309375e-01
   3.3000000e+01   2.7000000e+01   1.8887445e-15   2.5521875e-01   2.5521875e-01
   3.4000000e+01   2.7000000e+01   1.7499359e-15   2.3831250e-01   2.3831250e-01
   3.5000000e+01   2.7000000e+01   1.5779206e-15   2.3265625e-01   2.3265625e-01
   1.0000000e+00   2.8000000e+01   1.7106591e-15   2.4512500e-01   2.4512500e-01
   2.0000000e+00   2.8000000e+01   1.6902272e-15   2.3284375e-01   2.3284375e-01
   3.0000000e+00   2.8000000e+01   1.5843737e-15   2.2296875e-01   2.2296875e-01
   4.0000000e+00   2.8000000e+01   1.5397229e-15   2.0978125e-01   2.0978125e-01
   5.0000000e+00   2.8000000e+01   1.3157763e-15   2.0818750e-01   2.0818750e-01
   6.0000000e+00   2.8000000e+01   1.4709766e-15   2.1300000e-01   2.1300000e-01
   7.0000000e+00   2.8000000e+01   1.6532913e-15   2.2550000e-01   2.2550000e-01
   8.0000000e+00   2.8000000e+01   1.6877864e-15   2.4321875e-01   2.4321875e-01
   9.0000000e+00   2.8000000e+01   1.7638623e-15   2.5946875e-01   2.5946875e-01
   1.0000000e+01   2.8000000e+01   1.8289193e-15   2.6471875e-01   2.6471875e-01
   1.1000000e+01   2.8000000e+01   1.9381959e-15   2.7168750e-01   2.7168750e-01
   1.2000000e+01   2.8000000e+01   1.9775524e-15   2.7871875e-01   2.7871875e-01
   1.3000000e+01   2.8000000e+01   2.0734390e-15   2.8081250e-01   2.8081250e-01
   1.4000000e+01   2.8000000e+01   2.0836525e-15   2.7362500e-01   2.7362500e-01
   1.5000000e+01   2.8000000e+01   1.9591878e-15   2.6350000e-01   2.6350000e-01
   1.6000000e+01   2.8000000e+01   1.8276967e-15   2.6493750e-01   2.6493750e-01
   1.7000000e+01   2.8000000e+01   1.6827241e-15   2.4625000e-01   2.4625000e-01
   1.8000000e+01   2.8000000e+01   1.6950347e-15   2.3578125e-01   2.3578125e-01
   1.9000000e+01   2.8000000e+01   1.6328617e-15   2.2053125e-01   2.2053125e-01
   2.0000000e+01   2.8000000e+01   1.4985700e-15   2.1490625e-01   2.1490625e-01
   2.1000000e+01   2.8000000e+01   1.4133610e-15   2.1262500e-01   2.1262500e-01
   2.2000000e+01   2.8000000e+01   1.3171324e-15   2.0750000e-01   2.0750000e-01
   2.3000000e+01   2.8000000e+01   1.4802783e-15   2.2146875e-01   2.2146875e-01
   2.4000000e+01   2.8000000e+01   1.6250943e-15   2.3418750e-01   2.3418750e-01
   2.5000000e+01   2.8000000e+01   1.7926968e-15   2.5106250e-01   2.5106250e-01
   2.6000000e+01   2.8000000e+01   1.9446172e-15   2.5331250e-01   2.5331250e-01
   2.7000000e+01   2.8000000e+01   1.8028772e-15   2.6384375e-01   2.6384375e-01
   2.8000000e+01   2.8000000e+01   1.8888732e-15   2.7390625e-01   2.7390625e-01
   2.9000000e+01   2.8000000e+01   1.8815585e-15   2.7340625e-01   2.7340625e-01
   3.0000000e+01   2.8000000e+01   1.9368486e-15   2.7440625e-01   2.7440625e-01
   3.1000000e+01   2.8000000e+01   1.9575524e-15   2.6984375e-01   2.6984375e-01
   3.2000000e+01   2.8000000e+01   1.8559049e-15   2.6265625e-01   2.6265625e-01
   3.3000000e+01   2.8000000e+01   1.7314105e-15   2.5046875e-01   2.5046875e-01
   3.4000000e+01   2.8000000e+01   1.5996603e-15   2.3634375e-01   2.3634375e-01
   3.5000000e+01   2.8000000e+01   1.6559839e-15   2.3096875e-01   2.3096875e-01
   1.0000000e+00   2.9000000e+01   1.6129131e-15   2.3909375e-01   2.3909375e-01
   2.0000000e+00   2.9000000e+01   1.7152254e-15   2.3028125e-01   2.3028125e-01
   3.0000000e+00   2.9000000e+01   1.5583261e-15   2.1915625e-01   2.1915625e-01
   4.0000000e+00   2.9000000e+01   1.4695656e-15   2.1687500e-01   2.1687500e-01
   5.0000000e+00   2.9000000e+01   1.2886407e-15   2.0140625e-01   2.0140625e-01
   6.0000000e+00   2.9000000e+01   1.3984272e-15   2.0409375e-01   2.0409375e-01
   7.0000000e+00   2.9000000e+01   1.4836999e-15   2.1609375e-01   2.1609375e-01
   8.0000000e+00   2.9000000e+01   1.6952200e-15   2.2978125e-01   2.2978125e-01
   9.0000000e+00   2.9000000e+01   1.8812250e-15   2.4359375e-01   2.4359375e-01
   1.0000000e+01   2.9000000e+01   1.7880060e-15   2.5400000e-01   2.5400000e-01
   1.1000000e+01   2.9000000e+01   1.8772380e-15   2.6706250e-01   2.6706250e-01
   1.2000000e+01   2.9000000e+01   1.7957184e-15   2.6643750e-01   2.6643750e-01
   1.3000000e+01   2.9000000e+01   1.8006284e-15   2.6521875e-01   2.6521875e-01
   1.4000000e+01   2.9000000e+01   1.7990703e-15   2.6393750e-01   2.6393750e-01
   1.5000000e+01   2.9000000e+01   1.7066929e-15   2.5618750e-01   2.5618750e-01
   1.6000000e+01   2.9000000e+01   1.6444553e-15   2.4884375e-01   2.4884375e-01
   1.7000000e+01   2.9000000e+01   1.5789031e-15   2.3540625e-01   2.3540625e-01
   1.8000000e+01   2.9000000e+01   1.5186957e-15   2.2400000e-01   2.2400000e-01
   1.9000000e+01   2.9000000e+01   1.5030555e-15   2.1412500e-01   2.1412500e-01
   2.0000000e+01   2.9000000e+01   1.4514540e-15   2.0431250e-01   2.0431250e-01
   2.1000000e+01   2.9000000e+01   1.4120924e-15   1.9737500e-01   1.9737500e-01
   2.2000000e+01   2.9000000e+01   1.4392554e-15   1.9278125e-01   1.9278125e-01
   2.3000000e+01   2.9000000e+01   1.4783084e-15   2.0296875e-01   2.0296875e-01
   2.4000000e+01   2.9000000e+01   1.5620094e-15   2.1925000e-01   2.1925000e-01
   2.5000000e+01   2.9000000e+01   1.6847883e-15   2.3468750e-01   2.3468750e-01
   2.6000000e+01   2.9000000e+01   1.7999015e-15   2.4537500e-01   2.4537500e-01
   2.7000000e+01   2.9000000e+01   1.8958717e-15   2.5375000e-01   2.5375000e-01
   2.8000000e+01   2.9000000e+01   1.9579177e-15   2.6050000e-01   2.6050000e-01
   2.9000000e+01   2.9000000e+01   1.8882196e-15   2.6068750e-01   2.6068750e-01
   3.0000000e+01   2.9000000e+01   1.8285626e-15   2.5571875e-01   2.5571875e-01
   3.1000000e+01   2.9000000e+01   1.7028625e-15   2.5456250e-01   2.5456250e-01
   3.2000000e+01   2.9000000e+01   1.6721302e-15   2.4521875e-01   2.4521875e-01
   3.3000000e+01   2.9000000e+01   1.6582763e-15   2.2646875e-01   2.2646875e-01
   3.4000000e+01   2.9000000e+01   1.6442470e-15   2.2625000e-01   2.2625000e-01
   3.5000000e+01   2.9000000e+01   1.5946542e-15   2.1806250e-01   2.1806250e-01
   1.0000000e+00   3.0000000e+01   1.4931247e-15   2.2056250e-01   2.2056250e-01
   2.0000000e+00   3.0000000e+01   1.4430396e-15   2.1881250e-01   2.1881250e-01
   3.0000000e+00   3.0000000e+01   1.3597290e-15   2.0971875e-01   2.0971875e-01
   4.0000000e+00   3.0000000e+01   1.4261103e-15   1.9518750e-01   1.9518750e-01
   5.0000000e+00   3.0000000e+01   1.3065301e-15   1.9000000e-01   1.9000000e-01
   6.0000000e+00   3.0000000e+01   1.2592152e-15   1.8831250e-01   1.8831250e-01
   7.0000000e+00   3.0000000e+01   1.2917849e-15   1.9603125e-01   1.9603125e-01
   8.0000000e+00   3.0000000e+01   1.4977417e-15   2.0615625e-01   2.0615625e-01
   9.0000000e+00   3.0000000e+01   1.5742219e-15   2.2753125e-01   2.2753125e-01
   1.0000000e+01   3.0000000e+01   1.5643185e-15   2.3743750e-01   2.3743750e-01
   1.1000000e+01   3.0000000e+01   1.8137084e-15   2.4006250e-01   2.4006250e-01
   1.2000000e+01   3.0000000e+01   1.7289094e-15   2.4471875e-01   2.4471875e-01
   1.3000000e+01   3.0000000e+01   1.6362673e-15   2.4021875e-01   2.4021875e-01
   1.4000000e+01   3.0000000e+01   1.6026475e-15   2.3818750e-01   2.3818750e-01
   1.5000000e+01   3.0000000e+01   1.6110483e-15   2.2240625e-01   2.2240625e-01
   1.6000000e+01   3.0000000e+01   1.6159503e-15   2.2184375e-01   2.2184375e-01
   1.7000000e+01   3.0000000e+01   1.5163309e-15   2.1571875e-01   2.1571875e-01
   1.8000000e+01   3.0000000e+01   1.4243394e-15   2.1034375e-01   2.1034375e-01
   1.9000000e+01   3.0000000e+01   1.3030531e-15   2.0240625e-01   2.0240625e-01
   2.0000000e+01   3.0000000e+01   1.2771012e-15   1.9768750e-01   1.9768750e-01
   2.1000000e+01   3.0000000e+01   1.3427400e-15   1.8484375e-01   1.8484375e-01
   2.2000000e+01   3.0000000e+01   1.2216265e-15   1.8309375e-01   1.8309375e-01
   2.3000000e+01   3.0000000e+01   1.1732175e-15   1.8243750e-01   1.8243750e-01
   2.4000000e+01   3.0000000e+01   1.2236888e-15   1.9271875e-01   1.9271875e-01
   2.5000000e+01   3.0000000e+01   1.3413591e-15   2.0934375e-01   2.0934375e-01
   2.6000000e+01   3.0000000e+01   1.5992038e-15   2.1443750e-01   2.1443750e-01
   2.7000000e+01   3.0000000e+01   1.6365699e-15   2.3284375e-01   2.3284375e-01
   2.8000000e+01   3.0000000e+01   1.5521432e-15   2.3312500e-01   2.3312500e-01
   2.9000000e+01   3.0000000e+01   1.6644514e-15   2.3012500e-01   2.3012500e-01
   3.0000000e+01   3.0000000e+01   1.5528019e-15   2.2793750e-01   2.2793750e-01
   3.1000000e+01   3.0000000e+01   1.4740083e-15   2.2509375e-01   2.2509375e-01
   3.2000000e+01   3.0000000e+01   1.4901967e-15   2.1065625e-01   2.1065625e-01
   3.3000000e+01   3.0000000e+01   1.4288514e-15   2.1059375e-01   2.1059375e-01
   3.4000000e+01   3.0000000e+01   1.3319279e-15   2.0462500e-01   2.0462500e-01
   3.5000000e+01   3.0000000e+01   1.2506940e-15   2.0034375e-01   2.0034375e-01
   1.0000000e+00   3.1000000e+01   1.4336061e-15   2.0337500e-01   2.0337500e-01
   2.0000000e+00   3.1000000e+01   1.3093617e-15   1.9765625e-01   1.9765625e-01
   3.0000000e+00   3.1000000e+01   1.3449257e-15   1.8543750e-01   1.8543750e-01
   4.0000000e+00   3.1000000e+01   1.2204784e-15   1.8568750e-01   1.8568750e-01
   5.0000000e+00   3.1000000e+01   1.1395423e-15   1.7678125e-01   1.7678125e-01
   6.0000000e+00   3.1000000e+01   1.1508274e-15   1.7015625e-01   1.7015625e-01
   7.0000000e+00   3.1000000e+01   1.1432687e-15   1.7906250e-01   1.7906250e-01
   8.0000000e+00   3.1000000e+01   1.3698221e-15   1.8459375e-01   1.8459375e-01
   9.0000000e+00   3.1000000e+01   1.3297326e-15   2.0318750e-01   2.0318750e-01
   1.0000000e+01   3.1000000e+01   1.5162641e-15   2.0765625e-01   2.0765625e-01
   1.1000000e+01   3.1000000e+01   1.4785202e-15   2.1956250e-01   2.1956250e-01
   1.2000000e+01   3.1000000e+01   1.5315718e-15   2.1115625e-01   2.1115625e-01
   1.3000000e+01   3.1000000e+01   1.4902024e-15   2.1246875e-01   2.1246875e-01
   1.4000000e+01   3.1000000e+01   1.4354850e-15   2.1118750e-01   2.1118750e-01
   1.5000000e+01   3.1000000e+01   1.3843927e-15   2.0490625e-01   2.0490625e-01
   1.6000000e+01   3.1000000e+01   1.3318686e-15   1.9937500e-01   1.9937500e-01
   1.7000000e+01   3.1000000e+01   1.1567162e-15   1.9412500e-01   1.9412500e-01
   1.8000000e+01   3.1000000e+01   1.2059390e-15   1.8518750e-01   1.8518750e-01
   1.9000000e+01   3.1000000e+01   1.1949821e-15   1.8087500e-01   1.8087500e-01
   2.0000000e+01   3.1000000e+01   1.1626033e-15   1.8018750e-01   1.8018750e-01
   2.1000000e+01   3.1000000e+01   1.1820580e-15   1.7462500e-01   1.7462500e-01
   2.2000000e+01   3.1000000e+01   1.1765921e-15   1.7359375e-01   1.7359375e-01
   2.3000000e+01   3.1000000e+01   1.1345691e-15   1.7412500e-01   1.7412500e-01
   2.4000000e+01   3.1000000e+01   1.2485955e-15   1.8293750e-01   1.8293750e-01
   2.5000000e+01   3.1000000e+01   1.2108431e-15   1.9190625e-01   1.9190625e-01
   2.6000000e+01   3.1000000e+01   1.4718418e-15   1.9646875e-01   1.9646875e-01
   2.7000000e+01   3.1000000e+01   1.3595921e-15   2.0890625e-01   2.0890625e-01
   2.8000000e+01   3.1000000e+01   1.5258646e-15   2.0656250e-01   2.0656250e-01
   2.9000000e+01   3.1000000e+01   1.4199846e-15   2.0837500e-01   2.0837500e-01
   3.0000000e+01   3.1000000e+01   1.3530439e-15   2.0065625e-01   2.0065625e-01
   3.1000000e+01   3.1000000e+01   1.3252191e-15   1.9728125e-01   1.9728125e-01
   3.2000000e+01   3.1000000e+01   1.2176576e-15   1.9637500e-01   1.9637500e-01
   3.3000000e+01   3.1000000e+01   1.3859698e-15   1.8896875e-01   1.8896875e-01
   3.4000000e+01   3.1000000e+01   1.2266964e-15   1.8234375e-01   1.8234375e-01
   3.5000000e+01   3.1000000e+01   1.1041078e-15   1.7278125e-01   1.7278125e-01
   1.0000000e+00   3.2000000e+01   1.1477586e-15   1.8093750e-01   1.8093750e-01
   2.0000000e+00   3.2000000e+01   1.1897454e-15   1.6918750e-01   1.6918750e-01
   3.0000000e+00   3.2000000e+01   1.1202471e-15   1.7240625e-01   1.7240625e-01
   4.0000000e+00   3.2000000e+01   1.1943631e-15   1.7015625e-01   1.7015625e-01
   5.0000000e+00   3.2000000e+01   1.0334498e-15   1.6756250e-01   1.6756250e-01
   6.0000000e+00   3.2000000e+01   1.0162088e-15   1.7112500e-01   1.7112500e-01
   7.0000000e+00   3.2000000e+01   1.2934732e-15   1.8050000e-01   1.8050000e-01
   8.0000000e+00   3.2000000e+01   1.2072988e-15   1.8637500e-01   1.8637500e-01
   9.0000000e+00   3.2000000e+01   1.3219861e-15   1.9606250e-01   1.9606250e-01
   1.0000000e+01   3.2000000e+01   1.3972681e-15   2.0034375e-01   2.0034375e-01
   1.1000000e+01   3.2000000e+01   1.3256280e-15   2.0631250e-01   2.0631250e-01
   1.2000000e+01   3.2000000e+01   1.4278211e-15   1.9718750e-01   1.9718750e-01
   1.3000000e+01   3.2000000e+01   1.3152551e-15   1.9450000e-01   1.9450000e-01
   1.4000000e+01   3.2000000e+01   1.2473392e-15   1.9050000e-01   1.9050000e-01
   1.5000000e+01   3.2000000e+01   1.2753104e-15   1.8768750e-01   1.8768750e-01
   1.6000000e+01   3.2000000e+01   1.1835754e-15   1.8468750e-01   1.8468750e-01
   1.7000000e+01   3.2000000e+01   1.3312760e-15   1.7837500e-01   1.7837500e-01
   1.8000000e+01   3.2000000e+01   1.0637316e-15   1.7315625e-01   1.7315625e-01
   1.9000000e+01   3.2000000e+01   1.1509631e-15   1.7071875e-01   1.7071875e-01
   2.0000000e+01   3.2000000e+01   1.1231637e-15   1.7328125e-01   1.7328125e-01
   2.1000000e+01   3.2000000e+01   1.0723308e-15   1.6993750e-01   1.6993750e-01
   2.2000000e+01   3.2000000e+01   1.0736521e-15   1.7196875e-01   1.7196875e-01
   2.3000000e+01   3.2000000e+01   1.1062823e-15   1.7681250e-01   1.7681250e-01
   2.4000000e+01   3.2000000e+01   1.2439923e-15   1.8718750e-01   1.8718750e-01
   2.5000000e+01   3.2000000e+01   1.3496504e-15   1.8968750e-01   1.8968750e-01
   2.6000000e+01   3.2000000e+01   1.2992104e-15   2.0100000e-01   2.0100000e-01
   2.7000000e+01   3.2000000e+01   1.4524035e-15   1.9837500e-01   1.9837500e-01
   2.8000000e+01   3.2000000e+01   1.3267741e-15   1.9971875e-01   1.9971875e-01
   2.9000000e+01   3.2000000e+01   1.2953765e-15   1.9400000e-01   1.9400000e-01
   3.0000000e+01   3.2000000e+01   1.4242193e-15   1.8590625e-01   1.8590625e-01
   3.1000000e+01   3.2000000e+01   1.1969915e-15   1.8337500e-01   1.8337500e-01
   3.2000000e+01   3.2000000e+01   1.1326715e-15   1.7700000e-01   1.7700000e-01
   3.3000000e+01   3.2000000e+01   1.2375797e-15   1.7421875e-01   1.7421875e-01
   3.4000000e+01   3.2000000e+01   1.1296720e-15   1.7181250e-01   1.7181250e-01
   3.5000000e+01   3.2000000e+01   1.0800531e-15   1.7175000e-01   1.7175000e-01
   1.0000000e+00   3.3000000e+01   1.1474355e-15   1.7190625e-01   1.7190625e-01
   2.0000000e+00   3.3000000e+01   1.0885287e-15   1.7215625e-01   1.7215625e-01
   3.0000000e+00   3.3000000e+01   1.0958317e-15   1.7653125e-01   1.7653125e-01
   4.0000000e+00   3.3000000e+01   1.1326270e-15   1.7131250e-01   1.7131250e-01
   5.0000000e+00   3.3000000e+01   1.2269913e-15   1.6687500e-01   1.6687500e-01
   6.0000000e+00   3.3000000e+01   1.1960246e-15   1.7421875e-01   1.7421875e-01
   7.0000000e+00   3.3000000e+01   1.1609997e-15   1.8259375e-01   1.8259375e-01
   8.0000000e+00   3.3000000e+01   1.3310461e-15   2.0068750e-01   2.0068750e-01
   9.0000000e+00   3.3000000e+01   1.4776666e-15   2.0568750e-01   2.0568750e-01
   1.0000000e+01   3.3000000e+01   1.5932566e-15   2.1615625e-01   2.1615625e-01
   1.1000000e+01   3.3000000e+01   1.4340106e-15   2.0890625e-01   2.0890625e-01
   1.2000000e+01   3.3000000e+01   1.2767880e-15   2.0115625e-01   2.0115625e-01
   1.3000000e+01   3.3000000e+01   1.3112062e-15   1.8943750e-01   1.8943750e-01
   1.4000000e+01   3.3000000e+01   1.2991714e-15   1.8331250e-01   1.8331250e-01
   1.5000000e+01   3.3000000e+01   1.1989414e-15   1.7671875e-01   1.7671875e-01
   1.6000000e+01   3.3000000e+01   1.1355259e-15   1.7550000e-01   1.7550000e-01
   1.7000000e+01   3.3000000e+01   1.1837028e-15   1.8146875e-01   1.8146875e-01
   1.8000000e+01   3.3000000e+01   1.1597086e-15   1.8318750e-01   1.8318750e-01
   1.9000000e+01   3.3000000e+01   1.1561755e-15   1.7865625e-01   1.7865625e-01
   2.0000000e+01   3.3000000e+01   1.2280165e-15   1.7146875e-01   1.7146875e-01
   2.1000000e+01   3.3000000e+01   1.2021610e-15   1.7431250e-01   1.7431250e-01
   2.2000000e+01   3.3000000e+01   1.0845941e-15   1.7162500e-01   1.7162500e-01
   2.3000000e+01   3.3000000e+01   1.1194420e-15   1.7775000e-01   1.7775000e-01
   2.4000000e+01   3.3000000e+01   1.2124816e-15   1.8990625e-01   1.8990625e-01
   2.5000000e+01   3.3000000e+01   1.3170929e-15   2.0425000e-01   2.0425000e-01
   2.6000000e+01   3.3000000e+01   1.3956219e-15   2.1437500e-01   2.1437500e-01
   2.7000000e+01   3.3000000e+01   1.4032213e-15   2.1134375e-01   2.1134375e-01
   2.8000000e+01   3.3000000e+01   1.3865483e-15   2.0306250e-01   2.0306250e-01
   2.9000000e+01   3.3000000e+01   1.3220808e-15   1.9212500e-01   1.9212500e-01
   3.0000000e+01   3.3000000e+01   1.2557894e-15   1.8546875e-01   1.8546875e-01
   3.1000000e+01   3.3000000e+01   1.2061368e-15   1.7503125e-01   1.7503125e-01
   3.2000000e+01   3.3000000e+01   1.2506074e-15   1.7015625e-01   1.7015625e-01
   3.3000000e+01   3.3000000e+01   1.2129003e-15   1.6853125e-01   1.6853125e-01
   3.4000000e+01   3.3000000e+01   1.1952144e-15   1.7837500e-01   1.7837500e-01
   3.5000000e+01   3.3000000e+01   1.1666800e-15   1.8300000e-01   1.8300000e-01
   1.0000000e+00   3.4000000e+01   1.1562409e-15   1.7903125e-01   1.7903125e-01
   2.0000000e+00   3.4000000e+01   1.2474368e-15   1.8218750e-01   1.8218750e-01
   3.0000000e+00   3.4000000e+01   1.2780913e-15   1.7662500e-01   1.7662500e-01
   4.0000000e+00   3.4000000e+01   1.1644775e-15   1.8071875e-01   1.8071875e-01
   5.0000000e+00   3.4000000e+01   1.2143734e-15   1.7671875e-01   1.7671875e-01
   6.0000000e+00   3.4000000e+01   1.2341851e-15   1.7696875e-01   1.7696875e-01
   7.0000000e+00   3.4000000e+01   1.3083942e-15   1.8334375e-01   1.8334375e-01
   8.0000000e+00   3.4000000e+01   1.3660919e-15   2.0678125e-01   2.0678125e-01
   9.0000000e+00   3.4000000e+01   1.4273266e-15   2.2712500e-01   2.2712500e-01
   1.0000000e+01   3.4000000e+01   1.5757209e-15   2.2831250e-01   2.2831250e-01
   1.1000000e+01   3.4000000e+01   1.6747100e-15   2.2050000e-01   2.2050000e-01
   1.2000000e+01   3.4000000e+01   1.3781867e-15   2.1265625e-01   2.1265625e-01
   1.3000000e+01   3.4000000e+01   1.3358345e-15   2.0065625e-01   2.0065625e-01
   1.4000000e+01   3.4000000e+01   1.3017781e-15   1.9090625e-01   1.9090625e-01
   1.5000000e+01   3.4000000e+01   1.3754524e-15   1.8162500e-01   1.8162500e-01
   1.6000000e+01   3.4000000e+01   1.1654701e-15   1.8153125e-01   1.8153125e-01
   1.7000000e+01   3.4000000e+01   1.2743238e-15   1.8925000e-01   1.8925000e-01
   1.8000000e+01   3.4000000e+01   1.3250669e-15   1.9200000e-01   1.9200000e-01
   1.9000000e+01   3.4000000e+01   1.3176973e-15   1.8815625e-01   1.8815625e-01
   2.0000000e+01   3.4000000e+01   1.2242601e-15   1.7881250e-01   1.7881250e-01
   2.1000000e+01   3.4000000e+01   1.1286577e-15   1.7950000e-01   1.7950000e-01
   2.2000000e+01   3.4000000e+01   1.1429702e-15   1.7490625e-01   1.7490625e-01
   2.3000000e+01   3.4000000e+01   1.2463708e-15   1.8181250e-01   1.8181250e-01
   2.4000000e+01   3.4000000e+01   1.4170615e-15   1.8837500e-01   1.8837500e-01
   2.5000000e+01   3.4000000e+01   1.4305181e-15   2.1371875e-01   2.1371875e-01
   2.6000000e+01   3.4000000e+01   1.5173780e-15   2.2356250e-01   2.2356250e-01
   2.7000000e+01   3.4000000e+01   1.5174481e-15   2.2121875e-01   2.2121875e-01
   2.8000000e+01   3.4000000e+01   1.4712655e-15   2.1487500e-01   2.1487500e-01
   2.9000000e+01   3.4000000e+01   1.3881148e-15   2.0440625e-01   2.0440625e-01
   3.0000000e+01   3.4000000e+01   1.2915515e-15   1.9693750e-01   1.9693750e-01
   3.1000000e+01   3.4000000e+01   1.2289629e-15   1.8568750e-01   1.8568750e-01
   3.2000000e+01   3.4000000e+01   1.1780624e-15   1.7837500e-01   1.7837500e-01
   3.3000000e+01   3.4000000e+01   1.1534276e-15   1.7728125e-01   1.7728125e-01
   3.4000000e+01   3.4000000e+01   1.0950981e-15   1.8312500e-01   1.8312500e-01
   3.5000000e+01   3.4000000e+01   1.1947397e-15   1.8600000e-01   1.8600000e-01
   1.0000000e+00   3.5000000e+01   1.3028941e-15   1.7900000e-01   1.7900000e-01
   2.0000000e+00   3.5000000e+01   1.3666167e-15   1.8296875e-01   1.8296875e-01
   3.0000000e+00   3.5000000e+01   1.2956059e-15   1.8175000e-01   1.8175000e-01
   4.0000000e+00   3.5000000e+01   1.1719569e-15   1.7865625e-01   1.7865625e-01
   5.0000000e+00   3.5000000e+01   1.1568782e-15   1.7706250e-01   1.7706250e-01
   6.0000000e+00   3.5000000e+01   1.2654633e-15   1.8896875e-01   1.8896875e-01
   7.0000000e+00   3.5000000e+01   1.3424272e-15   2.0728125e-01   2.0728125e-01
   8.0000000e+00   3.5000000e+01   1.4415735e-15   2.2075000e-01   2.2075000e-01
   9.0000000e+00   3.5000000e+01   1.7340661e-15   2.2962500e-01   2.2962500e-01
   1.0000000e+01   3.5000000e+01   1.8158639e-15   2.3853125e-01   2.3853125e-01
   1.1000000e+01   3.5000000e+01   1.7373297e-15   2.3856250e-01   2.3856250e-01
   1.2000000e+01   3.5000000e+01   1.6226939e-15   2.3334375e-01   2.3334375e-01
   1.3000000e+01   3.5000000e+01   1.5441620e-15   2.2681250e-01   2.2681250e-01
   1.4000000e+01   3.5000000e+01   1.4714634e-15   2.2015625e-01   2.2015625e-01
   1.5000000e+01   3.5000000e+01   1.3851996e-15   2.1043750e-01   2.1043750e-01
   1.6000000e+01   3.5000000e+01   1.3562653e-15   1.9953125e-01   1.9953125e-01
   1.7000000e+01   3.5000000e+01   1.2624858e-15   1.9243750e-01   1.9243750e-01
   1.8000000e+01   3.5000000e+01   1.1477904e-15   1.9393750e-01   1.9393750e-01
   1.9000000e+01   3.5000000e+01   1.2573664e-15   1.9356250e-01   1.9356250e-01
   2.0000000e+01   3.5000000e+01   1.2656135e-15   1.8984375e-01   1.8984375e-01
   2.1000000e+01   3.5000000e+01   1.3232118e-15   1.7856250e-01   1.7856250e-01
   2.2000000e+01   3.5000000e+01   1.1979483e-15   1.8546875e-01   1.8546875e-01
   2.3000000e+01   3.5000000e+01   1.2395274e-15   1.9265625e-01   1.9265625e-01
   2.4000000e+01   3.5000000e+01   1.3998956e-15   2.0690625e-01   2.0690625e-01
   2.5000000e+01   3.5000000e+01   1.6454457e-15   2.2240625e-01   2.2240625e-01
   2.6000000e+01   3.5000000e+01   1.6357341e-15   2.2946875e-01   2.2946875e-01
   2.7000000e+01   3.5000000e+01   1.6215579e-15   2.4115625e-01   2.4115625e-01
   2.8000000e+01   3.5000000e+01   1.6722598e-15   2.3565625e-01   2.3565625e-01
   2.9000000e+01   3.5000000e+01   1.7291243e-15   2.2893750e-01   2.2893750e-01
   3.0000000e+01   3.5000000e+01   1.5522639e-15   2.1609375e-01   2.1609375e-01
   3.1000000e+01   3.5000000e+01   1.4248850e-15   2.1125000e-01   2.1125000e-01
   3.2000000e+01   3.5000000e+01   1.3404835e-15   2.0190625e-01   2.0190625e-01
   3.3000000e+01   3.5000000e+01   1.1842258e-15   1.8690625e-01   1.8690625e-01
   3.4000000e+01   3.5000000e+01   1.2325671e-15   1.8271875e-01   1.8271875e-01
   3.5000000e+01   3.5000000e+01   1.2414290e-15   1.8121875e-01   1.8121875e-01
