   1.0000000e+00   1.0000000e+00   3.7735130e-15   5.0450000e-01   5.0450000e-01
   2.0000000e+00   1.0000000e+00   3.7930993e-15   5.0193750e-01   5.0193750e-01
   3.0000000e+00   1.0000000e+00   3.8402988e-15   4.8687500e-01   4.8687500e-01
   4.0000000e+00   1.0000000e+00   3.8879878e-15   4.9793750e-01   4.9793750e-01
   5.0000000e+00   1.0000000e+00   3.6081790e-15   4.7618750e-01   4.7618750e-01
   6.0000000e+00   1.0000000e+00   3.5091222e-15   4.5812500e-01   4.5812500e-01
   7.0000000e+00   1.0000000e+00   3.3827298e-15   4.4981250e-01   4.4981250e-01
   8.0000000e+00   1.0000000e+00   3.2460731e-15   4.4768750e-01   4.4768750e-01
   9.0000000e+00   1.0000000e+00   3.2234957e-15   4.2462500e-01   4.2462500e-01
   1.0000000e+01   1.0000000e+00   3.2362492e-15   4.3228125e-01   4.3228125e-01
   1.1000000e+01   1.0000000e+00   3.1259369e-15   4.2340625e-01   4.2340625e-01
   1.2000000e+01   1.0000000e+00   3.0513096e-15   4.1771875e-01   4.1771875e-01
   1.3000000e+01   1.0000000e+00   3.0278419e-15   3.9493750e-01   3.9493750e-01
   1.4000000e+01   1.0000000e+00   3.2318166e-15   4.2287500e-01   4.2287500e-01
   1.5000000e+01   1.0000000e+00   3.2705312e-15   4.4518750e-01   4.4518750e-01
   1.6000000e+01   1.0000000e+00   3.4481751e-15   4.6825000e-01   4.6825000e-01
   1.7000000e+01   1.0000000e+00   3.7030685e-15   4.7359375e-01   4.7359375e-01
   1.8000000e+01   1.0000000e+00   3.8784184e-15   5.0978125e-01   5.0978125e-01
   1.9000000e+01   1.0000000e+00   3.8475348e-15   5.0937500e-01   5.0937500e-01
   2.0000000e+01   1.0000000e+00   3.7762106e-15   5.0068750e-01   5.0068750e-01
   2.1000000e+01   1.0000000e+00   3.6569575e-15   4.8750000e-01   4.8750000e-01
   2.2000000e+01   1.0000000e+00   3.5710851e-15   4.4646875e-01   4.4646875e-01
   2.3000000e+01   1.0000000e+00   3.4037580e-15   4.5059375e-01   4.5059375e-01
   2.4000000e+01   1.0000000e+00   3.3766755e-15   4.4806250e-01   4.4806250e-01
   2.5000000e+01   1.0000000e+00   3.4052086e-15   4.5106250e-01   4.5106250e-01
   2.6000000e+01   1.0000000e+00   3.4108334e-15   4.3828125e-01   4.3828125e-01
   2.7000000e+01   1.0000000e+00   3.2490512e-15   4.2909375e-01   4.2909375e-01
   2.8000000e+01   1.0000000e+00   3.1053811e-15   4.1821875e-01   4.1821875e-01
   2.9000000e+01   1.0000000e+00   3.2456290e-15   4.1750000e-01   4.1750000e-01
   3.0000000e+01   1.0000000e+00   3.1513322e-15   4.1884375e-01   4.1884375e-01
   3.1000000e+01   1.0000000e+00   3.1473371e-15   4.3303125e-01   4.3303125e-01
   3.2000000e+01   1.0000000e+00   3.6009092e-15   4.5375000e-01   4.5375000e-01
   3.3000000e+01   1.0000000e+00   3.6741398e-15   4.8340625e-01   4.8340625e-01
   3.4000000e+01   1.0000000e+00   3.7289444e-15   5.0209375e-01   5.0209375e-01
   3.5000000e+01   1.0000000e+00   3.8488717e-15   4.9718750e-01   4.9718750e-01
   1.0000000e+00   2.0000000e+00   3.7300436e-15   4.9556250e-01   4.9556250e-01
   2.0000000e+00   2.0000000e+00   3.9170934e-15   4.9121875e-01   4.9121875e-01
   3.0000000e+00   2.0000000e+00   3.9225034e-15   5.0837500e-01   5.0837500e-01
   4.0000000e+00   2.0000000e+00   3.7120234e-15   4.9546875e-01   4.9546875e-01
   5.0000000e+00   2.0000000e+00   3.6561889e-15   4.8050000e-01   4.8050000e-01
   6.0000000e+00   2.0000000e+00   3.5618941e-15   4.4256250e-01   4.4256250e-01
   7.0000000e+00   2.0000000e+00   3.4226101e-15   4.4484375e-01   4.4484375e-01
   8.0000000e+00   2.0000000e+00   3.3444805e-15   4.4184375e-01   4.4184375e-01
   9.0000000e+00   2.0000000e+00   3.3198919e-15   4.4356250e-01   4.4356250e-01
   1.0000000e+01   2.0000000e+00   3.2065230e-15   4.2443750e-01   4.2443750e-01
   1.1000000e+01   2.0000000e+00   3.3162922e-15   4.0812500e-01   4.0812500e-01
   1.2000000e+01   2.0000000e+00   3.0852504e-15   4.1084375e-01   4.1084375e-01
   1.3000000e+01   2.0000000e+00   3.1569359e-15   4.1618750e-01   4.1618750e-01
   1.4000000e+01   2.0000000e+00   3.1833344e-15   4.2862500e-01   4.2862500e-01
   1.5000000e+01   2.0000000e+00   3.3597301e-15   4.2478125e-01   4.2478125e-01
   1.6000000e+01   2.0000000e+00   3.5523412e-15   4.6665625e-01   4.6665625e-01
   1.7000000e+01   2.0000000e+00   3.6828837e-15   4.9096875e-01   4.9096875e-01
   1.8000000e+01   2.0000000e+00   3.8625749e-15   5.1375000e-01   5.1375000e-01
   1.9000000e+01   2.0000000e+00   3.7640831e-15   4.9687500e-01   4.9687500e-01
   2.0000000e+01   2.0000000e+00   3.9358861e-15   4.9025000e-01   4.9025000e-01
   2.1000000e+01   2.0000000e+00   3.8084856e-15   4.8925000e-01   4.8925000e-01
   2.2000000e+01   2.0000000e+00   3.5990231e-15   4.7234375e-01   4.7234375e-01
   2.3000000e+01   2.0000000e+00   3.4565749e-15   4.5521875e-01   4.5521875e-01
   2.4000000e+01   2.0000000e+00   3.2765091e-15   4.4309375e-01   4.4309375e-01
   2.5000000e+01   2.0000000e+00   3.3062170e-15   4.4843750e-01   4.4843750e-01
   2.6000000e+01   2.0000000e+00   3.2627368e-15   4.1753125e-01   4.1753125e-01
   2.7000000e+01   2.0000000e+00   3.2783951e-15   4.2381250e-01   4.2381250e-01
   2.8000000e+01   2.0000000e+00   3.1889616e-15   4.1981250e-01   4.1981250e-01
   2.9000000e+01   2.0000000e+00   3.0586085e-15   4.1650000e-01   4.1650000e-01
   3.0000000e+01   2.0000000e+00   3.1190272e-15   4.2065625e-01   4.2065625e-01
   3.1000000e+01   2.0000000e+00   3.1760477e-15   4.3731250e-01   4.3731250e-01
   3.2000000e+01   2.0000000e+00   3.2615712e-15   4.3825000e-01   4.3825000e-01
   3.3000000e+01   2.0000000e+00   3.7004970e-15   4.6456250e-01   4.6456250e-01
   3.4000000e+01   2.0000000e+00   3.8964987e-15   5.0678125e-01   5.0678125e-01
   3.5000000e+01   2.0000000e+00   3.9293852e-15   5.1878125e-01   5.1878125e-01
   1.0000000e+00   3.0000000e+00   3.6727243e-15   5.0025000e-01   5.0025000e-01
   2.0000000e+00   3.0000000e+00   3.8058356e-15   5.1368750e-01   5.1368750e-01
   3.0000000e+00   3.0000000e+00   3.8185078e-15   4.8653125e-01   4.8653125e-01
   4.0000000e+00   3.0000000e+00   3.8965279e-15   5.0306250e-01   5.0306250e-01
   5.0000000e+00   3.0000000e+00   3.6447371e-15   4.8500000e-01   4.8500000e-01
   6.0000000e+00   3.0000000e+00   3.4918263e-15   4.6459375e-01   4.6459375e-01
   7.0000000e+00   3.0000000e+00   3.3203635e-15   4.4512500e-01   4.4512500e-01
   8.0000000e+00   3.0000000e+00   3.2407612e-15   4.4575000e-01   4.4575000e-01
   9.0000000e+00   3.0000000e+00   3.3048385e-15   4.4337500e-01   4.4337500e-01
   1.0000000e+01   3.0000000e+00   3.1271908e-15   4.1871875e-01   4.1871875e-01
   1.1000000e+01   3.0000000e+00   3.0356586e-15   3.9815625e-01   3.9815625e-01
   1.2000000e+01   3.0000000e+00   2.9917575e-15   3.9171875e-01   3.9171875e-01
   1.3000000e+01   3.0000000e+00   3.0866441e-15   3.9618750e-01   3.9618750e-01
   1.4000000e+01   3.0000000e+00   3.1826202e-15   4.0025000e-01   4.0025000e-01
   1.5000000e+01   3.0000000e+00   3.3746697e-15   4.2484375e-01   4.2484375e-01
   1.6000000e+01   3.0000000e+00   3.6036427e-15   4.5750000e-01   4.5750000e-01
   1.7000000e+01   3.0000000e+00   3.7732508e-15   4.9309375e-01   4.9309375e-01
   1.8000000e+01   3.0000000e+00   3.9492338e-15   5.1287500e-01   5.1287500e-01
   1.9000000e+01   3.0000000e+00   3.9266070e-15   5.2090625e-01   5.2090625e-01
   2.0000000e+01   3.0000000e+00   3.9051866e-15   5.1696875e-01   5.1696875e-01
   2.1000000e+01   3.0000000e+00   3.7942922e-15   4.9975000e-01   4.9975000e-01
   2.2000000e+01   3.0000000e+00   3.6052039e-15   4.8228125e-01   4.8228125e-01
   2.3000000e+01   3.0000000e+00   3.4635311e-15   4.5800000e-01   4.5800000e-01
   2.4000000e+01   3.0000000e+00   3.2038570e-15   4.4015625e-01   4.4015625e-01
   2.5000000e+01   3.0000000e+00   3.2668405e-15   4.4740625e-01   4.4740625e-01
   2.6000000e+01   3.0000000e+00   3.2287701e-15   4.4656250e-01   4.4656250e-01
   2.7000000e+01   3.0000000e+00   3.2116542e-15   4.3681250e-01   4.3681250e-01
   2.8000000e+01   3.0000000e+00   3.0813665e-15   4.0118750e-01   4.0118750e-01
   2.9000000e+01   3.0000000e+00   3.2737196e-15   4.1393750e-01   4.1393750e-01
   3.0000000e+01   3.0000000e+00   3.2735326e-15   4.3125000e-01   4.3125000e-01
   3.1000000e+01   3.0000000e+00   3.2520507e-15   4.3459375e-01   4.3459375e-01
   3.2000000e+01   3.0000000e+00   3.3441685e-15   4.5021875e-01   4.5021875e-01
   3.3000000e+01   3.0000000e+00   3.5624307e-15   4.8434375e-01   4.8434375e-01
   3.4000000e+01   3.0000000e+00   3.7524882e-15   5.0815625e-01   5.0815625e-01
   3.5000000e+01   3.0000000e+00   3.8732998e-15   5.2490625e-01   5.2490625e-01
   1.0000000e+00   4.0000000e+00   3.7959541e-15   5.0831250e-01   5.0831250e-01
   2.0000000e+00   4.0000000e+00   3.9403186e-15   5.2406250e-01   5.2406250e-01
   3.0000000e+00   4.0000000e+00   3.8583570e-15   5.1306250e-01   5.1306250e-01
   4.0000000e+00   4.0000000e+00   3.9878133e-15   4.9709375e-01   4.9709375e-01
   5.0000000e+00   4.0000000e+00   3.7839497e-15   4.9934375e-01   4.9934375e-01
   6.0000000e+00   4.0000000e+00   3.5591675e-15   4.7653125e-01   4.7653125e-01
   7.0000000e+00   4.0000000e+00   3.3870368e-15   4.5218750e-01   4.5218750e-01
   8.0000000e+00   4.0000000e+00   3.2905393e-15   4.4559375e-01   4.4559375e-01
   9.0000000e+00   4.0000000e+00   3.2083604e-15   4.4396875e-01   4.4396875e-01
   1.0000000e+01   4.0000000e+00   3.2988505e-15   4.4553125e-01   4.4553125e-01
   1.1000000e+01   4.0000000e+00   3.3031385e-15   4.0993750e-01   4.0993750e-01
   1.2000000e+01   4.0000000e+00   3.3288291e-15   4.2725000e-01   4.2725000e-01
   1.3000000e+01   4.0000000e+00   3.2886402e-15   4.3334375e-01   4.3334375e-01
   1.4000000e+01   4.0000000e+00   3.1945019e-15   4.3087500e-01   4.3087500e-01
   1.5000000e+01   4.0000000e+00   3.3442592e-15   4.4800000e-01   4.4800000e-01
   1.6000000e+01   4.0000000e+00   3.5744449e-15   4.6793750e-01   4.6793750e-01
   1.7000000e+01   4.0000000e+00   3.7808561e-15   4.9690625e-01   4.9690625e-01
   1.8000000e+01   4.0000000e+00   3.8991827e-15   5.2168750e-01   5.2168750e-01
   1.9000000e+01   4.0000000e+00   3.9890615e-15   5.3040625e-01   5.3040625e-01
   2.0000000e+01   4.0000000e+00   4.0567441e-15   5.2478125e-01   5.2478125e-01
   2.1000000e+01   4.0000000e+00   3.8301854e-15   5.1312500e-01   5.1312500e-01
   2.2000000e+01   4.0000000e+00   3.6902461e-15   4.9228125e-01   4.9228125e-01
   2.3000000e+01   4.0000000e+00   3.4960911e-15   4.6946875e-01   4.6946875e-01
   2.4000000e+01   4.0000000e+00   3.2446545e-15   4.5481250e-01   4.5481250e-01
   2.5000000e+01   4.0000000e+00   3.2219647e-15   4.4893750e-01   4.4893750e-01
   2.6000000e+01   4.0000000e+00   3.3233140e-15   4.5706250e-01   4.5706250e-01
   2.7000000e+01   4.0000000e+00   3.2999785e-15   4.4593750e-01   4.4593750e-01
   2.8000000e+01   4.0000000e+00   3.2227492e-15   4.3687500e-01   4.3687500e-01
   2.9000000e+01   4.0000000e+00   3.2883795e-15   4.3871875e-01   4.3871875e-01
   3.0000000e+01   4.0000000e+00   3.2986482e-15   4.3721875e-01   4.3721875e-01
   3.1000000e+01   4.0000000e+00   3.3748424e-15   4.4440625e-01   4.4440625e-01
   3.2000000e+01   4.0000000e+00   3.5505252e-15   4.6431250e-01   4.6431250e-01
   3.3000000e+01   4.0000000e+00   3.6867463e-15   4.8787500e-01   4.8787500e-01
   3.4000000e+01   4.0000000e+00   4.0060598e-15   5.1809375e-01   5.1809375e-01
   3.5000000e+01   4.0000000e+00   4.0624700e-15   5.3231250e-01   5.3231250e-01
   1.0000000e+00   5.0000000e+00   3.8550048e-15   4.8662500e-01   4.8662500e-01
   2.0000000e+00   5.0000000e+00   3.9545397e-15   5.2431250e-01   5.2431250e-01
   3.0000000e+00   5.0000000e+00   4.0556288e-15   5.3962500e-01   5.3962500e-01
   4.0000000e+00   5.0000000e+00   3.8745432e-15   5.0618750e-01   5.0618750e-01
   5.0000000e+00   5.0000000e+00   4.0015491e-15   4.9868750e-01   4.9868750e-01
   6.0000000e+00   5.0000000e+00   3.8167424e-15   4.9581250e-01   4.9581250e-01
   7.0000000e+00   5.0000000e+00   3.5572326e-15   4.7218750e-01   4.7218750e-01
   8.0000000e+00   5.0000000e+00   3.4062024e-15   4.5862500e-01   4.5862500e-01
   9.0000000e+00   5.0000000e+00   3.3618907e-15   4.6284375e-01   4.6284375e-01
   1.0000000e+01   5.0000000e+00   3.3731018e-15   4.6468750e-01   4.6468750e-01
   1.1000000e+01   5.0000000e+00   3.2710802e-15   4.2346875e-01   4.2346875e-01
   1.2000000e+01   5.0000000e+00   3.4952067e-15   4.3518750e-01   4.3518750e-01
   1.3000000e+01   5.0000000e+00   3.3847565e-15   4.4771875e-01   4.4771875e-01
   1.4000000e+01   5.0000000e+00   3.3347527e-15   4.4684375e-01   4.4684375e-01
   1.5000000e+01   5.0000000e+00   3.5280664e-15   4.7009375e-01   4.7009375e-01
   1.6000000e+01   5.0000000e+00   3.5163372e-15   4.8012500e-01   4.8012500e-01
   1.7000000e+01   5.0000000e+00   3.8355736e-15   5.2193750e-01   5.2193750e-01
   1.8000000e+01   5.0000000e+00   4.0369287e-15   5.4406250e-01   5.4406250e-01
   1.9000000e+01   5.0000000e+00   4.0117663e-15   5.2537500e-01   5.2537500e-01
   2.0000000e+01   5.0000000e+00   4.1229006e-15   5.1462500e-01   5.1462500e-01
   2.1000000e+01   5.0000000e+00   4.1137047e-15   5.1818750e-01   5.1818750e-01
   2.2000000e+01   5.0000000e+00   3.9284806e-15   5.2100000e-01   5.2100000e-01
   2.3000000e+01   5.0000000e+00   3.6906279e-15   4.9428125e-01   4.9428125e-01
   2.4000000e+01   5.0000000e+00   3.6038009e-15   4.7481250e-01   4.7481250e-01
   2.5000000e+01   5.0000000e+00   3.5733673e-15   4.4621875e-01   4.4621875e-01
   2.6000000e+01   5.0000000e+00   3.4605214e-15   4.6559375e-01   4.6559375e-01
   2.7000000e+01   5.0000000e+00   3.4167168e-15   4.6668750e-01   4.6668750e-01
   2.8000000e+01   5.0000000e+00   3.3210147e-15   4.6253125e-01   4.6253125e-01
   2.9000000e+01   5.0000000e+00   3.3681237e-15   4.6087500e-01   4.6087500e-01
   3.0000000e+01   5.0000000e+00   3.3286653e-15   4.3175000e-01   4.3175000e-01
   3.1000000e+01   5.0000000e+00   3.5634161e-15   4.5234375e-01   4.5234375e-01
   3.2000000e+01   5.0000000e+00   3.6622932e-15   4.8665625e-01   4.8665625e-01
   3.3000000e+01   5.0000000e+00   3.8296536e-15   5.1387500e-01   5.1387500e-01
   3.4000000e+01   5.0000000e+00   4.1635380e-15   5.4650000e-01   5.4650000e-01
   3.5000000e+01   5.0000000e+00   4.2087141e-15   5.5700000e-01   5.5700000e-01
   1.0000000e+00   6.0000000e+00   4.0288651e-15   5.3890625e-01   5.3890625e-01
   2.0000000e+00   6.0000000e+00   4.2412592e-15   5.6159375e-01   5.6159375e-01
   3.0000000e+00   6.0000000e+00   4.3059597e-15   5.6043750e-01   5.6043750e-01
   4.0000000e+00   6.0000000e+00   4.0987472e-15   5.4815625e-01   5.4815625e-01
   5.0000000e+00   6.0000000e+00   3.9623381e-15   5.3821875e-01   5.3821875e-01
   6.0000000e+00   6.0000000e+00   3.7569557e-15   4.9687500e-01   4.9687500e-01
   7.0000000e+00   6.0000000e+00   3.7662532e-15   4.9737500e-01   4.9737500e-01
   8.0000000e+00   6.0000000e+00   3.6921163e-15   4.8665625e-01   4.8665625e-01
   9.0000000e+00   6.0000000e+00   3.5512247e-15   4.8612500e-01   4.8612500e-01
   1.0000000e+01   6.0000000e+00   3.4893846e-15   4.6115625e-01   4.6115625e-01
   1.1000000e+01   6.0000000e+00   3.6306917e-15   4.5456250e-01   4.5456250e-01
   1.2000000e+01   6.0000000e+00   3.6693298e-15   4.6356250e-01   4.6356250e-01
   1.3000000e+01   6.0000000e+00   3.5238347e-15   4.6459375e-01   4.6459375e-01
   1.4000000e+01   6.0000000e+00   3.5268338e-15   4.6978125e-01   4.6978125e-01
   1.5000000e+01   6.0000000e+00   3.6707876e-15   4.9275000e-01   4.9275000e-01
   1.6000000e+01   6.0000000e+00   3.8346365e-15   5.1862500e-01   5.1862500e-01
   1.7000000e+01   6.0000000e+00   3.9934515e-15   5.2890625e-01   5.2890625e-01
   1.8000000e+01   6.0000000e+00   4.4375347e-15   5.5843750e-01   5.5843750e-01
   1.9000000e+01   6.0000000e+00   4.3566714e-15   5.7190625e-01   5.7190625e-01
   2.0000000e+01   6.0000000e+00   4.2204371e-15   5.5946875e-01   5.5946875e-01
   2.1000000e+01   6.0000000e+00   4.1177736e-15   5.4709375e-01   5.4709375e-01
   2.2000000e+01   6.0000000e+00   4.1675024e-15   5.3096875e-01   5.3096875e-01
   2.3000000e+01   6.0000000e+00   3.9203537e-15   5.1725000e-01   5.1725000e-01
   2.4000000e+01   6.0000000e+00   3.7459493e-15   5.0415625e-01   5.0415625e-01
   2.5000000e+01   6.0000000e+00   3.7826122e-15   4.9628125e-01   4.9628125e-01
   2.6000000e+01   6.0000000e+00   3.7110623e-15   4.6353125e-01   4.6353125e-01
   2.7000000e+01   6.0000000e+00   3.7386123e-15   4.8725000e-01   4.8725000e-01
   2.8000000e+01   6.0000000e+00   3.6501500e-15   4.7750000e-01   4.7750000e-01
   2.9000000e+01   6.0000000e+00   3.5449330e-15   4.7209375e-01   4.7209375e-01
   3.0000000e+01   6.0000000e+00   3.5150179e-15   4.6700000e-01   4.6700000e-01
   3.1000000e+01   6.0000000e+00   3.7762280e-15   4.8231250e-01   4.8231250e-01
   3.2000000e+01   6.0000000e+00   3.9088962e-15   5.1196875e-01   5.1196875e-01
   3.3000000e+01   6.0000000e+00   4.0038094e-15   5.3862500e-01   5.3862500e-01
   3.4000000e+01   6.0000000e+00   4.2643576e-15   5.6731250e-01   5.6731250e-01
   3.5000000e+01   6.0000000e+00   4.3791842e-15   5.4828125e-01   5.4828125e-01
   1.0000000e+00   7.0000000e+00   4.3337489e-15   5.6400000e-01   5.6400000e-01
   2.0000000e+00   7.0000000e+00   4.3080607e-15   5.7506250e-01   5.7506250e-01
   3.0000000e+00   7.0000000e+00   4.4338087e-15   5.8081250e-01   5.8081250e-01
   4.0000000e+00   7.0000000e+00   4.4215137e-15   5.5446875e-01   5.5446875e-01
   5.0000000e+00   7.0000000e+00   4.1816368e-15   5.4834375e-01   5.4834375e-01
   6.0000000e+00   7.0000000e+00   3.9043199e-15   5.3831250e-01   5.3831250e-01
   7.0000000e+00   7.0000000e+00   3.8855704e-15   5.1362500e-01   5.1362500e-01
   8.0000000e+00   7.0000000e+00   3.9332720e-15   4.8346875e-01   4.8346875e-01
   9.0000000e+00   7.0000000e+00   4.0094776e-15   4.9743750e-01   4.9743750e-01
   1.0000000e+01   7.0000000e+00   3.9319181e-15   4.9084375e-01   4.9084375e-01
   1.1000000e+01   7.0000000e+00   3.8706595e-15   4.8246875e-01   4.8246875e-01
   1.2000000e+01   7.0000000e+00   3.7836016e-15   4.8521875e-01   4.8521875e-01
   1.3000000e+01   7.0000000e+00   3.7172287e-15   4.8518750e-01   4.8518750e-01
   1.4000000e+01   7.0000000e+00   3.6975717e-15   4.8750000e-01   4.8750000e-01
   1.5000000e+01   7.0000000e+00   3.7775823e-15   5.0756250e-01   5.0756250e-01
   1.6000000e+01   7.0000000e+00   4.0127287e-15   5.3784375e-01   5.3784375e-01
   1.7000000e+01   7.0000000e+00   4.3184987e-15   5.6615625e-01   5.6615625e-01
   1.8000000e+01   7.0000000e+00   4.2497838e-15   5.5190625e-01   5.5190625e-01
   1.9000000e+01   7.0000000e+00   4.5177749e-15   5.5256250e-01   5.5256250e-01
   2.0000000e+01   7.0000000e+00   4.5640796e-15   5.7028125e-01   5.7028125e-01
   2.1000000e+01   7.0000000e+00   4.3500976e-15   5.5965625e-01   5.5965625e-01
   2.2000000e+01   7.0000000e+00   4.1983612e-15   5.5090625e-01   5.5090625e-01
   2.3000000e+01   7.0000000e+00   4.0496939e-15   5.2887500e-01   5.2887500e-01
   2.4000000e+01   7.0000000e+00   3.9341801e-15   5.1921875e-01   5.1921875e-01
   2.5000000e+01   7.0000000e+00   3.9389007e-15   5.2437500e-01   5.2437500e-01
   2.6000000e+01   7.0000000e+00   3.8779056e-15   5.1696875e-01   5.1696875e-01
   2.7000000e+01   7.0000000e+00   3.7142123e-15   4.7559375e-01   4.7559375e-01
   2.8000000e+01   7.0000000e+00   3.8814285e-15   4.9018750e-01   4.9018750e-01
   2.9000000e+01   7.0000000e+00   3.7592885e-15   4.9284375e-01   4.9284375e-01
   3.0000000e+01   7.0000000e+00   3.7872468e-15   4.9253125e-01   4.9253125e-01
   3.1000000e+01   7.0000000e+00   3.8683294e-15   5.0775000e-01   5.0775000e-01
   3.2000000e+01   7.0000000e+00   3.9619929e-15   5.2478125e-01   5.2478125e-01
   3.3000000e+01   7.0000000e+00   4.1920155e-15   5.5128125e-01   5.5128125e-01
   3.4000000e+01   7.0000000e+00   4.3471910e-15   5.7509375e-01   5.7509375e-01
   3.5000000e+01   7.0000000e+00   4.4399140e-15   5.8337500e-01   5.8337500e-01
   1.0000000e+00   8.0000000e+00   4.3728559e-15   5.8075000e-01   5.8075000e-01
   2.0000000e+00   8.0000000e+00   4.4183547e-15   5.6734375e-01   5.6734375e-01
   3.0000000e+00   8.0000000e+00   4.5114747e-15   5.5246875e-01   5.5246875e-01
   4.0000000e+00   8.0000000e+00   4.5026789e-15   5.5631250e-01   5.5631250e-01
   5.0000000e+00   8.0000000e+00   4.3927610e-15   5.5731250e-01   5.5731250e-01
   6.0000000e+00   8.0000000e+00   4.2011636e-15   5.4509375e-01   5.4509375e-01
   7.0000000e+00   8.0000000e+00   4.1376559e-15   5.3350000e-01   5.3350000e-01
   8.0000000e+00   8.0000000e+00   4.1935491e-15   5.1303125e-01   5.1303125e-01
   9.0000000e+00   8.0000000e+00   3.8439050e-15   4.9218750e-01   4.9218750e-01
   1.0000000e+01   8.0000000e+00   3.9635862e-15   5.2021875e-01   5.2021875e-01
   1.1000000e+01   8.0000000e+00   3.8181172e-15   5.0634375e-01   5.0634375e-01
   1.2000000e+01   8.0000000e+00   3.7407495e-15   4.9250000e-01   4.9250000e-01
   1.3000000e+01   8.0000000e+00   3.8331491e-15   5.0087500e-01   5.0087500e-01
   1.4000000e+01   8.0000000e+00   3.8176251e-15   5.0109375e-01   5.0109375e-01
   1.5000000e+01   8.0000000e+00   4.0088776e-15   5.2590625e-01   5.2590625e-01
   1.6000000e+01   8.0000000e+00   4.2312423e-15   5.4918750e-01   5.4918750e-01
   1.7000000e+01   8.0000000e+00   4.4427510e-15   5.6612500e-01   5.6612500e-01
   1.8000000e+01   8.0000000e+00   4.6754002e-15   5.6828125e-01   5.6828125e-01
   1.9000000e+01   8.0000000e+00   4.5519045e-15   5.5600000e-01   5.5600000e-01
   2.0000000e+01   8.0000000e+00   4.3916839e-15   5.4918750e-01   5.4918750e-01
   2.1000000e+01   8.0000000e+00   4.2831731e-15   5.3809375e-01   5.3809375e-01
   2.2000000e+01   8.0000000e+00   4.1238004e-15   5.2093750e-01   5.2093750e-01
   2.3000000e+01   8.0000000e+00   3.9843331e-15   5.1909375e-01   5.1909375e-01
   2.4000000e+01   8.0000000e+00   3.9991520e-15   5.2771875e-01   5.2771875e-01
   2.5000000e+01   8.0000000e+00   4.0381057e-15   5.3296875e-01   5.3296875e-01
   2.6000000e+01   8.0000000e+00   3.9968593e-15   5.2706250e-01   5.2706250e-01
   2.7000000e+01   8.0000000e+00   3.8147538e-15   4.8031250e-01   4.8031250e-01
   2.8000000e+01   8.0000000e+00   3.9733272e-15   5.0309375e-01   5.0309375e-01
   2.9000000e+01   8.0000000e+00   3.8011826e-15   5.0406250e-01   5.0406250e-01
   3.0000000e+01   8.0000000e+00   3.8608983e-15   5.0462500e-01   5.0462500e-01
   3.1000000e+01   8.0000000e+00   3.8961552e-15   5.1378125e-01   5.1378125e-01
   3.2000000e+01   8.0000000e+00   4.0456410e-15   5.3256250e-01   5.3256250e-01
   3.3000000e+01   8.0000000e+00   4.3074451e-15   5.5800000e-01   5.5800000e-01
   3.4000000e+01   8.0000000e+00   4.3356155e-15   5.8059375e-01   5.8059375e-01
   3.5000000e+01   8.0000000e+00   4.4466061e-15   5.9046875e-01   5.9046875e-01
   1.0000000e+00   9.0000000e+00   4.4450097e-15   5.7971875e-01   5.7971875e-01
   2.0000000e+00   9.0000000e+00   4.4393559e-15   5.8918750e-01   5.8918750e-01
   3.0000000e+00   9.0000000e+00   4.4666031e-15   5.8440625e-01   5.8440625e-01
   4.0000000e+00   9.0000000e+00   4.3275542e-15   5.6990625e-01   5.6990625e-01
   5.0000000e+00   9.0000000e+00   4.1672314e-15   5.5218750e-01   5.5218750e-01
   6.0000000e+00   9.0000000e+00   4.0427910e-15   5.4000000e-01   5.4000000e-01
   7.0000000e+00   9.0000000e+00   3.9493800e-15   5.3571875e-01   5.3571875e-01
   8.0000000e+00   9.0000000e+00   3.8979116e-15   5.1387500e-01   5.1387500e-01
   9.0000000e+00   9.0000000e+00   4.0683749e-15   5.0228125e-01   5.0228125e-01
   1.0000000e+01   9.0000000e+00   4.0475659e-15   5.1721875e-01   5.1721875e-01
   1.1000000e+01   9.0000000e+00   3.7657365e-15   5.0350000e-01   5.0350000e-01
   1.2000000e+01   9.0000000e+00   3.7820207e-15   5.0053125e-01   5.0053125e-01
   1.3000000e+01   9.0000000e+00   3.7784256e-15   4.9896875e-01   4.9896875e-01
   1.4000000e+01   9.0000000e+00   3.8030617e-15   5.0656250e-01   5.0656250e-01
   1.5000000e+01   9.0000000e+00   4.0210813e-15   5.2356250e-01   5.2356250e-01
   1.6000000e+01   9.0000000e+00   4.1767238e-15   5.1334375e-01   5.1334375e-01
   1.7000000e+01   9.0000000e+00   4.3094008e-15   5.7209375e-01   5.7209375e-01
   1.8000000e+01   9.0000000e+00   4.3256902e-15   5.7625000e-01   5.7625000e-01
   1.9000000e+01   9.0000000e+00   4.4661467e-15   5.8378125e-01   5.8378125e-01
   2.0000000e+01   9.0000000e+00   4.2503070e-15   5.6856250e-01   5.6856250e-01
   2.1000000e+01   9.0000000e+00   4.3550729e-15   5.4653125e-01   5.4653125e-01
   2.2000000e+01   9.0000000e+00   4.0004933e-15   5.1362500e-01   5.1362500e-01
   2.3000000e+01   9.0000000e+00   4.0098492e-15   5.2909375e-01   5.2909375e-01
   2.4000000e+01   9.0000000e+00   3.9426080e-15   5.2784375e-01   5.2784375e-01
   2.5000000e+01   9.0000000e+00   3.8684455e-15   5.2893750e-01   5.2893750e-01
   2.6000000e+01   9.0000000e+00   3.8637124e-15   5.2525000e-01   5.2525000e-01
   2.7000000e+01   9.0000000e+00   3.8200407e-15   5.0881250e-01   5.0881250e-01
   2.8000000e+01   9.0000000e+00   3.6647655e-15   4.9425000e-01   4.9425000e-01
   2.9000000e+01   9.0000000e+00   3.7399669e-15   4.9781250e-01   4.9781250e-01
   3.0000000e+01   9.0000000e+00   3.7374492e-15   4.9887500e-01   4.9887500e-01
   3.1000000e+01   9.0000000e+00   3.8866155e-15   4.9471875e-01   4.9471875e-01
   3.2000000e+01   9.0000000e+00   3.9129826e-15   4.9715625e-01   4.9715625e-01
   3.3000000e+01   9.0000000e+00   4.0614722e-15   5.4309375e-01   5.4309375e-01
   3.4000000e+01   9.0000000e+00   4.3352093e-15   5.7437500e-01   5.7437500e-01
   3.5000000e+01   9.0000000e+00   4.2941023e-15   5.7615625e-01   5.7615625e-01
   1.0000000e+00   1.0000000e+01   4.2712190e-15   5.6809375e-01   5.6809375e-01
   2.0000000e+00   1.0000000e+01   4.3550284e-15   5.7753125e-01   5.7753125e-01
   3.0000000e+00   1.0000000e+01   4.3235488e-15   5.6806250e-01   5.6806250e-01
   4.0000000e+00   1.0000000e+01   4.0938600e-15   5.4746875e-01   5.4746875e-01
   5.0000000e+00   1.0000000e+01   4.0496814e-15   5.4468750e-01   5.4468750e-01
   6.0000000e+00   1.0000000e+01   3.8705249e-15   5.2962500e-01   5.2962500e-01
   7.0000000e+00   1.0000000e+01   3.8532855e-15   5.1987500e-01   5.1987500e-01
   8.0000000e+00   1.0000000e+01   3.8300745e-15   5.1631250e-01   5.1631250e-01
   9.0000000e+00   1.0000000e+01   3.7757381e-15   5.1615625e-01   5.1615625e-01
   1.0000000e+01   1.0000000e+01   3.7532717e-15   5.0490625e-01   5.0490625e-01
   1.1000000e+01   1.0000000e+01   3.5545395e-15   4.7871875e-01   4.7871875e-01
   1.2000000e+01   1.0000000e+01   3.5447865e-15   4.7540625e-01   4.7540625e-01
   1.3000000e+01   1.0000000e+01   3.5565362e-15   4.7456250e-01   4.7456250e-01
   1.4000000e+01   1.0000000e+01   3.4891775e-15   4.7896875e-01   4.7896875e-01
   1.5000000e+01   1.0000000e+01   3.7182155e-15   5.0756250e-01   5.0756250e-01
   1.6000000e+01   1.0000000e+01   3.9310240e-15   5.2390625e-01   5.2390625e-01
   1.7000000e+01   1.0000000e+01   4.0703446e-15   5.3218750e-01   5.3218750e-01
   1.8000000e+01   1.0000000e+01   4.3503832e-15   5.3706250e-01   5.3706250e-01
   1.9000000e+01   1.0000000e+01   4.3315286e-15   5.6340625e-01   5.6340625e-01
   2.0000000e+01   1.0000000e+01   4.3034020e-15   5.5587500e-01   5.5587500e-01
   2.1000000e+01   1.0000000e+01   4.0505959e-15   5.3959375e-01   5.3959375e-01
   2.2000000e+01   1.0000000e+01   3.9580602e-15   5.3234375e-01   5.3234375e-01
   2.3000000e+01   1.0000000e+01   3.8556367e-15   5.1465625e-01   5.1465625e-01
   2.4000000e+01   1.0000000e+01   3.8015064e-15   5.0221875e-01   5.0221875e-01
   2.5000000e+01   1.0000000e+01   3.8889671e-15   4.7978125e-01   4.7978125e-01
   2.6000000e+01   1.0000000e+01   3.8948251e-15   4.9909375e-01   4.9909375e-01
   2.7000000e+01   1.0000000e+01   3.7161276e-15   4.8375000e-01   4.8375000e-01
   2.8000000e+01   1.0000000e+01   3.5745229e-15   4.7368750e-01   4.7368750e-01
   2.9000000e+01   1.0000000e+01   3.5525941e-15   4.7496875e-01   4.7496875e-01
   3.0000000e+01   1.0000000e+01   3.5066328e-15   4.6878125e-01   4.6878125e-01
   3.1000000e+01   1.0000000e+01   3.5639411e-15   4.8312500e-01   4.8312500e-01
   3.2000000e+01   1.0000000e+01   3.7144214e-15   5.0681250e-01   5.0681250e-01
   3.3000000e+01   1.0000000e+01   3.9310374e-15   5.3462500e-01   5.3462500e-01
   3.4000000e+01   1.0000000e+01   4.1335385e-15   5.5846875e-01   5.5846875e-01
   3.5000000e+01   1.0000000e+01   4.1510714e-15   5.6521875e-01   5.6521875e-01
   1.0000000e+00   1.1000000e+01   4.1051169e-15   5.5228125e-01   5.5228125e-01
   2.0000000e+00   1.1000000e+01   4.2304266e-15   5.6525000e-01   5.6525000e-01
   3.0000000e+00   1.1000000e+01   4.2340753e-15   5.5637500e-01   5.5637500e-01
   4.0000000e+00   1.1000000e+01   4.1930348e-15   5.4312500e-01   5.4312500e-01
   5.0000000e+00   1.1000000e+01   3.9882899e-15   5.2778125e-01   5.2778125e-01
   6.0000000e+00   1.1000000e+01   3.8247312e-15   5.1003125e-01   5.1003125e-01
   7.0000000e+00   1.1000000e+01   3.8848316e-15   4.9381250e-01   4.9381250e-01
   8.0000000e+00   1.1000000e+01   3.5987275e-15   4.6568750e-01   4.6568750e-01
   9.0000000e+00   1.1000000e+01   3.7239563e-15   4.9768750e-01   4.9768750e-01
   1.0000000e+01   1.1000000e+01   3.6011903e-15   4.8818750e-01   4.8818750e-01
   1.1000000e+01   1.1000000e+01   3.4343911e-15   4.6131250e-01   4.6131250e-01
   1.2000000e+01   1.1000000e+01   3.4134368e-15   4.5500000e-01   4.5500000e-01
   1.3000000e+01   1.1000000e+01   3.3824458e-15   4.5534375e-01   4.5534375e-01
   1.4000000e+01   1.1000000e+01   3.3908722e-15   4.5628125e-01   4.5628125e-01
   1.5000000e+01   1.1000000e+01   3.5786406e-15   4.7850000e-01   4.7850000e-01
   1.6000000e+01   1.1000000e+01   3.8022383e-15   5.0190625e-01   5.0190625e-01
   1.7000000e+01   1.1000000e+01   4.0509119e-15   5.3446875e-01   5.3446875e-01
   1.8000000e+01   1.1000000e+01   4.1145779e-15   5.4818750e-01   5.4818750e-01
   1.9000000e+01   1.1000000e+01   4.2603086e-15   5.5034375e-01   5.5034375e-01
   2.0000000e+01   1.1000000e+01   4.0848355e-15   5.3596875e-01   5.3596875e-01
   2.1000000e+01   1.1000000e+01   3.8910020e-15   5.1940625e-01   5.1940625e-01
   2.2000000e+01   1.1000000e+01   3.7820775e-15   5.1140625e-01   5.1140625e-01
   2.3000000e+01   1.1000000e+01   3.6934252e-15   4.9418750e-01   4.9418750e-01
   2.4000000e+01   1.1000000e+01   3.5747799e-15   4.7996875e-01   4.7996875e-01
   2.5000000e+01   1.1000000e+01   3.6252116e-15   4.8515625e-01   4.8515625e-01
   2.6000000e+01   1.1000000e+01   3.5808308e-15   4.7940625e-01   4.7940625e-01
   2.7000000e+01   1.1000000e+01   3.3672006e-15   4.5321875e-01   4.5321875e-01
   2.8000000e+01   1.1000000e+01   3.3584618e-15   4.4593750e-01   4.4593750e-01
   2.9000000e+01   1.1000000e+01   3.2899808e-15   4.5131250e-01   4.5131250e-01
   3.0000000e+01   1.1000000e+01   3.2756058e-15   4.4712500e-01   4.4712500e-01
   3.1000000e+01   1.1000000e+01   3.4203761e-15   4.5753125e-01   4.5753125e-01
   3.2000000e+01   1.1000000e+01   3.5375651e-15   4.6971875e-01   4.6971875e-01
   3.3000000e+01   1.1000000e+01   3.8241225e-15   5.0778125e-01   5.0778125e-01
   3.4000000e+01   1.1000000e+01   4.0650433e-15   5.2896875e-01   5.2896875e-01
   3.5000000e+01   1.1000000e+01   3.9505953e-15   5.1175000e-01   5.1175000e-01
   1.0000000e+00   1.2000000e+01   3.9310283e-15   5.2934375e-01   5.2934375e-01
   2.0000000e+00   1.2000000e+01   4.0513187e-15   5.3921875e-01   5.3921875e-01
   3.0000000e+00   1.2000000e+01   4.0760378e-15   5.3059375e-01   5.3059375e-01
   4.0000000e+00   1.2000000e+01   3.9284101e-15   4.9200000e-01   4.9200000e-01
   5.0000000e+00   1.2000000e+01   3.6977902e-15   5.0162500e-01   5.0162500e-01
   6.0000000e+00   1.2000000e+01   3.5714194e-15   4.7940625e-01   4.7940625e-01
   7.0000000e+00   1.2000000e+01   3.6139615e-15   4.6890625e-01   4.6890625e-01
   8.0000000e+00   1.2000000e+01   3.5083178e-15   4.3753125e-01   4.3753125e-01
   9.0000000e+00   1.2000000e+01   3.3631960e-15   4.6234375e-01   4.6234375e-01
   1.0000000e+01   1.2000000e+01   3.3858786e-15   4.5100000e-01   4.5100000e-01
   1.1000000e+01   1.2000000e+01   3.2385860e-15   4.3659375e-01   4.3659375e-01
   1.2000000e+01   1.2000000e+01   3.3179628e-15   4.0875000e-01   4.0875000e-01
   1.3000000e+01   1.2000000e+01   3.1136422e-15   4.2759375e-01   4.2759375e-01
   1.4000000e+01   1.2000000e+01   3.1773933e-15   4.3015625e-01   4.3015625e-01
   1.5000000e+01   1.2000000e+01   3.3823172e-15   4.3831250e-01   4.3831250e-01
   1.6000000e+01   1.2000000e+01   3.4325496e-15   4.6196875e-01   4.6196875e-01
   1.7000000e+01   1.2000000e+01   3.6825537e-15   4.9406250e-01   4.9406250e-01
   1.8000000e+01   1.2000000e+01   3.9009431e-15   5.0656250e-01   5.0656250e-01
   1.9000000e+01   1.2000000e+01   3.9074208e-15   5.1687500e-01   5.1687500e-01
   2.0000000e+01   1.2000000e+01   3.8331448e-15   5.0640625e-01   5.0640625e-01
   2.1000000e+01   1.2000000e+01   3.6221496e-15   4.6040625e-01   4.6040625e-01
   2.2000000e+01   1.2000000e+01   3.4688511e-15   4.7290625e-01   4.7290625e-01
   2.3000000e+01   1.2000000e+01   3.4689173e-15   4.4962500e-01   4.4962500e-01
   2.4000000e+01   1.2000000e+01   3.3359229e-15   4.5434375e-01   4.5434375e-01
   2.5000000e+01   1.2000000e+01   3.4119496e-15   4.5603125e-01   4.5603125e-01
   2.6000000e+01   1.2000000e+01   3.3505708e-15   4.2371875e-01   4.2371875e-01
   2.7000000e+01   1.2000000e+01   3.0911145e-15   4.3618750e-01   4.3618750e-01
   2.8000000e+01   1.2000000e+01   3.0995549e-15   4.2025000e-01   4.2025000e-01
   2.9000000e+01   1.2000000e+01   3.1527230e-15   4.1996875e-01   4.1996875e-01
   3.0000000e+01   1.2000000e+01   3.2130389e-15   4.1787500e-01   4.1787500e-01
   3.1000000e+01   1.2000000e+01   3.1017822e-15   3.9718750e-01   3.9718750e-01
   3.2000000e+01   1.2000000e+01   3.2714721e-15   4.4559375e-01   4.4559375e-01
   3.3000000e+01   1.2000000e+01   3.4014117e-15   4.6271875e-01   4.6271875e-01
   3.4000000e+01   1.2000000e+01   3.8006487e-15   4.9190625e-01   4.9190625e-01
   3.5000000e+01   1.2000000e+01   3.8651432e-15   5.0140625e-01   5.0140625e-01
   1.0000000e+00   1.3000000e+01   3.5476523e-15   4.8940625e-01   4.8940625e-01
   2.0000000e+00   1.3000000e+01   3.8294550e-15   5.0456250e-01   5.0456250e-01
   3.0000000e+00   1.3000000e+01   3.7711424e-15   4.8968750e-01   4.8968750e-01
   4.0000000e+00   1.3000000e+01   3.5717513e-15   4.8178125e-01   4.8178125e-01
   5.0000000e+00   1.3000000e+01   3.4735408e-15   4.6221875e-01   4.6221875e-01
   6.0000000e+00   1.3000000e+01   3.3856942e-15   4.5246875e-01   4.5246875e-01
   7.0000000e+00   1.3000000e+01   3.2183940e-15   4.1209375e-01   4.1209375e-01
   8.0000000e+00   1.3000000e+01   3.1566629e-15   4.3159375e-01   4.3159375e-01
   9.0000000e+00   1.3000000e+01   3.2176705e-15   4.3209375e-01   4.3209375e-01
   1.0000000e+01   1.3000000e+01   3.2731767e-15   4.2312500e-01   4.2312500e-01
   1.1000000e+01   1.3000000e+01   2.9689502e-15   4.0081250e-01   4.0081250e-01
   1.2000000e+01   1.3000000e+01   2.9536560e-15   3.9856250e-01   3.9856250e-01
   1.3000000e+01   1.3000000e+01   3.0476766e-15   4.0256250e-01   4.0256250e-01
   1.4000000e+01   1.3000000e+01   3.0505910e-15   4.0581250e-01   4.0581250e-01
   1.5000000e+01   1.3000000e+01   3.1269543e-15   4.1768750e-01   4.1768750e-01
   1.6000000e+01   1.3000000e+01   3.2831434e-15   4.2053125e-01   4.2053125e-01
   1.7000000e+01   1.3000000e+01   3.3061843e-15   4.5875000e-01   4.5875000e-01
   1.8000000e+01   1.3000000e+01   3.6814360e-15   4.7600000e-01   4.7600000e-01
   1.9000000e+01   1.3000000e+01   3.7315501e-15   4.7615625e-01   4.7615625e-01
   2.0000000e+01   1.3000000e+01   3.4359810e-15   4.6371875e-01   4.6371875e-01
   2.1000000e+01   1.3000000e+01   3.4108158e-15   4.5875000e-01   4.5875000e-01
   2.2000000e+01   1.3000000e+01   3.3774437e-15   4.4962500e-01   4.4962500e-01
   2.3000000e+01   1.3000000e+01   3.2883520e-15   4.3528125e-01   4.3528125e-01
   2.4000000e+01   1.3000000e+01   3.2824729e-15   4.2340625e-01   4.2340625e-01
   2.5000000e+01   1.3000000e+01   3.1361556e-15   3.9356250e-01   3.9356250e-01
   2.6000000e+01   1.3000000e+01   3.0028774e-15   3.9943750e-01   3.9943750e-01
   2.7000000e+01   1.3000000e+01   2.9962368e-15   4.0950000e-01   4.0950000e-01
   2.8000000e+01   1.3000000e+01   2.8999732e-15   3.9906250e-01   3.9906250e-01
   2.9000000e+01   1.3000000e+01   2.9097101e-15   3.9190625e-01   3.9190625e-01
   3.0000000e+01   1.3000000e+01   3.0234758e-15   3.9715625e-01   3.9715625e-01
   3.1000000e+01   1.3000000e+01   3.1649251e-15   4.0806250e-01   4.0806250e-01
   3.2000000e+01   1.3000000e+01   3.0462006e-15   3.9428125e-01   3.9428125e-01
   3.3000000e+01   1.3000000e+01   3.3362626e-15   4.4256250e-01   4.4256250e-01
   3.4000000e+01   1.3000000e+01   3.4276352e-15   4.6831250e-01   4.6831250e-01
   3.5000000e+01   1.3000000e+01   3.4379776e-15   4.7037500e-01   4.7037500e-01
   1.0000000e+00   1.4000000e+01   3.5721163e-15   4.6753125e-01   4.6753125e-01
   2.0000000e+00   1.4000000e+01   3.4879365e-15   4.5000000e-01   4.5000000e-01
   3.0000000e+00   1.4000000e+01   3.5254878e-15   4.7721875e-01   4.7721875e-01
   4.0000000e+00   1.4000000e+01   3.5289220e-15   4.6759375e-01   4.6759375e-01
   5.0000000e+00   1.4000000e+01   3.4469793e-15   4.5468750e-01   4.5468750e-01
   6.0000000e+00   1.4000000e+01   3.3495990e-15   4.4403125e-01   4.4403125e-01
   7.0000000e+00   1.4000000e+01   3.2494094e-15   4.3337500e-01   4.3337500e-01
   8.0000000e+00   1.4000000e+01   3.2301843e-15   4.2106250e-01   4.2106250e-01
   9.0000000e+00   1.4000000e+01   3.2050970e-15   4.0231250e-01   4.0231250e-01
   1.0000000e+01   1.4000000e+01   3.0629969e-15   3.8721875e-01   3.8721875e-01
   1.1000000e+01   1.4000000e+01   2.9615003e-15   3.7303125e-01   3.7303125e-01
   1.2000000e+01   1.4000000e+01   2.7998783e-15   3.7834375e-01   3.7834375e-01
   1.3000000e+01   1.4000000e+01   2.7164947e-15   3.8053125e-01   3.8053125e-01
   1.4000000e+01   1.4000000e+01   2.9105770e-15   3.9675000e-01   3.9675000e-01
   1.5000000e+01   1.4000000e+01   3.0020753e-15   4.1487500e-01   4.1487500e-01
   1.6000000e+01   1.4000000e+01   3.3326475e-15   4.4250000e-01   4.4250000e-01
   1.7000000e+01   1.4000000e+01   3.4952485e-15   4.6078125e-01   4.6078125e-01
   1.8000000e+01   1.4000000e+01   3.5888516e-15   4.7478125e-01   4.7478125e-01
   1.9000000e+01   1.4000000e+01   3.6829490e-15   4.8243750e-01   4.8243750e-01
   2.0000000e+01   1.4000000e+01   3.5802374e-15   4.6950000e-01   4.6950000e-01
   2.1000000e+01   1.4000000e+01   3.5208377e-15   4.6328125e-01   4.6328125e-01
   2.2000000e+01   1.4000000e+01   3.3812852e-15   4.4818750e-01   4.4818750e-01
   2.3000000e+01   1.4000000e+01   3.3875035e-15   4.2884375e-01   4.2884375e-01
   2.4000000e+01   1.4000000e+01   3.1333918e-15   3.9628125e-01   3.9628125e-01
   2.5000000e+01   1.4000000e+01   2.9636529e-15   3.8484375e-01   3.8484375e-01
   2.6000000e+01   1.4000000e+01   3.0874876e-15   3.7946875e-01   3.7946875e-01
   2.7000000e+01   1.4000000e+01   2.9886546e-15   3.7712500e-01   3.7712500e-01
   2.8000000e+01   1.4000000e+01   2.9454259e-15   3.9256250e-01   3.9256250e-01
   2.9000000e+01   1.4000000e+01   2.8560797e-15   3.8015625e-01   3.8015625e-01
   3.0000000e+01   1.4000000e+01   2.8766263e-15   3.8625000e-01   3.8625000e-01
   3.1000000e+01   1.4000000e+01   2.9808228e-15   4.0803125e-01   4.0803125e-01
   3.2000000e+01   1.4000000e+01   3.1926915e-15   4.3028125e-01   4.3028125e-01
   3.3000000e+01   1.4000000e+01   3.3645020e-15   4.5681250e-01   4.5681250e-01
   3.4000000e+01   1.4000000e+01   3.5680555e-15   4.7550000e-01   4.7550000e-01
   3.5000000e+01   1.4000000e+01   3.7021224e-15   4.8415625e-01   4.8415625e-01
   1.0000000e+00   1.5000000e+01   3.6451297e-15   4.8031250e-01   4.8031250e-01
   2.0000000e+00   1.5000000e+01   3.6882770e-15   4.8953125e-01   4.8953125e-01
   3.0000000e+00   1.5000000e+01   3.7019636e-15   4.8556250e-01   4.8556250e-01
   4.0000000e+00   1.5000000e+01   3.6401069e-15   4.7340625e-01   4.7340625e-01
   5.0000000e+00   1.5000000e+01   3.5365551e-15   4.5631250e-01   4.5631250e-01
   6.0000000e+00   1.5000000e+01   3.5045594e-15   4.4171875e-01   4.4171875e-01
   7.0000000e+00   1.5000000e+01   3.4113910e-15   4.2700000e-01   4.2700000e-01
   8.0000000e+00   1.5000000e+01   3.3081164e-15   4.0446875e-01   4.0446875e-01
   9.0000000e+00   1.5000000e+01   3.2525206e-15   3.9809375e-01   3.9809375e-01
   1.0000000e+01   1.5000000e+01   3.0794599e-15   3.8812500e-01   3.8812500e-01
   1.1000000e+01   1.5000000e+01   3.1123466e-15   3.8159375e-01   3.8159375e-01
   1.2000000e+01   1.5000000e+01   2.8435958e-15   3.6896875e-01   3.6896875e-01
   1.3000000e+01   1.5000000e+01   2.7780593e-15   3.6453125e-01   3.6453125e-01
   1.4000000e+01   1.5000000e+01   2.9340237e-15   3.7137500e-01   3.7137500e-01
   1.5000000e+01   1.5000000e+01   3.1650496e-15   3.9412500e-01   3.9412500e-01
   1.6000000e+01   1.5000000e+01   3.3128007e-15   4.1740625e-01   4.1740625e-01
   1.7000000e+01   1.5000000e+01   3.4699924e-15   4.3903125e-01   4.3903125e-01
   1.8000000e+01   1.5000000e+01   3.6727118e-15   4.8237500e-01   4.8237500e-01
   1.9000000e+01   1.5000000e+01   3.6654833e-15   4.9481250e-01   4.9481250e-01
   2.0000000e+01   1.5000000e+01   3.5245663e-15   4.7468750e-01   4.7468750e-01
   2.1000000e+01   1.5000000e+01   3.4389922e-15   4.5603125e-01   4.5603125e-01
   2.2000000e+01   1.5000000e+01   3.2869854e-15   4.3984375e-01   4.3984375e-01
   2.3000000e+01   1.5000000e+01   3.1827088e-15   4.3000000e-01   4.3000000e-01
   2.4000000e+01   1.5000000e+01   3.0972691e-15   4.2650000e-01   4.2650000e-01
   2.5000000e+01   1.5000000e+01   3.0292090e-15   4.1165625e-01   4.1165625e-01
   2.6000000e+01   1.5000000e+01   3.0684134e-15   4.1618750e-01   4.1618750e-01
   2.7000000e+01   1.5000000e+01   3.1219622e-15   4.1156250e-01   4.1156250e-01
   2.8000000e+01   1.5000000e+01   3.0249223e-15   4.0515625e-01   4.0515625e-01
   2.9000000e+01   1.5000000e+01   2.9954624e-15   3.9115625e-01   3.9115625e-01
   3.0000000e+01   1.5000000e+01   2.9877091e-15   3.9490625e-01   3.9490625e-01
   3.1000000e+01   1.5000000e+01   3.1605264e-15   4.1221875e-01   4.1221875e-01
   3.2000000e+01   1.5000000e+01   3.3479214e-15   4.1331250e-01   4.1331250e-01
   3.3000000e+01   1.5000000e+01   3.3958828e-15   4.3737500e-01   4.3737500e-01
   3.4000000e+01   1.5000000e+01   3.5727510e-15   4.7603125e-01   4.7603125e-01
   3.5000000e+01   1.5000000e+01   3.6270166e-15   4.6265625e-01   4.6265625e-01
   1.0000000e+00   1.6000000e+01   3.7943170e-15   4.8690625e-01   4.8690625e-01
   2.0000000e+00   1.6000000e+01   3.7962358e-15   4.9865625e-01   4.9865625e-01
   3.0000000e+00   1.6000000e+01   3.8480237e-15   4.9240625e-01   4.9240625e-01
   4.0000000e+00   1.6000000e+01   3.6457907e-15   4.7984375e-01   4.7984375e-01
   5.0000000e+00   1.6000000e+01   3.4892895e-15   4.5309375e-01   4.5309375e-01
   6.0000000e+00   1.6000000e+01   3.2946152e-15   4.4031250e-01   4.4031250e-01
   7.0000000e+00   1.6000000e+01   3.3995797e-15   4.3675000e-01   4.3675000e-01
   8.0000000e+00   1.6000000e+01   3.3313317e-15   4.1453125e-01   4.1453125e-01
   9.0000000e+00   1.6000000e+01   3.1507996e-15   3.9368750e-01   3.9368750e-01
   1.0000000e+01   1.6000000e+01   3.2290590e-15   4.2046875e-01   4.2046875e-01
   1.1000000e+01   1.6000000e+01   3.0166264e-15   4.2131250e-01   4.2131250e-01
   1.2000000e+01   1.6000000e+01   2.9872309e-15   4.0400000e-01   4.0400000e-01
   1.3000000e+01   1.6000000e+01   3.0398958e-15   3.9806250e-01   3.9806250e-01
   1.4000000e+01   1.6000000e+01   3.0568247e-15   4.0875000e-01   4.0875000e-01
   1.5000000e+01   1.6000000e+01   3.2941247e-15   4.3140625e-01   4.3140625e-01
   1.6000000e+01   1.6000000e+01   3.4847949e-15   4.4590625e-01   4.4590625e-01
   1.7000000e+01   1.6000000e+01   3.6737703e-15   4.6340625e-01   4.6340625e-01
   1.8000000e+01   1.6000000e+01   3.6359515e-15   4.9468750e-01   4.9468750e-01
   1.9000000e+01   1.6000000e+01   3.7923903e-15   4.9787500e-01   4.9787500e-01
   2.0000000e+01   1.6000000e+01   3.6851576e-15   4.8378125e-01   4.8378125e-01
   2.1000000e+01   1.6000000e+01   3.4403435e-15   4.3206250e-01   4.3206250e-01
   2.2000000e+01   1.6000000e+01   3.3107173e-15   4.4915625e-01   4.4915625e-01
   2.3000000e+01   1.6000000e+01   3.2253599e-15   4.3256250e-01   4.3256250e-01
   2.4000000e+01   1.6000000e+01   3.2958533e-15   4.3437500e-01   4.3437500e-01
   2.5000000e+01   1.6000000e+01   3.1199625e-15   4.0559375e-01   4.0559375e-01
   2.6000000e+01   1.6000000e+01   3.1092910e-15   4.2478125e-01   4.2478125e-01
   2.7000000e+01   1.6000000e+01   3.2666295e-15   4.2821875e-01   4.2821875e-01
   2.8000000e+01   1.6000000e+01   3.0090395e-15   3.9956250e-01   3.9956250e-01
   2.9000000e+01   1.6000000e+01   2.8941677e-15   4.0234375e-01   4.0234375e-01
   3.0000000e+01   1.6000000e+01   3.0294654e-15   4.0459375e-01   4.0459375e-01
   3.1000000e+01   1.6000000e+01   3.2861806e-15   4.1146875e-01   4.1146875e-01
   3.2000000e+01   1.6000000e+01   3.2603208e-15   4.4703125e-01   4.4703125e-01
   3.3000000e+01   1.6000000e+01   3.6367201e-15   4.7621875e-01   4.7621875e-01
   3.4000000e+01   1.6000000e+01   3.7627488e-15   4.9021875e-01   4.9021875e-01
   3.5000000e+01   1.6000000e+01   3.7511296e-15   5.0381250e-01   5.0381250e-01
   1.0000000e+00   1.7000000e+01   3.8028886e-15   4.9946875e-01   4.9946875e-01
   2.0000000e+00   1.7000000e+01   3.8090545e-15   4.9609375e-01   4.9609375e-01
   3.0000000e+00   1.7000000e+01   3.7037909e-15   4.9956250e-01   4.9956250e-01
   4.0000000e+00   1.7000000e+01   3.7407187e-15   4.8690625e-01   4.8690625e-01
   5.0000000e+00   1.7000000e+01   3.4951822e-15   4.5953125e-01   4.5953125e-01
   6.0000000e+00   1.7000000e+01   3.3599737e-15   4.4887500e-01   4.4887500e-01
   7.0000000e+00   1.7000000e+01   3.2988230e-15   4.2140625e-01   4.2140625e-01
   8.0000000e+00   1.7000000e+01   3.2410764e-15   4.4146875e-01   4.4146875e-01
   9.0000000e+00   1.7000000e+01   3.2016193e-15   4.1793750e-01   4.1793750e-01
   1.0000000e+01   1.7000000e+01   3.2011906e-15   4.2940625e-01   4.2940625e-01
   1.1000000e+01   1.7000000e+01   3.1254693e-15   4.0940625e-01   4.0940625e-01
   1.2000000e+01   1.7000000e+01   3.0786842e-15   4.1175000e-01   4.1175000e-01
   1.3000000e+01   1.7000000e+01   3.0469198e-15   3.8321875e-01   3.8321875e-01
   1.4000000e+01   1.7000000e+01   3.1009652e-15   4.2075000e-01   4.2075000e-01
   1.5000000e+01   1.7000000e+01   3.4254387e-15   4.5125000e-01   4.5125000e-01
   1.6000000e+01   1.7000000e+01   3.6910340e-15   4.6162500e-01   4.6162500e-01
   1.7000000e+01   1.7000000e+01   3.7525762e-15   4.9793750e-01   4.9793750e-01
   1.8000000e+01   1.7000000e+01   3.8088286e-15   5.0687500e-01   5.0687500e-01
   1.9000000e+01   1.7000000e+01   3.8686821e-15   5.0903125e-01   5.0903125e-01
   2.0000000e+01   1.7000000e+01   3.7177583e-15   4.6315625e-01   4.6315625e-01
   2.1000000e+01   1.7000000e+01   3.4259644e-15   4.7028125e-01   4.7028125e-01
   2.2000000e+01   1.7000000e+01   3.4245516e-15   4.5309375e-01   4.5309375e-01
   2.3000000e+01   1.7000000e+01   3.3585247e-15   4.1700000e-01   4.1700000e-01
   2.4000000e+01   1.7000000e+01   3.3460035e-15   4.4693750e-01   4.4693750e-01
   2.5000000e+01   1.7000000e+01   3.2352424e-15   4.3468750e-01   4.3468750e-01
   2.6000000e+01   1.7000000e+01   3.1996170e-15   4.3021875e-01   4.3021875e-01
   2.7000000e+01   1.7000000e+01   3.2197003e-15   4.2721875e-01   4.2721875e-01
   2.8000000e+01   1.7000000e+01   3.0917790e-15   3.9203125e-01   3.9203125e-01
   2.9000000e+01   1.7000000e+01   3.0235703e-15   4.1212500e-01   4.1212500e-01
   3.0000000e+01   1.7000000e+01   3.1061132e-15   4.1781250e-01   4.1781250e-01
   3.1000000e+01   1.7000000e+01   3.3062223e-15   4.3828125e-01   4.3828125e-01
   3.2000000e+01   1.7000000e+01   3.4688652e-15   4.3615625e-01   4.3615625e-01
   3.3000000e+01   1.7000000e+01   3.7417157e-15   4.9812500e-01   4.9812500e-01
   3.4000000e+01   1.7000000e+01   3.8033369e-15   5.0546875e-01   5.0546875e-01
   3.5000000e+01   1.7000000e+01   3.9337555e-15   5.0931250e-01   5.0931250e-01
   1.0000000e+00   1.8000000e+01   3.8019383e-15   5.1696875e-01   5.1696875e-01
   2.0000000e+00   1.8000000e+01   3.8078288e-15   5.1415625e-01   5.1415625e-01
   3.0000000e+00   1.8000000e+01   3.7866442e-15   5.0825000e-01   5.0825000e-01
   4.0000000e+00   1.8000000e+01   3.7265059e-15   4.9181250e-01   4.9181250e-01
   5.0000000e+00   1.8000000e+01   3.5308699e-15   4.6384375e-01   4.6384375e-01
   6.0000000e+00   1.8000000e+01   3.4865966e-15   4.5300000e-01   4.5300000e-01
   7.0000000e+00   1.8000000e+01   3.4764353e-15   4.5415625e-01   4.5415625e-01
   8.0000000e+00   1.8000000e+01   3.4142267e-15   4.4709375e-01   4.4709375e-01
   9.0000000e+00   1.8000000e+01   3.4294453e-15   4.2934375e-01   4.2934375e-01
   1.0000000e+01   1.8000000e+01   3.0965158e-15   4.1190625e-01   4.1190625e-01
   1.1000000e+01   1.8000000e+01   3.0248195e-15   4.2056250e-01   4.2056250e-01
   1.2000000e+01   1.8000000e+01   3.0619673e-15   4.0662500e-01   4.0662500e-01
   1.3000000e+01   1.8000000e+01   3.1574707e-15   4.1862500e-01   4.1862500e-01
   1.4000000e+01   1.8000000e+01   3.2593213e-15   4.3443750e-01   4.3443750e-01
   1.5000000e+01   1.8000000e+01   3.3968687e-15   4.6381250e-01   4.6381250e-01
   1.6000000e+01   1.8000000e+01   3.8058059e-15   4.8571875e-01   4.8571875e-01
   1.7000000e+01   1.8000000e+01   3.7580794e-15   4.7396875e-01   4.7396875e-01
   1.8000000e+01   1.8000000e+01   3.8468980e-15   5.1671875e-01   5.1671875e-01
   1.9000000e+01   1.8000000e+01   3.7496323e-15   5.1190625e-01   5.1190625e-01
   2.0000000e+01   1.8000000e+01   3.6691423e-15   4.9693750e-01   4.9693750e-01
   2.1000000e+01   1.8000000e+01   3.4979011e-15   4.7012500e-01   4.7012500e-01
   2.2000000e+01   1.8000000e+01   3.3450410e-15   4.4975000e-01   4.4975000e-01
   2.3000000e+01   1.8000000e+01   3.3300199e-15   4.4775000e-01   4.4775000e-01
   2.4000000e+01   1.8000000e+01   3.3304455e-15   4.4400000e-01   4.4400000e-01
   2.5000000e+01   1.8000000e+01   3.2759839e-15   4.4284375e-01   4.4284375e-01
   2.6000000e+01   1.8000000e+01   3.2805105e-15   4.2709375e-01   4.2709375e-01
   2.7000000e+01   1.8000000e+01   3.0523373e-15   3.9081250e-01   3.9081250e-01
   2.8000000e+01   1.8000000e+01   3.0591006e-15   4.1275000e-01   4.1275000e-01
   2.9000000e+01   1.8000000e+01   3.0194728e-15   4.1343750e-01   4.1343750e-01
   3.0000000e+01   1.8000000e+01   3.2142006e-15   4.2621875e-01   4.2621875e-01
   3.1000000e+01   1.8000000e+01   3.4453022e-15   4.4475000e-01   4.4475000e-01
   3.2000000e+01   1.8000000e+01   3.4004504e-15   4.3437500e-01   4.3437500e-01
   3.3000000e+01   1.8000000e+01   3.7617450e-15   5.0034375e-01   5.0034375e-01
   3.4000000e+01   1.8000000e+01   3.8386312e-15   5.0853125e-01   5.0853125e-01
   3.5000000e+01   1.8000000e+01   3.9872510e-15   5.1328125e-01   5.1328125e-01
   1.0000000e+00   1.9000000e+01   3.7869357e-15   5.0493750e-01   5.0493750e-01
   2.0000000e+00   1.9000000e+01   3.8663704e-15   5.1496875e-01   5.1496875e-01
   3.0000000e+00   1.9000000e+01   3.8834745e-15   5.1203125e-01   5.1203125e-01
   4.0000000e+00   1.9000000e+01   3.7662992e-15   4.7321875e-01   4.7321875e-01
   5.0000000e+00   1.9000000e+01   3.5430442e-15   4.7000000e-01   4.7000000e-01
   6.0000000e+00   1.9000000e+01   3.3063807e-15   4.5012500e-01   4.5012500e-01
   7.0000000e+00   1.9000000e+01   3.3840567e-15   4.4875000e-01   4.4875000e-01
   8.0000000e+00   1.9000000e+01   3.3259945e-15   4.2596875e-01   4.2596875e-01
   9.0000000e+00   1.9000000e+01   3.2315327e-15   4.3818750e-01   4.3818750e-01
   1.0000000e+01   1.9000000e+01   3.2186495e-15   4.2571875e-01   4.2571875e-01
   1.1000000e+01   1.9000000e+01   3.2224584e-15   4.1043750e-01   4.1043750e-01
   1.2000000e+01   1.9000000e+01   3.0574171e-15   3.9581250e-01   3.9581250e-01
   1.3000000e+01   1.9000000e+01   3.0957092e-15   4.2437500e-01   4.2437500e-01
   1.4000000e+01   1.9000000e+01   3.1992711e-15   4.3528125e-01   4.3528125e-01
   1.5000000e+01   1.9000000e+01   3.5010269e-15   4.6031250e-01   4.6031250e-01
   1.6000000e+01   1.9000000e+01   3.7625006e-15   4.8012500e-01   4.8012500e-01
   1.7000000e+01   1.9000000e+01   3.7690021e-15   4.7709375e-01   4.7709375e-01
   1.8000000e+01   1.9000000e+01   3.8764093e-15   5.1878125e-01   5.1878125e-01
   1.9000000e+01   1.9000000e+01   3.7629351e-15   5.1409375e-01   5.1409375e-01
   2.0000000e+01   1.9000000e+01   3.7119828e-15   5.0100000e-01   5.0100000e-01
   2.1000000e+01   1.9000000e+01   3.5910908e-15   4.7928125e-01   4.7928125e-01
   2.2000000e+01   1.9000000e+01   3.4675565e-15   4.6200000e-01   4.6200000e-01
   2.3000000e+01   1.9000000e+01   3.4385351e-15   4.4715625e-01   4.4715625e-01
   2.4000000e+01   1.9000000e+01   3.4224175e-15   4.4346875e-01   4.4346875e-01
   2.5000000e+01   1.9000000e+01   3.3307829e-15   4.1675000e-01   4.1675000e-01
   2.6000000e+01   1.9000000e+01   3.2133164e-15   4.3356250e-01   4.3356250e-01
   2.7000000e+01   1.9000000e+01   3.1247761e-15   4.1809375e-01   4.1809375e-01
   2.8000000e+01   1.9000000e+01   3.1228585e-15   4.1612500e-01   4.1612500e-01
   2.9000000e+01   1.9000000e+01   3.2662660e-15   4.1581250e-01   4.1581250e-01
   3.0000000e+01   1.9000000e+01   3.0796768e-15   4.0800000e-01   4.0800000e-01
   3.1000000e+01   1.9000000e+01   3.3759254e-15   4.4696875e-01   4.4696875e-01
   3.2000000e+01   1.9000000e+01   3.4762839e-15   4.7250000e-01   4.7250000e-01
   3.3000000e+01   1.9000000e+01   3.7730219e-15   4.9521875e-01   4.9521875e-01
   3.4000000e+01   1.9000000e+01   3.9742627e-15   5.1965625e-01   5.1965625e-01
   3.5000000e+01   1.9000000e+01   4.0322291e-15   5.2271875e-01   5.2271875e-01
   1.0000000e+00   2.0000000e+01   4.0327314e-15   5.0153125e-01   5.0153125e-01
   2.0000000e+00   2.0000000e+01   3.8657389e-15   4.9890625e-01   4.9890625e-01
   3.0000000e+00   2.0000000e+01   3.9445756e-15   5.2284375e-01   5.2284375e-01
   4.0000000e+00   2.0000000e+01   3.7563545e-15   5.0796875e-01   5.0796875e-01
   5.0000000e+00   2.0000000e+01   3.6208529e-15   4.7846875e-01   4.7846875e-01
   6.0000000e+00   2.0000000e+01   3.3881479e-15   4.5890625e-01   4.5890625e-01
   7.0000000e+00   2.0000000e+01   3.4226148e-15   4.4953125e-01   4.4953125e-01
   8.0000000e+00   2.0000000e+01   3.3536750e-15   4.4462500e-01   4.4462500e-01
   9.0000000e+00   2.0000000e+01   3.4191737e-15   4.4734375e-01   4.4734375e-01
   1.0000000e+01   2.0000000e+01   3.3729720e-15   4.3787500e-01   4.3787500e-01
   1.1000000e+01   2.0000000e+01   3.3934638e-15   4.1290625e-01   4.1290625e-01
   1.2000000e+01   2.0000000e+01   3.2872720e-15   4.0256250e-01   4.0256250e-01
   1.3000000e+01   2.0000000e+01   3.1227199e-15   4.1206250e-01   4.1206250e-01
   1.4000000e+01   2.0000000e+01   3.2649408e-15   4.3837500e-01   4.3837500e-01
   1.5000000e+01   2.0000000e+01   3.3703095e-15   4.6581250e-01   4.6581250e-01
   1.6000000e+01   2.0000000e+01   3.6719229e-15   4.8462500e-01   4.8462500e-01
   1.7000000e+01   2.0000000e+01   3.9502748e-15   5.1975000e-01   5.1975000e-01
   1.8000000e+01   2.0000000e+01   4.0775675e-15   5.3246875e-01   5.3246875e-01
   1.9000000e+01   2.0000000e+01   3.9852773e-15   4.9875000e-01   4.9875000e-01
   2.0000000e+01   2.0000000e+01   3.9181824e-15   5.2290625e-01   5.2290625e-01
   2.1000000e+01   2.0000000e+01   3.7185137e-15   4.9868750e-01   4.9868750e-01
   2.2000000e+01   2.0000000e+01   3.5834647e-15   4.8106250e-01   4.8106250e-01
   2.3000000e+01   2.0000000e+01   3.5457690e-15   4.4375000e-01   4.4375000e-01
   2.4000000e+01   2.0000000e+01   3.3088465e-15   4.1506250e-01   4.1506250e-01
   2.5000000e+01   2.0000000e+01   3.3132891e-15   4.4153125e-01   4.4153125e-01
   2.6000000e+01   2.0000000e+01   3.3792567e-15   4.5021875e-01   4.5021875e-01
   2.7000000e+01   2.0000000e+01   3.1837578e-15   4.2925000e-01   4.2925000e-01
   2.8000000e+01   2.0000000e+01   3.1648738e-15   4.2625000e-01   4.2625000e-01
   2.9000000e+01   2.0000000e+01   3.1534342e-15   4.1531250e-01   4.1531250e-01
   3.0000000e+01   2.0000000e+01   3.1737297e-15   4.0693750e-01   4.0693750e-01
   3.1000000e+01   2.0000000e+01   3.5112970e-15   4.3012500e-01   4.3012500e-01
   3.2000000e+01   2.0000000e+01   3.6016857e-15   4.7231250e-01   4.7231250e-01
   3.3000000e+01   2.0000000e+01   3.9345620e-15   5.1025000e-01   5.1025000e-01
   3.4000000e+01   2.0000000e+01   3.9645224e-15   5.2775000e-01   5.2775000e-01
   3.5000000e+01   2.0000000e+01   4.0172992e-15   5.3990625e-01   5.3990625e-01
   1.0000000e+00   2.1000000e+01   3.9981361e-15   5.3184375e-01   5.3184375e-01
   2.0000000e+00   2.1000000e+01   4.1349749e-15   5.4156250e-01   5.4156250e-01
   3.0000000e+00   2.1000000e+01   4.0672845e-15   5.3718750e-01   5.3718750e-01
   4.0000000e+00   2.1000000e+01   4.1090891e-15   5.0900000e-01   5.0900000e-01
   5.0000000e+00   2.1000000e+01   3.7152600e-15   4.9718750e-01   4.9718750e-01
   6.0000000e+00   2.1000000e+01   3.5685292e-15   4.8390625e-01   4.8390625e-01
   7.0000000e+00   2.1000000e+01   3.4639613e-15   4.5862500e-01   4.5862500e-01
   8.0000000e+00   2.1000000e+01   3.4796383e-15   4.6103125e-01   4.6103125e-01
   9.0000000e+00   2.1000000e+01   3.6082527e-15   4.6643750e-01   4.6643750e-01
   1.0000000e+01   2.1000000e+01   3.5531898e-15   4.4240625e-01   4.4240625e-01
   1.1000000e+01   2.1000000e+01   3.2689218e-15   4.3787500e-01   4.3787500e-01
   1.2000000e+01   2.1000000e+01   3.3528384e-15   4.5118750e-01   4.5118750e-01
   1.3000000e+01   2.1000000e+01   3.3683497e-15   4.4871875e-01   4.4871875e-01
   1.4000000e+01   2.1000000e+01   3.6002460e-15   4.5618750e-01   4.5618750e-01
   1.5000000e+01   2.1000000e+01   3.5307592e-15   4.5868750e-01   4.5868750e-01
   1.6000000e+01   2.1000000e+01   3.7339274e-15   5.0959375e-01   5.0959375e-01
   1.7000000e+01   2.1000000e+01   3.9552549e-15   5.4062500e-01   5.4062500e-01
   1.8000000e+01   2.1000000e+01   4.1518784e-15   5.4746875e-01   5.4746875e-01
   1.9000000e+01   2.1000000e+01   4.1909840e-15   5.4834375e-01   5.4834375e-01
   2.0000000e+01   2.1000000e+01   4.0971053e-15   5.4062500e-01   5.4062500e-01
   2.1000000e+01   2.1000000e+01   3.9562609e-15   5.2259375e-01   5.2259375e-01
   2.2000000e+01   2.1000000e+01   3.7480834e-15   5.0050000e-01   5.0050000e-01
   2.3000000e+01   2.1000000e+01   3.5702579e-15   4.7468750e-01   4.7468750e-01
   2.4000000e+01   2.1000000e+01   3.5154460e-15   4.6825000e-01   4.6825000e-01
   2.5000000e+01   2.1000000e+01   3.5735272e-15   4.7009375e-01   4.7009375e-01
   2.6000000e+01   2.1000000e+01   3.4877859e-15   4.6506250e-01   4.6506250e-01
   2.7000000e+01   2.1000000e+01   3.5234088e-15   4.5406250e-01   4.5406250e-01
   2.8000000e+01   2.1000000e+01   3.3959846e-15   4.2140625e-01   4.2140625e-01
   2.9000000e+01   2.1000000e+01   3.3523870e-15   4.4075000e-01   4.4075000e-01
   3.0000000e+01   2.1000000e+01   3.2911682e-15   4.5681250e-01   4.5681250e-01
   3.1000000e+01   2.1000000e+01   3.4939833e-15   4.7003125e-01   4.7003125e-01
   3.2000000e+01   2.1000000e+01   3.7424593e-15   5.0090625e-01   5.0090625e-01
   3.3000000e+01   2.1000000e+01   4.0603126e-15   5.3450000e-01   5.3450000e-01
   3.4000000e+01   2.1000000e+01   4.2387228e-15   5.5671875e-01   5.5671875e-01
   3.5000000e+01   2.1000000e+01   4.2751451e-15   5.6340625e-01   5.6340625e-01
   1.0000000e+00   2.2000000e+01   4.2832594e-15   5.3250000e-01   5.3250000e-01
   2.0000000e+00   2.2000000e+01   4.1758036e-15   5.5325000e-01   5.5325000e-01
   3.0000000e+00   2.2000000e+01   4.3178834e-15   5.6965625e-01   5.6965625e-01
   4.0000000e+00   2.2000000e+01   4.1892197e-15   5.5734375e-01   5.5734375e-01
   5.0000000e+00   2.2000000e+01   3.9781869e-15   5.3581250e-01   5.3581250e-01
   6.0000000e+00   2.2000000e+01   3.8934416e-15   5.1837500e-01   5.1837500e-01
   7.0000000e+00   2.2000000e+01   3.7498582e-15   4.9593750e-01   4.9593750e-01
   8.0000000e+00   2.2000000e+01   3.5809265e-15   4.6903125e-01   4.6903125e-01
   9.0000000e+00   2.2000000e+01   3.7809960e-15   4.6593750e-01   4.6593750e-01
   1.0000000e+01   2.2000000e+01   3.7443346e-15   4.8050000e-01   4.8050000e-01
   1.1000000e+01   2.2000000e+01   3.5897950e-15   4.7493750e-01   4.7493750e-01
   1.2000000e+01   2.2000000e+01   3.5890368e-15   4.7190625e-01   4.7190625e-01
   1.3000000e+01   2.2000000e+01   3.5022220e-15   4.7278125e-01   4.7278125e-01
   1.4000000e+01   2.2000000e+01   3.7723496e-15   4.6450000e-01   4.6450000e-01
   1.5000000e+01   2.2000000e+01   3.9362047e-15   5.1987500e-01   5.1987500e-01
   1.6000000e+01   2.2000000e+01   4.1540715e-15   5.4784375e-01   5.4784375e-01
   1.7000000e+01   2.2000000e+01   4.3640932e-15   5.7403125e-01   5.7403125e-01
   1.8000000e+01   2.2000000e+01   4.3581627e-15   5.4537500e-01   5.4537500e-01
   1.9000000e+01   2.2000000e+01   4.3581370e-15   5.4987500e-01   5.4987500e-01
   2.0000000e+01   2.2000000e+01   4.4545019e-15   5.4428125e-01   5.4428125e-01
   2.1000000e+01   2.2000000e+01   4.2249014e-15   5.4543750e-01   5.4543750e-01
   2.2000000e+01   2.2000000e+01   4.0212695e-15   5.3218750e-01   5.3218750e-01
   2.3000000e+01   2.2000000e+01   3.8261177e-15   5.1062500e-01   5.1062500e-01
   2.4000000e+01   2.2000000e+01   3.7373472e-15   5.0015625e-01   5.0015625e-01
   2.5000000e+01   2.2000000e+01   3.6369036e-15   4.6781250e-01   4.6781250e-01
   2.6000000e+01   2.2000000e+01   3.7505536e-15   4.6109375e-01   4.6109375e-01
   2.7000000e+01   2.2000000e+01   3.6283392e-15   4.5109375e-01   4.5109375e-01
   2.8000000e+01   2.2000000e+01   3.4895320e-15   4.6925000e-01   4.6925000e-01
   2.9000000e+01   2.2000000e+01   3.4918925e-15   4.7884375e-01   4.7884375e-01
   3.0000000e+01   2.2000000e+01   3.5203277e-15   4.7956250e-01   4.7956250e-01
   3.1000000e+01   2.2000000e+01   3.8626405e-15   5.0596875e-01   5.0596875e-01
   3.2000000e+01   2.2000000e+01   4.1732616e-15   5.3737500e-01   5.3737500e-01
   3.3000000e+01   2.2000000e+01   4.2298879e-15   5.2950000e-01   5.2950000e-01
   3.4000000e+01   2.2000000e+01   4.3789690e-15   5.8390625e-01   5.8390625e-01
   3.5000000e+01   2.2000000e+01   4.3194491e-15   5.8790625e-01   5.8790625e-01
   1.0000000e+00   2.3000000e+01   4.5044273e-15   5.9515625e-01   5.9515625e-01
   2.0000000e+00   2.3000000e+01   4.4064868e-15   5.9518750e-01   5.9518750e-01
   3.0000000e+00   2.3000000e+01   4.3815095e-15   5.7900000e-01   5.7900000e-01
   4.0000000e+00   2.3000000e+01   4.2198593e-15   5.6146875e-01   5.6146875e-01
   5.0000000e+00   2.3000000e+01   4.1346821e-15   5.5471875e-01   5.5471875e-01
   6.0000000e+00   2.3000000e+01   4.0022087e-15   5.4153125e-01   5.4153125e-01
   7.0000000e+00   2.3000000e+01   3.9337027e-15   5.2553125e-01   5.2553125e-01
   8.0000000e+00   2.3000000e+01   3.8414799e-15   4.9018750e-01   4.9018750e-01
   9.0000000e+00   2.3000000e+01   3.7988474e-15   4.8018750e-01   4.8018750e-01
   1.0000000e+01   2.3000000e+01   3.7370013e-15   4.7125000e-01   4.7125000e-01
   1.1000000e+01   2.3000000e+01   3.7162417e-15   4.6518750e-01   4.6518750e-01
   1.2000000e+01   2.3000000e+01   3.6553153e-15   4.5693750e-01   4.5693750e-01
   1.3000000e+01   2.3000000e+01   3.5607288e-15   4.5690625e-01   4.5690625e-01
   1.4000000e+01   2.3000000e+01   3.7393175e-15   4.7071875e-01   4.7071875e-01
   1.5000000e+01   2.3000000e+01   4.2297854e-15   5.3865625e-01   5.3865625e-01
   1.6000000e+01   2.3000000e+01   4.3902545e-15   5.7056250e-01   5.7056250e-01
   1.7000000e+01   2.3000000e+01   4.3982023e-15   5.8346875e-01   5.8346875e-01
   1.8000000e+01   2.3000000e+01   4.4959301e-15   5.9937500e-01   5.9937500e-01
   1.9000000e+01   2.3000000e+01   4.2521053e-15   5.5759375e-01   5.5759375e-01
   2.0000000e+01   2.3000000e+01   4.2753318e-15   5.3940625e-01   5.3940625e-01
   2.1000000e+01   2.3000000e+01   4.2702272e-15   5.6159375e-01   5.6159375e-01
   2.2000000e+01   2.3000000e+01   4.1290535e-15   5.4425000e-01   5.4425000e-01
   2.3000000e+01   2.3000000e+01   3.9415770e-15   5.2787500e-01   5.2787500e-01
   2.4000000e+01   2.3000000e+01   3.9288510e-15   5.2959375e-01   5.2959375e-01
   2.5000000e+01   2.3000000e+01   3.8099931e-15   4.8725000e-01   4.8725000e-01
   2.6000000e+01   2.3000000e+01   4.0302624e-15   5.0559375e-01   5.0559375e-01
   2.7000000e+01   2.3000000e+01   3.8651013e-15   5.0381250e-01   5.0381250e-01
   2.8000000e+01   2.3000000e+01   3.7120220e-15   4.9496875e-01   4.9496875e-01
   2.9000000e+01   2.3000000e+01   3.7375019e-15   4.8965625e-01   4.8965625e-01
   3.0000000e+01   2.3000000e+01   3.7705736e-15   5.0306250e-01   5.0306250e-01
   3.1000000e+01   2.3000000e+01   3.9453594e-15   5.2971875e-01   5.2971875e-01
   3.2000000e+01   2.3000000e+01   4.1190456e-15   5.5056250e-01   5.5056250e-01
   3.3000000e+01   2.3000000e+01   4.3406466e-15   5.8743750e-01   5.8743750e-01
   3.4000000e+01   2.3000000e+01   4.5011003e-15   5.9621875e-01   5.9621875e-01
   3.5000000e+01   2.3000000e+01   4.4534678e-15   5.9121875e-01   5.9121875e-01
   1.0000000e+00   2.4000000e+01   4.5571441e-15   5.6637500e-01   5.6637500e-01
   2.0000000e+00   2.4000000e+01   4.6773870e-15   5.7481250e-01   5.7481250e-01
   3.0000000e+00   2.4000000e+01   4.5528469e-15   5.7609375e-01   5.7609375e-01
   4.0000000e+00   2.4000000e+01   4.4264110e-15   5.7218750e-01   5.7218750e-01
   5.0000000e+00   2.4000000e+01   4.2524712e-15   5.5778125e-01   5.5778125e-01
   6.0000000e+00   2.4000000e+01   4.1762364e-15   5.4328125e-01   5.4328125e-01
   7.0000000e+00   2.4000000e+01   3.9576432e-15   5.3128125e-01   5.3128125e-01
   8.0000000e+00   2.4000000e+01   3.9503314e-15   5.3659375e-01   5.3659375e-01
   9.0000000e+00   2.4000000e+01   3.9034917e-15   5.2940625e-01   5.2940625e-01
   1.0000000e+01   2.4000000e+01   3.8241362e-15   5.1450000e-01   5.1450000e-01
   1.1000000e+01   2.4000000e+01   3.7264520e-15   5.0512500e-01   5.0512500e-01
   1.2000000e+01   2.4000000e+01   3.6946502e-15   5.0493750e-01   5.0493750e-01
   1.3000000e+01   2.4000000e+01   3.7128988e-15   5.0440625e-01   5.0440625e-01
   1.4000000e+01   2.4000000e+01   3.8523531e-15   5.1718750e-01   5.1718750e-01
   1.5000000e+01   2.4000000e+01   4.1963349e-15   5.5603125e-01   5.5603125e-01
   1.6000000e+01   2.4000000e+01   4.4405785e-15   5.7684375e-01   5.7684375e-01
   1.7000000e+01   2.4000000e+01   4.5081429e-15   5.9200000e-01   5.9200000e-01
   1.8000000e+01   2.4000000e+01   4.5686691e-15   5.9762500e-01   5.9762500e-01
   1.9000000e+01   2.4000000e+01   4.4377084e-15   5.8506250e-01   5.8506250e-01
   2.0000000e+01   2.4000000e+01   4.3386092e-15   5.7300000e-01   5.7300000e-01
   2.1000000e+01   2.4000000e+01   4.1968824e-15   5.6121875e-01   5.6121875e-01
   2.2000000e+01   2.4000000e+01   4.2298436e-15   5.4590625e-01   5.4590625e-01
   2.3000000e+01   2.4000000e+01   4.1279676e-15   5.0715625e-01   5.0715625e-01
   2.4000000e+01   2.4000000e+01   3.9852012e-15   5.2684375e-01   5.2684375e-01
   2.5000000e+01   2.4000000e+01   3.9084789e-15   5.3400000e-01   5.3400000e-01
   2.6000000e+01   2.4000000e+01   3.8431533e-15   5.1034375e-01   5.1034375e-01
   2.7000000e+01   2.4000000e+01   3.7204628e-15   5.0012500e-01   5.0012500e-01
   2.8000000e+01   2.4000000e+01   3.7069895e-15   5.0190625e-01   5.0190625e-01
   2.9000000e+01   2.4000000e+01   3.6044836e-15   4.7287500e-01   4.7287500e-01
   3.0000000e+01   2.4000000e+01   3.8434587e-15   4.7925000e-01   4.7925000e-01
   3.1000000e+01   2.4000000e+01   4.1023888e-15   5.2850000e-01   5.2850000e-01
   3.2000000e+01   2.4000000e+01   4.3301641e-15   5.5790625e-01   5.5790625e-01
   3.3000000e+01   2.4000000e+01   4.5046850e-15   5.8271875e-01   5.8271875e-01
   3.4000000e+01   2.4000000e+01   4.4798342e-15   5.8859375e-01   5.8859375e-01
   3.5000000e+01   2.4000000e+01   4.5192749e-15   5.8793750e-01   5.8793750e-01
   1.0000000e+00   2.5000000e+01   4.4838579e-15   5.9375000e-01   5.9375000e-01
   2.0000000e+00   2.5000000e+01   4.3607073e-15   5.9493750e-01   5.9493750e-01
   3.0000000e+00   2.5000000e+01   4.2878864e-15   5.7921875e-01   5.7921875e-01
   4.0000000e+00   2.5000000e+01   4.2500745e-15   5.6484375e-01   5.6484375e-01
   5.0000000e+00   2.5000000e+01   4.0455370e-15   5.3837500e-01   5.3837500e-01
   6.0000000e+00   2.5000000e+01   4.1047203e-15   5.0731250e-01   5.0731250e-01
   7.0000000e+00   2.5000000e+01   4.0473448e-15   5.2925000e-01   5.2925000e-01
   8.0000000e+00   2.5000000e+01   4.0374032e-15   5.3000000e-01   5.3000000e-01
   9.0000000e+00   2.5000000e+01   3.8829935e-15   5.2246875e-01   5.2246875e-01
   1.0000000e+01   2.5000000e+01   3.7198587e-15   4.9331250e-01   4.9331250e-01
   1.1000000e+01   2.5000000e+01   3.8560367e-15   4.6909375e-01   4.6909375e-01
   1.2000000e+01   2.5000000e+01   3.7477301e-15   4.9371875e-01   4.9371875e-01
   1.3000000e+01   2.5000000e+01   3.8015464e-15   4.9315625e-01   4.9315625e-01
   1.4000000e+01   2.5000000e+01   3.8703788e-15   5.1193750e-01   5.1193750e-01
   1.5000000e+01   2.5000000e+01   4.0742372e-15   5.4115625e-01   5.4115625e-01
   1.6000000e+01   2.5000000e+01   4.3009186e-15   5.3134375e-01   5.3134375e-01
   1.7000000e+01   2.5000000e+01   4.5224632e-15   5.6687500e-01   5.6687500e-01
   1.8000000e+01   2.5000000e+01   4.5169488e-15   5.8078125e-01   5.8078125e-01
   1.9000000e+01   2.5000000e+01   4.4410043e-15   5.6959375e-01   5.6959375e-01
   2.0000000e+01   2.5000000e+01   4.2834873e-15   5.3746875e-01   5.3746875e-01
   2.1000000e+01   2.5000000e+01   4.0668718e-15   5.2359375e-01   5.2359375e-01
   2.2000000e+01   2.5000000e+01   3.9419655e-15   5.3312500e-01   5.3312500e-01
   2.3000000e+01   2.5000000e+01   3.8586949e-15   5.1181250e-01   5.1181250e-01
   2.4000000e+01   2.5000000e+01   3.9079365e-15   5.1815625e-01   5.1815625e-01
   2.5000000e+01   2.5000000e+01   3.9767059e-15   5.1693750e-01   5.1693750e-01
   2.6000000e+01   2.5000000e+01   3.8471261e-15   5.0078125e-01   5.0078125e-01
   2.7000000e+01   2.5000000e+01   3.6624288e-15   4.8415625e-01   4.8415625e-01
   2.8000000e+01   2.5000000e+01   3.7199503e-15   4.8412500e-01   4.8412500e-01
   2.9000000e+01   2.5000000e+01   3.6709637e-15   4.8031250e-01   4.8031250e-01
   3.0000000e+01   2.5000000e+01   3.7761947e-15   4.9725000e-01   4.9725000e-01
   3.1000000e+01   2.5000000e+01   3.9434326e-15   5.1525000e-01   5.1525000e-01
   3.2000000e+01   2.5000000e+01   4.2628705e-15   5.4325000e-01   5.4325000e-01
   3.3000000e+01   2.5000000e+01   4.3489455e-15   5.3646875e-01   5.3646875e-01
   3.4000000e+01   2.5000000e+01   4.2245116e-15   5.4803125e-01   5.4803125e-01
   3.5000000e+01   2.5000000e+01   4.3002429e-15   5.6796875e-01   5.6796875e-01
   1.0000000e+00   2.6000000e+01   4.4412234e-15   5.7843750e-01   5.7843750e-01
   2.0000000e+00   2.6000000e+01   4.3315076e-15   5.7275000e-01   5.7275000e-01
   3.0000000e+00   2.6000000e+01   4.1050619e-15   5.5918750e-01   5.5918750e-01
   4.0000000e+00   2.6000000e+01   4.1188264e-15   5.3696875e-01   5.3696875e-01
   5.0000000e+00   2.6000000e+01   3.8988003e-15   5.2378125e-01   5.2378125e-01
   6.0000000e+00   2.6000000e+01   3.8766679e-15   5.1078125e-01   5.1078125e-01
   7.0000000e+00   2.6000000e+01   3.8530930e-15   4.8750000e-01   4.8750000e-01
   8.0000000e+00   2.6000000e+01   3.6631217e-15   4.7125000e-01   4.7125000e-01
   9.0000000e+00   2.6000000e+01   3.5957108e-15   4.8321875e-01   4.8321875e-01
   1.0000000e+01   2.6000000e+01   3.5656561e-15   4.7356250e-01   4.7356250e-01
   1.1000000e+01   2.6000000e+01   3.5009400e-15   4.6628125e-01   4.6628125e-01
   1.2000000e+01   2.6000000e+01   3.4367906e-15   4.6350000e-01   4.6350000e-01
   1.3000000e+01   2.6000000e+01   3.4298178e-15   4.6921875e-01   4.6921875e-01
   1.4000000e+01   2.6000000e+01   3.5397668e-15   4.7531250e-01   4.7531250e-01
   1.5000000e+01   2.6000000e+01   3.8610016e-15   5.1040625e-01   5.1040625e-01
   1.6000000e+01   2.6000000e+01   4.0327110e-15   5.3337500e-01   5.3337500e-01
   1.7000000e+01   2.6000000e+01   4.1635013e-15   5.5587500e-01   5.5587500e-01
   1.8000000e+01   2.6000000e+01   4.1699997e-15   5.6025000e-01   5.6025000e-01
   1.9000000e+01   2.6000000e+01   4.1151217e-15   5.4518750e-01   5.4518750e-01
   2.0000000e+01   2.6000000e+01   3.9703379e-15   5.2971875e-01   5.2971875e-01
   2.1000000e+01   2.6000000e+01   3.9421286e-15   5.1834375e-01   5.1834375e-01
   2.2000000e+01   2.6000000e+01   3.7733904e-15   5.0281250e-01   5.0281250e-01
   2.3000000e+01   2.6000000e+01   3.7733565e-15   4.9078125e-01   4.9078125e-01
   2.4000000e+01   2.6000000e+01   3.7539809e-15   4.8800000e-01   4.8800000e-01
   2.5000000e+01   2.6000000e+01   3.7491132e-15   4.8853125e-01   4.8853125e-01
   2.6000000e+01   2.6000000e+01   3.6422253e-15   4.7003125e-01   4.7003125e-01
   2.7000000e+01   2.6000000e+01   3.3900827e-15   4.5468750e-01   4.5468750e-01
   2.8000000e+01   2.6000000e+01   3.3408493e-15   4.4887500e-01   4.4887500e-01
   2.9000000e+01   2.6000000e+01   3.4620288e-15   4.4931250e-01   4.4931250e-01
   3.0000000e+01   2.6000000e+01   3.4530455e-15   4.3246875e-01   4.3246875e-01
   3.1000000e+01   2.6000000e+01   3.5530275e-15   4.6396875e-01   4.6396875e-01
   3.2000000e+01   2.6000000e+01   3.8226595e-15   5.1253125e-01   5.1253125e-01
   3.3000000e+01   2.6000000e+01   4.0331402e-15   5.4318750e-01   5.4318750e-01
   3.4000000e+01   2.6000000e+01   4.1599763e-15   5.5175000e-01   5.5175000e-01
   3.5000000e+01   2.6000000e+01   4.0029656e-15   5.4040625e-01   5.4040625e-01
   1.0000000e+00   2.7000000e+01   4.1576834e-15   5.5303125e-01   5.5303125e-01
   2.0000000e+00   2.7000000e+01   3.9975472e-15   5.3300000e-01   5.3300000e-01
   3.0000000e+00   2.7000000e+01   3.8435734e-15   4.8409375e-01   4.8409375e-01
   4.0000000e+00   2.7000000e+01   3.8991543e-15   4.9584375e-01   4.9584375e-01
   5.0000000e+00   2.7000000e+01   3.7052169e-15   4.8734375e-01   4.8734375e-01
   6.0000000e+00   2.7000000e+01   3.5831032e-15   4.6603125e-01   4.6603125e-01
   7.0000000e+00   2.7000000e+01   3.4680769e-15   4.6178125e-01   4.6178125e-01
   8.0000000e+00   2.7000000e+01   3.4081706e-15   4.6206250e-01   4.6206250e-01
   9.0000000e+00   2.7000000e+01   3.3004956e-15   4.5403125e-01   4.5403125e-01
   1.0000000e+01   2.7000000e+01   3.2078210e-15   4.3900000e-01   4.3900000e-01
   1.1000000e+01   2.7000000e+01   3.0782758e-15   4.2418750e-01   4.2418750e-01
   1.2000000e+01   2.7000000e+01   3.1179489e-15   4.2037500e-01   4.2037500e-01
   1.3000000e+01   2.7000000e+01   3.2327583e-15   4.2728125e-01   4.2728125e-01
   1.4000000e+01   2.7000000e+01   3.2770134e-15   4.3428125e-01   4.3428125e-01
   1.5000000e+01   2.7000000e+01   3.4965169e-15   4.5971875e-01   4.5971875e-01
   1.6000000e+01   2.7000000e+01   3.7981432e-15   4.7878125e-01   4.7878125e-01
   1.7000000e+01   2.7000000e+01   3.7914678e-15   4.8984375e-01   4.8984375e-01
   1.8000000e+01   2.7000000e+01   3.8647503e-15   5.1846875e-01   5.1846875e-01
   1.9000000e+01   2.7000000e+01   3.7950365e-15   5.0643750e-01   5.0643750e-01
   2.0000000e+01   2.7000000e+01   3.6379121e-15   4.9037500e-01   4.9037500e-01
   2.1000000e+01   2.7000000e+01   3.5576763e-15   4.7712500e-01   4.7712500e-01
   2.2000000e+01   2.7000000e+01   3.4611261e-15   4.6084375e-01   4.6084375e-01
   2.3000000e+01   2.7000000e+01   3.5754916e-15   4.4518750e-01   4.4518750e-01
   2.4000000e+01   2.7000000e+01   3.3048034e-15   4.3437500e-01   4.3437500e-01
   2.5000000e+01   2.7000000e+01   3.3029890e-15   4.5234375e-01   4.5234375e-01
   2.6000000e+01   2.7000000e+01   3.1783831e-15   4.3556250e-01   4.3556250e-01
   2.7000000e+01   2.7000000e+01   3.2020634e-15   4.2371875e-01   4.2371875e-01
   2.8000000e+01   2.7000000e+01   3.0867424e-15   4.1546875e-01   4.1546875e-01
   2.9000000e+01   2.7000000e+01   3.0596039e-15   4.1459375e-01   4.1459375e-01
   3.0000000e+01   2.7000000e+01   3.2201226e-15   4.1981250e-01   4.1981250e-01
   3.1000000e+01   2.7000000e+01   3.3536692e-15   4.3440625e-01   4.3440625e-01
   3.2000000e+01   2.7000000e+01   3.3366569e-15   4.4196875e-01   4.4196875e-01
   3.3000000e+01   2.7000000e+01   3.5809846e-15   4.8990625e-01   4.8990625e-01
   3.4000000e+01   2.7000000e+01   3.7329492e-15   5.0112500e-01   5.0112500e-01
   3.5000000e+01   2.7000000e+01   3.8131908e-15   5.0300000e-01   5.0300000e-01
   1.0000000e+00   2.8000000e+01   3.6832688e-15   4.9412500e-01   4.9412500e-01
   2.0000000e+00   2.8000000e+01   3.6999283e-15   4.9803125e-01   4.9803125e-01
   3.0000000e+00   2.8000000e+01   3.5394463e-15   4.8340625e-01   4.8340625e-01
   4.0000000e+00   2.8000000e+01   3.5468995e-15   4.6437500e-01   4.6437500e-01
   5.0000000e+00   2.8000000e+01   3.3809622e-15   4.4840625e-01   4.4840625e-01
   6.0000000e+00   2.8000000e+01   3.3164609e-15   4.3565625e-01   4.3565625e-01
   7.0000000e+00   2.8000000e+01   3.2185682e-15   4.2821875e-01   4.2821875e-01
   8.0000000e+00   2.8000000e+01   3.2469624e-15   4.2271875e-01   4.2271875e-01
   9.0000000e+00   2.8000000e+01   3.2463531e-15   4.1262500e-01   4.1262500e-01
   1.0000000e+01   2.8000000e+01   3.0065061e-15   3.8287500e-01   3.8287500e-01
   1.1000000e+01   2.8000000e+01   2.8702953e-15   3.8781250e-01   3.8781250e-01
   1.2000000e+01   2.8000000e+01   2.8583897e-15   3.9256250e-01   3.9256250e-01
   1.3000000e+01   2.8000000e+01   2.9683722e-15   3.9893750e-01   3.9893750e-01
   1.4000000e+01   2.8000000e+01   3.0691675e-15   4.1403125e-01   4.1403125e-01
   1.5000000e+01   2.8000000e+01   3.3215710e-15   4.4040625e-01   4.4040625e-01
   1.6000000e+01   2.8000000e+01   3.4914401e-15   4.5746875e-01   4.5746875e-01
   1.7000000e+01   2.8000000e+01   3.7057403e-15   4.6796875e-01   4.6796875e-01
   1.8000000e+01   2.8000000e+01   3.5771738e-15   4.5475000e-01   4.5475000e-01
   1.9000000e+01   2.8000000e+01   3.4803440e-15   4.5878125e-01   4.5878125e-01
   2.0000000e+01   2.8000000e+01   3.4194334e-15   4.4362500e-01   4.4362500e-01
   2.1000000e+01   2.8000000e+01   3.2519367e-15   4.3678125e-01   4.3678125e-01
   2.2000000e+01   2.8000000e+01   3.2779708e-15   4.3603125e-01   4.3603125e-01
   2.3000000e+01   2.8000000e+01   3.0934192e-15   4.1356250e-01   4.1356250e-01
   2.4000000e+01   2.8000000e+01   3.0420828e-15   4.1203125e-01   4.1203125e-01
   2.5000000e+01   2.8000000e+01   3.1470213e-15   4.2096875e-01   4.2096875e-01
   2.6000000e+01   2.8000000e+01   2.9993350e-15   4.1203125e-01   4.1203125e-01
   2.7000000e+01   2.8000000e+01   2.9222926e-15   3.9856250e-01   3.9856250e-01
   2.8000000e+01   2.8000000e+01   2.9280617e-15   3.8803125e-01   3.8803125e-01
   2.9000000e+01   2.8000000e+01   3.0115510e-15   3.9403125e-01   3.9403125e-01
   3.0000000e+01   2.8000000e+01   3.0328316e-15   3.8687500e-01   3.8687500e-01
   3.1000000e+01   2.8000000e+01   3.1142581e-15   4.2331250e-01   4.2331250e-01
   3.2000000e+01   2.8000000e+01   3.2805247e-15   4.4671875e-01   4.4671875e-01
   3.3000000e+01   2.8000000e+01   3.4998851e-15   4.6787500e-01   4.6787500e-01
   3.4000000e+01   2.8000000e+01   3.5217401e-15   4.7840625e-01   4.7840625e-01
   3.5000000e+01   2.8000000e+01   3.5112415e-15   4.7218750e-01   4.7218750e-01
   1.0000000e+00   2.9000000e+01   3.6983289e-15   4.8384375e-01   4.8384375e-01
   2.0000000e+00   2.9000000e+01   3.7705687e-15   4.6540625e-01   4.6540625e-01
   3.0000000e+00   2.9000000e+01   3.5410032e-15   4.7281250e-01   4.7281250e-01
   4.0000000e+00   2.9000000e+01   3.3611031e-15   4.5143750e-01   4.5143750e-01
   5.0000000e+00   2.9000000e+01   3.3647341e-15   4.4275000e-01   4.4275000e-01
   6.0000000e+00   2.9000000e+01   3.2904844e-15   4.2853125e-01   4.2853125e-01
   7.0000000e+00   2.9000000e+01   3.1405250e-15   4.1821875e-01   4.1821875e-01
   8.0000000e+00   2.9000000e+01   3.1272696e-15   4.0387500e-01   4.0387500e-01
   9.0000000e+00   2.9000000e+01   3.1938720e-15   3.9109375e-01   3.9109375e-01
   1.0000000e+01   2.9000000e+01   2.9431654e-15   3.7509375e-01   3.7509375e-01
   1.1000000e+01   2.9000000e+01   2.8658738e-15   3.8653125e-01   3.8653125e-01
   1.2000000e+01   2.9000000e+01   2.7811345e-15   3.8340625e-01   3.8340625e-01
   1.3000000e+01   2.9000000e+01   2.9298080e-15   4.0071875e-01   4.0071875e-01
   1.4000000e+01   2.9000000e+01   3.2478517e-15   4.2384375e-01   4.2384375e-01
   1.5000000e+01   2.9000000e+01   3.4801815e-15   4.5240625e-01   4.5240625e-01
   1.6000000e+01   2.9000000e+01   3.7060060e-15   4.5728125e-01   4.5728125e-01
   1.7000000e+01   2.9000000e+01   3.6036201e-15   4.6790625e-01   4.6790625e-01
   1.8000000e+01   2.9000000e+01   3.6678292e-15   4.8846875e-01   4.8846875e-01
   1.9000000e+01   2.9000000e+01   3.5248806e-15   4.7781250e-01   4.7781250e-01
   2.0000000e+01   2.9000000e+01   3.3955498e-15   4.5909375e-01   4.5909375e-01
   2.1000000e+01   2.9000000e+01   3.3288268e-15   4.4675000e-01   4.4675000e-01
   2.2000000e+01   2.9000000e+01   3.3305680e-15   4.3893750e-01   4.3893750e-01
   2.3000000e+01   2.9000000e+01   3.1018293e-15   3.9912500e-01   3.9912500e-01
   2.4000000e+01   2.9000000e+01   2.9306747e-15   4.0984375e-01   4.0984375e-01
   2.5000000e+01   2.9000000e+01   3.0136443e-15   4.0590625e-01   4.0590625e-01
   2.6000000e+01   2.9000000e+01   3.0812283e-15   4.0706250e-01   4.0706250e-01
   2.7000000e+01   2.9000000e+01   3.0156117e-15   3.9871875e-01   3.9871875e-01
   2.8000000e+01   2.9000000e+01   3.0274936e-15   3.7862500e-01   3.7862500e-01
   2.9000000e+01   2.9000000e+01   2.8752594e-15   3.8646875e-01   3.8646875e-01
   3.0000000e+01   2.9000000e+01   2.9960277e-15   4.1625000e-01   4.1625000e-01
   3.1000000e+01   2.9000000e+01   3.1996511e-15   4.3734375e-01   4.3734375e-01
   3.2000000e+01   2.9000000e+01   3.4833104e-15   4.5993750e-01   4.5993750e-01
   3.3000000e+01   2.9000000e+01   3.7912018e-15   4.6387500e-01   4.6387500e-01
   3.4000000e+01   2.9000000e+01   3.5873024e-15   4.8396875e-01   4.8396875e-01
   3.5000000e+01   2.9000000e+01   3.5378726e-15   4.7978125e-01   4.7978125e-01
   1.0000000e+00   3.0000000e+01   3.8024535e-15   4.9287500e-01   4.9287500e-01
   2.0000000e+00   3.0000000e+01   3.8293948e-15   4.8446875e-01   4.8446875e-01
   3.0000000e+00   3.0000000e+01   3.5246754e-15   4.4950000e-01   4.4950000e-01
   4.0000000e+00   3.0000000e+01   3.2447530e-15   4.5221875e-01   4.5221875e-01
   5.0000000e+00   3.0000000e+01   3.2672383e-15   4.3615625e-01   4.3615625e-01
   6.0000000e+00   3.0000000e+01   3.3291464e-15   4.2481250e-01   4.2481250e-01
   7.0000000e+00   3.0000000e+01   3.0186677e-15   4.1996875e-01   4.1996875e-01
   8.0000000e+00   3.0000000e+01   3.0789958e-15   4.1809375e-01   4.1809375e-01
   9.0000000e+00   3.0000000e+01   3.1725525e-15   4.2187500e-01   4.2187500e-01
   1.0000000e+01   3.0000000e+01   3.1053123e-15   3.9328125e-01   3.9328125e-01
   1.1000000e+01   3.0000000e+01   2.9437911e-15   3.9846875e-01   3.9846875e-01
   1.2000000e+01   3.0000000e+01   2.8845858e-15   3.9456250e-01   3.9456250e-01
   1.3000000e+01   3.0000000e+01   3.0930799e-15   4.1125000e-01   4.1125000e-01
   1.4000000e+01   3.0000000e+01   3.3977957e-15   4.2003125e-01   4.2003125e-01
   1.5000000e+01   3.0000000e+01   3.4478079e-15   4.6856250e-01   4.6856250e-01
   1.6000000e+01   3.0000000e+01   3.6841343e-15   4.8584375e-01   4.8584375e-01
   1.7000000e+01   3.0000000e+01   3.8435837e-15   5.0028125e-01   5.0028125e-01
   1.8000000e+01   3.0000000e+01   3.9195156e-15   4.8956250e-01   4.8956250e-01
   1.9000000e+01   3.0000000e+01   3.5672421e-15   4.7778125e-01   4.7778125e-01
   2.0000000e+01   3.0000000e+01   3.4634258e-15   4.6256250e-01   4.6256250e-01
   2.1000000e+01   3.0000000e+01   3.3633439e-15   4.4540625e-01   4.4540625e-01
   2.2000000e+01   3.0000000e+01   3.2884122e-15   4.2850000e-01   4.2850000e-01
   2.3000000e+01   3.0000000e+01   3.2599695e-15   4.0750000e-01   4.0750000e-01
   2.4000000e+01   3.0000000e+01   3.1609740e-15   4.2321875e-01   4.2321875e-01
   2.5000000e+01   3.0000000e+01   3.1041250e-15   4.2021875e-01   4.2021875e-01
   2.6000000e+01   3.0000000e+01   3.2322085e-15   4.2587500e-01   4.2587500e-01
   2.7000000e+01   3.0000000e+01   3.0816873e-15   4.0718750e-01   4.0718750e-01
   2.8000000e+01   3.0000000e+01   3.0350909e-15   3.8112500e-01   3.8112500e-01
   2.9000000e+01   3.0000000e+01   2.9777836e-15   3.7925000e-01   3.7925000e-01
   3.0000000e+01   3.0000000e+01   3.0816379e-15   3.9440625e-01   3.9440625e-01
   3.1000000e+01   3.0000000e+01   3.4166382e-15   4.2262500e-01   4.2262500e-01
   3.2000000e+01   3.0000000e+01   3.6379067e-15   4.4987500e-01   4.4987500e-01
   3.3000000e+01   3.0000000e+01   3.6590066e-15   4.6696875e-01   4.6696875e-01
   3.4000000e+01   3.0000000e+01   3.6919933e-15   4.9259375e-01   4.9259375e-01
   3.5000000e+01   3.0000000e+01   3.6692592e-15   4.9234375e-01   4.9234375e-01
   1.0000000e+00   3.1000000e+01   3.8185281e-15   5.0193750e-01   5.0193750e-01
   2.0000000e+00   3.1000000e+01   3.6892770e-15   4.9453125e-01   4.9453125e-01
   3.0000000e+00   3.1000000e+01   3.6159961e-15   4.7546875e-01   4.7546875e-01
   4.0000000e+00   3.1000000e+01   3.4607360e-15   4.4662500e-01   4.4662500e-01
   5.0000000e+00   3.1000000e+01   3.2123115e-15   4.1515625e-01   4.1515625e-01
   6.0000000e+00   3.1000000e+01   3.2775052e-15   4.3928125e-01   4.3928125e-01
   7.0000000e+00   3.1000000e+01   3.2090630e-15   4.3409375e-01   4.3409375e-01
   8.0000000e+00   3.1000000e+01   3.2513075e-15   4.3503125e-01   4.3503125e-01
   9.0000000e+00   3.1000000e+01   3.2451987e-15   4.3634375e-01   4.3634375e-01
   1.0000000e+01   3.1000000e+01   3.0733580e-15   4.2631250e-01   4.2631250e-01
   1.1000000e+01   3.1000000e+01   3.0146766e-15   4.0828125e-01   4.0828125e-01
   1.2000000e+01   3.1000000e+01   3.0685733e-15   4.1075000e-01   4.1075000e-01
   1.3000000e+01   3.1000000e+01   3.2039379e-15   4.2581250e-01   4.2581250e-01
   1.4000000e+01   3.1000000e+01   3.4255842e-15   4.5281250e-01   4.5281250e-01
   1.5000000e+01   3.1000000e+01   3.7011178e-15   4.8687500e-01   4.8687500e-01
   1.6000000e+01   3.1000000e+01   3.8762829e-15   5.1109375e-01   5.1109375e-01
   1.7000000e+01   3.1000000e+01   4.0811777e-15   5.0728125e-01   5.0728125e-01
   1.8000000e+01   3.1000000e+01   3.9072630e-15   5.1303125e-01   5.1303125e-01
   1.9000000e+01   3.1000000e+01   3.6610180e-15   4.8668750e-01   4.8668750e-01
   2.0000000e+01   3.1000000e+01   3.5911373e-15   4.6875000e-01   4.6875000e-01
   2.1000000e+01   3.1000000e+01   3.4110435e-15   4.4871875e-01   4.4871875e-01
   2.2000000e+01   3.1000000e+01   3.4804993e-15   4.2762500e-01   4.2762500e-01
   2.3000000e+01   3.1000000e+01   3.2658660e-15   4.4096875e-01   4.4096875e-01
   2.4000000e+01   3.1000000e+01   3.2139953e-15   4.3228125e-01   4.3228125e-01
   2.5000000e+01   3.1000000e+01   3.2559204e-15   4.3268750e-01   4.3268750e-01
   2.6000000e+01   3.1000000e+01   3.2529821e-15   4.2481250e-01   4.2481250e-01
   2.7000000e+01   3.1000000e+01   3.1161376e-15   4.1271875e-01   4.1271875e-01
   2.8000000e+01   3.1000000e+01   3.0150872e-15   4.0209375e-01   4.0209375e-01
   2.9000000e+01   3.1000000e+01   3.0820062e-15   4.1587500e-01   4.1587500e-01
   3.0000000e+01   3.1000000e+01   3.2762773e-15   4.3931250e-01   4.3931250e-01
   3.1000000e+01   3.1000000e+01   3.5435011e-15   4.6712500e-01   4.6712500e-01
   3.2000000e+01   3.1000000e+01   3.7629166e-15   4.8975000e-01   4.8975000e-01
   3.3000000e+01   3.1000000e+01   3.9529685e-15   5.0731250e-01   5.0731250e-01
   3.4000000e+01   3.1000000e+01   3.8878386e-15   5.1050000e-01   5.1050000e-01
   3.5000000e+01   3.1000000e+01   3.8509466e-15   4.9775000e-01   4.9775000e-01
   1.0000000e+00   3.2000000e+01   3.8769585e-15   5.1187500e-01   5.1187500e-01
   2.0000000e+00   3.2000000e+01   3.7472641e-15   5.0559375e-01   5.0559375e-01
   3.0000000e+00   3.2000000e+01   3.6412111e-15   4.7943750e-01   4.7943750e-01
   4.0000000e+00   3.2000000e+01   3.4911347e-15   4.5818750e-01   4.5818750e-01
   5.0000000e+00   3.2000000e+01   3.4288878e-15   4.4737500e-01   4.4737500e-01
   6.0000000e+00   3.2000000e+01   3.4556916e-15   4.4328125e-01   4.4328125e-01
   7.0000000e+00   3.2000000e+01   3.4473164e-15   4.2775000e-01   4.2775000e-01
   8.0000000e+00   3.2000000e+01   3.1963754e-15   4.1878125e-01   4.1878125e-01
   9.0000000e+00   3.2000000e+01   3.1906075e-15   4.2962500e-01   4.2962500e-01
   1.0000000e+01   3.2000000e+01   3.0782922e-15   4.2018750e-01   4.2018750e-01
   1.1000000e+01   3.2000000e+01   3.0398510e-15   4.1359375e-01   4.1359375e-01
   1.2000000e+01   3.2000000e+01   3.0917477e-15   4.1993750e-01   4.1993750e-01
   1.3000000e+01   3.2000000e+01   3.4021102e-15   4.4387500e-01   4.4387500e-01
   1.4000000e+01   3.2000000e+01   3.5743379e-15   4.7106250e-01   4.7106250e-01
   1.5000000e+01   3.2000000e+01   3.8851990e-15   5.0318750e-01   5.0318750e-01
   1.6000000e+01   3.2000000e+01   4.0104814e-15   5.1781250e-01   5.1781250e-01
   1.7000000e+01   3.2000000e+01   4.1465428e-15   5.2265625e-01   5.2265625e-01
   1.8000000e+01   3.2000000e+01   4.0746252e-15   5.1134375e-01   5.1134375e-01
   1.9000000e+01   3.2000000e+01   3.8578568e-15   4.7678125e-01   4.7678125e-01
   2.0000000e+01   3.2000000e+01   3.4992621e-15   4.6987500e-01   4.6987500e-01
   2.1000000e+01   3.2000000e+01   3.3120024e-15   4.6009375e-01   4.6009375e-01
   2.2000000e+01   3.2000000e+01   3.3862987e-15   4.5509375e-01   4.5509375e-01
   2.3000000e+01   3.2000000e+01   3.3568528e-15   4.4746875e-01   4.4746875e-01
   2.4000000e+01   3.2000000e+01   3.3484527e-15   4.4378125e-01   4.4378125e-01
   2.5000000e+01   3.2000000e+01   3.2474906e-15   4.3387500e-01   4.3387500e-01
   2.6000000e+01   3.2000000e+01   3.1830978e-15   4.2518750e-01   4.2518750e-01
   2.7000000e+01   3.2000000e+01   3.1527851e-15   4.0975000e-01   4.0975000e-01
   2.8000000e+01   3.2000000e+01   3.0628733e-15   3.9543750e-01   3.9543750e-01
   2.9000000e+01   3.2000000e+01   3.1361435e-15   4.3518750e-01   4.3518750e-01
   3.0000000e+01   3.2000000e+01   3.3192295e-15   4.5050000e-01   4.5050000e-01
   3.1000000e+01   3.2000000e+01   3.6366476e-15   4.7571875e-01   4.7571875e-01
   3.2000000e+01   3.2000000e+01   3.7469061e-15   4.7112500e-01   4.7112500e-01
   3.3000000e+01   3.2000000e+01   3.9022413e-15   5.1553125e-01   5.1553125e-01
   3.4000000e+01   3.2000000e+01   3.7882461e-15   5.0990625e-01   5.0990625e-01
   3.5000000e+01   3.2000000e+01   3.8757680e-15   5.0506250e-01   5.0506250e-01
   1.0000000e+00   3.3000000e+01   3.8556272e-15   5.2106250e-01   5.2106250e-01
   2.0000000e+00   3.3000000e+01   3.8442837e-15   5.0512500e-01   5.0512500e-01
   3.0000000e+00   3.3000000e+01   3.7772489e-15   4.8468750e-01   4.8468750e-01
   4.0000000e+00   3.3000000e+01   3.4237175e-15   4.5196875e-01   4.5196875e-01
   5.0000000e+00   3.3000000e+01   3.3271563e-15   4.4834375e-01   4.4834375e-01
   6.0000000e+00   3.3000000e+01   3.3332970e-15   4.4553125e-01   4.4553125e-01
   7.0000000e+00   3.3000000e+01   3.4370368e-15   4.4493750e-01   4.4493750e-01
   8.0000000e+00   3.3000000e+01   3.3333287e-15   4.2006250e-01   4.2006250e-01
   9.0000000e+00   3.3000000e+01   3.1865999e-15   4.2475000e-01   4.2475000e-01
   1.0000000e+01   3.3000000e+01   3.0690299e-15   4.1637500e-01   4.1637500e-01
   1.1000000e+01   3.3000000e+01   3.1437289e-15   4.2240625e-01   4.2240625e-01
   1.2000000e+01   3.3000000e+01   3.2479060e-15   4.2875000e-01   4.2875000e-01
   1.3000000e+01   3.3000000e+01   3.4950614e-15   4.4600000e-01   4.4600000e-01
   1.4000000e+01   3.3000000e+01   3.6090401e-15   4.4965625e-01   4.4965625e-01
   1.5000000e+01   3.3000000e+01   3.7824144e-15   4.7662500e-01   4.7662500e-01
   1.6000000e+01   3.3000000e+01   3.9128882e-15   5.0087500e-01   5.0087500e-01
   1.7000000e+01   3.3000000e+01   3.9327192e-15   5.0821875e-01   5.0821875e-01
   1.8000000e+01   3.3000000e+01   4.0147790e-15   5.0103125e-01   5.0103125e-01
   1.9000000e+01   3.3000000e+01   3.9712482e-15   4.9956250e-01   4.9956250e-01
   2.0000000e+01   3.3000000e+01   3.7387987e-15   4.7437500e-01   4.7437500e-01
   2.1000000e+01   3.3000000e+01   3.5280294e-15   4.4118750e-01   4.4118750e-01
   2.2000000e+01   3.3000000e+01   3.5313133e-15   4.3812500e-01   4.3812500e-01
   2.3000000e+01   3.3000000e+01   3.5329400e-15   4.4603125e-01   4.4603125e-01
   2.4000000e+01   3.3000000e+01   3.4864747e-15   4.4706250e-01   4.4706250e-01
   2.5000000e+01   3.3000000e+01   3.2425837e-15   4.2850000e-01   4.2850000e-01
   2.6000000e+01   3.3000000e+01   3.2012209e-15   4.2521875e-01   4.2521875e-01
   2.7000000e+01   3.3000000e+01   3.0557597e-15   4.2340625e-01   4.2340625e-01
   2.8000000e+01   3.3000000e+01   3.0914441e-15   4.1553125e-01   4.1553125e-01
   2.9000000e+01   3.3000000e+01   3.3679492e-15   4.3265625e-01   4.3265625e-01
   3.0000000e+01   3.3000000e+01   3.3927081e-15   4.5390625e-01   4.5390625e-01
   3.1000000e+01   3.3000000e+01   3.6001482e-15   4.7878125e-01   4.7878125e-01
   3.2000000e+01   3.3000000e+01   3.7118239e-15   5.0568750e-01   5.0568750e-01
   3.3000000e+01   3.3000000e+01   3.9922313e-15   5.0040625e-01   5.0040625e-01
   3.4000000e+01   3.3000000e+01   4.0126247e-15   5.2334375e-01   5.2334375e-01
   3.5000000e+01   3.3000000e+01   3.8483026e-15   5.1221875e-01   5.1221875e-01
   1.0000000e+00   3.4000000e+01   3.9019821e-15   5.3340625e-01   5.3340625e-01
   2.0000000e+00   3.4000000e+01   3.9451872e-15   5.1987500e-01   5.1987500e-01
   3.0000000e+00   3.4000000e+01   3.6855623e-15   4.8059375e-01   4.8059375e-01
   4.0000000e+00   3.4000000e+01   3.7322233e-15   4.6909375e-01   4.6909375e-01
   5.0000000e+00   3.4000000e+01   3.3574854e-15   4.5446875e-01   4.5446875e-01
   6.0000000e+00   3.4000000e+01   3.3106755e-15   4.4565625e-01   4.4565625e-01
   7.0000000e+00   3.4000000e+01   3.2800440e-15   4.5221875e-01   4.5221875e-01
   8.0000000e+00   3.4000000e+01   3.2752926e-15   4.3090625e-01   4.3090625e-01
   9.0000000e+00   3.4000000e+01   3.3540437e-15   4.1940625e-01   4.1940625e-01
   1.0000000e+01   3.4000000e+01   3.2969129e-15   4.3009375e-01   4.3009375e-01
   1.1000000e+01   3.4000000e+01   3.3124040e-15   4.3506250e-01   4.3506250e-01
   1.2000000e+01   3.4000000e+01   3.3362174e-15   4.3496875e-01   4.3496875e-01
   1.3000000e+01   3.4000000e+01   3.5086474e-15   4.5359375e-01   4.5359375e-01
   1.4000000e+01   3.4000000e+01   3.7358720e-15   4.7662500e-01   4.7662500e-01
   1.5000000e+01   3.4000000e+01   4.1002383e-15   5.0556250e-01   5.0556250e-01
   1.6000000e+01   3.4000000e+01   4.2015365e-15   5.2237500e-01   5.2237500e-01
   1.7000000e+01   3.4000000e+01   4.1233655e-15   5.2671875e-01   5.2671875e-01
   1.8000000e+01   3.4000000e+01   4.1224916e-15   5.1837500e-01   5.1837500e-01
   1.9000000e+01   3.4000000e+01   4.0410718e-15   5.0215625e-01   5.0215625e-01
   2.0000000e+01   3.4000000e+01   3.7841334e-15   4.8787500e-01   4.8787500e-01
   2.1000000e+01   3.4000000e+01   3.5934394e-15   4.4903125e-01   4.4903125e-01
   2.2000000e+01   3.4000000e+01   3.3722713e-15   4.3459375e-01   4.3459375e-01
   2.3000000e+01   3.4000000e+01   3.3475903e-15   4.4737500e-01   4.4737500e-01
   2.4000000e+01   3.4000000e+01   3.3758329e-15   4.5337500e-01   4.5337500e-01
   2.5000000e+01   3.4000000e+01   3.2256334e-15   4.3937500e-01   4.3937500e-01
   2.6000000e+01   3.4000000e+01   3.2714603e-15   4.4034375e-01   4.4034375e-01
   2.7000000e+01   3.4000000e+01   3.2254116e-15   4.4062500e-01   4.4062500e-01
   2.8000000e+01   3.4000000e+01   3.2514290e-15   4.3940625e-01   4.3940625e-01
   2.9000000e+01   3.4000000e+01   3.2220881e-15   4.4503125e-01   4.4503125e-01
   3.0000000e+01   3.4000000e+01   3.4511972e-15   4.6887500e-01   4.6887500e-01
   3.1000000e+01   3.4000000e+01   3.6101501e-15   4.6828125e-01   4.6828125e-01
   3.2000000e+01   3.4000000e+01   4.1261878e-15   5.1903125e-01   5.1903125e-01
   3.3000000e+01   3.4000000e+01   4.1502369e-15   5.3809375e-01   5.3809375e-01
   3.4000000e+01   3.4000000e+01   4.2149417e-15   5.4134375e-01   5.4134375e-01
   3.5000000e+01   3.4000000e+01   4.1016709e-15   5.3300000e-01   5.3300000e-01
   1.0000000e+00   3.5000000e+01   4.2269904e-15   5.5150000e-01   5.5150000e-01
   2.0000000e+00   3.5000000e+01   4.1269322e-15   5.3837500e-01   5.3837500e-01
   3.0000000e+00   3.5000000e+01   3.9353290e-15   5.2453125e-01   5.2453125e-01
   4.0000000e+00   3.5000000e+01   3.8333432e-15   5.0318750e-01   5.0318750e-01
   5.0000000e+00   3.5000000e+01   3.5119874e-15   4.7490625e-01   4.7490625e-01
   6.0000000e+00   3.5000000e+01   3.5313885e-15   4.6271875e-01   4.6271875e-01
   7.0000000e+00   3.5000000e+01   3.4791459e-15   4.6575000e-01   4.6575000e-01
   8.0000000e+00   3.5000000e+01   3.3877384e-15   4.6556250e-01   4.6556250e-01
   9.0000000e+00   3.5000000e+01   3.3324013e-15   4.3965625e-01   4.3965625e-01
   1.0000000e+01   3.5000000e+01   3.5937937e-15   4.5140625e-01   4.5140625e-01
   1.1000000e+01   3.5000000e+01   3.4531111e-15   4.5537500e-01   4.5537500e-01
   1.2000000e+01   3.5000000e+01   3.4135269e-15   4.5781250e-01   4.5781250e-01
   1.3000000e+01   3.5000000e+01   3.6598941e-15   4.7884375e-01   4.7884375e-01
   1.4000000e+01   3.5000000e+01   3.8786045e-15   5.1043750e-01   5.1043750e-01
   1.5000000e+01   3.5000000e+01   4.1182540e-15   5.4484375e-01   5.4484375e-01
   1.6000000e+01   3.5000000e+01   4.2741669e-15   5.7018750e-01   5.7018750e-01
   1.7000000e+01   3.5000000e+01   4.2346293e-15   5.5100000e-01   5.5100000e-01
   1.8000000e+01   3.5000000e+01   4.3540611e-15   5.6146875e-01   5.6146875e-01
   1.9000000e+01   3.5000000e+01   4.0922289e-15   5.4453125e-01   5.4453125e-01
   2.0000000e+01   3.5000000e+01   3.8934473e-15   5.2981250e-01   5.2981250e-01
   2.1000000e+01   3.5000000e+01   3.7147061e-15   5.0096875e-01   5.0096875e-01
   2.2000000e+01   3.5000000e+01   3.7228009e-15   4.6296875e-01   4.6296875e-01
   2.3000000e+01   3.5000000e+01   3.6289322e-15   4.7071875e-01   4.7071875e-01
   2.4000000e+01   3.5000000e+01   3.4104419e-15   4.6793750e-01   4.6793750e-01
   2.5000000e+01   3.5000000e+01   3.4231582e-15   4.6228125e-01   4.6228125e-01
   2.6000000e+01   3.5000000e+01   3.4686061e-15   4.3890625e-01   4.3890625e-01
   2.7000000e+01   3.5000000e+01   3.4947887e-15   4.5678125e-01   4.5678125e-01
   2.8000000e+01   3.5000000e+01   3.4372054e-15   4.5540625e-01   4.5540625e-01
   2.9000000e+01   3.5000000e+01   3.5394290e-15   4.7306250e-01   4.7306250e-01
   3.0000000e+01   3.5000000e+01   3.6592880e-15   4.9340625e-01   4.9340625e-01
   3.1000000e+01   3.5000000e+01   3.9380034e-15   5.2440625e-01   5.2440625e-01
   3.2000000e+01   3.5000000e+01   4.1420900e-15   5.5481250e-01   5.5481250e-01
   3.3000000e+01   3.5000000e+01   4.3094725e-15   5.7100000e-01   5.7100000e-01
   3.4000000e+01   3.5000000e+01   4.4728517e-15   5.7421875e-01   5.7421875e-01
   3.5000000e+01   3.5000000e+01   4.0885345e-15   5.3300000e-01   5.3300000e-01
