   1.0000000e+00   1.0000000e+00   1.6808894e-15   2.3384375e-01   2.3384375e-01
   2.0000000e+00   1.0000000e+00   1.6195791e-15   2.3015625e-01   2.3015625e-01
   3.0000000e+00   1.0000000e+00   1.6714938e-15   2.3375000e-01   2.3375000e-01
   4.0000000e+00   1.0000000e+00   1.6543045e-15   2.2037500e-01   2.2037500e-01
   5.0000000e+00   1.0000000e+00   1.6195174e-15   2.2200000e-01   2.2200000e-01
   6.0000000e+00   1.0000000e+00   1.4567806e-15   1.9075000e-01   1.9075000e-01
   7.0000000e+00   1.0000000e+00   1.3126295e-15   1.6875000e-01   1.6875000e-01
   8.0000000e+00   1.0000000e+00   1.4874278e-15   1.9243750e-01   1.9243750e-01
   9.0000000e+00   1.0000000e+00   1.5936670e-15   2.1989062e-01   2.1989062e-01
   1.0000000e+01   1.0000000e+00   1.6187216e-15   2.2895312e-01   2.2895312e-01
   1.1000000e+01   1.0000000e+00   1.6938754e-15   2.4337500e-01   2.4337500e-01
   1.2000000e+01   1.0000000e+00   1.7781620e-15   2.4803125e-01   2.4803125e-01
   1.3000000e+01   1.0000000e+00   1.7092406e-15   2.3909375e-01   2.3909375e-01
   1.4000000e+01   1.0000000e+00   1.3004572e-15   1.5745312e-01   1.5745312e-01
   1.5000000e+01   1.0000000e+00   8.3023910e-16   6.3203125e-02   6.3203125e-02
   1.6000000e+01   1.0000000e+00   1.0700572e-15   1.1267187e-01   1.1267187e-01
   1.7000000e+01   1.0000000e+00   1.4933477e-15   1.9943750e-01   1.9943750e-01
   1.8000000e+01   1.0000000e+00   1.6809470e-15   2.3532812e-01   2.3532812e-01
   1.9000000e+01   1.0000000e+00   1.7294733e-15   2.4389062e-01   2.4389062e-01
   2.0000000e+01   1.0000000e+00   1.8043734e-15   2.5040625e-01   2.5040625e-01
   2.1000000e+01   1.0000000e+00   1.7791279e-15   2.4592187e-01   2.4592187e-01
   2.2000000e+01   1.0000000e+00   1.6843034e-15   2.2901562e-01   2.2901562e-01
   2.3000000e+01   1.0000000e+00   1.6043002e-15   2.0953125e-01   2.0953125e-01
   2.4000000e+01   1.0000000e+00   1.5352218e-15   2.0018750e-01   2.0018750e-01
   2.5000000e+01   1.0000000e+00   1.5323851e-15   2.1325000e-01   2.1325000e-01
   2.6000000e+01   1.0000000e+00   1.7308420e-15   2.3829687e-01   2.3829687e-01
   2.7000000e+01   1.0000000e+00   1.7116356e-15   2.4093750e-01   2.4093750e-01
   2.8000000e+01   1.0000000e+00   1.7333717e-15   2.3673437e-01   2.3673437e-01
   2.9000000e+01   1.0000000e+00   1.7780178e-15   2.4340625e-01   2.4340625e-01
   3.0000000e+01   1.0000000e+00   1.6163833e-15   2.1225000e-01   2.1225000e-01
   3.1000000e+01   1.0000000e+00   1.0389023e-15   1.0712500e-01   1.0712500e-01
   3.2000000e+01   1.0000000e+00   7.2979157e-16   4.8750000e-02   4.8750000e-02
   3.3000000e+01   1.0000000e+00   1.0094802e-15   1.0614062e-01   1.0614062e-01
   3.4000000e+01   1.0000000e+00   1.4834114e-15   1.8940625e-01   1.8940625e-01
   3.5000000e+01   1.0000000e+00   1.7242145e-15   2.3001562e-01   2.3001562e-01
   3.6000000e+01   1.0000000e+00   1.9032194e-15   2.6543750e-01   2.6543750e-01
   3.7000000e+01   1.0000000e+00   1.7271649e-15   2.4762500e-01   2.4762500e-01
   3.8000000e+01   1.0000000e+00   1.6897415e-15   2.3403125e-01   2.3403125e-01
   3.9000000e+01   1.0000000e+00   1.6493050e-15   2.2059375e-01   2.2059375e-01
   4.0000000e+01   1.0000000e+00   1.5417214e-15   2.0148437e-01   2.0148437e-01
   4.1000000e+01   1.0000000e+00   1.5286700e-15   1.9631250e-01   1.9631250e-01
   4.2000000e+01   1.0000000e+00   1.4898138e-15   1.9628125e-01   1.9628125e-01
   4.3000000e+01   1.0000000e+00   1.5153644e-15   2.0926562e-01   2.0926562e-01
   4.4000000e+01   1.0000000e+00   1.7295568e-15   2.3767187e-01   2.3767187e-01
   4.5000000e+01   1.0000000e+00   1.6896824e-15   2.3370312e-01   2.3370312e-01
   4.6000000e+01   1.0000000e+00   1.5884603e-15   2.1715625e-01   2.1715625e-01
   4.7000000e+01   1.0000000e+00   1.2502671e-15   1.4503125e-01   1.4503125e-01
   1.0000000e+00   2.0000000e+00   1.7035078e-15   2.3950000e-01   2.3950000e-01
   2.0000000e+00   2.0000000e+00   1.7462292e-15   2.4789062e-01   2.4789062e-01
   3.0000000e+00   2.0000000e+00   1.7157531e-15   2.3785937e-01   2.3785937e-01
   4.0000000e+00   2.0000000e+00   1.7683291e-15   2.4367187e-01   2.4367187e-01
   5.0000000e+00   2.0000000e+00   1.6442260e-15   2.2562500e-01   2.2562500e-01
   6.0000000e+00   2.0000000e+00   1.4075889e-15   1.8846875e-01   1.8846875e-01
   7.0000000e+00   2.0000000e+00   1.3172767e-15   1.6918750e-01   1.6918750e-01
   8.0000000e+00   2.0000000e+00   1.4235732e-15   1.8281250e-01   1.8281250e-01
   9.0000000e+00   2.0000000e+00   1.5901896e-15   2.2146875e-01   2.2146875e-01
   1.0000000e+01   2.0000000e+00   1.7003731e-15   2.3620312e-01   2.3620312e-01
   1.1000000e+01   2.0000000e+00   1.6836903e-15   2.4243750e-01   2.4243750e-01
   1.2000000e+01   2.0000000e+00   1.7460624e-15   2.3865625e-01   2.3865625e-01
   1.3000000e+01   2.0000000e+00   1.6607378e-15   2.2001562e-01   2.2001562e-01
   1.4000000e+01   2.0000000e+00   1.2967190e-15   1.5598437e-01   1.5598437e-01
   1.5000000e+01   2.0000000e+00   8.9716174e-16   7.5453125e-02   7.5453125e-02
   1.6000000e+01   2.0000000e+00   1.1267808e-15   1.2103125e-01   1.2103125e-01
   1.7000000e+01   2.0000000e+00   1.6146420e-15   2.1637500e-01   2.1637500e-01
   1.8000000e+01   2.0000000e+00   1.7251109e-15   2.4140625e-01   2.4140625e-01
   1.9000000e+01   2.0000000e+00   1.7014621e-15   2.2975000e-01   2.2975000e-01
   2.0000000e+01   2.0000000e+00   1.7350666e-15   2.4409375e-01   2.4409375e-01
   2.1000000e+01   2.0000000e+00   1.8000404e-15   2.4293750e-01   2.4293750e-01
   2.2000000e+01   2.0000000e+00   1.7387278e-15   2.4103125e-01   2.4103125e-01
   2.3000000e+01   2.0000000e+00   1.6311980e-15   2.1890625e-01   2.1890625e-01
   2.4000000e+01   2.0000000e+00   1.4588027e-15   1.9384375e-01   1.9384375e-01
   2.5000000e+01   2.0000000e+00   1.5624539e-15   1.9646875e-01   1.9646875e-01
   2.6000000e+01   2.0000000e+00   1.7082826e-15   2.4285937e-01   2.4285937e-01
   2.7000000e+01   2.0000000e+00   1.7923066e-15   2.5853125e-01   2.5853125e-01
   2.8000000e+01   2.0000000e+00   1.7579621e-15   2.4278125e-01   2.4278125e-01
   2.9000000e+01   2.0000000e+00   1.7804526e-15   2.3923437e-01   2.3923437e-01
   3.0000000e+01   2.0000000e+00   1.6571839e-15   2.2659375e-01   2.2659375e-01
   3.1000000e+01   2.0000000e+00   1.2377509e-15   1.3398437e-01   1.3398437e-01
   3.2000000e+01   2.0000000e+00   8.8283852e-16   7.4796875e-02   7.4796875e-02
   3.3000000e+01   2.0000000e+00   1.1558784e-15   1.3587500e-01   1.3587500e-01
   3.4000000e+01   2.0000000e+00   1.6381151e-15   2.2648437e-01   2.2648437e-01
   3.5000000e+01   2.0000000e+00   1.7881283e-15   2.5073437e-01   2.5073437e-01
   3.6000000e+01   2.0000000e+00   1.7955932e-15   2.4957812e-01   2.4957812e-01
   3.7000000e+01   2.0000000e+00   1.7380851e-15   2.4031250e-01   2.4031250e-01
   3.8000000e+01   2.0000000e+00   1.7240480e-15   2.4018750e-01   2.4018750e-01
   3.9000000e+01   2.0000000e+00   1.6459707e-15   2.2023437e-01   2.2023437e-01
   4.0000000e+01   2.0000000e+00   1.4959039e-15   1.8912500e-01   1.8912500e-01
   4.1000000e+01   2.0000000e+00   1.4107687e-15   1.7917187e-01   1.7917187e-01
   4.2000000e+01   2.0000000e+00   1.5217647e-15   2.0479687e-01   2.0479687e-01
   4.3000000e+01   2.0000000e+00   1.7415302e-15   2.3859375e-01   2.3859375e-01
   4.4000000e+01   2.0000000e+00   1.7666682e-15   2.4340625e-01   2.4340625e-01
   4.5000000e+01   2.0000000e+00   1.8213939e-15   2.5146875e-01   2.5146875e-01
   4.6000000e+01   2.0000000e+00   1.6827851e-15   2.2879687e-01   2.2879687e-01
   4.7000000e+01   2.0000000e+00   1.4365638e-15   1.8673437e-01   1.8673437e-01
   1.0000000e+00   3.0000000e+00   1.5526428e-15   2.0646875e-01   2.0646875e-01
   2.0000000e+00   3.0000000e+00   1.7566744e-15   2.4312500e-01   2.4312500e-01
   3.0000000e+00   3.0000000e+00   1.8211822e-15   2.5990625e-01   2.5990625e-01
   4.0000000e+00   3.0000000e+00   1.7175016e-15   2.4101562e-01   2.4101562e-01
   5.0000000e+00   3.0000000e+00   1.6344378e-15   2.3293750e-01   2.3293750e-01
   6.0000000e+00   3.0000000e+00   1.5025930e-15   2.0392187e-01   2.0392187e-01
   7.0000000e+00   3.0000000e+00   1.3430159e-15   1.7209375e-01   1.7209375e-01
   8.0000000e+00   3.0000000e+00   1.4427626e-15   1.8542187e-01   1.8542187e-01
   9.0000000e+00   3.0000000e+00   1.6402949e-15   2.2693750e-01   2.2693750e-01
   1.0000000e+01   3.0000000e+00   1.6561620e-15   2.3665625e-01   2.3665625e-01
   1.1000000e+01   3.0000000e+00   1.6838647e-15   2.4121875e-01   2.4121875e-01
   1.2000000e+01   3.0000000e+00   1.6503577e-15   2.3018750e-01   2.3018750e-01
   1.3000000e+01   3.0000000e+00   1.4719960e-15   1.8756250e-01   1.8756250e-01
   1.4000000e+01   3.0000000e+00   1.1092351e-15   1.2435937e-01   1.2435937e-01
   1.5000000e+01   3.0000000e+00   8.3779002e-16   5.7375000e-02   5.7375000e-02
   1.6000000e+01   3.0000000e+00   1.0188790e-15   9.6593750e-02   9.6593750e-02
   1.7000000e+01   3.0000000e+00   1.5648251e-15   1.9868750e-01   1.9868750e-01
   1.8000000e+01   3.0000000e+00   1.6770990e-15   2.3309375e-01   2.3309375e-01
   1.9000000e+01   3.0000000e+00   1.7473580e-15   2.3895312e-01   2.3895312e-01
   2.0000000e+01   3.0000000e+00   1.7335329e-15   2.4135937e-01   2.4135937e-01
   2.1000000e+01   3.0000000e+00   1.7293374e-15   2.3675000e-01   2.3675000e-01
   2.2000000e+01   3.0000000e+00   1.7346037e-15   2.3996875e-01   2.3996875e-01
   2.3000000e+01   3.0000000e+00   1.6247345e-15   2.2029687e-01   2.2029687e-01
   2.4000000e+01   3.0000000e+00   1.4522751e-15   1.8985937e-01   1.8985937e-01
   2.5000000e+01   3.0000000e+00   1.4873090e-15   1.9209375e-01   1.9209375e-01
   2.6000000e+01   3.0000000e+00   1.7276233e-15   2.3001562e-01   2.3001562e-01
   2.7000000e+01   3.0000000e+00   1.7807317e-15   2.5260937e-01   2.5260937e-01
   2.8000000e+01   3.0000000e+00   1.7766305e-15   2.5271875e-01   2.5271875e-01
   2.9000000e+01   3.0000000e+00   1.7209567e-15   2.3610937e-01   2.3610937e-01
   3.0000000e+01   3.0000000e+00   1.5002709e-15   2.0234375e-01   2.0234375e-01
   3.1000000e+01   3.0000000e+00   1.0706014e-15   1.1604687e-01   1.1604687e-01
   3.2000000e+01   3.0000000e+00   8.1884726e-16   6.5578125e-02   6.5578125e-02
   3.3000000e+01   3.0000000e+00   1.1929710e-15   1.3812500e-01   1.3812500e-01
   3.4000000e+01   3.0000000e+00   1.6211866e-15   2.2015625e-01   2.2015625e-01
   3.5000000e+01   3.0000000e+00   1.7212194e-15   2.4028125e-01   2.4028125e-01
   3.6000000e+01   3.0000000e+00   1.6864216e-15   2.3957812e-01   2.3957812e-01
   3.7000000e+01   3.0000000e+00   1.7415184e-15   2.3323437e-01   2.3323437e-01
   3.8000000e+01   3.0000000e+00   1.7237137e-15   2.3384375e-01   2.3384375e-01
   3.9000000e+01   3.0000000e+00   1.6419968e-15   2.2389062e-01   2.2389062e-01
   4.0000000e+01   3.0000000e+00   1.4163291e-15   1.8340625e-01   1.8340625e-01
   4.1000000e+01   3.0000000e+00   1.3118206e-15   1.5773437e-01   1.5773437e-01
   4.2000000e+01   3.0000000e+00   1.4986032e-15   1.9145312e-01   1.9145312e-01
   4.3000000e+01   3.0000000e+00   1.5678123e-15   2.0768750e-01   2.0768750e-01
   4.4000000e+01   3.0000000e+00   1.5275952e-15   2.0442187e-01   2.0442187e-01
   4.5000000e+01   3.0000000e+00   1.6961630e-15   2.2842187e-01   2.2842187e-01
   4.6000000e+01   3.0000000e+00   1.6787824e-15   2.2181250e-01   2.2181250e-01
   4.7000000e+01   3.0000000e+00   1.4132026e-15   1.8303125e-01   1.8303125e-01
   1.0000000e+00   4.0000000e+00   1.3588201e-15   1.6703125e-01   1.6703125e-01
   2.0000000e+00   4.0000000e+00   1.5835990e-15   2.1757812e-01   2.1757812e-01
   3.0000000e+00   4.0000000e+00   1.6002307e-15   2.1056250e-01   2.1056250e-01
   4.0000000e+00   4.0000000e+00   1.6007514e-15   2.1715625e-01   2.1715625e-01
   5.0000000e+00   4.0000000e+00   1.6130012e-15   2.1256250e-01   2.1256250e-01
   6.0000000e+00   4.0000000e+00   1.5280916e-15   2.0471875e-01   2.0471875e-01
   7.0000000e+00   4.0000000e+00   1.4150241e-15   1.9067187e-01   1.9067187e-01
   8.0000000e+00   4.0000000e+00   1.5562614e-15   2.0448437e-01   2.0448437e-01
   9.0000000e+00   4.0000000e+00   1.5530448e-15   2.1490625e-01   2.1490625e-01
   1.0000000e+01   4.0000000e+00   1.6070491e-15   2.2953125e-01   2.2953125e-01
   1.1000000e+01   4.0000000e+00   1.6392987e-15   2.2610937e-01   2.2610937e-01
   1.2000000e+01   4.0000000e+00   1.4752304e-15   1.9393750e-01   1.9393750e-01
   1.3000000e+01   4.0000000e+00   1.1144787e-15   1.2875000e-01   1.2875000e-01
   1.4000000e+01   4.0000000e+00   9.2478592e-16   6.9453125e-02   6.9453125e-02
   1.5000000e+01   4.0000000e+00   7.4064881e-16   3.8953125e-02   3.8953125e-02
   1.6000000e+01   4.0000000e+00   8.7002606e-16   6.9015625e-02   6.9015625e-02
   1.7000000e+01   4.0000000e+00   1.1711431e-15   1.2428125e-01   1.2428125e-01
   1.8000000e+01   4.0000000e+00   1.5590097e-15   2.0395312e-01   2.0395312e-01
   1.9000000e+01   4.0000000e+00   1.7315309e-15   2.3489062e-01   2.3489062e-01
   2.0000000e+01   4.0000000e+00   1.8064799e-15   2.5029687e-01   2.5029687e-01
   2.1000000e+01   4.0000000e+00   1.8146885e-15   2.5176562e-01   2.5176562e-01
   2.2000000e+01   4.0000000e+00   1.7130472e-15   2.4129687e-01   2.4129687e-01
   2.3000000e+01   4.0000000e+00   1.5982923e-15   2.1409375e-01   2.1409375e-01
   2.4000000e+01   4.0000000e+00   1.5188535e-15   2.0628125e-01   2.0628125e-01
   2.5000000e+01   4.0000000e+00   1.5392060e-15   2.1103125e-01   2.1103125e-01
   2.6000000e+01   4.0000000e+00   1.6714514e-15   2.2856250e-01   2.2856250e-01
   2.7000000e+01   4.0000000e+00   1.6977063e-15   2.3732812e-01   2.3732812e-01
   2.8000000e+01   4.0000000e+00   1.6983763e-15   2.3748437e-01   2.3748437e-01
   2.9000000e+01   4.0000000e+00   1.6900611e-15   2.2203125e-01   2.2203125e-01
   3.0000000e+01   4.0000000e+00   1.3494247e-15   1.6653125e-01   1.6653125e-01
   3.1000000e+01   4.0000000e+00   8.3932905e-16   7.8906250e-02   7.8906250e-02
   3.2000000e+01   4.0000000e+00   7.1164778e-16   5.0125000e-02   5.0125000e-02
   3.3000000e+01   4.0000000e+00   9.6960377e-16   9.2218750e-02   9.2218750e-02
   3.4000000e+01   4.0000000e+00   1.4469080e-15   1.8521875e-01   1.8521875e-01
   3.5000000e+01   4.0000000e+00   1.6962646e-15   2.3618750e-01   2.3618750e-01
   3.6000000e+01   4.0000000e+00   1.7304385e-15   2.3984375e-01   2.3984375e-01
   3.7000000e+01   4.0000000e+00   1.7867272e-15   2.5451562e-01   2.5451562e-01
   3.8000000e+01   4.0000000e+00   1.6892332e-15   2.3440625e-01   2.3440625e-01
   3.9000000e+01   4.0000000e+00   1.5517560e-15   2.1520312e-01   2.1520312e-01
   4.0000000e+01   4.0000000e+00   1.5054203e-15   1.8960937e-01   1.8960937e-01
   4.1000000e+01   4.0000000e+00   1.3551454e-15   1.6992187e-01   1.6992187e-01
   4.2000000e+01   4.0000000e+00   1.4360698e-15   1.9075000e-01   1.9075000e-01
   4.3000000e+01   4.0000000e+00   1.3789446e-15   1.7360937e-01   1.7360937e-01
   4.4000000e+01   4.0000000e+00   1.1201073e-15   1.2717187e-01   1.2717187e-01
   4.5000000e+01   4.0000000e+00   1.4593005e-15   1.8875000e-01   1.8875000e-01
   4.6000000e+01   4.0000000e+00   1.5018513e-15   1.9600000e-01   1.9600000e-01
   4.7000000e+01   4.0000000e+00   1.2576429e-15   1.4509375e-01   1.4509375e-01
   1.0000000e+00   5.0000000e+00   8.4824665e-16   7.1562500e-02   7.1562500e-02
   2.0000000e+00   5.0000000e+00   1.0900014e-15   1.2043750e-01   1.2043750e-01
   3.0000000e+00   5.0000000e+00   1.0522230e-15   1.2689062e-01   1.2689062e-01
   4.0000000e+00   5.0000000e+00   1.1257710e-15   1.2598437e-01   1.2598437e-01
   5.0000000e+00   5.0000000e+00   1.1840936e-15   1.3884375e-01   1.3884375e-01
   6.0000000e+00   5.0000000e+00   1.1094065e-15   1.2721875e-01   1.2721875e-01
   7.0000000e+00   5.0000000e+00   1.0709207e-15   1.1496875e-01   1.1496875e-01
   8.0000000e+00   5.0000000e+00   1.1987472e-15   1.2960937e-01   1.2960937e-01
   9.0000000e+00   5.0000000e+00   1.2005746e-15   1.4189062e-01   1.4189062e-01
   1.0000000e+01   5.0000000e+00   1.2610391e-15   1.5565625e-01   1.5565625e-01
   1.1000000e+01   5.0000000e+00   1.3275981e-15   1.5767187e-01   1.5767187e-01
   1.2000000e+01   5.0000000e+00   1.0729305e-15   1.1101562e-01   1.1101562e-01
   1.3000000e+01   5.0000000e+00   8.6522958e-16   7.1906250e-02   7.1906250e-02
   1.4000000e+01   5.0000000e+00   7.1061365e-16   4.1640625e-02   4.1640625e-02
   1.5000000e+01   5.0000000e+00   6.7831283e-16   3.3109375e-02   3.3109375e-02
   1.6000000e+01   5.0000000e+00   6.3754399e-16   3.6000000e-02   3.6000000e-02
   1.7000000e+01   5.0000000e+00   8.4351979e-16   7.3093750e-02   7.3093750e-02
   1.8000000e+01   5.0000000e+00   1.2048745e-15   1.3695312e-01   1.3695312e-01
   1.9000000e+01   5.0000000e+00   1.3947360e-15   1.7901562e-01   1.7901562e-01
   2.0000000e+01   5.0000000e+00   1.5524632e-15   1.9932812e-01   1.9932812e-01
   2.1000000e+01   5.0000000e+00   1.5071816e-15   1.9981250e-01   1.9981250e-01
   2.2000000e+01   5.0000000e+00   1.5304446e-15   1.9868750e-01   1.9868750e-01
   2.3000000e+01   5.0000000e+00   1.4486247e-15   1.8726562e-01   1.8726562e-01
   2.4000000e+01   5.0000000e+00   1.4094149e-15   1.8090625e-01   1.8090625e-01
   2.5000000e+01   5.0000000e+00   1.4276525e-15   1.8565625e-01   1.8565625e-01
   2.6000000e+01   5.0000000e+00   1.4573198e-15   1.9679687e-01   1.9679687e-01
   2.7000000e+01   5.0000000e+00   1.5426922e-15   2.0531250e-01   2.0531250e-01
   2.8000000e+01   5.0000000e+00   1.5261795e-15   2.0446875e-01   2.0446875e-01
   2.9000000e+01   5.0000000e+00   1.2715806e-15   1.5862500e-01   1.5862500e-01
   3.0000000e+01   5.0000000e+00   8.7263312e-16   8.4859375e-02   8.4859375e-02
   3.1000000e+01   5.0000000e+00   7.7096944e-16   5.0984375e-02   5.0984375e-02
   3.2000000e+01   5.0000000e+00   7.0500193e-16   3.9484375e-02   3.9484375e-02
   3.3000000e+01   5.0000000e+00   7.4124937e-16   5.4468750e-02   5.4468750e-02
   3.4000000e+01   5.0000000e+00   9.7760896e-16   1.2087500e-01   1.2087500e-01
   3.5000000e+01   5.0000000e+00   1.4031312e-15   1.8442187e-01   1.8442187e-01
   3.6000000e+01   5.0000000e+00   1.6391030e-15   2.2525000e-01   2.2525000e-01
   3.7000000e+01   5.0000000e+00   1.6473598e-15   2.3634375e-01   2.3634375e-01
   3.8000000e+01   5.0000000e+00   1.5327577e-15   2.2353125e-01   2.2353125e-01
   3.9000000e+01   5.0000000e+00   1.5198846e-15   2.1673437e-01   2.1673437e-01
   4.0000000e+01   5.0000000e+00   1.3685680e-15   1.9157812e-01   1.9157812e-01
   4.1000000e+01   5.0000000e+00   1.3026777e-15   1.7010937e-01   1.7010937e-01
   4.2000000e+01   5.0000000e+00   1.3881672e-15   1.9709375e-01   1.9709375e-01
   4.3000000e+01   5.0000000e+00   1.3019843e-15   1.5946875e-01   1.5946875e-01
   4.4000000e+01   5.0000000e+00   8.8680609e-16   9.8453125e-02   9.8453125e-02
   4.5000000e+01   5.0000000e+00   1.0869735e-15   1.3282812e-01   1.3282812e-01
   4.6000000e+01   5.0000000e+00   1.1609492e-15   1.3385937e-01   1.3385937e-01
   4.7000000e+01   5.0000000e+00   8.1302421e-16   7.6671875e-02   7.6671875e-02
   1.0000000e+00   6.0000000e+00   7.3048743e-16   5.5046875e-02   5.5046875e-02
   2.0000000e+00   6.0000000e+00   7.9619256e-16   7.8906250e-02   7.8906250e-02
   3.0000000e+00   6.0000000e+00   7.8281743e-16   7.6140625e-02   7.6140625e-02
   4.0000000e+00   6.0000000e+00   7.9582838e-16   7.3781250e-02   7.3781250e-02
   5.0000000e+00   6.0000000e+00   8.2250974e-16   8.0062500e-02   8.0062500e-02
   6.0000000e+00   6.0000000e+00   8.6732096e-16   8.0796875e-02   8.0796875e-02
   7.0000000e+00   6.0000000e+00   7.9248608e-16   7.0687500e-02   7.0687500e-02
   8.0000000e+00   6.0000000e+00   7.5038361e-16   7.3218750e-02   7.3218750e-02
   9.0000000e+00   6.0000000e+00   8.2927861e-16   8.2609375e-02   8.2609375e-02
   1.0000000e+01   6.0000000e+00   8.2094683e-16   8.5781250e-02   8.5781250e-02
   1.1000000e+01   6.0000000e+00   8.3871034e-16   8.3796875e-02   8.3796875e-02
   1.2000000e+01   6.0000000e+00   7.6786865e-16   5.1203125e-02   5.1203125e-02
   1.3000000e+01   6.0000000e+00   5.9964622e-16   3.5000000e-02   3.5000000e-02
   1.4000000e+01   6.0000000e+00   6.8749037e-16   4.0468750e-02   4.0468750e-02
   1.5000000e+01   6.0000000e+00   5.7102813e-16   3.6156250e-02   3.6156250e-02
   1.6000000e+01   6.0000000e+00   6.0580432e-16   3.5046875e-02   3.5046875e-02
   1.7000000e+01   6.0000000e+00   5.8022069e-16   3.2734375e-02   3.2734375e-02
   1.8000000e+01   6.0000000e+00   7.6301184e-16   6.2921875e-02   6.2921875e-02
   1.9000000e+01   6.0000000e+00   8.3031499e-16   8.6218750e-02   8.6218750e-02
   2.0000000e+01   6.0000000e+00   9.3925611e-16   1.1073437e-01   1.1073437e-01
   2.1000000e+01   6.0000000e+00   9.7051502e-16   1.0859375e-01   1.0859375e-01
   2.2000000e+01   6.0000000e+00   9.6989518e-16   1.1459375e-01   1.1459375e-01
   2.3000000e+01   6.0000000e+00   9.4200912e-16   1.0314062e-01   1.0314062e-01
   2.4000000e+01   6.0000000e+00   9.2027090e-16   9.7171875e-02   9.7171875e-02
   2.5000000e+01   6.0000000e+00   9.6264446e-16   1.0298437e-01   1.0298437e-01
   2.6000000e+01   6.0000000e+00   1.0494172e-15   1.0728125e-01   1.0728125e-01
   2.7000000e+01   6.0000000e+00   1.1019278e-15   1.2881250e-01   1.2881250e-01
   2.8000000e+01   6.0000000e+00   1.0333852e-15   1.1332812e-01   1.1332812e-01
   2.9000000e+01   6.0000000e+00   8.7920521e-16   8.9593750e-02   8.9593750e-02
   3.0000000e+01   6.0000000e+00   6.7882091e-16   4.7437500e-02   4.7437500e-02
   3.1000000e+01   6.0000000e+00   6.3533992e-16   4.1312500e-02   4.1312500e-02
   3.2000000e+01   6.0000000e+00   6.7201891e-16   3.8671875e-02   3.8671875e-02
   3.3000000e+01   6.0000000e+00   6.5354189e-16   3.3562500e-02   3.3562500e-02
   3.4000000e+01   6.0000000e+00   7.6785598e-16   5.7015625e-02   5.7015625e-02
   3.5000000e+01   6.0000000e+00   9.5408931e-16   9.9593750e-02   9.9593750e-02
   3.6000000e+01   6.0000000e+00   1.2051526e-15   1.4514062e-01   1.4514062e-01
   3.7000000e+01   6.0000000e+00   1.2411845e-15   1.6081250e-01   1.6081250e-01
   3.8000000e+01   6.0000000e+00   1.1611657e-15   1.4559375e-01   1.4559375e-01
   3.9000000e+01   6.0000000e+00   1.1616883e-15   1.4762500e-01   1.4762500e-01
   4.0000000e+01   6.0000000e+00   1.0143760e-15   1.2126562e-01   1.2126562e-01
   4.1000000e+01   6.0000000e+00   1.0824031e-15   1.2439062e-01   1.2439062e-01
   4.2000000e+01   6.0000000e+00   1.1096668e-15   1.3539062e-01   1.3539062e-01
   4.3000000e+01   6.0000000e+00   1.1299467e-15   1.4017187e-01   1.4017187e-01
   4.4000000e+01   6.0000000e+00   9.0338942e-16   9.0046875e-02   9.0046875e-02
   4.5000000e+01   6.0000000e+00   9.4156104e-16   9.3687500e-02   9.3687500e-02
   4.6000000e+01   6.0000000e+00   7.5221558e-16   6.5609375e-02   6.5609375e-02
   4.7000000e+01   6.0000000e+00   6.6612780e-16   4.5562500e-02   4.5562500e-02
   1.0000000e+00   7.0000000e+00   1.0408449e-15   1.2862500e-01   1.2862500e-01
   2.0000000e+00   7.0000000e+00   1.2122391e-15   1.5731250e-01   1.5731250e-01
   3.0000000e+00   7.0000000e+00   1.2247812e-15   1.4754687e-01   1.4754687e-01
   4.0000000e+00   7.0000000e+00   1.0898829e-15   1.3635937e-01   1.3635937e-01
   5.0000000e+00   7.0000000e+00   1.2226899e-15   1.4650000e-01   1.4650000e-01
   6.0000000e+00   7.0000000e+00   1.2073343e-15   1.5070312e-01   1.5070312e-01
   7.0000000e+00   7.0000000e+00   1.1224850e-15   1.3543750e-01   1.3543750e-01
   8.0000000e+00   7.0000000e+00   1.1711412e-15   1.4395312e-01   1.4395312e-01
   9.0000000e+00   7.0000000e+00   1.1385382e-15   1.3407812e-01   1.3407812e-01
   1.0000000e+01   7.0000000e+00   1.2219309e-15   1.5378125e-01   1.5378125e-01
   1.1000000e+01   7.0000000e+00   1.1200821e-15   1.3164062e-01   1.3164062e-01
   1.2000000e+01   7.0000000e+00   9.9353887e-16   8.7546875e-02   8.7546875e-02
   1.3000000e+01   7.0000000e+00   7.7038682e-16   4.8531250e-02   4.8531250e-02
   1.4000000e+01   7.0000000e+00   6.3306718e-16   3.6859375e-02   3.6859375e-02
   1.5000000e+01   7.0000000e+00   6.5344122e-16   3.8718750e-02   3.8718750e-02
   1.6000000e+01   7.0000000e+00   7.0294987e-16   4.2031250e-02   4.2031250e-02
   1.7000000e+01   7.0000000e+00   6.3378013e-16   4.2546875e-02   4.2546875e-02
   1.8000000e+01   7.0000000e+00   8.1146873e-16   7.4281250e-02   7.4281250e-02
   1.9000000e+01   7.0000000e+00   9.7346559e-16   1.0293750e-01   1.0293750e-01
   2.0000000e+01   7.0000000e+00   9.6357107e-16   1.0456250e-01   1.0456250e-01
   2.1000000e+01   7.0000000e+00   1.0234699e-15   1.0887500e-01   1.0887500e-01
   2.2000000e+01   7.0000000e+00   9.4242829e-16   1.0028125e-01   1.0028125e-01
   2.3000000e+01   7.0000000e+00   8.4230966e-16   9.0718750e-02   9.0718750e-02
   2.4000000e+01   7.0000000e+00   8.3597476e-16   8.4312500e-02   8.4312500e-02
   2.5000000e+01   7.0000000e+00   9.2372991e-16   8.8203125e-02   8.8203125e-02
   2.6000000e+01   7.0000000e+00   8.8112098e-16   8.8703125e-02   8.8703125e-02
   2.7000000e+01   7.0000000e+00   8.7477533e-16   8.2906250e-02   8.2906250e-02
   2.8000000e+01   7.0000000e+00   8.8440752e-16   8.2828125e-02   8.2828125e-02
   2.9000000e+01   7.0000000e+00   7.4079610e-16   5.5046875e-02   5.5046875e-02
   3.0000000e+01   7.0000000e+00   6.5259887e-16   3.9921875e-02   3.9921875e-02
   3.1000000e+01   7.0000000e+00   6.7159844e-16   3.6609375e-02   3.6609375e-02
   3.2000000e+01   7.0000000e+00   6.9724324e-16   5.1859375e-02   5.1859375e-02
   3.3000000e+01   7.0000000e+00   7.4282833e-16   5.3187500e-02   5.3187500e-02
   3.4000000e+01   7.0000000e+00   6.4841758e-16   4.0984375e-02   4.0984375e-02
   3.5000000e+01   7.0000000e+00   7.6067792e-16   5.5281250e-02   5.5281250e-02
   3.6000000e+01   7.0000000e+00   9.0498964e-16   8.0859375e-02   8.0859375e-02
   3.7000000e+01   7.0000000e+00   8.4367277e-16   8.6031250e-02   8.6031250e-02
   3.8000000e+01   7.0000000e+00   8.1118073e-16   7.6875000e-02   7.6875000e-02
   3.9000000e+01   7.0000000e+00   8.6735652e-16   7.8281250e-02   7.8281250e-02
   4.0000000e+01   7.0000000e+00   8.5118571e-16   7.3031250e-02   7.3031250e-02
   4.1000000e+01   7.0000000e+00   8.6631797e-16   7.2734375e-02   7.2734375e-02
   4.2000000e+01   7.0000000e+00   7.9984539e-16   7.7453125e-02   7.7453125e-02
   4.3000000e+01   7.0000000e+00   9.1037443e-16   7.8375000e-02   7.8375000e-02
   4.4000000e+01   7.0000000e+00   7.5074284e-16   7.1593750e-02   7.1593750e-02
   4.5000000e+01   7.0000000e+00   7.1896940e-16   4.7750000e-02   4.7750000e-02
   4.6000000e+01   7.0000000e+00   6.5060400e-16   4.3578125e-02   4.3578125e-02
   4.7000000e+01   7.0000000e+00   6.1250703e-16   2.9531250e-02   2.9531250e-02
   1.0000000e+00   8.0000000e+00   1.4547485e-15   2.0678125e-01   2.0678125e-01
   2.0000000e+00   8.0000000e+00   1.7147213e-15   2.3792187e-01   2.3792187e-01
   3.0000000e+00   8.0000000e+00   1.5480647e-15   2.1693750e-01   2.1693750e-01
   4.0000000e+00   8.0000000e+00   1.5179515e-15   1.9468750e-01   1.9468750e-01
   5.0000000e+00   8.0000000e+00   1.5841549e-15   2.2553125e-01   2.2553125e-01
   6.0000000e+00   8.0000000e+00   1.4935796e-15   2.0807812e-01   2.0807812e-01
   7.0000000e+00   8.0000000e+00   1.4861660e-15   2.1085937e-01   2.1085937e-01
   8.0000000e+00   8.0000000e+00   1.4820586e-15   2.0881250e-01   2.0881250e-01
   9.0000000e+00   8.0000000e+00   1.6595713e-15   2.4117187e-01   2.4117187e-01
   1.0000000e+01   8.0000000e+00   1.6247738e-15   2.2943750e-01   2.2943750e-01
   1.1000000e+01   8.0000000e+00   1.6750072e-15   2.4193750e-01   2.4193750e-01
   1.2000000e+01   8.0000000e+00   1.3538026e-15   1.7946875e-01   1.7946875e-01
   1.3000000e+01   8.0000000e+00   8.9265157e-16   8.6484375e-02   8.6484375e-02
   1.4000000e+01   8.0000000e+00   6.7335930e-16   4.7171875e-02   4.7171875e-02
   1.5000000e+01   8.0000000e+00   6.6731695e-16   3.9265625e-02   3.9265625e-02
   1.6000000e+01   8.0000000e+00   7.6276649e-16   5.3046875e-02   5.3046875e-02
   1.7000000e+01   8.0000000e+00   9.6906138e-16   9.9750000e-02   9.9750000e-02
   1.8000000e+01   8.0000000e+00   1.3032721e-15   1.6892187e-01   1.6892187e-01
   1.9000000e+01   8.0000000e+00   1.4464087e-15   1.9504687e-01   1.9504687e-01
   2.0000000e+01   8.0000000e+00   1.5793128e-15   2.2407812e-01   2.2407812e-01
   2.1000000e+01   8.0000000e+00   1.5823128e-15   2.1251562e-01   2.1251562e-01
   2.2000000e+01   8.0000000e+00   1.5233364e-15   2.0598437e-01   2.0598437e-01
   2.3000000e+01   8.0000000e+00   1.4306505e-15   1.8620312e-01   1.8620312e-01
   2.4000000e+01   8.0000000e+00   1.3323658e-15   1.7271875e-01   1.7271875e-01
   2.5000000e+01   8.0000000e+00   1.4018613e-15   1.8628125e-01   1.8628125e-01
   2.6000000e+01   8.0000000e+00   1.4412122e-15   1.9515625e-01   1.9515625e-01
   2.7000000e+01   8.0000000e+00   1.3757502e-15   1.8125000e-01   1.8125000e-01
   2.8000000e+01   8.0000000e+00   1.3191960e-15   1.6775000e-01   1.6775000e-01
   2.9000000e+01   8.0000000e+00   1.0714077e-15   1.1915625e-01   1.1915625e-01
   3.0000000e+01   8.0000000e+00   7.0110986e-16   4.8625000e-02   4.8625000e-02
   3.1000000e+01   8.0000000e+00   6.7502085e-16   3.4843750e-02   3.4843750e-02
   3.2000000e+01   8.0000000e+00   7.2529484e-16   5.0031250e-02   5.0031250e-02
   3.3000000e+01   8.0000000e+00   7.4371935e-16   5.4531250e-02   5.4531250e-02
   3.4000000e+01   8.0000000e+00   9.2382282e-16   9.2250000e-02   9.2250000e-02
   3.5000000e+01   8.0000000e+00   1.1854207e-15   1.4581250e-01   1.4581250e-01
   3.6000000e+01   8.0000000e+00   1.2841701e-15   1.6662500e-01   1.6662500e-01
   3.7000000e+01   8.0000000e+00   1.3071921e-15   1.7534375e-01   1.7534375e-01
   3.8000000e+01   8.0000000e+00   1.2271339e-15   1.5767187e-01   1.5767187e-01
   3.9000000e+01   8.0000000e+00   1.2662861e-15   1.6284375e-01   1.6284375e-01
   4.0000000e+01   8.0000000e+00   1.2308053e-15   1.5750000e-01   1.5750000e-01
   4.1000000e+01   8.0000000e+00   1.1715990e-15   1.4421875e-01   1.4421875e-01
   4.2000000e+01   8.0000000e+00   1.2425177e-15   1.5560937e-01   1.5560937e-01
   4.3000000e+01   8.0000000e+00   1.3092117e-15   1.6976562e-01   1.6976562e-01
   4.4000000e+01   8.0000000e+00   1.2137780e-15   1.5040625e-01   1.5040625e-01
   4.5000000e+01   8.0000000e+00   1.0652820e-15   1.2053125e-01   1.2053125e-01
   4.6000000e+01   8.0000000e+00   7.8684255e-16   5.8578125e-02   5.8578125e-02
   4.7000000e+01   8.0000000e+00   6.3921559e-16   2.9171875e-02   2.9171875e-02
   1.0000000e+00   9.0000000e+00   1.7195614e-15   2.3953125e-01   2.3953125e-01
   2.0000000e+00   9.0000000e+00   1.7531581e-15   2.5626562e-01   2.5626562e-01
   3.0000000e+00   9.0000000e+00   1.7020216e-15   2.3165625e-01   2.3165625e-01
   4.0000000e+00   9.0000000e+00   1.6992725e-15   2.3312500e-01   2.3312500e-01
   5.0000000e+00   9.0000000e+00   1.5817411e-15   2.3721875e-01   2.3721875e-01
   6.0000000e+00   9.0000000e+00   1.5189637e-15   2.0512500e-01   2.0512500e-01
   7.0000000e+00   9.0000000e+00   1.5788732e-15   2.0500000e-01   2.0500000e-01
   8.0000000e+00   9.0000000e+00   1.4823327e-15   2.1539062e-01   2.1539062e-01
   9.0000000e+00   9.0000000e+00   1.5609566e-15   2.2868750e-01   2.2868750e-01
   1.0000000e+01   9.0000000e+00   1.7183215e-15   2.4531250e-01   2.4531250e-01
   1.1000000e+01   9.0000000e+00   1.6922199e-15   2.4748437e-01   2.4748437e-01
   1.2000000e+01   9.0000000e+00   1.6739597e-15   2.4323437e-01   2.4323437e-01
   1.3000000e+01   9.0000000e+00   1.3198237e-15   1.7410937e-01   1.7410937e-01
   1.4000000e+01   9.0000000e+00   8.1545562e-16   7.7578125e-02   7.7578125e-02
   1.5000000e+01   9.0000000e+00   6.7469140e-16   4.8406250e-02   4.8406250e-02
   1.6000000e+01   9.0000000e+00   9.8818853e-16   1.0246875e-01   1.0246875e-01
   1.7000000e+01   9.0000000e+00   1.3425598e-15   1.8470312e-01   1.8470312e-01
   1.8000000e+01   9.0000000e+00   1.6316395e-15   2.3037500e-01   2.3037500e-01
   1.9000000e+01   9.0000000e+00   1.7189483e-15   2.5360937e-01   2.5360937e-01
   2.0000000e+01   9.0000000e+00   1.6637799e-15   2.4534375e-01   2.4534375e-01
   2.1000000e+01   9.0000000e+00   1.6817787e-15   2.5920312e-01   2.5920312e-01
   2.2000000e+01   9.0000000e+00   1.5834880e-15   2.2401562e-01   2.2401562e-01
   2.3000000e+01   9.0000000e+00   1.5029220e-15   2.2460937e-01   2.2460937e-01
   2.4000000e+01   9.0000000e+00   1.4518313e-15   2.1293750e-01   2.1293750e-01
   2.5000000e+01   9.0000000e+00   1.5544968e-15   2.1926562e-01   2.1926562e-01
   2.6000000e+01   9.0000000e+00   1.6351404e-15   2.4425000e-01   2.4425000e-01
   2.7000000e+01   9.0000000e+00   1.6380043e-15   2.4987500e-01   2.4987500e-01
   2.8000000e+01   9.0000000e+00   1.5741284e-15   2.3245312e-01   2.3245312e-01
   2.9000000e+01   9.0000000e+00   1.3509881e-15   2.0334375e-01   2.0334375e-01
   3.0000000e+01   9.0000000e+00   9.7273018e-16   1.0542187e-01   1.0542187e-01
   3.1000000e+01   9.0000000e+00   6.5993231e-16   4.3796875e-02   4.3796875e-02
   3.2000000e+01   9.0000000e+00   5.7307770e-16   3.9625000e-02   3.9625000e-02
   3.3000000e+01   9.0000000e+00   8.7641664e-16   8.6921875e-02   8.6921875e-02
   3.4000000e+01   9.0000000e+00   1.2865576e-15   1.6887500e-01   1.6887500e-01
   3.5000000e+01   9.0000000e+00   1.6392071e-15   2.2845312e-01   2.2845312e-01
   3.6000000e+01   9.0000000e+00   1.7085942e-15   2.5190625e-01   2.5190625e-01
   3.7000000e+01   9.0000000e+00   1.6859706e-15   2.4429687e-01   2.4429687e-01
   3.8000000e+01   9.0000000e+00   1.7171663e-15   2.4175000e-01   2.4175000e-01
   3.9000000e+01   9.0000000e+00   1.6764496e-15   2.3173437e-01   2.3173437e-01
   4.0000000e+01   9.0000000e+00   1.5799824e-15   2.1348437e-01   2.1348437e-01
   4.1000000e+01   9.0000000e+00   1.6878139e-15   2.2567187e-01   2.2567187e-01
   4.2000000e+01   9.0000000e+00   1.7323680e-15   2.5362500e-01   2.5362500e-01
   4.3000000e+01   9.0000000e+00   1.8356602e-15   2.6392187e-01   2.6392187e-01
   4.4000000e+01   9.0000000e+00   1.6576737e-15   2.3457812e-01   2.3457812e-01
   4.5000000e+01   9.0000000e+00   1.5456865e-15   2.0695312e-01   2.0695312e-01
   4.6000000e+01   9.0000000e+00   1.1812941e-15   1.3973437e-01   1.3973437e-01
   4.7000000e+01   9.0000000e+00   7.9827821e-16   6.0984375e-02   6.0984375e-02
   1.0000000e+00   1.0000000e+01   1.5879527e-15   2.1695312e-01   2.1695312e-01
   2.0000000e+00   1.0000000e+01   1.7108468e-15   2.3914063e-01   2.3914063e-01
   3.0000000e+00   1.0000000e+01   1.7758822e-15   2.5239062e-01   2.5239062e-01
   4.0000000e+00   1.0000000e+01   1.7153813e-15   2.4654687e-01   2.4654687e-01
   5.0000000e+00   1.0000000e+01   1.6107567e-15   2.2051562e-01   2.2051562e-01
   6.0000000e+00   1.0000000e+01   1.6107846e-15   2.1750000e-01   2.1750000e-01
   7.0000000e+00   1.0000000e+01   1.6583296e-15   2.2501562e-01   2.2501562e-01
   8.0000000e+00   1.0000000e+01   1.5930487e-15   2.2914062e-01   2.2914062e-01
   9.0000000e+00   1.0000000e+01   1.7886267e-15   2.4282812e-01   2.4282812e-01
   1.0000000e+01   1.0000000e+01   1.7724672e-15   2.5628125e-01   2.5628125e-01
   1.1000000e+01   1.0000000e+01   1.7424333e-15   2.4201562e-01   2.4201562e-01
   1.2000000e+01   1.0000000e+01   1.8136529e-15   2.5684375e-01   2.5684375e-01
   1.3000000e+01   1.0000000e+01   1.5925982e-15   2.2178125e-01   2.2178125e-01
   1.4000000e+01   1.0000000e+01   1.0857401e-15   1.2273437e-01   1.2273437e-01
   1.5000000e+01   1.0000000e+01   8.4487248e-16   7.8156250e-02   7.8156250e-02
   1.6000000e+01   1.0000000e+01   1.2587244e-15   1.4707812e-01   1.4707812e-01
   1.7000000e+01   1.0000000e+01   1.5643291e-15   2.1282812e-01   2.1282812e-01
   1.8000000e+01   1.0000000e+01   1.6864292e-15   2.3467187e-01   2.3467187e-01
   1.9000000e+01   1.0000000e+01   1.7605691e-15   2.4710937e-01   2.4710937e-01
   2.0000000e+01   1.0000000e+01   1.7951260e-15   2.5575000e-01   2.5575000e-01
   2.1000000e+01   1.0000000e+01   1.7624345e-15   2.5045312e-01   2.5045312e-01
   2.2000000e+01   1.0000000e+01   1.6526109e-15   2.3068750e-01   2.3068750e-01
   2.3000000e+01   1.0000000e+01   1.5082794e-15   2.0876562e-01   2.0876562e-01
   2.4000000e+01   1.0000000e+01   1.5775295e-15   2.0484375e-01   2.0484375e-01
   2.5000000e+01   1.0000000e+01   1.6266204e-15   2.1768750e-01   2.1768750e-01
   2.6000000e+01   1.0000000e+01   1.7400078e-15   2.3806250e-01   2.3806250e-01
   2.7000000e+01   1.0000000e+01   1.7754539e-15   2.4928125e-01   2.4928125e-01
   2.8000000e+01   1.0000000e+01   1.7885302e-15   2.5540625e-01   2.5540625e-01
   2.9000000e+01   1.0000000e+01   1.7470925e-15   2.4845312e-01   2.4845312e-01
   3.0000000e+01   1.0000000e+01   1.3683028e-15   1.7226562e-01   1.7226562e-01
   3.1000000e+01   1.0000000e+01   8.6271730e-16   7.5937500e-02   7.5937500e-02
   3.2000000e+01   1.0000000e+01   7.9908997e-16   6.7218750e-02   6.7218750e-02
   3.3000000e+01   1.0000000e+01   1.1842116e-15   1.4156250e-01   1.4156250e-01
   3.4000000e+01   1.0000000e+01   1.5620236e-15   2.1835937e-01   2.1835937e-01
   3.5000000e+01   1.0000000e+01   1.6885732e-15   2.3610937e-01   2.3610937e-01
   3.6000000e+01   1.0000000e+01   1.7643225e-15   2.5551562e-01   2.5551562e-01
   3.7000000e+01   1.0000000e+01   1.8083761e-15   2.5589062e-01   2.5589062e-01
   3.8000000e+01   1.0000000e+01   1.8059843e-15   2.6209375e-01   2.6209375e-01
   3.9000000e+01   1.0000000e+01   1.7089626e-15   2.3715625e-01   2.3715625e-01
   4.0000000e+01   1.0000000e+01   1.5755456e-15   2.1815625e-01   2.1815625e-01
   4.1000000e+01   1.0000000e+01   1.6230620e-15   2.2545312e-01   2.2545312e-01
   4.2000000e+01   1.0000000e+01   1.6522489e-15   2.3085937e-01   2.3085937e-01
   4.3000000e+01   1.0000000e+01   1.6589564e-15   2.3635937e-01   2.3635937e-01
   4.4000000e+01   1.0000000e+01   1.6935513e-15   2.4168750e-01   2.4168750e-01
   4.5000000e+01   1.0000000e+01   1.7394817e-15   2.3945312e-01   2.3945312e-01
   4.6000000e+01   1.0000000e+01   1.5403832e-15   1.9967187e-01   1.9967187e-01
   4.7000000e+01   1.0000000e+01   1.1092415e-15   1.2323437e-01   1.2323437e-01
   1.0000000e+00   1.1000000e+01   1.4467082e-15   1.9915625e-01   1.9915625e-01
   2.0000000e+00   1.1000000e+01   1.6866306e-15   2.3593750e-01   2.3593750e-01
   3.0000000e+00   1.1000000e+01   1.7056119e-15   2.3925000e-01   2.3925000e-01
   4.0000000e+00   1.1000000e+01   1.7190637e-15   2.3890625e-01   2.3890625e-01
   5.0000000e+00   1.1000000e+01   1.6580157e-15   2.3589062e-01   2.3589062e-01
   6.0000000e+00   1.1000000e+01   1.5775947e-15   2.1621875e-01   2.1621875e-01
   7.0000000e+00   1.1000000e+01   1.5160806e-15   2.1671875e-01   2.1671875e-01
   8.0000000e+00   1.1000000e+01   1.5413928e-15   2.1935937e-01   2.1935937e-01
   9.0000000e+00   1.1000000e+01   1.6644097e-15   2.3375000e-01   2.3375000e-01
   1.0000000e+01   1.1000000e+01   1.7571158e-15   2.4557812e-01   2.4557812e-01
   1.1000000e+01   1.1000000e+01   1.7487024e-15   2.4932812e-01   2.4932812e-01
   1.2000000e+01   1.1000000e+01   1.6488683e-15   2.4265625e-01   2.4265625e-01
   1.3000000e+01   1.1000000e+01   1.5155714e-15   2.0184375e-01   2.0184375e-01
   1.4000000e+01   1.1000000e+01   1.0498471e-15   1.2592187e-01   1.2592187e-01
   1.5000000e+01   1.1000000e+01   8.9445104e-16   7.8812500e-02   7.8812500e-02
   1.6000000e+01   1.1000000e+01   1.3000816e-15   1.6165625e-01   1.6165625e-01
   1.7000000e+01   1.1000000e+01   1.5698066e-15   2.1971875e-01   2.1971875e-01
   1.8000000e+01   1.1000000e+01   1.6539102e-15   2.3428125e-01   2.3428125e-01
   1.9000000e+01   1.1000000e+01   1.6750290e-15   2.3735937e-01   2.3735937e-01
   2.0000000e+01   1.1000000e+01   1.7098350e-15   2.3795312e-01   2.3795312e-01
   2.1000000e+01   1.1000000e+01   1.4954099e-15   2.0625000e-01   2.0625000e-01
   2.2000000e+01   1.1000000e+01   1.5469000e-15   2.0284375e-01   2.0284375e-01
   2.3000000e+01   1.1000000e+01   1.5858103e-15   2.1864062e-01   2.1864062e-01
   2.4000000e+01   1.1000000e+01   1.6296051e-15   2.3190625e-01   2.3190625e-01
   2.5000000e+01   1.1000000e+01   1.6024591e-15   2.2687500e-01   2.2687500e-01
   2.6000000e+01   1.1000000e+01   1.6934962e-15   2.4120312e-01   2.4120312e-01
   2.7000000e+01   1.1000000e+01   1.7924449e-15   2.5990625e-01   2.5990625e-01
   2.8000000e+01   1.1000000e+01   1.6807662e-15   2.4115625e-01   2.4115625e-01
   2.9000000e+01   1.1000000e+01   1.7424721e-15   2.3457812e-01   2.3457812e-01
   3.0000000e+01   1.1000000e+01   1.4565346e-15   1.8757812e-01   1.8757812e-01
   3.1000000e+01   1.1000000e+01   8.9082303e-16   8.1390625e-02   8.1390625e-02
   3.2000000e+01   1.1000000e+01   9.1844392e-16   8.4453125e-02   8.4453125e-02
   3.3000000e+01   1.1000000e+01   1.4475025e-15   1.8164062e-01   1.8164062e-01
   3.4000000e+01   1.1000000e+01   1.6413380e-15   2.3529687e-01   2.3529687e-01
   3.5000000e+01   1.1000000e+01   1.6662595e-15   2.3301562e-01   2.3301562e-01
   3.6000000e+01   1.1000000e+01   1.8190602e-15   2.5325000e-01   2.5325000e-01
   3.7000000e+01   1.1000000e+01   1.7322246e-15   2.5659375e-01   2.5659375e-01
   3.8000000e+01   1.1000000e+01   1.6340105e-15   2.3482812e-01   2.3482812e-01
   3.9000000e+01   1.1000000e+01   1.6521214e-15   2.2914062e-01   2.2914062e-01
   4.0000000e+01   1.1000000e+01   1.5222658e-15   2.1443750e-01   2.1443750e-01
   4.1000000e+01   1.1000000e+01   1.5424776e-15   2.1095312e-01   2.1095312e-01
   4.2000000e+01   1.1000000e+01   1.6119744e-15   2.2345312e-01   2.2345312e-01
   4.3000000e+01   1.1000000e+01   1.8091061e-15   2.4362500e-01   2.4362500e-01
   4.4000000e+01   1.1000000e+01   1.6070145e-15   2.2193750e-01   2.2193750e-01
   4.5000000e+01   1.1000000e+01   1.7152690e-15   2.3540625e-01   2.3540625e-01
   4.6000000e+01   1.1000000e+01   1.7315666e-15   2.4018750e-01   2.4018750e-01
   4.7000000e+01   1.1000000e+01   1.3126629e-15   1.6246875e-01   1.6246875e-01
   1.0000000e+00   1.2000000e+01   1.4551035e-15   1.8729687e-01   1.8729687e-01
   2.0000000e+00   1.2000000e+01   1.7253003e-15   2.4587500e-01   2.4587500e-01
   3.0000000e+00   1.2000000e+01   1.7161466e-15   2.4289062e-01   2.4289062e-01
   4.0000000e+00   1.2000000e+01   1.6708136e-15   2.3181250e-01   2.3181250e-01
   5.0000000e+00   1.2000000e+01   1.6960250e-15   2.2807812e-01   2.2807812e-01
   6.0000000e+00   1.2000000e+01   1.5473910e-15   2.0956250e-01   2.0956250e-01
   7.0000000e+00   1.2000000e+01   1.4562492e-15   1.9846875e-01   1.9846875e-01
   8.0000000e+00   1.2000000e+01   1.5451442e-15   2.0664062e-01   2.0664062e-01
   9.0000000e+00   1.2000000e+01   1.7577739e-15   2.4390625e-01   2.4390625e-01
   1.0000000e+01   1.2000000e+01   1.6527148e-15   2.2892187e-01   2.2892187e-01
   1.1000000e+01   1.2000000e+01   1.7260785e-15   2.3478125e-01   2.3478125e-01
   1.2000000e+01   1.2000000e+01   1.5576802e-15   2.1496875e-01   2.1496875e-01
   1.3000000e+01   1.2000000e+01   1.1897346e-15   1.4660937e-01   1.4660937e-01
   1.4000000e+01   1.2000000e+01   9.1330832e-16   7.1312500e-02   7.1312500e-02
   1.5000000e+01   1.2000000e+01   7.6325773e-16   5.3109375e-02   5.3109375e-02
   1.6000000e+01   1.2000000e+01   1.0543689e-15   1.1567187e-01   1.1567187e-01
   1.7000000e+01   1.2000000e+01   1.4531681e-15   1.8701562e-01   1.8701562e-01
   1.8000000e+01   1.2000000e+01   1.7231733e-15   2.4328125e-01   2.4328125e-01
   1.9000000e+01   1.2000000e+01   1.6761353e-15   2.4170312e-01   2.4170312e-01
   2.0000000e+01   1.2000000e+01   1.6114228e-15   2.2282812e-01   2.2282812e-01
   2.1000000e+01   1.2000000e+01   1.5303665e-15   2.0109375e-01   2.0109375e-01
   2.2000000e+01   1.2000000e+01   1.4400708e-15   1.9215625e-01   1.9215625e-01
   2.3000000e+01   1.2000000e+01   1.4091444e-15   1.9312500e-01   1.9312500e-01
   2.4000000e+01   1.2000000e+01   1.4283363e-15   1.9075000e-01   1.9075000e-01
   2.5000000e+01   1.2000000e+01   1.5704375e-15   2.1743750e-01   2.1743750e-01
   2.6000000e+01   1.2000000e+01   1.7629631e-15   2.5982812e-01   2.5982812e-01
   2.7000000e+01   1.2000000e+01   1.7475916e-15   2.5200000e-01   2.5200000e-01
   2.8000000e+01   1.2000000e+01   1.8050561e-15   2.5159375e-01   2.5159375e-01
   2.9000000e+01   1.2000000e+01   1.5940218e-15   2.2082812e-01   2.2082812e-01
   3.0000000e+01   1.2000000e+01   1.2637063e-15   1.4893750e-01   1.4893750e-01
   3.1000000e+01   1.2000000e+01   8.7536709e-16   7.0218750e-02   7.0218750e-02
   3.2000000e+01   1.2000000e+01   8.6716373e-16   7.2156250e-02   7.2156250e-02
   3.3000000e+01   1.2000000e+01   1.2708139e-15   1.4785937e-01   1.4785937e-01
   3.4000000e+01   1.2000000e+01   1.5881390e-15   2.1690625e-01   2.1690625e-01
   3.5000000e+01   1.2000000e+01   1.7728344e-15   2.4090625e-01   2.4090625e-01
   3.6000000e+01   1.2000000e+01   1.7471025e-15   2.4737500e-01   2.4737500e-01
   3.7000000e+01   1.2000000e+01   1.7824330e-15   2.4746875e-01   2.4746875e-01
   3.8000000e+01   1.2000000e+01   1.7071793e-15   2.5303125e-01   2.5303125e-01
   3.9000000e+01   1.2000000e+01   1.5605036e-15   2.1304687e-01   2.1304687e-01
   4.0000000e+01   1.2000000e+01   1.4098669e-15   1.9756250e-01   1.9756250e-01
   4.1000000e+01   1.2000000e+01   1.4720915e-15   2.0476562e-01   2.0476562e-01
   4.2000000e+01   1.2000000e+01   1.5976413e-15   2.3018750e-01   2.3018750e-01
   4.3000000e+01   1.2000000e+01   1.6857116e-15   2.3510937e-01   2.3510937e-01
   4.4000000e+01   1.2000000e+01   1.6231282e-15   2.2409375e-01   2.2409375e-01
   4.5000000e+01   1.2000000e+01   1.5698139e-15   2.1731250e-01   2.1731250e-01
   4.6000000e+01   1.2000000e+01   1.6400506e-15   2.3093750e-01   2.3093750e-01
   4.7000000e+01   1.2000000e+01   1.2148634e-15   1.4145312e-01   1.4145312e-01
   1.0000000e+00   1.3000000e+01   1.1537843e-15   1.3293750e-01   1.3293750e-01
   2.0000000e+00   1.3000000e+01   1.4206627e-15   1.8368750e-01   1.8368750e-01
   3.0000000e+00   1.3000000e+01   1.4445177e-15   1.9342187e-01   1.9342187e-01
   4.0000000e+00   1.3000000e+01   1.4464285e-15   1.8593750e-01   1.8593750e-01
   5.0000000e+00   1.3000000e+01   1.4306437e-15   1.9157812e-01   1.9157812e-01
   6.0000000e+00   1.3000000e+01   1.3432478e-15   1.7879687e-01   1.7879687e-01
   7.0000000e+00   1.3000000e+01   1.2682609e-15   1.6185937e-01   1.6185937e-01
   8.0000000e+00   1.3000000e+01   1.4358906e-15   1.8710937e-01   1.8710937e-01
   9.0000000e+00   1.3000000e+01   1.4750646e-15   1.9596875e-01   1.9596875e-01
   1.0000000e+01   1.3000000e+01   1.5360947e-15   2.1206250e-01   2.1206250e-01
   1.1000000e+01   1.3000000e+01   1.4582792e-15   1.9245312e-01   1.9245312e-01
   1.2000000e+01   1.3000000e+01   1.1911602e-15   1.4114062e-01   1.4114062e-01
   1.3000000e+01   1.3000000e+01   8.6353771e-16   7.2875000e-02   7.2875000e-02
   1.4000000e+01   1.3000000e+01   7.6844405e-16   4.4937500e-02   4.4937500e-02
   1.5000000e+01   1.3000000e+01   6.5391447e-16   3.5953125e-02   3.5953125e-02
   1.6000000e+01   1.3000000e+01   7.9335108e-16   6.0484375e-02   6.0484375e-02
   1.7000000e+01   1.3000000e+01   1.1333288e-15   1.2810937e-01   1.2810937e-01
   1.8000000e+01   1.3000000e+01   1.4464847e-15   1.9870312e-01   1.9870312e-01
   1.9000000e+01   1.3000000e+01   1.6655150e-15   2.2307812e-01   2.2307812e-01
   2.0000000e+01   1.3000000e+01   1.6736568e-15   2.3281250e-01   2.3281250e-01
   2.1000000e+01   1.3000000e+01   1.5278277e-15   2.1096875e-01   2.1096875e-01
   2.2000000e+01   1.3000000e+01   1.5356264e-15   2.0384375e-01   2.0384375e-01
   2.3000000e+01   1.3000000e+01   1.5011779e-15   2.1014062e-01   2.1014062e-01
   2.4000000e+01   1.3000000e+01   1.3736353e-15   1.8442187e-01   1.8442187e-01
   2.5000000e+01   1.3000000e+01   1.5414961e-15   2.0564062e-01   2.0564062e-01
   2.6000000e+01   1.3000000e+01   1.6341164e-15   2.3153125e-01   2.3153125e-01
   2.7000000e+01   1.3000000e+01   1.6972238e-15   2.3601562e-01   2.3601562e-01
   2.8000000e+01   1.3000000e+01   1.5606986e-15   2.2651562e-01   2.2651562e-01
   2.9000000e+01   1.3000000e+01   1.4326810e-15   1.8253125e-01   1.8253125e-01
   3.0000000e+01   1.3000000e+01   9.8825067e-16   1.0354687e-01   1.0354687e-01
   3.1000000e+01   1.3000000e+01   6.6908610e-16   4.5859375e-02   4.5859375e-02
   3.2000000e+01   1.3000000e+01   6.4196603e-16   4.2328125e-02   4.2328125e-02
   3.3000000e+01   1.3000000e+01   9.4068732e-16   9.1406250e-02   9.1406250e-02
   3.4000000e+01   1.3000000e+01   1.3711234e-15   1.8859375e-01   1.8859375e-01
   3.5000000e+01   1.3000000e+01   1.6558803e-15   2.3798437e-01   2.3798437e-01
   3.6000000e+01   1.3000000e+01   1.7509170e-15   2.5550000e-01   2.5550000e-01
   3.7000000e+01   1.3000000e+01   1.6288508e-15   2.3282812e-01   2.3282812e-01
   3.8000000e+01   1.3000000e+01   1.6145099e-15   2.2609375e-01   2.2609375e-01
   3.9000000e+01   1.3000000e+01   1.5695701e-15   2.1857812e-01   2.1857812e-01
   4.0000000e+01   1.3000000e+01   1.4544338e-15   1.8967187e-01   1.8967187e-01
   4.1000000e+01   1.3000000e+01   1.4680527e-15   2.0306250e-01   2.0306250e-01
   4.2000000e+01   1.3000000e+01   1.6741387e-15   2.3842187e-01   2.3842187e-01
   4.3000000e+01   1.3000000e+01   1.7028606e-15   2.4729687e-01   2.4729687e-01
   4.4000000e+01   1.3000000e+01   1.5958974e-15   2.2593750e-01   2.2593750e-01
   4.5000000e+01   1.3000000e+01   1.6244685e-15   2.3162500e-01   2.3162500e-01
   4.6000000e+01   1.3000000e+01   1.2603667e-15   1.6370312e-01   1.6370312e-01
   4.7000000e+01   1.3000000e+01   9.3645379e-16   9.7890625e-02   9.7890625e-02
   1.0000000e+00   1.4000000e+01   7.2804744e-16   6.3281250e-02   6.3281250e-02
   2.0000000e+00   1.4000000e+01   8.8309552e-16   8.3234375e-02   8.3234375e-02
   3.0000000e+00   1.4000000e+01   9.1424790e-16   9.3765625e-02   9.3765625e-02
   4.0000000e+00   1.4000000e+01   9.6742636e-16   1.0362500e-01   1.0362500e-01
   5.0000000e+00   1.4000000e+01   9.2524250e-16   9.6109375e-02   9.6109375e-02
   6.0000000e+00   1.4000000e+01   9.6373891e-16   9.4312500e-02   9.4312500e-02
   7.0000000e+00   1.4000000e+01   9.2304061e-16   8.8781250e-02   8.8781250e-02
   8.0000000e+00   1.4000000e+01   8.8211538e-16   9.1343750e-02   9.1343750e-02
   9.0000000e+00   1.4000000e+01   9.7077947e-16   1.0782812e-01   1.0782812e-01
   1.0000000e+01   1.4000000e+01   1.0572661e-15   1.1956250e-01   1.1956250e-01
   1.1000000e+01   1.4000000e+01   9.4290228e-16   9.9984375e-02   9.9984375e-02
   1.2000000e+01   1.4000000e+01   8.0464698e-16   6.8593750e-02   6.8593750e-02
   1.3000000e+01   1.4000000e+01   6.5482883e-16   4.0453125e-02   4.0453125e-02
   1.4000000e+01   1.4000000e+01   6.4450684e-16   3.1875000e-02   3.1875000e-02
   1.5000000e+01   1.4000000e+01   5.7476151e-16   2.9156250e-02   2.9156250e-02
   1.6000000e+01   1.4000000e+01   6.0675226e-16   3.0093750e-02   3.0093750e-02
   1.7000000e+01   1.4000000e+01   7.6951323e-16   6.6156250e-02   6.6156250e-02
   1.8000000e+01   1.4000000e+01   1.0378273e-15   1.0526562e-01   1.0526562e-01
   1.9000000e+01   1.4000000e+01   1.1980862e-15   1.4554687e-01   1.4554687e-01
   2.0000000e+01   1.4000000e+01   1.2970654e-15   1.6635937e-01   1.6635937e-01
   2.1000000e+01   1.4000000e+01   1.3000192e-15   1.6500000e-01   1.6500000e-01
   2.2000000e+01   1.4000000e+01   1.1745900e-15   1.4907812e-01   1.4907812e-01
   2.3000000e+01   1.4000000e+01   1.1912998e-15   1.3973437e-01   1.3973437e-01
   2.4000000e+01   1.4000000e+01   1.1978558e-15   1.3768750e-01   1.3768750e-01
   2.5000000e+01   1.4000000e+01   1.2494926e-15   1.5892187e-01   1.5892187e-01
   2.6000000e+01   1.4000000e+01   1.2619917e-15   1.6393750e-01   1.6393750e-01
   2.7000000e+01   1.4000000e+01   1.3641609e-15   1.7679687e-01   1.7679687e-01
   2.8000000e+01   1.4000000e+01   1.2603086e-15   1.7276562e-01   1.7276562e-01
   2.9000000e+01   1.4000000e+01   9.5262604e-16   1.0348437e-01   1.0348437e-01
   3.0000000e+01   1.4000000e+01   7.0836875e-16   4.4953125e-02   4.4953125e-02
   3.1000000e+01   1.4000000e+01   6.6301097e-16   3.3500000e-02   3.3500000e-02
   3.2000000e+01   1.4000000e+01   5.8470489e-16   2.6359375e-02   2.6359375e-02
   3.3000000e+01   1.4000000e+01   6.6708500e-16   4.5390625e-02   4.5390625e-02
   3.4000000e+01   1.4000000e+01   1.0662174e-15   1.1498437e-01   1.1498437e-01
   3.5000000e+01   1.4000000e+01   1.2986015e-15   1.7456250e-01   1.7456250e-01
   3.6000000e+01   1.4000000e+01   1.4624865e-15   1.9423437e-01   1.9423437e-01
   3.7000000e+01   1.4000000e+01   1.4667351e-15   1.9332812e-01   1.9332812e-01
   3.8000000e+01   1.4000000e+01   1.4598526e-15   2.0375000e-01   2.0375000e-01
   3.9000000e+01   1.4000000e+01   1.3462911e-15   1.8562500e-01   1.8562500e-01
   4.0000000e+01   1.4000000e+01   1.2878099e-15   1.6023437e-01   1.6023437e-01
   4.1000000e+01   1.4000000e+01   1.3423797e-15   1.7520312e-01   1.7520312e-01
   4.2000000e+01   1.4000000e+01   1.4018357e-15   1.8948437e-01   1.8948437e-01
   4.3000000e+01   1.4000000e+01   1.5147408e-15   1.9637500e-01   1.9637500e-01
   4.4000000e+01   1.4000000e+01   1.5663172e-15   2.1146875e-01   2.1146875e-01
   4.5000000e+01   1.4000000e+01   1.2767069e-15   1.5943750e-01   1.5943750e-01
   4.6000000e+01   1.4000000e+01   9.5876458e-16   9.4078125e-02   9.4078125e-02
   4.7000000e+01   1.4000000e+01   7.4244821e-16   5.5031250e-02   5.5031250e-02
   1.0000000e+00   1.5000000e+01   8.2965102e-16   7.6687500e-02   7.6687500e-02
   2.0000000e+00   1.5000000e+01   1.0048729e-15   9.9359375e-02   9.9359375e-02
   3.0000000e+00   1.5000000e+01   1.0273938e-15   1.0720312e-01   1.0720312e-01
   4.0000000e+00   1.5000000e+01   9.9899791e-16   1.0746875e-01   1.0746875e-01
   5.0000000e+00   1.5000000e+01   9.9878331e-16   1.0056250e-01   1.0056250e-01
   6.0000000e+00   1.5000000e+01   9.5454838e-16   9.3765625e-02   9.3765625e-02
   7.0000000e+00   1.5000000e+01   8.6555627e-16   7.9765625e-02   7.9765625e-02
   8.0000000e+00   1.5000000e+01   8.7380041e-16   8.2015625e-02   8.2015625e-02
   9.0000000e+00   1.5000000e+01   8.8473067e-16   8.9859375e-02   8.9859375e-02
   1.0000000e+01   1.5000000e+01   9.4232561e-16   8.7296875e-02   8.7296875e-02
   1.1000000e+01   1.5000000e+01   8.4545894e-16   7.6187500e-02   7.6187500e-02
   1.2000000e+01   1.5000000e+01   7.2048207e-16   4.5750000e-02   4.5750000e-02
   1.3000000e+01   1.5000000e+01   6.0734092e-16   3.1890625e-02   3.1890625e-02
   1.4000000e+01   1.5000000e+01   6.5073887e-16   3.5468750e-02   3.5468750e-02
   1.5000000e+01   1.5000000e+01   6.3276876e-16   3.3906250e-02   3.3906250e-02
   1.6000000e+01   1.5000000e+01   6.2389256e-16   3.8640625e-02   3.8640625e-02
   1.7000000e+01   1.5000000e+01   6.8813562e-16   3.7937500e-02   3.7937500e-02
   1.8000000e+01   1.5000000e+01   7.7195394e-16   5.3343750e-02   5.3343750e-02
   1.9000000e+01   1.5000000e+01   8.2249852e-16   7.6937500e-02   7.6937500e-02
   2.0000000e+01   1.5000000e+01   9.0827710e-16   9.0109375e-02   9.0109375e-02
   2.1000000e+01   1.5000000e+01   8.6586399e-16   7.8265625e-02   7.8265625e-02
   2.2000000e+01   1.5000000e+01   9.0230640e-16   7.9906250e-02   7.9906250e-02
   2.3000000e+01   1.5000000e+01   8.5141168e-16   7.3796875e-02   7.3796875e-02
   2.4000000e+01   1.5000000e+01   7.7703573e-16   7.5890625e-02   7.5890625e-02
   2.5000000e+01   1.5000000e+01   8.6413662e-16   7.6296875e-02   7.6296875e-02
   2.6000000e+01   1.5000000e+01   8.5387347e-16   7.6546875e-02   7.6546875e-02
   2.7000000e+01   1.5000000e+01   8.6677142e-16   7.3578125e-02   7.3578125e-02
   2.8000000e+01   1.5000000e+01   8.3352528e-16   7.3890625e-02   7.3890625e-02
   2.9000000e+01   1.5000000e+01   7.0408374e-16   4.9140625e-02   4.9140625e-02
   3.0000000e+01   1.5000000e+01   6.6884053e-16   3.4296875e-02   3.4296875e-02
   3.1000000e+01   1.5000000e+01   6.1731916e-16   3.4531250e-02   3.4531250e-02
   3.2000000e+01   1.5000000e+01   6.2006503e-16   2.2375000e-02   2.2375000e-02
   3.3000000e+01   1.5000000e+01   6.1622618e-16   2.7406250e-02   2.7406250e-02
   3.4000000e+01   1.5000000e+01   7.4912339e-16   4.2125000e-02   4.2125000e-02
   3.5000000e+01   1.5000000e+01   8.1250795e-16   7.2718750e-02   7.2718750e-02
   3.6000000e+01   1.5000000e+01   9.0338825e-16   9.3421875e-02   9.3421875e-02
   3.7000000e+01   1.5000000e+01   9.7944215e-16   9.1828125e-02   9.1828125e-02
   3.8000000e+01   1.5000000e+01   9.5364529e-16   9.5562500e-02   9.5562500e-02
   3.9000000e+01   1.5000000e+01   9.4295376e-16   1.0018750e-01   1.0018750e-01
   4.0000000e+01   1.5000000e+01   8.6411584e-16   8.5921875e-02   8.5921875e-02
   4.1000000e+01   1.5000000e+01   9.2243097e-16   8.8171875e-02   8.8171875e-02
   4.2000000e+01   1.5000000e+01   9.4100439e-16   9.5875000e-02   9.5875000e-02
   4.3000000e+01   1.5000000e+01   8.9064395e-16   9.7875000e-02   9.7875000e-02
   4.4000000e+01   1.5000000e+01   9.7311695e-16   1.0407812e-01   1.0407812e-01
   4.5000000e+01   1.5000000e+01   7.9710514e-16   6.6562500e-02   6.6562500e-02
   4.6000000e+01   1.5000000e+01   6.8066072e-16   4.4281250e-02   4.4281250e-02
   4.7000000e+01   1.5000000e+01   6.4490621e-16   3.6328125e-02   3.6328125e-02
   1.0000000e+00   1.6000000e+01   1.1099815e-15   1.2464062e-01   1.2464062e-01
   2.0000000e+00   1.6000000e+01   1.4125255e-15   2.0243750e-01   2.0243750e-01
   3.0000000e+00   1.6000000e+01   1.4340878e-15   2.0256250e-01   2.0256250e-01
   4.0000000e+00   1.6000000e+01   1.4688209e-15   1.9893750e-01   1.9893750e-01
   5.0000000e+00   1.6000000e+01   1.4674435e-15   1.9145312e-01   1.9145312e-01
   6.0000000e+00   1.6000000e+01   1.3221390e-15   1.7540625e-01   1.7540625e-01
   7.0000000e+00   1.6000000e+01   1.2727137e-15   1.7100000e-01   1.7100000e-01
   8.0000000e+00   1.6000000e+01   1.3202418e-15   1.7151562e-01   1.7151562e-01
   9.0000000e+00   1.6000000e+01   1.4293120e-15   1.8365625e-01   1.8365625e-01
   1.0000000e+01   1.6000000e+01   1.3503891e-15   1.8521875e-01   1.8521875e-01
   1.1000000e+01   1.6000000e+01   1.3165362e-15   1.7860937e-01   1.7860937e-01
   1.2000000e+01   1.6000000e+01   9.6000408e-16   9.9390625e-02   9.9390625e-02
   1.3000000e+01   1.6000000e+01   7.0518378e-16   5.2828125e-02   5.2828125e-02
   1.4000000e+01   1.6000000e+01   6.2470128e-16   3.6906250e-02   3.6906250e-02
   1.5000000e+01   1.6000000e+01   6.4737306e-16   3.6750000e-02   3.6750000e-02
   1.6000000e+01   1.6000000e+01   7.4093413e-16   4.8953125e-02   4.8953125e-02
   1.7000000e+01   1.6000000e+01   9.2491389e-16   8.6171875e-02   8.6171875e-02
   1.8000000e+01   1.6000000e+01   1.1415709e-15   1.3687500e-01   1.3687500e-01
   1.9000000e+01   1.6000000e+01   1.2062832e-15   1.5506250e-01   1.5506250e-01
   2.0000000e+01   1.6000000e+01   1.2169470e-15   1.5400000e-01   1.5400000e-01
   2.1000000e+01   1.6000000e+01   1.2525310e-15   1.5071875e-01   1.5071875e-01
   2.2000000e+01   1.6000000e+01   1.0650421e-15   1.3325000e-01   1.3325000e-01
   2.3000000e+01   1.6000000e+01   1.0627960e-15   1.2231250e-01   1.2231250e-01
   2.4000000e+01   1.6000000e+01   1.0757318e-15   1.1282812e-01   1.1282812e-01
   2.5000000e+01   1.6000000e+01   1.1016707e-15   1.2414062e-01   1.2414062e-01
   2.6000000e+01   1.6000000e+01   1.1273158e-15   1.3309375e-01   1.3309375e-01
   2.7000000e+01   1.6000000e+01   1.0895623e-15   1.2462500e-01   1.2462500e-01
   2.8000000e+01   1.6000000e+01   1.0506992e-15   1.0700000e-01   1.0700000e-01
   2.9000000e+01   1.6000000e+01   8.0130796e-16   5.7968750e-02   5.7968750e-02
   3.0000000e+01   1.6000000e+01   6.0638333e-16   3.2078125e-02   3.2078125e-02
   3.1000000e+01   1.6000000e+01   5.9575779e-16   2.8812500e-02   2.8812500e-02
   3.2000000e+01   1.6000000e+01   6.4609708e-16   3.4453125e-02   3.4453125e-02
   3.3000000e+01   1.6000000e+01   6.4563825e-16   3.7125000e-02   3.7125000e-02
   3.4000000e+01   1.6000000e+01   7.3107559e-16   5.8046875e-02   5.8046875e-02
   3.5000000e+01   1.6000000e+01   8.8470900e-16   8.1375000e-02   8.1375000e-02
   3.6000000e+01   1.6000000e+01   9.2132977e-16   8.3218750e-02   8.3218750e-02
   3.7000000e+01   1.6000000e+01   8.9836714e-16   8.8953125e-02   8.8953125e-02
   3.8000000e+01   1.6000000e+01   1.0092233e-15   1.0981250e-01   1.0981250e-01
   3.9000000e+01   1.6000000e+01   9.8626576e-16   1.0362500e-01   1.0362500e-01
   4.0000000e+01   1.6000000e+01   9.1208532e-16   1.0103125e-01   1.0103125e-01
   4.1000000e+01   1.6000000e+01   9.5511496e-16   9.5312500e-02   9.5312500e-02
   4.2000000e+01   1.6000000e+01   9.4306893e-16   9.8406250e-02   9.8406250e-02
   4.3000000e+01   1.6000000e+01   9.5169192e-16   9.9140625e-02   9.9140625e-02
   4.4000000e+01   1.6000000e+01   9.0159635e-16   8.8843750e-02   8.8843750e-02
   4.5000000e+01   1.6000000e+01   8.0700777e-16   7.0140625e-02   7.0140625e-02
   4.6000000e+01   1.6000000e+01   6.2759397e-16   3.0656250e-02   3.0656250e-02
   4.7000000e+01   1.6000000e+01   6.3989843e-16   3.1796875e-02   3.1796875e-02
   1.0000000e+00   1.7000000e+01   1.2331553e-15   1.5042187e-01   1.5042187e-01
   2.0000000e+00   1.7000000e+01   1.5569655e-15   2.1468750e-01   2.1468750e-01
   3.0000000e+00   1.7000000e+01   1.7316713e-15   2.4707812e-01   2.4707812e-01
   4.0000000e+00   1.7000000e+01   1.7039276e-15   2.4117187e-01   2.4117187e-01
   5.0000000e+00   1.7000000e+01   1.5547722e-15   2.2354687e-01   2.2354687e-01
   6.0000000e+00   1.7000000e+01   1.4788280e-15   2.0018750e-01   2.0018750e-01
   7.0000000e+00   1.7000000e+01   1.5109742e-15   1.9932812e-01   1.9932812e-01
   8.0000000e+00   1.7000000e+01   1.6228317e-15   2.2871875e-01   2.2871875e-01
   9.0000000e+00   1.7000000e+01   1.6110117e-15   2.2353125e-01   2.2353125e-01
   1.0000000e+01   1.7000000e+01   1.6039241e-15   2.2834375e-01   2.2834375e-01
   1.1000000e+01   1.7000000e+01   1.7457362e-15   2.5035938e-01   2.5035938e-01
   1.2000000e+01   1.7000000e+01   1.3788735e-15   1.8895312e-01   1.8895312e-01
   1.3000000e+01   1.7000000e+01   1.0729376e-15   1.1645312e-01   1.1645312e-01
   1.4000000e+01   1.7000000e+01   7.2391347e-16   4.5375000e-02   4.5375000e-02
   1.5000000e+01   1.7000000e+01   6.1249855e-16   4.1562500e-02   4.1562500e-02
   1.6000000e+01   1.7000000e+01   9.0077054e-16   9.1015625e-02   9.1015625e-02
   1.7000000e+01   1.7000000e+01   1.3103097e-15   1.7040625e-01   1.7040625e-01
   1.8000000e+01   1.7000000e+01   1.6101638e-15   2.2826562e-01   2.2826562e-01
   1.9000000e+01   1.7000000e+01   1.6530314e-15   2.4168750e-01   2.4168750e-01
   2.0000000e+01   1.7000000e+01   1.6300883e-15   2.3531250e-01   2.3531250e-01
   2.1000000e+01   1.7000000e+01   1.5511688e-15   2.2528125e-01   2.2528125e-01
   2.2000000e+01   1.7000000e+01   1.4994346e-15   2.0818750e-01   2.0818750e-01
   2.3000000e+01   1.7000000e+01   1.4191124e-15   1.9381250e-01   1.9381250e-01
   2.4000000e+01   1.7000000e+01   1.4232891e-15   2.0903125e-01   2.0903125e-01
   2.5000000e+01   1.7000000e+01   1.5041066e-15   2.0962500e-01   2.0962500e-01
   2.6000000e+01   1.7000000e+01   1.4875588e-15   2.0709375e-01   2.0709375e-01
   2.7000000e+01   1.7000000e+01   1.5868255e-15   2.2843750e-01   2.2843750e-01
   2.8000000e+01   1.7000000e+01   1.5172248e-15   2.0579687e-01   2.0579687e-01
   2.9000000e+01   1.7000000e+01   1.2160140e-15   1.4510937e-01   1.4510937e-01
   3.0000000e+01   1.7000000e+01   7.1135541e-16   5.8953125e-02   5.8953125e-02
   3.1000000e+01   1.7000000e+01   6.3636773e-16   4.0000000e-02   4.0000000e-02
   3.2000000e+01   1.7000000e+01   5.7724303e-16   3.3109375e-02   3.3109375e-02
   3.3000000e+01   1.7000000e+01   7.2433311e-16   6.6296875e-02   6.6296875e-02
   3.4000000e+01   1.7000000e+01   1.0872740e-15   1.2934375e-01   1.2934375e-01
   3.5000000e+01   1.7000000e+01   1.3448325e-15   1.8540625e-01   1.8540625e-01
   3.6000000e+01   1.7000000e+01   1.2830347e-15   1.7351562e-01   1.7351562e-01
   3.7000000e+01   1.7000000e+01   1.3951318e-15   1.8264062e-01   1.8264062e-01
   3.8000000e+01   1.7000000e+01   1.4199299e-15   2.0375000e-01   2.0375000e-01
   3.9000000e+01   1.7000000e+01   1.4810755e-15   1.9742187e-01   1.9742187e-01
   4.0000000e+01   1.7000000e+01   1.3526937e-15   1.7770312e-01   1.7770312e-01
   4.1000000e+01   1.7000000e+01   1.3264917e-15   1.8289062e-01   1.8289062e-01
   4.2000000e+01   1.7000000e+01   1.4510833e-15   1.9425000e-01   1.9425000e-01
   4.3000000e+01   1.7000000e+01   1.4726603e-15   2.1367187e-01   2.1367187e-01
   4.4000000e+01   1.7000000e+01   1.5653530e-15   2.1039062e-01   2.1039062e-01
   4.5000000e+01   1.7000000e+01   1.3014896e-15   1.8017187e-01   1.8017187e-01
   4.6000000e+01   1.7000000e+01   8.4734518e-16   8.5515625e-02   8.5515625e-02
   4.7000000e+01   1.7000000e+01   5.2601239e-16   3.9718750e-02   3.9718750e-02
   1.0000000e+00   1.8000000e+01   1.2532712e-15   2.0434375e-01   2.0434375e-01
   2.0000000e+00   1.8000000e+01   1.5761128e-15   2.3768750e-01   2.3768750e-01
   3.0000000e+00   1.8000000e+01   1.7447278e-15   2.4929687e-01   2.4929687e-01
   4.0000000e+00   1.8000000e+01   1.7511790e-15   2.5487500e-01   2.5487500e-01
   5.0000000e+00   1.8000000e+01   1.7014967e-15   2.4310937e-01   2.4310937e-01
   6.0000000e+00   1.8000000e+01   1.5871448e-15   2.2471875e-01   2.2471875e-01
   7.0000000e+00   1.8000000e+01   1.5793248e-15   2.2525000e-01   2.2525000e-01
   8.0000000e+00   1.8000000e+01   1.6125750e-15   2.3379687e-01   2.3379687e-01
   9.0000000e+00   1.8000000e+01   1.6323933e-15   2.3534375e-01   2.3534375e-01
   1.0000000e+01   1.8000000e+01   1.7099184e-15   2.5395313e-01   2.5395313e-01
   1.1000000e+01   1.8000000e+01   1.8166227e-15   2.6464062e-01   2.6464062e-01
   1.2000000e+01   1.8000000e+01   1.7071058e-15   2.5057812e-01   2.5057812e-01
   1.3000000e+01   1.8000000e+01   1.4674449e-15   1.9726562e-01   1.9726562e-01
   1.4000000e+01   1.8000000e+01   8.8778080e-16   8.8250000e-02   8.8250000e-02
   1.5000000e+01   1.8000000e+01   7.3140873e-16   6.1703125e-02   6.1703125e-02
   1.6000000e+01   1.8000000e+01   1.2418387e-15   1.5121875e-01   1.5121875e-01
   1.7000000e+01   1.8000000e+01   1.5836752e-15   2.2296875e-01   2.2296875e-01
   1.8000000e+01   1.8000000e+01   1.7143851e-15   2.4871875e-01   2.4871875e-01
   1.9000000e+01   1.8000000e+01   1.7626936e-15   2.4642187e-01   2.4642187e-01
   2.0000000e+01   1.8000000e+01   1.7012445e-15   2.4417187e-01   2.4417187e-01
   2.1000000e+01   1.8000000e+01   1.6801825e-15   2.3828125e-01   2.3828125e-01
   2.2000000e+01   1.8000000e+01   1.6355931e-15   2.2946875e-01   2.2946875e-01
   2.3000000e+01   1.8000000e+01   1.3838963e-15   2.1559375e-01   2.1559375e-01
   2.4000000e+01   1.8000000e+01   1.3946218e-15   2.1178125e-01   2.1178125e-01
   2.5000000e+01   1.8000000e+01   1.4428834e-15   2.2153125e-01   2.2153125e-01
   2.6000000e+01   1.8000000e+01   1.5566918e-15   2.3489062e-01   2.3489062e-01
   2.7000000e+01   1.8000000e+01   1.5033308e-15   2.4748437e-01   2.4748437e-01
   2.8000000e+01   1.8000000e+01   1.7196402e-15   2.5240625e-01   2.5240625e-01
   2.9000000e+01   1.8000000e+01   1.6446057e-15   2.2626562e-01   2.2626562e-01
   3.0000000e+01   1.8000000e+01   1.1582312e-15   1.3228125e-01   1.3228125e-01
   3.1000000e+01   1.8000000e+01   7.7996494e-16   5.6156250e-02   5.6156250e-02
   3.2000000e+01   1.8000000e+01   8.0093604e-16   6.0937500e-02   6.0937500e-02
   3.3000000e+01   1.8000000e+01   1.0932176e-15   1.2106250e-01   1.2106250e-01
   3.4000000e+01   1.8000000e+01   1.4904824e-15   2.0860937e-01   2.0860937e-01
   3.5000000e+01   1.8000000e+01   1.7278885e-15   2.4160937e-01   2.4160937e-01
   3.6000000e+01   1.8000000e+01   1.6984786e-15   2.3893750e-01   2.3893750e-01
   3.7000000e+01   1.8000000e+01   1.6179016e-15   2.3665625e-01   2.3665625e-01
   3.8000000e+01   1.8000000e+01   1.6971614e-15   2.5087500e-01   2.5087500e-01
   3.9000000e+01   1.8000000e+01   1.5897062e-15   2.2045312e-01   2.2045312e-01
   4.0000000e+01   1.8000000e+01   1.5301085e-15   2.0301562e-01   2.0301562e-01
   4.1000000e+01   1.8000000e+01   1.5459432e-15   2.1031250e-01   2.1031250e-01
   4.2000000e+01   1.8000000e+01   1.6305593e-15   2.3337500e-01   2.3337500e-01
   4.3000000e+01   1.8000000e+01   1.6837736e-15   2.4753125e-01   2.4753125e-01
   4.4000000e+01   1.8000000e+01   1.6659625e-15   2.4385937e-01   2.4385937e-01
   4.5000000e+01   1.8000000e+01   1.5894541e-15   2.2300000e-01   2.2300000e-01
   4.6000000e+01   1.8000000e+01   1.2809024e-15   1.5473437e-01   1.5473437e-01
   4.7000000e+01   1.8000000e+01   7.9042712e-16   6.4718750e-02   6.4718750e-02
   1.0000000e+00   1.9000000e+01   1.5971762e-15   2.2393750e-01   2.2393750e-01
   2.0000000e+00   1.9000000e+01   1.6254630e-15   2.3475000e-01   2.3475000e-01
   3.0000000e+00   1.9000000e+01   1.6570637e-15   2.4170312e-01   2.4170312e-01
   4.0000000e+00   1.9000000e+01   1.5557805e-15   2.3514062e-01   2.3514062e-01
   5.0000000e+00   1.9000000e+01   1.6222764e-15   2.3112500e-01   2.3112500e-01
   6.0000000e+00   1.9000000e+01   1.6409474e-15   2.2423437e-01   2.2423437e-01
   7.0000000e+00   1.9000000e+01   1.5730198e-15   2.1660937e-01   2.1660937e-01
   8.0000000e+00   1.9000000e+01   1.6057559e-15   2.2717187e-01   2.2717187e-01
   9.0000000e+00   1.9000000e+01   1.6253606e-15   2.3818750e-01   2.3818750e-01
   1.0000000e+01   1.9000000e+01   1.7737987e-15   2.6250000e-01   2.6250000e-01
   1.1000000e+01   1.9000000e+01   1.7006394e-15   2.5010937e-01   2.5010937e-01
   1.2000000e+01   1.9000000e+01   1.6371616e-15   2.4120312e-01   2.4120312e-01
   1.3000000e+01   1.9000000e+01   1.4591513e-15   1.9607812e-01   1.9607812e-01
   1.4000000e+01   1.9000000e+01   1.0001417e-15   9.9015625e-02   9.9015625e-02
   1.5000000e+01   1.9000000e+01   8.6624589e-16   8.5593750e-02   8.5593750e-02
   1.6000000e+01   1.9000000e+01   1.4360047e-15   1.7676562e-01   1.7676562e-01
   1.7000000e+01   1.9000000e+01   1.5820425e-15   2.2168750e-01   2.2168750e-01
   1.8000000e+01   1.9000000e+01   1.7503592e-15   2.5021875e-01   2.5021875e-01
   1.9000000e+01   1.9000000e+01   1.7511493e-15   2.5120312e-01   2.5120312e-01
   2.0000000e+01   1.9000000e+01   1.7233310e-15   2.3753125e-01   2.3753125e-01
   2.1000000e+01   1.9000000e+01   1.6541558e-15   2.3134375e-01   2.3134375e-01
   2.2000000e+01   1.9000000e+01   1.6091449e-15   2.2035937e-01   2.2035937e-01
   2.3000000e+01   1.9000000e+01   1.4812794e-15   2.0176562e-01   2.0176562e-01
   2.4000000e+01   1.9000000e+01   1.5430556e-15   2.1270312e-01   2.1270312e-01
   2.5000000e+01   1.9000000e+01   1.6226849e-15   2.3226562e-01   2.3226562e-01
   2.6000000e+01   1.9000000e+01   1.6768110e-15   2.5310937e-01   2.5310937e-01
   2.7000000e+01   1.9000000e+01   1.6921458e-15   2.6371875e-01   2.6371875e-01
   2.8000000e+01   1.9000000e+01   1.7390382e-15   2.5117187e-01   2.5117187e-01
   2.9000000e+01   1.9000000e+01   1.6530658e-15   2.4796875e-01   2.4796875e-01
   3.0000000e+01   1.9000000e+01   1.0292296e-15   1.7817187e-01   1.7817187e-01
   3.1000000e+01   1.9000000e+01   1.1800735e-15   9.9875000e-02   9.9875000e-02
   3.2000000e+01   1.9000000e+01   7.3541485e-16   9.3843750e-02   9.3843750e-02
   3.3000000e+01   1.9000000e+01   1.1579432e-15   1.7971875e-01   1.7971875e-01
   3.4000000e+01   1.9000000e+01   1.6599128e-15   2.3278125e-01   2.3278125e-01
   3.5000000e+01   1.9000000e+01   1.8071913e-15   2.5678125e-01   2.5678125e-01
   3.6000000e+01   1.9000000e+01   1.6780960e-15   2.4998437e-01   2.4998437e-01
   3.7000000e+01   1.9000000e+01   1.7096789e-15   2.5853125e-01   2.5853125e-01
   3.8000000e+01   1.9000000e+01   1.6891356e-15   2.3210937e-01   2.3210937e-01
   3.9000000e+01   1.9000000e+01   1.6865784e-15   2.3150000e-01   2.3150000e-01
   4.0000000e+01   1.9000000e+01   1.6559320e-15   2.2221875e-01   2.2221875e-01
   4.1000000e+01   1.9000000e+01   1.6193709e-15   2.1670312e-01   2.1670312e-01
   4.2000000e+01   1.9000000e+01   1.6352350e-15   2.3926562e-01   2.3926562e-01
   4.3000000e+01   1.9000000e+01   1.5963896e-15   2.5718750e-01   2.5718750e-01
   4.4000000e+01   1.9000000e+01   1.7205908e-15   2.5406250e-01   2.5406250e-01
   4.5000000e+01   1.9000000e+01   1.6758946e-15   2.4664062e-01   2.4664062e-01
   4.6000000e+01   1.9000000e+01   1.4498209e-15   2.1012500e-01   2.1012500e-01
   4.7000000e+01   1.9000000e+01   8.5838301e-16   1.0553125e-01   1.0553125e-01
   1.0000000e+00   2.0000000e+01   1.6661245e-15   2.4151562e-01   2.4151562e-01
   2.0000000e+00   2.0000000e+01   1.6116124e-15   2.3729687e-01   2.3729687e-01
   3.0000000e+00   2.0000000e+01   1.5832036e-15   2.4484375e-01   2.4484375e-01
   4.0000000e+00   2.0000000e+01   1.5762240e-15   2.3237500e-01   2.3237500e-01
   5.0000000e+00   2.0000000e+01   1.5906219e-15   2.1901562e-01   2.1901562e-01
   6.0000000e+00   2.0000000e+01   1.5202954e-15   2.1160937e-01   2.1160937e-01
   7.0000000e+00   2.0000000e+01   1.5812442e-15   2.1418750e-01   2.1418750e-01
   8.0000000e+00   2.0000000e+01   1.6960596e-15   2.3553125e-01   2.3553125e-01
   9.0000000e+00   2.0000000e+01   1.6217619e-15   2.3568750e-01   2.3568750e-01
   1.0000000e+01   2.0000000e+01   1.6842810e-15   2.4142187e-01   2.4142187e-01
   1.1000000e+01   2.0000000e+01   1.6871029e-15   2.4479687e-01   2.4479687e-01
   1.2000000e+01   2.0000000e+01   1.5740879e-15   2.1943750e-01   2.1943750e-01
   1.3000000e+01   2.0000000e+01   1.1282471e-15   1.3651562e-01   1.3651562e-01
   1.4000000e+01   2.0000000e+01   7.8079089e-16   7.4062500e-02   7.4062500e-02
   1.5000000e+01   2.0000000e+01   1.0170173e-15   9.9468750e-02   9.9468750e-02
   1.6000000e+01   2.0000000e+01   1.3796647e-15   1.7775000e-01   1.7775000e-01
   1.7000000e+01   2.0000000e+01   1.6582271e-15   2.3809375e-01   2.3809375e-01
   1.8000000e+01   2.0000000e+01   1.6765218e-15   2.3635937e-01   2.3635937e-01
   1.9000000e+01   2.0000000e+01   1.7768580e-15   2.5350000e-01   2.5350000e-01
   2.0000000e+01   2.0000000e+01   1.7221063e-15   2.3612500e-01   2.3612500e-01
   2.1000000e+01   2.0000000e+01   1.7075972e-15   2.4646875e-01   2.4646875e-01
   2.2000000e+01   2.0000000e+01   1.5127253e-15   2.0534375e-01   2.0534375e-01
   2.3000000e+01   2.0000000e+01   1.4226897e-15   1.8757812e-01   1.8757812e-01
   2.4000000e+01   2.0000000e+01   1.4696425e-15   1.9192187e-01   1.9192187e-01
   2.5000000e+01   2.0000000e+01   1.6896542e-15   2.3957812e-01   2.3957812e-01
   2.6000000e+01   2.0000000e+01   1.6973076e-15   2.3407812e-01   2.3407812e-01
   2.7000000e+01   2.0000000e+01   1.7428844e-15   2.5754687e-01   2.5754687e-01
   2.8000000e+01   2.0000000e+01   1.6952897e-15   2.4126562e-01   2.4126562e-01
   2.9000000e+01   2.0000000e+01   1.6432065e-15   2.3534375e-01   2.3534375e-01
   3.0000000e+01   2.0000000e+01   1.1991427e-15   1.4104687e-01   1.4104687e-01
   3.1000000e+01   2.0000000e+01   8.1444655e-16   7.3671875e-02   7.3671875e-02
   3.2000000e+01   2.0000000e+01   1.1458253e-15   1.3328125e-01   1.3328125e-01
   3.3000000e+01   2.0000000e+01   1.4773959e-15   2.0693750e-01   2.0693750e-01
   3.4000000e+01   2.0000000e+01   1.7136822e-15   2.4370312e-01   2.4370312e-01
   3.5000000e+01   2.0000000e+01   1.7054092e-15   2.4848437e-01   2.4848437e-01
   3.6000000e+01   2.0000000e+01   1.7444553e-15   2.4609375e-01   2.4609375e-01
   3.7000000e+01   2.0000000e+01   1.7005993e-15   2.5409375e-01   2.5409375e-01
   3.8000000e+01   2.0000000e+01   1.7361501e-15   2.4464062e-01   2.4464062e-01
   3.9000000e+01   2.0000000e+01   1.6029786e-15   2.1756250e-01   2.1756250e-01
   4.0000000e+01   2.0000000e+01   1.6619013e-15   2.4182812e-01   2.4182812e-01
   4.1000000e+01   2.0000000e+01   1.6477431e-15   2.2795312e-01   2.2795312e-01
   4.2000000e+01   2.0000000e+01   1.6328937e-15   2.3156250e-01   2.3156250e-01
   4.3000000e+01   2.0000000e+01   1.7580556e-15   2.6120312e-01   2.6120312e-01
   4.4000000e+01   2.0000000e+01   1.6994221e-15   2.4754687e-01   2.4754687e-01
   4.5000000e+01   2.0000000e+01   1.6633600e-15   2.3809375e-01   2.3809375e-01
   4.6000000e+01   2.0000000e+01   1.5324982e-15   2.0725000e-01   2.0725000e-01
   4.7000000e+01   2.0000000e+01   9.7586378e-16   9.9234375e-02   9.9234375e-02
   1.0000000e+00   2.1000000e+01   1.5590870e-15   2.2267187e-01   2.2267187e-01
   2.0000000e+00   2.1000000e+01   1.6052896e-15   2.2612500e-01   2.2612500e-01
   3.0000000e+00   2.1000000e+01   1.6610688e-15   2.3573438e-01   2.3573438e-01
   4.0000000e+00   2.1000000e+01   1.5945342e-15   2.2487500e-01   2.2487500e-01
   5.0000000e+00   2.1000000e+01   1.5864087e-15   2.2090625e-01   2.2090625e-01
   6.0000000e+00   2.1000000e+01   1.4347032e-15   1.9070312e-01   1.9070312e-01
   7.0000000e+00   2.1000000e+01   1.4924776e-15   2.0756250e-01   2.0756250e-01
   8.0000000e+00   2.1000000e+01   1.5381468e-15   2.1512500e-01   2.1512500e-01
   9.0000000e+00   2.1000000e+01   1.6863652e-15   2.4253125e-01   2.4253125e-01
   1.0000000e+01   2.1000000e+01   1.6314480e-15   2.3726562e-01   2.3726562e-01
   1.1000000e+01   2.1000000e+01   1.4862390e-15   2.0356250e-01   2.0356250e-01
   1.2000000e+01   2.1000000e+01   1.1920174e-15   1.4982812e-01   1.4982812e-01
   1.3000000e+01   2.1000000e+01   8.2896436e-16   7.2359375e-02   7.2359375e-02
   1.4000000e+01   2.1000000e+01   6.8127747e-16   4.7984375e-02   4.7984375e-02
   1.5000000e+01   2.1000000e+01   7.4952259e-16   6.1953125e-02   6.1953125e-02
   1.6000000e+01   2.1000000e+01   1.0279080e-15   1.2154687e-01   1.2154687e-01
   1.7000000e+01   2.1000000e+01   1.5464772e-15   2.1792187e-01   2.1792187e-01
   1.8000000e+01   2.1000000e+01   1.5899763e-15   2.3468750e-01   2.3468750e-01
   1.9000000e+01   2.1000000e+01   1.6168431e-15   2.4501562e-01   2.4501562e-01
   2.0000000e+01   2.1000000e+01   1.6561428e-15   2.4373437e-01   2.4373437e-01
   2.1000000e+01   2.1000000e+01   1.6654017e-15   2.4531250e-01   2.4531250e-01
   2.2000000e+01   2.1000000e+01   1.4639167e-15   2.1118750e-01   2.1118750e-01
   2.3000000e+01   2.1000000e+01   1.3953691e-15   1.8987500e-01   1.8987500e-01
   2.4000000e+01   2.1000000e+01   1.4453773e-15   1.9979687e-01   1.9979687e-01
   2.5000000e+01   2.1000000e+01   1.6701510e-15   2.4029687e-01   2.4029687e-01
   2.6000000e+01   2.1000000e+01   1.6940270e-15   2.3635937e-01   2.3635937e-01
   2.7000000e+01   2.1000000e+01   1.6670654e-15   2.4156250e-01   2.4156250e-01
   2.8000000e+01   2.1000000e+01   1.6176224e-15   2.2932812e-01   2.2932812e-01
   2.9000000e+01   2.1000000e+01   1.3341007e-15   1.7150000e-01   1.7150000e-01
   3.0000000e+01   2.1000000e+01   9.0414474e-16   9.3968750e-02   9.3968750e-02
   3.1000000e+01   2.1000000e+01   7.6333263e-16   5.5546875e-02   5.5546875e-02
   3.2000000e+01   2.1000000e+01   9.6502708e-16   9.4781250e-02   9.4781250e-02
   3.3000000e+01   2.1000000e+01   1.3437497e-15   1.7754687e-01   1.7754687e-01
   3.4000000e+01   2.1000000e+01   1.5431246e-15   2.3062500e-01   2.3062500e-01
   3.5000000e+01   2.1000000e+01   1.7100498e-15   2.3815625e-01   2.3815625e-01
   3.6000000e+01   2.1000000e+01   1.7459165e-15   2.5793750e-01   2.5793750e-01
   3.7000000e+01   2.1000000e+01   1.5494022e-15   2.3481250e-01   2.3481250e-01
   3.8000000e+01   2.1000000e+01   1.6151420e-15   2.3176562e-01   2.3176562e-01
   3.9000000e+01   2.1000000e+01   1.5763832e-15   2.2034375e-01   2.2034375e-01
   4.0000000e+01   2.1000000e+01   1.4155853e-15   1.9817187e-01   1.9817187e-01
   4.1000000e+01   2.1000000e+01   1.6024510e-15   2.3500000e-01   2.3500000e-01
   4.2000000e+01   2.1000000e+01   1.5940275e-15   2.4381250e-01   2.4381250e-01
   4.3000000e+01   2.1000000e+01   1.7065205e-15   2.3970312e-01   2.3970312e-01
   4.4000000e+01   2.1000000e+01   1.7327991e-15   2.4851562e-01   2.4851562e-01
   4.5000000e+01   2.1000000e+01   1.4906736e-15   2.2756250e-01   2.2756250e-01
   4.6000000e+01   2.1000000e+01   1.2665012e-15   1.5353125e-01   1.5353125e-01
   4.7000000e+01   2.1000000e+01   8.8421313e-16   8.1218750e-02   8.1218750e-02
