   1.0000000e+00   1.0000000e+00   4.7962065e-16   1.6734375e-02   1.6734375e-02
   2.0000000e+00   1.0000000e+00   4.5462020e-16   2.0718750e-02   2.0718750e-02
   3.0000000e+00   1.0000000e+00   2.3925803e-15   4.9671875e-02   4.9671875e-02
   4.0000000e+00   1.0000000e+00   4.7836405e-16   1.5296875e-02   1.5296875e-02
   5.0000000e+00   1.0000000e+00   3.5168928e-16   1.1609375e-02   1.1609375e-02
   1.0000000e+00   2.0000000e+00   3.2133714e-16   9.2031250e-03   9.2031250e-03
   2.0000000e+00   2.0000000e+00   2.4566173e-16   8.1406250e-03   8.1406250e-03
   3.0000000e+00   2.0000000e+00   2.2201373e-15   4.8921875e-02   4.8921875e-02
   4.0000000e+00   2.0000000e+00   2.1961680e-15   4.6703125e-02   4.6703125e-02
   5.0000000e+00   2.0000000e+00   2.2616073e-15   4.4546875e-02   4.4546875e-02
   1.0000000e+00   3.0000000e+00   2.9184767e-15   5.5921875e-02   5.5921875e-02
   2.0000000e+00   3.0000000e+00   6.1729016e-15   1.0067187e-01   1.0067187e-01
   3.0000000e+00   3.0000000e+00   1.1624147e-15   3.1968750e-02   3.1968750e-02
   4.0000000e+00   3.0000000e+00   4.9659760e-16   1.3718750e-02   1.3718750e-02
   5.0000000e+00   3.0000000e+00   4.5805514e-16   1.5156250e-02   1.5156250e-02
   1.0000000e+00   4.0000000e+00   9.8261704e-16   2.0609375e-02   2.0609375e-02
   2.0000000e+00   4.0000000e+00   8.8689299e-16   1.9593750e-02   1.9593750e-02
   3.0000000e+00   4.0000000e+00   3.6782545e-16   1.1703125e-02   1.1703125e-02
   4.0000000e+00   4.0000000e+00   3.4945493e-16   1.2093750e-02   1.2093750e-02
   5.0000000e+00   4.0000000e+00   4.9621013e-16   1.5656250e-02   1.5656250e-02
   1.0000000e+00   5.0000000e+00   5.9567871e-16   1.7796875e-02   1.7796875e-02
   2.0000000e+00   5.0000000e+00   2.9299439e-16   1.7484375e-02   1.7484375e-02
   3.0000000e+00   5.0000000e+00   3.1857207e-16   1.3250000e-02   1.3250000e-02
   4.0000000e+00   5.0000000e+00   3.1938177e-16   1.2546875e-02   1.2546875e-02
   5.0000000e+00   5.0000000e+00   4.4343475e-16   1.2531250e-02   1.2531250e-02
   1.0000000e+00   6.0000000e+00   2.7295151e-16   1.0953125e-02   1.0953125e-02
   2.0000000e+00   6.0000000e+00   2.8140362e-16   9.9218750e-03   9.9218750e-03
   3.0000000e+00   6.0000000e+00   6.4105532e-16   2.3375000e-02   2.3375000e-02
   4.0000000e+00   6.0000000e+00   5.3797080e-16   1.3609375e-02   1.3609375e-02
   5.0000000e+00   6.0000000e+00   7.2335009e-16   1.6531250e-02   1.6531250e-02
   1.0000000e+00   7.0000000e+00   2.4664148e-16   8.7187500e-03   8.7187500e-03
   2.0000000e+00   7.0000000e+00   2.7990692e-16   8.8437500e-03   8.8437500e-03
   3.0000000e+00   7.0000000e+00   2.4927230e-16   6.6250000e-03   6.6250000e-03
   4.0000000e+00   7.0000000e+00   3.1068161e-16   8.8281250e-03   8.8281250e-03
   5.0000000e+00   7.0000000e+00   3.3435486e-16   8.4375000e-03   8.4375000e-03
   1.0000000e+00   8.0000000e+00   4.6968387e-16   1.1328125e-02   1.1328125e-02
   2.0000000e+00   8.0000000e+00   2.6990895e-16   1.0109375e-02   1.0109375e-02
   3.0000000e+00   8.0000000e+00   5.0410106e-16   1.1671875e-02   1.1671875e-02
   4.0000000e+00   8.0000000e+00   7.5059473e-16   1.7937500e-02   1.7937500e-02
   5.0000000e+00   8.0000000e+00   7.5359654e-16   1.3234375e-02   1.3234375e-02
   1.0000000e+00   9.0000000e+00   3.9219493e-16   1.1078125e-02   1.1078125e-02
   2.0000000e+00   9.0000000e+00   3.6920067e-16   9.9843750e-03   9.9843750e-03
   3.0000000e+00   9.0000000e+00   1.2129835e-15   1.6000000e-02   1.6000000e-02
   4.0000000e+00   9.0000000e+00   4.1842379e-16   1.0140625e-02   1.0140625e-02
   5.0000000e+00   9.0000000e+00   4.0342492e-16   1.4484375e-02   1.4484375e-02
   1.0000000e+00   1.0000000e+01   3.6780729e-16   1.3015625e-02   1.3015625e-02
   2.0000000e+00   1.0000000e+01   3.4836853e-16   1.1187500e-02   1.1187500e-02
   3.0000000e+00   1.0000000e+01   3.6023209e-16   1.0828125e-02   1.0828125e-02
   4.0000000e+00   1.0000000e+01   3.9008814e-16   1.0031250e-02   1.0031250e-02
   5.0000000e+00   1.0000000e+01   2.9777152e-16   1.1031250e-02   1.1031250e-02
   1.0000000e+00   1.1000000e+01   4.2586898e-16   1.3484375e-02   1.3484375e-02
   2.0000000e+00   1.1000000e+01   4.2796720e-16   1.3359375e-02   1.3359375e-02
   3.0000000e+00   1.1000000e+01   6.9323506e-16   1.7656250e-02   1.7656250e-02
   4.0000000e+00   1.1000000e+01   2.9590583e-16   9.0156250e-03   9.0156250e-03
   5.0000000e+00   1.1000000e+01   4.7600331e-16   1.3812500e-02   1.3812500e-02
   1.0000000e+00   1.2000000e+01   1.1622700e-15   1.8796875e-02   1.8796875e-02
   2.0000000e+00   1.2000000e+01   3.3922435e-16   1.0640625e-02   1.0640625e-02
   3.0000000e+00   1.2000000e+01   2.2922160e-16   9.8750000e-03   9.8750000e-03
   4.0000000e+00   1.2000000e+01   2.4476638e-16   9.1718750e-03   9.1718750e-03
   5.0000000e+00   1.2000000e+01   2.8582866e-16   1.0921875e-02   1.0921875e-02
   1.0000000e+00   1.3000000e+01   2.8959469e-16   1.0812500e-02   1.0812500e-02
   2.0000000e+00   1.3000000e+01   2.5239787e-16   8.8281250e-03   8.8281250e-03
   3.0000000e+00   1.3000000e+01   3.1566747e-16   9.0937500e-03   9.0937500e-03
   4.0000000e+00   1.3000000e+01   2.6211080e-16   1.0000000e-02   1.0000000e-02
   5.0000000e+00   1.3000000e+01   2.4657749e-16   7.6093750e-03   7.6093750e-03
