   1.0000000e+00   1.0000000e+00   9.2210467e-16   9.4859375e-02   9.4859375e-02
   2.0000000e+00   1.0000000e+00   9.6702618e-16   1.3185937e-01   1.3185937e-01
   3.0000000e+00   1.0000000e+00   4.1689003e-16   2.2140625e-02   2.2140625e-02
   4.0000000e+00   1.0000000e+00   5.8566305e-16   5.7281250e-02   5.7281250e-02
   5.0000000e+00   1.0000000e+00   5.7475562e-16   8.9281250e-02   8.9281250e-02
   6.0000000e+00   1.0000000e+00   9.6200665e-16   6.3296875e-02   6.3296875e-02
   7.0000000e+00   1.0000000e+00   7.1014495e-16   6.2109375e-02   6.2109375e-02
   8.0000000e+00   1.0000000e+00   1.0823481e-15   5.0687500e-02   5.0687500e-02
   9.0000000e+00   1.0000000e+00   5.5614741e-16   3.4812500e-02   3.4812500e-02
   1.0000000e+00   2.0000000e+00   9.3674665e-16   1.1039062e-01   1.1039062e-01
   2.0000000e+00   2.0000000e+00   1.0319438e-15   1.3200000e-01   1.3200000e-01
   3.0000000e+00   2.0000000e+00   7.9323241e-16   3.1968750e-02   3.1968750e-02
   4.0000000e+00   2.0000000e+00   1.3209977e-15   1.0728125e-01   1.0728125e-01
   5.0000000e+00   2.0000000e+00   1.0932643e-15   1.1503125e-01   1.1503125e-01
   6.0000000e+00   2.0000000e+00   8.9060495e-16   9.3109375e-02   9.3109375e-02
   7.0000000e+00   2.0000000e+00   1.0843213e-15   1.6385937e-01   1.6385937e-01
   8.0000000e+00   2.0000000e+00   7.8313662e-16   3.2859375e-02   3.2859375e-02
   9.0000000e+00   2.0000000e+00   9.3120588e-16   1.3179687e-01   1.3179687e-01
   1.0000000e+00   3.0000000e+00   7.3079678e-16   6.5937500e-02   6.5937500e-02
   2.0000000e+00   3.0000000e+00   8.8719784e-16   1.0167187e-01   1.0167187e-01
   3.0000000e+00   3.0000000e+00   7.7719274e-16   4.1312500e-02   4.1312500e-02
   4.0000000e+00   3.0000000e+00   8.0644363e-16   1.2314062e-01   1.2314062e-01
   5.0000000e+00   3.0000000e+00   9.0846767e-16   1.0482812e-01   1.0482812e-01
   6.0000000e+00   3.0000000e+00   9.7113683e-16   1.0190625e-01   1.0190625e-01
   7.0000000e+00   3.0000000e+00   9.6148153e-16   1.4242187e-01   1.4242187e-01
   8.0000000e+00   3.0000000e+00   6.8151605e-16   6.2015625e-02   6.2015625e-02
   9.0000000e+00   3.0000000e+00   1.2626116e-15   2.0585937e-01   2.0585937e-01
   1.0000000e+00   4.0000000e+00   1.1284889e-15   2.0882812e-01   2.0882812e-01
   2.0000000e+00   4.0000000e+00   1.2141424e-15   2.2760937e-01   2.2760937e-01
   3.0000000e+00   4.0000000e+00   4.9622549e-16   3.1312500e-02   3.1312500e-02
   4.0000000e+00   4.0000000e+00   8.6513910e-16   1.1384375e-01   1.1384375e-01
   5.0000000e+00   4.0000000e+00   9.9815305e-16   1.7037500e-01   1.7037500e-01
   6.0000000e+00   4.0000000e+00   8.7376113e-16   1.1425000e-01   1.1425000e-01
   7.0000000e+00   4.0000000e+00   7.0277023e-16   6.9156250e-02   6.9156250e-02
   8.0000000e+00   4.0000000e+00   6.4864717e-16   1.8421875e-02   1.8421875e-02
   9.0000000e+00   4.0000000e+00   6.3178981e-16   5.0406250e-02   5.0406250e-02
   1.0000000e+00   5.0000000e+00   1.1562169e-15   2.1925000e-01   2.1925000e-01
   2.0000000e+00   5.0000000e+00   9.0507975e-16   1.4676562e-01   1.4676562e-01
   3.0000000e+00   5.0000000e+00   5.0283983e-16   3.6953125e-02   3.6953125e-02
   4.0000000e+00   5.0000000e+00   9.0883199e-16   1.3660937e-01   1.3660937e-01
   5.0000000e+00   5.0000000e+00   1.0795503e-15   1.7465625e-01   1.7465625e-01
   6.0000000e+00   5.0000000e+00   1.0001742e-15   1.6378125e-01   1.6378125e-01
   7.0000000e+00   5.0000000e+00   1.1283216e-15   2.0464062e-01   2.0464062e-01
   8.0000000e+00   5.0000000e+00   6.8114544e-16   6.2187500e-02   6.2187500e-02
   9.0000000e+00   5.0000000e+00   1.3612574e-15   2.3635937e-01   2.3635937e-01
