   1.0000000e+00   1.0000000e+00   6.0299551e-16   7.3906250e-03   7.3906250e-03
   2.0000000e+00   1.0000000e+00   5.9581245e-16   7.3906250e-03   7.3906250e-03
   3.0000000e+00   1.0000000e+00   5.8415135e-16   7.1875000e-03   7.1875000e-03
   4.0000000e+00   1.0000000e+00   5.9689120e-16   7.1406250e-03   7.1406250e-03
   5.0000000e+00   1.0000000e+00   6.0661073e-16   7.3906250e-03   7.3906250e-03
   6.0000000e+00   1.0000000e+00   6.1771367e-16   7.7968750e-03   7.7968750e-03
   7.0000000e+00   1.0000000e+00   6.1060665e-16   7.6718750e-03   7.6718750e-03
   1.0000000e+00   2.0000000e+00   5.9687817e-16   7.2343750e-03   7.2343750e-03
   2.0000000e+00   2.0000000e+00   6.1791748e-16   7.6093750e-03   7.6093750e-03
   3.0000000e+00   2.0000000e+00   6.0392726e-16   7.2812500e-03   7.2812500e-03
   4.0000000e+00   2.0000000e+00   6.0880254e-16   7.6250000e-03   7.6250000e-03
   5.0000000e+00   2.0000000e+00   6.0782202e-16   7.3125000e-03   7.3125000e-03
   6.0000000e+00   2.0000000e+00   6.0420986e-16   7.8437500e-03   7.8437500e-03
   7.0000000e+00   2.0000000e+00   6.0559173e-16   7.6562500e-03   7.6562500e-03
   1.0000000e+00   3.0000000e+00   6.1421584e-16   7.5468750e-03   7.5468750e-03
   2.0000000e+00   3.0000000e+00   6.0043778e-16   7.2968750e-03   7.2968750e-03
   3.0000000e+00   3.0000000e+00   6.1721559e-16   7.6093750e-03   7.6093750e-03
   4.0000000e+00   3.0000000e+00   6.1424973e-16   7.5937500e-03   7.5937500e-03
   5.0000000e+00   3.0000000e+00   6.0666677e-16   7.3750000e-03   7.3750000e-03
   6.0000000e+00   3.0000000e+00   6.2304388e-16   7.6718750e-03   7.6718750e-03
   7.0000000e+00   3.0000000e+00   6.2380500e-16   7.6093750e-03   7.6093750e-03
   1.0000000e+00   4.0000000e+00   6.1874715e-16   7.5468750e-03   7.5468750e-03
   2.0000000e+00   4.0000000e+00   6.2843036e-16   7.7343750e-03   7.7343750e-03
   3.0000000e+00   4.0000000e+00   6.2020445e-16   7.7343750e-03   7.7343750e-03
   4.0000000e+00   4.0000000e+00   6.3349123e-16   7.6093750e-03   7.6093750e-03
   5.0000000e+00   4.0000000e+00   6.2113801e-16   7.6093750e-03   7.6093750e-03
   6.0000000e+00   4.0000000e+00   6.1689651e-16   7.8906250e-03   7.8906250e-03
   7.0000000e+00   4.0000000e+00   5.9937077e-16   7.5937500e-03   7.5937500e-03
   1.0000000e+00   5.0000000e+00   6.2609943e-16   7.8750000e-03   7.8750000e-03
   2.0000000e+00   5.0000000e+00   6.4246896e-16   8.5156250e-03   8.5156250e-03
   3.0000000e+00   5.0000000e+00   6.2713151e-16   8.1875000e-03   8.1875000e-03
   4.0000000e+00   5.0000000e+00   6.2205085e-16   8.0781250e-03   8.0781250e-03
   5.0000000e+00   5.0000000e+00   5.9649282e-16   7.5312500e-03   7.5312500e-03
   6.0000000e+00   5.0000000e+00   6.2433957e-16   7.7031250e-03   7.7031250e-03
   7.0000000e+00   5.0000000e+00   6.2210976e-16   7.9687500e-03   7.9687500e-03
