   1.0000000e+00   1.0000000e+00   1.5288436e-16   4.1250000e-03   4.1250000e-03
   2.0000000e+00   1.0000000e+00   1.1755610e-16   4.1875000e-03   4.1875000e-03
   3.0000000e+00   1.0000000e+00   2.3108484e-16   6.6875000e-03   6.6875000e-03
   4.0000000e+00   1.0000000e+00   1.0237506e-16   3.2187500e-03   3.2187500e-03
   5.0000000e+00   1.0000000e+00   1.4875925e-16   3.9687500e-03   3.9687500e-03
   6.0000000e+00   1.0000000e+00   2.1832915e-16   6.3437500e-03   6.3437500e-03
   7.0000000e+00   1.0000000e+00   1.8085137e-16   5.3125000e-03   5.3125000e-03
   8.0000000e+00   1.0000000e+00   2.7140498e-16   6.9375000e-03   6.9375000e-03
   9.0000000e+00   1.0000000e+00   1.4866566e-16   4.3125000e-03   4.3125000e-03
   1.0000000e+01   1.0000000e+00   2.4657181e-16   6.0937500e-03   6.0937500e-03
   1.1000000e+01   1.0000000e+00   1.1352529e-16   3.8125000e-03   3.8125000e-03
   1.2000000e+01   1.0000000e+00   1.6819107e-16   5.3437500e-03   5.3437500e-03
   1.3000000e+01   1.0000000e+00   2.6188460e-16   5.8437500e-03   5.8437500e-03
   1.4000000e+01   1.0000000e+00   1.0949659e-16   4.3437500e-03   4.3437500e-03
   1.5000000e+01   1.0000000e+00   1.3779152e-16   4.2187500e-03   4.2187500e-03
   1.6000000e+01   1.0000000e+00   2.8718906e-16   6.1562500e-03   6.1562500e-03
   1.7000000e+01   1.0000000e+00   2.2069889e-16   5.8437500e-03   5.8437500e-03
   1.8000000e+01   1.0000000e+00   1.3255565e-16   4.9687500e-03   4.9687500e-03
   1.9000000e+01   1.0000000e+00   9.3605717e-17   3.0937500e-03   3.0937500e-03
   2.0000000e+01   1.0000000e+00   1.6943082e-16   5.0000000e-03   5.0000000e-03
   2.1000000e+01   1.0000000e+00   2.3545392e-16   4.5937500e-03   4.5937500e-03
   2.2000000e+01   1.0000000e+00   2.9222306e-16   6.0312500e-03   6.0312500e-03
   2.3000000e+01   1.0000000e+00   1.6543115e-16   4.6562500e-03   4.6562500e-03
   2.4000000e+01   1.0000000e+00   1.4120749e-16   3.8750000e-03   3.8750000e-03
   2.5000000e+01   1.0000000e+00   1.3849121e-16   4.9687500e-03   4.9687500e-03
   2.6000000e+01   1.0000000e+00   1.8951491e-16   5.0937500e-03   5.0937500e-03
   2.7000000e+01   1.0000000e+00   2.0241504e-16   5.2187500e-03   5.2187500e-03
   2.8000000e+01   1.0000000e+00   2.1535100e-16   6.0937500e-03   6.0937500e-03
   2.9000000e+01   1.0000000e+00   2.7050678e-16   5.4062500e-03   5.4062500e-03
   3.0000000e+01   1.0000000e+00   2.3107483e-16   6.0000000e-03   6.0000000e-03
   3.1000000e+01   1.0000000e+00   2.5984004e-16   5.3125000e-03   5.3125000e-03
   3.2000000e+01   1.0000000e+00   2.4566539e-16   6.2812500e-03   6.2812500e-03
   3.3000000e+01   1.0000000e+00   2.4185404e-16   5.5625000e-03   5.5625000e-03
   3.4000000e+01   1.0000000e+00   1.4664681e-16   4.9687500e-03   4.9687500e-03
   3.5000000e+01   1.0000000e+00   1.0088252e-16   4.2187500e-03   4.2187500e-03
   1.0000000e+00   2.0000000e+00   2.4349089e-16   6.1875000e-03   6.1875000e-03
   2.0000000e+00   2.0000000e+00   3.1092109e-16   5.6875000e-03   5.6875000e-03
   3.0000000e+00   2.0000000e+00   2.1727356e-16   5.4375000e-03   5.4375000e-03
   4.0000000e+00   2.0000000e+00   1.6343459e-16   5.1562500e-03   5.1562500e-03
   5.0000000e+00   2.0000000e+00   2.6735036e-16   6.5312500e-03   6.5312500e-03
   6.0000000e+00   2.0000000e+00   1.2715558e-16   4.2500000e-03   4.2500000e-03
   7.0000000e+00   2.0000000e+00   2.0503325e-16   5.4062500e-03   5.4062500e-03
   8.0000000e+00   2.0000000e+00   3.1278935e-16   6.7500000e-03   6.7500000e-03
   9.0000000e+00   2.0000000e+00   1.4103718e-16   5.9375000e-03   5.9375000e-03
   1.0000000e+01   2.0000000e+00   2.0995610e-16   6.3437500e-03   6.3437500e-03
   1.1000000e+01   2.0000000e+00   2.6365142e-16   5.9062500e-03   5.9062500e-03
   1.2000000e+01   2.0000000e+00   2.4665122e-16   6.0000000e-03   6.0000000e-03
   1.3000000e+01   2.0000000e+00   6.3827654e-17   2.8125000e-03   2.8125000e-03
   1.4000000e+01   2.0000000e+00   1.8689431e-16   6.0000000e-03   6.0000000e-03
   1.5000000e+01   2.0000000e+00   3.3181107e-16   5.9375000e-03   5.9375000e-03
   1.6000000e+01   2.0000000e+00   6.8157119e-17   3.0312500e-03   3.0312500e-03
   1.7000000e+01   2.0000000e+00   1.8649416e-16   5.6250000e-03   5.6250000e-03
   1.8000000e+01   2.0000000e+00   2.0933195e-16   5.3750000e-03   5.3750000e-03
   1.9000000e+01   2.0000000e+00   1.3876400e-16   3.9375000e-03   3.9375000e-03
   2.0000000e+01   2.0000000e+00   3.0573584e-16   5.5937500e-03   5.5937500e-03
   2.1000000e+01   2.0000000e+00   1.7245235e-16   5.9375000e-03   5.9375000e-03
   2.2000000e+01   2.0000000e+00   2.0950697e-16   5.9062500e-03   5.9062500e-03
   2.3000000e+01   2.0000000e+00   2.7790669e-16   6.1250000e-03   6.1250000e-03
   2.4000000e+01   2.0000000e+00   1.8624035e-16   4.6562500e-03   4.6562500e-03
   2.5000000e+01   2.0000000e+00   1.4943134e-16   4.2812500e-03   4.2812500e-03
   2.6000000e+01   2.0000000e+00   1.8305850e-16   4.8750000e-03   4.8750000e-03
   2.7000000e+01   2.0000000e+00   3.0256287e-16   6.0937500e-03   6.0937500e-03
   2.8000000e+01   2.0000000e+00   1.9534159e-16   4.5937500e-03   4.5937500e-03
   2.9000000e+01   2.0000000e+00   1.4131627e-16   4.8750000e-03   4.8750000e-03
   3.0000000e+01   2.0000000e+00   2.2528475e-16   5.8437500e-03   5.8437500e-03
   3.1000000e+01   2.0000000e+00   3.0075852e-16   6.4062500e-03   6.4062500e-03
   3.2000000e+01   2.0000000e+00   8.8733919e-17   3.8437500e-03   3.8437500e-03
   3.3000000e+01   2.0000000e+00   1.7241040e-16   4.5312500e-03   4.5312500e-03
   3.4000000e+01   2.0000000e+00   2.2584593e-16   5.2812500e-03   5.2812500e-03
   3.5000000e+01   2.0000000e+00   2.7701810e-16   6.5625000e-03   6.5625000e-03
   1.0000000e+00   3.0000000e+00   1.9439260e-16   4.8437500e-03   4.8437500e-03
   2.0000000e+00   3.0000000e+00   2.6103594e-16   6.0000000e-03   6.0000000e-03
   3.0000000e+00   3.0000000e+00   2.0667193e-16   5.2812500e-03   5.2812500e-03
   4.0000000e+00   3.0000000e+00   1.0646452e-16   4.6875000e-03   4.6875000e-03
   5.0000000e+00   3.0000000e+00   2.9999008e-16   6.4375000e-03   6.4375000e-03
   6.0000000e+00   3.0000000e+00   1.9719691e-16   5.0000000e-03   5.0000000e-03
   7.0000000e+00   3.0000000e+00   1.7968434e-16   5.7812500e-03   5.7812500e-03
   8.0000000e+00   3.0000000e+00   3.4684161e-16   6.3437500e-03   6.3437500e-03
   9.0000000e+00   3.0000000e+00   6.2464031e-17   2.4375000e-03   2.4375000e-03
   1.0000000e+01   3.0000000e+00   2.4334404e-16   5.4062500e-03   5.4062500e-03
   1.1000000e+01   3.0000000e+00   3.1089764e-16   8.0937500e-03   8.0937500e-03
   1.2000000e+01   3.0000000e+00   8.6989089e-17   2.9687500e-03   2.9687500e-03
   1.3000000e+01   3.0000000e+00   2.0255654e-16   5.3750000e-03   5.3750000e-03
   1.4000000e+01   3.0000000e+00   1.4489532e-16   4.9062500e-03   4.9062500e-03
   1.5000000e+01   3.0000000e+00   2.0880059e-16   5.7500000e-03   5.7500000e-03
   1.6000000e+01   3.0000000e+00   2.3968465e-16   5.6250000e-03   5.6250000e-03
   1.7000000e+01   3.0000000e+00   1.8272664e-16   4.3750000e-03   4.3750000e-03
   1.8000000e+01   3.0000000e+00   2.9984251e-16   6.8437500e-03   6.8437500e-03
   1.9000000e+01   3.0000000e+00   1.2428582e-16   3.7812500e-03   3.7812500e-03
   2.0000000e+01   3.0000000e+00   2.3899186e-16   7.8437500e-03   7.8437500e-03
   2.1000000e+01   3.0000000e+00   3.1524076e-16   6.7187500e-03   6.7187500e-03
   2.2000000e+01   3.0000000e+00   7.8171704e-17   3.9375000e-03   3.9375000e-03
   2.3000000e+01   3.0000000e+00   2.3195191e-16   5.4687500e-03   5.4687500e-03
   2.4000000e+01   3.0000000e+00   1.8769013e-16   5.2187500e-03   5.2187500e-03
   2.5000000e+01   3.0000000e+00   2.2115604e-16   6.5000000e-03   6.5000000e-03
   2.6000000e+01   3.0000000e+00   3.5471097e-16   6.6875000e-03   6.6875000e-03
   2.7000000e+01   3.0000000e+00   1.2268429e-16   4.1562500e-03   4.1562500e-03
   2.8000000e+01   3.0000000e+00   2.1776494e-16   6.5312500e-03   6.5312500e-03
   2.9000000e+01   3.0000000e+00   3.6057882e-16   7.9062500e-03   7.9062500e-03
   3.0000000e+01   3.0000000e+00   2.1145310e-16   5.0937500e-03   5.0937500e-03
   3.1000000e+01   3.0000000e+00   1.8595172e-16   4.9375000e-03   4.9375000e-03
   3.2000000e+01   3.0000000e+00   2.4660339e-16   6.7500000e-03   6.7500000e-03
   3.3000000e+01   3.0000000e+00   3.3458861e-16   7.3437500e-03   7.3437500e-03
   3.4000000e+01   3.0000000e+00   8.3810494e-17   3.6250000e-03   3.6250000e-03
   3.5000000e+01   3.0000000e+00   1.4522376e-16   4.4062500e-03   4.4062500e-03
   1.0000000e+00   4.0000000e+00   1.2913826e-16   4.5312500e-03   4.5312500e-03
   2.0000000e+00   4.0000000e+00   3.1857645e-16   5.9687500e-03   5.9687500e-03
   3.0000000e+00   4.0000000e+00   1.3780336e-16   4.3437500e-03   4.3437500e-03
   4.0000000e+00   4.0000000e+00   1.6749374e-16   4.4687500e-03   4.4687500e-03
   5.0000000e+00   4.0000000e+00   2.8359057e-16   6.5000000e-03   6.5000000e-03
   6.0000000e+00   4.0000000e+00   2.1549512e-16   5.5625000e-03   5.5625000e-03
   7.0000000e+00   4.0000000e+00   1.7281723e-16   4.5625000e-03   4.5625000e-03
   8.0000000e+00   4.0000000e+00   2.2533268e-16   6.0625000e-03   6.0625000e-03
   9.0000000e+00   4.0000000e+00   2.7749224e-16   6.9375000e-03   6.9375000e-03
   1.0000000e+01   4.0000000e+00   2.0343424e-16   5.5000000e-03   5.5000000e-03
   1.1000000e+01   4.0000000e+00   2.6368223e-16   5.9062500e-03   5.9062500e-03
   1.2000000e+01   4.0000000e+00   1.0931970e-16   3.5312500e-03   3.5312500e-03
   1.3000000e+01   4.0000000e+00   2.5692968e-16   7.2500000e-03   7.2500000e-03
   1.4000000e+01   4.0000000e+00   1.7363269e-16   5.1250000e-03   5.1250000e-03
   1.5000000e+01   4.0000000e+00   1.9117821e-16   5.2187500e-03   5.2187500e-03
   1.6000000e+01   4.0000000e+00   9.7515256e-17   3.5312500e-03   3.5312500e-03
   1.7000000e+01   4.0000000e+00   2.5848932e-16   7.4687500e-03   7.4687500e-03
   1.8000000e+01   4.0000000e+00   1.7117962e-16   5.8750000e-03   5.8750000e-03
   1.9000000e+01   4.0000000e+00   3.2405563e-16   6.8437500e-03   6.8437500e-03
   2.0000000e+01   4.0000000e+00   1.7942675e-16   5.0312500e-03   5.0312500e-03
   2.1000000e+01   4.0000000e+00   2.0349943e-16   5.6250000e-03   5.6250000e-03
   2.2000000e+01   4.0000000e+00   3.2816502e-16   8.5625000e-03   8.5625000e-03
   2.3000000e+01   4.0000000e+00   1.3579194e-16   5.3750000e-03   5.3750000e-03
   2.4000000e+01   4.0000000e+00   2.0695934e-16   5.3125000e-03   5.3125000e-03
   2.5000000e+01   4.0000000e+00   3.5918715e-16   6.5937500e-03   6.5937500e-03
   2.6000000e+01   4.0000000e+00   1.9059644e-16   6.5000000e-03   6.5000000e-03
   2.7000000e+01   4.0000000e+00   2.0382688e-16   4.9375000e-03   4.9375000e-03
   2.8000000e+01   4.0000000e+00   1.6770252e-16   5.1562500e-03   5.1562500e-03
   2.9000000e+01   4.0000000e+00   2.4043386e-16   6.3125000e-03   6.3125000e-03
   3.0000000e+01   4.0000000e+00   1.6145883e-16   6.0312500e-03   6.0312500e-03
   3.1000000e+01   4.0000000e+00   3.1382544e-16   8.3437500e-03   8.3437500e-03
   3.2000000e+01   4.0000000e+00   7.3264342e-17   3.0000000e-03   3.0000000e-03
   3.3000000e+01   4.0000000e+00   2.9324310e-16   6.6562500e-03   6.6562500e-03
   3.4000000e+01   4.0000000e+00   1.4679122e-16   5.1562500e-03   5.1562500e-03
   3.5000000e+01   4.0000000e+00   1.8730311e-16   5.5000000e-03   5.5000000e-03
   1.0000000e+00   5.0000000e+00   1.6479802e-16   5.4375000e-03   5.4375000e-03
   2.0000000e+00   5.0000000e+00   2.8897934e-16   6.2812500e-03   6.2812500e-03
   3.0000000e+00   5.0000000e+00   1.5380798e-16   4.5312500e-03   4.5312500e-03
   4.0000000e+00   5.0000000e+00   2.3031841e-16   5.5312500e-03   5.5312500e-03
   5.0000000e+00   5.0000000e+00   1.6558372e-16   5.4375000e-03   5.4375000e-03
   6.0000000e+00   5.0000000e+00   2.3352571e-16   6.4687500e-03   6.4687500e-03
   7.0000000e+00   5.0000000e+00   2.0148650e-16   5.4375000e-03   5.4375000e-03
   8.0000000e+00   5.0000000e+00   1.2711091e-16   4.0312500e-03   4.0312500e-03
   9.0000000e+00   5.0000000e+00   2.7019661e-16   6.0312500e-03   6.0312500e-03
   1.0000000e+01   5.0000000e+00   1.5576104e-16   4.4062500e-03   4.4062500e-03
   1.1000000e+01   5.0000000e+00   2.5752900e-16   6.9062500e-03   6.9062500e-03
   1.2000000e+01   5.0000000e+00   2.0947805e-16   5.7812500e-03   5.7812500e-03
   1.3000000e+01   5.0000000e+00   1.7213147e-16   4.5937500e-03   4.5937500e-03
   1.4000000e+01   5.0000000e+00   3.2376288e-16   7.6250000e-03   7.6250000e-03
   1.5000000e+01   5.0000000e+00   1.8365465e-16   5.0625000e-03   5.0625000e-03
   1.6000000e+01   5.0000000e+00   1.3651432e-16   4.7812500e-03   4.7812500e-03
   1.7000000e+01   5.0000000e+00   2.4538058e-16   5.2812500e-03   5.2812500e-03
   1.8000000e+01   5.0000000e+00   1.1786176e-16   4.3125000e-03   4.3125000e-03
   1.9000000e+01   5.0000000e+00   2.4752818e-16   7.2500000e-03   7.2500000e-03
   2.0000000e+01   5.0000000e+00   2.1054221e-16   5.6562500e-03   5.6562500e-03
   2.1000000e+01   5.0000000e+00   2.3861301e-16   7.0312500e-03   7.0312500e-03
   2.2000000e+01   5.0000000e+00   2.5661464e-16   7.0937500e-03   7.0937500e-03
   2.3000000e+01   5.0000000e+00   1.8806379e-16   4.7812500e-03   4.7812500e-03
   2.4000000e+01   5.0000000e+00   3.9704519e-16   8.1250000e-03   8.1250000e-03
   2.5000000e+01   5.0000000e+00   1.2571346e-16   3.8750000e-03   3.8750000e-03
   2.6000000e+01   5.0000000e+00   2.4204580e-16   6.3125000e-03   6.3125000e-03
   2.7000000e+01   5.0000000e+00   2.6894297e-16   5.2500000e-03   5.2500000e-03
   2.8000000e+01   5.0000000e+00   1.8599972e-16   4.7187500e-03   4.7187500e-03
   2.9000000e+01   5.0000000e+00   3.1658081e-16   6.5312500e-03   6.5312500e-03
   3.0000000e+01   5.0000000e+00   2.0195146e-16   4.4062500e-03   4.4062500e-03
   3.1000000e+01   5.0000000e+00   1.6227628e-16   4.3125000e-03   4.3125000e-03
   3.2000000e+01   5.0000000e+00   2.3726926e-16   6.5312500e-03   6.5312500e-03
   3.3000000e+01   5.0000000e+00   2.7737746e-16   5.6562500e-03   5.6562500e-03
   3.4000000e+01   5.0000000e+00   2.6184259e-16   5.6562500e-03   5.6562500e-03
   3.5000000e+01   5.0000000e+00   2.4197567e-16   5.6875000e-03   5.6875000e-03
   1.0000000e+00   6.0000000e+00   1.8611066e-16   4.6875000e-03   4.6875000e-03
   2.0000000e+00   6.0000000e+00   1.7080488e-16   6.0000000e-03   6.0000000e-03
   3.0000000e+00   6.0000000e+00   1.2903273e-16   5.1875000e-03   5.1875000e-03
   4.0000000e+00   6.0000000e+00   3.4281480e-16   8.2812500e-03   8.2812500e-03
   5.0000000e+00   6.0000000e+00   3.2524980e-16   7.7187500e-03   7.7187500e-03
   6.0000000e+00   6.0000000e+00   2.2731202e-16   5.7812500e-03   5.7812500e-03
   7.0000000e+00   6.0000000e+00   2.2745220e-16   5.4062500e-03   5.4062500e-03
   8.0000000e+00   6.0000000e+00   3.2704072e-16   7.2187500e-03   7.2187500e-03
   9.0000000e+00   6.0000000e+00   1.9259958e-16   5.7812500e-03   5.7812500e-03
   1.0000000e+01   6.0000000e+00   1.4648350e-16   6.1562500e-03   6.1562500e-03
   1.1000000e+01   6.0000000e+00   2.8506790e-16   6.0625000e-03   6.0625000e-03
   1.2000000e+01   6.0000000e+00   2.5703609e-16   8.5000000e-03   8.5000000e-03
   1.3000000e+01   6.0000000e+00   3.4135160e-16   7.2187500e-03   7.2187500e-03
   1.4000000e+01   6.0000000e+00   2.8980677e-16   6.1562500e-03   6.1562500e-03
   1.5000000e+01   6.0000000e+00   2.6548251e-16   6.6562500e-03   6.6562500e-03
   1.6000000e+01   6.0000000e+00   1.8401268e-16   4.7500000e-03   4.7500000e-03
   1.7000000e+01   6.0000000e+00   1.6387159e-16   4.2500000e-03   4.2500000e-03
   1.8000000e+01   6.0000000e+00   1.8860031e-16   5.7812500e-03   5.7812500e-03
   1.9000000e+01   6.0000000e+00   2.2432617e-16   6.1875000e-03   6.1875000e-03
   2.0000000e+01   6.0000000e+00   1.7879355e-16   6.6562500e-03   6.6562500e-03
   2.1000000e+01   6.0000000e+00   2.8848059e-16   7.7187500e-03   7.7187500e-03
   2.2000000e+01   6.0000000e+00   3.0477011e-16   6.4062500e-03   6.4062500e-03
   2.3000000e+01   6.0000000e+00   1.3986054e-16   5.4062500e-03   5.4062500e-03
   2.4000000e+01   6.0000000e+00   3.0132711e-16   7.8125000e-03   7.8125000e-03
   2.5000000e+01   6.0000000e+00   2.4620157e-16   6.7187500e-03   6.7187500e-03
   2.6000000e+01   6.0000000e+00   1.6824074e-16   4.7187500e-03   4.7187500e-03
   2.7000000e+01   6.0000000e+00   9.6720748e-17   3.5000000e-03   3.5000000e-03
   2.8000000e+01   6.0000000e+00   1.9818819e-16   6.0000000e-03   6.0000000e-03
   2.9000000e+01   6.0000000e+00   3.2669660e-16   8.2500000e-03   8.2500000e-03
   3.0000000e+01   6.0000000e+00   2.3080821e-16   7.8750000e-03   7.8750000e-03
   3.1000000e+01   6.0000000e+00   5.0892696e-17   2.9375000e-03   2.9375000e-03
   3.2000000e+01   6.0000000e+00   2.6306543e-16   6.2812500e-03   6.2812500e-03
   3.3000000e+01   6.0000000e+00   2.5338452e-16   5.6562500e-03   5.6562500e-03
   3.4000000e+01   6.0000000e+00   8.7351061e-17   3.5000000e-03   3.5000000e-03
   3.5000000e+01   6.0000000e+00   2.5705395e-16   5.7812500e-03   5.7812500e-03
   1.0000000e+00   7.0000000e+00   2.1485359e-16   7.7187500e-03   7.7187500e-03
   2.0000000e+00   7.0000000e+00   1.5784253e-16   4.1562500e-03   4.1562500e-03
   3.0000000e+00   7.0000000e+00   3.5562938e-16   7.2500000e-03   7.2500000e-03
   4.0000000e+00   7.0000000e+00   1.9625521e-16   5.5937500e-03   5.5937500e-03
   5.0000000e+00   7.0000000e+00   4.0442870e-16   8.9687500e-03   8.9687500e-03
   6.0000000e+00   7.0000000e+00   1.5301759e-16   4.9062500e-03   4.9062500e-03
   7.0000000e+00   7.0000000e+00   1.7726479e-16   5.1562500e-03   5.1562500e-03
   8.0000000e+00   7.0000000e+00   1.7653528e-16   5.2812500e-03   5.2812500e-03
   9.0000000e+00   7.0000000e+00   1.6267011e-16   4.5625000e-03   4.5625000e-03
   1.0000000e+01   7.0000000e+00   2.4948573e-16   5.2500000e-03   5.2500000e-03
   1.1000000e+01   7.0000000e+00   1.6378692e-16   5.1562500e-03   5.1562500e-03
   1.2000000e+01   7.0000000e+00   2.2459693e-16   6.1562500e-03   6.1562500e-03
   1.3000000e+01   7.0000000e+00   1.5120984e-16   5.1875000e-03   5.1875000e-03
   1.4000000e+01   7.0000000e+00   2.9311965e-16   6.4062500e-03   6.4062500e-03
   1.5000000e+01   7.0000000e+00   8.1615441e-17   3.8125000e-03   3.8125000e-03
   1.6000000e+01   7.0000000e+00   3.7607640e-16   7.0000000e-03   7.0000000e-03
   1.7000000e+01   7.0000000e+00   2.7153875e-16   5.9687500e-03   5.9687500e-03
   1.8000000e+01   7.0000000e+00   1.8021290e-16   5.4687500e-03   5.4687500e-03
   1.9000000e+01   7.0000000e+00   2.9368205e-16   7.4062500e-03   7.4062500e-03
   2.0000000e+01   7.0000000e+00   2.1580445e-16   4.7187500e-03   4.7187500e-03
   2.1000000e+01   7.0000000e+00   3.6923177e-16   6.3125000e-03   6.3125000e-03
   2.2000000e+01   7.0000000e+00   3.2799859e-16   7.8750000e-03   7.8750000e-03
   2.3000000e+01   7.0000000e+00   1.2028545e-16   4.0625000e-03   4.0625000e-03
   2.4000000e+01   7.0000000e+00   3.3099601e-16   6.5937500e-03   6.5937500e-03
   2.5000000e+01   7.0000000e+00   3.4949609e-16   6.0312500e-03   6.0312500e-03
   2.6000000e+01   7.0000000e+00   3.4134123e-16   7.2812500e-03   7.2812500e-03
   2.7000000e+01   7.0000000e+00   1.3117301e-16   5.0625000e-03   5.0625000e-03
   2.8000000e+01   7.0000000e+00   2.1877378e-16   5.9062500e-03   5.9062500e-03
   2.9000000e+01   7.0000000e+00   3.1708555e-16   5.8750000e-03   5.8750000e-03
   3.0000000e+01   7.0000000e+00   3.5092124e-16   6.6250000e-03   6.6250000e-03
   3.1000000e+01   7.0000000e+00   2.7575127e-16   6.8437500e-03   6.8437500e-03
   3.2000000e+01   7.0000000e+00   1.8978994e-16   6.1875000e-03   6.1875000e-03
   3.3000000e+01   7.0000000e+00   9.9862858e-17   4.0625000e-03   4.0625000e-03
   3.4000000e+01   7.0000000e+00   1.5984383e-16   5.4375000e-03   5.4375000e-03
   3.5000000e+01   7.0000000e+00   2.4481303e-16   6.1250000e-03   6.1250000e-03
   1.0000000e+00   8.0000000e+00   2.0581378e-16   5.0000000e-03   5.0000000e-03
   2.0000000e+00   8.0000000e+00   1.8841156e-16   4.4375000e-03   4.4375000e-03
   3.0000000e+00   8.0000000e+00   8.2949298e-17   3.0312500e-03   3.0312500e-03
   4.0000000e+00   8.0000000e+00   2.7454979e-16   6.6875000e-03   6.6875000e-03
   5.0000000e+00   8.0000000e+00   2.3259762e-16   5.2187500e-03   5.2187500e-03
   6.0000000e+00   8.0000000e+00   1.8072404e-16   4.8750000e-03   4.8750000e-03
   7.0000000e+00   8.0000000e+00   1.4782492e-16   5.1250000e-03   5.1250000e-03
   8.0000000e+00   8.0000000e+00   2.2893773e-16   6.1250000e-03   6.1250000e-03
   9.0000000e+00   8.0000000e+00   3.2920160e-16   6.2187500e-03   6.2187500e-03
   1.0000000e+01   8.0000000e+00   2.8989274e-16   6.6562500e-03   6.6562500e-03
   1.1000000e+01   8.0000000e+00   2.2258741e-16   6.8125000e-03   6.8125000e-03
   1.2000000e+01   8.0000000e+00   2.5325814e-16   6.5625000e-03   6.5625000e-03
   1.3000000e+01   8.0000000e+00   2.0177142e-16   6.8750000e-03   6.8750000e-03
   1.4000000e+01   8.0000000e+00   1.7912051e-16   5.3437500e-03   5.3437500e-03
   1.5000000e+01   8.0000000e+00   1.9922982e-16   5.0937500e-03   5.0937500e-03
   1.6000000e+01   8.0000000e+00   2.5596937e-16   5.5312500e-03   5.5312500e-03
   1.7000000e+01   8.0000000e+00   3.1905994e-16   6.2812500e-03   6.2812500e-03
   1.8000000e+01   8.0000000e+00   3.2666344e-16   6.3437500e-03   6.3437500e-03
   1.9000000e+01   8.0000000e+00   3.0341814e-16   6.9062500e-03   6.9062500e-03
   2.0000000e+01   8.0000000e+00   2.9759588e-16   7.3437500e-03   7.3437500e-03
   2.1000000e+01   8.0000000e+00   1.5998968e-16   4.6250000e-03   4.6250000e-03
   2.2000000e+01   8.0000000e+00   1.1188488e-16   4.1875000e-03   4.1875000e-03
   2.3000000e+01   8.0000000e+00   2.3295278e-16   6.0625000e-03   6.0625000e-03
   2.4000000e+01   8.0000000e+00   1.9288919e-16   4.5937500e-03   4.5937500e-03
   2.5000000e+01   8.0000000e+00   2.2862690e-16   5.3750000e-03   5.3750000e-03
   2.6000000e+01   8.0000000e+00   2.9956551e-16   6.0000000e-03   6.0000000e-03
   2.7000000e+01   8.0000000e+00   3.0901462e-16   6.0937500e-03   6.0937500e-03
   2.8000000e+01   8.0000000e+00   3.4988328e-16   7.9062500e-03   7.9062500e-03
   2.9000000e+01   8.0000000e+00   2.9048308e-16   6.1250000e-03   6.1250000e-03
   3.0000000e+01   8.0000000e+00   2.7496420e-16   5.5937500e-03   5.5937500e-03
   3.1000000e+01   8.0000000e+00   2.8697606e-16   6.1250000e-03   6.1250000e-03
   3.2000000e+01   8.0000000e+00   2.8915277e-16   5.6250000e-03   5.6250000e-03
   3.3000000e+01   8.0000000e+00   9.0114807e-17   3.1875000e-03   3.1875000e-03
   3.4000000e+01   8.0000000e+00   2.4621076e-16   6.1250000e-03   6.1250000e-03
   3.5000000e+01   8.0000000e+00   3.2739015e-16   6.4375000e-03   6.4375000e-03
   1.0000000e+00   9.0000000e+00   2.0184928e-16   5.1250000e-03   5.1250000e-03
   2.0000000e+00   9.0000000e+00   7.4530167e-17   3.3750000e-03   3.3750000e-03
   3.0000000e+00   9.0000000e+00   1.7175661e-16   5.4062500e-03   5.4062500e-03
   4.0000000e+00   9.0000000e+00   1.5894082e-16   4.4375000e-03   4.4375000e-03
   5.0000000e+00   9.0000000e+00   2.5661836e-16   6.1562500e-03   6.1562500e-03
   6.0000000e+00   9.0000000e+00   2.6384940e-16   5.8437500e-03   5.8437500e-03
   7.0000000e+00   9.0000000e+00   2.9520947e-16   6.2812500e-03   6.2812500e-03
   8.0000000e+00   9.0000000e+00   3.6586869e-16   6.4687500e-03   6.4687500e-03
   9.0000000e+00   9.0000000e+00   3.3386043e-16   7.7187500e-03   7.7187500e-03
   1.0000000e+01   9.0000000e+00   1.2391991e-16   5.6562500e-03   5.6562500e-03
   1.1000000e+01   9.0000000e+00   1.1154830e-16   3.8125000e-03   3.8125000e-03
   1.2000000e+01   9.0000000e+00   2.6887297e-16   5.6250000e-03   5.6250000e-03
   1.3000000e+01   9.0000000e+00   3.1824349e-16   7.3437500e-03   7.3437500e-03
   1.4000000e+01   9.0000000e+00   3.8229499e-16   7.3750000e-03   7.3750000e-03
   1.5000000e+01   9.0000000e+00   3.3655712e-16   6.4062500e-03   6.4062500e-03
   1.6000000e+01   9.0000000e+00   3.2500619e-16   6.0312500e-03   6.0312500e-03
   1.7000000e+01   9.0000000e+00   2.1162813e-16   5.1562500e-03   5.1562500e-03
   1.8000000e+01   9.0000000e+00   1.5627248e-16   5.1875000e-03   5.1875000e-03
   1.9000000e+01   9.0000000e+00   8.2861954e-17   3.6250000e-03   3.6250000e-03
   2.0000000e+01   9.0000000e+00   2.6646727e-16   6.5312500e-03   6.5312500e-03
   2.1000000e+01   9.0000000e+00   2.7417541e-16   7.0625000e-03   7.0625000e-03
   2.2000000e+01   9.0000000e+00   2.5576290e-16   5.6875000e-03   5.6875000e-03
   2.3000000e+01   9.0000000e+00   3.4952767e-16   6.0000000e-03   6.0000000e-03
   2.4000000e+01   9.0000000e+00   3.0243773e-16   6.0625000e-03   6.0625000e-03
   2.5000000e+01   9.0000000e+00   1.2201333e-16   4.7500000e-03   4.7500000e-03
   2.6000000e+01   9.0000000e+00   2.8731112e-16   7.3125000e-03   7.3125000e-03
   2.7000000e+01   9.0000000e+00   3.8273012e-16   8.0625000e-03   8.0625000e-03
   2.8000000e+01   9.0000000e+00   1.7391754e-16   4.7812500e-03   4.7812500e-03
   2.9000000e+01   9.0000000e+00   2.2809089e-16   5.8437500e-03   5.8437500e-03
   3.0000000e+01   9.0000000e+00   4.5310953e-16   8.3125000e-03   8.3125000e-03
   3.1000000e+01   9.0000000e+00   3.2071591e-16   6.6250000e-03   6.6250000e-03
   3.2000000e+01   9.0000000e+00   1.1610116e-16   4.0937500e-03   4.0937500e-03
   3.3000000e+01   9.0000000e+00   2.7296954e-16   6.7812500e-03   6.7812500e-03
   3.4000000e+01   9.0000000e+00   3.5068849e-16   7.4062500e-03   7.4062500e-03
   3.5000000e+01   9.0000000e+00   3.3667963e-16   7.1562500e-03   7.1562500e-03
   1.0000000e+00   1.0000000e+01   2.5527051e-16   5.9687500e-03   5.9687500e-03
   2.0000000e+00   1.0000000e+01   3.6238898e-16   8.2187500e-03   8.2187500e-03
   3.0000000e+00   1.0000000e+01   3.5559412e-16   7.0000000e-03   7.0000000e-03
   4.0000000e+00   1.0000000e+01   2.3573922e-16   5.1875000e-03   5.1875000e-03
   5.0000000e+00   1.0000000e+01   7.3513391e-17   2.9062500e-03   2.9062500e-03
   6.0000000e+00   1.0000000e+01   1.7037853e-16   5.3125000e-03   5.3125000e-03
   7.0000000e+00   1.0000000e+01   2.2407383e-16   4.3437500e-03   4.3437500e-03
   8.0000000e+00   1.0000000e+01   3.7282373e-16   6.6875000e-03   6.6875000e-03
   9.0000000e+00   1.0000000e+01   2.4787973e-16   6.0000000e-03   6.0000000e-03
   1.0000000e+01   1.0000000e+01   2.1103230e-16   6.2812500e-03   6.2812500e-03
   1.1000000e+01   1.0000000e+01   3.0483716e-16   5.9062500e-03   5.9062500e-03
   1.2000000e+01   1.0000000e+01   4.0229048e-16   6.6875000e-03   6.6875000e-03
   1.3000000e+01   1.0000000e+01   2.8154449e-16   6.1250000e-03   6.1250000e-03
   1.4000000e+01   1.0000000e+01   1.7950842e-16   5.3125000e-03   5.3125000e-03
   1.5000000e+01   1.0000000e+01   3.4861966e-16   6.4375000e-03   6.4375000e-03
   1.6000000e+01   1.0000000e+01   1.0346338e-16   3.8125000e-03   3.8125000e-03
   1.7000000e+01   1.0000000e+01   3.1617063e-16   5.9687500e-03   5.9687500e-03
   1.8000000e+01   1.0000000e+01   2.4316398e-16   6.9375000e-03   6.9375000e-03
   1.9000000e+01   1.0000000e+01   2.7409816e-16   6.6875000e-03   6.6875000e-03
   2.0000000e+01   1.0000000e+01   3.3218712e-16   6.2500000e-03   6.2500000e-03
   2.1000000e+01   1.0000000e+01   3.6382140e-16   6.6250000e-03   6.6250000e-03
   2.2000000e+01   1.0000000e+01   3.0631927e-16   6.0937500e-03   6.0937500e-03
   2.3000000e+01   1.0000000e+01   1.2701461e-16   4.2812500e-03   4.2812500e-03
   2.4000000e+01   1.0000000e+01   2.6852408e-16   6.2500000e-03   6.2500000e-03
   2.5000000e+01   1.0000000e+01   3.1875738e-16   6.3125000e-03   6.3125000e-03
   2.6000000e+01   1.0000000e+01   3.2476309e-16   6.5937500e-03   6.5937500e-03
   2.7000000e+01   1.0000000e+01   3.6356335e-16   7.1562500e-03   7.1562500e-03
   2.8000000e+01   1.0000000e+01   3.0681093e-16   6.1562500e-03   6.1562500e-03
   2.9000000e+01   1.0000000e+01   2.5301523e-16   7.0312500e-03   7.0312500e-03
   3.0000000e+01   1.0000000e+01   2.6959991e-16   6.2812500e-03   6.2812500e-03
   3.1000000e+01   1.0000000e+01   2.6748605e-16   6.4375000e-03   6.4375000e-03
   3.2000000e+01   1.0000000e+01   3.1483760e-16   6.2812500e-03   6.2812500e-03
   3.3000000e+01   1.0000000e+01   3.3500146e-16   7.6250000e-03   7.6250000e-03
   3.4000000e+01   1.0000000e+01   1.5749281e-16   5.3750000e-03   5.3750000e-03
   3.5000000e+01   1.0000000e+01   3.6946498e-16   7.9687500e-03   7.9687500e-03
   1.0000000e+00   1.1000000e+01   2.5809021e-16   6.4062500e-03   6.4062500e-03
   2.0000000e+00   1.1000000e+01   1.5738375e-16   4.8437500e-03   4.8437500e-03
   3.0000000e+00   1.1000000e+01   1.7821099e-16   5.4062500e-03   5.4062500e-03
   4.0000000e+00   1.1000000e+01   3.7542377e-16   7.2500000e-03   7.2500000e-03
   5.0000000e+00   1.1000000e+01   3.9754462e-16   6.9687500e-03   6.9687500e-03
   6.0000000e+00   1.1000000e+01   3.7641772e-16   7.3125000e-03   7.3125000e-03
   7.0000000e+00   1.1000000e+01   3.8712217e-16   7.6562500e-03   7.6562500e-03
   8.0000000e+00   1.1000000e+01   3.8589669e-16   6.4375000e-03   6.4375000e-03
   9.0000000e+00   1.1000000e+01   3.5087118e-16   7.1250000e-03   7.1250000e-03
   1.0000000e+01   1.1000000e+01   3.1062365e-16   6.4062500e-03   6.4062500e-03
   1.1000000e+01   1.1000000e+01   3.0341027e-16   6.7812500e-03   6.7812500e-03
   1.2000000e+01   1.1000000e+01   2.6449760e-16   6.9375000e-03   6.9375000e-03
   1.3000000e+01   1.1000000e+01   2.2077150e-16   5.2500000e-03   5.2500000e-03
   1.4000000e+01   1.1000000e+01   2.1476199e-16   4.5937500e-03   4.5937500e-03
   1.5000000e+01   1.1000000e+01   2.7911831e-16   6.8437500e-03   6.8437500e-03
   1.6000000e+01   1.1000000e+01   3.3421967e-16   6.6250000e-03   6.6250000e-03
   1.7000000e+01   1.1000000e+01   3.3969035e-16   6.6875000e-03   6.6875000e-03
   1.8000000e+01   1.1000000e+01   3.7157667e-16   6.7812500e-03   6.7812500e-03
   1.9000000e+01   1.1000000e+01   3.9116346e-16   7.5000000e-03   7.5000000e-03
   2.0000000e+01   1.1000000e+01   3.7997113e-16   8.8125000e-03   8.8125000e-03
   2.1000000e+01   1.1000000e+01   2.9091633e-16   6.2812500e-03   6.2812500e-03
   2.2000000e+01   1.1000000e+01   2.9435638e-16   6.4687500e-03   6.4687500e-03
   2.3000000e+01   1.1000000e+01   1.2561935e-16   5.6562500e-03   5.6562500e-03
   2.4000000e+01   1.1000000e+01   2.5253654e-16   4.9375000e-03   4.9375000e-03
   2.5000000e+01   1.1000000e+01   3.5474888e-16   6.8125000e-03   6.8125000e-03
   2.6000000e+01   1.1000000e+01   3.5378643e-16   7.2500000e-03   7.2500000e-03
   2.7000000e+01   1.1000000e+01   2.3566859e-16   6.0937500e-03   6.0937500e-03
   2.8000000e+01   1.1000000e+01   1.0581706e-16   3.3750000e-03   3.3750000e-03
   2.9000000e+01   1.1000000e+01   2.4297370e-16   6.0937500e-03   6.0937500e-03
   3.0000000e+01   1.1000000e+01   3.8750902e-16   7.5625000e-03   7.5625000e-03
   3.1000000e+01   1.1000000e+01   3.1480584e-16   7.0312500e-03   7.0312500e-03
   3.2000000e+01   1.1000000e+01   1.9603419e-16   5.3437500e-03   5.3437500e-03
   3.3000000e+01   1.1000000e+01   3.5995413e-16   7.4375000e-03   7.4375000e-03
   3.4000000e+01   1.1000000e+01   3.0293153e-16   5.8437500e-03   5.8437500e-03
   3.5000000e+01   1.1000000e+01   1.1289761e-16   3.9375000e-03   3.9375000e-03
   1.0000000e+00   1.2000000e+01   3.4772534e-16   7.3750000e-03   7.3750000e-03
   2.0000000e+00   1.2000000e+01   3.9545645e-16   6.9062500e-03   6.9062500e-03
   3.0000000e+00   1.2000000e+01   2.0707621e-16   5.5000000e-03   5.5000000e-03
   4.0000000e+00   1.2000000e+01   1.1674198e-16   4.4375000e-03   4.4375000e-03
   5.0000000e+00   1.2000000e+01   2.5986040e-16   5.7812500e-03   5.7812500e-03
   6.0000000e+00   1.2000000e+01   3.1482288e-16   6.4687500e-03   6.4687500e-03
   7.0000000e+00   1.2000000e+01   1.6046614e-16   5.9687500e-03   5.9687500e-03
   8.0000000e+00   1.2000000e+01   7.7620526e-17   3.8750000e-03   3.8750000e-03
   9.0000000e+00   1.2000000e+01   8.2368089e-17   3.0312500e-03   3.0312500e-03
   1.0000000e+01   1.2000000e+01   1.1240405e-16   3.8750000e-03   3.8750000e-03
   1.1000000e+01   1.2000000e+01   1.3627861e-16   5.2187500e-03   5.2187500e-03
   1.2000000e+01   1.2000000e+01   2.2840932e-16   6.4375000e-03   6.4375000e-03
   1.3000000e+01   1.2000000e+01   2.8913653e-16   6.1250000e-03   6.1250000e-03
   1.4000000e+01   1.2000000e+01   2.9942756e-16   6.3750000e-03   6.3750000e-03
   1.5000000e+01   1.2000000e+01   2.7462365e-16   6.6250000e-03   6.6250000e-03
   1.6000000e+01   1.2000000e+01   2.7911687e-16   6.3437500e-03   6.3437500e-03
   1.7000000e+01   1.2000000e+01   2.7928307e-16   5.6250000e-03   5.6250000e-03
   1.8000000e+01   1.2000000e+01   2.7563340e-16   5.9687500e-03   5.9687500e-03
   1.9000000e+01   1.2000000e+01   2.7172747e-16   6.6562500e-03   6.6562500e-03
   2.0000000e+01   1.2000000e+01   1.7685363e-16   5.5625000e-03   5.5625000e-03
   2.1000000e+01   1.2000000e+01   7.6357514e-17   2.8437500e-03   2.8437500e-03
   2.2000000e+01   1.2000000e+01   2.4674592e-16   6.5625000e-03   6.5625000e-03
   2.3000000e+01   1.2000000e+01   2.2013973e-16   6.0312500e-03   6.0312500e-03
   2.4000000e+01   1.2000000e+01   2.8964527e-16   6.1250000e-03   6.1250000e-03
   2.5000000e+01   1.2000000e+01   3.7496130e-16   6.9062500e-03   6.9062500e-03
   2.6000000e+01   1.2000000e+01   1.2472559e-16   4.1250000e-03   4.1250000e-03
   2.7000000e+01   1.2000000e+01   2.1492168e-16   6.0000000e-03   6.0000000e-03
   2.8000000e+01   1.2000000e+01   2.6042949e-16   5.8750000e-03   5.8750000e-03
   2.9000000e+01   1.2000000e+01   3.6296796e-16   6.5312500e-03   6.5312500e-03
   3.0000000e+01   1.2000000e+01   3.4427990e-16   7.2187500e-03   7.2187500e-03
   3.1000000e+01   1.2000000e+01   8.5430729e-17   3.4062500e-03   3.4062500e-03
   3.2000000e+01   1.2000000e+01   2.2154593e-16   5.3437500e-03   5.3437500e-03
   3.3000000e+01   1.2000000e+01   3.5065758e-16   7.6562500e-03   7.6562500e-03
   3.4000000e+01   1.2000000e+01   2.0603692e-16   6.3125000e-03   6.3125000e-03
   3.5000000e+01   1.2000000e+01   2.1508379e-16   5.7500000e-03   5.7500000e-03
   1.0000000e+00   1.3000000e+01   2.6115360e-16   6.0625000e-03   6.0625000e-03
   2.0000000e+00   1.3000000e+01   2.0197125e-16   4.7187500e-03   4.7187500e-03
   3.0000000e+00   1.3000000e+01   1.3318011e-16   4.3125000e-03   4.3125000e-03
   4.0000000e+00   1.3000000e+01   2.1594355e-16   6.2187500e-03   6.2187500e-03
   5.0000000e+00   1.3000000e+01   3.5246026e-16   6.0000000e-03   6.0000000e-03
   6.0000000e+00   1.3000000e+01   8.6213222e-17   3.6562500e-03   3.6562500e-03
   7.0000000e+00   1.3000000e+01   2.6917002e-16   6.9687500e-03   6.9687500e-03
   8.0000000e+00   1.3000000e+01   2.8092665e-16   7.6875000e-03   7.6875000e-03
   9.0000000e+00   1.3000000e+01   2.8375279e-16   6.2187500e-03   6.2187500e-03
   1.0000000e+01   1.3000000e+01   1.8787802e-16   5.0312500e-03   5.0312500e-03
   1.1000000e+01   1.3000000e+01   2.0608053e-16   4.9687500e-03   4.9687500e-03
   1.2000000e+01   1.3000000e+01   3.3047407e-16   7.0937500e-03   7.0937500e-03
   1.3000000e+01   1.3000000e+01   3.1456566e-16   6.4687500e-03   6.4687500e-03
   1.4000000e+01   1.3000000e+01   3.1430808e-16   6.6250000e-03   6.6250000e-03
   1.5000000e+01   1.3000000e+01   2.5858220e-16   5.2187500e-03   5.2187500e-03
   1.6000000e+01   1.3000000e+01   2.0125112e-16   5.3125000e-03   5.3125000e-03
   1.7000000e+01   1.3000000e+01   1.1465951e-16   4.1875000e-03   4.1875000e-03
   1.8000000e+01   1.3000000e+01   2.3239857e-16   5.3437500e-03   5.3437500e-03
   1.9000000e+01   1.3000000e+01   1.9419613e-16   7.1562500e-03   7.1562500e-03
   2.0000000e+01   1.3000000e+01   3.0715379e-16   6.8750000e-03   6.8750000e-03
   2.1000000e+01   1.3000000e+01   3.5786766e-16   6.5312500e-03   6.5312500e-03
   2.2000000e+01   1.3000000e+01   3.7981655e-16   6.7500000e-03   6.7500000e-03
   2.3000000e+01   1.3000000e+01   4.0650764e-16   7.9375000e-03   7.9375000e-03
   2.4000000e+01   1.3000000e+01   4.0350593e-16   9.0625000e-03   9.0625000e-03
   2.5000000e+01   1.3000000e+01   3.7753524e-16   8.2812500e-03   8.2812500e-03
   2.6000000e+01   1.3000000e+01   3.3895681e-16   6.3125000e-03   6.3125000e-03
   2.7000000e+01   1.3000000e+01   3.3930250e-16   6.8437500e-03   6.8437500e-03
   2.8000000e+01   1.3000000e+01   2.7347633e-16   5.6875000e-03   5.6875000e-03
   2.9000000e+01   1.3000000e+01   2.2527813e-16   6.1250000e-03   6.1250000e-03
   3.0000000e+01   1.3000000e+01   8.8919264e-17   3.9687500e-03   3.9687500e-03
   3.1000000e+01   1.3000000e+01   1.9850992e-16   5.3750000e-03   5.3750000e-03
   3.2000000e+01   1.3000000e+01   2.4050944e-16   5.8125000e-03   5.8125000e-03
   3.3000000e+01   1.3000000e+01   3.1460018e-16   6.8750000e-03   6.8750000e-03
   3.4000000e+01   1.3000000e+01   2.9633596e-16   7.3125000e-03   7.3125000e-03
   3.5000000e+01   1.3000000e+01   2.5108531e-16   6.3750000e-03   6.3750000e-03
   1.0000000e+00   1.4000000e+01   1.0300770e-16   3.6875000e-03   3.6875000e-03
   2.0000000e+00   1.4000000e+01   1.0514441e-16   3.8125000e-03   3.8125000e-03
   3.0000000e+00   1.4000000e+01   1.4549545e-16   5.0937500e-03   5.0937500e-03
   4.0000000e+00   1.4000000e+01   2.2818713e-16   5.8125000e-03   5.8125000e-03
   5.0000000e+00   1.4000000e+01   3.0685876e-16   7.5000000e-03   7.5000000e-03
   6.0000000e+00   1.4000000e+01   3.6297435e-16   6.8437500e-03   6.8437500e-03
   7.0000000e+00   1.4000000e+01   2.9152018e-16   5.7187500e-03   5.7187500e-03
   8.0000000e+00   1.4000000e+01   2.8512446e-16   5.8125000e-03   5.8125000e-03
   9.0000000e+00   1.4000000e+01   1.1518773e-16   4.3750000e-03   4.3750000e-03
   1.0000000e+01   1.4000000e+01   2.2512002e-16   6.0625000e-03   6.0625000e-03
   1.1000000e+01   1.4000000e+01   3.8626721e-16   6.4062500e-03   6.4062500e-03
   1.2000000e+01   1.4000000e+01   2.4641590e-16   5.3125000e-03   5.3125000e-03
   1.3000000e+01   1.4000000e+01   1.6657992e-16   5.5312500e-03   5.5312500e-03
   1.4000000e+01   1.4000000e+01   1.2495033e-16   4.6875000e-03   4.6875000e-03
   1.5000000e+01   1.4000000e+01   1.8745312e-16   5.3750000e-03   5.3750000e-03
   1.6000000e+01   1.4000000e+01   3.3297347e-16   6.8750000e-03   6.8750000e-03
   1.7000000e+01   1.4000000e+01   3.5911961e-16   7.2812500e-03   7.2812500e-03
   1.8000000e+01   1.4000000e+01   2.3162230e-16   5.2500000e-03   5.2500000e-03
   1.9000000e+01   1.4000000e+01   2.3423980e-16   6.3750000e-03   6.3750000e-03
   2.0000000e+01   1.4000000e+01   2.5082448e-16   7.2812500e-03   7.2812500e-03
   2.1000000e+01   1.4000000e+01   3.0324083e-16   6.9687500e-03   6.9687500e-03
   2.2000000e+01   1.4000000e+01   9.1000473e-17   3.2500000e-03   3.2500000e-03
   2.3000000e+01   1.4000000e+01   1.9921848e-16   5.1562500e-03   5.1562500e-03
   2.4000000e+01   1.4000000e+01   3.4449268e-16   7.0937500e-03   7.0937500e-03
   2.5000000e+01   1.4000000e+01   2.7557457e-16   6.8125000e-03   6.8125000e-03
   2.6000000e+01   1.4000000e+01   1.0132579e-16   4.9375000e-03   4.9375000e-03
   2.7000000e+01   1.4000000e+01   1.9733060e-16   5.3437500e-03   5.3437500e-03
   2.8000000e+01   1.4000000e+01   3.2774254e-16   6.5312500e-03   6.5312500e-03
   2.9000000e+01   1.4000000e+01   1.2672400e-16   5.3437500e-03   5.3437500e-03
   3.0000000e+01   1.4000000e+01   3.5395073e-16   7.4687500e-03   7.4687500e-03
   3.1000000e+01   1.4000000e+01   1.6170218e-16   4.6250000e-03   4.6250000e-03
   3.2000000e+01   1.4000000e+01   3.4423533e-16   7.2187500e-03   7.2187500e-03
   3.3000000e+01   1.4000000e+01   1.8909530e-16   6.1250000e-03   6.1250000e-03
   3.4000000e+01   1.4000000e+01   3.0412385e-16   6.5937500e-03   6.5937500e-03
   3.5000000e+01   1.4000000e+01   1.1570141e-16   4.3750000e-03   4.3750000e-03
   1.0000000e+00   1.5000000e+01   2.0452822e-16   6.3125000e-03   6.3125000e-03
   2.0000000e+00   1.5000000e+01   1.9432210e-16   5.6875000e-03   5.6875000e-03
   3.0000000e+00   1.5000000e+01   3.9335686e-16   6.4687500e-03   6.4687500e-03
   4.0000000e+00   1.5000000e+01   6.8910830e-17   3.0312500e-03   3.0312500e-03
   5.0000000e+00   1.5000000e+01   2.4472504e-16   6.0937500e-03   6.0937500e-03
   6.0000000e+00   1.5000000e+01   3.1201331e-16   7.6562500e-03   7.6562500e-03
   7.0000000e+00   1.5000000e+01   1.1795473e-16   4.6875000e-03   4.6875000e-03
   8.0000000e+00   1.5000000e+01   2.1120374e-16   5.6250000e-03   5.6250000e-03
   9.0000000e+00   1.5000000e+01   2.7542000e-16   6.1562500e-03   6.1562500e-03
   1.0000000e+01   1.5000000e+01   3.0989872e-16   6.9062500e-03   6.9062500e-03
   1.1000000e+01   1.5000000e+01   3.6068308e-16   7.1562500e-03   7.1562500e-03
   1.2000000e+01   1.5000000e+01   3.4853920e-16   6.8750000e-03   6.8750000e-03
   1.3000000e+01   1.5000000e+01   2.3727587e-16   4.9375000e-03   4.9375000e-03
   1.4000000e+01   1.5000000e+01   8.9447191e-17   3.7812500e-03   3.7812500e-03
   1.5000000e+01   1.5000000e+01   1.6430944e-16   4.7812500e-03   4.7812500e-03
   1.6000000e+01   1.5000000e+01   3.0155934e-16   6.2500000e-03   6.2500000e-03
   1.7000000e+01   1.5000000e+01   3.5385218e-16   6.5000000e-03   6.5000000e-03
   1.8000000e+01   1.5000000e+01   3.6959220e-16   8.8437500e-03   8.8437500e-03
   1.9000000e+01   1.5000000e+01   2.8317308e-16   6.3125000e-03   6.3125000e-03
   2.0000000e+01   1.5000000e+01   1.9184428e-16   4.6562500e-03   4.6562500e-03
   2.1000000e+01   1.5000000e+01   2.4220569e-16   5.6875000e-03   5.6875000e-03
   2.2000000e+01   1.5000000e+01   3.7504959e-16   7.8125000e-03   7.8125000e-03
   2.3000000e+01   1.5000000e+01   1.8523996e-16   5.7187500e-03   5.7187500e-03
   2.4000000e+01   1.5000000e+01   2.2091672e-16   5.5625000e-03   5.5625000e-03
   2.5000000e+01   1.5000000e+01   3.5557742e-16   7.2812500e-03   7.2812500e-03
   2.6000000e+01   1.5000000e+01   1.9947999e-16   5.4375000e-03   5.4375000e-03
   2.7000000e+01   1.5000000e+01   9.3197104e-17   3.9062500e-03   3.9062500e-03
   2.8000000e+01   1.5000000e+01   1.5004822e-16   4.5000000e-03   4.5000000e-03
   2.9000000e+01   1.5000000e+01   2.0898459e-16   5.9375000e-03   5.9375000e-03
   3.0000000e+01   1.5000000e+01   1.7868654e-16   5.5937500e-03   5.5937500e-03
   3.1000000e+01   1.5000000e+01   1.5809202e-16   4.9062500e-03   4.9062500e-03
   3.2000000e+01   1.5000000e+01   1.2557491e-16   5.0000000e-03   5.0000000e-03
   3.3000000e+01   1.5000000e+01   1.5425946e-16   4.2500000e-03   4.2500000e-03
   3.4000000e+01   1.5000000e+01   1.9973723e-16   4.9687500e-03   4.9687500e-03
   3.5000000e+01   1.5000000e+01   3.2114201e-16   6.6250000e-03   6.6250000e-03
   1.0000000e+00   1.6000000e+01   2.6991425e-16   5.9375000e-03   5.9375000e-03
   2.0000000e+00   1.6000000e+01   1.4108233e-16   4.7187500e-03   4.7187500e-03
   3.0000000e+00   1.6000000e+01   1.6933699e-16   4.9375000e-03   4.9375000e-03
   4.0000000e+00   1.6000000e+01   1.1613315e-16   3.8437500e-03   3.8437500e-03
   5.0000000e+00   1.6000000e+01   1.1444764e-16   4.0312500e-03   4.0312500e-03
   6.0000000e+00   1.6000000e+01   8.7378999e-17   4.5625000e-03   4.5625000e-03
   7.0000000e+00   1.6000000e+01   1.1762511e-16   3.7500000e-03   3.7500000e-03
   8.0000000e+00   1.6000000e+01   1.4227561e-16   4.4375000e-03   4.4375000e-03
   9.0000000e+00   1.6000000e+01   2.8507509e-16   6.5000000e-03   6.5000000e-03
   1.0000000e+01   1.6000000e+01   2.7547466e-16   6.2812500e-03   6.2812500e-03
   1.1000000e+01   1.6000000e+01   2.5978674e-16   6.2500000e-03   6.2500000e-03
   1.2000000e+01   1.6000000e+01   8.7312826e-17   3.5937500e-03   3.5937500e-03
   1.3000000e+01   1.6000000e+01   1.5856512e-16   4.3437500e-03   4.3437500e-03
   1.4000000e+01   1.6000000e+01   1.6717059e-16   4.8437500e-03   4.8437500e-03
   1.5000000e+01   1.6000000e+01   1.7136414e-16   5.1875000e-03   5.1875000e-03
   1.6000000e+01   1.6000000e+01   3.2111848e-16   6.1562500e-03   6.1562500e-03
   1.7000000e+01   1.6000000e+01   3.9587176e-16   6.8125000e-03   6.8125000e-03
   1.8000000e+01   1.6000000e+01   3.0221443e-16   6.0937500e-03   6.0937500e-03
   1.9000000e+01   1.6000000e+01   3.0099106e-16   7.4375000e-03   7.4375000e-03
   2.0000000e+01   1.6000000e+01   3.1623905e-16   6.9062500e-03   6.9062500e-03
   2.1000000e+01   1.6000000e+01   2.3504105e-16   6.1562500e-03   6.1562500e-03
   2.2000000e+01   1.6000000e+01   2.2154225e-16   4.9375000e-03   4.9375000e-03
   2.3000000e+01   1.6000000e+01   2.9061553e-16   6.6875000e-03   6.6875000e-03
   2.4000000e+01   1.6000000e+01   1.0116456e-16   3.6875000e-03   3.6875000e-03
   2.5000000e+01   1.6000000e+01   2.3166724e-16   5.3750000e-03   5.3750000e-03
   2.6000000e+01   1.6000000e+01   3.0745354e-16   5.5625000e-03   5.5625000e-03
   2.7000000e+01   1.6000000e+01   3.2324239e-16   7.5625000e-03   7.5625000e-03
   2.8000000e+01   1.6000000e+01   3.8963765e-16   7.1250000e-03   7.1250000e-03
   2.9000000e+01   1.6000000e+01   3.3946660e-16   6.1250000e-03   6.1250000e-03
   3.0000000e+01   1.6000000e+01   2.7700332e-16   5.3750000e-03   5.3750000e-03
   3.1000000e+01   1.6000000e+01   2.4601738e-16   6.2187500e-03   6.2187500e-03
   3.2000000e+01   1.6000000e+01   3.2447593e-16   7.3125000e-03   7.3125000e-03
   3.3000000e+01   1.6000000e+01   7.8988087e-17   3.9375000e-03   3.9375000e-03
   3.4000000e+01   1.6000000e+01   2.6193812e-16   5.5312500e-03   5.5312500e-03
   3.5000000e+01   1.6000000e+01   3.4841630e-16   7.6875000e-03   7.6875000e-03
   1.0000000e+00   1.7000000e+01   2.7723862e-16   7.1250000e-03   7.1250000e-03
   2.0000000e+00   1.7000000e+01   3.1499357e-16   7.2500000e-03   7.2500000e-03
   3.0000000e+00   1.7000000e+01   1.2908517e-16   4.0312500e-03   4.0312500e-03
   4.0000000e+00   1.7000000e+01   3.1654717e-16   6.2500000e-03   6.2500000e-03
   5.0000000e+00   1.7000000e+01   3.7311918e-16   6.5312500e-03   6.5312500e-03
   6.0000000e+00   1.7000000e+01   3.3791179e-16   7.9062500e-03   7.9062500e-03
   7.0000000e+00   1.7000000e+01   2.6912547e-16   6.9687500e-03   6.9687500e-03
   8.0000000e+00   1.7000000e+01   2.6709667e-16   5.7500000e-03   5.7500000e-03
   9.0000000e+00   1.7000000e+01   1.7760535e-16   4.7187500e-03   4.7187500e-03
   1.0000000e+01   1.7000000e+01   1.2998757e-16   4.0937500e-03   4.0937500e-03
   1.1000000e+01   1.7000000e+01   2.7780987e-16   7.2500000e-03   7.2500000e-03
   1.2000000e+01   1.7000000e+01   3.6158349e-16   7.0312500e-03   7.0312500e-03
   1.3000000e+01   1.7000000e+01   4.0241679e-16   6.8125000e-03   6.8125000e-03
   1.4000000e+01   1.7000000e+01   3.6070145e-16   7.5000000e-03   7.5000000e-03
   1.5000000e+01   1.7000000e+01   3.2209178e-16   7.6250000e-03   7.6250000e-03
   1.6000000e+01   1.7000000e+01   3.2815977e-16   6.8125000e-03   6.8125000e-03
   1.7000000e+01   1.7000000e+01   3.1038959e-16   6.0625000e-03   6.0625000e-03
   1.8000000e+01   1.7000000e+01   1.3073381e-16   4.1875000e-03   4.1875000e-03
   1.9000000e+01   1.7000000e+01   2.7213842e-16   6.9375000e-03   6.9375000e-03
   2.0000000e+01   1.7000000e+01   2.5907901e-16   5.8437500e-03   5.8437500e-03
   2.1000000e+01   1.7000000e+01   3.4962423e-16   6.5312500e-03   6.5312500e-03
   2.2000000e+01   1.7000000e+01   3.8883136e-16   7.4062500e-03   7.4062500e-03
   2.3000000e+01   1.7000000e+01   3.8292591e-16   7.3437500e-03   7.3437500e-03
   2.4000000e+01   1.7000000e+01   2.8582991e-16   6.5312500e-03   6.5312500e-03
   2.5000000e+01   1.7000000e+01   2.1279910e-16   4.5000000e-03   4.5000000e-03
   2.6000000e+01   1.7000000e+01   2.2234096e-16   5.5312500e-03   5.5312500e-03
   2.7000000e+01   1.7000000e+01   2.0447322e-16   5.6250000e-03   5.6250000e-03
   2.8000000e+01   1.7000000e+01   2.7348295e-16   6.8125000e-03   6.8125000e-03
   2.9000000e+01   1.7000000e+01   3.1287438e-16   6.4062500e-03   6.4062500e-03
   3.0000000e+01   1.7000000e+01   4.1201400e-16   7.4062500e-03   7.4062500e-03
   3.1000000e+01   1.7000000e+01   3.6789324e-16   7.1250000e-03   7.1250000e-03
   3.2000000e+01   1.7000000e+01   3.8199749e-16   7.2500000e-03   7.2500000e-03
   3.3000000e+01   1.7000000e+01   3.5524041e-16   7.0937500e-03   7.0937500e-03
   3.4000000e+01   1.7000000e+01   2.2585526e-16   5.9687500e-03   5.9687500e-03
   3.5000000e+01   1.7000000e+01   2.7073455e-16   5.7500000e-03   5.7500000e-03
   1.0000000e+00   1.8000000e+01   1.5689268e-16   5.7812500e-03   5.7812500e-03
   2.0000000e+00   1.8000000e+01   2.8565059e-16   5.5312500e-03   5.5312500e-03
   3.0000000e+00   1.8000000e+01   3.2025342e-16   6.1250000e-03   6.1250000e-03
   4.0000000e+00   1.8000000e+01   3.5267682e-16   7.3125000e-03   7.3125000e-03
   5.0000000e+00   1.8000000e+01   3.4632442e-16   6.5937500e-03   6.5937500e-03
   6.0000000e+00   1.8000000e+01   2.6247283e-16   6.3750000e-03   6.3750000e-03
   7.0000000e+00   1.8000000e+01   2.0828280e-16   5.3437500e-03   5.3437500e-03
   8.0000000e+00   1.8000000e+01   2.6454965e-16   6.1250000e-03   6.1250000e-03
   9.0000000e+00   1.8000000e+01   3.3879511e-16   8.0937500e-03   8.0937500e-03
   1.0000000e+01   1.8000000e+01   2.3657083e-16   6.4687500e-03   6.4687500e-03
   1.1000000e+01   1.8000000e+01   1.0518863e-16   4.4375000e-03   4.4375000e-03
   1.2000000e+01   1.8000000e+01   3.2222268e-16   7.0000000e-03   7.0000000e-03
   1.3000000e+01   1.8000000e+01   3.8197615e-16   7.0937500e-03   7.0937500e-03
   1.4000000e+01   1.8000000e+01   2.6298258e-16   6.2500000e-03   6.2500000e-03
   1.5000000e+01   1.8000000e+01   2.3574294e-16   5.5625000e-03   5.5625000e-03
   1.6000000e+01   1.8000000e+01   1.3548776e-16   4.5000000e-03   4.5000000e-03
   1.7000000e+01   1.8000000e+01   9.5405579e-17   4.2187500e-03   4.2187500e-03
   1.8000000e+01   1.8000000e+01   1.1760902e-16   4.3437500e-03   4.3437500e-03
   1.9000000e+01   1.8000000e+01   2.2769517e-16   5.4375000e-03   5.4375000e-03
   2.0000000e+01   1.8000000e+01   2.7629175e-16   6.8437500e-03   6.8437500e-03
   2.1000000e+01   1.8000000e+01   2.5695060e-16   6.8125000e-03   6.8125000e-03
   2.2000000e+01   1.8000000e+01   3.3311522e-16   6.8437500e-03   6.8437500e-03
   2.3000000e+01   1.8000000e+01   3.3402336e-16   6.6875000e-03   6.6875000e-03
   2.4000000e+01   1.8000000e+01   3.1598000e-16   5.7187500e-03   5.7187500e-03
   2.5000000e+01   1.8000000e+01   2.6255534e-16   5.8125000e-03   5.8125000e-03
   2.6000000e+01   1.8000000e+01   2.7813731e-16   5.6875000e-03   5.6875000e-03
   2.7000000e+01   1.8000000e+01   3.5917795e-16   8.6562500e-03   8.6562500e-03
   2.8000000e+01   1.8000000e+01   3.8844563e-16   7.0937500e-03   7.0937500e-03
   2.9000000e+01   1.8000000e+01   3.7410023e-16   7.9062500e-03   7.9062500e-03
   3.0000000e+01   1.8000000e+01   3.3647638e-16   7.1250000e-03   7.1250000e-03
   3.1000000e+01   1.8000000e+01   3.0908928e-16   7.4687500e-03   7.4687500e-03
   3.2000000e+01   1.8000000e+01   3.0443728e-16   5.5312500e-03   5.5312500e-03
   3.3000000e+01   1.8000000e+01   2.9241667e-16   6.7812500e-03   6.7812500e-03
   3.4000000e+01   1.8000000e+01   1.0815733e-16   3.4687500e-03   3.4687500e-03
   3.5000000e+01   1.8000000e+01   2.4754763e-16   5.0625000e-03   5.0625000e-03
   1.0000000e+00   1.9000000e+01   2.0986272e-16   5.4687500e-03   5.4687500e-03
   2.0000000e+00   1.9000000e+01   2.9637429e-16   6.5000000e-03   6.5000000e-03
   3.0000000e+00   1.9000000e+01   1.1926776e-16   4.2812500e-03   4.2812500e-03
   4.0000000e+00   1.9000000e+01   1.1864867e-16   4.2500000e-03   4.2500000e-03
   5.0000000e+00   1.9000000e+01   2.9290219e-16   6.5937500e-03   6.5937500e-03
   6.0000000e+00   1.9000000e+01   2.7096666e-16   6.3750000e-03   6.3750000e-03
   7.0000000e+00   1.9000000e+01   1.8904550e-16   5.8750000e-03   5.8750000e-03
   8.0000000e+00   1.9000000e+01   1.8027387e-16   5.0312500e-03   5.0312500e-03
   9.0000000e+00   1.9000000e+01   2.3431467e-16   5.8750000e-03   5.8750000e-03
   1.0000000e+01   1.9000000e+01   2.7071721e-16   6.4375000e-03   6.4375000e-03
   1.1000000e+01   1.9000000e+01   3.3734283e-16   6.6562500e-03   6.6562500e-03
   1.2000000e+01   1.9000000e+01   3.7032028e-16   7.3750000e-03   7.3750000e-03
   1.3000000e+01   1.9000000e+01   2.5241891e-16   6.1250000e-03   6.1250000e-03
   1.4000000e+01   1.9000000e+01   1.7855127e-16   6.2500000e-03   6.2500000e-03
   1.5000000e+01   1.9000000e+01   3.4735454e-16   6.6875000e-03   6.6875000e-03
   1.6000000e+01   1.9000000e+01   3.6223654e-16   6.9687500e-03   6.9687500e-03
   1.7000000e+01   1.9000000e+01   2.0330072e-16   6.2187500e-03   6.2187500e-03
   1.8000000e+01   1.9000000e+01   2.3888647e-16   7.1875000e-03   7.1875000e-03
   1.9000000e+01   1.9000000e+01   3.1580727e-16   7.4375000e-03   7.4375000e-03
   2.0000000e+01   1.9000000e+01   2.9205970e-16   7.6562500e-03   7.6562500e-03
   2.1000000e+01   1.9000000e+01   1.6582655e-16   5.2187500e-03   5.2187500e-03
   2.2000000e+01   1.9000000e+01   2.3808010e-16   5.5000000e-03   5.5000000e-03
   2.3000000e+01   1.9000000e+01   3.9954034e-16   7.4375000e-03   7.4375000e-03
   2.4000000e+01   1.9000000e+01   8.5458573e-17   3.5625000e-03   3.5625000e-03
   2.5000000e+01   1.9000000e+01   2.9235352e-16   6.3125000e-03   6.3125000e-03
   2.6000000e+01   1.9000000e+01   3.6740866e-16   7.0000000e-03   7.0000000e-03
   2.7000000e+01   1.9000000e+01   2.4531428e-16   5.7812500e-03   5.7812500e-03
   2.8000000e+01   1.9000000e+01   1.0147195e-16   3.2500000e-03   3.2500000e-03
   2.9000000e+01   1.9000000e+01   1.2948598e-16   4.4375000e-03   4.4375000e-03
   3.0000000e+01   1.9000000e+01   2.1116919e-16   8.0312500e-03   8.0312500e-03
   3.1000000e+01   1.9000000e+01   2.3055896e-16   5.6562500e-03   5.6562500e-03
   3.2000000e+01   1.9000000e+01   2.1746878e-16   5.0625000e-03   5.0625000e-03
   3.3000000e+01   1.9000000e+01   2.3284545e-16   5.1250000e-03   5.1250000e-03
   3.4000000e+01   1.9000000e+01   2.1923630e-16   6.0625000e-03   6.0625000e-03
   3.5000000e+01   1.9000000e+01   2.3130748e-16   5.9375000e-03   5.9375000e-03
   1.0000000e+00   2.0000000e+01   1.9694764e-16   6.0937500e-03   6.0937500e-03
   2.0000000e+00   2.0000000e+01   1.8491346e-16   5.8750000e-03   5.8750000e-03
   3.0000000e+00   2.0000000e+01   2.6090831e-16   6.7812500e-03   6.7812500e-03
   4.0000000e+00   2.0000000e+01   3.0696510e-16   7.0625000e-03   7.0625000e-03
   5.0000000e+00   2.0000000e+01   3.2459528e-16   5.9375000e-03   5.9375000e-03
   6.0000000e+00   2.0000000e+01   2.8740384e-16   6.1250000e-03   6.1250000e-03
   7.0000000e+00   2.0000000e+01   2.2006640e-16   4.0937500e-03   4.0937500e-03
   8.0000000e+00   2.0000000e+01   3.7903446e-16   5.1000000e-02   5.1000000e-02
   9.0000000e+00   2.0000000e+01   3.4478101e-16   5.1437500e-02   5.1437500e-02
   1.0000000e+01   2.0000000e+01   3.9580622e-16   5.3500000e-02   5.3500000e-02
   1.1000000e+01   2.0000000e+01   4.1996182e-16   5.6062500e-02   5.6062500e-02
   1.2000000e+01   2.0000000e+01   3.8307847e-16   5.4812500e-02   5.4812500e-02
   1.3000000e+01   2.0000000e+01   4.3739112e-16   5.6156250e-02   5.6156250e-02
   1.4000000e+01   2.0000000e+01   3.6336115e-16   5.3656250e-02   5.3656250e-02
   1.5000000e+01   2.0000000e+01   4.2653091e-16   5.3906250e-02   5.3906250e-02
   1.6000000e+01   2.0000000e+01   4.1222122e-16   5.3468750e-02   5.3468750e-02
   1.7000000e+01   2.0000000e+01   4.2469643e-16   5.1343750e-02   5.1343750e-02
   1.8000000e+01   2.0000000e+01   4.0279925e-16   4.9656250e-02   4.9656250e-02
   1.9000000e+01   2.0000000e+01   3.6866878e-16   4.8000000e-02   4.8000000e-02
   2.0000000e+01   2.0000000e+01   3.8169297e-16   4.5031250e-02   4.5031250e-02
   2.1000000e+01   2.0000000e+01   4.0007328e-16   4.4968750e-02   4.4968750e-02
   2.2000000e+01   2.0000000e+01   3.9805748e-16   4.3343750e-02   4.3343750e-02
   2.3000000e+01   2.0000000e+01   3.6009277e-16   4.4968750e-02   4.4968750e-02
   2.4000000e+01   2.0000000e+01   4.1009294e-16   4.9781250e-02   4.9781250e-02
   2.5000000e+01   2.0000000e+01   3.9736047e-16   5.0000000e-02   5.0000000e-02
   2.6000000e+01   2.0000000e+01   3.5315636e-16   5.2250000e-02   5.2250000e-02
   2.7000000e+01   2.0000000e+01   4.0325956e-16   5.1000000e-02   5.1000000e-02
   2.8000000e+01   2.0000000e+01   4.4792056e-16   5.4593750e-02   5.4593750e-02
   2.9000000e+01   2.0000000e+01   3.7791244e-16   5.2875000e-02   5.2875000e-02
   3.0000000e+01   2.0000000e+01   4.1110222e-16   5.5375000e-02   5.5375000e-02
   3.1000000e+01   2.0000000e+01   4.6773974e-16   5.5562500e-02   5.5562500e-02
   3.2000000e+01   2.0000000e+01   3.8368734e-16   5.2125000e-02   5.2125000e-02
   3.3000000e+01   2.0000000e+01   3.9365773e-16   5.2000000e-02   5.2000000e-02
   3.4000000e+01   2.0000000e+01   4.4021040e-16   5.0093750e-02   5.0093750e-02
   3.5000000e+01   2.0000000e+01   3.9766707e-16   4.9750000e-02   4.9750000e-02
   1.0000000e+00   2.1000000e+01   3.7720777e-16   5.0875000e-02   5.0875000e-02
   2.0000000e+00   2.1000000e+01   3.7486973e-16   4.9718750e-02   4.9718750e-02
   3.0000000e+00   2.1000000e+01   3.9285430e-16   4.5406250e-02   4.5406250e-02
   4.0000000e+00   2.1000000e+01   3.8331561e-16   4.6312500e-02   4.6312500e-02
   5.0000000e+00   2.1000000e+01   3.8219876e-16   4.3093750e-02   4.3093750e-02
   6.0000000e+00   2.1000000e+01   3.6304910e-16   4.5281250e-02   4.5281250e-02
   7.0000000e+00   2.1000000e+01   3.6432971e-16   4.5843750e-02   4.5843750e-02
   8.0000000e+00   2.1000000e+01   3.2243046e-16   4.8218750e-02   4.8218750e-02
   9.0000000e+00   2.1000000e+01   3.9162217e-16   5.0625000e-02   5.0625000e-02
   1.0000000e+01   2.1000000e+01   3.3397742e-16   5.1250000e-02   5.1250000e-02
   1.1000000e+01   2.1000000e+01   3.8901464e-16   5.2531250e-02   5.2531250e-02
   1.2000000e+01   2.1000000e+01   3.6182113e-16   5.2906250e-02   5.2906250e-02
   1.3000000e+01   2.1000000e+01   4.3735217e-16   5.3437500e-02   5.3437500e-02
   1.4000000e+01   2.1000000e+01   4.2703263e-16   5.4281250e-02   5.4281250e-02
   1.5000000e+01   2.1000000e+01   3.9919124e-16   5.5156250e-02   5.5156250e-02
   1.6000000e+01   2.1000000e+01   3.9901060e-16   5.1562500e-02   5.1562500e-02
   1.7000000e+01   2.1000000e+01   3.9864302e-16   4.9750000e-02   4.9750000e-02
   1.8000000e+01   2.1000000e+01   4.0181350e-16   4.8125000e-02   4.8125000e-02
   1.9000000e+01   2.1000000e+01   3.9883827e-16   4.8218750e-02   4.8218750e-02
   2.0000000e+01   2.1000000e+01   3.6312599e-16   4.2031250e-02   4.2031250e-02
   2.1000000e+01   2.1000000e+01   3.5646919e-16   3.9937500e-02   3.9937500e-02
   2.2000000e+01   2.1000000e+01   3.3166530e-16   3.9531250e-02   3.9531250e-02
   2.3000000e+01   2.1000000e+01   3.3477164e-16   4.2125000e-02   4.2125000e-02
   2.4000000e+01   2.1000000e+01   3.6746288e-16   4.3093750e-02   4.3093750e-02
   2.5000000e+01   2.1000000e+01   4.0498089e-16   4.5437500e-02   4.5437500e-02
   2.6000000e+01   2.1000000e+01   4.6282669e-16   4.4906250e-02   4.4906250e-02
   2.7000000e+01   2.1000000e+01   3.7197780e-16   4.3406250e-02   4.3406250e-02
   2.8000000e+01   2.1000000e+01   4.1548236e-16   4.4187500e-02   4.4187500e-02
   2.9000000e+01   2.1000000e+01   4.4432026e-16   4.5937500e-02   4.5937500e-02
   3.0000000e+01   2.1000000e+01   3.7381574e-16   4.5281250e-02   4.5281250e-02
   3.1000000e+01   2.1000000e+01   4.0488006e-16   4.4812500e-02   4.4812500e-02
   3.2000000e+01   2.1000000e+01   3.9741861e-16   4.5250000e-02   4.5250000e-02
   3.3000000e+01   2.1000000e+01   3.7202681e-16   4.1531250e-02   4.1531250e-02
   3.4000000e+01   2.1000000e+01   3.5583589e-16   4.1125000e-02   4.1125000e-02
   3.5000000e+01   2.1000000e+01   3.6069608e-16   4.1718750e-02   4.1718750e-02
   1.0000000e+00   2.2000000e+01   3.6442246e-16   4.2218750e-02   4.2218750e-02
   2.0000000e+00   2.2000000e+01   3.9182928e-16   4.1843750e-02   4.1843750e-02
   3.0000000e+00   2.2000000e+01   3.7594509e-16   3.8656250e-02   3.8656250e-02
   4.0000000e+00   2.2000000e+01   3.8564131e-16   3.8031250e-02   3.8031250e-02
   5.0000000e+00   2.2000000e+01   4.0329919e-16   3.5250000e-02   3.5250000e-02
   6.0000000e+00   2.2000000e+01   4.2348175e-16   3.2531250e-02   3.2531250e-02
   7.0000000e+00   2.2000000e+01   4.0582023e-16   4.0656250e-02   4.0656250e-02
   8.0000000e+00   2.2000000e+01   3.5752558e-16   3.8125000e-02   3.8125000e-02
   9.0000000e+00   2.2000000e+01   4.2741557e-16   4.5500000e-02   4.5500000e-02
   1.0000000e+01   2.2000000e+01   4.4546114e-16   4.0312500e-02   4.0312500e-02
   1.1000000e+01   2.2000000e+01   4.6752603e-16   4.2875000e-02   4.2875000e-02
   1.2000000e+01   2.2000000e+01   4.0938441e-16   4.4031250e-02   4.4031250e-02
   1.3000000e+01   2.2000000e+01   5.0482183e-16   4.7687500e-02   4.7687500e-02
   1.4000000e+01   2.2000000e+01   4.7383883e-16   4.5656250e-02   4.5656250e-02
   1.5000000e+01   2.2000000e+01   5.0686604e-16   4.5843750e-02   4.5843750e-02
   1.6000000e+01   2.2000000e+01   4.8512934e-16   3.9781250e-02   3.9781250e-02
   1.7000000e+01   2.2000000e+01   7.1897939e-16   5.4312500e-02   5.4312500e-02
   1.8000000e+01   2.2000000e+01   4.7422707e-16   4.1468750e-02   4.1468750e-02
   1.9000000e+01   2.2000000e+01   5.8810694e-16   3.9218750e-02   3.9218750e-02
   2.0000000e+01   2.2000000e+01   4.3831743e-16   3.3718750e-02   3.3718750e-02
   2.1000000e+01   2.2000000e+01   3.6483604e-16   3.4250000e-02   3.4250000e-02
   2.2000000e+01   2.2000000e+01   4.3911003e-16   3.2437500e-02   3.2437500e-02
   2.3000000e+01   2.2000000e+01   4.2845563e-16   3.4031250e-02   3.4031250e-02
   2.4000000e+01   2.2000000e+01   4.6830828e-16   2.9375000e-02   2.9375000e-02
   2.5000000e+01   2.2000000e+01   5.3912574e-16   3.2968750e-02   3.2968750e-02
   2.6000000e+01   2.2000000e+01   7.1561339e-16   3.9843750e-02   3.9843750e-02
   2.7000000e+01   2.2000000e+01   7.1328012e-16   4.1000000e-02   4.1000000e-02
   2.8000000e+01   2.2000000e+01   6.8129884e-16   3.6218750e-02   3.6218750e-02
   2.9000000e+01   2.2000000e+01   5.4769470e-16   3.1406250e-02   3.1406250e-02
   3.0000000e+01   2.2000000e+01   6.2621334e-16   4.6250000e-02   4.6250000e-02
   3.1000000e+01   2.2000000e+01   6.1602122e-16   3.7875000e-02   3.7875000e-02
   3.2000000e+01   2.2000000e+01   5.5642258e-16   3.4343750e-02   3.4343750e-02
   3.3000000e+01   2.2000000e+01   5.5490480e-16   3.7812500e-02   3.7812500e-02
   3.4000000e+01   2.2000000e+01   6.2875173e-16   3.4093750e-02   3.4093750e-02
   3.5000000e+01   2.2000000e+01   4.8502898e-16   3.2093750e-02   3.2093750e-02
   1.0000000e+00   2.3000000e+01   5.2125882e-16   4.0218750e-02   4.0218750e-02
   2.0000000e+00   2.3000000e+01   5.5240734e-16   3.9687500e-02   3.9687500e-02
   3.0000000e+00   2.3000000e+01   4.8195521e-16   2.5531250e-02   2.5531250e-02
   4.0000000e+00   2.3000000e+01   3.9217617e-16   2.7843750e-02   2.7843750e-02
   5.0000000e+00   2.3000000e+01   1.5334360e-14   2.3868750e-01   2.3868750e-01
   6.0000000e+00   2.3000000e+01   1.1639715e-14   1.6346875e-01   1.6346875e-01
   7.0000000e+00   2.3000000e+01   9.6141493e-15   1.3096875e-01   1.3096875e-01
   8.0000000e+00   2.3000000e+01   1.2246605e-14   1.8268750e-01   1.8268750e-01
   9.0000000e+00   2.3000000e+01   1.2658828e-14   1.8128125e-01   1.8128125e-01
   1.0000000e+01   2.3000000e+01   8.8401802e-15   1.3743750e-01   1.3743750e-01
   1.1000000e+01   2.3000000e+01   7.5332171e-15   1.2587500e-01   1.2587500e-01
   1.2000000e+01   2.3000000e+01   8.7195085e-15   1.3434375e-01   1.3434375e-01
   1.3000000e+01   2.3000000e+01   6.2661667e-15   1.3093750e-01   1.3093750e-01
   1.4000000e+01   2.3000000e+01   1.3268119e-14   2.0125000e-01   2.0125000e-01
   1.5000000e+01   2.3000000e+01   1.4385244e-14   2.0881250e-01   2.0881250e-01
   1.6000000e+01   2.3000000e+01   8.9465613e-15   1.1787500e-01   1.1787500e-01
   1.7000000e+01   2.3000000e+01   8.3838670e-15   1.2587500e-01   1.2587500e-01
   1.8000000e+01   2.3000000e+01   1.8005601e-14   2.6628125e-01   2.6628125e-01
   1.9000000e+01   2.3000000e+01   1.5998240e-14   2.2675000e-01   2.2675000e-01
   2.0000000e+01   2.3000000e+01   1.3093047e-14   2.1246875e-01   2.1246875e-01
   2.1000000e+01   2.3000000e+01   1.7598851e-14   2.4968750e-01   2.4968750e-01
   2.2000000e+01   2.3000000e+01   1.4743830e-14   2.1768750e-01   2.1768750e-01
   2.3000000e+01   2.3000000e+01   1.1605563e-14   1.7878125e-01   1.7878125e-01
   2.4000000e+01   2.3000000e+01   1.0597699e-14   1.3850000e-01   1.3850000e-01
   2.5000000e+01   2.3000000e+01   9.5132200e-15   1.2375000e-01   1.2375000e-01
   2.6000000e+01   2.3000000e+01   7.9876457e-15   1.4793750e-01   1.4793750e-01
   2.7000000e+01   2.3000000e+01   9.5290870e-15   1.5462500e-01   1.5462500e-01
   2.8000000e+01   2.3000000e+01   9.1596044e-15   1.6515625e-01   1.6515625e-01
   2.9000000e+01   2.3000000e+01   6.9236869e-15   9.9500000e-02   9.9500000e-02
   3.0000000e+01   2.3000000e+01   9.7671619e-15   1.3687500e-01   1.3687500e-01
   3.1000000e+01   2.3000000e+01   1.0432891e-14   1.5103125e-01   1.5103125e-01
   3.2000000e+01   2.3000000e+01   7.9381883e-15   1.3540625e-01   1.3540625e-01
   3.3000000e+01   2.3000000e+01   6.8475888e-15   1.1012500e-01   1.1012500e-01
   3.4000000e+01   2.3000000e+01   1.0438113e-14   1.5859375e-01   1.5859375e-01
   3.5000000e+01   2.3000000e+01   1.1920869e-14   1.6121875e-01   1.6121875e-01
   1.0000000e+00   2.4000000e+01   5.7536476e-15   1.0334375e-01   1.0334375e-01
   2.0000000e+00   2.4000000e+01   5.3789047e-15   9.1718750e-02   9.1718750e-02
   3.0000000e+00   2.4000000e+01   3.3051767e-15   7.2687500e-02   7.2687500e-02
   4.0000000e+00   2.4000000e+01   3.2318833e-15   9.2468750e-02   9.2468750e-02
   5.0000000e+00   2.4000000e+01   5.3903299e-15   9.4968750e-02   9.4968750e-02
   6.0000000e+00   2.4000000e+01   7.4170222e-15   1.2218750e-01   1.2218750e-01
   7.0000000e+00   2.4000000e+01   1.9481306e-14   2.4446875e-01   2.4446875e-01
   8.0000000e+00   2.4000000e+01   1.3618183e-14   2.3706250e-01   2.3706250e-01
   9.0000000e+00   2.4000000e+01   1.3192879e-14   1.9087500e-01   1.9087500e-01
   1.0000000e+01   2.4000000e+01   1.1614492e-14   1.6037500e-01   1.6037500e-01
   1.1000000e+01   2.4000000e+01   1.0537057e-14   1.6925000e-01   1.6925000e-01
   1.2000000e+01   2.4000000e+01   8.3048825e-15   1.6903125e-01   1.6903125e-01
   1.3000000e+01   2.4000000e+01   9.9276908e-15   1.6031250e-01   1.6031250e-01
   1.4000000e+01   2.4000000e+01   1.1396850e-14   1.5796875e-01   1.5796875e-01
   1.5000000e+01   2.4000000e+01   1.2671902e-14   1.7081250e-01   1.7081250e-01
   1.6000000e+01   2.4000000e+01   1.1785024e-14   1.7856250e-01   1.7856250e-01
   1.7000000e+01   2.4000000e+01   1.8854920e-14   2.3231250e-01   2.3231250e-01
   1.8000000e+01   2.4000000e+01   6.8938871e-15   1.0059375e-01   1.0059375e-01
   1.9000000e+01   2.4000000e+01   1.0380147e-14   1.6187500e-01   1.6187500e-01
   2.0000000e+01   2.4000000e+01   7.1657352e-15   1.1706250e-01   1.1706250e-01
   2.1000000e+01   2.4000000e+01   8.5500688e-15   1.6362500e-01   1.6362500e-01
   2.2000000e+01   2.4000000e+01   1.2122952e-14   1.6909375e-01   1.6909375e-01
   2.3000000e+01   2.4000000e+01   1.2796523e-14   1.9053125e-01   1.9053125e-01
   2.4000000e+01   2.4000000e+01   7.0941271e-15   1.0765625e-01   1.0765625e-01
   2.5000000e+01   2.4000000e+01   7.0557300e-15   1.1131250e-01   1.1131250e-01
   2.6000000e+01   2.4000000e+01   6.7808605e-15   1.1006250e-01   1.1006250e-01
   2.7000000e+01   2.4000000e+01   6.0871174e-15   1.1096875e-01   1.1096875e-01
   2.8000000e+01   2.4000000e+01   6.5926643e-15   1.1684375e-01   1.1684375e-01
   2.9000000e+01   2.4000000e+01   5.0981658e-15   9.6843750e-02   9.6843750e-02
   3.0000000e+01   2.4000000e+01   1.2105294e-14   1.9584375e-01   1.9584375e-01
   3.1000000e+01   2.4000000e+01   6.4645518e-15   1.1975000e-01   1.1975000e-01
   3.2000000e+01   2.4000000e+01   6.4878637e-15   1.0556250e-01   1.0556250e-01
   3.3000000e+01   2.4000000e+01   9.1824828e-15   1.1859375e-01   1.1859375e-01
   3.4000000e+01   2.4000000e+01   5.8773617e-15   1.1165625e-01   1.1165625e-01
   3.5000000e+01   2.4000000e+01   7.5222007e-15   1.2434375e-01   1.2434375e-01
   1.0000000e+00   2.5000000e+01   5.3436436e-15   1.0025000e-01   1.0025000e-01
   2.0000000e+00   2.5000000e+01   8.0911318e-15   1.1996875e-01   1.1996875e-01
   3.0000000e+00   2.5000000e+01   1.0920861e-14   1.8175000e-01   1.8175000e-01
   4.0000000e+00   2.5000000e+01   8.2924363e-15   1.2378125e-01   1.2378125e-01
   5.0000000e+00   2.5000000e+01   1.0721775e-14   1.6828125e-01   1.6828125e-01
   6.0000000e+00   2.5000000e+01   1.4675144e-14   2.1687500e-01   2.1687500e-01
   7.0000000e+00   2.5000000e+01   6.3397188e-15   1.1556250e-01   1.1556250e-01
   8.0000000e+00   2.5000000e+01   1.1160362e-14   1.4690625e-01   1.4690625e-01
   9.0000000e+00   2.5000000e+01   1.3621002e-14   2.1950000e-01   2.1950000e-01
   1.0000000e+01   2.5000000e+01   4.9449483e-15   8.0031250e-02   8.0031250e-02
   1.1000000e+01   2.5000000e+01   5.4262742e-15   8.8718750e-02   8.8718750e-02
   1.2000000e+01   2.5000000e+01   1.5724752e-14   2.3943750e-01   2.3943750e-01
   1.3000000e+01   2.5000000e+01   7.3410756e-15   1.3787500e-01   1.3787500e-01
   1.4000000e+01   2.5000000e+01   7.5511823e-15   1.2043750e-01   1.2043750e-01
   1.5000000e+01   2.5000000e+01   5.5147069e-15   1.0759375e-01   1.0759375e-01
   1.6000000e+01   2.5000000e+01   8.2201035e-15   1.2421875e-01   1.2421875e-01
   1.7000000e+01   2.5000000e+01   9.3145950e-15   1.4193750e-01   1.4193750e-01
   1.8000000e+01   2.5000000e+01   9.7207699e-15   1.5559375e-01   1.5559375e-01
   1.9000000e+01   2.5000000e+01   1.3898982e-14   2.0315625e-01   2.0315625e-01
   2.0000000e+01   2.5000000e+01   8.5420891e-15   1.2706250e-01   1.2706250e-01
   2.1000000e+01   2.5000000e+01   5.0986527e-15   9.1812500e-02   9.1812500e-02
   2.2000000e+01   2.5000000e+01   2.7497909e-15   6.9750000e-02   6.9750000e-02
   2.3000000e+01   2.5000000e+01   5.8225696e-15   1.0209375e-01   1.0209375e-01
   2.4000000e+01   2.5000000e+01   7.1857570e-15   1.3931250e-01   1.3931250e-01
   2.5000000e+01   2.5000000e+01   1.1925098e-14   1.9637500e-01   1.9637500e-01
   2.6000000e+01   2.5000000e+01   4.9071057e-15   8.1625000e-02   8.1625000e-02
   2.7000000e+01   2.5000000e+01   5.8542461e-15   1.2206250e-01   1.2206250e-01
   2.8000000e+01   2.5000000e+01   6.2519041e-15   1.2234375e-01   1.2234375e-01
   2.9000000e+01   2.5000000e+01   4.6192578e-15   8.0875000e-02   8.0875000e-02
   3.0000000e+01   2.5000000e+01   7.8739010e-15   1.1462500e-01   1.1462500e-01
   3.1000000e+01   2.5000000e+01   1.5574209e-14   2.0475000e-01   2.0475000e-01
   3.2000000e+01   2.5000000e+01   1.8216970e-14   2.6415625e-01   2.6415625e-01
   3.3000000e+01   2.5000000e+01   8.7494548e-15   1.5071875e-01   1.5071875e-01
   3.4000000e+01   2.5000000e+01   1.0088284e-14   1.4712500e-01   1.4712500e-01
   3.5000000e+01   2.5000000e+01   7.7636278e-15   1.3131250e-01   1.3131250e-01
   1.0000000e+00   2.6000000e+01   1.0166083e-14   1.5050000e-01   1.5050000e-01
   2.0000000e+00   2.6000000e+01   8.0651712e-15   1.3234375e-01   1.3234375e-01
   3.0000000e+00   2.6000000e+01   1.2809880e-14   1.9259375e-01   1.9259375e-01
   4.0000000e+00   2.6000000e+01   7.9305583e-15   1.2725000e-01   1.2725000e-01
   5.0000000e+00   2.6000000e+01   1.1479571e-14   1.8078125e-01   1.8078125e-01
   6.0000000e+00   2.6000000e+01   1.0936688e-14   1.5159375e-01   1.5159375e-01
   7.0000000e+00   2.6000000e+01   9.2416742e-15   1.4681250e-01   1.4681250e-01
   8.0000000e+00   2.6000000e+01   1.2595274e-14   2.0509375e-01   2.0509375e-01
   9.0000000e+00   2.6000000e+01   8.4951168e-15   1.6081250e-01   1.6081250e-01
   1.0000000e+01   2.6000000e+01   1.1462113e-14   1.6912500e-01   1.6912500e-01
   1.1000000e+01   2.6000000e+01   9.8844254e-15   1.7256250e-01   1.7256250e-01
   1.2000000e+01   2.6000000e+01   1.0290289e-14   1.4443750e-01   1.4443750e-01
   1.3000000e+01   2.6000000e+01   5.7303154e-15   1.2753125e-01   1.2753125e-01
   1.4000000e+01   2.6000000e+01   1.0605569e-14   1.5309375e-01   1.5309375e-01
   1.5000000e+01   2.6000000e+01   1.0451911e-14   1.6118750e-01   1.6118750e-01
   1.6000000e+01   2.6000000e+01   1.0309391e-14   1.4434375e-01   1.4434375e-01
   1.7000000e+01   2.6000000e+01   1.1554370e-14   1.7543750e-01   1.7543750e-01
   1.8000000e+01   2.6000000e+01   7.0340106e-15   1.1675000e-01   1.1675000e-01
   1.9000000e+01   2.6000000e+01   5.4298099e-15   8.2406250e-02   8.2406250e-02
   2.0000000e+01   2.6000000e+01   9.8490240e-15   1.6112500e-01   1.6112500e-01
   2.1000000e+01   2.6000000e+01   9.2632594e-15   1.4496875e-01   1.4496875e-01
   2.2000000e+01   2.6000000e+01   1.1880068e-14   1.5790625e-01   1.5790625e-01
   2.3000000e+01   2.6000000e+01   1.2322160e-14   2.0990625e-01   2.0990625e-01
   2.4000000e+01   2.6000000e+01   1.5579014e-14   1.9684375e-01   1.9684375e-01
   2.5000000e+01   2.6000000e+01   8.5902382e-15   1.2984375e-01   1.2984375e-01
   2.6000000e+01   2.6000000e+01   9.4279210e-15   1.4131250e-01   1.4131250e-01
   2.7000000e+01   2.6000000e+01   1.1592335e-14   2.0290625e-01   2.0290625e-01
   2.8000000e+01   2.6000000e+01   1.0946201e-14   1.7346875e-01   1.7346875e-01
   2.9000000e+01   2.6000000e+01   1.2258972e-14   1.7996875e-01   1.7996875e-01
   3.0000000e+01   2.6000000e+01   1.0314768e-14   1.4078125e-01   1.4078125e-01
   3.1000000e+01   2.6000000e+01   1.6595512e-14   2.3987500e-01   2.3987500e-01
   3.2000000e+01   2.6000000e+01   7.7518788e-15   1.3190625e-01   1.3190625e-01
   3.3000000e+01   2.6000000e+01   1.0347597e-14   1.5493750e-01   1.5493750e-01
   3.4000000e+01   2.6000000e+01   5.9221750e-15   1.1590625e-01   1.1590625e-01
   3.5000000e+01   2.6000000e+01   6.1512229e-15   1.2728125e-01   1.2728125e-01
   1.0000000e+00   2.7000000e+01   6.5761917e-15   1.2284375e-01   1.2284375e-01
   2.0000000e+00   2.7000000e+01   4.8855391e-15   9.1312500e-02   9.1312500e-02
   3.0000000e+00   2.7000000e+01   9.8569049e-15   1.8484375e-01   1.8484375e-01
   4.0000000e+00   2.7000000e+01   6.1211436e-15   9.8437500e-02   9.8437500e-02
   5.0000000e+00   2.7000000e+01   9.3816242e-15   1.3631250e-01   1.3631250e-01
   6.0000000e+00   2.7000000e+01   7.6399933e-15   1.2409375e-01   1.2409375e-01
   7.0000000e+00   2.7000000e+01   8.9539371e-15   1.6825000e-01   1.6825000e-01
   8.0000000e+00   2.7000000e+01   7.3504198e-15   1.2421875e-01   1.2421875e-01
   9.0000000e+00   2.7000000e+01   7.3770026e-15   1.2059375e-01   1.2059375e-01
   1.0000000e+01   2.7000000e+01   6.2465239e-15   1.0356250e-01   1.0356250e-01
   1.1000000e+01   2.7000000e+01   8.9575008e-15   1.5281250e-01   1.5281250e-01
   1.2000000e+01   2.7000000e+01   5.2357052e-15   9.5406250e-02   9.5406250e-02
   1.3000000e+01   2.7000000e+01   5.1337010e-15   1.0240625e-01   1.0240625e-01
   1.4000000e+01   2.7000000e+01   4.9944255e-15   1.0771875e-01   1.0771875e-01
   1.5000000e+01   2.7000000e+01   9.7351286e-15   1.6690625e-01   1.6690625e-01
   1.6000000e+01   2.7000000e+01   7.5446960e-15   1.3103125e-01   1.3103125e-01
   1.7000000e+01   2.7000000e+01   5.4827160e-15   9.4562500e-02   9.4562500e-02
   1.8000000e+01   2.7000000e+01   6.2644073e-15   1.1328125e-01   1.1328125e-01
   1.9000000e+01   2.7000000e+01   9.4765413e-15   1.4196875e-01   1.4196875e-01
   2.0000000e+01   2.7000000e+01   5.1946937e-15   9.6531250e-02   9.6531250e-02
   2.1000000e+01   2.7000000e+01   3.8722306e-15   1.1062500e-01   1.1062500e-01
   2.2000000e+01   2.7000000e+01   7.1766383e-15   1.1834375e-01   1.1834375e-01
   2.3000000e+01   2.7000000e+01   4.8137265e-15   8.1437500e-02   8.1437500e-02
   2.4000000e+01   2.7000000e+01   4.5445419e-15   1.0584375e-01   1.0584375e-01
   2.5000000e+01   2.7000000e+01   5.4507214e-15   8.8187500e-02   8.8187500e-02
   2.6000000e+01   2.7000000e+01   4.4382939e-15   8.2000000e-02   8.2000000e-02
   2.7000000e+01   2.7000000e+01   4.8370131e-15   1.2203125e-01   1.2203125e-01
   2.8000000e+01   2.7000000e+01   7.0865911e-15   1.1409375e-01   1.1409375e-01
   2.9000000e+01   2.7000000e+01   7.1269167e-15   1.1309375e-01   1.1309375e-01
   3.0000000e+01   2.7000000e+01   6.6410035e-15   1.0496875e-01   1.0496875e-01
   3.1000000e+01   2.7000000e+01   1.6132931e-14   2.3962500e-01   2.3962500e-01
   3.2000000e+01   2.7000000e+01   9.3605505e-15   1.6359375e-01   1.6359375e-01
   3.3000000e+01   2.7000000e+01   7.1579477e-15   1.1343750e-01   1.1343750e-01
   3.4000000e+01   2.7000000e+01   1.3799714e-14   1.9059375e-01   1.9059375e-01
   3.5000000e+01   2.7000000e+01   1.6483369e-14   2.1340625e-01   2.1340625e-01
   1.0000000e+00   2.8000000e+01   2.2366060e-14   2.8156250e-01   2.8156250e-01
   2.0000000e+00   2.8000000e+01   2.6985827e-14   3.9481250e-01   3.9481250e-01
   3.0000000e+00   2.8000000e+01   5.9393078e-15   1.2481250e-01   1.2481250e-01
   4.0000000e+00   2.8000000e+01   7.5796772e-15   1.2737500e-01   1.2737500e-01
   5.0000000e+00   2.8000000e+01   6.2420989e-15   1.0721875e-01   1.0721875e-01
   6.0000000e+00   2.8000000e+01   8.6252066e-15   1.4203125e-01   1.4203125e-01
   7.0000000e+00   2.8000000e+01   1.0423532e-14   1.6809375e-01   1.6809375e-01
   8.0000000e+00   2.8000000e+01   7.0249338e-15   1.0975000e-01   1.0975000e-01
   9.0000000e+00   2.8000000e+01   2.9511100e-15   8.1468750e-02   8.1468750e-02
   1.0000000e+01   2.8000000e+01   1.2152597e-14   1.9175000e-01   1.9175000e-01
   1.1000000e+01   2.8000000e+01   2.0234524e-14   2.8237500e-01   2.8237500e-01
   1.2000000e+01   2.8000000e+01   6.0330573e-15   1.0596875e-01   1.0596875e-01
   1.3000000e+01   2.8000000e+01   6.3804664e-15   1.1146875e-01   1.1146875e-01
   1.4000000e+01   2.8000000e+01   1.0831089e-14   1.6634375e-01   1.6634375e-01
   1.5000000e+01   2.8000000e+01   1.6583199e-14   2.3646875e-01   2.3646875e-01
   1.6000000e+01   2.8000000e+01   1.5000841e-14   2.2231250e-01   2.2231250e-01
   1.7000000e+01   2.8000000e+01   1.0829095e-14   1.6834375e-01   1.6834375e-01
   1.8000000e+01   2.8000000e+01   1.2025913e-14   1.8843750e-01   1.8843750e-01
   1.9000000e+01   2.8000000e+01   7.1964464e-15   1.1371875e-01   1.1371875e-01
   2.0000000e+01   2.8000000e+01   8.4217499e-15   1.4031250e-01   1.4031250e-01
   2.1000000e+01   2.8000000e+01   5.3800679e-15   9.7437500e-02   9.7437500e-02
   2.2000000e+01   2.8000000e+01   7.7475374e-15   1.3340625e-01   1.3340625e-01
   2.3000000e+01   2.8000000e+01   5.5216248e-15   9.7312500e-02   9.7312500e-02
   2.4000000e+01   2.8000000e+01   6.3916676e-15   1.1306250e-01   1.1306250e-01
   2.5000000e+01   2.8000000e+01   5.4243628e-15   8.2312500e-02   8.2312500e-02
   2.6000000e+01   2.8000000e+01   3.5586739e-15   7.1468750e-02   7.1468750e-02
   2.7000000e+01   2.8000000e+01   8.1767485e-15   1.5081250e-01   1.5081250e-01
   2.8000000e+01   2.8000000e+01   7.4437181e-15   1.2184375e-01   1.2184375e-01
   2.9000000e+01   2.8000000e+01   1.3146962e-15   3.6375000e-02   3.6375000e-02
   3.0000000e+01   2.8000000e+01   2.0838809e-15   4.1000000e-02   4.1000000e-02
   3.1000000e+01   2.8000000e+01   2.0642043e-15   5.0187500e-02   5.0187500e-02
   3.2000000e+01   2.8000000e+01   3.7897670e-15   6.7250000e-02   6.7250000e-02
   3.3000000e+01   2.8000000e+01   1.2119516e-14   1.6421875e-01   1.6421875e-01
   3.4000000e+01   2.8000000e+01   7.7721582e-15   1.0859375e-01   1.0859375e-01
   3.5000000e+01   2.8000000e+01   3.4197150e-15   7.0750000e-02   7.0750000e-02
   1.0000000e+00   2.9000000e+01   6.5940094e-15   1.1337500e-01   1.1337500e-01
   2.0000000e+00   2.9000000e+01   1.5925954e-14   2.2737500e-01   2.2737500e-01
   3.0000000e+00   2.9000000e+01   2.9589551e-14   3.9078125e-01   3.9078125e-01
   4.0000000e+00   2.9000000e+01   9.2683202e-15   1.5000000e-01   1.5000000e-01
   5.0000000e+00   2.9000000e+01   7.3528141e-15   1.1750000e-01   1.1750000e-01
   6.0000000e+00   2.9000000e+01   1.5125454e-14   2.3803125e-01   2.3803125e-01
   7.0000000e+00   2.9000000e+01   1.9485421e-15   5.0812500e-02   5.0812500e-02
   8.0000000e+00   2.9000000e+01   5.8240516e-15   1.2871875e-01   1.2871875e-01
   9.0000000e+00   2.9000000e+01   6.8063152e-15   1.1371875e-01   1.1371875e-01
   1.0000000e+01   2.9000000e+01   8.2403023e-15   1.2584375e-01   1.2584375e-01
   1.1000000e+01   2.9000000e+01   8.8060426e-15   1.6878125e-01   1.6878125e-01
   1.2000000e+01   2.9000000e+01   6.6956250e-15   1.0184375e-01   1.0184375e-01
   1.3000000e+01   2.9000000e+01   1.5378529e-14   2.4356250e-01   2.4356250e-01
   1.4000000e+01   2.9000000e+01   1.8471074e-14   2.4218750e-01   2.4218750e-01
   1.5000000e+01   2.9000000e+01   2.0625210e-14   2.7046875e-01   2.7046875e-01
   1.6000000e+01   2.9000000e+01   1.3158392e-14   1.8100000e-01   1.8100000e-01
   1.7000000e+01   2.9000000e+01   1.2255365e-14   1.6903125e-01   1.6903125e-01
   1.8000000e+01   2.9000000e+01   9.2306444e-15   1.4131250e-01   1.4131250e-01
   1.9000000e+01   2.9000000e+01   6.0720448e-15   1.1968750e-01   1.1968750e-01
   2.0000000e+01   2.9000000e+01   9.7276630e-15   1.5606250e-01   1.5606250e-01
   2.1000000e+01   2.9000000e+01   8.9097805e-15   1.5771875e-01   1.5771875e-01
   2.2000000e+01   2.9000000e+01   1.1738002e-14   1.8712500e-01   1.8712500e-01
   2.3000000e+01   2.9000000e+01   7.1156432e-15   9.9468750e-02   9.9468750e-02
   2.4000000e+01   2.9000000e+01   9.4335496e-15   1.4834375e-01   1.4834375e-01
   2.5000000e+01   2.9000000e+01   8.3947313e-15   1.5162500e-01   1.5162500e-01
   2.6000000e+01   2.9000000e+01   5.8359982e-15   1.1059375e-01   1.1059375e-01
   2.7000000e+01   2.9000000e+01   1.5213779e-14   2.3425000e-01   2.3425000e-01
   2.8000000e+01   2.9000000e+01   2.0496541e-14   3.0646875e-01   3.0646875e-01
   2.9000000e+01   2.9000000e+01   1.4371662e-14   2.1543750e-01   2.1543750e-01
   3.0000000e+01   2.9000000e+01   1.0849599e-14   1.6671875e-01   1.6671875e-01
   3.1000000e+01   2.9000000e+01   1.2841531e-14   2.0296875e-01   2.0296875e-01
   3.2000000e+01   2.9000000e+01   8.0900022e-15   1.2300000e-01   1.2300000e-01
   3.3000000e+01   2.9000000e+01   4.8071799e-15   1.0528125e-01   1.0528125e-01
   3.4000000e+01   2.9000000e+01   6.0629132e-15   1.2637500e-01   1.2637500e-01
   3.5000000e+01   2.9000000e+01   3.7351537e-15   8.1718750e-02   8.1718750e-02
   1.0000000e+00   3.0000000e+01   1.3416353e-15   4.1593750e-02   4.1593750e-02
   2.0000000e+00   3.0000000e+01   1.2760740e-15   3.9093750e-02   3.9093750e-02
   3.0000000e+00   3.0000000e+01   1.3760609e-15   4.9968750e-02   4.9968750e-02
   4.0000000e+00   3.0000000e+01   1.0225239e-15   5.2312500e-02   5.2312500e-02
   5.0000000e+00   3.0000000e+01   1.4954049e-15   5.3625000e-02   5.3625000e-02
   6.0000000e+00   3.0000000e+01   1.1295732e-15   3.7312500e-02   3.7312500e-02
   7.0000000e+00   3.0000000e+01   9.6994381e-16   3.3093750e-02   3.3093750e-02
   8.0000000e+00   3.0000000e+01   6.6381179e-16   2.9312500e-02   2.9312500e-02
   9.0000000e+00   3.0000000e+01   7.3838992e-16   3.8781250e-02   3.8781250e-02
   1.0000000e+01   3.0000000e+01   5.7696636e-16   4.5468750e-02   4.5468750e-02
   1.1000000e+01   3.0000000e+01   6.3472449e-16   4.2187500e-02   4.2187500e-02
   1.2000000e+01   3.0000000e+01   7.1558214e-16   4.6250000e-02   4.6250000e-02
   1.3000000e+01   3.0000000e+01   6.5504091e-16   4.3031250e-02   4.3031250e-02
   1.4000000e+01   3.0000000e+01   5.7914423e-16   4.2875000e-02   4.2875000e-02
   1.5000000e+01   3.0000000e+01   5.4334140e-16   3.3437500e-02   3.3437500e-02
   1.6000000e+01   3.0000000e+01   6.0658571e-16   3.6968750e-02   3.6968750e-02
   1.7000000e+01   3.0000000e+01   4.8626868e-16   3.2968750e-02   3.2968750e-02
   1.8000000e+01   3.0000000e+01   4.6158527e-16   3.2812500e-02   3.2812500e-02
   1.9000000e+01   3.0000000e+01   5.2080755e-16   2.8500000e-02   2.8500000e-02
   2.0000000e+01   3.0000000e+01   5.2550466e-16   2.6343750e-02   2.6343750e-02
   2.1000000e+01   3.0000000e+01   7.1668137e-16   2.7062500e-02   2.7062500e-02
   2.2000000e+01   3.0000000e+01   6.8169782e-16   3.8656250e-02   3.8656250e-02
   2.3000000e+01   3.0000000e+01   6.7479315e-16   4.4343750e-02   4.4343750e-02
   2.4000000e+01   3.0000000e+01   5.5788359e-16   3.9531250e-02   3.9531250e-02
   2.5000000e+01   3.0000000e+01   6.9146957e-16   3.5937500e-02   3.5937500e-02
   2.6000000e+01   3.0000000e+01   5.6538248e-16   4.6125000e-02   4.6125000e-02
   2.7000000e+01   3.0000000e+01   4.8210804e-16   4.3625000e-02   4.3625000e-02
   2.8000000e+01   3.0000000e+01   5.4740571e-16   5.1031250e-02   5.1031250e-02
   2.9000000e+01   3.0000000e+01   6.3214574e-16   4.8968750e-02   4.8968750e-02
   3.0000000e+01   3.0000000e+01   5.0388543e-16   4.9437500e-02   4.9437500e-02
   3.1000000e+01   3.0000000e+01   4.7146389e-16   4.5468750e-02   4.5468750e-02
   3.2000000e+01   3.0000000e+01   5.2401477e-16   4.7906250e-02   4.7906250e-02
   3.3000000e+01   3.0000000e+01   4.1933019e-16   4.2406250e-02   4.2406250e-02
   3.4000000e+01   3.0000000e+01   4.3607963e-16   3.9781250e-02   3.9781250e-02
   3.5000000e+01   3.0000000e+01   4.0358450e-16   4.1218750e-02   4.1218750e-02
   1.0000000e+00   3.1000000e+01   5.2664039e-16   3.7218750e-02   3.7218750e-02
   2.0000000e+00   3.1000000e+01   4.5930264e-16   3.4781250e-02   3.4781250e-02
   3.0000000e+00   3.1000000e+01   4.0236145e-16   3.4000000e-02   3.4000000e-02
   4.0000000e+00   3.1000000e+01   4.6202715e-16   3.1687500e-02   3.1687500e-02
   5.0000000e+00   3.1000000e+01   6.0875010e-16   4.0906250e-02   4.0906250e-02
   6.0000000e+00   3.1000000e+01   5.7212808e-16   3.2375000e-02   3.2375000e-02
   7.0000000e+00   3.1000000e+01   6.6368176e-16   3.4468750e-02   3.4468750e-02
   8.0000000e+00   3.1000000e+01   7.2355894e-16   4.5781250e-02   4.5781250e-02
   9.0000000e+00   3.1000000e+01   9.1161662e-16   4.3593750e-02   4.3593750e-02
   1.0000000e+01   3.1000000e+01   7.8518638e-16   4.3937500e-02   4.3937500e-02
   1.1000000e+01   3.1000000e+01   5.9459616e-16   4.4062500e-02   4.4062500e-02
   1.2000000e+01   3.1000000e+01   5.9751119e-16   4.6593750e-02   4.6593750e-02
   1.3000000e+01   3.1000000e+01   6.4408769e-16   4.5875000e-02   4.5875000e-02
   1.4000000e+01   3.1000000e+01   6.3111917e-16   4.8812500e-02   4.8812500e-02
   1.5000000e+01   3.1000000e+01   7.2460886e-16   3.5125000e-02   3.5125000e-02
   1.6000000e+01   3.1000000e+01   5.1921693e-16   3.8593750e-02   3.8593750e-02
   1.7000000e+01   3.1000000e+01   4.7206027e-16   4.5375000e-02   4.5375000e-02
   1.8000000e+01   3.1000000e+01   4.6382984e-16   3.4281250e-02   3.4281250e-02
   1.9000000e+01   3.1000000e+01   5.5052054e-16   3.0625000e-02   3.0625000e-02
   2.0000000e+01   3.1000000e+01   4.3763531e-16   3.0937500e-02   3.0937500e-02
   2.1000000e+01   3.1000000e+01   4.6074900e-16   4.2250000e-02   4.2250000e-02
   2.2000000e+01   3.1000000e+01   5.2681239e-16   2.6843750e-02   2.6843750e-02
   2.3000000e+01   3.1000000e+01   5.6328934e-16   3.8437500e-02   3.8437500e-02
   2.4000000e+01   3.1000000e+01   4.7731654e-16   4.3125000e-02   4.3125000e-02
   2.5000000e+01   3.1000000e+01   4.9384603e-16   4.1000000e-02   4.1000000e-02
   2.6000000e+01   3.1000000e+01   4.6473238e-16   4.4750000e-02   4.4750000e-02
   2.7000000e+01   3.1000000e+01   4.8929214e-16   5.0843750e-02   5.0843750e-02
   2.8000000e+01   3.1000000e+01   4.8801172e-16   4.9843750e-02   4.9843750e-02
   2.9000000e+01   3.1000000e+01   4.3512016e-16   4.9718750e-02   4.9718750e-02
   3.0000000e+01   3.1000000e+01   4.9350967e-16   4.8125000e-02   4.8125000e-02
   3.1000000e+01   3.1000000e+01   4.4931190e-16   5.3156250e-02   5.3156250e-02
   3.2000000e+01   3.1000000e+01   4.2421574e-16   4.5843750e-02   4.5843750e-02
   3.3000000e+01   3.1000000e+01   4.1793052e-16   4.4093750e-02   4.4093750e-02
   3.4000000e+01   3.1000000e+01   4.0043825e-16   4.1968750e-02   4.1968750e-02
   3.5000000e+01   3.1000000e+01   4.0511561e-16   3.9906250e-02   3.9906250e-02
   1.0000000e+00   3.2000000e+01   3.7277359e-16   3.8593750e-02   3.8593750e-02
   2.0000000e+00   3.2000000e+01   3.7568658e-16   3.9843750e-02   3.9843750e-02
   3.0000000e+00   3.2000000e+01   4.0236320e-16   3.8125000e-02   3.8125000e-02
   4.0000000e+00   3.2000000e+01   3.6605855e-16   4.0000000e-02   4.0000000e-02
   5.0000000e+00   3.2000000e+01   3.7287226e-16   3.8343750e-02   3.8343750e-02
   6.0000000e+00   3.2000000e+01   3.5539669e-16   4.0593750e-02   4.0593750e-02
   7.0000000e+00   3.2000000e+01   4.0338330e-16   4.1250000e-02   4.1250000e-02
   8.0000000e+00   3.2000000e+01   4.2209135e-16   4.4531250e-02   4.4531250e-02
   9.0000000e+00   3.2000000e+01   3.9386486e-16   4.2000000e-02   4.2000000e-02
   1.0000000e+01   3.2000000e+01   4.2430829e-16   4.9750000e-02   4.9750000e-02
   1.1000000e+01   3.2000000e+01   4.4136038e-16   5.1375000e-02   5.1375000e-02
   1.2000000e+01   3.2000000e+01   4.7413505e-16   5.3250000e-02   5.3250000e-02
   1.3000000e+01   3.2000000e+01   4.7265979e-16   5.0562500e-02   5.0562500e-02
   1.4000000e+01   3.2000000e+01   4.8634263e-16   5.7593750e-02   5.7593750e-02
   1.5000000e+01   3.2000000e+01   4.8099454e-16   5.2593750e-02   5.2593750e-02
   1.6000000e+01   3.2000000e+01   4.7775309e-16   4.6531250e-02   4.6531250e-02
   1.7000000e+01   3.2000000e+01   4.6596343e-16   4.4625000e-02   4.4625000e-02
   1.8000000e+01   3.2000000e+01   4.0533883e-16   4.3281250e-02   4.3281250e-02
   1.9000000e+01   3.2000000e+01   3.9210361e-16   3.9625000e-02   3.9625000e-02
   2.0000000e+01   3.2000000e+01   3.4498507e-16   3.7250000e-02   3.7250000e-02
   2.1000000e+01   3.2000000e+01   3.7793976e-16   3.7750000e-02   3.7750000e-02
   2.2000000e+01   3.2000000e+01   4.1213767e-16   4.0593750e-02   4.0593750e-02
   2.3000000e+01   3.2000000e+01   4.1777787e-16   3.9468750e-02   3.9468750e-02
   2.4000000e+01   3.2000000e+01   4.0360585e-16   4.5687500e-02   4.5687500e-02
   2.5000000e+01   3.2000000e+01   4.2863266e-16   4.5250000e-02   4.5250000e-02
   2.6000000e+01   3.2000000e+01   3.8646991e-16   4.5250000e-02   4.5250000e-02
   2.7000000e+01   3.2000000e+01   4.8353193e-16   5.3531250e-02   5.3531250e-02
   2.8000000e+01   3.2000000e+01   4.6636902e-16   5.1343750e-02   5.1343750e-02
   2.9000000e+01   3.2000000e+01   4.3533010e-16   5.5218750e-02   5.5218750e-02
   3.0000000e+01   3.2000000e+01   4.4021828e-16   5.0625000e-02   5.0625000e-02
   3.1000000e+01   3.2000000e+01   4.7963956e-16   5.0312500e-02   5.0312500e-02
   3.2000000e+01   3.2000000e+01   4.7498416e-16   4.9750000e-02   4.9750000e-02
   3.3000000e+01   3.2000000e+01   4.6490962e-16   4.7843750e-02   4.7843750e-02
   3.4000000e+01   3.2000000e+01   4.4094946e-16   4.4875000e-02   4.4875000e-02
   3.5000000e+01   3.2000000e+01   4.3997084e-16   4.1531250e-02   4.1531250e-02
   1.0000000e+00   3.3000000e+01   5.5053940e-16   4.5656250e-02   4.5656250e-02
   2.0000000e+00   3.3000000e+01   5.0731315e-16   4.3187500e-02   4.3187500e-02
   3.0000000e+00   3.3000000e+01   6.9689320e-16   4.5593750e-02   4.5593750e-02
   4.0000000e+00   3.3000000e+01   8.3060157e-16   4.5937500e-02   4.5937500e-02
   5.0000000e+00   3.3000000e+01   6.9715408e-16   5.0843750e-02   5.0843750e-02
   6.0000000e+00   3.3000000e+01   9.0574206e-16   5.8062500e-02   5.8062500e-02
   7.0000000e+00   3.3000000e+01   1.2428549e-15   5.2312500e-02   5.2312500e-02
   8.0000000e+00   3.3000000e+01   1.2143673e-15   3.0156250e-02   3.0156250e-02
   9.0000000e+00   3.3000000e+01   2.8252836e-15   8.2062500e-02   8.2062500e-02
   1.0000000e+01   3.3000000e+01   4.6452862e-15   1.1371875e-01   1.1371875e-01
   1.1000000e+01   3.3000000e+01   5.8972100e-15   1.1384375e-01   1.1384375e-01
   1.2000000e+01   3.3000000e+01   9.9119026e-15   1.4215625e-01   1.4215625e-01
   1.3000000e+01   3.3000000e+01   1.3321631e-14   2.1978125e-01   2.1978125e-01
   1.4000000e+01   3.3000000e+01   1.1728491e-14   1.8896875e-01   1.8896875e-01
   1.5000000e+01   3.3000000e+01   1.0548979e-14   1.4621875e-01   1.4621875e-01
   1.6000000e+01   3.3000000e+01   1.7707577e-14   2.5284375e-01   2.5284375e-01
   1.7000000e+01   3.3000000e+01   2.0564949e-14   2.6728125e-01   2.6728125e-01
   1.8000000e+01   3.3000000e+01   2.5784683e-14   3.3515625e-01   3.3515625e-01
   1.9000000e+01   3.3000000e+01   1.5953809e-14   2.3350000e-01   2.3350000e-01
   2.0000000e+01   3.3000000e+01   3.3502099e-16   3.9187500e-02   3.9187500e-02
   2.1000000e+01   3.3000000e+01   3.2766010e-16   3.9937500e-02   3.9937500e-02
   2.2000000e+01   3.3000000e+01   3.6077508e-16   4.1250000e-02   4.1250000e-02
   2.3000000e+01   3.3000000e+01   3.4227474e-16   4.0656250e-02   4.0656250e-02
   2.4000000e+01   3.3000000e+01   3.5064180e-16   4.5281250e-02   4.5281250e-02
   2.5000000e+01   3.3000000e+01   3.9048706e-16   4.8812500e-02   4.8812500e-02
   2.6000000e+01   3.3000000e+01   3.5466617e-16   5.1718750e-02   5.1718750e-02
   2.7000000e+01   3.3000000e+01   3.8422856e-16   5.6156250e-02   5.6156250e-02
   2.8000000e+01   3.3000000e+01   4.0235951e-16   5.7031250e-02   5.7031250e-02
   2.9000000e+01   3.3000000e+01   4.4442843e-16   5.6125000e-02   5.6125000e-02
   3.0000000e+01   3.3000000e+01   4.0847518e-16   5.6781250e-02   5.6781250e-02
   3.1000000e+01   3.3000000e+01   3.7150743e-16   5.5031250e-02   5.5031250e-02
   3.2000000e+01   3.3000000e+01   3.8239020e-16   5.3750000e-02   5.3750000e-02
   3.3000000e+01   3.3000000e+01   3.7025698e-16   4.9937500e-02   4.9937500e-02
   3.4000000e+01   3.3000000e+01   1.9541353e-15   4.5406250e-02   4.5406250e-02
   3.5000000e+01   3.3000000e+01   1.3496755e-15   3.8750000e-02   3.8750000e-02
   1.0000000e+00   3.4000000e+01   5.3599453e-15   9.6656250e-02   9.6656250e-02
   2.0000000e+00   3.4000000e+01   6.3586601e-15   1.4218750e-01   1.4218750e-01
   3.0000000e+00   3.4000000e+01   8.1931759e-15   1.4143750e-01   1.4143750e-01
   4.0000000e+00   3.4000000e+01   6.8406797e-15   1.2290625e-01   1.2290625e-01
   5.0000000e+00   3.4000000e+01   1.1321712e-14   1.7331250e-01   1.7331250e-01
   6.0000000e+00   3.4000000e+01   4.4672718e-15   1.2375000e-01   1.2375000e-01
   7.0000000e+00   3.4000000e+01   1.0764503e-14   1.6343750e-01   1.6343750e-01
   8.0000000e+00   3.4000000e+01   8.1534833e-15   1.2831250e-01   1.2831250e-01
   9.0000000e+00   3.4000000e+01   5.4906588e-15   9.4562500e-02   9.4562500e-02
   1.0000000e+01   3.4000000e+01   1.2741152e-14   1.9150000e-01   1.9150000e-01
   1.1000000e+01   3.4000000e+01   9.4271890e-15   1.5712500e-01   1.5712500e-01
   1.2000000e+01   3.4000000e+01   3.9609866e-16   5.5750000e-02   5.5750000e-02
   1.3000000e+01   3.4000000e+01   4.1082919e-16   5.5312500e-02   5.5312500e-02
   1.4000000e+01   3.4000000e+01   4.2471226e-16   5.5968750e-02   5.5968750e-02
   1.5000000e+01   3.4000000e+01   4.1485845e-16   5.5218750e-02   5.5218750e-02
   1.6000000e+01   3.4000000e+01   3.7401162e-16   5.0750000e-02   5.0750000e-02
   1.7000000e+01   3.4000000e+01   3.7232280e-16   5.0343750e-02   5.0343750e-02
   1.8000000e+01   3.4000000e+01   3.3630619e-16   4.4468750e-02   4.4468750e-02
   1.9000000e+01   3.4000000e+01   3.6890456e-16   4.3343750e-02   4.3343750e-02
   2.0000000e+01   3.4000000e+01   3.6948068e-16   4.2718750e-02   4.2718750e-02
   2.1000000e+01   3.4000000e+01   3.3013543e-16   4.0437500e-02   4.0437500e-02
   2.2000000e+01   3.4000000e+01   4.3083632e-16   3.1468750e-02   3.1468750e-02
   2.3000000e+01   3.4000000e+01   3.4327600e-16   4.2812500e-02   4.2812500e-02
   2.4000000e+01   3.4000000e+01   3.8685604e-16   4.4406250e-02   4.4406250e-02
   2.5000000e+01   3.4000000e+01   3.5480505e-15   7.9875000e-02   7.9875000e-02
   2.6000000e+01   3.4000000e+01   3.7800972e-16   5.3281250e-02   5.3281250e-02
   2.7000000e+01   3.4000000e+01   4.2416460e-16   5.6468750e-02   5.6468750e-02
   2.8000000e+01   3.4000000e+01   4.9080594e-16   5.6968750e-02   5.6968750e-02
   2.9000000e+01   3.4000000e+01   4.1723877e-16   5.7062500e-02   5.7062500e-02
   3.0000000e+01   3.4000000e+01   1.1482780e-15   5.6125000e-02   5.6125000e-02
   3.1000000e+01   3.4000000e+01   3.8307925e-16   5.5781250e-02   5.5781250e-02
   3.2000000e+01   3.4000000e+01   3.8733762e-16   5.3781250e-02   5.3781250e-02
   3.3000000e+01   3.4000000e+01   3.5401356e-16   4.9656250e-02   4.9656250e-02
   3.4000000e+01   3.4000000e+01   3.7223150e-16   4.7687500e-02   4.7687500e-02
   3.5000000e+01   3.4000000e+01   3.3839199e-16   4.7250000e-02   4.7250000e-02
   1.0000000e+00   3.5000000e+01   3.5969635e-16   4.9093750e-02   4.9093750e-02
   2.0000000e+00   3.5000000e+01   3.6472266e-16   4.6531250e-02   4.6531250e-02
   3.0000000e+00   3.5000000e+01   3.3741366e-16   4.4750000e-02   4.4750000e-02
   4.0000000e+00   3.5000000e+01   3.5414028e-16   4.2062500e-02   4.2062500e-02
   5.0000000e+00   3.5000000e+01   3.6718258e-16   4.2593750e-02   4.2593750e-02
   6.0000000e+00   3.5000000e+01   3.4250475e-16   4.2593750e-02   4.2593750e-02
   7.0000000e+00   3.5000000e+01   3.2429574e-16   4.3781250e-02   4.3781250e-02
   8.0000000e+00   3.5000000e+01   3.9731516e-16   5.0218750e-02   5.0218750e-02
   9.0000000e+00   3.5000000e+01   3.5142370e-16   5.0156250e-02   5.0156250e-02
   1.0000000e+01   3.5000000e+01   3.9611855e-16   5.4750000e-02   5.4750000e-02
   1.1000000e+01   3.5000000e+01   3.8152208e-16   5.6406250e-02   5.6406250e-02
   1.2000000e+01   3.5000000e+01   3.7079133e-16   5.4468750e-02   5.4468750e-02
   1.3000000e+01   3.5000000e+01   4.0024467e-16   5.5093750e-02   5.5093750e-02
   1.4000000e+01   3.5000000e+01   3.9055948e-16   5.2593750e-02   5.2593750e-02
   1.5000000e+01   3.5000000e+01   3.7763140e-16   5.4187500e-02   5.4187500e-02
   1.6000000e+01   3.5000000e+01   3.6532179e-16   5.2156250e-02   5.2156250e-02
   1.7000000e+01   3.5000000e+01   3.4739146e-16   5.0718750e-02   5.0718750e-02
   1.8000000e+01   3.5000000e+01   3.8171480e-16   4.6718750e-02   4.6718750e-02
   1.9000000e+01   3.5000000e+01   3.4427996e-16   4.6968750e-02   4.6968750e-02
   2.0000000e+01   3.5000000e+01   3.7441026e-16   4.4593750e-02   4.4593750e-02
   2.1000000e+01   3.5000000e+01   7.1191964e-15   1.0534375e-01   1.0534375e-01
   2.2000000e+01   3.5000000e+01   1.1339436e-14   2.0671875e-01   2.0671875e-01
   2.3000000e+01   3.5000000e+01   1.2879283e-14   1.7743750e-01   1.7743750e-01
   2.4000000e+01   3.5000000e+01   2.5474574e-14   3.8543750e-01   3.8543750e-01
   2.5000000e+01   3.5000000e+01   1.7772057e-14   2.4375000e-01   2.4375000e-01
   2.6000000e+01   3.5000000e+01   5.8955170e-15   1.1787500e-01   1.1787500e-01
   2.7000000e+01   3.5000000e+01   1.3392580e-15   6.6531250e-02   6.6531250e-02
   2.8000000e+01   3.5000000e+01   3.9222827e-16   5.7406250e-02   5.7406250e-02
   2.9000000e+01   3.5000000e+01   3.8646129e-16   5.5000000e-02   5.5000000e-02
   3.0000000e+01   3.5000000e+01   3.9436724e-16   5.3687500e-02   5.3687500e-02
   3.1000000e+01   3.5000000e+01   3.8351596e-16   5.5343750e-02   5.5343750e-02
   3.2000000e+01   3.5000000e+01   3.9451035e-16   5.4343750e-02   5.4343750e-02
   3.3000000e+01   3.5000000e+01   3.7225943e-16   5.3687500e-02   5.3687500e-02
   3.4000000e+01   3.5000000e+01   3.7061432e-16   4.8656250e-02   4.8656250e-02
   3.5000000e+01   3.5000000e+01   5.8005897e-15   1.0171875e-01   1.0171875e-01
