   1.0000000e+00   1.0000000e+00   1.4934609e-16   2.6875000e-03   2.6875000e-03
   2.0000000e+00   1.0000000e+00   1.9064930e-16   3.0781250e-03   3.0781250e-03
   3.0000000e+00   1.0000000e+00   1.1012264e-16   2.2968750e-03   2.2968750e-03
   4.0000000e+00   1.0000000e+00   1.5112518e-15   1.6104687e-01   1.6104687e-01
   5.0000000e+00   1.0000000e+00   1.4133201e-15   1.5579687e-01   1.5579687e-01
   6.0000000e+00   1.0000000e+00   8.5762504e-16   9.6906250e-02   9.6906250e-02
   7.0000000e+00   1.0000000e+00   1.1484037e-15   1.2609375e-01   1.2609375e-01
   8.0000000e+00   1.0000000e+00   1.4749919e-15   1.5964062e-01   1.5964062e-01
   9.0000000e+00   1.0000000e+00   1.4503486e-15   1.6112500e-01   1.6112500e-01
   1.0000000e+00   2.0000000e+00   5.1773258e-16   6.0078125e-02   6.0078125e-02
   2.0000000e+00   2.0000000e+00   4.6475372e-16   5.5937500e-02   5.5937500e-02
   3.0000000e+00   2.0000000e+00   1.2168194e-15   1.3325000e-01   1.3325000e-01
   4.0000000e+00   2.0000000e+00   1.2379537e-15   1.3578125e-01   1.3578125e-01
   5.0000000e+00   2.0000000e+00   1.1405719e-15   1.2621875e-01   1.2621875e-01
   6.0000000e+00   2.0000000e+00   5.0005602e-16   5.8000000e-02   5.8000000e-02
   7.0000000e+00   2.0000000e+00   4.2522025e-16   4.9031250e-02   4.9031250e-02
   8.0000000e+00   2.0000000e+00   1.2431770e-15   1.3426562e-01   1.3426562e-01
   9.0000000e+00   2.0000000e+00   1.2624182e-15   1.3570312e-01   1.3570312e-01
   1.0000000e+00   3.0000000e+00   4.4929074e-16   5.2500000e-02   5.2500000e-02
   2.0000000e+00   3.0000000e+00   5.3874262e-16   6.3890625e-02   6.3890625e-02
   3.0000000e+00   3.0000000e+00   1.2776908e-15   1.3923437e-01   1.3923437e-01
   4.0000000e+00   3.0000000e+00   1.2785442e-15   1.4175000e-01   1.4175000e-01
   5.0000000e+00   3.0000000e+00   1.2626795e-15   1.4001562e-01   1.4001562e-01
   6.0000000e+00   3.0000000e+00   4.7806674e-16   5.3406250e-02   5.3406250e-02
   7.0000000e+00   3.0000000e+00   5.2706373e-16   6.2906250e-02   6.2906250e-02
   8.0000000e+00   3.0000000e+00   1.2046601e-15   1.3785937e-01   1.3785937e-01
   9.0000000e+00   3.0000000e+00   1.2844998e-15   1.4242187e-01   1.4242187e-01
   1.0000000e+00   4.0000000e+00   1.2246468e-15   1.3401562e-01   1.3401562e-01
   2.0000000e+00   4.0000000e+00   1.1444681e-15   1.2520312e-01   1.2520312e-01
   3.0000000e+00   4.0000000e+00   1.4199678e-15   1.5778125e-01   1.5778125e-01
   4.0000000e+00   4.0000000e+00   1.4867241e-15   1.5885937e-01   1.5885937e-01
   5.0000000e+00   4.0000000e+00   1.4695292e-15   1.5903125e-01   1.5903125e-01
   6.0000000e+00   4.0000000e+00   1.1924509e-15   1.3698437e-01   1.3698437e-01
   7.0000000e+00   4.0000000e+00   1.0638145e-15   1.1745312e-01   1.1745312e-01
   8.0000000e+00   4.0000000e+00   1.4223157e-15   1.5696875e-01   1.5696875e-01
   9.0000000e+00   4.0000000e+00   1.4409248e-15   1.5928125e-01   1.5928125e-01
   1.0000000e+00   5.0000000e+00   1.2542294e-15   1.4123437e-01   1.4123437e-01
   2.0000000e+00   5.0000000e+00   1.1455608e-15   1.2617187e-01   1.2617187e-01
   3.0000000e+00   5.0000000e+00   1.3937653e-15   1.5803125e-01   1.5803125e-01
   4.0000000e+00   5.0000000e+00   1.4499689e-15   1.5785937e-01   1.5785937e-01
   5.0000000e+00   5.0000000e+00   1.4516753e-15   1.5762500e-01   1.5762500e-01
   6.0000000e+00   5.0000000e+00   1.2573105e-15   1.3965625e-01   1.3965625e-01
   7.0000000e+00   5.0000000e+00   1.0539816e-15   1.2085937e-01   1.2085937e-01
   8.0000000e+00   5.0000000e+00   1.4775414e-15   1.5812500e-01   1.5812500e-01
   9.0000000e+00   5.0000000e+00   1.4368147e-15   1.5876562e-01   1.5876562e-01
   1.0000000e+00   6.0000000e+00   1.2391225e-15   1.4048437e-01   1.4048437e-01
   2.0000000e+00   6.0000000e+00   1.1192685e-15   1.2167187e-01   1.2167187e-01
   3.0000000e+00   6.0000000e+00   1.4704101e-15   1.5898437e-01   1.5898437e-01
   4.0000000e+00   6.0000000e+00   1.4482733e-15   1.5948437e-01   1.5948437e-01
   5.0000000e+00   6.0000000e+00   1.4017312e-15   1.5945312e-01   1.5945312e-01
   6.0000000e+00   6.0000000e+00   1.3210495e-15   1.4279687e-01   1.4279687e-01
   7.0000000e+00   6.0000000e+00   1.0580943e-15   1.1685937e-01   1.1685937e-01
   8.0000000e+00   6.0000000e+00   1.3554780e-15   1.5579687e-01   1.5579687e-01
   9.0000000e+00   6.0000000e+00   1.4018963e-15   1.5789062e-01   1.5789062e-01
   1.0000000e+00   7.0000000e+00   1.3013698e-15   1.4106250e-01   1.4106250e-01
   2.0000000e+00   7.0000000e+00   1.1025431e-15   1.2000000e-01   1.2000000e-01
   3.0000000e+00   7.0000000e+00   1.3987216e-15   1.5660937e-01   1.5660937e-01
   4.0000000e+00   7.0000000e+00   1.4405459e-15   1.6007812e-01   1.6007812e-01
   5.0000000e+00   7.0000000e+00   1.4088863e-15   1.5907812e-01   1.5907812e-01
   6.0000000e+00   7.0000000e+00   1.2446464e-15   1.4359375e-01   1.4359375e-01
   7.0000000e+00   7.0000000e+00   9.6583080e-16   1.1379687e-01   1.1379687e-01
   8.0000000e+00   7.0000000e+00   1.4099825e-15   1.5760937e-01   1.5760937e-01
   9.0000000e+00   7.0000000e+00   1.3844715e-15   1.5756250e-01   1.5756250e-01
   1.0000000e+00   8.0000000e+00   1.2738606e-15   1.4343750e-01   1.4343750e-01
   2.0000000e+00   8.0000000e+00   1.0382487e-15   1.1593750e-01   1.1593750e-01
   3.0000000e+00   8.0000000e+00   1.4723146e-15   1.5920312e-01   1.5920312e-01
   4.0000000e+00   8.0000000e+00   1.4121002e-15   1.5857812e-01   1.5857812e-01
   5.0000000e+00   8.0000000e+00   1.4532645e-15   1.6373437e-01   1.6373437e-01
   6.0000000e+00   8.0000000e+00   1.2387189e-15   1.4364062e-01   1.4364062e-01
   7.0000000e+00   8.0000000e+00   9.7917858e-16   1.1310937e-01   1.1310937e-01
   8.0000000e+00   8.0000000e+00   1.4438486e-15   1.5842187e-01   1.5842187e-01
   9.0000000e+00   8.0000000e+00   1.4292974e-15   1.5645312e-01   1.5645312e-01
   1.0000000e+00   9.0000000e+00   1.2574419e-15   1.4175000e-01   1.4175000e-01
   2.0000000e+00   9.0000000e+00   1.0233619e-15   1.1703125e-01   1.1703125e-01
   3.0000000e+00   9.0000000e+00   1.4465708e-15   1.6203125e-01   1.6203125e-01
   4.0000000e+00   9.0000000e+00   1.2879557e-15   1.4687500e-01   1.4687500e-01
   5.0000000e+00   9.0000000e+00   1.4207612e-15   1.6040625e-01   1.6040625e-01
   6.0000000e+00   9.0000000e+00   1.2810774e-15   1.4218750e-01   1.4218750e-01
   7.0000000e+00   9.0000000e+00   9.0995165e-16   1.0503125e-01   1.0503125e-01
   8.0000000e+00   9.0000000e+00   1.4082733e-15   1.5970312e-01   1.5970312e-01
   9.0000000e+00   9.0000000e+00   1.2683652e-15   1.4639062e-01   1.4639062e-01
