   1.0000000e+00   1.0000000e+00   6.0171517e-16   4.1437500e-02   4.1437500e-02
   2.0000000e+00   1.0000000e+00   5.4775709e-16   2.2625000e-02   2.2625000e-02
   3.0000000e+00   1.0000000e+00   8.7366843e-16   3.1140625e-02   3.1140625e-02
   4.0000000e+00   1.0000000e+00   7.6251958e-16   4.7437500e-02   4.7437500e-02
   5.0000000e+00   1.0000000e+00   9.0924658e-16   3.5796875e-02   3.5796875e-02
   6.0000000e+00   1.0000000e+00   9.5866148e-16   3.8500000e-02   3.8500000e-02
   7.0000000e+00   1.0000000e+00   9.2440067e-16   4.8109375e-02   4.8109375e-02
   8.0000000e+00   1.0000000e+00   7.1716180e-16   5.7468750e-02   5.7468750e-02
   9.0000000e+00   1.0000000e+00   7.4496789e-16   8.7890625e-02   8.7890625e-02
   1.0000000e+01   1.0000000e+00   7.2742255e-16   6.3156250e-02   6.3156250e-02
   1.1000000e+01   1.0000000e+00   6.0405868e-16   3.4515625e-02   3.4515625e-02
   1.2000000e+01   1.0000000e+00   6.1810306e-16   2.5000000e-02   2.5000000e-02
   1.3000000e+01   1.0000000e+00   6.8541385e-16   3.5796875e-02   3.5796875e-02
   1.4000000e+01   1.0000000e+00   6.0190130e-16   4.2718750e-02   4.2718750e-02
   1.5000000e+01   1.0000000e+00   7.5391023e-16   8.2406250e-02   8.2406250e-02
   1.6000000e+01   1.0000000e+00   1.0611432e-15   1.3529687e-01   1.3529687e-01
   1.7000000e+01   1.0000000e+00   8.8021817e-16   9.5890625e-02   9.5890625e-02
   1.8000000e+01   1.0000000e+00   5.9649930e-16   4.8796875e-02   4.8796875e-02
   1.9000000e+01   1.0000000e+00   5.8973983e-16   3.5765625e-02   3.5765625e-02
   2.0000000e+01   1.0000000e+00   5.1242496e-16   2.6843750e-02   2.6843750e-02
   2.1000000e+01   1.0000000e+00   5.9143710e-16   2.5375000e-02   2.5375000e-02
   2.2000000e+01   1.0000000e+00   4.9413361e-16   2.7156250e-02   2.7156250e-02
   2.3000000e+01   1.0000000e+00   4.9524065e-16   1.5156250e-02   1.5156250e-02
   2.4000000e+01   1.0000000e+00   5.9625346e-16   3.9531250e-02   3.9531250e-02
   2.5000000e+01   1.0000000e+00   6.6953688e-16   5.5359375e-02   5.5359375e-02
   2.6000000e+01   1.0000000e+00   6.4452212e-16   4.7453125e-02   4.7453125e-02
   2.7000000e+01   1.0000000e+00   6.2463968e-16   2.9406250e-02   2.9406250e-02
   2.8000000e+01   1.0000000e+00   5.8504772e-16   3.8390625e-02   3.8390625e-02
   2.9000000e+01   1.0000000e+00   6.4701249e-16   4.8734375e-02   4.8734375e-02
   3.0000000e+01   1.0000000e+00   6.5953742e-16   5.4734375e-02   5.4734375e-02
   3.1000000e+01   1.0000000e+00   6.9089935e-16   4.9531250e-02   4.9531250e-02
   3.2000000e+01   1.0000000e+00   5.6790522e-16   4.8203125e-02   4.8203125e-02
   3.3000000e+01   1.0000000e+00   7.6653236e-16   8.8500000e-02   8.8500000e-02
   3.4000000e+01   1.0000000e+00   7.9302863e-16   6.6218750e-02   6.6218750e-02
   3.5000000e+01   1.0000000e+00   5.3633976e-16   3.2453125e-02   3.2453125e-02
   1.0000000e+00   2.0000000e+00   6.7155004e-16   4.6765625e-02   4.6765625e-02
   2.0000000e+00   2.0000000e+00   5.3262833e-16   2.0500000e-02   2.0500000e-02
   3.0000000e+00   2.0000000e+00   5.9463075e-16   3.9906250e-02   3.9906250e-02
   4.0000000e+00   2.0000000e+00   5.8470993e-16   2.8437500e-02   2.8437500e-02
   5.0000000e+00   2.0000000e+00   6.2412443e-16   2.7328125e-02   2.7328125e-02
   6.0000000e+00   2.0000000e+00   5.4783907e-16   3.2390625e-02   3.2390625e-02
   7.0000000e+00   2.0000000e+00   6.6193238e-16   3.8828125e-02   3.8828125e-02
   8.0000000e+00   2.0000000e+00   6.2238304e-16   3.9859375e-02   3.9859375e-02
   9.0000000e+00   2.0000000e+00   7.1000620e-16   7.0015625e-02   7.0015625e-02
   1.0000000e+01   2.0000000e+00   7.8577238e-16   1.0282812e-01   1.0282812e-01
   1.1000000e+01   2.0000000e+00   8.2316490e-16   7.0734375e-02   7.0734375e-02
   1.2000000e+01   2.0000000e+00   4.9405467e-16   2.5234375e-02   2.5234375e-02
   1.3000000e+01   2.0000000e+00   5.5874781e-16   2.8515625e-02   2.8515625e-02
   1.4000000e+01   2.0000000e+00   8.3900050e-16   9.0234375e-02   9.0234375e-02
   1.5000000e+01   2.0000000e+00   1.2127770e-15   1.7600000e-01   1.7600000e-01
   1.6000000e+01   2.0000000e+00   1.0955616e-15   1.7240625e-01   1.7240625e-01
   1.7000000e+01   2.0000000e+00   8.1735604e-16   1.0114062e-01   1.0114062e-01
   1.8000000e+01   2.0000000e+00   6.2281480e-16   4.0859375e-02   4.0859375e-02
   1.9000000e+01   2.0000000e+00   5.8468083e-16   3.4078125e-02   3.4078125e-02
   2.0000000e+01   2.0000000e+00   6.4840122e-16   2.6390625e-02   2.6390625e-02
   2.1000000e+01   2.0000000e+00   5.7703522e-16   2.7890625e-02   2.7890625e-02
   2.2000000e+01   2.0000000e+00   5.7441099e-16   2.4765625e-02   2.4765625e-02
   2.3000000e+01   2.0000000e+00   6.0460352e-16   3.4390625e-02   3.4390625e-02
   2.4000000e+01   2.0000000e+00   7.2529350e-16   4.5640625e-02   4.5640625e-02
   2.5000000e+01   2.0000000e+00   6.5979023e-16   5.7125000e-02   5.7125000e-02
   2.6000000e+01   2.0000000e+00   8.2657331e-16   9.8203125e-02   9.8203125e-02
   2.7000000e+01   2.0000000e+00   8.0250457e-16   1.0428125e-01   1.0428125e-01
   2.8000000e+01   2.0000000e+00   6.8053913e-16   6.5750000e-02   6.5750000e-02
   2.9000000e+01   2.0000000e+00   8.5572017e-16   9.1921875e-02   9.1921875e-02
   3.0000000e+01   2.0000000e+00   9.3333097e-16   1.1882812e-01   1.1882812e-01
   3.1000000e+01   2.0000000e+00   7.6596680e-16   9.5375000e-02   9.5375000e-02
   3.2000000e+01   2.0000000e+00   1.1070319e-15   1.3373437e-01   1.3373437e-01
   3.3000000e+01   2.0000000e+00   1.2028718e-15   1.6690625e-01   1.6690625e-01
   3.4000000e+01   2.0000000e+00   9.0383077e-16   1.0543750e-01   1.0543750e-01
   3.5000000e+01   2.0000000e+00   7.7463510e-16   4.1312500e-02   4.1312500e-02
   1.0000000e+00   3.0000000e+00   5.6413906e-16   2.9984375e-02   2.9984375e-02
   2.0000000e+00   3.0000000e+00   6.0833869e-16   4.6343750e-02   4.6343750e-02
   3.0000000e+00   3.0000000e+00   6.3370955e-16   3.2328125e-02   3.2328125e-02
   4.0000000e+00   3.0000000e+00   6.0218947e-16   2.9546875e-02   2.9546875e-02
   5.0000000e+00   3.0000000e+00   6.8825919e-16   5.4515625e-02   5.4515625e-02
   6.0000000e+00   3.0000000e+00   7.0142521e-16   4.1406250e-02   4.1406250e-02
   7.0000000e+00   3.0000000e+00   8.0548717e-16   3.8640625e-02   3.8640625e-02
   8.0000000e+00   3.0000000e+00   7.7591627e-16   4.8000000e-02   4.8000000e-02
   9.0000000e+00   3.0000000e+00   7.3500748e-16   5.7265625e-02   5.7265625e-02
   1.0000000e+01   3.0000000e+00   9.0073723e-16   9.6531250e-02   9.6531250e-02
   1.1000000e+01   3.0000000e+00   8.3610345e-16   9.0187500e-02   9.0187500e-02
   1.2000000e+01   3.0000000e+00   6.8812464e-16   3.3640625e-02   3.3640625e-02
   1.3000000e+01   3.0000000e+00   7.7450677e-16   4.7046875e-02   4.7046875e-02
   1.4000000e+01   3.0000000e+00   1.0229418e-15   1.2939062e-01   1.2939062e-01
   1.5000000e+01   3.0000000e+00   1.2563420e-15   1.7075000e-01   1.7075000e-01
   1.6000000e+01   3.0000000e+00   1.0135636e-15   1.1521875e-01   1.1521875e-01
   1.7000000e+01   3.0000000e+00   7.6117106e-16   6.3187500e-02   6.3187500e-02
   1.8000000e+01   3.0000000e+00   6.3961385e-16   4.0578125e-02   4.0578125e-02
   1.9000000e+01   3.0000000e+00   5.2467737e-16   3.1718750e-02   3.1718750e-02
   2.0000000e+01   3.0000000e+00   5.7446948e-16   2.3515625e-02   2.3515625e-02
   2.1000000e+01   3.0000000e+00   6.0621381e-16   2.4718750e-02   2.4718750e-02
   2.2000000e+01   3.0000000e+00   6.3772697e-16   2.6734375e-02   2.6734375e-02
   2.3000000e+01   3.0000000e+00   5.4388370e-16   2.7093750e-02   2.7093750e-02
   2.4000000e+01   3.0000000e+00   6.4443187e-16   3.3109375e-02   3.3109375e-02
   2.5000000e+01   3.0000000e+00   7.6490786e-16   4.4781250e-02   4.4781250e-02
   2.6000000e+01   3.0000000e+00   9.0185832e-16   8.4515625e-02   8.4515625e-02
   2.7000000e+01   3.0000000e+00   1.0729754e-15   1.3757812e-01   1.3757812e-01
   2.8000000e+01   3.0000000e+00   1.1777629e-15   1.4431250e-01   1.4431250e-01
   2.9000000e+01   3.0000000e+00   1.4237594e-15   1.8048437e-01   1.8048437e-01
   3.0000000e+01   3.0000000e+00   1.6254960e-15   2.2560937e-01   2.2560937e-01
   3.1000000e+01   3.0000000e+00   1.5452057e-15   2.2884375e-01   2.2884375e-01
   3.2000000e+01   3.0000000e+00   1.5540766e-15   1.9950000e-01   1.9950000e-01
   3.3000000e+01   3.0000000e+00   1.3103096e-15   1.8359375e-01   1.8359375e-01
   3.4000000e+01   3.0000000e+00   9.3996396e-16   1.0643750e-01   1.0643750e-01
   3.5000000e+01   3.0000000e+00   7.4086344e-16   4.7156250e-02   4.7156250e-02
   1.0000000e+00   4.0000000e+00   6.0787079e-16   4.2046875e-02   4.2046875e-02
   2.0000000e+00   4.0000000e+00   8.0262602e-16   5.9281250e-02   5.9281250e-02
   3.0000000e+00   4.0000000e+00   1.0057320e-15   8.9312500e-02   8.9312500e-02
   4.0000000e+00   4.0000000e+00   9.3792747e-16   9.5625000e-02   9.5625000e-02
   5.0000000e+00   4.0000000e+00   9.7019645e-16   9.3250000e-02   9.3250000e-02
   6.0000000e+00   4.0000000e+00   8.6013696e-16   7.0000000e-02   7.0000000e-02
   7.0000000e+00   4.0000000e+00   7.1250509e-16   4.3734375e-02   4.3734375e-02
   8.0000000e+00   4.0000000e+00   6.1720651e-16   3.4156250e-02   3.4156250e-02
   9.0000000e+00   4.0000000e+00   5.4579134e-16   4.9765625e-02   4.9765625e-02
   1.0000000e+01   4.0000000e+00   6.4397977e-16   4.5500000e-02   4.5500000e-02
   1.1000000e+01   4.0000000e+00   7.4319558e-16   4.7171875e-02   4.7171875e-02
   1.2000000e+01   4.0000000e+00   5.2703197e-16   2.4109375e-02   2.4109375e-02
   1.3000000e+01   4.0000000e+00   6.2474276e-16   3.7687500e-02   3.7687500e-02
   1.4000000e+01   4.0000000e+00   8.9667769e-16   9.1187500e-02   9.1187500e-02
   1.5000000e+01   4.0000000e+00   9.8127182e-16   9.0281250e-02   9.0281250e-02
   1.6000000e+01   4.0000000e+00   6.5258510e-16   6.2296875e-02   6.2296875e-02
   1.7000000e+01   4.0000000e+00   6.2459864e-16   4.0218750e-02   4.0218750e-02
   1.8000000e+01   4.0000000e+00   6.6474723e-16   3.6390625e-02   3.6390625e-02
   1.9000000e+01   4.0000000e+00   5.4526505e-16   3.9890625e-02   3.9890625e-02
   2.0000000e+01   4.0000000e+00   6.3571868e-16   3.8843750e-02   3.8843750e-02
   2.1000000e+01   4.0000000e+00   5.1073131e-16   3.9703125e-02   3.9703125e-02
   2.2000000e+01   4.0000000e+00   7.3972016e-16   3.9203125e-02   3.9203125e-02
   2.3000000e+01   4.0000000e+00   5.2834507e-16   2.0593750e-02   2.0593750e-02
   2.4000000e+01   4.0000000e+00   5.4460148e-16   3.5109375e-02   3.5109375e-02
   2.5000000e+01   4.0000000e+00   6.0424295e-16   3.8500000e-02   3.8500000e-02
   2.6000000e+01   4.0000000e+00   6.3072192e-16   6.3484375e-02   6.3484375e-02
   2.7000000e+01   4.0000000e+00   1.0567598e-15   1.2829687e-01   1.2829687e-01
   2.8000000e+01   4.0000000e+00   1.2492906e-15   1.8460937e-01   1.8460937e-01
   2.9000000e+01   4.0000000e+00   1.5130999e-15   2.2507812e-01   2.2507812e-01
   3.0000000e+01   4.0000000e+00   1.6313797e-15   2.4368750e-01   2.4368750e-01
   3.1000000e+01   4.0000000e+00   1.6359581e-15   2.3507812e-01   2.3507812e-01
   3.2000000e+01   4.0000000e+00   1.3754509e-15   1.8309375e-01   1.8309375e-01
   3.3000000e+01   4.0000000e+00   9.7964283e-16   1.1459375e-01   1.1459375e-01
   3.4000000e+01   4.0000000e+00   7.1397120e-16   5.9796875e-02   5.9796875e-02
   3.5000000e+01   4.0000000e+00   5.5923077e-16   2.6515625e-02   2.6515625e-02
   1.0000000e+00   5.0000000e+00   7.6614560e-16   7.2781250e-02   7.2781250e-02
   2.0000000e+00   5.0000000e+00   1.0672765e-15   1.1551562e-01   1.1551562e-01
   3.0000000e+00   5.0000000e+00   1.1131754e-15   1.5435937e-01   1.5435937e-01
   4.0000000e+00   5.0000000e+00   1.1811154e-15   1.6984375e-01   1.6984375e-01
   5.0000000e+00   5.0000000e+00   1.1674137e-15   1.5607812e-01   1.5607812e-01
   6.0000000e+00   5.0000000e+00   1.0394720e-15   1.2579687e-01   1.2579687e-01
   7.0000000e+00   5.0000000e+00   8.9119912e-16   8.4750000e-02   8.4750000e-02
   8.0000000e+00   5.0000000e+00   6.5877178e-16   4.5187500e-02   4.5187500e-02
   9.0000000e+00   5.0000000e+00   5.4310968e-16   2.9109375e-02   2.9109375e-02
   1.0000000e+01   5.0000000e+00   6.7753322e-16   3.4765625e-02   3.4765625e-02
   1.1000000e+01   5.0000000e+00   6.6130357e-16   4.2453125e-02   4.2453125e-02
   1.2000000e+01   5.0000000e+00   5.1547359e-16   2.4921875e-02   2.4921875e-02
   1.3000000e+01   5.0000000e+00   6.1733767e-16   3.1187500e-02   3.1187500e-02
   1.4000000e+01   5.0000000e+00   7.0230694e-16   3.8906250e-02   3.8906250e-02
   1.5000000e+01   5.0000000e+00   7.2219679e-16   4.6875000e-02   4.6875000e-02
   1.6000000e+01   5.0000000e+00   6.4982268e-16   3.6625000e-02   3.6625000e-02
   1.7000000e+01   5.0000000e+00   6.2599396e-16   3.8328125e-02   3.8328125e-02
   1.8000000e+01   5.0000000e+00   5.5890054e-16   3.0437500e-02   3.0437500e-02
   1.9000000e+01   5.0000000e+00   6.2002825e-16   5.4515625e-02   5.4515625e-02
   2.0000000e+01   5.0000000e+00   7.8466682e-16   7.1390625e-02   7.1390625e-02
   2.1000000e+01   5.0000000e+00   7.9834834e-16   8.3250000e-02   8.3250000e-02
   2.2000000e+01   5.0000000e+00   8.1742529e-16   7.9312500e-02   7.9312500e-02
   2.3000000e+01   5.0000000e+00   8.4157773e-16   6.9515625e-02   6.9515625e-02
   2.4000000e+01   5.0000000e+00   6.2868065e-16   5.1703125e-02   5.1703125e-02
   2.5000000e+01   5.0000000e+00   5.7547597e-16   4.5703125e-02   4.5703125e-02
   2.6000000e+01   5.0000000e+00   5.9153395e-16   3.6781250e-02   3.6781250e-02
   2.7000000e+01   5.0000000e+00   7.8304157e-16   9.3062500e-02   9.3062500e-02
   2.8000000e+01   5.0000000e+00   8.8350798e-16   1.1446875e-01   1.1446875e-01
   2.9000000e+01   5.0000000e+00   8.8759110e-16   1.4343750e-01   1.4343750e-01
   3.0000000e+01   5.0000000e+00   1.0724493e-15   1.6039062e-01   1.6039062e-01
   3.1000000e+01   5.0000000e+00   8.1871443e-16   1.2760937e-01   1.2760937e-01
   3.2000000e+01   5.0000000e+00   7.3954170e-16   9.5937500e-02   9.5937500e-02
   3.3000000e+01   5.0000000e+00   7.0341122e-16   5.6265625e-02   5.6265625e-02
   3.4000000e+01   5.0000000e+00   5.8698789e-16   4.6484375e-02   4.6484375e-02
   3.5000000e+01   5.0000000e+00   6.2172800e-16   4.3046875e-02   4.3046875e-02
   1.0000000e+00   6.0000000e+00   7.6313100e-16   1.0907812e-01   1.0907812e-01
   2.0000000e+00   6.0000000e+00   1.1058692e-15   1.6637500e-01   1.6637500e-01
   3.0000000e+00   6.0000000e+00   1.2353000e-15   1.9804687e-01   1.9804687e-01
   4.0000000e+00   6.0000000e+00   1.1019168e-15   1.6526562e-01   1.6526562e-01
   5.0000000e+00   6.0000000e+00   1.1258645e-15   1.7703125e-01   1.7703125e-01
   6.0000000e+00   6.0000000e+00   1.0653561e-15   1.9537500e-01   1.9537500e-01
   7.0000000e+00   6.0000000e+00   1.0490250e-15   1.4632812e-01   1.4632812e-01
   8.0000000e+00   6.0000000e+00   9.7943955e-16   7.3718750e-02   7.3718750e-02
   9.0000000e+00   6.0000000e+00   1.0139337e-15   4.8890625e-02   4.8890625e-02
   1.0000000e+01   6.0000000e+00   1.4051916e-15   4.6281250e-02   4.6281250e-02
   1.1000000e+01   6.0000000e+00   7.6228815e-16   3.4375000e-02   3.4375000e-02
   1.2000000e+01   6.0000000e+00   1.0684861e-15   3.3078125e-02   3.3078125e-02
   1.3000000e+01   6.0000000e+00   1.3013304e-15   4.8234375e-02   4.8234375e-02
   1.4000000e+01   6.0000000e+00   8.8736433e-16   5.7593750e-02   5.7593750e-02
   1.5000000e+01   6.0000000e+00   9.1532218e-16   4.3546875e-02   4.3546875e-02
   1.6000000e+01   6.0000000e+00   7.2672852e-16   5.1515625e-02   5.1515625e-02
   1.7000000e+01   6.0000000e+00   8.5238001e-16   4.3390625e-02   4.3390625e-02
   1.8000000e+01   6.0000000e+00   8.6628969e-16   6.1000000e-02   6.1000000e-02
   1.9000000e+01   6.0000000e+00   8.5762663e-16   9.6281250e-02   9.6281250e-02
   2.0000000e+01   6.0000000e+00   1.0901200e-15   1.4434375e-01   1.4434375e-01
   2.1000000e+01   6.0000000e+00   1.0896014e-15   1.5159375e-01   1.5159375e-01
   2.2000000e+01   6.0000000e+00   1.0775067e-15   1.3815625e-01   1.3815625e-01
   2.3000000e+01   6.0000000e+00   1.0124293e-15   1.0287500e-01   1.0287500e-01
   2.4000000e+01   6.0000000e+00   8.4707735e-16   6.7921875e-02   6.7921875e-02
   2.5000000e+01   6.0000000e+00   6.1441328e-16   5.5984375e-02   5.5984375e-02
   2.6000000e+01   6.0000000e+00   6.1005842e-16   3.3796875e-02   3.3796875e-02
   2.7000000e+01   6.0000000e+00   6.2025542e-16   3.2250000e-02   3.2250000e-02
   2.8000000e+01   6.0000000e+00   6.5822207e-16   5.8609375e-02   5.8609375e-02
   2.9000000e+01   6.0000000e+00   7.1950418e-16   7.5531250e-02   7.5531250e-02
   3.0000000e+01   6.0000000e+00   7.6176844e-16   7.3656250e-02   7.3656250e-02
   3.1000000e+01   6.0000000e+00   7.8751379e-16   5.8359375e-02   5.8359375e-02
   3.2000000e+01   6.0000000e+00   7.0468929e-16   3.8906250e-02   3.8906250e-02
   3.3000000e+01   6.0000000e+00   5.6348524e-16   2.7750000e-02   2.7750000e-02
   3.4000000e+01   6.0000000e+00   4.9500318e-16   2.6734375e-02   2.6734375e-02
   3.5000000e+01   6.0000000e+00   6.9644168e-16   5.0687500e-02   5.0687500e-02
   1.0000000e+00   7.0000000e+00   1.0502968e-15   1.2646875e-01   1.2646875e-01
   2.0000000e+00   7.0000000e+00   1.1572270e-15   1.7148437e-01   1.7148437e-01
   3.0000000e+00   7.0000000e+00   1.1331829e-15   1.6981250e-01   1.6981250e-01
   4.0000000e+00   7.0000000e+00   9.5154635e-16   1.3410937e-01   1.3410937e-01
   5.0000000e+00   7.0000000e+00   1.1076678e-15   1.5304687e-01   1.5304687e-01
   6.0000000e+00   7.0000000e+00   1.2504248e-15   1.9939062e-01   1.9939062e-01
   7.0000000e+00   7.0000000e+00   1.1767173e-15   1.5843750e-01   1.5843750e-01
   8.0000000e+00   7.0000000e+00   8.1496281e-16   7.6531250e-02   7.6531250e-02
   9.0000000e+00   7.0000000e+00   5.5123632e-16   3.6781250e-02   3.6781250e-02
   1.0000000e+01   7.0000000e+00   6.5956559e-16   2.9062500e-02   2.9062500e-02
   1.1000000e+01   7.0000000e+00   5.4536767e-16   3.6781250e-02   3.6781250e-02
   1.2000000e+01   7.0000000e+00   5.6126949e-16   2.1609375e-02   2.1609375e-02
   1.3000000e+01   7.0000000e+00   6.0090425e-16   3.8671875e-02   3.8671875e-02
   1.4000000e+01   7.0000000e+00   4.9612880e-16   3.0250000e-02   3.0250000e-02
   1.5000000e+01   7.0000000e+00   5.9431033e-16   3.6343750e-02   3.6343750e-02
   1.6000000e+01   7.0000000e+00   7.1986113e-16   2.0578125e-02   2.0578125e-02
   1.7000000e+01   7.0000000e+00   6.6514757e-16   3.7406250e-02   3.7406250e-02
   1.8000000e+01   7.0000000e+00   9.1404794e-16   8.9875000e-02   8.9875000e-02
   1.9000000e+01   7.0000000e+00   1.1860876e-15   1.5340625e-01   1.5340625e-01
   2.0000000e+01   7.0000000e+00   1.2366843e-15   1.7375000e-01   1.7375000e-01
   2.1000000e+01   7.0000000e+00   1.1413548e-15   1.5423437e-01   1.5423437e-01
   2.2000000e+01   7.0000000e+00   1.1502960e-15   1.7037500e-01   1.7037500e-01
   2.3000000e+01   7.0000000e+00   1.0653679e-15   1.5739062e-01   1.5739062e-01
   2.4000000e+01   7.0000000e+00   1.0728635e-15   1.1006250e-01   1.1006250e-01
   2.5000000e+01   7.0000000e+00   7.1097936e-16   6.1703125e-02   6.1703125e-02
   2.6000000e+01   7.0000000e+00   6.5335528e-16   2.3812500e-02   2.3812500e-02
   2.7000000e+01   7.0000000e+00   5.1786456e-16   2.7750000e-02   2.7750000e-02
   2.8000000e+01   7.0000000e+00   7.0640303e-16   4.1062500e-02   4.1062500e-02
   2.9000000e+01   7.0000000e+00   6.2311607e-16   5.3031250e-02   5.3031250e-02
   3.0000000e+01   7.0000000e+00   6.3284214e-16   3.3656250e-02   3.3656250e-02
   3.1000000e+01   7.0000000e+00   5.8453604e-16   4.0218750e-02   4.0218750e-02
   3.2000000e+01   7.0000000e+00   5.1378072e-16   3.7984375e-02   3.7984375e-02
   3.3000000e+01   7.0000000e+00   5.8027318e-16   3.4875000e-02   3.4875000e-02
   3.4000000e+01   7.0000000e+00   6.2584253e-16   3.5359375e-02   3.5359375e-02
   3.5000000e+01   7.0000000e+00   6.8241715e-16   6.3687500e-02   6.3687500e-02
   1.0000000e+00   8.0000000e+00   9.0424549e-16   1.1082812e-01   1.1082812e-01
   2.0000000e+00   8.0000000e+00   1.2939712e-15   1.7692187e-01   1.7692187e-01
   3.0000000e+00   8.0000000e+00   1.3241951e-15   1.8034375e-01   1.8034375e-01
   4.0000000e+00   8.0000000e+00   1.0562677e-15   1.5068750e-01   1.5068750e-01
   5.0000000e+00   8.0000000e+00   1.0631760e-15   1.6320312e-01   1.6320312e-01
   6.0000000e+00   8.0000000e+00   1.2733747e-15   1.9423437e-01   1.9423437e-01
   7.0000000e+00   8.0000000e+00   1.2582127e-15   1.5625000e-01   1.5625000e-01
   8.0000000e+00   8.0000000e+00   7.6075743e-16   8.1640625e-02   8.1640625e-02
   9.0000000e+00   8.0000000e+00   5.5926580e-16   2.8734375e-02   2.8734375e-02
   1.0000000e+01   8.0000000e+00   6.3381434e-16   3.1062500e-02   3.1062500e-02
   1.1000000e+01   8.0000000e+00   5.9377431e-16   2.5015625e-02   2.5015625e-02
   1.2000000e+01   8.0000000e+00   5.2733145e-16   1.6187500e-02   1.6187500e-02
   1.3000000e+01   8.0000000e+00   6.5788670e-16   2.8109375e-02   2.8109375e-02
   1.4000000e+01   8.0000000e+00   6.4682710e-16   2.5343750e-02   2.5343750e-02
   1.5000000e+01   8.0000000e+00   5.3407898e-16   2.0468750e-02   2.0468750e-02
   1.6000000e+01   8.0000000e+00   7.0950562e-16   3.6093750e-02   3.6093750e-02
   1.7000000e+01   8.0000000e+00   6.1793591e-16   3.6187500e-02   3.6187500e-02
   1.8000000e+01   8.0000000e+00   1.0460063e-15   1.0478125e-01   1.0478125e-01
   1.9000000e+01   8.0000000e+00   1.2528626e-15   1.7321875e-01   1.7321875e-01
   2.0000000e+01   8.0000000e+00   1.1724830e-15   1.5567187e-01   1.5567187e-01
   2.1000000e+01   8.0000000e+00   9.8840958e-16   1.2287500e-01   1.2287500e-01
   2.2000000e+01   8.0000000e+00   9.6087070e-16   1.2340625e-01   1.2340625e-01
   2.3000000e+01   8.0000000e+00   1.1611827e-15   1.5200000e-01   1.5200000e-01
   2.4000000e+01   8.0000000e+00   1.1683538e-15   1.3776562e-01   1.3776562e-01
   2.5000000e+01   8.0000000e+00   7.0857304e-16   4.9703125e-02   4.9703125e-02
   2.6000000e+01   8.0000000e+00   5.5662523e-16   3.2671875e-02   3.2671875e-02
   2.7000000e+01   8.0000000e+00   5.5834339e-16   2.8390625e-02   2.8390625e-02
   2.8000000e+01   8.0000000e+00   5.9754832e-16   3.6875000e-02   3.6875000e-02
   2.9000000e+01   8.0000000e+00   6.5102179e-16   5.0359375e-02   5.0359375e-02
   3.0000000e+01   8.0000000e+00   6.7931503e-16   5.1531250e-02   5.1531250e-02
   3.1000000e+01   8.0000000e+00   6.0173092e-16   2.8484375e-02   2.8484375e-02
   3.2000000e+01   8.0000000e+00   5.3801998e-16   3.1406250e-02   3.1406250e-02
   3.3000000e+01   8.0000000e+00   5.9050701e-16   2.5859375e-02   2.5859375e-02
   3.4000000e+01   8.0000000e+00   5.8743884e-16   3.9203125e-02   3.9203125e-02
   3.5000000e+01   8.0000000e+00   8.0576423e-16   7.1328125e-02   7.1328125e-02
   1.0000000e+00   9.0000000e+00   7.4634356e-16   6.5296875e-02   6.5296875e-02
   2.0000000e+00   9.0000000e+00   9.1169448e-16   1.3737500e-01   1.3737500e-01
   3.0000000e+00   9.0000000e+00   1.3307291e-15   1.8060937e-01   1.8060937e-01
   4.0000000e+00   9.0000000e+00   1.2012474e-15   1.9565625e-01   1.9565625e-01
   5.0000000e+00   9.0000000e+00   1.2551166e-15   1.9371875e-01   1.9371875e-01
   6.0000000e+00   9.0000000e+00   1.1196096e-15   1.7037500e-01   1.7037500e-01
   7.0000000e+00   9.0000000e+00   1.0018392e-15   1.3145312e-01   1.3145312e-01
   8.0000000e+00   9.0000000e+00   7.0437655e-16   5.4937500e-02   5.4937500e-02
   9.0000000e+00   9.0000000e+00   6.2167098e-16   4.2125000e-02   4.2125000e-02
   1.0000000e+01   9.0000000e+00   4.9378417e-16   3.5812500e-02   3.5812500e-02
   1.1000000e+01   9.0000000e+00   5.0927387e-16   2.9468750e-02   2.9468750e-02
   1.2000000e+01   9.0000000e+00   5.4880618e-16   1.4953125e-02   1.4953125e-02
   1.3000000e+01   9.0000000e+00   5.3684864e-16   2.4031250e-02   2.4031250e-02
   1.4000000e+01   9.0000000e+00   5.6437356e-16   2.4718750e-02   2.4718750e-02
   1.5000000e+01   9.0000000e+00   5.8764006e-16   1.8171875e-02   1.8171875e-02
   1.6000000e+01   9.0000000e+00   5.8523074e-16   3.6546875e-02   3.6546875e-02
   1.7000000e+01   9.0000000e+00   6.3425327e-16   3.3265625e-02   3.3265625e-02
   1.8000000e+01   9.0000000e+00   7.3778282e-16   7.6140625e-02   7.6140625e-02
   1.9000000e+01   9.0000000e+00   9.5807817e-16   1.4739062e-01   1.4739062e-01
   2.0000000e+01   9.0000000e+00   1.0491766e-15   1.5064062e-01   1.5064062e-01
   2.1000000e+01   9.0000000e+00   9.8435502e-16   1.3510937e-01   1.3510937e-01
   2.2000000e+01   9.0000000e+00   1.0190878e-15   1.1014062e-01   1.1014062e-01
   2.3000000e+01   9.0000000e+00   1.0539490e-15   1.2485937e-01   1.2485937e-01
   2.4000000e+01   9.0000000e+00   1.0808412e-15   1.1676562e-01   1.1676562e-01
   2.5000000e+01   9.0000000e+00   6.9242984e-16   4.7421875e-02   4.7421875e-02
   2.6000000e+01   9.0000000e+00   6.0286652e-16   2.3265625e-02   2.3265625e-02
   2.7000000e+01   9.0000000e+00   4.9998984e-16   1.8312500e-02   1.8312500e-02
   2.8000000e+01   9.0000000e+00   4.5492199e-16   2.3843750e-02   2.3843750e-02
   2.9000000e+01   9.0000000e+00   5.5863220e-16   2.6500000e-02   2.6500000e-02
   3.0000000e+01   9.0000000e+00   5.0308703e-16   2.3500000e-02   2.3500000e-02
   3.1000000e+01   9.0000000e+00   6.8882236e-16   2.9312500e-02   2.9312500e-02
   3.2000000e+01   9.0000000e+00   6.0224353e-16   1.7937500e-02   1.7937500e-02
   3.3000000e+01   9.0000000e+00   5.3185417e-16   1.5312500e-02   1.5312500e-02
   3.4000000e+01   9.0000000e+00   6.0730613e-16   2.7453125e-02   2.7453125e-02
   3.5000000e+01   9.0000000e+00   9.1487960e-16   8.0703125e-02   8.0703125e-02
   1.0000000e+00   1.0000000e+01   6.4089657e-16   4.1359375e-02   4.1359375e-02
   2.0000000e+00   1.0000000e+01   7.2240240e-16   6.0734375e-02   6.0734375e-02
   3.0000000e+00   1.0000000e+01   9.7503852e-16   1.1368750e-01   1.1368750e-01
   4.0000000e+00   1.0000000e+01   1.1236820e-15   1.4023437e-01   1.4023437e-01
   5.0000000e+00   1.0000000e+01   1.0001426e-15   1.3953125e-01   1.3953125e-01
   6.0000000e+00   1.0000000e+01   9.9503523e-16   1.1515625e-01   1.1515625e-01
   7.0000000e+00   1.0000000e+01   7.1286785e-16   7.9937500e-02   7.9937500e-02
   8.0000000e+00   1.0000000e+01   6.6799775e-16   4.3765625e-02   4.3765625e-02
   9.0000000e+00   1.0000000e+01   5.9202167e-16   2.9000000e-02   2.9000000e-02
   1.0000000e+01   1.0000000e+01   5.8547657e-16   3.7781250e-02   3.7781250e-02
   1.1000000e+01   1.0000000e+01   5.7246907e-16   4.3796875e-02   4.3796875e-02
   1.2000000e+01   1.0000000e+01   5.0923482e-16   1.8828125e-02   1.8828125e-02
   1.3000000e+01   1.0000000e+01   5.3692787e-16   2.6750000e-02   2.6750000e-02
   1.4000000e+01   1.0000000e+01   5.8115659e-16   4.5656250e-02   4.5656250e-02
   1.5000000e+01   1.0000000e+01   5.8681652e-16   3.4109375e-02   3.4109375e-02
   1.6000000e+01   1.0000000e+01   5.7321661e-16   3.6156250e-02   3.6156250e-02
   1.7000000e+01   1.0000000e+01   6.0664367e-16   3.7468750e-02   3.7468750e-02
   1.8000000e+01   1.0000000e+01   8.3353829e-16   6.0171875e-02   6.0171875e-02
   1.9000000e+01   1.0000000e+01   1.0444022e-15   1.1282812e-01   1.1282812e-01
   2.0000000e+01   1.0000000e+01   1.2555928e-15   1.4937500e-01   1.4937500e-01
   2.1000000e+01   1.0000000e+01   1.2204013e-15   1.5753125e-01   1.5753125e-01
   2.2000000e+01   1.0000000e+01   1.0482364e-15   1.2342187e-01   1.2342187e-01
   2.3000000e+01   1.0000000e+01   1.1318075e-15   1.1951562e-01   1.1951562e-01
   2.4000000e+01   1.0000000e+01   9.6754282e-16   8.1328125e-02   8.1328125e-02
   2.5000000e+01   1.0000000e+01   5.9053619e-16   3.1046875e-02   3.1046875e-02
   2.6000000e+01   1.0000000e+01   6.3420468e-16   2.4421875e-02   2.4421875e-02
   2.7000000e+01   1.0000000e+01   5.4585799e-16   1.8765625e-02   1.8765625e-02
   2.8000000e+01   1.0000000e+01   5.8366886e-16   2.2640625e-02   2.2640625e-02
   2.9000000e+01   1.0000000e+01   6.8291696e-16   3.1046875e-02   3.1046875e-02
   3.0000000e+01   1.0000000e+01   5.0747661e-16   1.6421875e-02   1.6421875e-02
   3.1000000e+01   1.0000000e+01   5.2603744e-16   1.7890625e-02   1.7890625e-02
   3.2000000e+01   1.0000000e+01   5.7582902e-16   2.2468750e-02   2.2468750e-02
   3.3000000e+01   1.0000000e+01   5.8663194e-16   1.9843750e-02   1.9843750e-02
   3.4000000e+01   1.0000000e+01   6.4034311e-16   1.6859375e-02   1.6859375e-02
   3.5000000e+01   1.0000000e+01   7.8780771e-16   6.0078125e-02   6.0078125e-02
   1.0000000e+00   1.1000000e+01   6.4405488e-16   4.0093750e-02   4.0093750e-02
   2.0000000e+00   1.1000000e+01   6.1904234e-16   2.9468750e-02   2.9468750e-02
   3.0000000e+00   1.1000000e+01   8.0842637e-16   4.4015625e-02   4.4015625e-02
   4.0000000e+00   1.1000000e+01   7.7944934e-16   5.5312500e-02   5.5312500e-02
   5.0000000e+00   1.1000000e+01   6.8850534e-16   5.4859375e-02   5.4859375e-02
   6.0000000e+00   1.1000000e+01   7.6083515e-16   5.3531250e-02   5.3531250e-02
   7.0000000e+00   1.1000000e+01   7.0854334e-16   4.6281250e-02   4.6281250e-02
   8.0000000e+00   1.1000000e+01   6.5816415e-16   4.8921875e-02   4.8921875e-02
   9.0000000e+00   1.1000000e+01   7.0866269e-16   6.1968750e-02   6.1968750e-02
   1.0000000e+01   1.1000000e+01   6.5964906e-16   7.7968750e-02   7.7968750e-02
   1.1000000e+01   1.1000000e+01   8.7874397e-16   7.9843750e-02   7.9843750e-02
   1.2000000e+01   1.1000000e+01   6.1360413e-16   2.6765625e-02   2.6765625e-02
   1.3000000e+01   1.1000000e+01   7.0235009e-16   4.2062500e-02   4.2062500e-02
   1.4000000e+01   1.1000000e+01   5.6393158e-16   5.7015625e-02   5.7015625e-02
   1.5000000e+01   1.1000000e+01   5.6729493e-16   4.6187500e-02   4.6187500e-02
   1.6000000e+01   1.1000000e+01   6.4607715e-16   4.3593750e-02   4.3593750e-02
   1.7000000e+01   1.1000000e+01   6.3065129e-16   2.2687500e-02   2.2687500e-02
   1.8000000e+01   1.1000000e+01   6.4443374e-16   4.4125000e-02   4.4125000e-02
   1.9000000e+01   1.1000000e+01   7.7981293e-16   5.8015625e-02   5.8015625e-02
   2.0000000e+01   1.1000000e+01   7.7461564e-16   7.4328125e-02   7.4328125e-02
   2.1000000e+01   1.1000000e+01   9.2334173e-16   8.6265625e-02   8.6265625e-02
   2.2000000e+01   1.1000000e+01   8.9740454e-16   9.2125000e-02   9.2125000e-02
   2.3000000e+01   1.1000000e+01   7.9672015e-16   6.2828125e-02   6.2828125e-02
   2.4000000e+01   1.1000000e+01   7.1385143e-16   3.6796875e-02   3.6796875e-02
   2.5000000e+01   1.1000000e+01   6.7622112e-16   2.2718750e-02   2.2718750e-02
   2.6000000e+01   1.1000000e+01   5.0890982e-16   1.4218750e-02   1.4218750e-02
   2.7000000e+01   1.1000000e+01   5.4786478e-16   1.8156250e-02   1.8156250e-02
   2.8000000e+01   1.1000000e+01   5.5465522e-16   1.6312500e-02   1.6312500e-02
   2.9000000e+01   1.1000000e+01   6.1818316e-16   1.8250000e-02   1.8250000e-02
   3.0000000e+01   1.1000000e+01   6.1165166e-16   2.0796875e-02   2.0796875e-02
   3.1000000e+01   1.1000000e+01   6.2622616e-16   1.6921875e-02   1.6921875e-02
   3.2000000e+01   1.1000000e+01   5.3278542e-16   1.4921875e-02   1.4921875e-02
   3.3000000e+01   1.1000000e+01   6.0052620e-16   2.0015625e-02   2.0015625e-02
   3.4000000e+01   1.1000000e+01   5.6820424e-16   1.8437500e-02   1.8437500e-02
   3.5000000e+01   1.1000000e+01   5.5265576e-16   3.6250000e-02   3.6250000e-02
   1.0000000e+00   1.2000000e+01   6.1516933e-16   2.0328125e-02   2.0328125e-02
   2.0000000e+00   1.2000000e+01   5.4565811e-16   2.4156250e-02   2.4156250e-02
   3.0000000e+00   1.2000000e+01   6.0305170e-16   3.6421875e-02   3.6421875e-02
   4.0000000e+00   1.2000000e+01   6.5106596e-16   3.3390625e-02   3.3390625e-02
   5.0000000e+00   1.2000000e+01   6.9870476e-16   2.7718750e-02   2.7718750e-02
   6.0000000e+00   1.2000000e+01   6.6561993e-16   5.5187500e-02   5.5187500e-02
   7.0000000e+00   1.2000000e+01   5.5664251e-16   4.2343750e-02   4.2343750e-02
   8.0000000e+00   1.2000000e+01   5.9987476e-16   6.4531250e-02   6.4531250e-02
   9.0000000e+00   1.2000000e+01   9.4763174e-16   1.1607812e-01   1.1607812e-01
   1.0000000e+01   1.2000000e+01   8.4587613e-16   1.1885937e-01   1.1885937e-01
   1.1000000e+01   1.2000000e+01   8.3648908e-16   8.1031250e-02   8.1031250e-02
   1.2000000e+01   1.2000000e+01   6.6028506e-16   2.6265625e-02   2.6265625e-02
   1.3000000e+01   1.2000000e+01   8.4719021e-16   5.8156250e-02   5.8156250e-02
   1.4000000e+01   1.2000000e+01   9.2778801e-16   1.0950000e-01   1.0950000e-01
   1.5000000e+01   1.2000000e+01   1.0523946e-15   1.1575000e-01   1.1575000e-01
   1.6000000e+01   1.2000000e+01   9.0728278e-16   8.5062500e-02   8.5062500e-02
   1.7000000e+01   1.2000000e+01   7.4953837e-16   4.0203125e-02   4.0203125e-02
   1.8000000e+01   1.2000000e+01   6.6666769e-16   3.4359375e-02   3.4359375e-02
   1.9000000e+01   1.2000000e+01   5.8391947e-16   2.7484375e-02   2.7484375e-02
   2.0000000e+01   1.2000000e+01   6.8697039e-16   3.3109375e-02   3.3109375e-02
   2.1000000e+01   1.2000000e+01   5.9636478e-16   3.9375000e-02   3.9375000e-02
   2.2000000e+01   1.2000000e+01   6.4211132e-16   2.7734375e-02   2.7734375e-02
   2.3000000e+01   1.2000000e+01   6.9649307e-16   3.0578125e-02   3.0578125e-02
   2.4000000e+01   1.2000000e+01   6.6675368e-16   1.8156250e-02   1.8156250e-02
   2.5000000e+01   1.2000000e+01   6.0209247e-16   1.8250000e-02   1.8250000e-02
   2.6000000e+01   1.2000000e+01   5.5256416e-16   1.7468750e-02   1.7468750e-02
   2.7000000e+01   1.2000000e+01   5.2199467e-16   1.8265625e-02   1.8265625e-02
   2.8000000e+01   1.2000000e+01   6.6444796e-16   2.0765625e-02   2.0765625e-02
   2.9000000e+01   1.2000000e+01   6.3739056e-16   2.3078125e-02   2.3078125e-02
   3.0000000e+01   1.2000000e+01   5.9068056e-16   2.5375000e-02   2.5375000e-02
   3.1000000e+01   1.2000000e+01   5.6949601e-16   1.6781250e-02   1.6781250e-02
   3.2000000e+01   1.2000000e+01   5.7608017e-16   1.6453125e-02   1.6453125e-02
   3.3000000e+01   1.2000000e+01   5.9299132e-16   1.4718750e-02   1.4718750e-02
   3.4000000e+01   1.2000000e+01   5.9012164e-16   1.7453125e-02   1.7453125e-02
   3.5000000e+01   1.2000000e+01   6.8029458e-16   2.0656250e-02   2.0656250e-02
   1.0000000e+00   1.3000000e+01   6.6216811e-16   2.5046875e-02   2.5046875e-02
   2.0000000e+00   1.3000000e+01   6.1247445e-16   2.2671875e-02   2.2671875e-02
   3.0000000e+00   1.3000000e+01   5.5894425e-16   2.5015625e-02   2.5015625e-02
   4.0000000e+00   1.3000000e+01   5.8682025e-16   3.2484375e-02   3.2484375e-02
   5.0000000e+00   1.3000000e+01   5.6804705e-16   2.7671875e-02   2.7671875e-02
   6.0000000e+00   1.3000000e+01   6.6885025e-16   4.0562500e-02   4.0562500e-02
   7.0000000e+00   1.3000000e+01   7.1675026e-16   4.4390625e-02   4.4390625e-02
   8.0000000e+00   1.3000000e+01   6.9280515e-16   7.9781250e-02   7.9781250e-02
   9.0000000e+00   1.3000000e+01   7.8597892e-16   9.7703125e-02   9.7703125e-02
   1.0000000e+01   1.3000000e+01   6.2061646e-16   5.1781250e-02   5.1781250e-02
   1.1000000e+01   1.3000000e+01   5.2469547e-16   2.1640625e-02   2.1640625e-02
   1.2000000e+01   1.3000000e+01   5.7191783e-16   2.0078125e-02   2.0078125e-02
   1.3000000e+01   1.3000000e+01   7.4076922e-16   4.0078125e-02   4.0078125e-02
   1.4000000e+01   1.3000000e+01   7.9602758e-16   8.5906250e-02   8.5906250e-02
   1.5000000e+01   1.3000000e+01   1.3516169e-15   1.8625000e-01   1.8625000e-01
   1.6000000e+01   1.3000000e+01   1.2498931e-15   1.7015625e-01   1.7015625e-01
   1.7000000e+01   1.3000000e+01   8.9122776e-16   7.1546875e-02   7.1546875e-02
   1.8000000e+01   1.3000000e+01   6.9671230e-16   3.0328125e-02   3.0328125e-02
   1.9000000e+01   1.3000000e+01   5.3845363e-16   2.8734375e-02   2.8734375e-02
   2.0000000e+01   1.3000000e+01   6.7557243e-16   1.8015625e-02   1.8015625e-02
   2.1000000e+01   1.3000000e+01   7.0480540e-16   2.5562500e-02   2.5562500e-02
   2.2000000e+01   1.3000000e+01   5.3774416e-16   2.1265625e-02   2.1265625e-02
   2.3000000e+01   1.3000000e+01   5.5847311e-16   2.1015625e-02   2.1015625e-02
   2.4000000e+01   1.3000000e+01   5.2253308e-16   1.4625000e-02   1.4625000e-02
   2.5000000e+01   1.3000000e+01   5.6670025e-16   1.7640625e-02   1.7640625e-02
   2.6000000e+01   1.3000000e+01   5.1131195e-16   2.0593750e-02   2.0593750e-02
   2.7000000e+01   1.3000000e+01   5.0843529e-16   1.8046875e-02   1.8046875e-02
   2.8000000e+01   1.3000000e+01   5.2368697e-16   2.4765625e-02   2.4765625e-02
   2.9000000e+01   1.3000000e+01   5.4758310e-16   1.7015625e-02   1.7015625e-02
   3.0000000e+01   1.3000000e+01   5.6066596e-16   2.1750000e-02   2.1750000e-02
   3.1000000e+01   1.3000000e+01   5.7719621e-16   2.1390625e-02   2.1390625e-02
   3.2000000e+01   1.3000000e+01   5.4457311e-16   2.0234375e-02   2.0234375e-02
   3.3000000e+01   1.3000000e+01   5.2644134e-16   1.4593750e-02   1.4593750e-02
   3.4000000e+01   1.3000000e+01   5.2170030e-16   2.0718750e-02   2.0718750e-02
   3.5000000e+01   1.3000000e+01   5.2388954e-16   1.5265625e-02   1.5265625e-02
   1.0000000e+00   1.4000000e+01   6.3390045e-16   1.9656250e-02   1.9656250e-02
   2.0000000e+00   1.4000000e+01   5.3209882e-16   2.1984375e-02   2.1984375e-02
   3.0000000e+00   1.4000000e+01   5.9686108e-16   2.4781250e-02   2.4781250e-02
   4.0000000e+00   1.4000000e+01   6.2705622e-16   2.5921875e-02   2.5921875e-02
   5.0000000e+00   1.4000000e+01   6.4036979e-16   3.3593750e-02   3.3593750e-02
   6.0000000e+00   1.4000000e+01   7.4450425e-16   3.2359375e-02   3.2359375e-02
   7.0000000e+00   1.4000000e+01   5.6167969e-16   2.8078125e-02   2.8078125e-02
   8.0000000e+00   1.4000000e+01   7.2517720e-16   4.5015625e-02   4.5015625e-02
   9.0000000e+00   1.4000000e+01   6.1223806e-16   2.8046875e-02   2.8046875e-02
   1.0000000e+01   1.4000000e+01   6.6400122e-16   1.8718750e-02   1.8718750e-02
   1.1000000e+01   1.4000000e+01   5.0740179e-16   1.5937500e-02   1.5937500e-02
   1.2000000e+01   1.4000000e+01   6.1447231e-16   2.9843750e-02   2.9843750e-02
   1.3000000e+01   1.4000000e+01   6.1365780e-16   2.1937500e-02   2.1937500e-02
   1.4000000e+01   1.4000000e+01   7.4257655e-16   3.9203125e-02   3.9203125e-02
   1.5000000e+01   1.4000000e+01   1.0431352e-15   1.1501562e-01   1.1501562e-01
   1.6000000e+01   1.4000000e+01   1.0567626e-15   1.4673437e-01   1.4673437e-01
   1.7000000e+01   1.4000000e+01   7.7740277e-16   7.1171875e-02   7.1171875e-02
   1.8000000e+01   1.4000000e+01   6.1693013e-16   2.6750000e-02   2.6750000e-02
   1.9000000e+01   1.4000000e+01   6.4872046e-16   3.1593750e-02   3.1593750e-02
   2.0000000e+01   1.4000000e+01   6.1959386e-16   2.8906250e-02   2.8906250e-02
   2.1000000e+01   1.4000000e+01   4.7549226e-16   1.3687500e-02   1.3687500e-02
   2.2000000e+01   1.4000000e+01   4.8879536e-16   1.8953125e-02   1.8953125e-02
   2.3000000e+01   1.4000000e+01   5.4177291e-16   1.7171875e-02   1.7171875e-02
   2.4000000e+01   1.4000000e+01   5.4719020e-16   1.4609375e-02   1.4609375e-02
   2.5000000e+01   1.4000000e+01   5.3680628e-16   1.8968750e-02   1.8968750e-02
   2.6000000e+01   1.4000000e+01   5.6527823e-16   3.0718750e-02   3.0718750e-02
   2.7000000e+01   1.4000000e+01   5.1624817e-16   1.9265625e-02   1.9265625e-02
   2.8000000e+01   1.4000000e+01   5.0132458e-16   1.6765625e-02   1.6765625e-02
   2.9000000e+01   1.4000000e+01   4.9142929e-16   1.8671875e-02   1.8671875e-02
   3.0000000e+01   1.4000000e+01   6.0950672e-16   3.6750000e-02   3.6750000e-02
   3.1000000e+01   1.4000000e+01   6.1250198e-16   2.8093750e-02   2.8093750e-02
   3.2000000e+01   1.4000000e+01   4.6413807e-16   1.7640625e-02   1.7640625e-02
   3.3000000e+01   1.4000000e+01   5.0038615e-16   2.0218750e-02   2.0218750e-02
   3.4000000e+01   1.4000000e+01   4.9770545e-16   3.0156250e-02   3.0156250e-02
   3.5000000e+01   1.4000000e+01   4.8693816e-16   1.6656250e-02   1.6656250e-02
   1.0000000e+00   1.5000000e+01   5.8863300e-16   2.8843750e-02   2.8843750e-02
   2.0000000e+00   1.5000000e+01   6.3509361e-16   3.1625000e-02   3.1625000e-02
   3.0000000e+00   1.5000000e+01   5.7760839e-16   2.7312500e-02   2.7312500e-02
   4.0000000e+00   1.5000000e+01   5.1909328e-16   1.8484375e-02   1.8484375e-02
   5.0000000e+00   1.5000000e+01   6.1806601e-16   2.6750000e-02   2.6750000e-02
   6.0000000e+00   1.5000000e+01   5.0770367e-16   1.7328125e-02   1.7328125e-02
   7.0000000e+00   1.5000000e+01   5.1157823e-16   2.3578125e-02   2.3578125e-02
   8.0000000e+00   1.5000000e+01   6.3540705e-16   2.9328125e-02   2.9328125e-02
   9.0000000e+00   1.5000000e+01   5.3640381e-16   2.7109375e-02   2.7109375e-02
   1.0000000e+01   1.5000000e+01   5.4723389e-16   2.0375000e-02   2.0375000e-02
   1.1000000e+01   1.5000000e+01   6.3281031e-16   2.0765625e-02   2.0765625e-02
   1.2000000e+01   1.5000000e+01   7.3001644e-16   6.0984375e-02   6.0984375e-02
   1.3000000e+01   1.5000000e+01   6.4674802e-16   3.3968750e-02   3.3968750e-02
   1.4000000e+01   1.5000000e+01   4.7912603e-16   1.5843750e-02   1.5843750e-02
   1.5000000e+01   1.5000000e+01   6.3270735e-16   4.0750000e-02   4.0750000e-02
   1.6000000e+01   1.5000000e+01   7.1323736e-16   5.3406250e-02   5.3406250e-02
   1.7000000e+01   1.5000000e+01   6.4352263e-16   3.8984375e-02   3.8984375e-02
   1.8000000e+01   1.5000000e+01   5.0541919e-16   1.9828125e-02   1.9828125e-02
   1.9000000e+01   1.5000000e+01   4.7223578e-16   1.8531250e-02   1.8531250e-02
   2.0000000e+01   1.5000000e+01   8.8450557e-16   4.3140625e-02   4.3140625e-02
   2.1000000e+01   1.5000000e+01   1.1540870e-15   3.7203125e-02   3.7203125e-02
   2.2000000e+01   1.5000000e+01   1.3542505e-15   3.2406250e-02   3.2406250e-02
   2.3000000e+01   1.5000000e+01   9.1238424e-16   2.6031250e-02   2.6031250e-02
   2.4000000e+01   1.5000000e+01   5.6503674e-16   2.3453125e-02   2.3453125e-02
   2.5000000e+01   1.5000000e+01   6.1778962e-16   2.1250000e-02   2.1250000e-02
   2.6000000e+01   1.5000000e+01   5.2255981e-16   1.9734375e-02   1.9734375e-02
   2.7000000e+01   1.5000000e+01   5.7256200e-16   1.9765625e-02   1.9765625e-02
   2.8000000e+01   1.5000000e+01   6.3270819e-16   1.9500000e-02   1.9500000e-02
   2.9000000e+01   1.5000000e+01   6.5634758e-16   4.7109375e-02   4.7109375e-02
   3.0000000e+01   1.5000000e+01   6.5415442e-16   4.7046875e-02   4.7046875e-02
   3.1000000e+01   1.5000000e+01   5.7528250e-16   1.9140625e-02   1.9140625e-02
   3.2000000e+01   1.5000000e+01   6.9143803e-16   2.8531250e-02   2.8531250e-02
   3.3000000e+01   1.5000000e+01   5.7796123e-16   2.0500000e-02   2.0500000e-02
   3.4000000e+01   1.5000000e+01   6.6861706e-16   2.4718750e-02   2.4718750e-02
   3.5000000e+01   1.5000000e+01   5.6176938e-16   2.1796875e-02   2.1796875e-02
   1.0000000e+00   1.6000000e+01   7.2060972e-16   3.5781250e-02   3.5781250e-02
   2.0000000e+00   1.6000000e+01   6.1554345e-16   2.5093750e-02   2.5093750e-02
   3.0000000e+00   1.6000000e+01   6.3699448e-16   2.0000000e-02   2.0000000e-02
   4.0000000e+00   1.6000000e+01   6.1255659e-16   2.5953125e-02   2.5953125e-02
   5.0000000e+00   1.6000000e+01   6.5402617e-16   1.9578125e-02   1.9578125e-02
   6.0000000e+00   1.6000000e+01   6.0410838e-16   3.5015625e-02   3.5015625e-02
   7.0000000e+00   1.6000000e+01   6.7356038e-16   5.0812500e-02   5.0812500e-02
   8.0000000e+00   1.6000000e+01   8.1685540e-16   8.2921875e-02   8.2921875e-02
   9.0000000e+00   1.6000000e+01   7.6529262e-16   6.7781250e-02   6.7781250e-02
   1.0000000e+01   1.6000000e+01   4.9378691e-16   4.0984375e-02   4.0984375e-02
   1.1000000e+01   1.6000000e+01   4.4314518e-16   2.1843750e-02   2.1843750e-02
   1.2000000e+01   1.6000000e+01   6.3789485e-16   3.2906250e-02   3.2906250e-02
   1.3000000e+01   1.6000000e+01   5.1702312e-16   2.5890625e-02   2.5890625e-02
   1.4000000e+01   1.6000000e+01   5.6249769e-16   3.3234375e-02   3.3234375e-02
   1.5000000e+01   1.6000000e+01   8.1617272e-16   1.0682812e-01   1.0682812e-01
   1.6000000e+01   1.6000000e+01   9.2756979e-16   1.2496875e-01   1.2496875e-01
   1.7000000e+01   1.6000000e+01   8.2258112e-16   8.0546875e-02   8.0546875e-02
   1.8000000e+01   1.6000000e+01   5.7103773e-16   3.4468750e-02   3.4468750e-02
   1.9000000e+01   1.6000000e+01   5.8023329e-16   2.4109375e-02   2.4109375e-02
   2.0000000e+01   1.6000000e+01   5.6440543e-16   2.6640625e-02   2.6640625e-02
   2.1000000e+01   1.6000000e+01   4.6106797e-16   1.5359375e-02   1.5359375e-02
   2.2000000e+01   1.6000000e+01   4.6764218e-16   1.6453125e-02   1.6453125e-02
   2.3000000e+01   1.6000000e+01   6.1240077e-16   2.2187500e-02   2.2187500e-02
   2.4000000e+01   1.6000000e+01   5.2484354e-16   1.7500000e-02   1.7500000e-02
   2.5000000e+01   1.6000000e+01   6.1600508e-16   2.2406250e-02   2.2406250e-02
   2.6000000e+01   1.6000000e+01   5.8502115e-16   1.8546875e-02   1.8546875e-02
   2.7000000e+01   1.6000000e+01   6.2259742e-16   1.7640625e-02   1.7640625e-02
   2.8000000e+01   1.6000000e+01   4.9247121e-16   2.4265625e-02   2.4265625e-02
   2.9000000e+01   1.6000000e+01   7.2912105e-16   6.9937500e-02   6.9937500e-02
   3.0000000e+01   1.6000000e+01   8.2956441e-16   6.0625000e-02   6.0625000e-02
   3.1000000e+01   1.6000000e+01   6.7312054e-16   2.4890625e-02   2.4890625e-02
   3.2000000e+01   1.6000000e+01   6.3167530e-16   1.8562500e-02   1.8562500e-02
   3.3000000e+01   1.6000000e+01   5.2529200e-16   1.5875000e-02   1.5875000e-02
   3.4000000e+01   1.6000000e+01   4.7902159e-16   1.9625000e-02   1.9625000e-02
   3.5000000e+01   1.6000000e+01   5.1334362e-16   1.8375000e-02   1.8375000e-02
   1.0000000e+00   1.7000000e+01   6.5336289e-16   3.7375000e-02   3.7375000e-02
   2.0000000e+00   1.7000000e+01   5.3278052e-16   2.3703125e-02   2.3703125e-02
   3.0000000e+00   1.7000000e+01   5.5429257e-16   2.1171875e-02   2.1171875e-02
   4.0000000e+00   1.7000000e+01   6.0691609e-16   2.8843750e-02   2.8843750e-02
   5.0000000e+00   1.7000000e+01   5.7765478e-16   1.6031250e-02   1.6031250e-02
   6.0000000e+00   1.7000000e+01   6.0625429e-16   2.7343750e-02   2.7343750e-02
   7.0000000e+00   1.7000000e+01   7.0830171e-16   4.1312500e-02   4.1312500e-02
   8.0000000e+00   1.7000000e+01   8.7824988e-16   7.4734375e-02   7.4734375e-02
   9.0000000e+00   1.7000000e+01   1.0575265e-15   1.2884375e-01   1.2884375e-01
   1.0000000e+01   1.7000000e+01   9.7940914e-16   9.5484375e-02   9.5484375e-02
   1.1000000e+01   1.7000000e+01   7.5670464e-16   4.4625000e-02   4.4625000e-02
   1.2000000e+01   1.7000000e+01   6.5478677e-16   2.7921875e-02   2.7921875e-02
   1.3000000e+01   1.7000000e+01   7.1824173e-16   4.7125000e-02   4.7125000e-02
   1.4000000e+01   1.7000000e+01   1.1332313e-15   1.3284375e-01   1.3284375e-01
   1.5000000e+01   1.7000000e+01   1.2716460e-15   1.8106250e-01   1.8106250e-01
   1.6000000e+01   1.7000000e+01   1.1578690e-15   1.4617187e-01   1.4617187e-01
   1.7000000e+01   1.7000000e+01   6.9411469e-16   6.8390625e-02   6.8390625e-02
   1.8000000e+01   1.7000000e+01   6.5253549e-16   3.0281250e-02   3.0281250e-02
   1.9000000e+01   1.7000000e+01   5.8004244e-16   2.8953125e-02   2.8953125e-02
   2.0000000e+01   1.7000000e+01   5.4383281e-16   2.2328125e-02   2.2328125e-02
   2.1000000e+01   1.7000000e+01   6.3622614e-16   3.5718750e-02   3.5718750e-02
   2.2000000e+01   1.7000000e+01   5.4964548e-16   1.7953125e-02   1.7953125e-02
   2.3000000e+01   1.7000000e+01   5.2254630e-16   2.2109375e-02   2.2109375e-02
   2.4000000e+01   1.7000000e+01   5.5628460e-16   1.6359375e-02   1.6359375e-02
   2.5000000e+01   1.7000000e+01   6.5715420e-16   2.2625000e-02   2.2625000e-02
   2.6000000e+01   1.7000000e+01   5.8721217e-16   2.1656250e-02   2.1656250e-02
   2.7000000e+01   1.7000000e+01   5.3577051e-16   2.8953125e-02   2.8953125e-02
   2.8000000e+01   1.7000000e+01   6.3137456e-16   2.0515625e-02   2.0515625e-02
   2.9000000e+01   1.7000000e+01   4.7296332e-16   2.1703125e-02   2.1703125e-02
   3.0000000e+01   1.7000000e+01   5.8801594e-16   2.1265625e-02   2.1265625e-02
   3.1000000e+01   1.7000000e+01   5.8257547e-16   1.8296875e-02   1.8296875e-02
   3.2000000e+01   1.7000000e+01   5.2222754e-16   2.2218750e-02   2.2218750e-02
   3.3000000e+01   1.7000000e+01   5.7654694e-16   2.2156250e-02   2.2156250e-02
   3.4000000e+01   1.7000000e+01   5.8192321e-16   1.7640625e-02   1.7640625e-02
   3.5000000e+01   1.7000000e+01   4.9990771e-16   1.6437500e-02   1.6437500e-02
   1.0000000e+00   1.8000000e+01   7.2946228e-16   3.6218750e-02   3.6218750e-02
   2.0000000e+00   1.8000000e+01   6.8755895e-16   4.1171875e-02   4.1171875e-02
   3.0000000e+00   1.8000000e+01   6.8005236e-16   5.5140625e-02   5.5140625e-02
   4.0000000e+00   1.8000000e+01   8.0600583e-16   5.2265625e-02   5.2265625e-02
   5.0000000e+00   1.8000000e+01   6.5823101e-16   4.6046875e-02   4.6046875e-02
   6.0000000e+00   1.8000000e+01   5.8102154e-16   4.0171875e-02   4.0171875e-02
   7.0000000e+00   1.8000000e+01   7.1903064e-16   3.7250000e-02   3.7250000e-02
   8.0000000e+00   1.8000000e+01   6.1380583e-16   5.2156250e-02   5.2156250e-02
   9.0000000e+00   1.8000000e+01   7.9332311e-16   8.3968750e-02   8.3968750e-02
   1.0000000e+01   1.8000000e+01   7.1199947e-16   9.6906250e-02   9.6906250e-02
   1.1000000e+01   1.8000000e+01   5.7898870e-16   5.3687500e-02   5.3687500e-02
   1.2000000e+01   1.8000000e+01   5.2421305e-16   1.9500000e-02   1.9500000e-02
   1.3000000e+01   1.8000000e+01   1.0340672e-15   9.3187500e-02   9.3187500e-02
   1.4000000e+01   1.8000000e+01   1.2284315e-15   1.6240625e-01   1.6240625e-01
   1.5000000e+01   1.8000000e+01   1.1261603e-15   1.3892187e-01   1.3892187e-01
   1.6000000e+01   1.8000000e+01   6.7311852e-16   7.6734375e-02   7.6734375e-02
   1.7000000e+01   1.8000000e+01   6.8010406e-16   5.5046875e-02   5.5046875e-02
   1.8000000e+01   1.8000000e+01   5.8829888e-16   2.6375000e-02   2.6375000e-02
   1.9000000e+01   1.8000000e+01   6.9655132e-16   2.6312500e-02   2.6312500e-02
   2.0000000e+01   1.8000000e+01   6.7312503e-16   2.5562500e-02   2.5562500e-02
   2.1000000e+01   1.8000000e+01   5.9821639e-16   2.3859375e-02   2.3859375e-02
   2.2000000e+01   1.8000000e+01   6.7283452e-16   1.9109375e-02   1.9109375e-02
   2.3000000e+01   1.8000000e+01   5.7545654e-16   1.6921875e-02   1.6921875e-02
   2.4000000e+01   1.8000000e+01   5.5628690e-16   1.9531250e-02   1.9531250e-02
   2.5000000e+01   1.8000000e+01   7.3280741e-16   1.8359375e-02   1.8359375e-02
   2.6000000e+01   1.8000000e+01   5.2054192e-16   1.6156250e-02   1.6156250e-02
   2.7000000e+01   1.8000000e+01   6.3545341e-16   1.8953125e-02   1.8953125e-02
   2.8000000e+01   1.8000000e+01   6.0825414e-16   2.1078125e-02   2.1078125e-02
   2.9000000e+01   1.8000000e+01   5.2462402e-16   2.0921875e-02   2.0921875e-02
   3.0000000e+01   1.8000000e+01   6.9126102e-16   1.9609375e-02   1.9609375e-02
   3.1000000e+01   1.8000000e+01   6.4202328e-16   2.4703125e-02   2.4703125e-02
   3.2000000e+01   1.8000000e+01   5.6408613e-16   2.0031250e-02   2.0031250e-02
   3.3000000e+01   1.8000000e+01   4.7577425e-16   2.1812500e-02   2.1812500e-02
   3.4000000e+01   1.8000000e+01   5.3475410e-16   1.7609375e-02   1.7609375e-02
   3.5000000e+01   1.8000000e+01   5.7226340e-16   1.7125000e-02   1.7125000e-02
   1.0000000e+00   1.9000000e+01   9.0955359e-16   7.9234375e-02   7.9234375e-02
   2.0000000e+00   1.9000000e+01   9.7042463e-16   1.0156250e-01   1.0156250e-01
   3.0000000e+00   1.9000000e+01   9.1648832e-16   1.2242187e-01   1.2242187e-01
   4.0000000e+00   1.9000000e+01   9.9388695e-16   1.1521875e-01   1.1521875e-01
   5.0000000e+00   1.9000000e+01   9.0027818e-16   9.6421875e-02   9.6421875e-02
   6.0000000e+00   1.9000000e+01   6.3036312e-16   6.4406250e-02   6.4406250e-02
   7.0000000e+00   1.9000000e+01   6.4770848e-16   4.8671875e-02   4.8671875e-02
   8.0000000e+00   1.9000000e+01   5.9793806e-16   2.8343750e-02   2.8343750e-02
   9.0000000e+00   1.9000000e+01   6.2811767e-16   3.7968750e-02   3.7968750e-02
   1.0000000e+01   1.9000000e+01   6.1378969e-16   3.8359375e-02   3.8359375e-02
   1.1000000e+01   1.9000000e+01   5.0135368e-16   1.6531250e-02   1.6531250e-02
   1.2000000e+01   1.9000000e+01   6.5330174e-16   2.2843750e-02   2.2843750e-02
   1.3000000e+01   1.9000000e+01   7.1951558e-16   6.0828125e-02   6.0828125e-02
   1.4000000e+01   1.9000000e+01   8.8404043e-16   7.5437500e-02   7.5437500e-02
   1.5000000e+01   1.9000000e+01   7.5061654e-16   5.8828125e-02   5.8828125e-02
   1.6000000e+01   1.9000000e+01   6.0605929e-16   3.7093750e-02   3.7093750e-02
   1.7000000e+01   1.9000000e+01   5.8037832e-16   4.0734375e-02   4.0734375e-02
   1.8000000e+01   1.9000000e+01   6.4524004e-16   3.1859375e-02   3.1859375e-02
   1.9000000e+01   1.9000000e+01   5.9440042e-16   4.1781250e-02   4.1781250e-02
   2.0000000e+01   1.9000000e+01   6.8153164e-16   4.4656250e-02   4.4656250e-02
   2.1000000e+01   1.9000000e+01   5.7419721e-16   4.2781250e-02   4.2781250e-02
   2.2000000e+01   1.9000000e+01   5.2075521e-16   3.3593750e-02   3.3593750e-02
   2.3000000e+01   1.9000000e+01   7.3561625e-16   2.6687500e-02   2.6687500e-02
   2.4000000e+01   1.9000000e+01   6.2147538e-16   1.8093750e-02   1.8093750e-02
   2.5000000e+01   1.9000000e+01   5.3481911e-16   1.6218750e-02   1.6218750e-02
   2.6000000e+01   1.9000000e+01   6.1529286e-16   1.6312500e-02   1.6312500e-02
   2.7000000e+01   1.9000000e+01   5.2843858e-16   1.8609375e-02   1.8609375e-02
   2.8000000e+01   1.9000000e+01   5.2279988e-16   2.3562500e-02   2.3562500e-02
   2.9000000e+01   1.9000000e+01   5.7893491e-16   1.9406250e-02   1.9406250e-02
   3.0000000e+01   1.9000000e+01   5.6402633e-16   1.9406250e-02   1.9406250e-02
   3.1000000e+01   1.9000000e+01   5.9581598e-16   2.0250000e-02   2.0250000e-02
   3.2000000e+01   1.9000000e+01   5.2679449e-16   1.7296875e-02   1.7296875e-02
   3.3000000e+01   1.9000000e+01   6.4702945e-16   1.6500000e-02   1.6500000e-02
   3.4000000e+01   1.9000000e+01   5.6011380e-16   2.0343750e-02   2.0343750e-02
   3.5000000e+01   1.9000000e+01   5.2039134e-16   2.2828125e-02   2.2828125e-02
   1.0000000e+00   2.0000000e+01   1.2077805e-15   1.4648437e-01   1.4648437e-01
   2.0000000e+00   2.0000000e+01   1.2351056e-15   1.7651562e-01   1.7651562e-01
   3.0000000e+00   2.0000000e+01   1.3909487e-15   1.7832812e-01   1.7832812e-01
   4.0000000e+00   2.0000000e+01   1.4753073e-15   1.8126562e-01   1.8126562e-01
   5.0000000e+00   2.0000000e+01   1.3066669e-15   1.7354687e-01   1.7354687e-01
   6.0000000e+00   2.0000000e+01   1.0855639e-15   1.3115625e-01   1.3115625e-01
   7.0000000e+00   2.0000000e+01   7.4706655e-16   6.5234375e-02   6.5234375e-02
   8.0000000e+00   2.0000000e+01   5.4599041e-16   3.5843750e-02   3.5843750e-02
   9.0000000e+00   2.0000000e+01   5.6481595e-16   2.7125000e-02   2.7125000e-02
   1.0000000e+01   2.0000000e+01   5.6767084e-16   3.7375000e-02   3.7375000e-02
   1.1000000e+01   2.0000000e+01   6.5364181e-16   2.2171875e-02   2.2171875e-02
   1.2000000e+01   2.0000000e+01   5.9025150e-16   2.3328125e-02   2.3328125e-02
   1.3000000e+01   2.0000000e+01   5.8852950e-16   2.7406250e-02   2.7406250e-02
   1.4000000e+01   2.0000000e+01   6.0295305e-16   2.9921875e-02   2.9921875e-02
   1.5000000e+01   2.0000000e+01   6.9646518e-16   3.4859375e-02   3.4859375e-02
   1.6000000e+01   2.0000000e+01   6.9247990e-16   3.8359375e-02   3.8359375e-02
   1.7000000e+01   2.0000000e+01   7.4363639e-16   5.1750000e-02   5.1750000e-02
   1.8000000e+01   2.0000000e+01   5.6668142e-16   4.3515625e-02   4.3515625e-02
   1.9000000e+01   2.0000000e+01   8.2234164e-16   8.7828125e-02   8.7828125e-02
   2.0000000e+01   2.0000000e+01   1.0484237e-15   9.8296875e-02   9.8296875e-02
   2.1000000e+01   2.0000000e+01   9.6950661e-16   9.6234375e-02   9.6234375e-02
   2.2000000e+01   2.0000000e+01   8.3331711e-16   7.0937500e-02   7.0937500e-02
   2.3000000e+01   2.0000000e+01   7.1935680e-16   4.5078125e-02   4.5078125e-02
   2.4000000e+01   2.0000000e+01   6.1631559e-16   2.2125000e-02   2.2125000e-02
   2.5000000e+01   2.0000000e+01   5.3513910e-16   1.5656250e-02   1.5656250e-02
   2.6000000e+01   2.0000000e+01   5.4741094e-16   1.5703125e-02   1.5703125e-02
   2.7000000e+01   2.0000000e+01   6.7860588e-16   1.7812500e-02   1.7812500e-02
   2.8000000e+01   2.0000000e+01   5.8246972e-16   1.5234375e-02   1.5234375e-02
   2.9000000e+01   2.0000000e+01   6.2206129e-16   1.8984375e-02   1.8984375e-02
   3.0000000e+01   2.0000000e+01   4.2555591e-16   1.2203125e-02   1.2203125e-02
   3.1000000e+01   2.0000000e+01   5.4183137e-16   1.7546875e-02   1.7546875e-02
   3.2000000e+01   2.0000000e+01   6.2491146e-16   1.7828125e-02   1.7828125e-02
   3.3000000e+01   2.0000000e+01   8.1799469e-15   1.2900000e-01   1.2900000e-01
   3.4000000e+01   2.0000000e+01   3.1123571e-15   5.2750000e-02   5.2750000e-02
   3.5000000e+01   2.0000000e+01   4.9121331e-16   1.3234375e-02   1.3234375e-02
   1.0000000e+00   2.1000000e+01   1.3667315e-15   1.8462500e-01   1.8462500e-01
   2.0000000e+00   2.1000000e+01   1.2510662e-15   1.8665625e-01   1.8665625e-01
   3.0000000e+00   2.1000000e+01   1.1800156e-15   1.5979687e-01   1.5979687e-01
   4.0000000e+00   2.1000000e+01   1.3233630e-15   1.6467187e-01   1.6467187e-01
   5.0000000e+00   2.1000000e+01   1.3476351e-15   1.9940625e-01   1.9940625e-01
   6.0000000e+00   2.1000000e+01   1.3590142e-15   1.6657812e-01   1.6657812e-01
   7.0000000e+00   2.1000000e+01   7.5514163e-16   8.0968750e-02   8.0968750e-02
   8.0000000e+00   2.1000000e+01   6.9652657e-16   3.7562500e-02   3.7562500e-02
   9.0000000e+00   2.1000000e+01   4.8865070e-16   3.1937500e-02   3.1937500e-02
   1.0000000e+01   2.1000000e+01   6.2002446e-16   2.8375000e-02   2.8375000e-02
   1.1000000e+01   2.1000000e+01   6.4024204e-16   1.7000000e-02   1.7000000e-02
   1.2000000e+01   2.1000000e+01   5.1593293e-16   2.3890625e-02   2.3890625e-02
   1.3000000e+01   2.1000000e+01   5.8908050e-16   2.1656250e-02   2.1656250e-02
   1.4000000e+01   2.1000000e+01   6.0459020e-16   1.9765625e-02   1.9765625e-02
   1.5000000e+01   2.1000000e+01   5.7278353e-16   2.1859375e-02   2.1859375e-02
   1.6000000e+01   2.1000000e+01   6.6385142e-16   2.7781250e-02   2.7781250e-02
   1.7000000e+01   2.1000000e+01   8.2694576e-16   5.6375000e-02   5.6375000e-02
   1.8000000e+01   2.1000000e+01   1.0255771e-15   1.1000000e-01   1.1000000e-01
   1.9000000e+01   2.1000000e+01   1.1483794e-15   1.5959375e-01   1.5959375e-01
   2.0000000e+01   2.1000000e+01   1.1950753e-15   1.4718750e-01   1.4718750e-01
   2.1000000e+01   2.1000000e+01   1.0975829e-15   1.3932812e-01   1.3932812e-01
   2.2000000e+01   2.1000000e+01   1.0520127e-15   1.2689062e-01   1.2689062e-01
   2.3000000e+01   2.1000000e+01   7.8731190e-16   8.9265625e-02   8.9265625e-02
   2.4000000e+01   2.1000000e+01   5.5889263e-16   3.5968750e-02   3.5968750e-02
   2.5000000e+01   2.1000000e+01   5.3322819e-16   2.0656250e-02   2.0656250e-02
   2.6000000e+01   2.1000000e+01   5.2900456e-16   1.9437500e-02   1.9437500e-02
   2.7000000e+01   2.1000000e+01   4.4997157e-16   1.7703125e-02   1.7703125e-02
   2.8000000e+01   2.1000000e+01   5.6183382e-16   1.8031250e-02   1.8031250e-02
   2.9000000e+01   2.1000000e+01   4.5150293e-16   1.5953125e-02   1.5953125e-02
   3.0000000e+01   2.1000000e+01   6.4375294e-16   2.1390625e-02   2.1390625e-02
   3.1000000e+01   2.1000000e+01   5.2549883e-16   2.6453125e-02   2.6453125e-02
   3.2000000e+01   2.1000000e+01   5.1155016e-16   2.0281250e-02   2.0281250e-02
   3.3000000e+01   2.1000000e+01   5.2756006e-16   1.7515625e-02   1.7515625e-02
   3.4000000e+01   2.1000000e+01   5.7775601e-16   2.8968750e-02   2.8968750e-02
   3.5000000e+01   2.1000000e+01   7.2713110e-16   5.7984375e-02   5.7984375e-02
   1.0000000e+00   2.2000000e+01   1.2369782e-15   1.7440625e-01   1.7440625e-01
   2.0000000e+00   2.2000000e+01   1.3143572e-15   1.8698437e-01   1.8698437e-01
   3.0000000e+00   2.2000000e+01   1.3020390e-15   1.5709375e-01   1.5709375e-01
   4.0000000e+00   2.2000000e+01   1.1404742e-15   1.5975000e-01   1.5975000e-01
   5.0000000e+00   2.2000000e+01   1.2820525e-15   1.8937500e-01   1.8937500e-01
   6.0000000e+00   2.2000000e+01   1.1621518e-15   1.6285937e-01   1.6285937e-01
   7.0000000e+00   2.2000000e+01   8.5419123e-16   8.8359375e-02   8.8359375e-02
   8.0000000e+00   2.2000000e+01   5.2426134e-16   2.7812500e-02   2.7812500e-02
   9.0000000e+00   2.2000000e+01   5.9605571e-16   1.8562500e-02   1.8562500e-02
   1.0000000e+01   2.2000000e+01   6.0412560e-16   2.0437500e-02   2.0437500e-02
   1.1000000e+01   2.2000000e+01   5.2474611e-16   1.8812500e-02   1.8812500e-02
   1.2000000e+01   2.2000000e+01   5.3896955e-16   2.5656250e-02   2.5656250e-02
   1.3000000e+01   2.2000000e+01   5.7514577e-16   2.3734375e-02   2.3734375e-02
   1.4000000e+01   2.2000000e+01   6.4404515e-16   2.6671875e-02   2.6671875e-02
   1.5000000e+01   2.2000000e+01   5.2303123e-16   1.6218750e-02   1.6218750e-02
   1.6000000e+01   2.2000000e+01   6.4876005e-16   3.1390625e-02   3.1390625e-02
   1.7000000e+01   2.2000000e+01   8.0057547e-16   6.9312500e-02   6.9312500e-02
   1.8000000e+01   2.2000000e+01   1.0934413e-15   1.4439062e-01   1.4439062e-01
   1.9000000e+01   2.2000000e+01   1.1340235e-15   1.6225000e-01   1.6225000e-01
   2.0000000e+01   2.2000000e+01   1.0602475e-15   1.3140625e-01   1.3140625e-01
   2.1000000e+01   2.2000000e+01   1.0286530e-15   1.2600000e-01   1.2600000e-01
   2.2000000e+01   2.2000000e+01   1.1075458e-15   1.3087500e-01   1.3087500e-01
   2.3000000e+01   2.2000000e+01   1.1512023e-15   1.2251562e-01   1.2251562e-01
   2.4000000e+01   2.2000000e+01   6.3422598e-16   7.1656250e-02   7.1656250e-02
   2.5000000e+01   2.2000000e+01   5.6451579e-16   2.9281250e-02   2.9281250e-02
   2.6000000e+01   2.2000000e+01   5.8134187e-16   1.9890625e-02   1.9890625e-02
   2.7000000e+01   2.2000000e+01   5.3886997e-16   1.6281250e-02   1.6281250e-02
   2.8000000e+01   2.2000000e+01   6.4631177e-16   2.3750000e-02   2.3750000e-02
   2.9000000e+01   2.2000000e+01   5.9037556e-16   4.2640625e-02   4.2640625e-02
   3.0000000e+01   2.2000000e+01   5.5334700e-16   1.7578125e-02   1.7578125e-02
   3.1000000e+01   2.2000000e+01   6.8147869e-16   1.7328125e-02   1.7328125e-02
   3.2000000e+01   2.2000000e+01   5.6412535e-16   1.8703125e-02   1.8703125e-02
   3.3000000e+01   2.2000000e+01   5.8120673e-16   1.6906250e-02   1.6906250e-02
   3.4000000e+01   2.2000000e+01   6.9702633e-16   4.4015625e-02   4.4015625e-02
   3.5000000e+01   2.2000000e+01   9.5355262e-16   1.0231250e-01   1.0231250e-01
   1.0000000e+00   2.3000000e+01   1.0253125e-15   1.3471875e-01   1.3471875e-01
   2.0000000e+00   2.3000000e+01   1.3233891e-15   1.8382812e-01   1.8382812e-01
   3.0000000e+00   2.3000000e+01   1.2815260e-15   1.9246875e-01   1.9246875e-01
   4.0000000e+00   2.3000000e+01   1.1971455e-15   1.8834375e-01   1.8834375e-01
   5.0000000e+00   2.3000000e+01   1.0742540e-15   1.8767187e-01   1.8767187e-01
   6.0000000e+00   2.3000000e+01   9.7525410e-16   1.5657812e-01   1.5657812e-01
   7.0000000e+00   2.3000000e+01   7.8858405e-16   7.2265625e-02   7.2265625e-02
   8.0000000e+00   2.3000000e+01   5.1244305e-16   2.6000000e-02   2.6000000e-02
   9.0000000e+00   2.3000000e+01   5.2061807e-16   1.5859375e-02   1.5859375e-02
   1.0000000e+01   2.3000000e+01   6.3200803e-16   2.9234375e-02   2.9234375e-02
   1.1000000e+01   2.3000000e+01   5.7346940e-16   1.9937500e-02   1.9937500e-02
   1.2000000e+01   2.3000000e+01   5.9675056e-16   2.2656250e-02   2.2656250e-02
   1.3000000e+01   2.3000000e+01   5.3186533e-16   2.7406250e-02   2.7406250e-02
   1.4000000e+01   2.3000000e+01   5.2746120e-16   1.9062500e-02   1.9062500e-02
   1.5000000e+01   2.3000000e+01   6.4686049e-16   2.8234375e-02   2.8234375e-02
   1.6000000e+01   2.3000000e+01   6.2552516e-16   4.4734375e-02   4.4734375e-02
   1.7000000e+01   2.3000000e+01   7.2237064e-16   7.5312500e-02   7.5312500e-02
   1.8000000e+01   2.3000000e+01   1.0308039e-15   1.3334375e-01   1.3334375e-01
   1.9000000e+01   2.3000000e+01   1.2096507e-15   1.6476562e-01   1.6476562e-01
   2.0000000e+01   2.3000000e+01   1.1142622e-15   1.5700000e-01   1.5700000e-01
   2.1000000e+01   2.3000000e+01   1.1042451e-15   1.3795312e-01   1.3795312e-01
   2.2000000e+01   2.3000000e+01   1.0832343e-15   1.6529687e-01   1.6529687e-01
   2.3000000e+01   2.3000000e+01   1.0081932e-15   1.5079687e-01   1.5079687e-01
   2.4000000e+01   2.3000000e+01   7.1487456e-16   7.4203125e-02   7.4203125e-02
   2.5000000e+01   2.3000000e+01   6.4973502e-16   3.3921875e-02   3.3921875e-02
   2.6000000e+01   2.3000000e+01   4.4281007e-16   2.2296875e-02   2.2296875e-02
   2.7000000e+01   2.3000000e+01   6.1566073e-16   3.3468750e-02   3.3468750e-02
   2.8000000e+01   2.3000000e+01   5.8023986e-16   2.2765625e-02   2.2765625e-02
   2.9000000e+01   2.3000000e+01   1.5525124e-15   3.8812500e-02   3.8812500e-02
   3.0000000e+01   2.3000000e+01   9.4103600e-16   3.9656250e-02   3.9656250e-02
   3.1000000e+01   2.3000000e+01   8.5216765e-16   3.0671875e-02   3.0671875e-02
   3.2000000e+01   2.3000000e+01   5.3795122e-16   2.9046875e-02   2.9046875e-02
   3.3000000e+01   2.3000000e+01   5.5613937e-16   2.7015625e-02   2.7015625e-02
   3.4000000e+01   2.3000000e+01   6.7968523e-16   5.3718750e-02   5.3718750e-02
   3.5000000e+01   2.3000000e+01   9.6366311e-16   1.2331250e-01   1.2331250e-01
   1.0000000e+00   2.4000000e+01   7.0643170e-16   7.3062500e-02   7.3062500e-02
   2.0000000e+00   2.4000000e+01   8.5376082e-16   1.1151562e-01   1.1151562e-01
   3.0000000e+00   2.4000000e+01   1.0364585e-15   1.3703125e-01   1.3703125e-01
   4.0000000e+00   2.4000000e+01   1.0630681e-15   1.4884375e-01   1.4884375e-01
   5.0000000e+00   2.4000000e+01   1.0619663e-15   1.1090625e-01   1.1090625e-01
   6.0000000e+00   2.4000000e+01   8.3411820e-16   8.2171875e-02   8.2171875e-02
   7.0000000e+00   2.4000000e+01   7.6135498e-16   5.7281250e-02   5.7281250e-02
   8.0000000e+00   2.4000000e+01   6.7309775e-16   3.0531250e-02   3.0531250e-02
   9.0000000e+00   2.4000000e+01   5.9999032e-16   3.1343750e-02   3.1343750e-02
   1.0000000e+01   2.4000000e+01   6.1534157e-16   2.3453125e-02   2.3453125e-02
   1.1000000e+01   2.4000000e+01   6.0337205e-16   2.3453125e-02   2.3453125e-02
   1.2000000e+01   2.4000000e+01   5.1593662e-16   1.6171875e-02   1.6171875e-02
   1.3000000e+01   2.4000000e+01   6.0099071e-16   2.5062500e-02   2.5062500e-02
   1.4000000e+01   2.4000000e+01   5.8405708e-16   2.6625000e-02   2.6625000e-02
   1.5000000e+01   2.4000000e+01   5.8460040e-16   1.9968750e-02   1.9968750e-02
   1.6000000e+01   2.4000000e+01   4.8218106e-16   2.2984375e-02   2.2984375e-02
   1.7000000e+01   2.4000000e+01   7.2112181e-16   5.1140625e-02   5.1140625e-02
   1.8000000e+01   2.4000000e+01   1.0002196e-15   1.0332812e-01   1.0332812e-01
   1.9000000e+01   2.4000000e+01   1.1930983e-15   1.6475000e-01   1.6475000e-01
   2.0000000e+01   2.4000000e+01   1.3979599e-15   1.7084375e-01   1.7084375e-01
   2.1000000e+01   2.4000000e+01   1.2214074e-15   1.7214062e-01   1.7214062e-01
   2.2000000e+01   2.4000000e+01   1.0919337e-15   1.7501562e-01   1.7501562e-01
   2.3000000e+01   2.4000000e+01   9.2755032e-16   1.1732812e-01   1.1732812e-01
   2.4000000e+01   2.4000000e+01   7.2084979e-16   6.5828125e-02   6.5828125e-02
   2.5000000e+01   2.4000000e+01   5.6626705e-16   2.5296875e-02   2.5296875e-02
   2.6000000e+01   2.4000000e+01   6.7024368e-16   3.1875000e-02   3.1875000e-02
   2.7000000e+01   2.4000000e+01   5.5796056e-16   3.1265625e-02   3.1265625e-02
   2.8000000e+01   2.4000000e+01   6.0333714e-16   4.2343750e-02   4.2343750e-02
   2.9000000e+01   2.4000000e+01   5.9467735e-16   2.8031250e-02   2.8031250e-02
   3.0000000e+01   2.4000000e+01   6.3780924e-16   1.9718750e-02   1.9718750e-02
   3.1000000e+01   2.4000000e+01   5.2628093e-16   1.9406250e-02   1.9406250e-02
   3.2000000e+01   2.4000000e+01   6.3356873e-16   3.2203125e-02   3.2203125e-02
   3.3000000e+01   2.4000000e+01   6.9774056e-16   3.4546875e-02   3.4546875e-02
   3.4000000e+01   2.4000000e+01   7.3207949e-16   5.7718750e-02   5.7718750e-02
   3.5000000e+01   2.4000000e+01   1.0338176e-15   1.1659375e-01   1.1659375e-01
   1.0000000e+00   2.5000000e+01   5.9956576e-16   3.0828125e-02   3.0828125e-02
   2.0000000e+00   2.5000000e+01   7.3464864e-16   4.6359375e-02   4.6359375e-02
   3.0000000e+00   2.5000000e+01   6.9777667e-16   4.7328125e-02   4.7328125e-02
   4.0000000e+00   2.5000000e+01   7.1263394e-16   4.8171875e-02   4.8171875e-02
   5.0000000e+00   2.5000000e+01   6.5840051e-16   4.1046875e-02   4.1046875e-02
   6.0000000e+00   2.5000000e+01   7.0899569e-16   3.9312500e-02   3.9312500e-02
   7.0000000e+00   2.5000000e+01   6.1875941e-16   2.9375000e-02   2.9375000e-02
   8.0000000e+00   2.5000000e+01   6.6725597e-16   3.8343750e-02   3.8343750e-02
   9.0000000e+00   2.5000000e+01   6.8979851e-16   4.5671875e-02   4.5671875e-02
   1.0000000e+01   2.5000000e+01   7.3592238e-16   4.3796875e-02   4.3796875e-02
   1.1000000e+01   2.5000000e+01   6.9710616e-16   1.9890625e-02   1.9890625e-02
   1.2000000e+01   2.5000000e+01   6.0069201e-16   2.7046875e-02   2.7046875e-02
   1.3000000e+01   2.5000000e+01   6.7446588e-16   4.8265625e-02   4.8265625e-02
   1.4000000e+01   2.5000000e+01   7.2881405e-16   3.8593750e-02   3.8593750e-02
   1.5000000e+01   2.5000000e+01   6.1818810e-16   2.4437500e-02   2.4437500e-02
   1.6000000e+01   2.5000000e+01   6.4371117e-16   3.7546875e-02   3.7546875e-02
   1.7000000e+01   2.5000000e+01   5.9700310e-16   3.1671875e-02   3.1671875e-02
   1.8000000e+01   2.5000000e+01   7.0227710e-16   5.5046875e-02   5.5046875e-02
   1.9000000e+01   2.5000000e+01   7.6687277e-16   9.6281250e-02   9.6281250e-02
   2.0000000e+01   2.5000000e+01   9.8115313e-16   1.1165625e-01   1.1165625e-01
   2.1000000e+01   2.5000000e+01   9.1441659e-16   1.0504687e-01   1.0504687e-01
   2.2000000e+01   2.5000000e+01   8.5864988e-16   8.5578125e-02   8.5578125e-02
   2.3000000e+01   2.5000000e+01   7.3708489e-16   5.8609375e-02   5.8609375e-02
   2.4000000e+01   2.5000000e+01   6.9338279e-16   4.6968750e-02   4.6968750e-02
   2.5000000e+01   2.5000000e+01   6.0978991e-16   2.9593750e-02   2.9593750e-02
   2.6000000e+01   2.5000000e+01   5.7185610e-16   2.5203125e-02   2.5203125e-02
   2.7000000e+01   2.5000000e+01   7.0036320e-16   4.5531250e-02   4.5531250e-02
   2.8000000e+01   2.5000000e+01   6.3740229e-16   4.1281250e-02   4.1281250e-02
   2.9000000e+01   2.5000000e+01   5.8888035e-16   5.1812500e-02   5.1812500e-02
   3.0000000e+01   2.5000000e+01   6.1715469e-16   4.5578125e-02   4.5578125e-02
   3.1000000e+01   2.5000000e+01   5.2539979e-16   3.2953125e-02   3.2953125e-02
   3.2000000e+01   2.5000000e+01   5.9905049e-16   3.5734375e-02   3.5734375e-02
   3.3000000e+01   2.5000000e+01   4.6188955e-16   2.4125000e-02   2.4125000e-02
   3.4000000e+01   2.5000000e+01   6.4502713e-16   3.3375000e-02   3.3375000e-02
   3.5000000e+01   2.5000000e+01   7.7734826e-16   9.0937500e-02   9.0937500e-02
   1.0000000e+00   2.6000000e+01   4.8563602e-16   2.5484375e-02   2.5484375e-02
   2.0000000e+00   2.6000000e+01   6.3551977e-16   2.2406250e-02   2.2406250e-02
   3.0000000e+00   2.6000000e+01   4.8855334e-16   2.7265625e-02   2.7265625e-02
   4.0000000e+00   2.6000000e+01   6.5791147e-16   3.6078125e-02   3.6078125e-02
   5.0000000e+00   2.6000000e+01   5.3806116e-16   3.0000000e-02   3.0000000e-02
   6.0000000e+00   2.6000000e+01   6.5013945e-16   3.4234375e-02   3.4234375e-02
   7.0000000e+00   2.6000000e+01   5.5669752e-16   4.6015625e-02   4.6015625e-02
   8.0000000e+00   2.6000000e+01   5.7334548e-16   6.4156250e-02   6.4156250e-02
   9.0000000e+00   2.6000000e+01   5.7555401e-16   7.3640625e-02   7.3640625e-02
   1.0000000e+01   2.6000000e+01   6.9048999e-16   4.5515625e-02   4.5515625e-02
   1.1000000e+01   2.6000000e+01   5.1077286e-16   1.8234375e-02   1.8234375e-02
   1.2000000e+01   2.6000000e+01   5.9915823e-16   4.0187500e-02   4.0187500e-02
   1.3000000e+01   2.6000000e+01   9.2392080e-16   8.9843750e-02   8.9843750e-02
   1.4000000e+01   2.6000000e+01   8.5947499e-16   8.5671875e-02   8.5671875e-02
   1.5000000e+01   2.6000000e+01   6.7191815e-16   6.2703125e-02   6.2703125e-02
   1.6000000e+01   2.6000000e+01   6.0803982e-16   3.7890625e-02   3.7890625e-02
   1.7000000e+01   2.6000000e+01   6.0524086e-16   3.2406250e-02   3.2406250e-02
   1.8000000e+01   2.6000000e+01   5.6459820e-16   2.3281250e-02   2.3281250e-02
   1.9000000e+01   2.6000000e+01   4.8522637e-16   4.6234375e-02   4.6234375e-02
   2.0000000e+01   2.6000000e+01   6.9367409e-16   3.9359375e-02   3.9359375e-02
   2.1000000e+01   2.6000000e+01   6.6376499e-16   3.7109375e-02   3.7109375e-02
   2.2000000e+01   2.6000000e+01   5.8793635e-16   3.1750000e-02   3.1750000e-02
   2.3000000e+01   2.6000000e+01   9.2147874e-16   5.8343750e-02   5.8343750e-02
   2.4000000e+01   2.6000000e+01   6.2274020e-16   3.3578125e-02   3.3578125e-02
   2.5000000e+01   2.6000000e+01   6.0883161e-16   4.0609375e-02   4.0609375e-02
   2.6000000e+01   2.6000000e+01   7.8995045e-16   6.1406250e-02   6.1406250e-02
   2.7000000e+01   2.6000000e+01   7.8446530e-16   6.5625000e-02   6.5625000e-02
   2.8000000e+01   2.6000000e+01   5.5014045e-16   3.8406250e-02   3.8406250e-02
   2.9000000e+01   2.6000000e+01   6.0886785e-16   4.8671875e-02   4.8671875e-02
   3.0000000e+01   2.6000000e+01   6.7888084e-16   7.4421875e-02   7.4421875e-02
   3.1000000e+01   2.6000000e+01   7.3992786e-16   6.0062500e-02   6.0062500e-02
   3.2000000e+01   2.6000000e+01   6.6588634e-16   4.1484375e-02   4.1484375e-02
   3.3000000e+01   2.6000000e+01   5.5345220e-16   3.3046875e-02   3.3046875e-02
   3.4000000e+01   2.6000000e+01   7.3301637e-16   3.4390625e-02   3.4390625e-02
   3.5000000e+01   2.6000000e+01   5.8599713e-16   5.2078125e-02   5.2078125e-02
   1.0000000e+00   2.7000000e+01   4.9330054e-16   2.2062500e-02   2.2062500e-02
   2.0000000e+00   2.7000000e+01   5.9292598e-16   3.6093750e-02   3.6093750e-02
   3.0000000e+00   2.7000000e+01   5.6890645e-16   2.6390625e-02   2.6390625e-02
   4.0000000e+00   2.7000000e+01   5.8180125e-16   2.4906250e-02   2.4906250e-02
   5.0000000e+00   2.7000000e+01   6.0034669e-16   3.0968750e-02   3.0968750e-02
   6.0000000e+00   2.7000000e+01   5.5855788e-16   4.0218750e-02   4.0218750e-02
   7.0000000e+00   2.7000000e+01   5.8454988e-16   5.0875000e-02   5.0875000e-02
   8.0000000e+00   2.7000000e+01   7.0343825e-16   7.1187500e-02   7.1187500e-02
   9.0000000e+00   2.7000000e+01   7.2127693e-16   4.5500000e-02   4.5500000e-02
   1.0000000e+01   2.7000000e+01   5.9254336e-16   1.9593750e-02   1.9593750e-02
   1.1000000e+01   2.7000000e+01   6.3515479e-16   2.0156250e-02   2.0156250e-02
   1.2000000e+01   2.7000000e+01   5.2662167e-16   3.7234375e-02   3.7234375e-02
   1.3000000e+01   2.7000000e+01   8.3383542e-16   7.2078125e-02   7.2078125e-02
   1.4000000e+01   2.7000000e+01   9.1812263e-16   1.2123437e-01   1.2123437e-01
   1.5000000e+01   2.7000000e+01   9.0512096e-16   1.1309375e-01   1.1309375e-01
   1.6000000e+01   2.7000000e+01   5.8613989e-16   5.7921875e-02   5.7921875e-02
   1.7000000e+01   2.7000000e+01   5.2882967e-16   3.6828125e-02   3.6828125e-02
   1.8000000e+01   2.7000000e+01   5.6751925e-16   3.0078125e-02   3.0078125e-02
   1.9000000e+01   2.7000000e+01   5.1114053e-16   3.5453125e-02   3.5453125e-02
   2.0000000e+01   2.7000000e+01   5.5445104e-16   2.4296875e-02   2.4296875e-02
   2.1000000e+01   2.7000000e+01   6.8525466e-16   2.8625000e-02   2.8625000e-02
   2.2000000e+01   2.7000000e+01   4.5209901e-16   1.8812500e-02   1.8812500e-02
   2.3000000e+01   2.7000000e+01   6.4386438e-16   3.5968750e-02   3.5968750e-02
   2.4000000e+01   2.7000000e+01   5.2824731e-16   4.1921875e-02   4.1921875e-02
   2.5000000e+01   2.7000000e+01   7.1315601e-16   6.9609375e-02   6.9609375e-02
   2.6000000e+01   2.7000000e+01   7.7563623e-16   7.7656250e-02   7.7656250e-02
   2.7000000e+01   2.7000000e+01   8.3602270e-16   5.8046875e-02   5.8046875e-02
   2.8000000e+01   2.7000000e+01   6.3842537e-16   3.3078125e-02   3.3078125e-02
   2.9000000e+01   2.7000000e+01   8.0605081e-16   6.8593750e-02   6.8593750e-02
   3.0000000e+01   2.7000000e+01   9.7468557e-16   1.2045312e-01   1.2045312e-01
   3.1000000e+01   2.7000000e+01   8.4407667e-16   1.2740625e-01   1.2740625e-01
   3.2000000e+01   2.7000000e+01   8.3077148e-16   7.8656250e-02   7.8656250e-02
   3.3000000e+01   2.7000000e+01   1.0061625e-15   4.9812500e-02   4.9812500e-02
   3.4000000e+01   2.7000000e+01   9.7195080e-16   3.9500000e-02   3.9500000e-02
   3.5000000e+01   2.7000000e+01   5.9167301e-16   2.3625000e-02   2.3625000e-02
   1.0000000e+00   2.8000000e+01   6.9181084e-16   3.6796875e-02   3.6796875e-02
   2.0000000e+00   2.8000000e+01   5.8364266e-16   1.9421875e-02   1.9421875e-02
   3.0000000e+00   2.8000000e+01   6.1849384e-16   2.2140625e-02   2.2140625e-02
   4.0000000e+00   2.8000000e+01   6.2595899e-16   2.5890625e-02   2.5890625e-02
   5.0000000e+00   2.8000000e+01   5.6121905e-16   1.9359375e-02   1.9359375e-02
   6.0000000e+00   2.8000000e+01   8.5285460e-16   3.8062500e-02   3.8062500e-02
   7.0000000e+00   2.8000000e+01   6.7185267e-16   3.8765625e-02   3.8765625e-02
   8.0000000e+00   2.8000000e+01   7.9579597e-16   3.8390625e-02   3.8390625e-02
   9.0000000e+00   2.8000000e+01   5.0784380e-16   1.9718750e-02   1.9718750e-02
   1.0000000e+01   2.8000000e+01   4.5636353e-16   2.1453125e-02   2.1453125e-02
   1.1000000e+01   2.8000000e+01   5.1201415e-16   1.7515625e-02   1.7515625e-02
   1.2000000e+01   2.8000000e+01   4.5463576e-16   2.9000000e-02   2.9000000e-02
   1.3000000e+01   2.8000000e+01   4.9281040e-16   2.8640625e-02   2.8640625e-02
   1.4000000e+01   2.8000000e+01   7.1918522e-16   8.0375000e-02   8.0375000e-02
   1.5000000e+01   2.8000000e+01   8.7135892e-16   8.9015625e-02   8.9015625e-02
   1.6000000e+01   2.8000000e+01   6.2716630e-16   5.4203125e-02   5.4203125e-02
   1.7000000e+01   2.8000000e+01   5.9708793e-16   3.3906250e-02   3.3906250e-02
   1.8000000e+01   2.8000000e+01   6.4008667e-16   4.2140625e-02   4.2140625e-02
   1.9000000e+01   2.8000000e+01   5.5112971e-16   2.2437500e-02   2.2437500e-02
   2.0000000e+01   2.8000000e+01   6.0074877e-16   1.5109375e-02   1.5109375e-02
   2.1000000e+01   2.8000000e+01   6.9464577e-16   2.2312500e-02   2.2312500e-02
   2.2000000e+01   2.8000000e+01   5.6564949e-16   2.1203125e-02   2.1203125e-02
   2.3000000e+01   2.8000000e+01   6.5535218e-16   3.8046875e-02   3.8046875e-02
   2.4000000e+01   2.8000000e+01   7.5254981e-16   5.5234375e-02   5.5234375e-02
   2.5000000e+01   2.8000000e+01   7.9789071e-16   7.3500000e-02   7.3500000e-02
   2.6000000e+01   2.8000000e+01   6.1527122e-16   4.5078125e-02   4.5078125e-02
   2.7000000e+01   2.8000000e+01   6.3501580e-16   2.7265625e-02   2.7265625e-02
   2.8000000e+01   2.8000000e+01   5.9468971e-16   2.8843750e-02   2.8843750e-02
   2.9000000e+01   2.8000000e+01   6.3453908e-16   2.5140625e-02   2.5140625e-02
   3.0000000e+01   2.8000000e+01   8.0191650e-16   6.0046875e-02   6.0046875e-02
   3.1000000e+01   2.8000000e+01   1.0151100e-15   1.2468750e-01   1.2468750e-01
   3.2000000e+01   2.8000000e+01   1.0168527e-15   1.0450000e-01   1.0450000e-01
   3.3000000e+01   2.8000000e+01   5.1722497e-16   5.0187500e-02   5.0187500e-02
   3.4000000e+01   2.8000000e+01   5.5932940e-16   3.6812500e-02   3.6812500e-02
   3.5000000e+01   2.8000000e+01   5.0714709e-16   2.3250000e-02   2.3250000e-02
   1.0000000e+00   2.9000000e+01   5.4861543e-16   2.0562500e-02   2.0562500e-02
   2.0000000e+00   2.9000000e+01   5.0395855e-16   3.2187500e-02   3.2187500e-02
   3.0000000e+00   2.9000000e+01   4.8893434e-16   2.4937500e-02   2.4937500e-02
   4.0000000e+00   2.9000000e+01   4.8009096e-16   1.8500000e-02   1.8500000e-02
   5.0000000e+00   2.9000000e+01   5.6966580e-16   2.9796875e-02   2.9796875e-02
   6.0000000e+00   2.9000000e+01   4.9192763e-16   3.5578125e-02   3.5578125e-02
   7.0000000e+00   2.9000000e+01   6.7937288e-16   4.0406250e-02   4.0406250e-02
   8.0000000e+00   2.9000000e+01   5.8926746e-16   3.0796875e-02   3.0796875e-02
   9.0000000e+00   2.9000000e+01   5.9367379e-16   1.8500000e-02   1.8500000e-02
   1.0000000e+01   2.9000000e+01   6.7475760e-16   3.0984375e-02   3.0984375e-02
   1.1000000e+01   2.9000000e+01   7.7138743e-16   4.4015625e-02   4.4015625e-02
   1.2000000e+01   2.9000000e+01   7.3005761e-16   4.2703125e-02   4.2703125e-02
   1.3000000e+01   2.9000000e+01   7.1246956e-16   2.8843750e-02   2.8843750e-02
   1.4000000e+01   2.9000000e+01   7.4308988e-16   4.1750000e-02   4.1750000e-02
   1.5000000e+01   2.9000000e+01   7.4562012e-16   5.8718750e-02   5.8718750e-02
   1.6000000e+01   2.9000000e+01   7.2693068e-16   4.3875000e-02   4.3875000e-02
   1.7000000e+01   2.9000000e+01   7.4465174e-16   3.0781250e-02   3.0781250e-02
   1.8000000e+01   2.9000000e+01   5.0033839e-16   1.8843750e-02   1.8843750e-02
   1.9000000e+01   2.9000000e+01   5.6524655e-16   2.3796875e-02   2.3796875e-02
   2.0000000e+01   2.9000000e+01   6.4615692e-16   1.7281250e-02   1.7281250e-02
   2.1000000e+01   2.9000000e+01   7.1464712e-16   2.8890625e-02   2.8890625e-02
   2.2000000e+01   2.9000000e+01   7.6817751e-16   2.9046875e-02   2.9046875e-02
   2.3000000e+01   2.9000000e+01   6.2598886e-16   2.4593750e-02   2.4593750e-02
   2.4000000e+01   2.9000000e+01   6.7454961e-16   4.6109375e-02   4.6109375e-02
   2.5000000e+01   2.9000000e+01   5.8096699e-16   3.7609375e-02   3.7609375e-02
   2.6000000e+01   2.9000000e+01   5.2102941e-16   2.0500000e-02   2.0500000e-02
   2.7000000e+01   2.9000000e+01   5.8742610e-16   2.3578125e-02   2.3578125e-02
   2.8000000e+01   2.9000000e+01   6.2218370e-16   4.2906250e-02   4.2906250e-02
   2.9000000e+01   2.9000000e+01   6.2184384e-16   3.1015625e-02   3.1015625e-02
   3.0000000e+01   2.9000000e+01   4.9555804e-16   2.7468750e-02   2.7468750e-02
   3.1000000e+01   2.9000000e+01   8.1164645e-16   5.3234375e-02   5.3234375e-02
   3.2000000e+01   2.9000000e+01   7.3948172e-16   6.5625000e-02   6.5625000e-02
   3.3000000e+01   2.9000000e+01   5.9454334e-16   4.0156250e-02   4.0156250e-02
   3.4000000e+01   2.9000000e+01   5.3678338e-16   2.7328125e-02   2.7328125e-02
   3.5000000e+01   2.9000000e+01   6.1107536e-16   2.4875000e-02   2.4875000e-02
   1.0000000e+00   3.0000000e+01   5.9188242e-16   2.7437500e-02   2.7437500e-02
   2.0000000e+00   3.0000000e+01   7.9872091e-16   4.2734375e-02   4.2734375e-02
   3.0000000e+00   3.0000000e+01   6.3706823e-16   2.6578125e-02   2.6578125e-02
   4.0000000e+00   3.0000000e+01   6.7226293e-16   2.6343750e-02   2.6343750e-02
   5.0000000e+00   3.0000000e+01   5.8029612e-16   3.3906250e-02   3.3906250e-02
   6.0000000e+00   3.0000000e+01   7.3528367e-16   4.1609375e-02   4.1609375e-02
   7.0000000e+00   3.0000000e+01   6.8195278e-16   8.0453125e-02   8.0453125e-02
   8.0000000e+00   3.0000000e+01   8.1148776e-16   9.5812500e-02   9.5812500e-02
   9.0000000e+00   3.0000000e+01   7.4066295e-16   4.8593750e-02   4.8593750e-02
   1.0000000e+01   3.0000000e+01   8.7077506e-16   3.2296875e-02   3.2296875e-02
   1.1000000e+01   3.0000000e+01   9.3738706e-16   2.6890625e-02   2.6890625e-02
   1.2000000e+01   3.0000000e+01   5.5506470e-16   1.8781250e-02   1.8781250e-02
   1.3000000e+01   3.0000000e+01   1.8341898e-15   6.0937500e-02   6.0937500e-02
   1.4000000e+01   3.0000000e+01   1.0139828e-15   1.1689062e-01   1.1689062e-01
   1.5000000e+01   3.0000000e+01   1.0218907e-15   1.1318750e-01   1.1318750e-01
   1.6000000e+01   3.0000000e+01   6.5826991e-16   5.8062500e-02   5.8062500e-02
   1.7000000e+01   3.0000000e+01   7.4003254e-16   3.7078125e-02   3.7078125e-02
   1.8000000e+01   3.0000000e+01   5.9392874e-16   2.0578125e-02   2.0578125e-02
   1.9000000e+01   3.0000000e+01   5.7063697e-16   2.1562500e-02   2.1562500e-02
   2.0000000e+01   3.0000000e+01   5.8279572e-16   3.1359375e-02   3.1359375e-02
   2.1000000e+01   3.0000000e+01   6.8770688e-16   2.5875000e-02   2.5875000e-02
   2.2000000e+01   3.0000000e+01   6.1561913e-16   2.2031250e-02   2.2031250e-02
   2.3000000e+01   3.0000000e+01   6.8862187e-16   3.3984375e-02   3.3984375e-02
   2.4000000e+01   3.0000000e+01   7.3867191e-16   5.0109375e-02   5.0109375e-02
   2.5000000e+01   3.0000000e+01   7.4251689e-16   4.4859375e-02   4.4859375e-02
   2.6000000e+01   3.0000000e+01   6.3724123e-16   2.8062500e-02   2.8062500e-02
   2.7000000e+01   3.0000000e+01   6.7540032e-16   3.2265625e-02   3.2265625e-02
   2.8000000e+01   3.0000000e+01   8.0086582e-16   5.2468750e-02   5.2468750e-02
   2.9000000e+01   3.0000000e+01   6.8712245e-16   3.7593750e-02   3.7593750e-02
   3.0000000e+01   3.0000000e+01   6.2487614e-16   2.3500000e-02   2.3500000e-02
   3.1000000e+01   3.0000000e+01   6.4717016e-16   4.6312500e-02   4.6312500e-02
   3.2000000e+01   3.0000000e+01   7.5916336e-16   5.3046875e-02   5.3046875e-02
   3.3000000e+01   3.0000000e+01   5.6572906e-16   4.4671875e-02   4.4671875e-02
   3.4000000e+01   3.0000000e+01   6.2086361e-16   2.7531250e-02   2.7531250e-02
   3.5000000e+01   3.0000000e+01   5.6229770e-16   2.9406250e-02   2.9406250e-02
   1.0000000e+00   3.1000000e+01   5.3166427e-16   1.9656250e-02   1.9656250e-02
   2.0000000e+00   3.1000000e+01   7.0408221e-16   3.0343750e-02   3.0343750e-02
   3.0000000e+00   3.1000000e+01   6.1177064e-16   2.8562500e-02   2.8562500e-02
   4.0000000e+00   3.1000000e+01   5.7523820e-16   3.3953125e-02   3.3953125e-02
   5.0000000e+00   3.1000000e+01   4.8245608e-16   2.4375000e-02   2.4375000e-02
   6.0000000e+00   3.1000000e+01   6.5206940e-16   3.4218750e-02   3.4218750e-02
   7.0000000e+00   3.1000000e+01   8.3434795e-16   5.8656250e-02   5.8656250e-02
   8.0000000e+00   3.1000000e+01   7.6807517e-16   8.9390625e-02   8.9390625e-02
   9.0000000e+00   3.1000000e+01   8.4601060e-16   9.2078125e-02   9.2078125e-02
   1.0000000e+01   3.1000000e+01   7.1628680e-16   3.3875000e-02   3.3875000e-02
   1.1000000e+01   3.1000000e+01   7.2622485e-16   3.3750000e-02   3.3750000e-02
   1.2000000e+01   3.1000000e+01   6.6760271e-16   5.6203125e-02   5.6203125e-02
   1.3000000e+01   3.1000000e+01   1.2480981e-15   1.6601562e-01   1.6601562e-01
   1.4000000e+01   3.1000000e+01   1.3386197e-15   1.5959375e-01   1.5959375e-01
   1.5000000e+01   3.1000000e+01   9.7248263e-16   1.1237500e-01   1.1237500e-01
   1.6000000e+01   3.1000000e+01   7.0954054e-16   6.4156250e-02   6.4156250e-02
   1.7000000e+01   3.1000000e+01   6.3071517e-16   2.6531250e-02   2.6531250e-02
   1.8000000e+01   3.1000000e+01   5.7387822e-16   3.0140625e-02   3.0140625e-02
   1.9000000e+01   3.1000000e+01   6.6545153e-16   2.0968750e-02   2.0968750e-02
   2.0000000e+01   3.1000000e+01   5.3863227e-16   1.5015625e-02   1.5015625e-02
   2.1000000e+01   3.1000000e+01   6.8098744e-16   3.0265625e-02   3.0265625e-02
   2.2000000e+01   3.1000000e+01   6.5704815e-16   2.5125000e-02   2.5125000e-02
   2.3000000e+01   3.1000000e+01   6.7808184e-16   3.2234375e-02   3.2234375e-02
   2.4000000e+01   3.1000000e+01   5.6036115e-16   5.4718750e-02   5.4718750e-02
   2.5000000e+01   3.1000000e+01   9.7261209e-16   9.9484375e-02   9.9484375e-02
   2.6000000e+01   3.1000000e+01   7.5936962e-16   6.5875000e-02   6.5875000e-02
   2.7000000e+01   3.1000000e+01   6.0262295e-16   2.5546875e-02   2.5546875e-02
   2.8000000e+01   3.1000000e+01   5.2198155e-16   1.6453125e-02   1.6453125e-02
   2.9000000e+01   3.1000000e+01   7.1324514e-16   3.7312500e-02   3.7312500e-02
   3.0000000e+01   3.1000000e+01   8.9093390e-16   9.0765625e-02   9.0765625e-02
   3.1000000e+01   3.1000000e+01   1.1899161e-15   1.5735937e-01   1.5735937e-01
   3.2000000e+01   3.1000000e+01   1.0355613e-15   1.2714062e-01   1.2714062e-01
   3.3000000e+01   3.1000000e+01   7.6923039e-16   7.2437500e-02   7.2437500e-02
   3.4000000e+01   3.1000000e+01   6.0305804e-16   3.1593750e-02   3.1593750e-02
   3.5000000e+01   3.1000000e+01   5.4202310e-16   2.1984375e-02   2.1984375e-02
   1.0000000e+00   3.2000000e+01   8.4179919e-16   6.9421875e-02   6.9421875e-02
   2.0000000e+00   3.2000000e+01   7.8511642e-16   7.1437500e-02   7.1437500e-02
   3.0000000e+00   3.2000000e+01   8.9054793e-16   7.4046875e-02   7.4046875e-02
   4.0000000e+00   3.2000000e+01   7.1904967e-16   5.1312500e-02   5.1312500e-02
   5.0000000e+00   3.2000000e+01   6.8375760e-16   4.3906250e-02   4.3906250e-02
   6.0000000e+00   3.2000000e+01   5.8504361e-16   2.7234375e-02   2.7234375e-02
   7.0000000e+00   3.2000000e+01   6.8916538e-16   3.4640625e-02   3.4640625e-02
   8.0000000e+00   3.2000000e+01   7.5097989e-16   4.9000000e-02   4.9000000e-02
   9.0000000e+00   3.2000000e+01   8.6062430e-16   6.7421875e-02   6.7421875e-02
   1.0000000e+01   3.2000000e+01   6.2519550e-16   3.2703125e-02   3.2703125e-02
   1.1000000e+01   3.2000000e+01   6.5157649e-16   2.6218750e-02   2.6218750e-02
   1.2000000e+01   3.2000000e+01   9.0542767e-16   8.5203125e-02   8.5203125e-02
   1.3000000e+01   3.2000000e+01   1.1341947e-15   1.3129687e-01   1.3129687e-01
   1.4000000e+01   3.2000000e+01   8.7935049e-16   1.0345312e-01   1.0345312e-01
   1.5000000e+01   3.2000000e+01   6.6933304e-16   4.3734375e-02   4.3734375e-02
   1.6000000e+01   3.2000000e+01   6.5879349e-16   3.3468750e-02   3.3468750e-02
   1.7000000e+01   3.2000000e+01   5.7058122e-16   3.6890625e-02   3.6890625e-02
   1.8000000e+01   3.2000000e+01   5.8340522e-16   2.8625000e-02   2.8625000e-02
   1.9000000e+01   3.2000000e+01   6.9385619e-16   2.7156250e-02   2.7156250e-02
   2.0000000e+01   3.2000000e+01   6.2642586e-16   4.0796875e-02   4.0796875e-02
   2.1000000e+01   3.2000000e+01   5.8938435e-16   3.2703125e-02   3.2703125e-02
   2.2000000e+01   3.2000000e+01   5.5667481e-16   4.1843750e-02   4.1843750e-02
   2.3000000e+01   3.2000000e+01   6.5190269e-16   2.9781250e-02   2.9781250e-02
   2.4000000e+01   3.2000000e+01   7.1038267e-16   4.9640625e-02   4.9640625e-02
   2.5000000e+01   3.2000000e+01   8.6054150e-16   8.2000000e-02   8.2000000e-02
   2.6000000e+01   3.2000000e+01   8.6095660e-16   9.6093750e-02   9.6093750e-02
   2.7000000e+01   3.2000000e+01   7.6548018e-16   4.1468750e-02   4.1468750e-02
   2.8000000e+01   3.2000000e+01   6.5410992e-16   2.0031250e-02   2.0031250e-02
   2.9000000e+01   3.2000000e+01   8.3239702e-16   7.8046875e-02   7.8046875e-02
   3.0000000e+01   3.2000000e+01   1.1695397e-15   1.6139062e-01   1.6139062e-01
   3.1000000e+01   3.2000000e+01   1.2116951e-15   1.5653125e-01   1.5653125e-01
   3.2000000e+01   3.2000000e+01   7.5138957e-16   1.0503125e-01   1.0503125e-01
   3.3000000e+01   3.2000000e+01   6.9396225e-16   4.9640625e-02   4.9640625e-02
   3.4000000e+01   3.2000000e+01   6.5966324e-16   2.4796875e-02   2.4796875e-02
   3.5000000e+01   3.2000000e+01   5.4855041e-16   2.9781250e-02   2.9781250e-02
   1.0000000e+00   3.3000000e+01   1.1311158e-15   1.5043750e-01   1.5043750e-01
   2.0000000e+00   3.3000000e+01   1.2037035e-15   1.6678125e-01   1.6678125e-01
   3.0000000e+00   3.3000000e+01   1.2997280e-15   1.7059375e-01   1.7059375e-01
   4.0000000e+00   3.3000000e+01   1.0889979e-15   1.3507812e-01   1.3507812e-01
   5.0000000e+00   3.3000000e+01   9.1098979e-16   9.4640625e-02   9.4640625e-02
   6.0000000e+00   3.3000000e+01   7.3144585e-16   6.2062500e-02   6.2062500e-02
   7.0000000e+00   3.3000000e+01   6.4867063e-16   3.5843750e-02   3.5843750e-02
   8.0000000e+00   3.3000000e+01   6.3069210e-16   2.3031250e-02   2.3031250e-02
   9.0000000e+00   3.3000000e+01   6.9450026e-16   3.4531250e-02   3.4531250e-02
   1.0000000e+01   3.3000000e+01   6.2203278e-16   2.3296875e-02   2.3296875e-02
   1.1000000e+01   3.3000000e+01   7.9754719e-16   2.2781250e-02   2.2781250e-02
   1.2000000e+01   3.3000000e+01   6.3113367e-16   4.4937500e-02   4.4937500e-02
   1.3000000e+01   3.3000000e+01   6.4098123e-16   4.7093750e-02   4.7093750e-02
   1.4000000e+01   3.3000000e+01   6.3838036e-16   4.9156250e-02   4.9156250e-02
   1.5000000e+01   3.3000000e+01   6.3428848e-16   3.8734375e-02   3.8734375e-02
   1.6000000e+01   3.3000000e+01   8.1513730e-16   3.7078125e-02   3.7078125e-02
   1.7000000e+01   3.3000000e+01   6.1387404e-16   3.9218750e-02   3.9218750e-02
   1.8000000e+01   3.3000000e+01   7.6829940e-16   6.1843750e-02   6.1843750e-02
   1.9000000e+01   3.3000000e+01   7.5419927e-16   7.4453125e-02   7.4453125e-02
   2.0000000e+01   3.3000000e+01   8.5059207e-16   7.7703125e-02   7.7703125e-02
   2.1000000e+01   3.3000000e+01   6.8702577e-16   6.2187500e-02   6.2187500e-02
   2.2000000e+01   3.3000000e+01   7.8354044e-16   6.0015625e-02   6.0015625e-02
   2.3000000e+01   3.3000000e+01   5.0314749e-16   3.6390625e-02   3.6390625e-02
   2.4000000e+01   3.3000000e+01   6.9905619e-16   3.4250000e-02   3.4250000e-02
   2.5000000e+01   3.3000000e+01   7.2952032e-16   4.5453125e-02   4.5453125e-02
   2.6000000e+01   3.3000000e+01   8.0653838e-16   7.0890625e-02   7.0890625e-02
   2.7000000e+01   3.3000000e+01   7.9805500e-16   3.9234375e-02   3.9234375e-02
   2.8000000e+01   3.3000000e+01   6.8288103e-16   2.4625000e-02   2.4625000e-02
   2.9000000e+01   3.3000000e+01   9.1000144e-16   7.6453125e-02   7.6453125e-02
   3.0000000e+01   3.3000000e+01   9.0960515e-16   9.8875000e-02   9.8875000e-02
   3.1000000e+01   3.3000000e+01   9.4391174e-16   6.6484375e-02   6.6484375e-02
   3.2000000e+01   3.3000000e+01   7.4511690e-16   5.3359375e-02   5.3359375e-02
   3.3000000e+01   3.3000000e+01   6.6263443e-16   4.4609375e-02   4.4609375e-02
   3.4000000e+01   3.3000000e+01   6.5590422e-16   3.2140625e-02   3.2140625e-02
   3.5000000e+01   3.3000000e+01   7.3647263e-16   3.6312500e-02   3.6312500e-02
   1.0000000e+00   3.4000000e+01   1.3576721e-15   1.8446875e-01   1.8446875e-01
   2.0000000e+00   3.4000000e+01   1.3447829e-15   1.6889062e-01   1.6889062e-01
   3.0000000e+00   3.4000000e+01   1.3322376e-15   1.7085937e-01   1.7085937e-01
   4.0000000e+00   3.4000000e+01   1.3957803e-15   1.9384375e-01   1.9384375e-01
   5.0000000e+00   3.4000000e+01   1.3249301e-15   1.5417187e-01   1.5417187e-01
   6.0000000e+00   3.4000000e+01   8.3899502e-16   7.7390625e-02   7.7390625e-02
   7.0000000e+00   3.4000000e+01   6.8487896e-16   3.8656250e-02   3.8656250e-02
   8.0000000e+00   3.4000000e+01   6.3270010e-16   3.1468750e-02   3.1468750e-02
   9.0000000e+00   3.4000000e+01   6.5924417e-16   2.9203125e-02   2.9203125e-02
   1.0000000e+01   3.4000000e+01   6.0338146e-16   2.8375000e-02   2.8375000e-02
   1.1000000e+01   3.4000000e+01   5.5955061e-16   1.8984375e-02   1.8984375e-02
   1.2000000e+01   3.4000000e+01   6.0960089e-16   1.8609375e-02   1.8609375e-02
   1.3000000e+01   3.4000000e+01   7.2413156e-16   3.3125000e-02   3.3125000e-02
   1.4000000e+01   3.4000000e+01   6.8495083e-16   3.5296875e-02   3.5296875e-02
   1.5000000e+01   3.4000000e+01   6.9923310e-16   2.4234375e-02   2.4234375e-02
   1.6000000e+01   3.4000000e+01   7.2132199e-16   4.2031250e-02   4.2031250e-02
   1.7000000e+01   3.4000000e+01   9.8022279e-16   7.6921875e-02   7.6921875e-02
   1.8000000e+01   3.4000000e+01   1.1648148e-15   1.3929687e-01   1.3929687e-01
   1.9000000e+01   3.4000000e+01   1.4573328e-15   1.6401562e-01   1.6401562e-01
   2.0000000e+01   3.4000000e+01   1.3847005e-15   1.6485937e-01   1.6485937e-01
   2.1000000e+01   3.4000000e+01   1.3058434e-15   1.3785937e-01   1.3785937e-01
   2.2000000e+01   3.4000000e+01   1.0301651e-15   1.0560937e-01   1.0560937e-01
   2.3000000e+01   3.4000000e+01   7.5112917e-16   4.9640625e-02   4.9640625e-02
   2.4000000e+01   3.4000000e+01   6.8980394e-16   2.5046875e-02   2.5046875e-02
   2.5000000e+01   3.4000000e+01   6.2315737e-16   2.9078125e-02   2.9078125e-02
   2.6000000e+01   3.4000000e+01   6.1858405e-16   3.3437500e-02   3.3437500e-02
   2.7000000e+01   3.4000000e+01   6.3979126e-16   1.9890625e-02   1.9890625e-02
   2.8000000e+01   3.4000000e+01   5.9096484e-16   2.0468750e-02   2.0468750e-02
   2.9000000e+01   3.4000000e+01   8.0006426e-16   4.0156250e-02   4.0156250e-02
   3.0000000e+01   3.4000000e+01   6.3040026e-16   4.1640625e-02   4.1640625e-02
   3.1000000e+01   3.4000000e+01   5.0622926e-16   2.1265625e-02   2.1265625e-02
   3.2000000e+01   3.4000000e+01   6.0516515e-16   3.5343750e-02   3.5343750e-02
   3.3000000e+01   3.4000000e+01   5.8044470e-16   4.6000000e-02   4.6000000e-02
   3.4000000e+01   3.4000000e+01   6.5277464e-16   5.2812500e-02   5.2812500e-02
   3.5000000e+01   3.4000000e+01   8.5590037e-16   1.0603125e-01   1.0603125e-01
   1.0000000e+00   3.5000000e+01   1.1977995e-15   1.7918750e-01   1.7918750e-01
   2.0000000e+00   3.5000000e+01   9.4200040e-16   1.3407812e-01   1.3407812e-01
   3.0000000e+00   3.5000000e+01   1.0727813e-15   1.4042187e-01   1.4042187e-01
   4.0000000e+00   3.5000000e+01   1.3895958e-15   1.9754687e-01   1.9754687e-01
   5.0000000e+00   3.5000000e+01   1.2729387e-15   1.8315625e-01   1.8315625e-01
   6.0000000e+00   3.5000000e+01   1.0545428e-15   1.1170312e-01   1.1170312e-01
   7.0000000e+00   3.5000000e+01   5.9028184e-16   4.9593750e-02   4.9593750e-02
   8.0000000e+00   3.5000000e+01   6.1271213e-16   3.3125000e-02   3.3125000e-02
   9.0000000e+00   3.5000000e+01   7.1200123e-16   3.8156250e-02   3.8156250e-02
   1.0000000e+01   3.5000000e+01   5.9537955e-16   2.0781250e-02   2.0781250e-02
   1.1000000e+01   3.5000000e+01   6.4840628e-16   2.6125000e-02   2.6125000e-02
   1.2000000e+01   3.5000000e+01   6.7398005e-16   2.5875000e-02   2.5875000e-02
   1.3000000e+01   3.5000000e+01   5.9987722e-16   2.5781250e-02   2.5781250e-02
   1.4000000e+01   3.5000000e+01   4.9129855e-16   1.4531250e-02   1.4531250e-02
   1.5000000e+01   3.5000000e+01   5.9936902e-16   3.6796875e-02   3.6796875e-02
   1.6000000e+01   3.5000000e+01   8.2964386e-16   6.3359375e-02   6.3359375e-02
   1.7000000e+01   3.5000000e+01   1.0428435e-15   1.5143750e-01   1.5143750e-01
   1.8000000e+01   3.5000000e+01   1.2552854e-15   1.8734375e-01   1.8734375e-01
   1.9000000e+01   3.5000000e+01   1.2902897e-15   1.6454687e-01   1.6454687e-01
   2.0000000e+01   3.5000000e+01   1.2443576e-15   1.5279687e-01   1.5279687e-01
   2.1000000e+01   3.5000000e+01   1.4972272e-15   1.9201562e-01   1.9201562e-01
   2.2000000e+01   3.5000000e+01   1.4310701e-15   1.7342187e-01   1.7342187e-01
   2.3000000e+01   3.5000000e+01   8.2386045e-16   9.8921875e-02   9.8921875e-02
   2.4000000e+01   3.5000000e+01   6.3213965e-16   4.2906250e-02   4.2906250e-02
   2.5000000e+01   3.5000000e+01   6.3419105e-16   3.0937500e-02   3.0937500e-02
   2.6000000e+01   3.5000000e+01   7.0079673e-16   3.3562500e-02   3.3562500e-02
   2.7000000e+01   3.5000000e+01   6.8235642e-16   2.1781250e-02   2.1781250e-02
   2.8000000e+01   3.5000000e+01   6.2503115e-16   1.7250000e-02   1.7250000e-02
   2.9000000e+01   3.5000000e+01   6.6579443e-16   2.7906250e-02   2.7906250e-02
   3.0000000e+01   3.5000000e+01   6.5097216e-16   1.9812500e-02   1.9812500e-02
   3.1000000e+01   3.5000000e+01   6.2940318e-16   2.1546875e-02   2.1546875e-02
   3.2000000e+01   3.5000000e+01   7.1892437e-16   3.5593750e-02   3.5593750e-02
   3.3000000e+01   3.5000000e+01   7.9923038e-16   5.7796875e-02   5.7796875e-02
   3.4000000e+01   3.5000000e+01   1.1297111e-15   1.2621875e-01   1.2621875e-01
   3.5000000e+01   3.5000000e+01   1.3248970e-15   1.9182812e-01   1.9182812e-01
