   1.0000000e+00   1.0000000e+00   2.1244834e-15   3.7282812e-01   3.7282812e-01
   2.0000000e+00   1.0000000e+00   1.5960173e-15   2.6201562e-01   2.6201562e-01
   3.0000000e+00   1.0000000e+00   1.0527476e-15   1.3532812e-01   1.3532812e-01
   4.0000000e+00   1.0000000e+00   1.4676497e-15   2.2587500e-01   2.2587500e-01
   5.0000000e+00   1.0000000e+00   2.0149023e-15   3.5306250e-01   3.5306250e-01
   6.0000000e+00   1.0000000e+00   2.2389386e-15   3.8901562e-01   3.8901562e-01
   7.0000000e+00   1.0000000e+00   2.3008333e-15   4.1664062e-01   4.1664062e-01
   8.0000000e+00   1.0000000e+00   2.3256665e-15   4.2085937e-01   4.2085937e-01
   9.0000000e+00   1.0000000e+00   2.3784306e-15   4.3631250e-01   4.3631250e-01
   1.0000000e+01   1.0000000e+00   2.3909364e-15   4.3423437e-01   4.3423437e-01
   1.1000000e+01   1.0000000e+00   2.3969844e-15   4.3421875e-01   4.3421875e-01
   1.2000000e+01   1.0000000e+00   2.1897289e-15   3.9573437e-01   3.9573437e-01
   1.3000000e+01   1.0000000e+00   2.2379477e-15   4.0759375e-01   4.0759375e-01
   1.4000000e+01   1.0000000e+00   2.3397725e-15   4.3135937e-01   4.3135937e-01
   1.5000000e+01   1.0000000e+00   2.3826920e-15   4.3651562e-01   4.3651562e-01
   1.6000000e+01   1.0000000e+00   2.4409975e-15   4.4315625e-01   4.4315625e-01
   1.7000000e+01   1.0000000e+00   2.4171705e-15   4.3989062e-01   4.3989062e-01
   1.8000000e+01   1.0000000e+00   2.4128715e-15   4.2895312e-01   4.2895312e-01
   1.9000000e+01   1.0000000e+00   1.8723829e-15   3.1414062e-01   3.1414062e-01
   2.0000000e+01   1.0000000e+00   1.0722420e-15   1.3826562e-01   1.3826562e-01
   2.1000000e+01   1.0000000e+00   1.3270363e-15   2.0170312e-01   2.0170312e-01
   2.2000000e+01   1.0000000e+00   2.1793771e-15   3.7332812e-01   3.7332812e-01
   2.3000000e+01   1.0000000e+00   2.3853805e-15   4.2507812e-01   4.2507812e-01
   2.4000000e+01   1.0000000e+00   2.4402940e-15   4.4175000e-01   4.4175000e-01
   2.5000000e+01   1.0000000e+00   2.4641015e-15   4.4489062e-01   4.4489062e-01
   2.6000000e+01   1.0000000e+00   2.3980685e-15   4.3834375e-01   4.3834375e-01
   2.7000000e+01   1.0000000e+00   2.3950517e-15   4.3585937e-01   4.3585937e-01
   2.8000000e+01   1.0000000e+00   2.2676998e-15   4.1175000e-01   4.1175000e-01
   2.9000000e+01   1.0000000e+00   2.1484285e-15   3.7890625e-01   3.7890625e-01
   3.0000000e+01   1.0000000e+00   2.2010173e-15   4.1003125e-01   4.1003125e-01
   3.1000000e+01   1.0000000e+00   2.3578170e-15   4.3018750e-01   4.3018750e-01
   3.2000000e+01   1.0000000e+00   2.4888914e-15   4.4921875e-01   4.4921875e-01
   3.3000000e+01   1.0000000e+00   2.4275253e-15   4.3812500e-01   4.3812500e-01
   3.4000000e+01   1.0000000e+00   2.4869325e-15   4.5120312e-01   4.5120312e-01
   3.5000000e+01   1.0000000e+00   2.5242281e-15   4.6206250e-01   4.6206250e-01
   1.0000000e+00   2.0000000e+00   2.0751779e-15   3.6159375e-01   3.6159375e-01
   2.0000000e+00   2.0000000e+00   1.6314124e-15   2.5884375e-01   2.5884375e-01
   3.0000000e+00   2.0000000e+00   9.7680272e-16   1.2535937e-01   1.2535937e-01
   4.0000000e+00   2.0000000e+00   1.4246183e-15   2.2325000e-01   2.2325000e-01
   5.0000000e+00   2.0000000e+00   1.7798104e-15   3.0015625e-01   3.0015625e-01
   6.0000000e+00   2.0000000e+00   2.0943307e-15   3.6804688e-01   3.6804688e-01
   7.0000000e+00   2.0000000e+00   2.0952523e-15   3.6092188e-01   3.6092188e-01
   8.0000000e+00   2.0000000e+00   2.2449352e-15   4.0959375e-01   4.0959375e-01
   9.0000000e+00   2.0000000e+00   2.2937113e-15   4.1643750e-01   4.1643750e-01
   1.0000000e+01   2.0000000e+00   2.3677943e-15   4.3034375e-01   4.3034375e-01
   1.1000000e+01   2.0000000e+00   2.3375040e-15   4.2101563e-01   4.2101563e-01
   1.2000000e+01   2.0000000e+00   2.2112538e-15   4.0020312e-01   4.0020312e-01
   1.3000000e+01   2.0000000e+00   2.2270993e-15   4.0928125e-01   4.0928125e-01
   1.4000000e+01   2.0000000e+00   2.4529046e-15   4.3739062e-01   4.3739062e-01
   1.5000000e+01   2.0000000e+00   2.3706997e-15   4.3718750e-01   4.3718750e-01
   1.6000000e+01   2.0000000e+00   2.3146372e-15   4.2584375e-01   4.2584375e-01
   1.7000000e+01   2.0000000e+00   2.2486127e-15   4.0696875e-01   4.0696875e-01
   1.8000000e+01   2.0000000e+00   2.2048752e-15   3.9065625e-01   3.9065625e-01
   1.9000000e+01   2.0000000e+00   1.7870589e-15   2.9748437e-01   2.9748437e-01
   2.0000000e+01   2.0000000e+00   1.0243495e-15   1.3167187e-01   1.3167187e-01
   2.1000000e+01   2.0000000e+00   1.2812075e-15   1.8176562e-01   1.8176562e-01
   2.2000000e+01   2.0000000e+00   1.9425926e-15   3.2878125e-01   3.2878125e-01
   2.3000000e+01   2.0000000e+00   2.1559300e-15   3.7778125e-01   3.7778125e-01
   2.4000000e+01   2.0000000e+00   2.2706046e-15   4.0435937e-01   4.0435937e-01
   2.5000000e+01   2.0000000e+00   2.2894762e-15   4.1326562e-01   4.1326562e-01
   2.6000000e+01   2.0000000e+00   2.3488197e-15   4.2429687e-01   4.2429687e-01
   2.7000000e+01   2.0000000e+00   2.3983917e-15   4.3806250e-01   4.3806250e-01
   2.8000000e+01   2.0000000e+00   2.3354710e-15   4.2914063e-01   4.2914063e-01
   2.9000000e+01   2.0000000e+00   2.1862811e-15   3.9407813e-01   3.9407813e-01
   3.0000000e+01   2.0000000e+00   2.2416063e-15   4.0212500e-01   4.0212500e-01
   3.1000000e+01   2.0000000e+00   2.3816029e-15   4.3075000e-01   4.3075000e-01
   3.2000000e+01   2.0000000e+00   2.4002294e-15   4.3698437e-01   4.3698437e-01
   3.3000000e+01   2.0000000e+00   2.3776035e-15   4.2884375e-01   4.2884375e-01
   3.4000000e+01   2.0000000e+00   2.4070156e-15   4.2842187e-01   4.2842187e-01
   3.5000000e+01   2.0000000e+00   2.3160792e-15   4.1476562e-01   4.1476562e-01
   1.0000000e+00   3.0000000e+00   2.0270233e-15   3.6084375e-01   3.6084375e-01
   2.0000000e+00   3.0000000e+00   1.6454080e-15   2.6704687e-01   2.6704687e-01
   3.0000000e+00   3.0000000e+00   1.0323904e-15   1.3385937e-01   1.3385937e-01
   4.0000000e+00   3.0000000e+00   1.3814171e-15   2.0534375e-01   2.0534375e-01
   5.0000000e+00   3.0000000e+00   1.8231234e-15   3.0468750e-01   3.0468750e-01
   6.0000000e+00   3.0000000e+00   1.9532118e-15   3.3918750e-01   3.3918750e-01
   7.0000000e+00   3.0000000e+00   2.0512454e-15   3.6231250e-01   3.6231250e-01
   8.0000000e+00   3.0000000e+00   2.1749668e-15   3.8596875e-01   3.8596875e-01
   9.0000000e+00   3.0000000e+00   2.1805918e-15   3.9157813e-01   3.9157813e-01
   1.0000000e+01   3.0000000e+00   2.3085970e-15   4.1415625e-01   4.1415625e-01
   1.1000000e+01   3.0000000e+00   2.3414244e-15   4.2467187e-01   4.2467187e-01
   1.2000000e+01   3.0000000e+00   2.2327394e-15   4.0145312e-01   4.0145312e-01
   1.3000000e+01   3.0000000e+00   2.3486613e-15   4.2162500e-01   4.2162500e-01
   1.4000000e+01   3.0000000e+00   2.3353741e-15   4.2782813e-01   4.2782813e-01
   1.5000000e+01   3.0000000e+00   2.3934828e-15   4.3182813e-01   4.3182813e-01
   1.6000000e+01   3.0000000e+00   2.1688718e-15   3.8918750e-01   3.8918750e-01
   1.7000000e+01   3.0000000e+00   2.1119464e-15   3.8246875e-01   3.8246875e-01
   1.8000000e+01   3.0000000e+00   2.0334168e-15   3.6243750e-01   3.6243750e-01
   1.9000000e+01   3.0000000e+00   1.7402580e-15   2.8932812e-01   2.8932812e-01
   2.0000000e+01   3.0000000e+00   1.0948936e-15   1.3785937e-01   1.3785937e-01
   2.1000000e+01   3.0000000e+00   1.1648042e-15   1.6178125e-01   1.6178125e-01
   2.2000000e+01   3.0000000e+00   1.8275734e-15   3.0654688e-01   3.0654688e-01
   2.3000000e+01   3.0000000e+00   1.9629123e-15   3.4239063e-01   3.4239063e-01
   2.4000000e+01   3.0000000e+00   2.1067144e-15   3.7073437e-01   3.7073437e-01
   2.5000000e+01   3.0000000e+00   2.1350674e-15   3.8176563e-01   3.8176563e-01
   2.6000000e+01   3.0000000e+00   2.2190557e-15   3.9748438e-01   3.9748438e-01
   2.7000000e+01   3.0000000e+00   2.3381048e-15   4.2898437e-01   4.2898437e-01
   2.8000000e+01   3.0000000e+00   2.3126629e-15   4.1965625e-01   4.1965625e-01
   2.9000000e+01   3.0000000e+00   2.1477898e-15   3.8371875e-01   3.8371875e-01
   3.0000000e+01   3.0000000e+00   2.0848636e-15   3.7257812e-01   3.7257812e-01
   3.1000000e+01   3.0000000e+00   2.3686308e-15   4.3248437e-01   4.3248437e-01
   3.2000000e+01   3.0000000e+00   2.3261596e-15   4.2339062e-01   4.2339062e-01
   3.3000000e+01   3.0000000e+00   2.3159819e-15   4.2465625e-01   4.2465625e-01
   3.4000000e+01   3.0000000e+00   2.2064787e-15   3.9303125e-01   3.9303125e-01
   3.5000000e+01   3.0000000e+00   2.1228629e-15   3.8067187e-01   3.8067187e-01
   1.0000000e+00   4.0000000e+00   2.1390226e-15   3.8515625e-01   3.8515625e-01
   2.0000000e+00   4.0000000e+00   1.8438135e-15   3.1079687e-01   3.1079687e-01
   3.0000000e+00   4.0000000e+00   1.0869680e-15   1.4665625e-01   1.4665625e-01
   4.0000000e+00   4.0000000e+00   1.3276640e-15   1.9918750e-01   1.9918750e-01
   5.0000000e+00   4.0000000e+00   1.7749414e-15   3.0587500e-01   3.0587500e-01
   6.0000000e+00   4.0000000e+00   2.0306574e-15   3.6350000e-01   3.6350000e-01
   7.0000000e+00   4.0000000e+00   2.0692955e-15   3.6548437e-01   3.6548437e-01
   8.0000000e+00   4.0000000e+00   2.0934903e-15   3.8362500e-01   3.8362500e-01
   9.0000000e+00   4.0000000e+00   2.2399911e-15   4.0629688e-01   4.0629688e-01
   1.0000000e+01   4.0000000e+00   2.2403597e-15   4.0767187e-01   4.0767187e-01
   1.1000000e+01   4.0000000e+00   2.3289967e-15   4.2456250e-01   4.2456250e-01
   1.2000000e+01   4.0000000e+00   2.2028579e-15   3.9164062e-01   3.9164062e-01
   1.3000000e+01   4.0000000e+00   2.2787069e-15   4.0821875e-01   4.0821875e-01
   1.4000000e+01   4.0000000e+00   2.3343389e-15   4.2220313e-01   4.2220313e-01
   1.5000000e+01   4.0000000e+00   2.3270322e-15   4.2173437e-01   4.2173437e-01
   1.6000000e+01   4.0000000e+00   2.2432095e-15   4.1120313e-01   4.1120313e-01
   1.7000000e+01   4.0000000e+00   2.1082908e-15   3.7621875e-01   3.7621875e-01
   1.8000000e+01   4.0000000e+00   2.1126130e-15   3.8003125e-01   3.8003125e-01
   1.9000000e+01   4.0000000e+00   1.8170595e-15   3.0360937e-01   3.0360937e-01
   2.0000000e+01   4.0000000e+00   1.0971125e-15   1.4967187e-01   1.4967187e-01
   2.1000000e+01   4.0000000e+00   1.1032989e-15   1.4742187e-01   1.4742187e-01
   2.2000000e+01   4.0000000e+00   1.6717938e-15   2.7425000e-01   2.7425000e-01
   2.3000000e+01   4.0000000e+00   1.9811904e-15   3.3904687e-01   3.3904687e-01
   2.4000000e+01   4.0000000e+00   2.0107981e-15   3.5351563e-01   3.5351563e-01
   2.5000000e+01   4.0000000e+00   2.1382256e-15   3.8193750e-01   3.8193750e-01
   2.6000000e+01   4.0000000e+00   2.1525015e-15   3.8614062e-01   3.8614062e-01
   2.7000000e+01   4.0000000e+00   2.2995448e-15   4.1896875e-01   4.1896875e-01
   2.8000000e+01   4.0000000e+00   2.2168192e-15   3.9987500e-01   3.9987500e-01
   2.9000000e+01   4.0000000e+00   2.1568847e-15   3.7495313e-01   3.7495313e-01
   3.0000000e+01   4.0000000e+00   2.0631865e-15   3.5245312e-01   3.5245312e-01
   3.1000000e+01   4.0000000e+00   2.2333987e-15   4.0442187e-01   4.0442187e-01
   3.2000000e+01   4.0000000e+00   2.3512608e-15   4.3196875e-01   4.3196875e-01
   3.3000000e+01   4.0000000e+00   2.2937557e-15   4.1395312e-01   4.1395312e-01
   3.4000000e+01   4.0000000e+00   2.1450782e-15   3.8109375e-01   3.8109375e-01
   3.5000000e+01   4.0000000e+00   2.0529668e-15   3.6276562e-01   3.6276562e-01
   1.0000000e+00   5.0000000e+00   2.4088075e-15   4.3364063e-01   4.3364063e-01
   2.0000000e+00   5.0000000e+00   2.0099447e-15   3.3473437e-01   3.3473437e-01
   3.0000000e+00   5.0000000e+00   1.1850124e-15   1.5887500e-01   1.5887500e-01
   4.0000000e+00   5.0000000e+00   1.3392936e-15   2.0096875e-01   2.0096875e-01
   5.0000000e+00   5.0000000e+00   1.9991597e-15   3.3426562e-01   3.3426562e-01
   6.0000000e+00   5.0000000e+00   2.2209102e-15   3.8500000e-01   3.8500000e-01
   7.0000000e+00   5.0000000e+00   2.2443028e-15   3.9662500e-01   3.9662500e-01
   8.0000000e+00   5.0000000e+00   2.3401379e-15   4.2103125e-01   4.2103125e-01
   9.0000000e+00   5.0000000e+00   2.4061196e-15   4.3651562e-01   4.3651562e-01
   1.0000000e+01   5.0000000e+00   2.3824336e-15   4.3676562e-01   4.3676562e-01
   1.1000000e+01   5.0000000e+00   2.3139639e-15   4.1835937e-01   4.1835937e-01
   1.2000000e+01   5.0000000e+00   2.1885939e-15   3.9254687e-01   3.9254687e-01
   1.3000000e+01   5.0000000e+00   2.2658901e-15   4.1051563e-01   4.1051563e-01
   1.4000000e+01   5.0000000e+00   2.3798773e-15   4.3739062e-01   4.3739062e-01
   1.5000000e+01   5.0000000e+00   2.4085566e-15   4.4032812e-01   4.4032812e-01
   1.6000000e+01   5.0000000e+00   2.3887203e-15   4.3681250e-01   4.3681250e-01
   1.7000000e+01   5.0000000e+00   2.2858885e-15   4.0690625e-01   4.0690625e-01
   1.8000000e+01   5.0000000e+00   2.2277735e-15   3.9312500e-01   3.9312500e-01
   1.9000000e+01   5.0000000e+00   1.9381041e-15   3.3743750e-01   3.3743750e-01
   2.0000000e+01   5.0000000e+00   1.2130246e-15   1.6467187e-01   1.6467187e-01
   2.1000000e+01   5.0000000e+00   1.1344532e-15   1.4935937e-01   1.4935937e-01
   2.2000000e+01   5.0000000e+00   1.8054915e-15   3.0270312e-01   3.0270312e-01
   2.3000000e+01   5.0000000e+00   1.9984091e-15   3.4862500e-01   3.4862500e-01
   2.4000000e+01   5.0000000e+00   2.1147660e-15   3.6904688e-01   3.6904688e-01
   2.5000000e+01   5.0000000e+00   2.2135679e-15   4.0251562e-01   4.0251562e-01
   2.6000000e+01   5.0000000e+00   2.2306773e-15   3.9856250e-01   3.9856250e-01
   2.7000000e+01   5.0000000e+00   2.2495464e-15   4.0378125e-01   4.0378125e-01
   2.8000000e+01   5.0000000e+00   2.2796712e-15   4.1193750e-01   4.1193750e-01
   2.9000000e+01   5.0000000e+00   2.1907593e-15   3.8662500e-01   3.8662500e-01
   3.0000000e+01   5.0000000e+00   2.2099820e-15   3.8995312e-01   3.8995312e-01
   3.1000000e+01   5.0000000e+00   2.3214013e-15   4.2457812e-01   4.2457812e-01
   3.2000000e+01   5.0000000e+00   2.3629245e-15   4.3235937e-01   4.3235937e-01
   3.3000000e+01   5.0000000e+00   2.3257150e-15   4.2753125e-01   4.2753125e-01
   3.4000000e+01   5.0000000e+00   2.2343607e-15   4.0290625e-01   4.0290625e-01
   3.5000000e+01   5.0000000e+00   2.1287464e-15   3.7082812e-01   3.7082812e-01
   1.0000000e+00   6.0000000e+00   2.5967086e-15   4.7053125e-01   4.7053125e-01
   2.0000000e+00   6.0000000e+00   2.1408457e-15   3.7007812e-01   3.7007812e-01
   3.0000000e+00   6.0000000e+00   1.2478711e-15   1.8206250e-01   1.8206250e-01
   4.0000000e+00   6.0000000e+00   1.2463738e-15   1.9028125e-01   1.9028125e-01
   5.0000000e+00   6.0000000e+00   2.1058985e-15   3.6806250e-01   3.6806250e-01
   6.0000000e+00   6.0000000e+00   2.3853137e-15   4.2376562e-01   4.2376562e-01
   7.0000000e+00   6.0000000e+00   2.4262500e-15   4.3018750e-01   4.3018750e-01
   8.0000000e+00   6.0000000e+00   2.3923661e-15   4.3432812e-01   4.3432812e-01
   9.0000000e+00   6.0000000e+00   2.4566798e-15   4.5318750e-01   4.5318750e-01
   1.0000000e+01   6.0000000e+00   2.3780775e-15   4.3159375e-01   4.3159375e-01
   1.1000000e+01   6.0000000e+00   2.3214825e-15   4.2048437e-01   4.2048437e-01
   1.2000000e+01   6.0000000e+00   2.1949304e-15   4.0401562e-01   4.0401562e-01
   1.3000000e+01   6.0000000e+00   2.2929065e-15   4.1800000e-01   4.1800000e-01
   1.4000000e+01   6.0000000e+00   2.3601364e-15   4.2542187e-01   4.2542187e-01
   1.5000000e+01   6.0000000e+00   2.3712842e-15   4.3548437e-01   4.3548437e-01
   1.6000000e+01   6.0000000e+00   2.4855359e-15   4.5429687e-01   4.5429687e-01
   1.7000000e+01   6.0000000e+00   2.4925380e-15   4.5289062e-01   4.5289062e-01
   1.8000000e+01   6.0000000e+00   2.3752736e-15   4.2323438e-01   4.2323438e-01
   1.9000000e+01   6.0000000e+00   2.1152213e-15   3.6445312e-01   3.6445312e-01
   2.0000000e+01   6.0000000e+00   1.2712310e-15   1.8414062e-01   1.8414062e-01
   2.1000000e+01   6.0000000e+00   1.0962159e-15   1.4923437e-01   1.4923437e-01
   2.2000000e+01   6.0000000e+00   1.9437153e-15   3.2935937e-01   3.2935937e-01
   2.3000000e+01   6.0000000e+00   2.1984643e-15   3.8375000e-01   3.8375000e-01
   2.4000000e+01   6.0000000e+00   2.2394904e-15   4.0025000e-01   4.0025000e-01
   2.5000000e+01   6.0000000e+00   2.3667305e-15   4.2903125e-01   4.2903125e-01
   2.6000000e+01   6.0000000e+00   2.4258225e-15   4.4085938e-01   4.4085938e-01
   2.7000000e+01   6.0000000e+00   2.3663994e-15   4.2726562e-01   4.2726562e-01
   2.8000000e+01   6.0000000e+00   2.3520098e-15   4.1810938e-01   4.1810938e-01
   2.9000000e+01   6.0000000e+00   2.1899798e-15   3.9282812e-01   3.9282812e-01
   3.0000000e+01   6.0000000e+00   2.1998801e-15   4.0745312e-01   4.0745312e-01
   3.1000000e+01   6.0000000e+00   2.4026858e-15   4.3964063e-01   4.3964063e-01
   3.2000000e+01   6.0000000e+00   2.4233334e-15   4.4190625e-01   4.4190625e-01
   3.3000000e+01   6.0000000e+00   2.4149060e-15   4.3964063e-01   4.3964063e-01
   3.4000000e+01   6.0000000e+00   2.3573862e-15   4.3504688e-01   4.3504688e-01
   3.5000000e+01   6.0000000e+00   2.2682044e-15   4.0710938e-01   4.0710938e-01
   1.0000000e+00   7.0000000e+00   2.7012423e-15   4.9726562e-01   4.9726562e-01
   2.0000000e+00   7.0000000e+00   2.2594283e-15   3.9276563e-01   3.9276563e-01
   3.0000000e+00   7.0000000e+00   1.3369338e-15   1.8825000e-01   1.8825000e-01
   4.0000000e+00   7.0000000e+00   1.1872939e-15   1.6835937e-01   1.6835937e-01
   5.0000000e+00   7.0000000e+00   2.0530805e-15   3.6100000e-01   3.6100000e-01
   6.0000000e+00   7.0000000e+00   2.5398515e-15   4.6317188e-01   4.6317188e-01
   7.0000000e+00   7.0000000e+00   2.5839046e-15   4.6906250e-01   4.6906250e-01
   8.0000000e+00   7.0000000e+00   2.4991254e-15   4.5179687e-01   4.5179687e-01
   9.0000000e+00   7.0000000e+00   2.4425469e-15   4.4759375e-01   4.4759375e-01
   1.0000000e+01   7.0000000e+00   2.4675769e-15   4.5268750e-01   4.5268750e-01
   1.1000000e+01   7.0000000e+00   2.3590642e-15   4.2789062e-01   4.2789062e-01
   1.2000000e+01   7.0000000e+00   2.1538707e-15   3.7809375e-01   3.7809375e-01
   1.3000000e+01   7.0000000e+00   2.1044202e-15   3.7482812e-01   3.7482812e-01
   1.4000000e+01   7.0000000e+00   2.2913014e-15   4.2029687e-01   4.2029687e-01
   1.5000000e+01   7.0000000e+00   2.5083408e-15   4.5404687e-01   4.5404687e-01
   1.6000000e+01   7.0000000e+00   2.4402425e-15   4.4415625e-01   4.4415625e-01
   1.7000000e+01   7.0000000e+00   2.5136598e-15   4.5562500e-01   4.5562500e-01
   1.8000000e+01   7.0000000e+00   2.6193229e-15   4.6892187e-01   4.6892187e-01
   1.9000000e+01   7.0000000e+00   2.2658473e-15   4.0056250e-01   4.0056250e-01
   2.0000000e+01   7.0000000e+00   1.3837124e-15   2.1029687e-01   2.1029687e-01
   2.1000000e+01   7.0000000e+00   1.1037071e-15   1.5076562e-01   1.5076562e-01
   2.2000000e+01   7.0000000e+00   1.9057081e-15   3.1714062e-01   3.1714062e-01
   2.3000000e+01   7.0000000e+00   2.2568549e-15   4.0098437e-01   4.0098437e-01
   2.4000000e+01   7.0000000e+00   2.3714402e-15   4.2151562e-01   4.2151562e-01
   2.5000000e+01   7.0000000e+00   2.3850445e-15   4.2776562e-01   4.2776562e-01
   2.6000000e+01   7.0000000e+00   2.3589670e-15   4.3115625e-01   4.3115625e-01
   2.7000000e+01   7.0000000e+00   2.3533148e-15   4.2635937e-01   4.2635937e-01
   2.8000000e+01   7.0000000e+00   2.3202454e-15   4.2465625e-01   4.2465625e-01
   2.9000000e+01   7.0000000e+00   2.2683733e-15   4.1479687e-01   4.1479687e-01
   3.0000000e+01   7.0000000e+00   2.2036054e-15   3.9809375e-01   3.9809375e-01
   3.1000000e+01   7.0000000e+00   2.3228497e-15   4.1920313e-01   4.1920313e-01
   3.2000000e+01   7.0000000e+00   2.4456453e-15   4.5001562e-01   4.5001562e-01
   3.3000000e+01   7.0000000e+00   2.5559721e-15   4.7100000e-01   4.7100000e-01
   3.4000000e+01   7.0000000e+00   2.5012688e-15   4.4817188e-01   4.4817188e-01
   3.5000000e+01   7.0000000e+00   2.4334308e-15   4.3709375e-01   4.3709375e-01
   1.0000000e+00   8.0000000e+00   2.6995399e-15   4.9632813e-01   4.9632813e-01
   2.0000000e+00   8.0000000e+00   2.2212080e-15   3.8628125e-01   3.8628125e-01
   3.0000000e+00   8.0000000e+00   1.2891216e-15   1.7800000e-01   1.7800000e-01
   4.0000000e+00   8.0000000e+00   1.0760943e-15   1.3920312e-01   1.3920312e-01
   5.0000000e+00   8.0000000e+00   1.9221667e-15   3.1618750e-01   3.1618750e-01
   6.0000000e+00   8.0000000e+00   2.5498814e-15   4.5218750e-01   4.5218750e-01
   7.0000000e+00   8.0000000e+00   2.6498712e-15   4.7725000e-01   4.7725000e-01
   8.0000000e+00   8.0000000e+00   2.6467793e-15   4.7264062e-01   4.7264062e-01
   9.0000000e+00   8.0000000e+00   2.5741558e-15   4.6142187e-01   4.6142187e-01
   1.0000000e+01   8.0000000e+00   2.4493940e-15   4.3592188e-01   4.3592188e-01
   1.1000000e+01   8.0000000e+00   2.3359083e-15   4.0826562e-01   4.0826562e-01
   1.2000000e+01   8.0000000e+00   2.1292092e-15   3.7023438e-01   3.7023438e-01
   1.3000000e+01   8.0000000e+00   2.0417601e-15   3.5106250e-01   3.5106250e-01
   1.4000000e+01   8.0000000e+00   2.1989266e-15   3.8334375e-01   3.8334375e-01
   1.5000000e+01   8.0000000e+00   2.4025684e-15   4.2331250e-01   4.2331250e-01
   1.6000000e+01   8.0000000e+00   2.4896063e-15   4.4510937e-01   4.4510937e-01
   1.7000000e+01   8.0000000e+00   2.5502230e-15   4.5904687e-01   4.5904687e-01
   1.8000000e+01   8.0000000e+00   2.5881016e-15   4.6292187e-01   4.6292187e-01
   1.9000000e+01   8.0000000e+00   2.3610115e-15   4.1540625e-01   4.1540625e-01
   2.0000000e+01   8.0000000e+00   1.5377649e-15   2.2575000e-01   2.2575000e-01
   2.1000000e+01   8.0000000e+00   1.0640119e-15   1.3746875e-01   1.3746875e-01
   2.2000000e+01   8.0000000e+00   1.8973922e-15   3.1375000e-01   3.1375000e-01
   2.3000000e+01   8.0000000e+00   2.4372242e-15   4.3618750e-01   4.3618750e-01
   2.4000000e+01   8.0000000e+00   2.5535503e-15   4.6254687e-01   4.6254687e-01
   2.5000000e+01   8.0000000e+00   2.5483419e-15   4.6026563e-01   4.6026563e-01
   2.6000000e+01   8.0000000e+00   2.5528829e-15   4.6098438e-01   4.6098438e-01
   2.7000000e+01   8.0000000e+00   2.4977513e-15   4.5568750e-01   4.5568750e-01
   2.8000000e+01   8.0000000e+00   2.4360815e-15   4.4384375e-01   4.4384375e-01
   2.9000000e+01   8.0000000e+00   2.2601009e-15   3.9793750e-01   3.9793750e-01
   3.0000000e+01   8.0000000e+00   2.1841263e-15   3.7570312e-01   3.7570312e-01
   3.1000000e+01   8.0000000e+00   2.2398144e-15   3.9598438e-01   3.9598438e-01
   3.2000000e+01   8.0000000e+00   2.4178326e-15   4.2910937e-01   4.2910937e-01
   3.3000000e+01   8.0000000e+00   2.5081518e-15   4.4645313e-01   4.4645313e-01
   3.4000000e+01   8.0000000e+00   2.5553133e-15   4.5735938e-01   4.5735938e-01
   3.5000000e+01   8.0000000e+00   2.5853219e-15   4.6307813e-01   4.6307813e-01
   1.0000000e+00   9.0000000e+00   2.3028098e-15   4.0193750e-01   4.0193750e-01
   2.0000000e+00   9.0000000e+00   1.6892680e-15   2.6592187e-01   2.6592187e-01
   3.0000000e+00   9.0000000e+00   1.0599226e-15   1.2645312e-01   1.2645312e-01
   4.0000000e+00   9.0000000e+00   8.8260774e-16   9.1125000e-02   9.1125000e-02
   5.0000000e+00   9.0000000e+00   1.4975676e-15   2.2071875e-01   2.2071875e-01
   6.0000000e+00   9.0000000e+00   2.2736980e-15   3.8960937e-01   3.8960937e-01
   7.0000000e+00   9.0000000e+00   2.6487115e-15   4.7204687e-01   4.7204687e-01
   8.0000000e+00   9.0000000e+00   2.6933475e-15   4.8020312e-01   4.8020312e-01
   9.0000000e+00   9.0000000e+00   2.7244011e-15   4.8939062e-01   4.8939062e-01
   1.0000000e+01   9.0000000e+00   2.6106996e-15   4.6721875e-01   4.6721875e-01
   1.1000000e+01   9.0000000e+00   2.3400036e-15   4.2165625e-01   4.2165625e-01
   1.2000000e+01   9.0000000e+00   2.0900553e-15   3.6054687e-01   3.6054687e-01
   1.3000000e+01   9.0000000e+00   2.1319312e-15   3.5764062e-01   3.5764062e-01
   1.4000000e+01   9.0000000e+00   2.2742690e-15   4.0493750e-01   4.0493750e-01
   1.5000000e+01   9.0000000e+00   2.4965607e-15   4.5064062e-01   4.5064062e-01
   1.6000000e+01   9.0000000e+00   2.6063353e-15   4.6526562e-01   4.6526562e-01
   1.7000000e+01   9.0000000e+00   2.6500199e-15   4.7301563e-01   4.7301563e-01
   1.8000000e+01   9.0000000e+00   2.6103294e-15   4.6498438e-01   4.6498438e-01
   1.9000000e+01   9.0000000e+00   2.2236582e-15   3.6851562e-01   3.6851562e-01
   2.0000000e+01   9.0000000e+00   1.2604490e-15   1.6818750e-01   1.6818750e-01
   2.1000000e+01   9.0000000e+00   9.6361845e-16   1.0875000e-01   1.0875000e-01
   2.2000000e+01   9.0000000e+00   1.7618115e-15   2.7940625e-01   2.7940625e-01
   2.3000000e+01   9.0000000e+00   2.4170860e-15   4.2984375e-01   4.2984375e-01
   2.4000000e+01   9.0000000e+00   2.6569136e-15   4.7235937e-01   4.7235937e-01
   2.5000000e+01   9.0000000e+00   2.6837850e-15   4.8285937e-01   4.8285937e-01
   2.6000000e+01   9.0000000e+00   2.5898236e-15   4.6215625e-01   4.6215625e-01
   2.7000000e+01   9.0000000e+00   2.4499430e-15   4.3510937e-01   4.3510937e-01
   2.8000000e+01   9.0000000e+00   2.3126125e-15   4.0560937e-01   4.0560937e-01
   2.9000000e+01   9.0000000e+00   2.1714176e-15   3.7748437e-01   3.7748437e-01
   3.0000000e+01   9.0000000e+00   2.0965239e-15   3.6190625e-01   3.6190625e-01
   3.1000000e+01   9.0000000e+00   2.2225279e-15   3.9731250e-01   3.9731250e-01
   3.2000000e+01   9.0000000e+00   2.4240822e-15   4.3868750e-01   4.3868750e-01
   3.3000000e+01   9.0000000e+00   2.6505367e-15   4.7957812e-01   4.7957812e-01
   3.4000000e+01   9.0000000e+00   2.6664111e-15   4.8537500e-01   4.8537500e-01
   3.5000000e+01   9.0000000e+00   2.6242425e-15   4.7809375e-01   4.7809375e-01
   1.0000000e+00   1.0000000e+01   1.5958185e-15   2.4404687e-01   2.4404687e-01
   2.0000000e+00   1.0000000e+01   1.0325029e-15   1.2093750e-01   1.2093750e-01
   3.0000000e+00   1.0000000e+01   8.3058446e-16   7.1453125e-02   7.1453125e-02
   4.0000000e+00   1.0000000e+01   8.2752339e-16   7.7421875e-02   7.7421875e-02
   5.0000000e+00   1.0000000e+01   1.0943154e-15   1.2881250e-01   1.2881250e-01
   6.0000000e+00   1.0000000e+01   1.7319935e-15   2.7707812e-01   2.7707812e-01
   7.0000000e+00   1.0000000e+01   2.4306356e-15   4.3303125e-01   4.3303125e-01
   8.0000000e+00   1.0000000e+01   2.7856912e-15   5.1021875e-01   5.1021875e-01
   9.0000000e+00   1.0000000e+01   2.6277006e-15   4.7748437e-01   4.7748437e-01
   1.0000000e+01   1.0000000e+01   2.4406733e-15   4.3946875e-01   4.3946875e-01
   1.1000000e+01   1.0000000e+01   2.2684702e-15   4.0370313e-01   4.0370313e-01
   1.2000000e+01   1.0000000e+01   2.0681014e-15   3.6400000e-01   3.6400000e-01
   1.3000000e+01   1.0000000e+01   1.9965843e-15   3.4225000e-01   3.4225000e-01
   1.4000000e+01   1.0000000e+01   2.1691839e-15   3.7570312e-01   3.7570312e-01
   1.5000000e+01   1.0000000e+01   2.4422772e-15   4.2829687e-01   4.2829687e-01
   1.6000000e+01   1.0000000e+01   2.6319939e-15   4.7659375e-01   4.7659375e-01
   1.7000000e+01   1.0000000e+01   2.6471874e-15   4.8223437e-01   4.8223437e-01
   1.8000000e+01   1.0000000e+01   2.1954711e-15   3.8906250e-01   3.8906250e-01
   1.9000000e+01   1.0000000e+01   1.4826583e-15   2.2537500e-01   2.2537500e-01
   2.0000000e+01   1.0000000e+01   9.4220757e-16   1.0010937e-01   1.0010937e-01
   2.1000000e+01   1.0000000e+01   8.8651408e-16   8.6578125e-02   8.6578125e-02
   2.2000000e+01   1.0000000e+01   1.3744087e-15   2.0525000e-01   2.0525000e-01
   2.3000000e+01   1.0000000e+01   2.0815070e-15   3.6584375e-01   3.6584375e-01
   2.4000000e+01   1.0000000e+01   2.6465915e-15   4.7715625e-01   4.7715625e-01
   2.5000000e+01   1.0000000e+01   2.7138318e-15   4.9410937e-01   4.9410937e-01
   2.6000000e+01   1.0000000e+01   2.6508468e-15   4.8331250e-01   4.8331250e-01
   2.7000000e+01   1.0000000e+01   2.5515539e-15   4.5921875e-01   4.5921875e-01
   2.8000000e+01   1.0000000e+01   2.4226334e-15   4.2893750e-01   4.2893750e-01
   2.9000000e+01   1.0000000e+01   2.2307289e-15   3.9035937e-01   3.9035937e-01
   3.0000000e+01   1.0000000e+01   2.1173098e-15   3.6695312e-01   3.6695312e-01
   3.1000000e+01   1.0000000e+01   2.2669977e-15   3.8918750e-01   3.8918750e-01
   3.2000000e+01   1.0000000e+01   2.4032237e-15   4.2456250e-01   4.2456250e-01
   3.3000000e+01   1.0000000e+01   2.5786825e-15   4.5526563e-01   4.5526563e-01
   3.4000000e+01   1.0000000e+01   2.6694756e-15   4.8234375e-01   4.8234375e-01
   3.5000000e+01   1.0000000e+01   2.5724667e-15   4.5337500e-01   4.5337500e-01
   1.0000000e+00   1.1000000e+01   1.0639835e-15   1.2582812e-01   1.2582812e-01
   2.0000000e+00   1.1000000e+01   7.9044679e-16   7.5625000e-02   7.5625000e-02
   3.0000000e+00   1.1000000e+01   7.8837584e-16   7.3734375e-02   7.3734375e-02
   4.0000000e+00   1.1000000e+01   8.4509022e-16   8.9953125e-02   8.9953125e-02
   5.0000000e+00   1.1000000e+01   8.3342609e-16   8.4218750e-02   8.4218750e-02
   6.0000000e+00   1.1000000e+01   1.1435672e-15   1.5101562e-01   1.5101562e-01
   7.0000000e+00   1.1000000e+01   1.7522006e-15   2.8593750e-01   2.8593750e-01
   8.0000000e+00   1.1000000e+01   2.2897526e-15   4.0287500e-01   4.0287500e-01
   9.0000000e+00   1.1000000e+01   2.3446956e-15   4.1043750e-01   4.1043750e-01
   1.0000000e+01   1.1000000e+01   2.2275276e-15   3.9050000e-01   3.9050000e-01
   1.1000000e+01   1.1000000e+01   2.0251212e-15   3.4423437e-01   3.4423437e-01
   1.2000000e+01   1.1000000e+01   1.8821485e-15   3.0948437e-01   3.0948437e-01
   1.3000000e+01   1.1000000e+01   1.8422487e-15   3.0489062e-01   3.0489062e-01
   1.4000000e+01   1.1000000e+01   2.0087674e-15   3.4198437e-01   3.4198437e-01
   1.5000000e+01   1.1000000e+01   2.1856287e-15   3.7912500e-01   3.7912500e-01
   1.6000000e+01   1.1000000e+01   2.2733187e-15   4.0100000e-01   4.0100000e-01
   1.7000000e+01   1.1000000e+01   2.1553507e-15   3.7684375e-01   3.7684375e-01
   1.8000000e+01   1.1000000e+01   1.4818601e-15   2.3034375e-01   2.3034375e-01
   1.9000000e+01   1.1000000e+01   9.8031747e-16   1.1193750e-01   1.1193750e-01
   2.0000000e+01   1.1000000e+01   7.7680717e-16   7.2828125e-02   7.2828125e-02
   2.1000000e+01   1.1000000e+01   7.5660843e-16   7.5187500e-02   7.5187500e-02
   2.2000000e+01   1.1000000e+01   9.5454271e-16   1.0937500e-01   1.0937500e-01
   2.3000000e+01   1.1000000e+01   1.4579539e-15   2.2571875e-01   2.2571875e-01
   2.4000000e+01   1.1000000e+01   2.3684887e-15   4.1812500e-01   4.1812500e-01
   2.5000000e+01   1.1000000e+01   2.7000418e-15   4.8781250e-01   4.8781250e-01
   2.6000000e+01   1.1000000e+01   2.5657177e-15   4.7012500e-01   4.7012500e-01
   2.7000000e+01   1.1000000e+01   2.4370243e-15   4.4064063e-01   4.4064063e-01
   2.8000000e+01   1.1000000e+01   2.2902930e-15   4.0407812e-01   4.0407812e-01
   2.9000000e+01   1.1000000e+01   2.0988369e-15   3.6421875e-01   3.6421875e-01
   3.0000000e+01   1.1000000e+01   2.0007727e-15   3.5139062e-01   3.5139062e-01
   3.1000000e+01   1.1000000e+01   2.2008382e-15   3.8881250e-01   3.8881250e-01
   3.2000000e+01   1.1000000e+01   2.4121915e-15   4.3109375e-01   4.3109375e-01
   3.3000000e+01   1.1000000e+01   2.5237983e-15   4.4995312e-01   4.4995312e-01
   3.4000000e+01   1.1000000e+01   2.4981333e-15   4.4184375e-01   4.4184375e-01
   3.5000000e+01   1.1000000e+01   1.9586130e-15   3.1840625e-01   3.1840625e-01
   1.0000000e+00   1.2000000e+01   8.6334881e-16   8.5046875e-02   8.5046875e-02
   2.0000000e+00   1.2000000e+01   8.0756716e-16   6.7265625e-02   6.7265625e-02
   3.0000000e+00   1.2000000e+01   9.1359084e-16   9.0953125e-02   9.0953125e-02
   4.0000000e+00   1.2000000e+01   1.1893961e-15   1.5107812e-01   1.5107812e-01
   5.0000000e+00   1.2000000e+01   9.5245166e-16   9.8781250e-02   9.8781250e-02
   6.0000000e+00   1.2000000e+01   9.0092540e-16   8.9312500e-02   8.9312500e-02
   7.0000000e+00   1.2000000e+01   1.2207034e-15   1.5612500e-01   1.5612500e-01
   8.0000000e+00   1.2000000e+01   1.6221866e-15   2.4379687e-01   2.4379687e-01
   9.0000000e+00   1.2000000e+01   1.7051219e-15   2.6225000e-01   2.6225000e-01
   1.0000000e+01   1.2000000e+01   1.6684554e-15   2.5334375e-01   2.5334375e-01
   1.1000000e+01   1.2000000e+01   1.5908389e-15   2.3826562e-01   2.3826562e-01
   1.2000000e+01   1.2000000e+01   1.5279801e-15   2.2407812e-01   2.2407812e-01
   1.3000000e+01   1.2000000e+01   1.5488633e-15   2.2339062e-01   2.2339062e-01
   1.4000000e+01   1.2000000e+01   1.5835703e-15   2.4479687e-01   2.4479687e-01
   1.5000000e+01   1.2000000e+01   1.7117357e-15   2.6776563e-01   2.6776563e-01
   1.6000000e+01   1.2000000e+01   1.7980119e-15   2.8546875e-01   2.8546875e-01
   1.7000000e+01   1.2000000e+01   1.6609203e-15   2.5262500e-01   2.5262500e-01
   1.8000000e+01   1.2000000e+01   1.1183141e-15   1.4067187e-01   1.4067187e-01
   1.9000000e+01   1.2000000e+01   8.6274182e-16   7.7781250e-02   7.7781250e-02
   2.0000000e+01   1.2000000e+01   8.2706585e-16   7.3656250e-02   7.3656250e-02
   2.1000000e+01   1.2000000e+01   8.6226997e-16   8.6875000e-02   8.6875000e-02
   2.2000000e+01   1.2000000e+01   8.4284187e-16   7.8703125e-02   7.8703125e-02
   2.3000000e+01   1.2000000e+01   1.0854803e-15   1.2754687e-01   1.2754687e-01
   2.4000000e+01   1.2000000e+01   1.7808690e-15   2.7498437e-01   2.7498437e-01
   2.5000000e+01   1.2000000e+01   2.2238436e-15   3.8092187e-01   3.8092187e-01
   2.6000000e+01   1.2000000e+01   2.3432854e-15   4.0767187e-01   4.0767187e-01
   2.7000000e+01   1.2000000e+01   2.1719343e-15   3.7868750e-01   3.7868750e-01
   2.8000000e+01   1.2000000e+01   1.9913309e-15   3.3807812e-01   3.3807812e-01
   2.9000000e+01   1.2000000e+01   1.8699685e-15   3.0151562e-01   3.0151562e-01
   3.0000000e+01   1.2000000e+01   1.8084078e-15   2.9373437e-01   2.9373437e-01
   3.1000000e+01   1.2000000e+01   1.9069290e-15   3.1446875e-01   3.1446875e-01
   3.2000000e+01   1.2000000e+01   2.0951236e-15   3.5806250e-01   3.5806250e-01
   3.3000000e+01   1.2000000e+01   2.2614497e-15   3.8843750e-01   3.8843750e-01
   3.4000000e+01   1.2000000e+01   2.1493012e-15   3.6557812e-01   3.6557812e-01
   3.5000000e+01   1.2000000e+01   1.4644014e-15   2.2532812e-01   2.2532812e-01
   1.0000000e+00   1.3000000e+01   9.1903689e-16   9.6656250e-02   9.6656250e-02
   2.0000000e+00   1.3000000e+01   8.0209733e-16   6.8343750e-02   6.8343750e-02
   3.0000000e+00   1.3000000e+01   1.0194514e-15   1.0885937e-01   1.0885937e-01
   4.0000000e+00   1.3000000e+01   1.4376211e-15   2.1082812e-01   2.1082812e-01
   5.0000000e+00   1.3000000e+01   1.0923673e-15   1.3842187e-01   1.3842187e-01
   6.0000000e+00   1.3000000e+01   8.2030613e-16   7.9562500e-02   7.9562500e-02
   7.0000000e+00   1.3000000e+01   9.6826426e-16   1.0554687e-01   1.0554687e-01
   8.0000000e+00   1.3000000e+01   1.2204757e-15   1.5806250e-01   1.5806250e-01
   9.0000000e+00   1.3000000e+01   1.2599848e-15   1.7693750e-01   1.7693750e-01
   1.0000000e+01   1.3000000e+01   1.2218669e-15   1.6382812e-01   1.6382812e-01
   1.1000000e+01   1.3000000e+01   1.1222816e-15   1.4446875e-01   1.4446875e-01
   1.2000000e+01   1.3000000e+01   1.1197755e-15   1.4331250e-01   1.4331250e-01
   1.3000000e+01   1.3000000e+01   1.0707868e-15   1.3714062e-01   1.3714062e-01
   1.4000000e+01   1.3000000e+01   1.1179149e-15   1.3757812e-01   1.3757812e-01
   1.5000000e+01   1.3000000e+01   1.1278125e-15   1.4551562e-01   1.4551562e-01
   1.6000000e+01   1.3000000e+01   1.1919211e-15   1.6057812e-01   1.6057812e-01
   1.7000000e+01   1.3000000e+01   1.0661695e-15   1.3459375e-01   1.3459375e-01
   1.8000000e+01   1.3000000e+01   8.6631443e-16   8.7890625e-02   8.7890625e-02
   1.9000000e+01   1.3000000e+01   8.1825437e-16   7.0140625e-02   7.0140625e-02
   2.0000000e+01   1.3000000e+01   9.2070086e-16   9.7828125e-02   9.7828125e-02
   2.1000000e+01   1.3000000e+01   1.2526355e-15   1.7423437e-01   1.7423437e-01
   2.2000000e+01   1.3000000e+01   1.0268473e-15   1.1645312e-01   1.1645312e-01
   2.3000000e+01   1.3000000e+01   8.7268989e-16   8.1125000e-02   8.1125000e-02
   2.4000000e+01   1.3000000e+01   1.1584221e-15   1.4559375e-01   1.4559375e-01
   2.5000000e+01   1.3000000e+01   1.4045724e-15   2.0657812e-01   2.0657812e-01
   2.6000000e+01   1.3000000e+01   1.4706057e-15   2.2631250e-01   2.2631250e-01
   2.7000000e+01   1.3000000e+01   1.4757921e-15   2.2103125e-01   2.2103125e-01
   2.8000000e+01   1.3000000e+01   1.4041508e-15   2.0475000e-01   2.0475000e-01
   2.9000000e+01   1.3000000e+01   1.3256552e-15   1.8478125e-01   1.8478125e-01
   3.0000000e+01   1.3000000e+01   1.3211900e-15   1.8376562e-01   1.8376562e-01
   3.1000000e+01   1.3000000e+01   1.3853612e-15   2.0681250e-01   2.0681250e-01
   3.2000000e+01   1.3000000e+01   1.4496913e-15   2.1796875e-01   2.1796875e-01
   3.3000000e+01   1.3000000e+01   1.5239534e-15   2.2598437e-01   2.2598437e-01
   3.4000000e+01   1.3000000e+01   1.3400350e-15   1.9831250e-01   1.9831250e-01
   3.5000000e+01   1.3000000e+01   9.2951931e-16   1.1062500e-01   1.1062500e-01
   1.0000000e+00   1.4000000e+01   1.3903237e-15   1.8829687e-01   1.8829687e-01
   2.0000000e+00   1.4000000e+01   9.2823989e-16   9.2718750e-02   9.2718750e-02
   3.0000000e+00   1.4000000e+01   8.6808920e-16   8.6593750e-02   8.6593750e-02
   4.0000000e+00   1.4000000e+01   1.0244028e-15   1.2454687e-01   1.2454687e-01
   5.0000000e+00   1.4000000e+01   9.5135253e-16   9.9718750e-02   9.9718750e-02
   6.0000000e+00   1.4000000e+01   1.0549929e-15   1.1751562e-01   1.1751562e-01
   7.0000000e+00   1.4000000e+01   1.5043868e-15   2.1946875e-01   2.1946875e-01
   8.0000000e+00   1.4000000e+01   1.9399513e-15   3.1390625e-01   3.1390625e-01
   9.0000000e+00   1.4000000e+01   1.9473589e-15   3.2018750e-01   3.2018750e-01
   1.0000000e+01   1.4000000e+01   1.7473481e-15   2.7917187e-01   2.7917187e-01
   1.1000000e+01   1.4000000e+01   1.6694479e-15   2.6490625e-01   2.6490625e-01
   1.2000000e+01   1.4000000e+01   1.4892120e-15   2.2987500e-01   2.2987500e-01
   1.3000000e+01   1.4000000e+01   1.4504680e-15   2.1257812e-01   2.1257812e-01
   1.4000000e+01   1.4000000e+01   1.5166370e-15   2.1509375e-01   2.1509375e-01
   1.5000000e+01   1.4000000e+01   1.5467381e-15   2.2728125e-01   2.2728125e-01
   1.6000000e+01   1.4000000e+01   1.5443156e-15   2.3271875e-01   2.3271875e-01
   1.7000000e+01   1.4000000e+01   1.4380495e-15   2.0353125e-01   2.0353125e-01
   1.8000000e+01   1.4000000e+01   1.0213263e-15   1.1728125e-01   1.1728125e-01
   1.9000000e+01   1.4000000e+01   8.6009903e-16   7.6531250e-02   7.6531250e-02
   2.0000000e+01   1.4000000e+01   9.3697189e-16   9.9156250e-02   9.9156250e-02
   2.1000000e+01   1.4000000e+01   1.3208322e-15   1.7785937e-01   1.7785937e-01
   2.2000000e+01   1.4000000e+01   1.1578009e-15   1.3367187e-01   1.3367187e-01
   2.3000000e+01   1.4000000e+01   9.0867681e-16   8.5437500e-02   8.5437500e-02
   2.4000000e+01   1.4000000e+01   1.0941440e-15   1.3032812e-01   1.3032812e-01
   2.5000000e+01   1.4000000e+01   1.3039650e-15   1.7717187e-01   1.7717187e-01
   2.6000000e+01   1.4000000e+01   1.3403871e-15   1.8720312e-01   1.8720312e-01
   2.7000000e+01   1.4000000e+01   1.2904302e-15   1.7323437e-01   1.7323437e-01
   2.8000000e+01   1.4000000e+01   1.2388643e-15   1.6107812e-01   1.6107812e-01
   2.9000000e+01   1.4000000e+01   1.1397296e-15   1.4743750e-01   1.4743750e-01
   3.0000000e+01   1.4000000e+01   1.1467791e-15   1.4156250e-01   1.4156250e-01
   3.1000000e+01   1.4000000e+01   1.1618689e-15   1.4401562e-01   1.4401562e-01
   3.2000000e+01   1.4000000e+01   1.1840707e-15   1.5153125e-01   1.5153125e-01
   3.3000000e+01   1.4000000e+01   1.2590578e-15   1.6340625e-01   1.6340625e-01
   3.4000000e+01   1.4000000e+01   1.0905814e-15   1.4020312e-01   1.4020312e-01
   3.5000000e+01   1.4000000e+01   9.0616663e-16   8.9390625e-02   8.9390625e-02
   1.0000000e+00   1.5000000e+01   2.1538085e-15   3.7290625e-01   3.7290625e-01
   2.0000000e+00   1.5000000e+01   1.3196076e-15   1.9592187e-01   1.9592187e-01
   3.0000000e+00   1.5000000e+01   8.3722565e-16   9.0781250e-02   9.0781250e-02
   4.0000000e+00   1.5000000e+01   8.1223651e-16   7.6406250e-02   7.6406250e-02
   5.0000000e+00   1.5000000e+01   1.0032928e-15   1.2403125e-01   1.2403125e-01
   6.0000000e+00   1.5000000e+01   1.6002058e-15   2.5000000e-01   2.5000000e-01
   7.0000000e+00   1.5000000e+01   2.2833997e-15   3.9982812e-01   3.9982812e-01
   8.0000000e+00   1.5000000e+01   2.7648344e-15   4.9784375e-01   4.9784375e-01
   9.0000000e+00   1.5000000e+01   2.6777001e-15   4.8654687e-01   4.8654687e-01
   1.0000000e+01   1.5000000e+01   2.4204636e-15   4.3590625e-01   4.3590625e-01
   1.1000000e+01   1.5000000e+01   2.1811761e-15   3.8190625e-01   3.8190625e-01
   1.2000000e+01   1.5000000e+01   2.0157202e-15   3.5167187e-01   3.5167187e-01
   1.3000000e+01   1.5000000e+01   1.9357037e-15   3.1817187e-01   3.1817187e-01
   1.4000000e+01   1.5000000e+01   2.0531456e-15   3.5065625e-01   3.5065625e-01
   1.5000000e+01   1.5000000e+01   2.2920408e-15   4.0089063e-01   4.0089063e-01
   1.6000000e+01   1.5000000e+01   2.3572442e-15   4.2156250e-01   4.2156250e-01
   1.7000000e+01   1.5000000e+01   2.2556996e-15   3.9068750e-01   3.9068750e-01
   1.8000000e+01   1.5000000e+01   1.6982843e-15   2.6043750e-01   2.6043750e-01
   1.9000000e+01   1.5000000e+01   1.1061184e-15   1.4107812e-01   1.4107812e-01
   2.0000000e+01   1.5000000e+01   8.5488163e-16   8.4093750e-02   8.4093750e-02
   2.1000000e+01   1.5000000e+01   8.8968717e-16   9.2015625e-02   9.2015625e-02
   2.2000000e+01   1.5000000e+01   9.1843283e-16   9.1656250e-02   9.1656250e-02
   2.3000000e+01   1.5000000e+01   1.2157300e-15   1.5485937e-01   1.5485937e-01
   2.4000000e+01   1.5000000e+01   1.9070691e-15   3.1228125e-01   3.1228125e-01
   2.5000000e+01   1.5000000e+01   2.2647828e-15   3.9101562e-01   3.9101562e-01
   2.6000000e+01   1.5000000e+01   2.3028675e-15   3.9245312e-01   3.9245312e-01
   2.7000000e+01   1.5000000e+01   2.1969569e-15   3.7479687e-01   3.7479687e-01
   2.8000000e+01   1.5000000e+01   1.9137918e-15   3.1979687e-01   3.1979687e-01
   2.9000000e+01   1.5000000e+01   1.7647929e-15   2.8773437e-01   2.8773437e-01
   3.0000000e+01   1.5000000e+01   1.7611381e-15   2.8512500e-01   2.8512500e-01
   3.1000000e+01   1.5000000e+01   1.8283098e-15   2.9571875e-01   2.9571875e-01
   3.2000000e+01   1.5000000e+01   1.9008004e-15   3.0965625e-01   3.0965625e-01
   3.3000000e+01   1.5000000e+01   2.0411139e-15   3.4632812e-01   3.4632812e-01
   3.4000000e+01   1.5000000e+01   1.7937872e-15   2.9118750e-01   2.9118750e-01
   3.5000000e+01   1.5000000e+01   1.3369534e-15   1.8270312e-01   1.8270312e-01
   1.0000000e+00   1.6000000e+01   2.6692163e-15   4.8295312e-01   4.8295312e-01
   2.0000000e+00   1.6000000e+01   1.9897849e-15   3.3460937e-01   3.3460937e-01
   3.0000000e+00   1.6000000e+01   1.2218156e-15   1.6068750e-01   1.6068750e-01
   4.0000000e+00   1.6000000e+01   9.2851569e-16   9.6968750e-02   9.6968750e-02
   5.0000000e+00   1.6000000e+01   1.4886693e-15   2.1682812e-01   2.1682812e-01
   6.0000000e+00   1.6000000e+01   2.3816156e-15   4.1553125e-01   4.1553125e-01
   7.0000000e+00   1.6000000e+01   2.7497940e-15   5.0162500e-01   5.0162500e-01
   8.0000000e+00   1.6000000e+01   2.7517326e-15   4.9126562e-01   4.9126562e-01
   9.0000000e+00   1.6000000e+01   2.7433847e-15   4.9335937e-01   4.9335937e-01
   1.0000000e+01   1.6000000e+01   2.5532557e-15   4.5168750e-01   4.5168750e-01
   1.1000000e+01   1.6000000e+01   2.3206685e-15   4.0567187e-01   4.0567187e-01
   1.2000000e+01   1.6000000e+01   2.0706062e-15   3.5148437e-01   3.5148437e-01
   1.3000000e+01   1.6000000e+01   2.0608581e-15   3.4732812e-01   3.4732812e-01
   1.4000000e+01   1.6000000e+01   2.2185717e-15   3.8414062e-01   3.8414062e-01
   1.5000000e+01   1.6000000e+01   2.3629018e-15   4.1728125e-01   4.1728125e-01
   1.6000000e+01   1.6000000e+01   2.5483837e-15   4.5167188e-01   4.5167188e-01
   1.7000000e+01   1.6000000e+01   2.6713019e-15   4.9167187e-01   4.9167187e-01
   1.8000000e+01   1.6000000e+01   2.3184027e-15   4.0157813e-01   4.0157813e-01
   1.9000000e+01   1.6000000e+01   1.6758228e-15   2.5426563e-01   2.5426563e-01
   2.0000000e+01   1.6000000e+01   1.0467631e-15   1.1932812e-01   1.1932812e-01
   2.1000000e+01   1.6000000e+01   7.8431276e-16   7.0265625e-02   7.0265625e-02
   2.2000000e+01   1.6000000e+01   1.1141334e-15   1.3253125e-01   1.3253125e-01
   2.3000000e+01   1.6000000e+01   1.6842276e-15   2.6453125e-01   2.6453125e-01
   2.4000000e+01   1.6000000e+01   2.4678549e-15   4.2534375e-01   4.2534375e-01
   2.5000000e+01   1.6000000e+01   2.7861660e-15   5.1012500e-01   5.1012500e-01
   2.6000000e+01   1.6000000e+01   2.6274454e-15   4.6445312e-01   4.6445312e-01
   2.7000000e+01   1.6000000e+01   2.5517697e-15   4.5493750e-01   4.5493750e-01
   2.8000000e+01   1.6000000e+01   2.2607232e-15   3.9995312e-01   3.9995312e-01
   2.9000000e+01   1.6000000e+01   2.1137373e-15   3.5703125e-01   3.5703125e-01
   3.0000000e+01   1.6000000e+01   2.0161714e-15   3.4307812e-01   3.4307812e-01
   3.1000000e+01   1.6000000e+01   2.1276930e-15   3.6143750e-01   3.6143750e-01
   3.2000000e+01   1.6000000e+01   2.3755372e-15   4.1981250e-01   4.1981250e-01
   3.3000000e+01   1.6000000e+01   2.4590979e-15   4.3134375e-01   4.3134375e-01
   3.4000000e+01   1.6000000e+01   2.5298262e-15   4.6156250e-01   4.6156250e-01
   3.5000000e+01   1.6000000e+01   1.9652517e-15   3.3739063e-01   3.3739063e-01
   1.0000000e+00   1.7000000e+01   2.8023632e-15   5.0717188e-01   5.0717188e-01
   2.0000000e+00   1.7000000e+01   2.5372154e-15   4.5214062e-01   4.5214062e-01
   3.0000000e+00   1.7000000e+01   1.4952249e-15   2.2695312e-01   2.2695312e-01
   4.0000000e+00   1.7000000e+01   1.0939614e-15   1.3368750e-01   1.3368750e-01
   5.0000000e+00   1.7000000e+01   1.8719002e-15   3.1459375e-01   3.1459375e-01
   6.0000000e+00   1.7000000e+01   2.5720687e-15   4.5939063e-01   4.5939063e-01
   7.0000000e+00   1.7000000e+01   2.8561537e-15   5.2078125e-01   5.2078125e-01
   8.0000000e+00   1.7000000e+01   2.7031557e-15   4.9068750e-01   4.9068750e-01
   9.0000000e+00   1.7000000e+01   2.7257906e-15   4.9229687e-01   4.9229687e-01
   1.0000000e+01   1.7000000e+01   2.5627828e-15   4.6332812e-01   4.6332812e-01
   1.1000000e+01   1.7000000e+01   2.3350308e-15   4.1292187e-01   4.1292187e-01
   1.2000000e+01   1.7000000e+01   2.2548721e-15   3.8440625e-01   3.8440625e-01
   1.3000000e+01   1.7000000e+01   2.1529916e-15   3.7734375e-01   3.7734375e-01
   1.4000000e+01   1.7000000e+01   2.1932046e-15   3.8021875e-01   3.8021875e-01
   1.5000000e+01   1.7000000e+01   2.4910315e-15   4.4223437e-01   4.4223437e-01
   1.6000000e+01   1.7000000e+01   2.5984940e-15   4.6934375e-01   4.6934375e-01
   1.7000000e+01   1.7000000e+01   2.6539391e-15   4.8000000e-01   4.8000000e-01
   1.8000000e+01   1.7000000e+01   2.7581013e-15   5.0532813e-01   5.0532813e-01
   1.9000000e+01   1.7000000e+01   2.3428126e-15   4.0817187e-01   4.0817187e-01
   2.0000000e+01   1.7000000e+01   1.3903885e-15   1.9593750e-01   1.9593750e-01
   2.1000000e+01   1.7000000e+01   8.9504674e-16   9.6296875e-02   9.6296875e-02
   2.2000000e+01   1.7000000e+01   1.6178570e-15   2.3375000e-01   2.3375000e-01
   2.3000000e+01   1.7000000e+01   2.4759265e-15   4.3206250e-01   4.3206250e-01
   2.4000000e+01   1.7000000e+01   2.7777804e-15   4.9634375e-01   4.9634375e-01
   2.5000000e+01   1.7000000e+01   2.8519256e-15   5.1906250e-01   5.1906250e-01
   2.6000000e+01   1.7000000e+01   2.6521292e-15   4.7673437e-01   4.7673437e-01
   2.7000000e+01   1.7000000e+01   2.5755976e-15   4.5953125e-01   4.5953125e-01
   2.8000000e+01   1.7000000e+01   2.3272317e-15   4.0396875e-01   4.0396875e-01
   2.9000000e+01   1.7000000e+01   2.2017426e-15   3.8254687e-01   3.8254687e-01
   3.0000000e+01   1.7000000e+01   2.1036214e-15   3.5259375e-01   3.5259375e-01
   3.1000000e+01   1.7000000e+01   2.2120815e-15   3.9290625e-01   3.9290625e-01
   3.2000000e+01   1.7000000e+01   2.3273306e-15   4.1259375e-01   4.1259375e-01
   3.3000000e+01   1.7000000e+01   2.6737442e-15   4.7973437e-01   4.7973437e-01
   3.4000000e+01   1.7000000e+01   2.6552248e-15   4.7628125e-01   4.7628125e-01
   3.5000000e+01   1.7000000e+01   2.7095517e-15   4.8267187e-01   4.8267187e-01
   1.0000000e+00   1.8000000e+01   2.6918410e-15   4.8703125e-01   4.8703125e-01
   2.0000000e+00   1.8000000e+01   2.4704865e-15   4.3131250e-01   4.3131250e-01
   3.0000000e+00   1.8000000e+01   1.6632011e-15   2.6270312e-01   2.6270312e-01
   4.0000000e+00   1.8000000e+01   1.0945956e-15   1.3625000e-01   1.3625000e-01
   5.0000000e+00   1.8000000e+01   1.9443920e-15   3.2300000e-01   3.2300000e-01
   6.0000000e+00   1.8000000e+01   2.5716593e-15   4.5418750e-01   4.5418750e-01
   7.0000000e+00   1.8000000e+01   2.6345295e-15   4.8135937e-01   4.8135937e-01
   8.0000000e+00   1.8000000e+01   2.6885036e-15   4.7898438e-01   4.7898438e-01
   9.0000000e+00   1.8000000e+01   2.6135475e-15   4.8042188e-01   4.8042188e-01
   1.0000000e+01   1.8000000e+01   2.5152895e-15   4.5651562e-01   4.5651562e-01
   1.1000000e+01   1.8000000e+01   2.4408537e-15   4.4314062e-01   4.4314062e-01
   1.2000000e+01   1.8000000e+01   2.1727789e-15   3.8164062e-01   3.8164062e-01
   1.3000000e+01   1.8000000e+01   2.1909203e-15   3.8260937e-01   3.8260937e-01
   1.4000000e+01   1.8000000e+01   2.2212276e-15   3.8390625e-01   3.8390625e-01
   1.5000000e+01   1.8000000e+01   2.5083114e-15   4.5089062e-01   4.5089062e-01
   1.6000000e+01   1.8000000e+01   2.5331533e-15   4.5248437e-01   4.5248437e-01
   1.7000000e+01   1.8000000e+01   2.6734122e-15   4.8956250e-01   4.8956250e-01
   1.8000000e+01   1.8000000e+01   2.7232282e-15   4.9509375e-01   4.9509375e-01
   1.9000000e+01   1.8000000e+01   2.5759596e-15   4.6921875e-01   4.6921875e-01
   2.0000000e+01   1.8000000e+01   1.6682976e-15   2.6670312e-01   2.6670312e-01
   2.1000000e+01   1.8000000e+01   1.0124423e-15   1.2212500e-01   1.2212500e-01
   2.2000000e+01   1.8000000e+01   1.7725302e-15   2.9150000e-01   2.9150000e-01
   2.3000000e+01   1.8000000e+01   2.5582223e-15   4.6195312e-01   4.6195312e-01
   2.4000000e+01   1.8000000e+01   2.7257511e-15   4.8735937e-01   4.8735937e-01
   2.5000000e+01   1.8000000e+01   2.6755020e-15   4.8468750e-01   4.8468750e-01
   2.6000000e+01   1.8000000e+01   2.6854895e-15   4.8837500e-01   4.8837500e-01
   2.7000000e+01   1.8000000e+01   2.5899961e-15   4.6232812e-01   4.6232812e-01
   2.8000000e+01   1.8000000e+01   2.3701586e-15   4.1529688e-01   4.1529688e-01
   2.9000000e+01   1.8000000e+01   2.2332992e-15   3.9979688e-01   3.9979688e-01
   3.0000000e+01   1.8000000e+01   2.1463128e-15   3.7456250e-01   3.7456250e-01
   3.1000000e+01   1.8000000e+01   2.2162398e-15   3.7998437e-01   3.7998437e-01
   3.2000000e+01   1.8000000e+01   2.4233703e-15   4.3585937e-01   4.3585937e-01
   3.3000000e+01   1.8000000e+01   2.6136057e-15   4.7275000e-01   4.7275000e-01
   3.4000000e+01   1.8000000e+01   2.7369608e-15   4.9304688e-01   4.9304688e-01
   3.5000000e+01   1.8000000e+01   2.7284426e-15   4.9126562e-01   4.9126562e-01
   1.0000000e+00   1.9000000e+01   2.4810183e-15   4.3935938e-01   4.3935938e-01
   2.0000000e+00   1.9000000e+01   2.3653733e-15   4.1828125e-01   4.1828125e-01
   3.0000000e+00   1.9000000e+01   1.5949597e-15   2.4782812e-01   2.4782812e-01
   4.0000000e+00   1.9000000e+01   1.0970113e-15   1.4028125e-01   1.4028125e-01
   5.0000000e+00   1.9000000e+01   1.8161985e-15   3.0218750e-01   3.0218750e-01
   6.0000000e+00   1.9000000e+01   2.4051313e-15   4.1753125e-01   4.1753125e-01
   7.0000000e+00   1.9000000e+01   2.4879058e-15   4.4182812e-01   4.4182812e-01
   8.0000000e+00   1.9000000e+01   2.6022877e-15   4.5945312e-01   4.5945312e-01
   9.0000000e+00   1.9000000e+01   2.5202108e-15   4.4896875e-01   4.4896875e-01
   1.0000000e+01   1.9000000e+01   2.4530569e-15   4.3871875e-01   4.3871875e-01
   1.1000000e+01   1.9000000e+01   2.4743194e-15   4.4854688e-01   4.4854688e-01
   1.2000000e+01   1.9000000e+01   2.3155828e-15   4.1209375e-01   4.1209375e-01
   1.3000000e+01   1.9000000e+01   2.1886419e-15   3.7926563e-01   3.7926563e-01
   1.4000000e+01   1.9000000e+01   2.2990272e-15   4.1510938e-01   4.1510938e-01
   1.5000000e+01   1.9000000e+01   2.4854559e-15   4.4189062e-01   4.4189062e-01
   1.6000000e+01   1.9000000e+01   2.4986192e-15   4.4334375e-01   4.4334375e-01
   1.7000000e+01   1.9000000e+01   2.5701663e-15   4.6925000e-01   4.6925000e-01
   1.8000000e+01   1.9000000e+01   2.5930504e-15   4.6023437e-01   4.6023437e-01
   1.9000000e+01   1.9000000e+01   2.5468891e-15   4.5579687e-01   4.5579687e-01
   2.0000000e+01   1.9000000e+01   1.7378196e-15   2.7121875e-01   2.7121875e-01
   2.1000000e+01   1.9000000e+01   1.0592836e-15   1.3400000e-01   1.3400000e-01
   2.2000000e+01   1.9000000e+01   1.7749758e-15   2.8512500e-01   2.8512500e-01
   2.3000000e+01   1.9000000e+01   2.3866052e-15   4.2020313e-01   4.2020313e-01
   2.4000000e+01   1.9000000e+01   2.6394273e-15   4.6900000e-01   4.6900000e-01
   2.5000000e+01   1.9000000e+01   2.5328760e-15   4.5192187e-01   4.5192187e-01
   2.6000000e+01   1.9000000e+01   2.6174432e-15   4.7862500e-01   4.7862500e-01
   2.7000000e+01   1.9000000e+01   2.4586389e-15   4.3592188e-01   4.3592188e-01
   2.8000000e+01   1.9000000e+01   2.4426081e-15   4.4307812e-01   4.4307812e-01
   2.9000000e+01   1.9000000e+01   2.2771856e-15   4.0810938e-01   4.0810938e-01
   3.0000000e+01   1.9000000e+01   2.1122405e-15   3.6273438e-01   3.6273438e-01
   3.1000000e+01   1.9000000e+01   2.2743982e-15   3.9576563e-01   3.9576563e-01
   3.2000000e+01   1.9000000e+01   2.4388064e-15   4.4171875e-01   4.4171875e-01
   3.3000000e+01   1.9000000e+01   2.4926693e-15   4.4229687e-01   4.4229687e-01
   3.4000000e+01   1.9000000e+01   2.6547707e-15   4.7020313e-01   4.7020313e-01
   3.5000000e+01   1.9000000e+01   2.7374681e-15   4.8789063e-01   4.8789063e-01
   1.0000000e+00   2.0000000e+01   2.3532351e-15   4.1904687e-01   4.1904687e-01
   2.0000000e+00   2.0000000e+01   2.2394998e-15   3.8379687e-01   3.8379687e-01
   3.0000000e+00   2.0000000e+01   1.7186607e-15   2.6390625e-01   2.6390625e-01
   4.0000000e+00   2.0000000e+01   1.1138073e-15   1.3965625e-01   1.3965625e-01
   5.0000000e+00   2.0000000e+01   1.6467235e-15   2.5868750e-01   2.5868750e-01
   6.0000000e+00   2.0000000e+01   2.1148834e-15   3.5746875e-01   3.5746875e-01
   7.0000000e+00   2.0000000e+01   2.3733224e-15   4.1640625e-01   4.1640625e-01
   8.0000000e+00   2.0000000e+01   2.4068129e-15   4.2921875e-01   4.2921875e-01
   9.0000000e+00   2.0000000e+01   2.3920202e-15   4.2335937e-01   4.2335937e-01
   1.0000000e+01   2.0000000e+01   2.4731280e-15   4.3828125e-01   4.3828125e-01
   1.1000000e+01   2.0000000e+01   2.5171965e-15   4.6139063e-01   4.6139063e-01
   1.2000000e+01   2.0000000e+01   2.4905576e-15   4.5057813e-01   4.5057813e-01
   1.3000000e+01   2.0000000e+01   2.3006861e-15   4.1368750e-01   4.1368750e-01
   1.4000000e+01   2.0000000e+01   2.3051943e-15   4.1640625e-01   4.1640625e-01
   1.5000000e+01   2.0000000e+01   2.3717446e-15   4.2823437e-01   4.2823437e-01
   1.6000000e+01   2.0000000e+01   2.4025457e-15   4.3062500e-01   4.3062500e-01
   1.7000000e+01   2.0000000e+01   2.4501090e-15   4.3629687e-01   4.3629687e-01
   1.8000000e+01   2.0000000e+01   2.4204548e-15   4.4382812e-01   4.4382812e-01
   1.9000000e+01   2.0000000e+01   2.4346728e-15   4.3656250e-01   4.3656250e-01
   2.0000000e+01   2.0000000e+01   1.7199510e-15   2.8284375e-01   2.8284375e-01
   2.1000000e+01   2.0000000e+01   1.1169098e-15   1.3815625e-01   1.3815625e-01
   2.2000000e+01   2.0000000e+01   1.6284752e-15   2.4968750e-01   2.4968750e-01
   2.3000000e+01   2.0000000e+01   2.2306362e-15   3.8476563e-01   3.8476563e-01
   2.4000000e+01   2.0000000e+01   2.4522560e-15   4.3856250e-01   4.3856250e-01
   2.5000000e+01   2.0000000e+01   2.4948114e-15   4.4626563e-01   4.4626563e-01
   2.6000000e+01   2.0000000e+01   2.4898237e-15   4.4756250e-01   4.4756250e-01
   2.7000000e+01   2.0000000e+01   2.4351945e-15   4.4134375e-01   4.4134375e-01
   2.8000000e+01   2.0000000e+01   2.3935215e-15   4.2675000e-01   4.2675000e-01
   2.9000000e+01   2.0000000e+01   2.3922321e-15   4.2825000e-01   4.2825000e-01
   3.0000000e+01   2.0000000e+01   2.2478172e-15   3.8789062e-01   3.8789062e-01
   3.1000000e+01   2.0000000e+01   2.3315327e-15   4.1285937e-01   4.1285937e-01
   3.2000000e+01   2.0000000e+01   2.4095483e-15   4.2648437e-01   4.2648437e-01
   3.3000000e+01   2.0000000e+01   2.4673974e-15   4.3929687e-01   4.3929687e-01
   3.4000000e+01   2.0000000e+01   2.5474104e-15   4.6331250e-01   4.6331250e-01
   3.5000000e+01   2.0000000e+01   2.5664224e-15   4.5096875e-01   4.5096875e-01
   1.0000000e+00   2.1000000e+01   2.1478859e-15   3.7173437e-01   3.7173437e-01
   2.0000000e+00   2.1000000e+01   2.0561745e-15   3.5885937e-01   3.5885937e-01
   3.0000000e+00   2.1000000e+01   1.5376127e-15   2.3360937e-01   2.3360937e-01
   4.0000000e+00   2.1000000e+01   1.0209313e-15   1.2587500e-01   1.2587500e-01
   5.0000000e+00   2.1000000e+01   1.4848215e-15   2.2954687e-01   2.2954687e-01
   6.0000000e+00   2.1000000e+01   1.9385383e-15   3.2876562e-01   3.2876562e-01
   7.0000000e+00   2.1000000e+01   2.1503211e-15   3.7298437e-01   3.7298437e-01
   8.0000000e+00   2.1000000e+01   2.1673715e-15   3.7432812e-01   3.7432812e-01
   9.0000000e+00   2.1000000e+01   2.2105775e-15   3.8926562e-01   3.8926562e-01
   1.0000000e+01   2.1000000e+01   2.3008280e-15   4.1551563e-01   4.1551563e-01
   1.1000000e+01   2.1000000e+01   2.4712893e-15   4.5059375e-01   4.5059375e-01
   1.2000000e+01   2.1000000e+01   2.3764673e-15   4.2715625e-01   4.2715625e-01
   1.3000000e+01   2.1000000e+01   2.3182946e-15   4.1446875e-01   4.1446875e-01
   1.4000000e+01   2.1000000e+01   2.2845801e-15   4.1728125e-01   4.1728125e-01
   1.5000000e+01   2.1000000e+01   2.4381162e-15   4.5300000e-01   4.5300000e-01
   1.6000000e+01   2.1000000e+01   2.4002291e-15   4.2265625e-01   4.2265625e-01
   1.7000000e+01   2.1000000e+01   2.3186980e-15   4.1095312e-01   4.1095312e-01
   1.8000000e+01   2.1000000e+01   2.3236860e-15   4.1292187e-01   4.1292187e-01
   1.9000000e+01   2.1000000e+01   2.2123418e-15   3.8346875e-01   3.8346875e-01
   2.0000000e+01   2.1000000e+01   1.6804620e-15   2.5935937e-01   2.5935937e-01
   2.1000000e+01   2.1000000e+01   1.0612185e-15   1.2954687e-01   1.2954687e-01
   2.2000000e+01   2.1000000e+01   1.4827632e-15   2.2745312e-01   2.2745312e-01
   2.3000000e+01   2.1000000e+01   2.1194532e-15   3.5790625e-01   3.5790625e-01
   2.4000000e+01   2.1000000e+01   2.3307278e-15   4.0596875e-01   4.0596875e-01
   2.5000000e+01   2.1000000e+01   2.3593005e-15   4.1592188e-01   4.1592188e-01
   2.6000000e+01   2.1000000e+01   2.3583015e-15   4.1582812e-01   4.1582812e-01
   2.7000000e+01   2.1000000e+01   2.3633477e-15   4.1562500e-01   4.1562500e-01
   2.8000000e+01   2.1000000e+01   2.4050882e-15   4.3276562e-01   4.3276562e-01
   2.9000000e+01   2.1000000e+01   2.3312385e-15   4.2334375e-01   4.2334375e-01
   3.0000000e+01   2.1000000e+01   2.2707244e-15   4.0226562e-01   4.0226562e-01
   3.1000000e+01   2.1000000e+01   2.2754396e-15   4.0943750e-01   4.0943750e-01
   3.2000000e+01   2.1000000e+01   2.4053777e-15   4.4162500e-01   4.4162500e-01
   3.3000000e+01   2.1000000e+01   2.4840457e-15   4.5223437e-01   4.5223437e-01
   3.4000000e+01   2.1000000e+01   2.4982879e-15   4.4926563e-01   4.4926563e-01
   3.5000000e+01   2.1000000e+01   2.4333795e-15   4.3054688e-01   4.3054688e-01
   1.0000000e+00   2.2000000e+01   2.1015444e-15   3.6406250e-01   3.6406250e-01
   2.0000000e+00   2.2000000e+01   2.1174482e-15   3.5246875e-01   3.5246875e-01
   3.0000000e+00   2.2000000e+01   1.6043690e-15   2.5643750e-01   2.5643750e-01
   4.0000000e+00   2.2000000e+01   1.0464793e-15   1.3056250e-01   1.3056250e-01
   5.0000000e+00   2.2000000e+01   1.4073948e-15   2.1596875e-01   2.1596875e-01
   6.0000000e+00   2.2000000e+01   1.8836742e-15   3.0945313e-01   3.0945313e-01
   7.0000000e+00   2.2000000e+01   2.0063620e-15   3.2795312e-01   3.2795312e-01
   8.0000000e+00   2.2000000e+01   2.1038620e-15   3.5950000e-01   3.5950000e-01
   9.0000000e+00   2.2000000e+01   2.2468504e-15   3.8942187e-01   3.8942187e-01
   1.0000000e+01   2.2000000e+01   2.2234897e-15   4.0164062e-01   4.0164062e-01
   1.1000000e+01   2.2000000e+01   2.2682304e-15   4.0450000e-01   4.0450000e-01
   1.2000000e+01   2.2000000e+01   2.2982333e-15   4.0406250e-01   4.0406250e-01
   1.3000000e+01   2.2000000e+01   2.4625488e-15   4.3175000e-01   4.3175000e-01
   1.4000000e+01   2.2000000e+01   2.4176646e-15   4.4007812e-01   4.4007812e-01
   1.5000000e+01   2.2000000e+01   2.3898276e-15   4.2748437e-01   4.2748437e-01
   1.6000000e+01   2.2000000e+01   2.2936756e-15   4.0081250e-01   4.0081250e-01
   1.7000000e+01   2.2000000e+01   2.2530053e-15   4.0189063e-01   4.0189063e-01
   1.8000000e+01   2.2000000e+01   2.1485818e-15   3.7857812e-01   3.7857812e-01
   1.9000000e+01   2.2000000e+01   2.0777512e-15   3.4850000e-01   3.4850000e-01
   2.0000000e+01   2.2000000e+01   1.7084507e-15   2.6926562e-01   2.6926562e-01
   2.1000000e+01   2.2000000e+01   1.0830334e-15   1.3242187e-01   1.3242187e-01
   2.2000000e+01   2.2000000e+01   1.3293235e-15   1.8725000e-01   1.8725000e-01
   2.3000000e+01   2.2000000e+01   1.8326720e-15   3.0335937e-01   3.0335937e-01
   2.4000000e+01   2.2000000e+01   2.1178585e-15   3.6206250e-01   3.6206250e-01
   2.5000000e+01   2.2000000e+01   2.1996182e-15   3.8112500e-01   3.8112500e-01
   2.6000000e+01   2.2000000e+01   2.1633943e-15   3.8246875e-01   3.8246875e-01
   2.7000000e+01   2.2000000e+01   2.2320768e-15   3.9067188e-01   3.9067188e-01
   2.8000000e+01   2.2000000e+01   2.2735261e-15   4.0526562e-01   4.0526562e-01
   2.9000000e+01   2.2000000e+01   2.4388834e-15   4.3173438e-01   4.3173438e-01
   3.0000000e+01   2.2000000e+01   2.4217255e-15   4.3115625e-01   4.3115625e-01
   3.1000000e+01   2.2000000e+01   2.3469876e-15   4.1209375e-01   4.1209375e-01
   3.2000000e+01   2.2000000e+01   2.4003405e-15   4.3573438e-01   4.3573438e-01
   3.3000000e+01   2.2000000e+01   2.3422655e-15   4.2156250e-01   4.2156250e-01
   3.4000000e+01   2.2000000e+01   2.2502055e-15   3.9098438e-01   3.9098438e-01
   3.5000000e+01   2.2000000e+01   2.1900461e-15   3.8340625e-01   3.8340625e-01
   1.0000000e+00   2.3000000e+01   2.3102357e-15   3.9790625e-01   3.9790625e-01
   2.0000000e+00   2.3000000e+01   2.1696267e-15   3.7006250e-01   3.7006250e-01
   3.0000000e+00   2.3000000e+01   1.6616482e-15   2.5546875e-01   2.5546875e-01
   4.0000000e+00   2.3000000e+01   1.0580919e-15   1.2446875e-01   1.2446875e-01
   5.0000000e+00   2.3000000e+01   1.5537448e-15   2.2701562e-01   2.2701562e-01
   6.0000000e+00   2.3000000e+01   1.9414411e-15   3.2596875e-01   3.2596875e-01
   7.0000000e+00   2.3000000e+01   2.0502706e-15   3.5209375e-01   3.5209375e-01
   8.0000000e+00   2.3000000e+01   2.1345172e-15   3.6920312e-01   3.6920312e-01
   9.0000000e+00   2.3000000e+01   2.1973560e-15   3.8431250e-01   3.8431250e-01
   1.0000000e+01   2.3000000e+01   2.2791823e-15   4.0118750e-01   4.0118750e-01
   1.1000000e+01   2.3000000e+01   2.3342853e-15   4.0881250e-01   4.0881250e-01
   1.2000000e+01   2.3000000e+01   2.3298452e-15   4.1710938e-01   4.1710938e-01
   1.3000000e+01   2.3000000e+01   2.2560524e-15   4.0306250e-01   4.0306250e-01
   1.4000000e+01   2.3000000e+01   2.3542253e-15   4.0362500e-01   4.0362500e-01
   1.5000000e+01   2.3000000e+01   2.4129993e-15   4.2318750e-01   4.2318750e-01
   1.6000000e+01   2.3000000e+01   2.2971913e-15   4.0437500e-01   4.0437500e-01
   1.7000000e+01   2.3000000e+01   2.1625853e-15   3.8198437e-01   3.8198437e-01
   1.8000000e+01   2.3000000e+01   2.1121433e-15   3.5982813e-01   3.5982813e-01
   1.9000000e+01   2.3000000e+01   2.0411696e-15   3.4690625e-01   3.4690625e-01
   2.0000000e+01   2.3000000e+01   1.5768388e-15   2.3771875e-01   2.3771875e-01
   2.1000000e+01   2.3000000e+01   1.0053456e-15   1.1698437e-01   1.1698437e-01
   2.2000000e+01   2.3000000e+01   1.3808663e-15   2.0493750e-01   2.0493750e-01
   2.3000000e+01   2.3000000e+01   1.8775144e-15   3.1396875e-01   3.1396875e-01
   2.4000000e+01   2.3000000e+01   2.0439894e-15   3.5150000e-01   3.5150000e-01
   2.5000000e+01   2.3000000e+01   2.0912628e-15   3.6707812e-01   3.6707812e-01
   2.6000000e+01   2.3000000e+01   2.1037425e-15   3.7317187e-01   3.7317187e-01
   2.7000000e+01   2.3000000e+01   2.1790609e-15   3.7978125e-01   3.7978125e-01
   2.8000000e+01   2.3000000e+01   2.2421352e-15   3.9320312e-01   3.9320312e-01
   2.9000000e+01   2.3000000e+01   2.2901465e-15   4.0467187e-01   4.0467187e-01
   3.0000000e+01   2.3000000e+01   2.3778323e-15   4.2281250e-01   4.2281250e-01
   3.1000000e+01   2.3000000e+01   2.4052823e-15   4.3381250e-01   4.3381250e-01
   3.2000000e+01   2.3000000e+01   2.3382791e-15   4.2253125e-01   4.2253125e-01
   3.3000000e+01   2.3000000e+01   2.2216526e-15   3.9239062e-01   3.9239062e-01
   3.4000000e+01   2.3000000e+01   2.1867255e-15   3.8926562e-01   3.8926562e-01
   3.5000000e+01   2.3000000e+01   2.1412908e-15   3.7595313e-01   3.7595313e-01
   1.0000000e+00   2.4000000e+01   2.4434245e-15   4.3139062e-01   4.3139062e-01
   2.0000000e+00   2.4000000e+01   2.3699456e-15   4.2539062e-01   4.2539062e-01
   3.0000000e+00   2.4000000e+01   1.7271542e-15   2.7865625e-01   2.7865625e-01
   4.0000000e+00   2.4000000e+01   1.0481306e-15   1.3140625e-01   1.3140625e-01
   5.0000000e+00   2.4000000e+01   1.6358899e-15   2.5842187e-01   2.5842187e-01
   6.0000000e+00   2.4000000e+01   2.1033096e-15   3.6090625e-01   3.6090625e-01
   7.0000000e+00   2.4000000e+01   2.2154134e-15   3.8384375e-01   3.8384375e-01
   8.0000000e+00   2.4000000e+01   2.3422906e-15   4.1487500e-01   4.1487500e-01
   9.0000000e+00   2.4000000e+01   2.4198561e-15   4.3382813e-01   4.3382813e-01
   1.0000000e+01   2.4000000e+01   2.3781474e-15   4.2590625e-01   4.2590625e-01
   1.1000000e+01   2.4000000e+01   2.3822114e-15   4.2778125e-01   4.2778125e-01
   1.2000000e+01   2.4000000e+01   2.2882151e-15   4.1089062e-01   4.1089062e-01
   1.3000000e+01   2.4000000e+01   2.1653761e-15   3.7606250e-01   3.7606250e-01
   1.4000000e+01   2.4000000e+01   2.3320242e-15   4.1270312e-01   4.1270312e-01
   1.5000000e+01   2.4000000e+01   2.4750086e-15   4.5357813e-01   4.5357813e-01
   1.6000000e+01   2.4000000e+01   2.3576256e-15   4.2003125e-01   4.2003125e-01
   1.7000000e+01   2.4000000e+01   2.3944855e-15   4.2056250e-01   4.2056250e-01
   1.8000000e+01   2.4000000e+01   2.3427485e-15   4.1729688e-01   4.1729688e-01
   1.9000000e+01   2.4000000e+01   2.2243060e-15   3.8565625e-01   3.8565625e-01
   2.0000000e+01   2.4000000e+01   1.6354724e-15   2.5715625e-01   2.5715625e-01
   2.1000000e+01   2.4000000e+01   1.0938859e-15   1.3004687e-01   1.3004687e-01
   2.2000000e+01   2.4000000e+01   1.4456450e-15   2.1846875e-01   2.1846875e-01
   2.3000000e+01   2.4000000e+01   1.9549028e-15   3.2335938e-01   3.2335938e-01
   2.4000000e+01   2.4000000e+01   2.1524442e-15   3.6087500e-01   3.6087500e-01
   2.5000000e+01   2.4000000e+01   2.2272213e-15   3.8398437e-01   3.8398437e-01
   2.6000000e+01   2.4000000e+01   2.1624594e-15   3.7537500e-01   3.7537500e-01
   2.7000000e+01   2.4000000e+01   2.2987627e-15   4.0250000e-01   4.0250000e-01
   2.8000000e+01   2.4000000e+01   2.3664169e-15   4.2976562e-01   4.2976562e-01
   2.9000000e+01   2.4000000e+01   2.2483394e-15   4.1506250e-01   4.1506250e-01
   3.0000000e+01   2.4000000e+01   2.2070216e-15   3.8559375e-01   3.8559375e-01
   3.1000000e+01   2.4000000e+01   2.3535182e-15   4.2381250e-01   4.2381250e-01
   3.2000000e+01   2.4000000e+01   2.3974368e-15   4.2751562e-01   4.2751562e-01
   3.3000000e+01   2.4000000e+01   2.3819917e-15   4.3279687e-01   4.3279687e-01
   3.4000000e+01   2.4000000e+01   2.2613393e-15   4.0151562e-01   4.0151562e-01
   3.5000000e+01   2.4000000e+01   2.1636644e-15   3.7700000e-01   3.7700000e-01
   1.0000000e+00   2.5000000e+01   2.6248194e-15   4.6815625e-01   4.6815625e-01
   2.0000000e+00   2.5000000e+01   2.4358933e-15   4.3420312e-01   4.3420312e-01
   3.0000000e+00   2.5000000e+01   1.7573592e-15   2.8704687e-01   2.8704687e-01
   4.0000000e+00   2.5000000e+01   1.1044289e-15   1.3382812e-01   1.3382812e-01
   5.0000000e+00   2.5000000e+01   1.8179260e-15   2.8568750e-01   2.8568750e-01
   6.0000000e+00   2.5000000e+01   2.4335856e-15   4.3137500e-01   4.3137500e-01
   7.0000000e+00   2.5000000e+01   2.4399835e-15   4.3728125e-01   4.3728125e-01
   8.0000000e+00   2.5000000e+01   2.4936656e-15   4.3623437e-01   4.3623437e-01
   9.0000000e+00   2.5000000e+01   2.5562694e-15   4.5756250e-01   4.5756250e-01
   1.0000000e+01   2.5000000e+01   2.4452946e-15   4.3846875e-01   4.3846875e-01
   1.1000000e+01   2.5000000e+01   2.3273821e-15   4.1834375e-01   4.1834375e-01
   1.2000000e+01   2.5000000e+01   2.2099655e-15   3.8920312e-01   3.8920312e-01
   1.3000000e+01   2.5000000e+01   2.1295043e-15   3.7970312e-01   3.7970312e-01
   1.4000000e+01   2.5000000e+01   2.2437112e-15   3.9807812e-01   3.9807812e-01
   1.5000000e+01   2.5000000e+01   2.3439425e-15   4.2315625e-01   4.2315625e-01
   1.6000000e+01   2.5000000e+01   2.4350920e-15   4.3734375e-01   4.3734375e-01
   1.7000000e+01   2.5000000e+01   2.4997374e-15   4.4976562e-01   4.4976562e-01
   1.8000000e+01   2.5000000e+01   2.4570638e-15   4.4142187e-01   4.4142187e-01
   1.9000000e+01   2.5000000e+01   2.3789393e-15   4.1732812e-01   4.1732812e-01
   2.0000000e+01   2.5000000e+01   1.7334332e-15   2.8148438e-01   2.8148438e-01
   2.1000000e+01   2.5000000e+01   1.0772538e-15   1.3812500e-01   1.3812500e-01
   2.2000000e+01   2.5000000e+01   1.5737554e-15   2.4965625e-01   2.4965625e-01
   2.3000000e+01   2.5000000e+01   2.1300098e-15   3.6500000e-01   3.6500000e-01
   2.4000000e+01   2.5000000e+01   2.3807184e-15   4.1615625e-01   4.1615625e-01
   2.5000000e+01   2.5000000e+01   2.3665675e-15   4.2737500e-01   4.2737500e-01
   2.6000000e+01   2.5000000e+01   2.3449599e-15   4.1784375e-01   4.1784375e-01
   2.7000000e+01   2.5000000e+01   2.3179436e-15   4.1640625e-01   4.1640625e-01
   2.8000000e+01   2.5000000e+01   2.3223425e-15   4.2209375e-01   4.2209375e-01
   2.9000000e+01   2.5000000e+01   2.3340756e-15   4.1856250e-01   4.1856250e-01
   3.0000000e+01   2.5000000e+01   2.2393555e-15   4.0646875e-01   4.0646875e-01
   3.1000000e+01   2.5000000e+01   2.3659418e-15   4.2879687e-01   4.2879687e-01
   3.2000000e+01   2.5000000e+01   2.5191607e-15   4.5534375e-01   4.5534375e-01
   3.3000000e+01   2.5000000e+01   2.5047265e-15   4.5007813e-01   4.5007813e-01
   3.4000000e+01   2.5000000e+01   2.3730786e-15   4.3370312e-01   4.3370312e-01
   3.5000000e+01   2.5000000e+01   2.3103802e-15   4.0723437e-01   4.0723437e-01
   1.0000000e+00   2.6000000e+01   2.6297085e-15   4.7765625e-01   4.7765625e-01
   2.0000000e+00   2.6000000e+01   2.4690613e-15   4.4628125e-01   4.4628125e-01
   3.0000000e+00   2.6000000e+01   1.6951274e-15   2.6507812e-01   2.6507812e-01
   4.0000000e+00   2.6000000e+01   1.0020940e-15   1.2743750e-01   1.2743750e-01
   5.0000000e+00   2.6000000e+01   1.6756255e-15   2.7389062e-01   2.7389062e-01
   6.0000000e+00   2.6000000e+01   2.4058471e-15   4.2637500e-01   4.2637500e-01
   7.0000000e+00   2.6000000e+01   2.5561392e-15   4.5721875e-01   4.5721875e-01
   8.0000000e+00   2.6000000e+01   2.5431763e-15   4.5745312e-01   4.5745312e-01
   9.0000000e+00   2.6000000e+01   2.5142584e-15   4.4621875e-01   4.4621875e-01
   1.0000000e+01   2.6000000e+01   2.4679600e-15   4.4035938e-01   4.4035938e-01
   1.1000000e+01   2.6000000e+01   2.3814960e-15   4.3265625e-01   4.3265625e-01
   1.2000000e+01   2.6000000e+01   2.2653178e-15   4.0587500e-01   4.0587500e-01
   1.3000000e+01   2.6000000e+01   2.0952548e-15   3.7104688e-01   3.7104688e-01
   1.4000000e+01   2.6000000e+01   2.2450602e-15   3.8803125e-01   3.8803125e-01
   1.5000000e+01   2.6000000e+01   2.3918147e-15   4.2468750e-01   4.2468750e-01
   1.6000000e+01   2.6000000e+01   2.5431701e-15   4.5650000e-01   4.5650000e-01
   1.7000000e+01   2.6000000e+01   2.6581121e-15   4.8656250e-01   4.8656250e-01
   1.8000000e+01   2.6000000e+01   2.6043241e-15   4.7339062e-01   4.7339062e-01
   1.9000000e+01   2.6000000e+01   2.4933886e-15   4.4154688e-01   4.4154688e-01
   2.0000000e+01   2.6000000e+01   1.7074260e-15   2.6818750e-01   2.6818750e-01
   2.1000000e+01   2.6000000e+01   1.0629441e-15   1.3173437e-01   1.3173437e-01
   2.2000000e+01   2.6000000e+01   1.7072931e-15   2.8137500e-01   2.8137500e-01
   2.3000000e+01   2.6000000e+01   2.3659374e-15   4.1789062e-01   4.1789062e-01
   2.4000000e+01   2.6000000e+01   2.4608624e-15   4.4029687e-01   4.4029687e-01
   2.5000000e+01   2.6000000e+01   2.4748178e-15   4.4221875e-01   4.4221875e-01
   2.6000000e+01   2.6000000e+01   2.4119703e-15   4.3517187e-01   4.3517187e-01
   2.7000000e+01   2.6000000e+01   2.3781345e-15   4.1637500e-01   4.1637500e-01
   2.8000000e+01   2.6000000e+01   2.3240289e-15   4.0775000e-01   4.0775000e-01
   2.9000000e+01   2.6000000e+01   2.2494301e-15   3.9450000e-01   3.9450000e-01
   3.0000000e+01   2.6000000e+01   2.2263065e-15   3.9750000e-01   3.9750000e-01
   3.1000000e+01   2.6000000e+01   2.3197231e-15   4.1651562e-01   4.1651562e-01
   3.2000000e+01   2.6000000e+01   2.3182436e-15   4.2021875e-01   4.2021875e-01
   3.3000000e+01   2.6000000e+01   2.4163042e-15   4.3637500e-01   4.3637500e-01
   3.4000000e+01   2.6000000e+01   2.5546026e-15   4.6560937e-01   4.6560937e-01
   3.5000000e+01   2.6000000e+01   2.5661916e-15   4.6704687e-01   4.6704687e-01
   1.0000000e+00   2.7000000e+01   2.4112044e-15   4.3073438e-01   4.3073438e-01
   2.0000000e+00   2.7000000e+01   1.8107404e-15   2.9704687e-01   2.9704687e-01
   3.0000000e+00   2.7000000e+01   1.1358907e-15   1.4993750e-01   1.4993750e-01
   4.0000000e+00   2.7000000e+01   8.7850364e-16   9.3343750e-02   9.3343750e-02
   5.0000000e+00   2.7000000e+01   1.4100484e-15   2.1431250e-01   2.1431250e-01
   6.0000000e+00   2.7000000e+01   2.1254817e-15   3.6521875e-01   3.6521875e-01
   7.0000000e+00   2.7000000e+01   2.5936286e-15   4.6848437e-01   4.6848437e-01
   8.0000000e+00   2.7000000e+01   2.7450097e-15   5.0526562e-01   5.0526562e-01
   9.0000000e+00   2.7000000e+01   2.6008704e-15   4.7745312e-01   4.7745312e-01
   1.0000000e+01   2.7000000e+01   2.4168493e-15   4.3554688e-01   4.3554688e-01
   1.1000000e+01   2.7000000e+01   2.3896211e-15   4.3076562e-01   4.3076562e-01
   1.2000000e+01   2.7000000e+01   2.2167433e-15   3.9625000e-01   3.9625000e-01
   1.3000000e+01   2.7000000e+01   2.0189493e-15   3.5698437e-01   3.5698437e-01
   1.4000000e+01   2.7000000e+01   2.1477761e-15   3.7935938e-01   3.7935938e-01
   1.5000000e+01   2.7000000e+01   2.3771709e-15   4.2925000e-01   4.2925000e-01
   1.6000000e+01   2.7000000e+01   2.5400253e-15   4.7357812e-01   4.7357812e-01
   1.7000000e+01   2.7000000e+01   2.5573849e-15   4.7304687e-01   4.7304687e-01
   1.8000000e+01   2.7000000e+01   2.5994117e-15   4.6685937e-01   4.6685937e-01
   1.9000000e+01   2.7000000e+01   2.3930332e-15   4.2242187e-01   4.2242187e-01
   2.0000000e+01   2.7000000e+01   1.5019029e-15   2.3162500e-01   2.3162500e-01
   2.1000000e+01   2.7000000e+01   9.9040902e-16   1.1767187e-01   1.1767187e-01
   2.2000000e+01   2.7000000e+01   1.6130300e-15   2.5745312e-01   2.5745312e-01
   2.3000000e+01   2.7000000e+01   2.3955201e-15   4.2378125e-01   4.2378125e-01
   2.4000000e+01   2.7000000e+01   2.5537853e-15   4.6620313e-01   4.6620313e-01
   2.5000000e+01   2.7000000e+01   2.5008938e-15   4.5384375e-01   4.5384375e-01
   2.6000000e+01   2.7000000e+01   2.5732694e-15   4.6323437e-01   4.6323437e-01
   2.7000000e+01   2.7000000e+01   2.5332779e-15   4.6401562e-01   4.6401562e-01
   2.8000000e+01   2.7000000e+01   2.3136729e-15   4.2179687e-01   4.2179687e-01
   2.9000000e+01   2.7000000e+01   2.1540581e-15   3.7364063e-01   3.7364063e-01
   3.0000000e+01   2.7000000e+01   2.0698531e-15   3.6450000e-01   3.6450000e-01
   3.1000000e+01   2.7000000e+01   2.1937620e-15   3.9064062e-01   3.9064062e-01
   3.2000000e+01   2.7000000e+01   2.4100320e-15   4.4215625e-01   4.4215625e-01
   3.3000000e+01   2.7000000e+01   2.5354080e-15   4.6767187e-01   4.6767187e-01
   3.4000000e+01   2.7000000e+01   2.5394865e-15   4.7129687e-01   4.7129687e-01
   3.5000000e+01   2.7000000e+01   2.5613412e-15   4.6189063e-01   4.6189063e-01
   1.0000000e+00   2.8000000e+01   1.8588547e-15   3.0548437e-01   3.0548437e-01
   2.0000000e+00   2.8000000e+01   1.1854344e-15   1.6495312e-01   1.6495312e-01
   3.0000000e+00   2.8000000e+01   8.6030212e-16   9.0171875e-02   9.0171875e-02
   4.0000000e+00   2.8000000e+01   7.8862827e-16   8.0078125e-02   8.0078125e-02
   5.0000000e+00   2.8000000e+01   9.7679378e-16   1.2331250e-01   1.2331250e-01
   6.0000000e+00   2.8000000e+01   1.5255651e-15   2.4507812e-01   2.4507812e-01
   7.0000000e+00   2.8000000e+01   2.1958793e-15   3.8375000e-01   3.8375000e-01
   8.0000000e+00   2.8000000e+01   2.7005073e-15   4.9921875e-01   4.9921875e-01
   9.0000000e+00   2.8000000e+01   2.6350512e-15   4.8023437e-01   4.8023437e-01
   1.0000000e+01   2.8000000e+01   2.4054228e-15   4.2587500e-01   4.2587500e-01
   1.1000000e+01   2.8000000e+01   2.2594118e-15   4.0295312e-01   4.0295312e-01
   1.2000000e+01   2.8000000e+01   2.1240232e-15   3.7435937e-01   3.7435937e-01
   1.3000000e+01   2.8000000e+01   2.0797910e-15   3.7389062e-01   3.7389062e-01
   1.4000000e+01   2.8000000e+01   2.1238209e-15   3.8250000e-01   3.8250000e-01
   1.5000000e+01   2.8000000e+01   2.3005037e-15   4.0979687e-01   4.0979687e-01
   1.6000000e+01   2.8000000e+01   2.4461322e-15   4.3523437e-01   4.3523437e-01
   1.7000000e+01   2.8000000e+01   2.5930372e-15   4.6429688e-01   4.6429688e-01
   1.8000000e+01   2.8000000e+01   2.5064814e-15   4.4362500e-01   4.4362500e-01
   1.9000000e+01   2.8000000e+01   1.8496897e-15   3.0926562e-01   3.0926562e-01
   2.0000000e+01   2.8000000e+01   1.0806912e-15   1.4270312e-01   1.4270312e-01
   2.1000000e+01   2.8000000e+01   8.0797410e-16   8.1109375e-02   8.1109375e-02
   2.2000000e+01   2.8000000e+01   1.2451387e-15   1.7273437e-01   1.7273437e-01
   2.3000000e+01   2.8000000e+01   1.9668760e-15   3.3501562e-01   3.3501562e-01
   2.4000000e+01   2.8000000e+01   2.5952846e-15   4.6964062e-01   4.6964062e-01
   2.5000000e+01   2.8000000e+01   2.7379293e-15   4.9646875e-01   4.9646875e-01
   2.6000000e+01   2.8000000e+01   2.6283762e-15   4.7139062e-01   4.7139062e-01
   2.7000000e+01   2.8000000e+01   2.4545120e-15   4.4193750e-01   4.4193750e-01
   2.8000000e+01   2.8000000e+01   2.3905283e-15   4.2498437e-01   4.2498437e-01
   2.9000000e+01   2.8000000e+01   2.1909697e-15   3.9134375e-01   3.9134375e-01
   3.0000000e+01   2.8000000e+01   2.1050191e-15   3.7529687e-01   3.7529687e-01
   3.1000000e+01   2.8000000e+01   2.2256086e-15   3.9821875e-01   3.9821875e-01
   3.2000000e+01   2.8000000e+01   2.4629130e-15   4.4459375e-01   4.4459375e-01
   3.3000000e+01   2.8000000e+01   2.6214004e-15   4.8107812e-01   4.8107812e-01
   3.4000000e+01   2.8000000e+01   2.6936124e-15   4.9740625e-01   4.9740625e-01
   3.5000000e+01   2.8000000e+01   2.6292750e-15   4.7385937e-01   4.7385937e-01
   1.0000000e+00   2.9000000e+01   1.0335931e-15   1.3537500e-01   1.3537500e-01
   2.0000000e+00   2.9000000e+01   8.5612115e-16   8.3984375e-02   8.3984375e-02
   3.0000000e+00   2.9000000e+01   7.7093744e-16   7.0750000e-02   7.0750000e-02
   4.0000000e+00   2.9000000e+01   8.7074937e-16   9.0156250e-02   9.0156250e-02
   5.0000000e+00   2.9000000e+01   8.2261819e-16   7.8125000e-02   7.8125000e-02
   6.0000000e+00   2.9000000e+01   9.9311274e-16   1.2067187e-01   1.2067187e-01
   7.0000000e+00   2.9000000e+01   1.5604337e-15   2.4153125e-01   2.4153125e-01
   8.0000000e+00   2.9000000e+01   2.2288813e-15   3.7864062e-01   3.7864062e-01
   9.0000000e+00   2.9000000e+01   2.2726114e-15   4.0218750e-01   4.0218750e-01
   1.0000000e+01   2.9000000e+01   2.1925510e-15   3.8103125e-01   3.8103125e-01
   1.1000000e+01   2.9000000e+01   1.9957043e-15   3.4723437e-01   3.4723437e-01
   1.2000000e+01   2.9000000e+01   1.8339594e-15   3.1356250e-01   3.1356250e-01
   1.3000000e+01   2.9000000e+01   1.7820864e-15   2.9809375e-01   2.9809375e-01
   1.4000000e+01   2.9000000e+01   1.9111954e-15   3.2389062e-01   3.2389062e-01
   1.5000000e+01   2.9000000e+01   2.0422306e-15   3.5610937e-01   3.5610937e-01
   1.6000000e+01   2.9000000e+01   2.2050110e-15   3.8207812e-01   3.8207812e-01
   1.7000000e+01   2.9000000e+01   2.1462531e-15   3.7384375e-01   3.7384375e-01
   1.8000000e+01   2.9000000e+01   1.5813264e-15   2.4871875e-01   2.4871875e-01
   1.9000000e+01   2.9000000e+01   1.0133242e-15   1.1975000e-01   1.1975000e-01
   2.0000000e+01   2.9000000e+01   7.7908470e-16   7.1609375e-02   7.1609375e-02
   2.1000000e+01   2.9000000e+01   7.8809096e-16   7.1906250e-02   7.1906250e-02
   2.2000000e+01   2.9000000e+01   9.2858214e-16   9.9156250e-02   9.9156250e-02
   2.3000000e+01   2.9000000e+01   1.3107472e-15   2.0040625e-01   2.0040625e-01
   2.4000000e+01   2.9000000e+01   2.0896186e-15   3.6360937e-01   3.6360937e-01
   2.5000000e+01   2.9000000e+01   2.5052421e-15   4.4434375e-01   4.4434375e-01
   2.6000000e+01   2.9000000e+01   2.4860774e-15   4.4696875e-01   4.4696875e-01
   2.7000000e+01   2.9000000e+01   2.3726612e-15   4.2095312e-01   4.2095312e-01
   2.8000000e+01   2.9000000e+01   2.1651287e-15   3.7718750e-01   3.7718750e-01
   2.9000000e+01   2.9000000e+01   2.0245829e-15   3.4034375e-01   3.4034375e-01
   3.0000000e+01   2.9000000e+01   1.9380086e-15   3.2823437e-01   3.2823437e-01
   3.1000000e+01   2.9000000e+01   2.0389291e-15   3.5410938e-01   3.5410938e-01
   3.2000000e+01   2.9000000e+01   2.3111209e-15   4.1150000e-01   4.1150000e-01
   3.3000000e+01   2.9000000e+01   2.5124286e-15   4.6167187e-01   4.6167187e-01
   3.4000000e+01   2.9000000e+01   2.5331928e-15   4.6329688e-01   4.6329688e-01
   3.5000000e+01   2.9000000e+01   2.0900259e-15   3.5321875e-01   3.5321875e-01
   1.0000000e+00   3.0000000e+01   8.3214403e-16   8.1875000e-02   8.1875000e-02
   2.0000000e+00   3.0000000e+01   7.6423033e-16   7.1109375e-02   7.1109375e-02
   3.0000000e+00   3.0000000e+01   8.6135605e-16   9.3328125e-02   9.3328125e-02
   4.0000000e+00   3.0000000e+01   1.2238324e-15   1.6550000e-01   1.6550000e-01
   5.0000000e+00   3.0000000e+01   9.5458212e-16   1.1335937e-01   1.1335937e-01
   6.0000000e+00   3.0000000e+01   7.8810002e-16   7.5000000e-02   7.5000000e-02
   7.0000000e+00   3.0000000e+01   9.5814407e-16   1.1603125e-01   1.1603125e-01
   8.0000000e+00   3.0000000e+01   1.3467102e-15   1.9906250e-01   1.9906250e-01
   9.0000000e+00   3.0000000e+01   1.4847114e-15   2.2151562e-01   2.2151562e-01
   1.0000000e+01   3.0000000e+01   1.4765521e-15   2.2465625e-01   2.2465625e-01
   1.1000000e+01   3.0000000e+01   1.3990810e-15   2.2228125e-01   2.2228125e-01
   1.2000000e+01   3.0000000e+01   1.3695254e-15   2.1282812e-01   2.1282812e-01
   1.3000000e+01   3.0000000e+01   1.3117177e-15   2.0087500e-01   2.0087500e-01
   1.4000000e+01   3.0000000e+01   1.4166987e-15   2.1350000e-01   2.1350000e-01
   1.5000000e+01   3.0000000e+01   1.5877281e-15   2.4593750e-01   2.4593750e-01
   1.6000000e+01   3.0000000e+01   1.6712423e-15   2.6832812e-01   2.6832812e-01
   1.7000000e+01   3.0000000e+01   1.5230432e-15   2.4246875e-01   2.4246875e-01
   1.8000000e+01   3.0000000e+01   1.0376940e-15   1.3654687e-01   1.3654687e-01
   1.9000000e+01   3.0000000e+01   7.6627695e-16   7.3343750e-02   7.3343750e-02
   2.0000000e+01   3.0000000e+01   7.7576843e-16   6.6890625e-02   6.6890625e-02
   2.1000000e+01   3.0000000e+01   9.0058469e-16   9.5218750e-02   9.5218750e-02
   2.2000000e+01   3.0000000e+01   8.4754415e-16   8.0859375e-02   8.0859375e-02
   2.3000000e+01   3.0000000e+01   9.4690396e-16   1.0498437e-01   1.0498437e-01
   2.4000000e+01   3.0000000e+01   1.5707376e-15   2.3696875e-01   2.3696875e-01
   2.5000000e+01   3.0000000e+01   2.0606571e-15   3.5046875e-01   3.5046875e-01
   2.6000000e+01   3.0000000e+01   2.1459983e-15   3.7056250e-01   3.7056250e-01
   2.7000000e+01   3.0000000e+01   2.0043371e-15   3.3398438e-01   3.3398438e-01
   2.8000000e+01   3.0000000e+01   1.8011762e-15   3.0209375e-01   3.0209375e-01
   2.9000000e+01   3.0000000e+01   1.7601567e-15   2.8712500e-01   2.8712500e-01
   3.0000000e+01   3.0000000e+01   1.7160131e-15   2.8060937e-01   2.8060937e-01
   3.1000000e+01   3.0000000e+01   1.8495471e-15   3.0171875e-01   3.0171875e-01
   3.2000000e+01   3.0000000e+01   2.0140606e-15   3.4318750e-01   3.4318750e-01
   3.3000000e+01   3.0000000e+01   2.1517263e-15   3.7821875e-01   3.7821875e-01
   3.4000000e+01   3.0000000e+01   2.0285748e-15   3.4809375e-01   3.4809375e-01
   3.5000000e+01   3.0000000e+01   1.3477450e-15   2.0115625e-01   2.0115625e-01
   1.0000000e+00   3.1000000e+01   1.0101344e-15   1.2214062e-01   1.2214062e-01
   2.0000000e+00   3.1000000e+01   7.7796562e-16   7.7890625e-02   7.7890625e-02
   3.0000000e+00   3.1000000e+01   9.1178564e-16   1.0029687e-01   1.0029687e-01
   4.0000000e+00   3.1000000e+01   1.2732683e-15   1.7925000e-01   1.7925000e-01
   5.0000000e+00   3.1000000e+01   9.8716905e-16   1.2629687e-01   1.2629687e-01
   6.0000000e+00   3.1000000e+01   7.9864335e-16   7.8781250e-02   7.8781250e-02
   7.0000000e+00   3.1000000e+01   1.0240148e-15   1.2210937e-01   1.2210937e-01
   8.0000000e+00   3.1000000e+01   1.2657641e-15   1.7796875e-01   1.7796875e-01
   9.0000000e+00   3.1000000e+01   1.2833834e-15   1.8401562e-01   1.8401562e-01
   1.0000000e+01   3.1000000e+01   1.2241384e-15   1.7212500e-01   1.7212500e-01
   1.1000000e+01   3.1000000e+01   1.1842965e-15   1.6081250e-01   1.6081250e-01
   1.2000000e+01   3.1000000e+01   1.1251386e-15   1.4632812e-01   1.4632812e-01
   1.3000000e+01   3.1000000e+01   1.0740517e-15   1.4067187e-01   1.4067187e-01
   1.4000000e+01   3.1000000e+01   1.1034549e-15   1.4646875e-01   1.4646875e-01
   1.5000000e+01   3.1000000e+01   1.1767099e-15   1.5534375e-01   1.5534375e-01
   1.6000000e+01   3.1000000e+01   1.2184735e-15   1.5848437e-01   1.5848437e-01
   1.7000000e+01   3.1000000e+01   1.0389957e-15   1.3143750e-01   1.3143750e-01
   1.8000000e+01   3.1000000e+01   8.6103234e-16   8.5984375e-02   8.5984375e-02
   1.9000000e+01   3.1000000e+01   7.5523954e-16   6.8687500e-02   6.8687500e-02
   2.0000000e+01   3.1000000e+01   8.9208823e-16   9.9093750e-02   9.9093750e-02
   2.1000000e+01   3.1000000e+01   1.2895219e-15   1.8125000e-01   1.8125000e-01
   2.2000000e+01   3.1000000e+01   1.0188690e-15   1.2592187e-01   1.2592187e-01
   2.3000000e+01   3.1000000e+01   7.7764642e-16   7.3578125e-02   7.3578125e-02
   2.4000000e+01   3.1000000e+01   9.3585438e-16   1.1123437e-01   1.1123437e-01
   2.5000000e+01   3.1000000e+01   1.1485618e-15   1.5809375e-01   1.5809375e-01
   2.6000000e+01   3.1000000e+01   1.2259545e-15   1.7060937e-01   1.7060937e-01
   2.7000000e+01   3.1000000e+01   1.2459885e-15   1.7273437e-01   1.7273437e-01
   2.8000000e+01   3.1000000e+01   1.2342682e-15   1.7348437e-01   1.7348437e-01
   2.9000000e+01   3.1000000e+01   1.1511158e-15   1.5696875e-01   1.5696875e-01
   3.0000000e+01   3.1000000e+01   1.1031693e-15   1.5103125e-01   1.5103125e-01
   3.1000000e+01   3.1000000e+01   1.1775384e-15   1.5960937e-01   1.5960937e-01
   3.2000000e+01   3.1000000e+01   1.2547303e-15   1.7376562e-01   1.7376562e-01
   3.3000000e+01   3.1000000e+01   1.2905701e-15   1.8540625e-01   1.8540625e-01
   3.4000000e+01   3.1000000e+01   1.1619565e-15   1.6240625e-01   1.6240625e-01
   3.5000000e+01   3.1000000e+01   8.9063176e-16   1.0098437e-01   1.0098437e-01
   1.0000000e+00   3.2000000e+01   1.4661557e-15   2.2525000e-01   2.2525000e-01
   2.0000000e+00   3.2000000e+01   9.8318583e-16   1.1643750e-01   1.1643750e-01
   3.0000000e+00   3.2000000e+01   8.6872932e-16   9.1828125e-02   9.1828125e-02
   4.0000000e+00   3.2000000e+01   9.0573007e-16   9.7453125e-02   9.7453125e-02
   5.0000000e+00   3.2000000e+01   8.3001979e-16   9.1734375e-02   9.1734375e-02
   6.0000000e+00   3.2000000e+01   1.0864496e-15   1.4240625e-01   1.4240625e-01
   7.0000000e+00   3.2000000e+01   1.7181270e-15   2.7126562e-01   2.7126562e-01
   8.0000000e+00   3.2000000e+01   2.1828015e-15   3.7957812e-01   3.7957812e-01
   9.0000000e+00   3.2000000e+01   2.1446239e-15   3.8085938e-01   3.8085938e-01
   1.0000000e+01   3.2000000e+01   1.9163645e-15   3.2579687e-01   3.2579687e-01
   1.1000000e+01   3.2000000e+01   1.8188351e-15   2.9634375e-01   2.9634375e-01
   1.2000000e+01   3.2000000e+01   1.6593079e-15   2.7468750e-01   2.7468750e-01
   1.3000000e+01   3.2000000e+01   1.6617974e-15   2.6478125e-01   2.6478125e-01
   1.4000000e+01   3.2000000e+01   1.6169051e-15   2.6312500e-01   2.6312500e-01
   1.5000000e+01   3.2000000e+01   1.7522253e-15   2.8098437e-01   2.8098437e-01
   1.6000000e+01   3.2000000e+01   1.6851298e-15   2.8089062e-01   2.8089062e-01
   1.7000000e+01   3.2000000e+01   1.5599712e-15   2.4679687e-01   2.4679687e-01
   1.8000000e+01   3.2000000e+01   1.0634277e-15   1.3893750e-01   1.3893750e-01
   1.9000000e+01   3.2000000e+01   8.1298311e-16   7.8187500e-02   7.8187500e-02
   2.0000000e+01   3.2000000e+01   8.7662277e-16   9.8531250e-02   9.8531250e-02
   2.1000000e+01   3.2000000e+01   1.1720449e-15   1.6459375e-01   1.6459375e-01
   2.2000000e+01   3.2000000e+01   9.4489837e-16   1.2048437e-01   1.2048437e-01
   2.3000000e+01   3.2000000e+01   8.0272059e-16   8.5109375e-02   8.5109375e-02
   2.4000000e+01   3.2000000e+01   1.1646805e-15   1.5984375e-01   1.5984375e-01
   2.5000000e+01   3.2000000e+01   1.4243640e-15   2.2121875e-01   2.2121875e-01
   2.6000000e+01   3.2000000e+01   1.4165758e-15   2.2179687e-01   2.2179687e-01
   2.7000000e+01   3.2000000e+01   1.4109099e-15   2.0723437e-01   2.0723437e-01
   2.8000000e+01   3.2000000e+01   1.3298617e-15   1.9568750e-01   1.9568750e-01
   2.9000000e+01   3.2000000e+01   1.2482917e-15   1.8068750e-01   1.8068750e-01
   3.0000000e+01   3.2000000e+01   1.1891577e-15   1.6907812e-01   1.6907812e-01
   3.1000000e+01   3.2000000e+01   1.2526727e-15   1.7915625e-01   1.7915625e-01
   3.2000000e+01   3.2000000e+01   1.2903443e-15   1.8645312e-01   1.8645312e-01
   3.3000000e+01   3.2000000e+01   1.3143751e-15   1.9782812e-01   1.9782812e-01
   3.4000000e+01   3.2000000e+01   1.1384251e-15   1.5642187e-01   1.5642187e-01
   3.5000000e+01   3.2000000e+01   8.9049901e-16   9.8796875e-02   9.8796875e-02
   1.0000000e+00   3.3000000e+01   2.2072281e-15   3.7604688e-01   3.7604688e-01
   2.0000000e+00   3.3000000e+01   1.4602988e-15   2.1734375e-01   2.1734375e-01
   3.0000000e+00   3.3000000e+01   9.3107229e-16   1.0251562e-01   1.0251562e-01
   4.0000000e+00   3.3000000e+01   8.7262040e-16   8.6843750e-02   8.6843750e-02
   5.0000000e+00   3.3000000e+01   1.2360880e-15   1.7590625e-01   1.7590625e-01
   6.0000000e+00   3.3000000e+01   1.9356118e-15   3.2462500e-01   3.2462500e-01
   7.0000000e+00   3.3000000e+01   2.5543704e-15   4.5887500e-01   4.5887500e-01
   8.0000000e+00   3.3000000e+01   2.7155215e-15   5.0062500e-01   5.0062500e-01
   9.0000000e+00   3.3000000e+01   2.6090222e-15   4.7200000e-01   4.7200000e-01
   1.0000000e+01   3.3000000e+01   2.3615814e-15   4.2376562e-01   4.2376562e-01
   1.1000000e+01   3.3000000e+01   2.1775718e-15   3.8040625e-01   3.8040625e-01
   1.2000000e+01   3.3000000e+01   2.0785474e-15   3.5132812e-01   3.5132812e-01
   1.3000000e+01   3.3000000e+01   1.9892204e-15   3.5115625e-01   3.5115625e-01
   1.4000000e+01   3.3000000e+01   2.1184876e-15   3.6821875e-01   3.6821875e-01
   1.5000000e+01   3.3000000e+01   2.2487537e-15   3.9278125e-01   3.9278125e-01
   1.6000000e+01   3.3000000e+01   2.5186545e-15   4.4257812e-01   4.4257812e-01
   1.7000000e+01   3.3000000e+01   2.4590611e-15   4.4546875e-01   4.4546875e-01
   1.8000000e+01   3.3000000e+01   1.7998419e-15   2.9479687e-01   2.9479687e-01
   1.9000000e+01   3.3000000e+01   1.1490967e-15   1.4993750e-01   1.4993750e-01
   2.0000000e+01   3.3000000e+01   7.9328111e-16   8.0015625e-02   8.0015625e-02
   2.1000000e+01   3.3000000e+01   8.2186040e-16   7.5171875e-02   7.5171875e-02
   2.2000000e+01   3.3000000e+01   9.5328138e-16   1.0546875e-01   1.0546875e-01
   2.3000000e+01   3.3000000e+01   1.3874973e-15   2.0220312e-01   2.0220312e-01
   2.4000000e+01   3.3000000e+01   2.1110859e-15   3.5632813e-01   3.5632813e-01
   2.5000000e+01   3.3000000e+01   2.4312499e-15   4.3109375e-01   4.3109375e-01
   2.6000000e+01   3.3000000e+01   2.4810385e-15   4.3890625e-01   4.3890625e-01
   2.7000000e+01   3.3000000e+01   2.3279947e-15   4.0237500e-01   4.0237500e-01
   2.8000000e+01   3.3000000e+01   2.0254892e-15   3.4046875e-01   3.4046875e-01
   2.9000000e+01   3.3000000e+01   1.8737968e-15   3.0456250e-01   3.0456250e-01
   3.0000000e+01   3.3000000e+01   1.7894528e-15   2.8984375e-01   2.8984375e-01
   3.1000000e+01   3.3000000e+01   1.9128024e-15   3.1287500e-01   3.1287500e-01
   3.2000000e+01   3.3000000e+01   2.0985886e-15   3.4845312e-01   3.4845312e-01
   3.3000000e+01   3.3000000e+01   2.2073844e-15   3.8185938e-01   3.8185938e-01
   3.4000000e+01   3.3000000e+01   2.0564112e-15   3.4337500e-01   3.4337500e-01
   3.5000000e+01   3.3000000e+01   1.4080923e-15   2.0871875e-01   2.0871875e-01
   1.0000000e+00   3.4000000e+01   2.5864143e-15   4.6468750e-01   4.6468750e-01
   2.0000000e+00   3.4000000e+01   2.1246597e-15   3.5529687e-01   3.5529687e-01
   3.0000000e+00   3.4000000e+01   1.1778305e-15   1.5973437e-01   1.5973437e-01
   4.0000000e+00   3.4000000e+01   1.0453889e-15   1.2362500e-01   1.2362500e-01
   5.0000000e+00   3.4000000e+01   1.8450644e-15   2.9809375e-01   2.9809375e-01
   6.0000000e+00   3.4000000e+01   2.5205748e-15   4.5706250e-01   4.5706250e-01
   7.0000000e+00   3.4000000e+01   2.7005787e-15   4.8607812e-01   4.8607812e-01
   8.0000000e+00   3.4000000e+01   2.6182508e-15   4.7125000e-01   4.7125000e-01
   9.0000000e+00   3.4000000e+01   2.5445783e-15   4.5650000e-01   4.5650000e-01
   1.0000000e+01   3.4000000e+01   2.4801377e-15   4.3914062e-01   4.3914062e-01
   1.1000000e+01   3.4000000e+01   2.3639212e-15   4.1746875e-01   4.1746875e-01
   1.2000000e+01   3.4000000e+01   2.1657296e-15   3.7973437e-01   3.7973437e-01
   1.3000000e+01   3.4000000e+01   2.0923767e-15   3.5948437e-01   3.5948437e-01
   1.4000000e+01   3.4000000e+01   2.2159029e-15   3.8960937e-01   3.8960937e-01
   1.5000000e+01   3.4000000e+01   2.3880381e-15   4.2693750e-01   4.2693750e-01
   1.6000000e+01   3.4000000e+01   2.5842032e-15   4.6548437e-01   4.6548437e-01
   1.7000000e+01   3.4000000e+01   2.6629444e-15   4.8839062e-01   4.8839062e-01
   1.8000000e+01   3.4000000e+01   2.3551039e-15   4.1300000e-01   4.1300000e-01
   1.9000000e+01   3.4000000e+01   1.6826110e-15   2.7484375e-01   2.7484375e-01
   2.0000000e+01   3.4000000e+01   9.9536640e-16   1.1735937e-01   1.1735937e-01
   2.1000000e+01   3.4000000e+01   8.1216957e-16   8.8437500e-02   8.8437500e-02
   2.2000000e+01   3.4000000e+01   1.3181549e-15   1.9681250e-01   1.9681250e-01
   2.3000000e+01   3.4000000e+01   2.0266940e-15   3.3848438e-01   3.3848438e-01
   2.4000000e+01   3.4000000e+01   2.6493787e-15   4.7450000e-01   4.7450000e-01
   2.5000000e+01   3.4000000e+01   2.8215392e-15   5.1603125e-01   5.1603125e-01
   2.6000000e+01   3.4000000e+01   2.5438600e-15   4.5984375e-01   4.5984375e-01
   2.7000000e+01   3.4000000e+01   2.4242703e-15   4.3268750e-01   4.3268750e-01
   2.8000000e+01   3.4000000e+01   2.1859965e-15   3.8545312e-01   3.8545312e-01
   2.9000000e+01   3.4000000e+01   2.0635848e-15   3.5537500e-01   3.5537500e-01
   3.0000000e+01   3.4000000e+01   1.9884998e-15   3.5321875e-01   3.5321875e-01
   3.1000000e+01   3.4000000e+01   2.0459437e-15   3.5442188e-01   3.5442188e-01
   3.2000000e+01   3.4000000e+01   2.3569404e-15   4.2765625e-01   4.2765625e-01
   3.3000000e+01   3.4000000e+01   2.6043575e-15   4.7210938e-01   4.7210938e-01
   3.4000000e+01   3.4000000e+01   2.5082401e-15   4.4285938e-01   4.4285938e-01
   3.5000000e+01   3.4000000e+01   1.9926449e-15   3.3823437e-01   3.3823437e-01
   1.0000000e+00   3.5000000e+01   2.6632656e-15   4.9356250e-01   4.9356250e-01
   2.0000000e+00   3.5000000e+01   2.2300711e-15   3.9056250e-01   3.9056250e-01
   3.0000000e+00   3.5000000e+01   1.3408410e-15   1.8828125e-01   1.8828125e-01
   4.0000000e+00   3.5000000e+01   1.2680128e-15   1.8554687e-01   1.8554687e-01
   5.0000000e+00   3.5000000e+01   2.2026864e-15   3.8837500e-01   3.8837500e-01
   6.0000000e+00   3.5000000e+01   2.5838748e-15   4.7046875e-01   4.7046875e-01
   7.0000000e+00   3.5000000e+01   2.6057935e-15   4.6764062e-01   4.6764062e-01
   8.0000000e+00   3.5000000e+01   2.7177419e-15   4.8500000e-01   4.8500000e-01
   9.0000000e+00   3.5000000e+01   2.5643389e-15   4.7392187e-01   4.7392187e-01
   1.0000000e+01   3.5000000e+01   2.3588543e-15   4.2748437e-01   4.2748437e-01
   1.1000000e+01   3.5000000e+01   2.3376962e-15   4.2773438e-01   4.2773438e-01
   1.2000000e+01   3.5000000e+01   2.1170514e-15   3.8017187e-01   3.8017187e-01
   1.3000000e+01   3.5000000e+01   2.0322778e-15   3.5409375e-01   3.5409375e-01
   1.4000000e+01   3.5000000e+01   2.2935522e-15   4.1068750e-01   4.1068750e-01
   1.5000000e+01   3.5000000e+01   2.4742875e-15   4.4925000e-01   4.4925000e-01
   1.6000000e+01   3.5000000e+01   2.5488369e-15   4.6400000e-01   4.6400000e-01
   1.7000000e+01   3.5000000e+01   2.6218893e-15   4.7235937e-01   4.7235937e-01
   1.8000000e+01   3.5000000e+01   2.6637739e-15   4.8037500e-01   4.8037500e-01
   1.9000000e+01   3.5000000e+01   2.3166816e-15   4.0660938e-01   4.0660938e-01
   2.0000000e+01   3.5000000e+01   1.2034075e-15   1.6618750e-01   1.6618750e-01
   2.1000000e+01   3.5000000e+01   1.0399219e-15   1.2629687e-01   1.2629687e-01
   2.2000000e+01   3.5000000e+01   1.9843036e-15   3.3895312e-01   3.3895312e-01
   2.3000000e+01   3.5000000e+01   2.5672589e-15   4.5675000e-01   4.5675000e-01
   2.4000000e+01   3.5000000e+01   2.7724776e-15   5.0887500e-01   5.0887500e-01
   2.5000000e+01   3.5000000e+01   2.6392181e-15   4.7996875e-01   4.7996875e-01
   2.6000000e+01   3.5000000e+01   2.5822547e-15   4.6471875e-01   4.6471875e-01
   2.7000000e+01   3.5000000e+01   2.4505703e-15   4.4971875e-01   4.4971875e-01
   2.8000000e+01   3.5000000e+01   2.1909544e-15   3.8976563e-01   3.8976563e-01
   2.9000000e+01   3.5000000e+01   2.1019707e-15   3.6626562e-01   3.6626562e-01
   3.0000000e+01   3.5000000e+01   2.0110443e-15   3.5990625e-01   3.5990625e-01
   3.1000000e+01   3.5000000e+01   2.1241824e-15   3.7625000e-01   3.7625000e-01
   3.2000000e+01   3.5000000e+01   2.4104319e-15   4.2954687e-01   4.2954687e-01
   3.3000000e+01   3.5000000e+01   2.6249301e-15   4.8107812e-01   4.8107812e-01
   3.4000000e+01   3.5000000e+01   2.7520727e-15   5.0598437e-01   5.0598437e-01
   3.5000000e+01   3.5000000e+01   2.5486184e-15   4.6071875e-01   4.6071875e-01
