   1.0000000e+00   1.0000000e+00   1.7758465e-15   2.9932813e-01   2.9932813e-01
   2.0000000e+00   1.0000000e+00   2.6918201e-15   4.8826562e-01   4.8826562e-01
   3.0000000e+00   1.0000000e+00   2.9255266e-15   5.3889062e-01   5.3889062e-01
   4.0000000e+00   1.0000000e+00   2.9588759e-15   5.5503125e-01   5.5503125e-01
   5.0000000e+00   1.0000000e+00   2.9706626e-15   5.5996875e-01   5.5996875e-01
   6.0000000e+00   1.0000000e+00   3.0562196e-15   5.6954688e-01   5.6954688e-01
   7.0000000e+00   1.0000000e+00   3.3134230e-15   6.3132813e-01   6.3132813e-01
   8.0000000e+00   1.0000000e+00   3.3948564e-15   6.4560938e-01   6.4560938e-01
   9.0000000e+00   1.0000000e+00   3.1767538e-15   5.9806250e-01   5.9806250e-01
   1.0000000e+01   1.0000000e+00   3.2984309e-15   6.2014063e-01   6.2014063e-01
   1.1000000e+01   1.0000000e+00   3.3102445e-15   6.3685938e-01   6.3685938e-01
   1.2000000e+01   1.0000000e+00   3.1470797e-15   5.8759375e-01   5.8759375e-01
   1.3000000e+01   1.0000000e+00   3.1535027e-15   5.9856250e-01   5.9856250e-01
   1.4000000e+01   1.0000000e+00   3.1002173e-15   5.6942187e-01   5.6942187e-01
   1.5000000e+01   1.0000000e+00   3.0460324e-15   5.6765625e-01   5.6765625e-01
   1.6000000e+01   1.0000000e+00   2.6556313e-15   4.7931250e-01   4.7931250e-01
   1.7000000e+01   1.0000000e+00   1.4809394e-15   2.2892187e-01   2.2892187e-01
   1.8000000e+01   1.0000000e+00   1.6710044e-15   2.7992187e-01   2.7992187e-01
   1.9000000e+01   1.0000000e+00   2.7848993e-15   5.0079688e-01   5.0079688e-01
   2.0000000e+01   1.0000000e+00   3.1359143e-15   5.8667187e-01   5.8667187e-01
   2.1000000e+01   1.0000000e+00   3.2366448e-15   6.0553125e-01   6.0553125e-01
   2.2000000e+01   1.0000000e+00   3.2697870e-15   6.1454688e-01   6.1454688e-01
   2.3000000e+01   1.0000000e+00   3.3014974e-15   6.1010937e-01   6.1010937e-01
   2.4000000e+01   1.0000000e+00   3.2308856e-15   5.9948437e-01   5.9948437e-01
   2.5000000e+01   1.0000000e+00   3.3117297e-15   6.0632813e-01   6.0632813e-01
   2.6000000e+01   1.0000000e+00   3.0435548e-15   5.7456250e-01   5.7456250e-01
   2.7000000e+01   1.0000000e+00   3.0072414e-15   5.6496875e-01   5.6496875e-01
   2.8000000e+01   1.0000000e+00   3.1060057e-15   5.7371875e-01   5.7371875e-01
   2.9000000e+01   1.0000000e+00   3.2902937e-15   6.1843750e-01   6.1843750e-01
   3.0000000e+01   1.0000000e+00   3.1588793e-15   5.9520312e-01   5.9520312e-01
   3.1000000e+01   1.0000000e+00   3.3250149e-15   6.2229687e-01   6.2229687e-01
   3.2000000e+01   1.0000000e+00   3.2955167e-15   6.3092187e-01   6.3092187e-01
   3.3000000e+01   1.0000000e+00   2.6592399e-15   5.0023438e-01   5.0023438e-01
   3.4000000e+01   1.0000000e+00   1.3578647e-15   2.0798437e-01   2.0798437e-01
   3.5000000e+01   1.0000000e+00   1.6551174e-15   2.6378125e-01   2.6378125e-01
   1.0000000e+00   2.0000000e+00   1.6119637e-15   2.6223437e-01   2.6223437e-01
   2.0000000e+00   2.0000000e+00   2.3715576e-15   4.2114062e-01   4.2114062e-01
   3.0000000e+00   2.0000000e+00   2.5936726e-15   4.7565625e-01   4.7565625e-01
   4.0000000e+00   2.0000000e+00   2.7873521e-15   5.1884375e-01   5.1884375e-01
   5.0000000e+00   2.0000000e+00   2.7710979e-15   5.2435937e-01   5.2435937e-01
   6.0000000e+00   2.0000000e+00   2.9084238e-15   5.4442187e-01   5.4442187e-01
   7.0000000e+00   2.0000000e+00   3.1587872e-15   5.9748437e-01   5.9748437e-01
   8.0000000e+00   2.0000000e+00   3.4612673e-15   6.5403125e-01   6.5403125e-01
   9.0000000e+00   2.0000000e+00   3.3388772e-15   6.3056250e-01   6.3056250e-01
   1.0000000e+01   2.0000000e+00   3.4502505e-15   6.4221875e-01   6.4221875e-01
   1.1000000e+01   2.0000000e+00   3.5114967e-15   6.5651562e-01   6.5651562e-01
   1.2000000e+01   2.0000000e+00   3.2110068e-15   6.0929687e-01   6.0929687e-01
   1.3000000e+01   2.0000000e+00   3.0014507e-15   5.6173438e-01   5.6173438e-01
   1.4000000e+01   2.0000000e+00   2.9390526e-15   5.5440625e-01   5.5440625e-01
   1.5000000e+01   2.0000000e+00   2.8264420e-15   5.3318750e-01   5.3318750e-01
   1.6000000e+01   2.0000000e+00   2.4582826e-15   4.4828125e-01   4.4828125e-01
   1.7000000e+01   2.0000000e+00   1.4104796e-15   2.2157812e-01   2.2157812e-01
   1.8000000e+01   2.0000000e+00   1.5585879e-15   2.5115625e-01   2.5115625e-01
   1.9000000e+01   2.0000000e+00   2.4409158e-15   4.4950000e-01   4.4950000e-01
   2.0000000e+01   2.0000000e+00   2.7966000e-15   5.0918750e-01   5.0918750e-01
   2.1000000e+01   2.0000000e+00   2.8364088e-15   5.2201562e-01   5.2201562e-01
   2.2000000e+01   2.0000000e+00   3.0400279e-15   5.7285937e-01   5.7285937e-01
   2.3000000e+01   2.0000000e+00   3.1145109e-15   5.8153125e-01   5.8153125e-01
   2.4000000e+01   2.0000000e+00   3.3236213e-15   6.1334375e-01   6.1334375e-01
   2.5000000e+01   2.0000000e+00   3.4633944e-15   6.7051562e-01   6.7051562e-01
   2.6000000e+01   2.0000000e+00   3.1794349e-15   6.0162500e-01   6.0162500e-01
   2.7000000e+01   2.0000000e+00   3.1457106e-15   5.8164063e-01   5.8164063e-01
   2.8000000e+01   2.0000000e+00   3.3998646e-15   6.4492187e-01   6.4492187e-01
   2.9000000e+01   2.0000000e+00   3.3149510e-15   6.4515625e-01   6.4515625e-01
   3.0000000e+01   2.0000000e+00   3.2088662e-15   6.0682813e-01   6.0682813e-01
   3.1000000e+01   2.0000000e+00   3.1779644e-15   5.9064063e-01   5.9064063e-01
   3.2000000e+01   2.0000000e+00   3.1608072e-15   5.8835938e-01   5.8835938e-01
   3.3000000e+01   2.0000000e+00   2.5892780e-15   4.7490625e-01   4.7490625e-01
   3.4000000e+01   2.0000000e+00   1.3723366e-15   2.0831250e-01   2.0831250e-01
   3.5000000e+01   2.0000000e+00   1.6060123e-15   2.5790625e-01   2.5790625e-01
   1.0000000e+00   3.0000000e+00   1.6504851e-15   2.6100000e-01   2.6100000e-01
   2.0000000e+00   3.0000000e+00   2.3095319e-15   4.0345312e-01   4.0345312e-01
   3.0000000e+00   3.0000000e+00   2.4604041e-15   4.5006250e-01   4.5006250e-01
   4.0000000e+00   3.0000000e+00   2.6776288e-15   4.9178125e-01   4.9178125e-01
   5.0000000e+00   3.0000000e+00   2.7550480e-15   5.1417187e-01   5.1417187e-01
   6.0000000e+00   3.0000000e+00   2.8767189e-15   5.3554687e-01   5.3554687e-01
   7.0000000e+00   3.0000000e+00   3.0477431e-15   5.7939063e-01   5.7939063e-01
   8.0000000e+00   3.0000000e+00   3.3318103e-15   6.2976563e-01   6.2976563e-01
   9.0000000e+00   3.0000000e+00   3.2589761e-15   6.1382812e-01   6.1382812e-01
   1.0000000e+01   3.0000000e+00   3.4426818e-15   6.4159375e-01   6.4159375e-01
   1.1000000e+01   3.0000000e+00   3.5804102e-15   6.8398437e-01   6.8398437e-01
   1.2000000e+01   3.0000000e+00   3.3221746e-15   6.3268750e-01   6.3268750e-01
   1.3000000e+01   3.0000000e+00   2.9824528e-15   5.5921875e-01   5.5921875e-01
   1.4000000e+01   3.0000000e+00   2.7994485e-15   5.1879688e-01   5.1879688e-01
   1.5000000e+01   3.0000000e+00   2.7195693e-15   4.9895313e-01   4.9895313e-01
   1.6000000e+01   3.0000000e+00   2.2973685e-15   4.0007812e-01   4.0007812e-01
   1.7000000e+01   3.0000000e+00   1.4342357e-15   2.1342187e-01   2.1342187e-01
   1.8000000e+01   3.0000000e+00   1.5261006e-15   2.3207812e-01   2.3207812e-01
   1.9000000e+01   3.0000000e+00   2.2157329e-15   3.9034375e-01   3.9034375e-01
   2.0000000e+01   3.0000000e+00   2.5690721e-15   4.6695312e-01   4.6695312e-01
   2.1000000e+01   3.0000000e+00   2.8331389e-15   5.0478125e-01   5.0478125e-01
   2.2000000e+01   3.0000000e+00   2.7660478e-15   5.1489063e-01   5.1489063e-01
   2.3000000e+01   3.0000000e+00   2.9646213e-15   5.4217187e-01   5.4217187e-01
   2.4000000e+01   3.0000000e+00   3.1869466e-15   5.9500000e-01   5.9500000e-01
   2.5000000e+01   3.0000000e+00   3.5450441e-15   6.6856250e-01   6.6856250e-01
   2.6000000e+01   3.0000000e+00   3.1260340e-15   5.7579687e-01   5.7579687e-01
   2.7000000e+01   3.0000000e+00   3.1449445e-15   5.8254688e-01   5.8254688e-01
   2.8000000e+01   3.0000000e+00   3.5663807e-15   6.8217187e-01   6.8217187e-01
   2.9000000e+01   3.0000000e+00   3.2810487e-15   6.3121875e-01   6.3121875e-01
   3.0000000e+01   3.0000000e+00   2.9535528e-15   5.4943750e-01   5.4943750e-01
   3.1000000e+01   3.0000000e+00   2.7919598e-15   5.1935937e-01   5.1935937e-01
   3.2000000e+01   3.0000000e+00   2.8470050e-15   5.1790625e-01   5.1790625e-01
   3.3000000e+01   3.0000000e+00   2.4378278e-15   4.4285938e-01   4.4285938e-01
   3.4000000e+01   3.0000000e+00   1.2854988e-15   1.9364062e-01   1.9364062e-01
   3.5000000e+01   3.0000000e+00   1.5445791e-15   2.4631250e-01   2.4631250e-01
   1.0000000e+00   4.0000000e+00   1.5923989e-15   2.6009375e-01   2.6009375e-01
   2.0000000e+00   4.0000000e+00   2.3694711e-15   4.2834375e-01   4.2834375e-01
   3.0000000e+00   4.0000000e+00   2.6174063e-15   4.7667187e-01   4.7667187e-01
   4.0000000e+00   4.0000000e+00   2.6972435e-15   5.0387500e-01   5.0387500e-01
   5.0000000e+00   4.0000000e+00   2.7875900e-15   5.1089063e-01   5.1089063e-01
   6.0000000e+00   4.0000000e+00   2.8948657e-15   5.3929688e-01   5.3929688e-01
   7.0000000e+00   4.0000000e+00   3.0144221e-15   5.6509375e-01   5.6509375e-01
   8.0000000e+00   4.0000000e+00   3.3504583e-15   6.4460937e-01   6.4460937e-01
   9.0000000e+00   4.0000000e+00   3.2219655e-15   6.0335937e-01   6.0335937e-01
   1.0000000e+01   4.0000000e+00   3.3558131e-15   6.3153125e-01   6.3153125e-01
   1.1000000e+01   4.0000000e+00   3.6718480e-15   7.0142187e-01   7.0142187e-01
   1.2000000e+01   4.0000000e+00   3.2712538e-15   6.1242188e-01   6.1242188e-01
   1.3000000e+01   4.0000000e+00   2.9441958e-15   5.4493750e-01   5.4493750e-01
   1.4000000e+01   4.0000000e+00   2.7870389e-15   5.1807812e-01   5.1807812e-01
   1.5000000e+01   4.0000000e+00   2.6195196e-15   4.8117187e-01   4.8117187e-01
   1.6000000e+01   4.0000000e+00   2.3818202e-15   4.1590625e-01   4.1590625e-01
   1.7000000e+01   4.0000000e+00   1.4309176e-15   2.2662500e-01   2.2662500e-01
   1.8000000e+01   4.0000000e+00   1.4311733e-15   2.1978125e-01   2.1978125e-01
   1.9000000e+01   4.0000000e+00   2.2982594e-15   3.9326562e-01   3.9326562e-01
   2.0000000e+01   4.0000000e+00   2.4739196e-15   4.5223437e-01   4.5223437e-01
   2.1000000e+01   4.0000000e+00   2.5540044e-15   4.5870312e-01   4.5870312e-01
   2.2000000e+01   4.0000000e+00   2.6949543e-15   4.9848437e-01   4.9848437e-01
   2.3000000e+01   4.0000000e+00   2.7924040e-15   5.0390625e-01   5.0390625e-01
   2.4000000e+01   4.0000000e+00   3.1287417e-15   5.7173438e-01   5.7173438e-01
   2.5000000e+01   4.0000000e+00   3.4212037e-15   6.4703125e-01   6.4703125e-01
   2.6000000e+01   4.0000000e+00   2.9729437e-15   5.5378125e-01   5.5378125e-01
   2.7000000e+01   4.0000000e+00   2.9716748e-15   5.4796875e-01   5.4796875e-01
   2.8000000e+01   4.0000000e+00   3.4478833e-15   6.5329688e-01   6.5329688e-01
   2.9000000e+01   4.0000000e+00   3.4187430e-15   6.5304688e-01   6.5304688e-01
   3.0000000e+01   4.0000000e+00   2.9043771e-15   5.3982812e-01   5.3982812e-01
   3.1000000e+01   4.0000000e+00   2.7971032e-15   5.0829687e-01   5.0829687e-01
   3.2000000e+01   4.0000000e+00   2.6950532e-15   4.9801562e-01   4.9801562e-01
   3.3000000e+01   4.0000000e+00   2.3038917e-15   4.0285937e-01   4.0285937e-01
   3.4000000e+01   4.0000000e+00   1.3832359e-15   2.0517187e-01   2.0517187e-01
   3.5000000e+01   4.0000000e+00   1.3944414e-15   2.1437500e-01   2.1437500e-01
   1.0000000e+00   5.0000000e+00   1.7032363e-15   2.6728125e-01   2.6728125e-01
   2.0000000e+00   5.0000000e+00   2.7115513e-15   4.8959375e-01   4.8959375e-01
   3.0000000e+00   5.0000000e+00   2.8623320e-15   5.3073437e-01   5.3073437e-01
   4.0000000e+00   5.0000000e+00   2.9044408e-15   5.3507812e-01   5.3507812e-01
   5.0000000e+00   5.0000000e+00   2.8988040e-15   5.4103125e-01   5.4103125e-01
   6.0000000e+00   5.0000000e+00   3.0435240e-15   5.6937500e-01   5.6937500e-01
   7.0000000e+00   5.0000000e+00   3.1203381e-15   5.8770312e-01   5.8770312e-01
   8.0000000e+00   5.0000000e+00   3.2279177e-15   6.0032812e-01   6.0032812e-01
   9.0000000e+00   5.0000000e+00   3.1390531e-15   5.9367187e-01   5.9367187e-01
   1.0000000e+01   5.0000000e+00   3.3045633e-15   6.3371875e-01   6.3371875e-01
   1.1000000e+01   5.0000000e+00   3.5250748e-15   6.7889062e-01   6.7889062e-01
   1.2000000e+01   5.0000000e+00   3.2437753e-15   6.1481250e-01   6.1481250e-01
   1.3000000e+01   5.0000000e+00   3.1873999e-15   5.8400000e-01   5.8400000e-01
   1.4000000e+01   5.0000000e+00   3.0735852e-15   5.7590625e-01   5.7590625e-01
   1.5000000e+01   5.0000000e+00   2.8245437e-15   5.2679687e-01   5.2679687e-01
   1.6000000e+01   5.0000000e+00   2.5497704e-15   4.6148437e-01   4.6148437e-01
   1.7000000e+01   5.0000000e+00   1.5490009e-15   2.4212500e-01   2.4212500e-01
   1.8000000e+01   5.0000000e+00   1.4376110e-15   2.2223437e-01   2.2223437e-01
   1.9000000e+01   5.0000000e+00   2.3437003e-15   4.1951562e-01   4.1951562e-01
   2.0000000e+01   5.0000000e+00   2.6661068e-15   4.7932812e-01   4.7932812e-01
   2.1000000e+01   5.0000000e+00   2.7722472e-15   5.0820312e-01   5.0820312e-01
   2.2000000e+01   5.0000000e+00   2.8456468e-15   5.1521875e-01   5.1521875e-01
   2.3000000e+01   5.0000000e+00   2.8581649e-15   5.3154687e-01   5.3154687e-01
   2.4000000e+01   5.0000000e+00   3.1315477e-15   5.8039062e-01   5.8039062e-01
   2.5000000e+01   5.0000000e+00   3.3141424e-15   6.1642188e-01   6.1642188e-01
   2.6000000e+01   5.0000000e+00   3.1410835e-15   5.8053125e-01   5.8053125e-01
   2.7000000e+01   5.0000000e+00   3.0973987e-15   5.8260937e-01   5.8260937e-01
   2.8000000e+01   5.0000000e+00   3.5282069e-15   6.6945312e-01   6.6945312e-01
   2.9000000e+01   5.0000000e+00   3.4468881e-15   6.6537500e-01   6.6537500e-01
   3.0000000e+01   5.0000000e+00   3.0243636e-15   5.5960937e-01   5.5960937e-01
   3.1000000e+01   5.0000000e+00   2.7995670e-15   5.2187500e-01   5.2187500e-01
   3.2000000e+01   5.0000000e+00   2.7766511e-15   5.1907812e-01   5.1907812e-01
   3.3000000e+01   5.0000000e+00   2.3995506e-15   4.3295312e-01   4.3295312e-01
   3.4000000e+01   5.0000000e+00   1.3784773e-15   2.0415625e-01   2.0415625e-01
   3.5000000e+01   5.0000000e+00   1.4264248e-15   2.1426562e-01   2.1426562e-01
   1.0000000e+00   6.0000000e+00   1.6774565e-15   2.6962500e-01   2.6962500e-01
   2.0000000e+00   6.0000000e+00   2.7822713e-15   5.0456250e-01   5.0456250e-01
   3.0000000e+00   6.0000000e+00   3.1065866e-15   5.7535938e-01   5.7535938e-01
   4.0000000e+00   6.0000000e+00   3.1405106e-15   5.8859375e-01   5.8859375e-01
   5.0000000e+00   6.0000000e+00   3.1629137e-15   6.0242188e-01   6.0242188e-01
   6.0000000e+00   6.0000000e+00   3.1562328e-15   5.7300000e-01   5.7300000e-01
   7.0000000e+00   6.0000000e+00   3.1797096e-15   5.8764062e-01   5.8764062e-01
   8.0000000e+00   6.0000000e+00   3.1292887e-15   5.9535938e-01   5.9535938e-01
   9.0000000e+00   6.0000000e+00   2.9377967e-15   5.5332812e-01   5.5332812e-01
   1.0000000e+01   6.0000000e+00   2.9554743e-15   5.5392188e-01   5.5392188e-01
   1.1000000e+01   6.0000000e+00   3.2461778e-15   6.0539062e-01   6.0539062e-01
   1.2000000e+01   6.0000000e+00   3.3846497e-15   6.3634375e-01   6.3634375e-01
   1.3000000e+01   6.0000000e+00   3.3313793e-15   6.3004688e-01   6.3004688e-01
   1.4000000e+01   6.0000000e+00   3.2015870e-15   5.9846875e-01   5.9846875e-01
   1.5000000e+01   6.0000000e+00   3.0673745e-15   5.7056250e-01   5.7056250e-01
   1.6000000e+01   6.0000000e+00   2.8865738e-15   5.2792187e-01   5.2792187e-01
   1.7000000e+01   6.0000000e+00   1.5926686e-15   2.6814062e-01   2.6814062e-01
   1.8000000e+01   6.0000000e+00   1.4753620e-15   2.2835937e-01   2.2835937e-01
   1.9000000e+01   6.0000000e+00   2.5730610e-15   4.4953125e-01   4.4953125e-01
   2.0000000e+01   6.0000000e+00   3.0161369e-15   5.5115625e-01   5.5115625e-01
   2.1000000e+01   6.0000000e+00   2.9649638e-15   5.5360937e-01   5.5360937e-01
   2.2000000e+01   6.0000000e+00   3.0290895e-15   5.6804687e-01   5.6804687e-01
   2.3000000e+01   6.0000000e+00   3.0433893e-15   5.7587500e-01   5.7587500e-01
   2.4000000e+01   6.0000000e+00   3.1735884e-15   5.9993750e-01   5.9993750e-01
   2.5000000e+01   6.0000000e+00   3.1755270e-15   6.0704687e-01   6.0704687e-01
   2.6000000e+01   6.0000000e+00   3.0552895e-15   5.7125000e-01   5.7125000e-01
   2.7000000e+01   6.0000000e+00   3.1967877e-15   5.9640625e-01   5.9640625e-01
   2.8000000e+01   6.0000000e+00   3.5710756e-15   6.8806250e-01   6.8806250e-01
   2.9000000e+01   6.0000000e+00   3.4328419e-15   6.6012500e-01   6.6012500e-01
   3.0000000e+01   6.0000000e+00   3.1903327e-15   6.0315625e-01   6.0315625e-01
   3.1000000e+01   6.0000000e+00   3.0619095e-15   5.7834375e-01   5.7834375e-01
   3.2000000e+01   6.0000000e+00   3.0605665e-15   5.7060937e-01   5.7060937e-01
   3.3000000e+01   6.0000000e+00   2.6205783e-15   4.8046875e-01   4.8046875e-01
   3.4000000e+01   6.0000000e+00   1.4940937e-15   2.3600000e-01   2.3600000e-01
   3.5000000e+01   6.0000000e+00   1.5069438e-15   2.4168750e-01   2.4168750e-01
   1.0000000e+00   7.0000000e+00   1.7342732e-15   2.8615625e-01   2.8615625e-01
   2.0000000e+00   7.0000000e+00   2.9750488e-15   5.5101563e-01   5.5101563e-01
   3.0000000e+00   7.0000000e+00   3.3583353e-15   6.2903125e-01   6.2903125e-01
   4.0000000e+00   7.0000000e+00   3.3146601e-15   6.1576562e-01   6.1576562e-01
   5.0000000e+00   7.0000000e+00   3.2080814e-15   6.1601562e-01   6.1601562e-01
   6.0000000e+00   7.0000000e+00   3.2954919e-15   6.3201562e-01   6.3201562e-01
   7.0000000e+00   7.0000000e+00   3.1240235e-15   5.9710937e-01   5.9710937e-01
   8.0000000e+00   7.0000000e+00   2.9070107e-15   5.3640625e-01   5.3640625e-01
   9.0000000e+00   7.0000000e+00   2.7183503e-15   5.0454687e-01   5.0454687e-01
   1.0000000e+01   7.0000000e+00   2.8108850e-15   5.2657813e-01   5.2657813e-01
   1.1000000e+01   7.0000000e+00   3.0277596e-15   5.7320313e-01   5.7320313e-01
   1.2000000e+01   7.0000000e+00   3.1409042e-15   5.8937500e-01   5.8937500e-01
   1.3000000e+01   7.0000000e+00   3.3363928e-15   6.2246875e-01   6.2246875e-01
   1.4000000e+01   7.0000000e+00   3.3882341e-15   6.4304688e-01   6.4304688e-01
   1.5000000e+01   7.0000000e+00   3.2312188e-15   6.1218750e-01   6.1218750e-01
   1.6000000e+01   7.0000000e+00   2.9513635e-15   5.3495312e-01   5.3495312e-01
   1.7000000e+01   7.0000000e+00   1.6711882e-15   2.7517187e-01   2.7517187e-01
   1.8000000e+01   7.0000000e+00   1.5278646e-15   2.4081250e-01   2.4081250e-01
   1.9000000e+01   7.0000000e+00   2.6564235e-15   4.7796875e-01   4.7796875e-01
   2.0000000e+01   7.0000000e+00   3.0861366e-15   5.6789062e-01   5.6789062e-01
   2.1000000e+01   7.0000000e+00   3.1252838e-15   5.7895312e-01   5.7895312e-01
   2.2000000e+01   7.0000000e+00   3.1265973e-15   5.8562500e-01   5.8562500e-01
   2.3000000e+01   7.0000000e+00   3.1290601e-15   5.8200000e-01   5.8200000e-01
   2.4000000e+01   7.0000000e+00   3.0972698e-15   5.7482813e-01   5.7482813e-01
   2.5000000e+01   7.0000000e+00   3.0829964e-15   5.6754688e-01   5.6754688e-01
   2.6000000e+01   7.0000000e+00   2.9505337e-15   5.4156250e-01   5.4156250e-01
   2.7000000e+01   7.0000000e+00   2.9661202e-15   5.4479687e-01   5.4479687e-01
   2.8000000e+01   7.0000000e+00   3.2451782e-15   5.9839062e-01   5.9839062e-01
   2.9000000e+01   7.0000000e+00   3.1850425e-15   6.0135937e-01   6.0135937e-01
   3.0000000e+01   7.0000000e+00   3.1665849e-15   5.9464063e-01   5.9464063e-01
   3.1000000e+01   7.0000000e+00   3.1851951e-15   5.9826563e-01   5.9826563e-01
   3.2000000e+01   7.0000000e+00   3.2376249e-15   6.0479687e-01   6.0479687e-01
   3.3000000e+01   7.0000000e+00   2.8321860e-15   5.1746875e-01   5.1746875e-01
   3.4000000e+01   7.0000000e+00   1.5337430e-15   2.4373437e-01   2.4373437e-01
   3.5000000e+01   7.0000000e+00   1.5628922e-15   2.3950000e-01   2.3950000e-01
   1.0000000e+00   8.0000000e+00   1.4377650e-15   2.1776562e-01   2.1776562e-01
   2.0000000e+00   8.0000000e+00   2.7215688e-15   4.9270313e-01   4.9270313e-01
   3.0000000e+00   8.0000000e+00   3.3535764e-15   6.2782812e-01   6.2782812e-01
   4.0000000e+00   8.0000000e+00   3.4847679e-15   6.5415625e-01   6.5415625e-01
   5.0000000e+00   8.0000000e+00   3.4250567e-15   6.3715625e-01   6.3715625e-01
   6.0000000e+00   8.0000000e+00   3.3403657e-15   6.2132813e-01   6.2132813e-01
   7.0000000e+00   8.0000000e+00   3.1099563e-15   5.7950000e-01   5.7950000e-01
   8.0000000e+00   8.0000000e+00   2.8994309e-15   5.2962500e-01   5.2962500e-01
   9.0000000e+00   8.0000000e+00   2.6962033e-15   4.8418750e-01   4.8418750e-01
   1.0000000e+01   8.0000000e+00   2.6664606e-15   4.7903125e-01   4.7903125e-01
   1.1000000e+01   8.0000000e+00   2.9226818e-15   5.3171875e-01   5.3171875e-01
   1.2000000e+01   8.0000000e+00   3.1727839e-15   5.8862500e-01   5.8862500e-01
   1.3000000e+01   8.0000000e+00   3.2498222e-15   6.1729687e-01   6.1729687e-01
   1.4000000e+01   8.0000000e+00   3.3430527e-15   6.2665625e-01   6.2665625e-01
   1.5000000e+01   8.0000000e+00   3.4268682e-15   6.3765625e-01   6.3765625e-01
   1.6000000e+01   8.0000000e+00   2.9729414e-15   5.4406250e-01   5.4406250e-01
   1.7000000e+01   8.0000000e+00   1.6668047e-15   2.6845312e-01   2.6845312e-01
   1.8000000e+01   8.0000000e+00   1.4550441e-15   2.1675000e-01   2.1675000e-01
   1.9000000e+01   8.0000000e+00   2.6203832e-15   4.7300000e-01   4.7300000e-01
   2.0000000e+01   8.0000000e+00   3.2247502e-15   5.9893750e-01   5.9893750e-01
   2.1000000e+01   8.0000000e+00   3.3589283e-15   6.2634375e-01   6.2634375e-01
   2.2000000e+01   8.0000000e+00   3.3588968e-15   6.3035938e-01   6.3035938e-01
   2.3000000e+01   8.0000000e+00   3.2304445e-15   6.1209375e-01   6.1209375e-01
   2.4000000e+01   8.0000000e+00   3.1010558e-15   5.7867187e-01   5.7867187e-01
   2.5000000e+01   8.0000000e+00   3.0805798e-15   5.7845313e-01   5.7845313e-01
   2.6000000e+01   8.0000000e+00   2.7158006e-15   5.0475000e-01   5.0475000e-01
   2.7000000e+01   8.0000000e+00   2.7693846e-15   5.2251563e-01   5.2251563e-01
   2.8000000e+01   8.0000000e+00   2.9376879e-15   5.4459375e-01   5.4459375e-01
   2.9000000e+01   8.0000000e+00   3.2914255e-15   6.2240625e-01   6.2240625e-01
   3.0000000e+01   8.0000000e+00   3.2832074e-15   6.2564062e-01   6.2564062e-01
   3.1000000e+01   8.0000000e+00   3.4209251e-15   6.3715625e-01   6.3715625e-01
   3.2000000e+01   8.0000000e+00   3.4651868e-15   6.5943750e-01   6.5943750e-01
   3.3000000e+01   8.0000000e+00   2.9866238e-15   5.4398437e-01   5.4398437e-01
   3.4000000e+01   8.0000000e+00   1.6612067e-15   2.7418750e-01   2.7418750e-01
   3.5000000e+01   8.0000000e+00   1.5356967e-15   2.3917187e-01   2.3917187e-01
   1.0000000e+00   9.0000000e+00   1.1046775e-15   1.5103125e-01   1.5103125e-01
   2.0000000e+00   9.0000000e+00   2.0565182e-15   3.5493750e-01   3.5493750e-01
   3.0000000e+00   9.0000000e+00   2.9722781e-15   5.4585938e-01   5.4585938e-01
   4.0000000e+00   9.0000000e+00   3.6458410e-15   6.9070312e-01   6.9070312e-01
   5.0000000e+00   9.0000000e+00   3.6129976e-15   6.8973438e-01   6.8973438e-01
   6.0000000e+00   9.0000000e+00   3.3725589e-15   6.3837500e-01   6.3837500e-01
   7.0000000e+00   9.0000000e+00   3.3538157e-15   6.3156250e-01   6.3156250e-01
   8.0000000e+00   9.0000000e+00   2.9230288e-15   5.4604688e-01   5.4604688e-01
   9.0000000e+00   9.0000000e+00   2.6644233e-15   4.8668750e-01   4.8668750e-01
   1.0000000e+01   9.0000000e+00   2.6762586e-15   4.9520312e-01   4.9520312e-01
   1.1000000e+01   9.0000000e+00   2.8189158e-15   5.1250000e-01   5.1250000e-01
   1.2000000e+01   9.0000000e+00   3.1946210e-15   5.9692188e-01   5.9692188e-01
   1.3000000e+01   9.0000000e+00   3.4637637e-15   6.5495313e-01   6.5495313e-01
   1.4000000e+01   9.0000000e+00   3.5287865e-15   6.8300000e-01   6.8300000e-01
   1.5000000e+01   9.0000000e+00   3.5124423e-15   6.6459375e-01   6.6459375e-01
   1.6000000e+01   9.0000000e+00   2.6910252e-15   4.9492187e-01   4.9492187e-01
   1.7000000e+01   9.0000000e+00   1.4201867e-15   2.2214062e-01   2.2214062e-01
   1.8000000e+01   9.0000000e+00   1.2269280e-15   1.7635937e-01   1.7635937e-01
   1.9000000e+01   9.0000000e+00   2.4395330e-15   4.3450000e-01   4.3450000e-01
   2.0000000e+01   9.0000000e+00   3.3114942e-15   6.1848437e-01   6.1848437e-01
   2.1000000e+01   9.0000000e+00   3.4709515e-15   6.5321875e-01   6.5321875e-01
   2.2000000e+01   9.0000000e+00   3.5914706e-15   6.8125000e-01   6.8125000e-01
   2.3000000e+01   9.0000000e+00   3.3650277e-15   6.3893750e-01   6.3893750e-01
   2.4000000e+01   9.0000000e+00   3.1400813e-15   5.8390625e-01   5.8390625e-01
   2.5000000e+01   9.0000000e+00   2.9662606e-15   5.5101563e-01   5.5101563e-01
   2.6000000e+01   9.0000000e+00   2.8191820e-15   5.1504688e-01   5.1504688e-01
   2.7000000e+01   9.0000000e+00   2.7562092e-15   5.0284375e-01   5.0284375e-01
   2.8000000e+01   9.0000000e+00   2.8740287e-15   5.3867188e-01   5.3867188e-01
   2.9000000e+01   9.0000000e+00   3.1330658e-15   5.9568750e-01   5.9568750e-01
   3.0000000e+01   9.0000000e+00   3.4634433e-15   6.5973437e-01   6.5973437e-01
   3.1000000e+01   9.0000000e+00   3.4748631e-15   6.5540625e-01   6.5540625e-01
   3.2000000e+01   9.0000000e+00   3.5371847e-15   6.7028125e-01   6.7028125e-01
   3.3000000e+01   9.0000000e+00   2.9551734e-15   5.5484375e-01   5.5484375e-01
   3.4000000e+01   9.0000000e+00   1.5341496e-15   2.3953125e-01   2.3953125e-01
   3.5000000e+01   9.0000000e+00   1.4477308e-15   2.1578125e-01   2.1578125e-01
   1.0000000e+00   1.0000000e+01   1.0072510e-15   1.1853125e-01   1.1853125e-01
   2.0000000e+00   1.0000000e+01   1.3190795e-15   1.8800000e-01   1.8800000e-01
   3.0000000e+00   1.0000000e+01   2.1954940e-15   3.7034375e-01   3.7034375e-01
   4.0000000e+00   1.0000000e+01   3.4193749e-15   6.4446875e-01   6.4446875e-01
   5.0000000e+00   1.0000000e+01   3.4810851e-15   6.5800000e-01   6.5800000e-01
   6.0000000e+00   1.0000000e+01   3.3607244e-15   6.3714063e-01   6.3714063e-01
   7.0000000e+00   1.0000000e+01   3.2382257e-15   6.1059375e-01   6.1059375e-01
   8.0000000e+00   1.0000000e+01   2.9267726e-15   5.4246875e-01   5.4246875e-01
   9.0000000e+00   1.0000000e+01   2.5917910e-15   4.6598438e-01   4.6598438e-01
   1.0000000e+01   1.0000000e+01   2.5929974e-15   4.8309375e-01   4.8309375e-01
   1.1000000e+01   1.0000000e+01   2.7862811e-15   5.1617187e-01   5.1617187e-01
   1.2000000e+01   1.0000000e+01   3.0600640e-15   5.6998437e-01   5.6998437e-01
   1.3000000e+01   1.0000000e+01   3.4210515e-15   6.4996875e-01   6.4996875e-01
   1.4000000e+01   1.0000000e+01   3.3396400e-15   6.3910937e-01   6.3910937e-01
   1.5000000e+01   1.0000000e+01   2.9811559e-15   5.4064062e-01   5.4064062e-01
   1.6000000e+01   1.0000000e+01   1.9445458e-15   3.4456250e-01   3.4456250e-01
   1.7000000e+01   1.0000000e+01   1.1399793e-15   1.5950000e-01   1.5950000e-01
   1.8000000e+01   1.0000000e+01   1.0025350e-15   1.2570312e-01   1.2570312e-01
   1.9000000e+01   1.0000000e+01   1.7128255e-15   2.7298437e-01   2.7298437e-01
   2.0000000e+01   1.0000000e+01   2.7824081e-15   5.0623438e-01   5.0623438e-01
   2.1000000e+01   1.0000000e+01   3.5201285e-15   6.7085938e-01   6.7085938e-01
   2.2000000e+01   1.0000000e+01   3.5762243e-15   6.8109375e-01   6.8109375e-01
   2.3000000e+01   1.0000000e+01   3.3692727e-15   6.3323438e-01   6.3323438e-01
   2.4000000e+01   1.0000000e+01   3.2460355e-15   6.0640625e-01   6.0640625e-01
   2.5000000e+01   1.0000000e+01   3.0620565e-15   5.7318750e-01   5.7318750e-01
   2.6000000e+01   1.0000000e+01   2.6641917e-15   4.8742188e-01   4.8742188e-01
   2.7000000e+01   1.0000000e+01   2.6669737e-15   4.7962500e-01   4.7962500e-01
   2.8000000e+01   1.0000000e+01   2.9148717e-15   5.3795313e-01   5.3795313e-01
   2.9000000e+01   1.0000000e+01   3.1188768e-15   5.8737500e-01   5.8737500e-01
   3.0000000e+01   1.0000000e+01   3.2789357e-15   6.1543750e-01   6.1543750e-01
   3.1000000e+01   1.0000000e+01   3.5532915e-15   6.6306250e-01   6.6306250e-01
   3.2000000e+01   1.0000000e+01   3.4236485e-15   6.4942188e-01   6.4942188e-01
   3.3000000e+01   1.0000000e+01   2.5478982e-15   4.5196875e-01   4.5196875e-01
   3.4000000e+01   1.0000000e+01   1.2291408e-15   1.9364062e-01   1.9364062e-01
   3.5000000e+01   1.0000000e+01   1.0854994e-15   1.5721875e-01   1.5721875e-01
   1.0000000e+00   1.1000000e+01   1.0111809e-15   1.3450000e-01   1.3450000e-01
   2.0000000e+00   1.1000000e+01   9.6655284e-16   1.1896875e-01   1.1896875e-01
   3.0000000e+00   1.1000000e+01   1.2908760e-15   1.8918750e-01   1.8918750e-01
   4.0000000e+00   1.1000000e+01   2.4240954e-15   4.2537500e-01   4.2537500e-01
   5.0000000e+00   1.1000000e+01   3.0796706e-15   5.7579687e-01   5.7579687e-01
   6.0000000e+00   1.1000000e+01   3.0482350e-15   5.7453125e-01   5.7453125e-01
   7.0000000e+00   1.1000000e+01   2.7955263e-15   5.2115625e-01   5.2115625e-01
   8.0000000e+00   1.1000000e+01   2.5224195e-15   4.6000000e-01   4.6000000e-01
   9.0000000e+00   1.1000000e+01   2.3714303e-15   4.1570312e-01   4.1570312e-01
   1.0000000e+01   1.1000000e+01   2.2880930e-15   4.0690625e-01   4.0690625e-01
   1.1000000e+01   1.1000000e+01   2.4922281e-15   4.4964062e-01   4.4964062e-01
   1.2000000e+01   1.1000000e+01   2.8477643e-15   5.2785938e-01   5.2785938e-01
   1.3000000e+01   1.1000000e+01   2.9689212e-15   5.4407812e-01   5.4407812e-01
   1.4000000e+01   1.1000000e+01   2.8959963e-15   5.2881250e-01   5.2881250e-01
   1.5000000e+01   1.1000000e+01   2.0651552e-15   3.5515625e-01   3.5515625e-01
   1.6000000e+01   1.1000000e+01   1.2489476e-15   1.6956250e-01   1.6956250e-01
   1.7000000e+01   1.1000000e+01   9.1955648e-16   1.0590625e-01   1.0590625e-01
   1.8000000e+01   1.1000000e+01   9.1960313e-16   1.0693750e-01   1.0693750e-01
   1.9000000e+01   1.1000000e+01   1.0783168e-15   1.4581250e-01   1.4581250e-01
   2.0000000e+01   1.1000000e+01   1.8616598e-15   3.1543750e-01   3.1543750e-01
   2.1000000e+01   1.1000000e+01   2.8962295e-15   5.3915625e-01   5.3915625e-01
   2.2000000e+01   1.1000000e+01   3.4528558e-15   6.5982812e-01   6.5982812e-01
   2.3000000e+01   1.1000000e+01   3.3704588e-15   6.4325000e-01   6.4325000e-01
   2.4000000e+01   1.1000000e+01   3.2018181e-15   6.0726562e-01   6.0726562e-01
   2.5000000e+01   1.1000000e+01   2.9697527e-15   5.5717187e-01   5.5717187e-01
   2.6000000e+01   1.1000000e+01   2.6448213e-15   4.8389063e-01   4.8389063e-01
   2.7000000e+01   1.1000000e+01   2.5176591e-15   4.5703125e-01   4.5703125e-01
   2.8000000e+01   1.1000000e+01   2.7656083e-15   5.0646875e-01   5.0646875e-01
   2.9000000e+01   1.1000000e+01   2.9972838e-15   5.5635937e-01   5.5635937e-01
   3.0000000e+01   1.1000000e+01   3.2211622e-15   6.1115625e-01   6.1115625e-01
   3.1000000e+01   1.1000000e+01   3.2757166e-15   6.1531250e-01   6.1531250e-01
   3.2000000e+01   1.1000000e+01   2.6730726e-15   4.8257812e-01   4.8257812e-01
   3.3000000e+01   1.1000000e+01   1.5877799e-15   2.5864062e-01   2.5864062e-01
   3.4000000e+01   1.1000000e+01   9.8188240e-16   1.1940625e-01   1.1940625e-01
   3.5000000e+01   1.1000000e+01   8.6658858e-16   1.1073437e-01   1.1073437e-01
   1.0000000e+00   1.2000000e+01   1.4827694e-15   2.2810937e-01   2.2810937e-01
   2.0000000e+00   1.2000000e+01   1.0675191e-15   1.5065625e-01   1.5065625e-01
   3.0000000e+00   1.2000000e+01   9.6742421e-16   1.1959375e-01   1.1959375e-01
   4.0000000e+00   1.2000000e+01   1.4838337e-15   2.3129687e-01   2.3129687e-01
   5.0000000e+00   1.2000000e+01   1.9850321e-15   3.4884375e-01   3.4884375e-01
   6.0000000e+00   1.2000000e+01   2.2088255e-15   3.8682812e-01   3.8682812e-01
   7.0000000e+00   1.2000000e+01   2.1151522e-15   3.6831250e-01   3.6831250e-01
   8.0000000e+00   1.2000000e+01   1.9746900e-15   3.4668750e-01   3.4668750e-01
   9.0000000e+00   1.2000000e+01   1.9074801e-15   3.3140625e-01   3.3140625e-01
   1.0000000e+01   1.2000000e+01   1.9630242e-15   3.2612500e-01   3.2612500e-01
   1.1000000e+01   1.2000000e+01   2.0064496e-15   3.4090625e-01   3.4090625e-01
   1.2000000e+01   1.2000000e+01   2.1521135e-15   3.7143750e-01   3.7143750e-01
   1.3000000e+01   1.2000000e+01   2.2440239e-15   4.0270313e-01   4.0270313e-01
   1.4000000e+01   1.2000000e+01   2.1443178e-15   3.7621875e-01   3.7621875e-01
   1.5000000e+01   1.2000000e+01   1.4527614e-15   2.3603125e-01   2.3603125e-01
   1.6000000e+01   1.2000000e+01   9.5430235e-16   1.2392187e-01   1.2392187e-01
   1.7000000e+01   1.2000000e+01   8.7691511e-16   1.0437500e-01   1.0437500e-01
   1.8000000e+01   1.2000000e+01   1.0490235e-15   1.2654687e-01   1.2654687e-01
   1.9000000e+01   1.2000000e+01   9.7250690e-16   1.2150000e-01   1.2150000e-01
   2.0000000e+01   1.2000000e+01   1.2911865e-15   1.8257812e-01   1.8257812e-01
   2.1000000e+01   1.2000000e+01   2.1198872e-15   3.7146875e-01   3.7146875e-01
   2.2000000e+01   1.2000000e+01   2.9381153e-15   5.4625000e-01   5.4625000e-01
   2.3000000e+01   1.2000000e+01   3.0507423e-15   5.6945313e-01   5.6945313e-01
   2.4000000e+01   1.2000000e+01   2.8768184e-15   5.2312500e-01   5.2312500e-01
   2.5000000e+01   1.2000000e+01   2.6504964e-15   4.7428125e-01   4.7428125e-01
   2.6000000e+01   1.2000000e+01   2.3640855e-15   4.1957812e-01   4.1957812e-01
   2.7000000e+01   1.2000000e+01   2.2200030e-15   3.9451562e-01   3.9451562e-01
   2.8000000e+01   1.2000000e+01   2.3843445e-15   4.3878125e-01   4.3878125e-01
   2.9000000e+01   1.2000000e+01   2.6592576e-15   4.9440625e-01   4.9440625e-01
   3.0000000e+01   1.2000000e+01   2.8967529e-15   5.3584375e-01   5.3584375e-01
   3.1000000e+01   1.2000000e+01   2.8074963e-15   5.1846875e-01   5.1846875e-01
   3.2000000e+01   1.2000000e+01   2.0290778e-15   3.4915625e-01   3.4915625e-01
   3.3000000e+01   1.2000000e+01   1.1741464e-15   1.6910937e-01   1.6910937e-01
   3.4000000e+01   1.2000000e+01   8.4073273e-16   1.0260937e-01   1.0260937e-01
   3.5000000e+01   1.2000000e+01   8.8807637e-16   1.1050000e-01   1.1050000e-01
   1.0000000e+00   1.3000000e+01   1.7579013e-15   2.8681250e-01   2.8681250e-01
   2.0000000e+00   1.3000000e+01   1.3457973e-15   2.0678125e-01   2.0678125e-01
   3.0000000e+00   1.3000000e+01   8.9125283e-16   1.0842187e-01   1.0842187e-01
   4.0000000e+00   1.3000000e+01   1.1051105e-15   1.5045312e-01   1.5045312e-01
   5.0000000e+00   1.3000000e+01   1.4786645e-15   2.2557812e-01   2.2557812e-01
   6.0000000e+00   1.3000000e+01   1.6234616e-15   2.4945312e-01   2.4945312e-01
   7.0000000e+00   1.3000000e+01   1.5090423e-15   2.3281250e-01   2.3281250e-01
   8.0000000e+00   1.3000000e+01   1.4238366e-15   2.2248437e-01   2.2248437e-01
   9.0000000e+00   1.3000000e+01   1.3272894e-15   2.0151562e-01   2.0151562e-01
   1.0000000e+01   1.3000000e+01   1.2536890e-15   1.8610937e-01   1.8610937e-01
   1.1000000e+01   1.3000000e+01   1.2391526e-15   1.9125000e-01   1.9125000e-01
   1.2000000e+01   1.3000000e+01   1.3524128e-15   2.0915625e-01   2.0915625e-01
   1.3000000e+01   1.3000000e+01   1.3650079e-15   2.2234375e-01   2.2234375e-01
   1.4000000e+01   1.3000000e+01   1.3098574e-15   1.9471875e-01   1.9471875e-01
   1.5000000e+01   1.3000000e+01   1.0285311e-15   1.2742187e-01   1.2742187e-01
   1.6000000e+01   1.3000000e+01   8.8103029e-16   1.0806250e-01   1.0806250e-01
   1.7000000e+01   1.3000000e+01   9.3585571e-16   1.0668750e-01   1.0668750e-01
   1.8000000e+01   1.3000000e+01   1.4102300e-15   2.1437500e-01   2.1437500e-01
   1.9000000e+01   1.3000000e+01   1.2661987e-15   1.7423437e-01   1.7423437e-01
   2.0000000e+01   1.3000000e+01   9.4645328e-16   1.0945312e-01   1.0945312e-01
   2.1000000e+01   1.3000000e+01   1.2208214e-15   1.7067187e-01   1.7067187e-01
   2.2000000e+01   1.3000000e+01   1.7744044e-15   2.8795312e-01   2.8795312e-01
   2.3000000e+01   1.3000000e+01   1.9969139e-15   3.4114062e-01   3.4114062e-01
   2.4000000e+01   1.3000000e+01   1.9590307e-15   3.3871875e-01   3.3871875e-01
   2.5000000e+01   1.3000000e+01   1.7214327e-15   3.0593750e-01   3.0593750e-01
   2.6000000e+01   1.3000000e+01   1.6153709e-15   2.6965625e-01   2.6965625e-01
   2.7000000e+01   1.3000000e+01   1.6828984e-15   2.8198437e-01   2.8198437e-01
   2.8000000e+01   1.3000000e+01   1.7503791e-15   2.8998437e-01   2.8998437e-01
   2.9000000e+01   1.3000000e+01   1.8017769e-15   2.9845312e-01   2.9845312e-01
   3.0000000e+01   1.3000000e+01   2.0208461e-15   3.4160937e-01   3.4160937e-01
   3.1000000e+01   1.3000000e+01   1.9435892e-15   3.2567188e-01   3.2567188e-01
   3.2000000e+01   1.3000000e+01   1.2733735e-15   1.8485937e-01   1.8485937e-01
   3.3000000e+01   1.3000000e+01   9.2262802e-16   1.0978125e-01   1.0978125e-01
   3.4000000e+01   1.3000000e+01   9.1113073e-16   1.0403125e-01   1.0403125e-01
   3.5000000e+01   1.3000000e+01   1.1334578e-15   1.5804687e-01   1.5804687e-01
   1.0000000e+00   1.4000000e+01   1.1432566e-15   1.5609375e-01   1.5609375e-01
   2.0000000e+00   1.4000000e+01   1.0513407e-15   1.4398437e-01   1.4398437e-01
   3.0000000e+00   1.4000000e+01   1.0802852e-15   1.4840625e-01   1.4840625e-01
   4.0000000e+00   1.4000000e+01   1.8887698e-15   3.0829687e-01   3.0829687e-01
   5.0000000e+00   1.4000000e+01   2.5383849e-15   4.5617188e-01   4.5617188e-01
   6.0000000e+00   1.4000000e+01   2.5374507e-15   4.5629687e-01   4.5629687e-01
   7.0000000e+00   1.4000000e+01   2.2818756e-15   4.1057812e-01   4.1057812e-01
   8.0000000e+00   1.4000000e+01   2.0973772e-15   3.5759375e-01   3.5759375e-01
   9.0000000e+00   1.4000000e+01   1.9324546e-15   3.2409375e-01   3.2409375e-01
   1.0000000e+01   1.4000000e+01   1.7757710e-15   2.9460937e-01   2.9460937e-01
   1.1000000e+01   1.4000000e+01   1.7853493e-15   2.9270312e-01   2.9270312e-01
   1.2000000e+01   1.4000000e+01   1.8210124e-15   2.9632813e-01   2.9632813e-01
   1.3000000e+01   1.4000000e+01   1.9218526e-15   3.2082812e-01   3.2082812e-01
   1.4000000e+01   1.4000000e+01   1.8163775e-15   2.8856250e-01   2.8856250e-01
   1.5000000e+01   1.4000000e+01   1.3671709e-15   2.0070312e-01   2.0070312e-01
   1.6000000e+01   1.4000000e+01   9.6345942e-16   1.2165625e-01   1.2165625e-01
   1.7000000e+01   1.4000000e+01   9.4853399e-16   1.1207812e-01   1.1207812e-01
   1.8000000e+01   1.4000000e+01   1.5998815e-15   2.4696875e-01   2.4696875e-01
   1.9000000e+01   1.4000000e+01   1.4670517e-15   2.2956250e-01   2.2956250e-01
   2.0000000e+01   1.4000000e+01   9.2854489e-16   1.2425000e-01   1.2425000e-01
   2.1000000e+01   1.4000000e+01   1.1376843e-15   1.5104687e-01   1.5104687e-01
   2.2000000e+01   1.4000000e+01   1.5905017e-15   2.4829687e-01   2.4829687e-01
   2.3000000e+01   1.4000000e+01   1.6754023e-15   2.8270312e-01   2.8270312e-01
   2.4000000e+01   1.4000000e+01   1.4729744e-15   2.4214062e-01   2.4214062e-01
   2.5000000e+01   1.4000000e+01   1.4783262e-15   2.2935937e-01   2.2935937e-01
   2.6000000e+01   1.4000000e+01   1.3899861e-15   2.1657812e-01   2.1657812e-01
   2.7000000e+01   1.4000000e+01   1.2825565e-15   1.9407812e-01   1.9407812e-01
   2.8000000e+01   1.4000000e+01   1.3469569e-15   2.0765625e-01   2.0765625e-01
   2.9000000e+01   1.4000000e+01   1.3914005e-15   2.1579687e-01   2.1579687e-01
   3.0000000e+01   1.4000000e+01   1.4910796e-15   2.2790625e-01   2.2790625e-01
   3.1000000e+01   1.4000000e+01   1.3729406e-15   2.1481250e-01   2.1481250e-01
   3.2000000e+01   1.4000000e+01   1.0649808e-15   1.3787500e-01   1.3787500e-01
   3.3000000e+01   1.4000000e+01   8.8428413e-16   1.1062500e-01   1.1062500e-01
   3.4000000e+01   1.4000000e+01   9.6692641e-16   1.1740625e-01   1.1740625e-01
   3.5000000e+01   1.4000000e+01   1.5054382e-15   2.4775000e-01   2.4775000e-01
   1.0000000e+00   1.5000000e+01   9.2255230e-16   1.0543750e-01   1.0543750e-01
   2.0000000e+00   1.5000000e+01   1.1645767e-15   1.6884375e-01   1.6884375e-01
   3.0000000e+00   1.5000000e+01   1.8715164e-15   3.0817187e-01   3.0817187e-01
   4.0000000e+00   1.5000000e+01   2.9993522e-15   5.5371875e-01   5.5371875e-01
   5.0000000e+00   1.5000000e+01   3.5966285e-15   6.8096875e-01   6.8096875e-01
   6.0000000e+00   1.5000000e+01   3.6395130e-15   6.9118750e-01   6.9118750e-01
   7.0000000e+00   1.5000000e+01   3.3061413e-15   6.2779688e-01   6.2779688e-01
   8.0000000e+00   1.5000000e+01   2.9274688e-15   5.3910938e-01   5.3910938e-01
   9.0000000e+00   1.5000000e+01   2.6522444e-15   4.8348437e-01   4.8348437e-01
   1.0000000e+01   1.5000000e+01   2.4236809e-15   4.4317187e-01   4.4317187e-01
   1.1000000e+01   1.5000000e+01   2.5224152e-15   4.5126563e-01   4.5126563e-01
   1.2000000e+01   1.5000000e+01   2.8618356e-15   5.3400000e-01   5.3400000e-01
   1.3000000e+01   1.5000000e+01   3.0181069e-15   5.6100000e-01   5.6100000e-01
   1.4000000e+01   1.5000000e+01   2.9301177e-15   5.5148438e-01   5.5148438e-01
   1.5000000e+01   1.5000000e+01   2.3851138e-15   4.3098437e-01   4.3098437e-01
   1.6000000e+01   1.5000000e+01   1.4573216e-15   2.1345312e-01   2.1345312e-01
   1.7000000e+01   1.5000000e+01   1.0167360e-15   1.3412500e-01   1.3412500e-01
   1.8000000e+01   1.5000000e+01   9.7099782e-16   1.3259375e-01   1.3259375e-01
   1.9000000e+01   1.5000000e+01   1.0653198e-15   1.3276562e-01   1.3276562e-01
   2.0000000e+01   1.5000000e+01   1.2382563e-15   1.7842187e-01   1.7842187e-01
   2.1000000e+01   1.5000000e+01   1.9982084e-15   3.4006250e-01   3.4006250e-01
   2.2000000e+01   1.5000000e+01   2.8556809e-15   5.2545312e-01   5.2545312e-01
   2.3000000e+01   1.5000000e+01   3.0725367e-15   5.7160937e-01   5.7160937e-01
   2.4000000e+01   1.5000000e+01   2.7741776e-15   4.9973437e-01   4.9973437e-01
   2.5000000e+01   1.5000000e+01   2.4594642e-15   4.4009375e-01   4.4009375e-01
   2.6000000e+01   1.5000000e+01   2.2770188e-15   4.0560937e-01   4.0560937e-01
   2.7000000e+01   1.5000000e+01   2.0469131e-15   3.5307812e-01   3.5307812e-01
   2.8000000e+01   1.5000000e+01   2.1439992e-15   3.9178125e-01   3.9178125e-01
   2.9000000e+01   1.5000000e+01   2.3813557e-15   4.2646875e-01   4.2646875e-01
   3.0000000e+01   1.5000000e+01   2.4372868e-15   4.3437500e-01   4.3437500e-01
   3.1000000e+01   1.5000000e+01   2.4002662e-15   4.3248437e-01   4.3248437e-01
   3.2000000e+01   1.5000000e+01   1.7442516e-15   2.7590625e-01   2.7590625e-01
   3.3000000e+01   1.5000000e+01   1.0512725e-15   1.4840625e-01   1.4840625e-01
   3.4000000e+01   1.5000000e+01   9.3631443e-16   1.1689062e-01   1.1689062e-01
   3.5000000e+01   1.5000000e+01   1.3049433e-15   1.9004687e-01   1.9004687e-01
   1.0000000e+00   1.6000000e+01   9.9727504e-16   1.2254687e-01   1.2254687e-01
   2.0000000e+00   1.6000000e+01   1.6498362e-15   2.7109375e-01   2.7109375e-01
   3.0000000e+00   1.6000000e+01   2.7753924e-15   5.0185938e-01   5.0185938e-01
   4.0000000e+00   1.6000000e+01   3.5229545e-15   6.6517187e-01   6.6517187e-01
   5.0000000e+00   1.6000000e+01   3.8365688e-15   7.1339062e-01   7.1339062e-01
   6.0000000e+00   1.6000000e+01   3.6827771e-15   6.9635938e-01   6.9635938e-01
   7.0000000e+00   1.6000000e+01   3.3642848e-15   6.3892187e-01   6.3892187e-01
   8.0000000e+00   1.6000000e+01   3.0210054e-15   5.6320313e-01   5.6320313e-01
   9.0000000e+00   1.6000000e+01   2.7304113e-15   4.9345312e-01   4.9345312e-01
   1.0000000e+01   1.6000000e+01   2.5462019e-15   4.6051562e-01   4.6051562e-01
   1.1000000e+01   1.6000000e+01   2.8040871e-15   5.1337500e-01   5.1337500e-01
   1.2000000e+01   1.6000000e+01   2.9823303e-15   5.5892188e-01   5.5892188e-01
   1.3000000e+01   1.6000000e+01   3.1914056e-15   5.9954687e-01   5.9954687e-01
   1.4000000e+01   1.6000000e+01   3.3635300e-15   6.3089062e-01   6.3089062e-01
   1.5000000e+01   1.6000000e+01   3.2176577e-15   5.9176562e-01   5.9176562e-01
   1.6000000e+01   1.6000000e+01   2.3437066e-15   4.0543750e-01   4.0543750e-01
   1.7000000e+01   1.6000000e+01   1.4214138e-15   2.1753125e-01   2.1753125e-01
   1.8000000e+01   1.6000000e+01   8.7195933e-16   1.0843750e-01   1.0843750e-01
   1.9000000e+01   1.6000000e+01   1.1569742e-15   1.5320312e-01   1.5320312e-01
   2.0000000e+01   1.6000000e+01   1.9465938e-15   3.2084375e-01   3.2084375e-01
   2.1000000e+01   1.6000000e+01   2.9908951e-15   5.5968750e-01   5.5968750e-01
   2.2000000e+01   1.6000000e+01   3.5840391e-15   6.7425000e-01   6.7425000e-01
   2.3000000e+01   1.6000000e+01   3.4872864e-15   6.5762500e-01   6.5762500e-01
   2.4000000e+01   1.6000000e+01   3.3744776e-15   6.3757813e-01   6.3757813e-01
   2.5000000e+01   1.6000000e+01   3.0710322e-15   5.7237500e-01   5.7237500e-01
   2.6000000e+01   1.6000000e+01   2.6723442e-15   4.9109375e-01   4.9109375e-01
   2.7000000e+01   1.6000000e+01   2.4374629e-15   4.4507812e-01   4.4507812e-01
   2.8000000e+01   1.6000000e+01   2.6452303e-15   4.7714062e-01   4.7714062e-01
   2.9000000e+01   1.6000000e+01   2.8945370e-15   5.3289062e-01   5.3289062e-01
   3.0000000e+01   1.6000000e+01   3.2064506e-15   5.9348437e-01   5.9348437e-01
   3.1000000e+01   1.6000000e+01   3.3072259e-15   6.2114063e-01   6.2114063e-01
   3.2000000e+01   1.6000000e+01   2.6439927e-15   4.7848437e-01   4.7848437e-01
   3.3000000e+01   1.6000000e+01   1.7207055e-15   2.7300000e-01   2.7300000e-01
   3.4000000e+01   1.6000000e+01   1.1305172e-15   1.4339062e-01   1.4339062e-01
   3.5000000e+01   1.6000000e+01   9.3961397e-16   1.1526562e-01   1.1526562e-01
   1.0000000e+00   1.7000000e+01   1.2661862e-15   1.7684375e-01   1.7684375e-01
   2.0000000e+00   1.7000000e+01   2.2312279e-15   3.9176563e-01   3.9176563e-01
   3.0000000e+00   1.7000000e+01   3.2968252e-15   6.2592187e-01   6.2592187e-01
   4.0000000e+00   1.7000000e+01   3.6285236e-15   6.8107812e-01   6.8107812e-01
   5.0000000e+00   1.7000000e+01   3.6894416e-15   6.9684375e-01   6.9684375e-01
   6.0000000e+00   1.7000000e+01   3.6475654e-15   6.9193750e-01   6.9193750e-01
   7.0000000e+00   1.7000000e+01   3.4317377e-15   6.5004687e-01   6.5004687e-01
   8.0000000e+00   1.7000000e+01   3.0851080e-15   5.7545313e-01   5.7545313e-01
   9.0000000e+00   1.7000000e+01   2.7447796e-15   5.1656250e-01   5.1656250e-01
   1.0000000e+01   1.7000000e+01   2.5856913e-15   4.7259375e-01   4.7259375e-01
   1.1000000e+01   1.7000000e+01   2.7327160e-15   5.0193750e-01   5.0193750e-01
   1.2000000e+01   1.7000000e+01   3.0270759e-15   5.6000000e-01   5.6000000e-01
   1.3000000e+01   1.7000000e+01   3.2069367e-15   6.0087500e-01   6.0087500e-01
   1.4000000e+01   1.7000000e+01   3.4190270e-15   6.4603125e-01   6.4603125e-01
   1.5000000e+01   1.7000000e+01   3.5539537e-15   6.6493750e-01   6.6493750e-01
   1.6000000e+01   1.7000000e+01   3.2589533e-15   6.0265625e-01   6.0265625e-01
   1.7000000e+01   1.7000000e+01   2.0278507e-15   3.5212500e-01   3.5212500e-01
   1.8000000e+01   1.7000000e+01   1.0195595e-15   1.2918750e-01   1.2918750e-01
   1.9000000e+01   1.7000000e+01   1.5879596e-15   2.5379687e-01   2.5379687e-01
   2.0000000e+01   1.7000000e+01   2.8466542e-15   5.3034375e-01   5.3034375e-01
   2.1000000e+01   1.7000000e+01   3.5229891e-15   6.6734375e-01   6.6734375e-01
   2.2000000e+01   1.7000000e+01   3.6810737e-15   6.8510937e-01   6.8510937e-01
   2.3000000e+01   1.7000000e+01   3.5917045e-15   6.6854687e-01   6.6854687e-01
   2.4000000e+01   1.7000000e+01   3.4197158e-15   6.4796875e-01   6.4796875e-01
   2.5000000e+01   1.7000000e+01   3.0748648e-15   5.7604687e-01   5.7604687e-01
   2.6000000e+01   1.7000000e+01   2.6940902e-15   4.9859375e-01   4.9859375e-01
   2.7000000e+01   1.7000000e+01   2.6110364e-15   4.7251562e-01   4.7251562e-01
   2.8000000e+01   1.7000000e+01   2.7333345e-15   5.0412500e-01   5.0412500e-01
   2.9000000e+01   1.7000000e+01   2.9682005e-15   5.4421875e-01   5.4421875e-01
   3.0000000e+01   1.7000000e+01   3.2867521e-15   6.2287500e-01   6.2287500e-01
   3.1000000e+01   1.7000000e+01   3.4285638e-15   6.5642187e-01   6.5642187e-01
   3.2000000e+01   1.7000000e+01   3.4807349e-15   6.5650000e-01   6.5650000e-01
   3.3000000e+01   1.7000000e+01   2.8022172e-15   5.0746875e-01   5.0746875e-01
   3.4000000e+01   1.7000000e+01   1.6079122e-15   2.5932812e-01   2.5932812e-01
   3.5000000e+01   1.7000000e+01   9.9199559e-16   1.2279687e-01   1.2279687e-01
   1.0000000e+00   1.8000000e+01   1.3099957e-15   1.8882812e-01   1.8882812e-01
   2.0000000e+00   1.8000000e+01   2.1785272e-15   3.7298437e-01   3.7298437e-01
   3.0000000e+00   1.8000000e+01   3.2984584e-15   6.1509375e-01   6.1509375e-01
   4.0000000e+00   1.8000000e+01   3.4876733e-15   6.6592188e-01   6.6592188e-01
   5.0000000e+00   1.8000000e+01   3.4999339e-15   6.5595312e-01   6.5595312e-01
   6.0000000e+00   1.8000000e+01   3.5265376e-15   6.6409375e-01   6.6409375e-01
   7.0000000e+00   1.8000000e+01   3.3532560e-15   6.3515625e-01   6.3515625e-01
   8.0000000e+00   1.8000000e+01   3.1051172e-15   5.7673438e-01   5.7673438e-01
   9.0000000e+00   1.8000000e+01   2.9454204e-15   5.5275000e-01   5.5275000e-01
   1.0000000e+01   1.8000000e+01   2.7362461e-15   4.9165625e-01   4.9165625e-01
   1.1000000e+01   1.8000000e+01   2.7662015e-15   5.2242188e-01   5.2242188e-01
   1.2000000e+01   1.8000000e+01   2.9787648e-15   5.6468750e-01   5.6468750e-01
   1.3000000e+01   1.8000000e+01   3.2243824e-15   6.0500000e-01   6.0500000e-01
   1.4000000e+01   1.8000000e+01   3.5358609e-15   6.7562500e-01   6.7562500e-01
   1.5000000e+01   1.8000000e+01   3.4639419e-15   6.4990625e-01   6.4990625e-01
   1.6000000e+01   1.8000000e+01   3.6282093e-15   6.8793750e-01   6.8793750e-01
   1.7000000e+01   1.8000000e+01   2.6261152e-15   4.6790625e-01   4.6790625e-01
   1.8000000e+01   1.8000000e+01   1.2999372e-15   1.8656250e-01   1.8656250e-01
   1.9000000e+01   1.8000000e+01   1.9399804e-15   3.2334375e-01   3.2334375e-01
   2.0000000e+01   1.8000000e+01   3.2107836e-15   5.9462500e-01   5.9462500e-01
   2.1000000e+01   1.8000000e+01   3.6850199e-15   7.0253125e-01   7.0253125e-01
   2.2000000e+01   1.8000000e+01   3.5464928e-15   6.6745312e-01   6.6745312e-01
   2.3000000e+01   1.8000000e+01   3.4872362e-15   6.6260937e-01   6.6260937e-01
   2.4000000e+01   1.8000000e+01   3.3461159e-15   6.4346875e-01   6.4346875e-01
   2.5000000e+01   1.8000000e+01   3.0748589e-15   5.7293750e-01   5.7293750e-01
   2.6000000e+01   1.8000000e+01   2.8942776e-15   5.4600000e-01   5.4600000e-01
   2.7000000e+01   1.8000000e+01   2.5639425e-15   4.7339062e-01   4.7339062e-01
   2.8000000e+01   1.8000000e+01   2.7694354e-15   5.1971875e-01   5.1971875e-01
   2.9000000e+01   1.8000000e+01   2.9647454e-15   5.6243750e-01   5.6243750e-01
   3.0000000e+01   1.8000000e+01   3.2538857e-15   6.1818750e-01   6.1818750e-01
   3.1000000e+01   1.8000000e+01   3.5623463e-15   6.8585937e-01   6.8585937e-01
   3.2000000e+01   1.8000000e+01   3.6042179e-15   6.8981250e-01   6.8981250e-01
   3.3000000e+01   1.8000000e+01   3.4376499e-15   6.4821875e-01   6.4821875e-01
   3.4000000e+01   1.8000000e+01   2.3303187e-15   4.0812500e-01   4.0812500e-01
   3.5000000e+01   1.8000000e+01   1.1105633e-15   1.5903125e-01   1.5903125e-01
   1.0000000e+00   1.9000000e+01   1.2440694e-15   1.8156250e-01   1.8156250e-01
   2.0000000e+00   1.9000000e+01   2.1253716e-15   3.7732812e-01   3.7732812e-01
   3.0000000e+00   1.9000000e+01   2.8851725e-15   5.4114062e-01   5.4114062e-01
   4.0000000e+00   1.9000000e+01   3.2843752e-15   6.0860938e-01   6.0860938e-01
   5.0000000e+00   1.9000000e+01   3.3497748e-15   6.4143750e-01   6.4143750e-01
   6.0000000e+00   1.9000000e+01   3.2237623e-15   6.0848437e-01   6.0848437e-01
   7.0000000e+00   1.9000000e+01   3.2336950e-15   6.0782812e-01   6.0782812e-01
   8.0000000e+00   1.9000000e+01   3.2131690e-15   6.0853125e-01   6.0853125e-01
   9.0000000e+00   1.9000000e+01   2.9583560e-15   5.7256250e-01   5.7256250e-01
   1.0000000e+01   1.9000000e+01   2.7364199e-15   5.0481250e-01   5.0481250e-01
   1.1000000e+01   1.9000000e+01   2.8274596e-15   5.3156250e-01   5.3156250e-01
   1.2000000e+01   1.9000000e+01   3.1285030e-15   5.9659375e-01   5.9659375e-01
   1.3000000e+01   1.9000000e+01   3.2994772e-15   6.2350000e-01   6.2350000e-01
   1.4000000e+01   1.9000000e+01   3.3007602e-15   6.2439062e-01   6.2439062e-01
   1.5000000e+01   1.9000000e+01   3.2688228e-15   6.1331250e-01   6.1331250e-01
   1.6000000e+01   1.9000000e+01   3.3527070e-15   6.3343750e-01   6.3343750e-01
   1.7000000e+01   1.9000000e+01   2.7034702e-15   4.9471875e-01   4.9471875e-01
   1.8000000e+01   1.9000000e+01   1.3218589e-15   1.9614062e-01   1.9614062e-01
   1.9000000e+01   1.9000000e+01   1.9021873e-15   3.2265625e-01   3.2265625e-01
   2.0000000e+01   1.9000000e+01   3.0865560e-15   5.7065625e-01   5.7065625e-01
   2.1000000e+01   1.9000000e+01   3.4470233e-15   6.5337500e-01   6.5337500e-01
   2.2000000e+01   1.9000000e+01   3.5394872e-15   6.6304688e-01   6.6304688e-01
   2.3000000e+01   1.9000000e+01   3.4178938e-15   6.4610937e-01   6.4610937e-01
   2.4000000e+01   1.9000000e+01   3.3129913e-15   6.2565625e-01   6.2565625e-01
   2.5000000e+01   1.9000000e+01   3.1699059e-15   5.9273438e-01   5.9273438e-01
   2.6000000e+01   1.9000000e+01   2.9018945e-15   5.4234375e-01   5.4234375e-01
   2.7000000e+01   1.9000000e+01   2.6661947e-15   4.9429687e-01   4.9429687e-01
   2.8000000e+01   1.9000000e+01   2.7742219e-15   5.0784375e-01   5.0784375e-01
   2.9000000e+01   1.9000000e+01   3.0076417e-15   5.6157813e-01   5.6157813e-01
   3.0000000e+01   1.9000000e+01   3.2117210e-15   6.0195312e-01   6.0195312e-01
   3.1000000e+01   1.9000000e+01   3.3109219e-15   6.3518750e-01   6.3518750e-01
   3.2000000e+01   1.9000000e+01   3.4661459e-15   6.5810938e-01   6.5810938e-01
   3.3000000e+01   1.9000000e+01   3.4719180e-15   6.7367187e-01   6.7367187e-01
   3.4000000e+01   1.9000000e+01   2.5756073e-15   4.6950000e-01   4.6950000e-01
   3.5000000e+01   1.9000000e+01   1.3128644e-15   2.0171875e-01   2.0171875e-01
   1.0000000e+00   2.0000000e+01   1.2471050e-15   1.8175000e-01   1.8175000e-01
   2.0000000e+00   2.0000000e+01   1.8805744e-15   3.1556250e-01   3.1556250e-01
   3.0000000e+00   2.0000000e+01   2.7139267e-15   4.9476562e-01   4.9476562e-01
   4.0000000e+00   2.0000000e+01   3.0523388e-15   5.6860937e-01   5.6860937e-01
   5.0000000e+00   2.0000000e+01   3.0292549e-15   5.7676562e-01   5.7676562e-01
   6.0000000e+00   2.0000000e+01   3.0753705e-15   5.7364063e-01   5.7364063e-01
   7.0000000e+00   2.0000000e+01   3.0636581e-15   5.7614062e-01   5.7614062e-01
   8.0000000e+00   2.0000000e+01   3.1970286e-15   6.0482813e-01   6.0482813e-01
   9.0000000e+00   2.0000000e+01   3.3027628e-15   6.3495313e-01   6.3495313e-01
   1.0000000e+01   2.0000000e+01   3.1939741e-15   6.1045313e-01   6.1045313e-01
   1.1000000e+01   2.0000000e+01   3.0457910e-15   5.8473438e-01   5.8473438e-01
   1.2000000e+01   2.0000000e+01   3.2342159e-15   6.0370313e-01   6.0370313e-01
   1.3000000e+01   2.0000000e+01   3.1822146e-15   5.9235938e-01   5.9235938e-01
   1.4000000e+01   2.0000000e+01   3.1671019e-15   5.9339062e-01   5.9339062e-01
   1.5000000e+01   2.0000000e+01   3.1163290e-15   5.9489063e-01   5.9489063e-01
   1.6000000e+01   2.0000000e+01   3.1865022e-15   5.9167187e-01   5.9167187e-01
   1.7000000e+01   2.0000000e+01   2.5713923e-15   4.6195312e-01   4.6195312e-01
   1.8000000e+01   2.0000000e+01   1.3807984e-15   1.9846875e-01   1.9846875e-01
   1.9000000e+01   2.0000000e+01   1.8910617e-15   3.1537500e-01   3.1537500e-01
   2.0000000e+01   2.0000000e+01   2.9240868e-15   5.4517187e-01   5.4517187e-01
   2.1000000e+01   2.0000000e+01   3.1901454e-15   6.0035938e-01   6.0035938e-01
   2.2000000e+01   2.0000000e+01   3.2309344e-15   6.0118750e-01   6.0118750e-01
   2.3000000e+01   2.0000000e+01   3.1468366e-15   5.8923437e-01   5.8923437e-01
   2.4000000e+01   2.0000000e+01   3.1504480e-15   5.9150000e-01   5.9150000e-01
   2.5000000e+01   2.0000000e+01   3.3428396e-15   6.2092187e-01   6.2092187e-01
   2.6000000e+01   2.0000000e+01   3.1754553e-15   5.9798438e-01   5.9798438e-01
   2.7000000e+01   2.0000000e+01   2.8875475e-15   5.4346875e-01   5.4346875e-01
   2.8000000e+01   2.0000000e+01   2.9047516e-15   5.4239063e-01   5.4239063e-01
   2.9000000e+01   2.0000000e+01   3.0775829e-15   5.7334375e-01   5.7334375e-01
   3.0000000e+01   2.0000000e+01   3.2021430e-15   5.9529687e-01   5.9529687e-01
   3.1000000e+01   2.0000000e+01   3.3122565e-15   6.3690625e-01   6.3690625e-01
   3.2000000e+01   2.0000000e+01   3.3669930e-15   6.4231250e-01   6.4231250e-01
   3.3000000e+01   2.0000000e+01   3.3255209e-15   6.3306250e-01   6.3306250e-01
   3.4000000e+01   2.0000000e+01   2.3953794e-15   4.3707812e-01   4.3707812e-01
   3.5000000e+01   2.0000000e+01   1.2993304e-15   2.0107812e-01   2.0107812e-01
   1.0000000e+00   2.1000000e+01   1.2554734e-15   1.7967187e-01   1.7967187e-01
   2.0000000e+00   2.1000000e+01   1.8354289e-15   2.9979687e-01   2.9979687e-01
   3.0000000e+00   2.1000000e+01   2.4659993e-15   4.4387500e-01   4.4387500e-01
   4.0000000e+00   2.1000000e+01   2.7046836e-15   4.9785937e-01   4.9785937e-01
   5.0000000e+00   2.1000000e+01   2.8081608e-15   5.2850000e-01   5.2850000e-01
   6.0000000e+00   2.1000000e+01   2.8747943e-15   5.3639063e-01   5.3639063e-01
   7.0000000e+00   2.1000000e+01   2.9176432e-15   5.5585938e-01   5.5585938e-01
   8.0000000e+00   2.1000000e+01   3.2945091e-15   6.2617188e-01   6.2617188e-01
   9.0000000e+00   2.1000000e+01   3.4132640e-15   6.5648438e-01   6.5648438e-01
   1.0000000e+01   2.1000000e+01   3.3587357e-15   6.3259375e-01   6.3259375e-01
   1.1000000e+01   2.1000000e+01   3.3856192e-15   6.4048437e-01   6.4048437e-01
   1.2000000e+01   2.1000000e+01   3.5817764e-15   6.9040625e-01   6.9040625e-01
   1.3000000e+01   2.1000000e+01   3.2358040e-15   6.2701562e-01   6.2701562e-01
   1.4000000e+01   2.1000000e+01   3.0364392e-15   5.7935938e-01   5.7935938e-01
   1.5000000e+01   2.1000000e+01   3.0451803e-15   5.6850000e-01   5.6850000e-01
   1.6000000e+01   2.1000000e+01   2.8735792e-15   5.4609375e-01   5.4609375e-01
   1.7000000e+01   2.1000000e+01   2.4204270e-15   4.3117187e-01   4.3117187e-01
   1.8000000e+01   2.1000000e+01   1.2535407e-15   1.8826562e-01   1.8826562e-01
   1.9000000e+01   2.1000000e+01   1.7274133e-15   2.8798437e-01   2.8798437e-01
   2.0000000e+01   2.1000000e+01   2.6076210e-15   4.8157812e-01   4.8157812e-01
   2.1000000e+01   2.1000000e+01   2.8070793e-15   5.2085938e-01   5.2085938e-01
   2.2000000e+01   2.1000000e+01   2.9150013e-15   5.4468750e-01   5.4468750e-01
   2.3000000e+01   2.1000000e+01   2.9515932e-15   5.4839063e-01   5.4839063e-01
   2.4000000e+01   2.1000000e+01   3.0414294e-15   5.6373438e-01   5.6373438e-01
   2.5000000e+01   2.1000000e+01   3.2899828e-15   6.2310937e-01   6.2310937e-01
   2.6000000e+01   2.1000000e+01   3.4288095e-15   6.6543750e-01   6.6543750e-01
   2.7000000e+01   2.1000000e+01   3.3243023e-15   6.2554687e-01   6.2554687e-01
   2.8000000e+01   2.1000000e+01   3.2990621e-15   6.3450000e-01   6.3450000e-01
   2.9000000e+01   2.1000000e+01   3.4121315e-15   6.4354687e-01   6.4354687e-01
   3.0000000e+01   2.1000000e+01   3.2065523e-15   6.0371875e-01   6.0371875e-01
   3.1000000e+01   2.1000000e+01   3.1788469e-15   5.9604687e-01   5.9604687e-01
   3.2000000e+01   2.1000000e+01   3.1700635e-15   5.9167187e-01   5.9167187e-01
   3.3000000e+01   2.1000000e+01   3.1763492e-15   5.9078125e-01   5.9078125e-01
   3.4000000e+01   2.1000000e+01   2.3546784e-15   4.1217187e-01   4.1217187e-01
   3.5000000e+01   2.1000000e+01   1.2849505e-15   1.8754687e-01   1.8754687e-01
   1.0000000e+00   2.2000000e+01   1.2490297e-15   1.7353125e-01   1.7353125e-01
   2.0000000e+00   2.2000000e+01   1.7641135e-15   2.9020313e-01   2.9020313e-01
   3.0000000e+00   2.2000000e+01   2.3931923e-15   4.2437500e-01   4.2437500e-01
   4.0000000e+00   2.2000000e+01   2.4429671e-15   4.4862500e-01   4.4862500e-01
   5.0000000e+00   2.2000000e+01   2.5159635e-15   4.6053125e-01   4.6053125e-01
   6.0000000e+00   2.2000000e+01   2.6413241e-15   4.8951563e-01   4.8951563e-01
   7.0000000e+00   2.2000000e+01   2.8095935e-15   5.2035937e-01   5.2035937e-01
   8.0000000e+00   2.2000000e+01   3.1539708e-15   5.8885937e-01   5.8885937e-01
   9.0000000e+00   2.2000000e+01   3.3985772e-15   6.4559375e-01   6.4559375e-01
   1.0000000e+01   2.2000000e+01   3.4451818e-15   6.4764062e-01   6.4764062e-01
   1.1000000e+01   2.2000000e+01   3.5070224e-15   6.6143750e-01   6.6143750e-01
   1.2000000e+01   2.2000000e+01   3.5078962e-15   6.6601563e-01   6.6601563e-01
   1.3000000e+01   2.2000000e+01   3.1061394e-15   5.8821875e-01   5.8821875e-01
   1.4000000e+01   2.2000000e+01   2.7448546e-15   5.1956250e-01   5.1956250e-01
   1.5000000e+01   2.2000000e+01   2.7191146e-15   4.9689062e-01   4.9689062e-01
   1.6000000e+01   2.2000000e+01   2.6994120e-15   5.0056250e-01   5.0056250e-01
   1.7000000e+01   2.2000000e+01   2.2246326e-15   3.9832812e-01   3.9832812e-01
   1.8000000e+01   2.2000000e+01   1.2897451e-15   1.8421875e-01   1.8421875e-01
   1.9000000e+01   2.2000000e+01   1.6696074e-15   2.5868750e-01   2.5868750e-01
   2.0000000e+01   2.2000000e+01   2.3897327e-15   4.2928125e-01   4.2928125e-01
   2.1000000e+01   2.2000000e+01   2.6394480e-15   4.7959375e-01   4.7959375e-01
   2.2000000e+01   2.2000000e+01   2.6865445e-15   4.9856250e-01   4.9856250e-01
   2.3000000e+01   2.2000000e+01   2.7960643e-15   5.2187500e-01   5.2187500e-01
   2.4000000e+01   2.2000000e+01   2.9655853e-15   5.6014062e-01   5.6014062e-01
   2.5000000e+01   2.2000000e+01   3.3379720e-15   6.2900000e-01   6.2900000e-01
   2.6000000e+01   2.2000000e+01   3.6106581e-15   6.8323438e-01   6.8323438e-01
   2.7000000e+01   2.2000000e+01   3.6868956e-15   6.8465625e-01   6.8465625e-01
   2.8000000e+01   2.2000000e+01   3.5601758e-15   6.8875000e-01   6.8875000e-01
   2.9000000e+01   2.2000000e+01   3.6748471e-15   6.9390625e-01   6.9390625e-01
   3.0000000e+01   2.2000000e+01   3.2864321e-15   6.2071875e-01   6.2071875e-01
   3.1000000e+01   2.2000000e+01   2.9541360e-15   5.5373438e-01   5.5373438e-01
   3.2000000e+01   2.2000000e+01   2.8136738e-15   5.1287500e-01   5.1287500e-01
   3.3000000e+01   2.2000000e+01   2.8010138e-15   5.2089062e-01   5.2089062e-01
   3.4000000e+01   2.2000000e+01   2.3116126e-15   4.0456250e-01   4.0456250e-01
   3.5000000e+01   2.2000000e+01   1.2855015e-15   1.9406250e-01   1.9406250e-01
   1.0000000e+00   2.3000000e+01   1.3001997e-15   1.8278125e-01   1.8278125e-01
   2.0000000e+00   2.3000000e+01   1.8303586e-15   3.1279687e-01   3.1279687e-01
   3.0000000e+00   2.3000000e+01   2.5486054e-15   4.7254687e-01   4.7254687e-01
   4.0000000e+00   2.3000000e+01   2.6676266e-15   4.9132813e-01   4.9132813e-01
   5.0000000e+00   2.3000000e+01   2.6884546e-15   4.9842188e-01   4.9842188e-01
   6.0000000e+00   2.3000000e+01   2.7674290e-15   5.1148437e-01   5.1148437e-01
   7.0000000e+00   2.3000000e+01   2.8774767e-15   5.3890625e-01   5.3890625e-01
   8.0000000e+00   2.3000000e+01   3.1314779e-15   5.9106250e-01   5.9106250e-01
   9.0000000e+00   2.3000000e+01   3.2984016e-15   6.2573437e-01   6.2573437e-01
   1.0000000e+01   2.3000000e+01   3.3270959e-15   6.3012500e-01   6.3012500e-01
   1.1000000e+01   2.3000000e+01   3.4823606e-15   6.5784375e-01   6.5784375e-01
   1.2000000e+01   2.3000000e+01   3.5435729e-15   6.5862500e-01   6.5862500e-01
   1.3000000e+01   2.3000000e+01   3.2959975e-15   6.3068750e-01   6.3068750e-01
   1.4000000e+01   2.3000000e+01   2.8859906e-15   5.4700000e-01   5.4700000e-01
   1.5000000e+01   2.3000000e+01   2.7934484e-15   5.1231250e-01   5.1231250e-01
   1.6000000e+01   2.3000000e+01   2.6513721e-15   4.8665625e-01   4.8665625e-01
   1.7000000e+01   2.3000000e+01   2.1630752e-15   3.7770312e-01   3.7770312e-01
   1.8000000e+01   2.3000000e+01   1.1636575e-15   1.6743750e-01   1.6743750e-01
   1.9000000e+01   2.3000000e+01   1.6135946e-15   2.5773437e-01   2.5773437e-01
   2.0000000e+01   2.3000000e+01   2.3132375e-15   4.1560937e-01   4.1560937e-01
   2.1000000e+01   2.3000000e+01   2.5003894e-15   4.6215625e-01   4.6215625e-01
   2.2000000e+01   2.3000000e+01   2.5862524e-15   4.7359375e-01   4.7359375e-01
   2.3000000e+01   2.3000000e+01   2.6479878e-15   4.8259375e-01   4.8259375e-01
   2.4000000e+01   2.3000000e+01   2.7491125e-15   5.0584375e-01   5.0584375e-01
   2.5000000e+01   2.3000000e+01   3.1259177e-15   5.7650000e-01   5.7650000e-01
   2.6000000e+01   2.3000000e+01   3.4273364e-15   6.6187500e-01   6.6187500e-01
   2.7000000e+01   2.3000000e+01   3.5088658e-15   6.6626562e-01   6.6626562e-01
   2.8000000e+01   2.3000000e+01   3.4934687e-15   6.6589062e-01   6.6589062e-01
   2.9000000e+01   2.3000000e+01   3.5295628e-15   6.6923438e-01   6.6923438e-01
   3.0000000e+01   2.3000000e+01   3.1120887e-15   5.8610937e-01   5.8610937e-01
   3.1000000e+01   2.3000000e+01   2.8324429e-15   5.1889063e-01   5.1889063e-01
   3.2000000e+01   2.3000000e+01   2.6186706e-15   4.7728125e-01   4.7728125e-01
   3.3000000e+01   2.3000000e+01   2.6201469e-15   4.7209375e-01   4.7209375e-01
   3.4000000e+01   2.3000000e+01   2.1473467e-15   3.7910937e-01   3.7910937e-01
   3.5000000e+01   2.3000000e+01   1.1899551e-15   1.8450000e-01   1.8450000e-01
   1.0000000e+00   2.4000000e+01   1.2842972e-15   1.8320312e-01   1.8320312e-01
   2.0000000e+00   2.4000000e+01   1.8785943e-15   3.0814062e-01   3.0814062e-01
   3.0000000e+00   2.4000000e+01   2.7562447e-15   4.9879687e-01   4.9879687e-01
   4.0000000e+00   2.4000000e+01   2.9810059e-15   5.5059375e-01   5.5059375e-01
   5.0000000e+00   2.4000000e+01   3.0010211e-15   5.5695312e-01   5.5695312e-01
   6.0000000e+00   2.4000000e+01   3.0297407e-15   5.7523437e-01   5.7523437e-01
   7.0000000e+00   2.4000000e+01   3.1006181e-15   5.8556250e-01   5.8556250e-01
   8.0000000e+00   2.4000000e+01   3.2117848e-15   6.1189063e-01   6.1189063e-01
   9.0000000e+00   2.4000000e+01   3.2499430e-15   6.1351563e-01   6.1351563e-01
   1.0000000e+01   2.4000000e+01   3.0930499e-15   5.9312500e-01   5.9312500e-01
   1.1000000e+01   2.4000000e+01   3.2042801e-15   6.1371875e-01   6.1371875e-01
   1.2000000e+01   2.4000000e+01   3.4696734e-15   6.5617187e-01   6.5617187e-01
   1.3000000e+01   2.4000000e+01   3.2606511e-15   6.1189063e-01   6.1189063e-01
   1.4000000e+01   2.4000000e+01   3.0866562e-15   5.7796875e-01   5.7796875e-01
   1.5000000e+01   2.4000000e+01   3.0645968e-15   5.8537500e-01   5.8537500e-01
   1.6000000e+01   2.4000000e+01   2.8987186e-15   5.4267187e-01   5.4267187e-01
   1.7000000e+01   2.4000000e+01   2.4068524e-15   4.2515625e-01   4.2515625e-01
   1.8000000e+01   2.4000000e+01   1.2815372e-15   1.8810937e-01   1.8810937e-01
   1.9000000e+01   2.4000000e+01   1.6305020e-15   2.6417187e-01   2.6417187e-01
   2.0000000e+01   2.4000000e+01   2.5341518e-15   4.6112500e-01   4.6112500e-01
   2.1000000e+01   2.4000000e+01   2.5976792e-15   4.7810937e-01   4.7810937e-01
   2.2000000e+01   2.4000000e+01   2.6774013e-15   4.8851563e-01   4.8851563e-01
   2.3000000e+01   2.4000000e+01   2.8401943e-15   5.2665625e-01   5.2665625e-01
   2.4000000e+01   2.4000000e+01   2.9616989e-15   5.5475000e-01   5.5475000e-01
   2.5000000e+01   2.4000000e+01   3.0751974e-15   5.7568750e-01   5.7568750e-01
   2.6000000e+01   2.4000000e+01   3.2451244e-15   6.0518750e-01   6.0518750e-01
   2.7000000e+01   2.4000000e+01   3.2767871e-15   6.0985937e-01   6.0985937e-01
   2.8000000e+01   2.4000000e+01   3.4757948e-15   6.6590625e-01   6.6590625e-01
   2.9000000e+01   2.4000000e+01   3.5659116e-15   6.8503125e-01   6.8503125e-01
   3.0000000e+01   2.4000000e+01   3.2554461e-15   6.2178125e-01   6.2178125e-01
   3.1000000e+01   2.4000000e+01   2.9473616e-15   5.4248438e-01   5.4248438e-01
   3.2000000e+01   2.4000000e+01   2.8778888e-15   5.2553125e-01   5.2553125e-01
   3.3000000e+01   2.4000000e+01   2.7668019e-15   5.1729687e-01   5.1729687e-01
   3.4000000e+01   2.4000000e+01   2.2452506e-15   3.9993750e-01   3.9993750e-01
   3.5000000e+01   2.4000000e+01   1.3016257e-15   1.9371875e-01   1.9371875e-01
   1.0000000e+00   2.5000000e+01   1.3004044e-15   1.8825000e-01   1.8825000e-01
   2.0000000e+00   2.5000000e+01   2.0319796e-15   3.3940625e-01   3.3940625e-01
   3.0000000e+00   2.5000000e+01   2.9608685e-15   5.4409375e-01   5.4409375e-01
   4.0000000e+00   2.5000000e+01   3.2440815e-15   6.0971875e-01   6.0971875e-01
   5.0000000e+00   2.5000000e+01   3.3046082e-15   6.2506250e-01   6.2506250e-01
   6.0000000e+00   2.5000000e+01   3.2306865e-15   6.1264063e-01   6.1264063e-01
   7.0000000e+00   2.5000000e+01   3.1433993e-15   5.9437500e-01   5.9437500e-01
   8.0000000e+00   2.5000000e+01   2.9578380e-15   5.5860937e-01   5.5860937e-01
   9.0000000e+00   2.5000000e+01   3.0310652e-15   5.6323437e-01   5.6323437e-01
   1.0000000e+01   2.5000000e+01   2.8254788e-15   5.3501562e-01   5.3501562e-01
   1.1000000e+01   2.5000000e+01   2.8773346e-15   5.3368750e-01   5.3368750e-01
   1.2000000e+01   2.5000000e+01   3.1359022e-15   5.8457812e-01   5.8457812e-01
   1.3000000e+01   2.5000000e+01   3.2857225e-15   6.1840625e-01   6.1840625e-01
   1.4000000e+01   2.5000000e+01   3.3110340e-15   6.2707812e-01   6.2707812e-01
   1.5000000e+01   2.5000000e+01   3.2887623e-15   6.2767187e-01   6.2767187e-01
   1.6000000e+01   2.5000000e+01   3.3289012e-15   6.2312500e-01   6.2312500e-01
   1.7000000e+01   2.5000000e+01   2.7069852e-15   4.9787500e-01   4.9787500e-01
   1.8000000e+01   2.5000000e+01   1.3130820e-15   1.9351562e-01   1.9351562e-01
   1.9000000e+01   2.5000000e+01   1.6682325e-15   2.7981250e-01   2.7981250e-01
   2.0000000e+01   2.5000000e+01   2.7644748e-15   5.1696875e-01   5.1696875e-01
   2.1000000e+01   2.5000000e+01   2.9825525e-15   5.4946875e-01   5.4946875e-01
   2.2000000e+01   2.5000000e+01   2.9512343e-15   5.4156250e-01   5.4156250e-01
   2.3000000e+01   2.5000000e+01   2.9329493e-15   5.4850000e-01   5.4850000e-01
   2.4000000e+01   2.5000000e+01   2.8919416e-15   5.3976563e-01   5.3976563e-01
   2.5000000e+01   2.5000000e+01   3.0065158e-15   5.5865625e-01   5.5865625e-01
   2.6000000e+01   2.5000000e+01   3.0007472e-15   5.5979687e-01   5.5979687e-01
   2.7000000e+01   2.5000000e+01   2.9479948e-15   5.4684375e-01   5.4684375e-01
   2.8000000e+01   2.5000000e+01   3.2670214e-15   6.1439062e-01   6.1439062e-01
   2.9000000e+01   2.5000000e+01   3.4091119e-15   6.5245312e-01   6.5245312e-01
   3.0000000e+01   2.5000000e+01   3.3665715e-15   6.3790625e-01   6.3790625e-01
   3.1000000e+01   2.5000000e+01   3.1729227e-15   5.9501563e-01   5.9501563e-01
   3.2000000e+01   2.5000000e+01   3.0135840e-15   5.6165625e-01   5.6165625e-01
   3.3000000e+01   2.5000000e+01   3.0139454e-15   5.5800000e-01   5.5800000e-01
   3.4000000e+01   2.5000000e+01   2.4415622e-15   4.3634375e-01   4.3634375e-01
   3.5000000e+01   2.5000000e+01   1.3803815e-15   2.0768750e-01   2.0768750e-01
   1.0000000e+00   2.6000000e+01   1.2435537e-15   1.8114062e-01   1.8114062e-01
   2.0000000e+00   2.6000000e+01   1.9289178e-15   3.2673437e-01   3.2673437e-01
   3.0000000e+00   2.6000000e+01   3.1829161e-15   5.8506250e-01   5.8506250e-01
   4.0000000e+00   2.6000000e+01   3.4523352e-15   6.5954687e-01   6.5954687e-01
   5.0000000e+00   2.6000000e+01   3.4666765e-15   6.5812500e-01   6.5812500e-01
   6.0000000e+00   2.6000000e+01   3.4354636e-15   6.4375000e-01   6.4375000e-01
   7.0000000e+00   2.6000000e+01   3.3138983e-15   6.2575000e-01   6.2575000e-01
   8.0000000e+00   2.6000000e+01   3.0960707e-15   5.8060937e-01   5.8060937e-01
   9.0000000e+00   2.6000000e+01   2.9129025e-15   5.4651562e-01   5.4651562e-01
   1.0000000e+01   2.6000000e+01   2.6744346e-15   5.0954687e-01   5.0954687e-01
   1.1000000e+01   2.6000000e+01   2.8037210e-15   5.2857813e-01   5.2857813e-01
   1.2000000e+01   2.6000000e+01   3.0931359e-15   5.8265625e-01   5.8265625e-01
   1.3000000e+01   2.6000000e+01   3.2358038e-15   6.1276562e-01   6.1276562e-01
   1.4000000e+01   2.6000000e+01   3.2759626e-15   6.2371875e-01   6.2371875e-01
   1.5000000e+01   2.6000000e+01   3.3519294e-15   6.2770313e-01   6.2770313e-01
   1.6000000e+01   2.6000000e+01   3.4557268e-15   6.4803125e-01   6.4803125e-01
   1.7000000e+01   2.6000000e+01   2.9097689e-15   5.3028125e-01   5.3028125e-01
   1.8000000e+01   2.6000000e+01   1.4417532e-15   2.1428125e-01   2.1428125e-01
   1.9000000e+01   2.6000000e+01   1.7670548e-15   2.9159375e-01   2.9159375e-01
   2.0000000e+01   2.6000000e+01   2.9898998e-15   5.4706250e-01   5.4706250e-01
   2.1000000e+01   2.6000000e+01   3.2122620e-15   6.0176562e-01   6.0176562e-01
   2.2000000e+01   2.6000000e+01   3.2803144e-15   6.0864063e-01   6.0864063e-01
   2.3000000e+01   2.6000000e+01   3.1666208e-15   5.9171875e-01   5.9171875e-01
   2.4000000e+01   2.6000000e+01   3.0740008e-15   5.6432812e-01   5.6432812e-01
   2.5000000e+01   2.6000000e+01   3.0285586e-15   5.5392188e-01   5.5392188e-01
   2.6000000e+01   2.6000000e+01   2.9558850e-15   5.4384375e-01   5.4384375e-01
   2.7000000e+01   2.6000000e+01   2.8297450e-15   5.2953125e-01   5.2953125e-01
   2.8000000e+01   2.6000000e+01   2.8572374e-15   5.2857813e-01   5.2857813e-01
   2.9000000e+01   2.6000000e+01   3.0941388e-15   5.6585937e-01   5.6585937e-01
   3.0000000e+01   2.6000000e+01   3.2295902e-15   6.0545312e-01   6.0545312e-01
   3.1000000e+01   2.6000000e+01   3.3629288e-15   6.3095313e-01   6.3095313e-01
   3.2000000e+01   2.6000000e+01   3.3380946e-15   6.3040625e-01   6.3040625e-01
   3.3000000e+01   2.6000000e+01   3.2500152e-15   6.0923437e-01   6.0923437e-01
   3.4000000e+01   2.6000000e+01   2.5731923e-15   4.5907813e-01   4.5907813e-01
   3.5000000e+01   2.6000000e+01   1.3548287e-15   2.0967187e-01   2.0967187e-01
   1.0000000e+00   2.7000000e+01   1.0285753e-15   1.2025000e-01   1.2025000e-01
   2.0000000e+00   2.7000000e+01   1.5323136e-15   2.3435937e-01   2.3435937e-01
   3.0000000e+00   2.7000000e+01   2.4303569e-15   4.2939062e-01   4.2939062e-01
   4.0000000e+00   2.7000000e+01   3.5629218e-15   6.7190625e-01   6.7190625e-01
   5.0000000e+00   2.7000000e+01   3.6152931e-15   6.8198437e-01   6.8198437e-01
   6.0000000e+00   2.7000000e+01   3.5282667e-15   6.5987500e-01   6.5987500e-01
   7.0000000e+00   2.7000000e+01   3.3293161e-15   6.2364062e-01   6.2364062e-01
   8.0000000e+00   2.7000000e+01   3.1236135e-15   5.8962500e-01   5.8962500e-01
   9.0000000e+00   2.7000000e+01   2.8822644e-15   5.1818750e-01   5.1818750e-01
   1.0000000e+01   2.7000000e+01   2.7035568e-15   4.9759375e-01   4.9759375e-01
   1.1000000e+01   2.7000000e+01   2.6163845e-15   4.8176562e-01   4.8176562e-01
   1.2000000e+01   2.7000000e+01   2.9719476e-15   5.5015625e-01   5.5015625e-01
   1.3000000e+01   2.7000000e+01   3.3416063e-15   6.2304688e-01   6.2304688e-01
   1.4000000e+01   2.7000000e+01   3.4180154e-15   6.3617188e-01   6.3617188e-01
   1.5000000e+01   2.7000000e+01   3.6210595e-15   6.9607812e-01   6.9607812e-01
   1.6000000e+01   2.7000000e+01   3.3973255e-15   6.2493750e-01   6.2493750e-01
   1.7000000e+01   2.7000000e+01   2.5535739e-15   4.5837500e-01   4.5837500e-01
   1.8000000e+01   2.7000000e+01   1.2284252e-15   1.8057812e-01   1.8057812e-01
   1.9000000e+01   2.7000000e+01   1.6021521e-15   2.4707812e-01   2.4707812e-01
   2.0000000e+01   2.7000000e+01   2.9307645e-15   5.3042188e-01   5.3042188e-01
   2.1000000e+01   2.7000000e+01   3.3868960e-15   6.4909375e-01   6.4909375e-01
   2.2000000e+01   2.7000000e+01   3.3896800e-15   6.3668750e-01   6.3668750e-01
   2.3000000e+01   2.7000000e+01   3.3988506e-15   6.5167188e-01   6.5167188e-01
   2.4000000e+01   2.7000000e+01   3.1650215e-15   5.8860937e-01   5.8860937e-01
   2.5000000e+01   2.7000000e+01   3.0596579e-15   5.7303125e-01   5.7303125e-01
   2.6000000e+01   2.7000000e+01   2.9740848e-15   5.4673437e-01   5.4673437e-01
   2.7000000e+01   2.7000000e+01   2.6339581e-15   4.8201562e-01   4.8201562e-01
   2.8000000e+01   2.7000000e+01   2.7882880e-15   5.1279688e-01   5.1279688e-01
   2.9000000e+01   2.7000000e+01   3.0237497e-15   5.6798437e-01   5.6798437e-01
   3.0000000e+01   2.7000000e+01   3.1545046e-15   5.9971875e-01   5.9971875e-01
   3.1000000e+01   2.7000000e+01   3.4400494e-15   6.5414062e-01   6.5414062e-01
   3.2000000e+01   2.7000000e+01   3.4048499e-15   6.3764062e-01   6.3764062e-01
   3.3000000e+01   2.7000000e+01   3.4622708e-15   6.5434375e-01   6.5434375e-01
   3.4000000e+01   2.7000000e+01   2.6681548e-15   4.8629687e-01   4.8629687e-01
   3.5000000e+01   2.7000000e+01   1.3222014e-15   1.9329687e-01   1.9329687e-01
   1.0000000e+00   2.8000000e+01   9.2746013e-16   1.0103125e-01   1.0103125e-01
   2.0000000e+00   2.8000000e+01   1.0577514e-15   1.4067187e-01   1.4067187e-01
   3.0000000e+00   2.8000000e+01   1.5861823e-15   2.5198437e-01   2.5198437e-01
   4.0000000e+00   2.8000000e+01   2.7173530e-15   4.9470313e-01   4.9470313e-01
   5.0000000e+00   2.8000000e+01   3.5552257e-15   6.8143750e-01   6.8143750e-01
   6.0000000e+00   2.8000000e+01   3.5498169e-15   6.7737500e-01   6.7737500e-01
   7.0000000e+00   2.8000000e+01   3.2899074e-15   6.1029687e-01   6.1029687e-01
   8.0000000e+00   2.8000000e+01   3.1873986e-15   5.9459375e-01   5.9459375e-01
   9.0000000e+00   2.8000000e+01   2.8566573e-15   5.3010937e-01   5.3010937e-01
   1.0000000e+01   2.8000000e+01   2.5162584e-15   4.5820312e-01   4.5820312e-01
   1.1000000e+01   2.8000000e+01   2.6641627e-15   4.9340625e-01   4.9340625e-01
   1.2000000e+01   2.8000000e+01   2.9672635e-15   5.5021875e-01   5.5021875e-01
   1.3000000e+01   2.8000000e+01   3.2171681e-15   5.9475000e-01   5.9475000e-01
   1.4000000e+01   2.8000000e+01   3.3590201e-15   6.3637500e-01   6.3637500e-01
   1.5000000e+01   2.8000000e+01   3.4705573e-15   6.5268750e-01   6.5268750e-01
   1.6000000e+01   2.8000000e+01   2.9826563e-15   5.4804688e-01   5.4804688e-01
   1.7000000e+01   2.8000000e+01   2.0309760e-15   3.3085937e-01   3.3085937e-01
   1.8000000e+01   2.8000000e+01   1.0621097e-15   1.2857812e-01   1.2857812e-01
   1.9000000e+01   2.8000000e+01   1.2444405e-15   1.6993750e-01   1.6993750e-01
   2.0000000e+01   2.8000000e+01   2.1954311e-15   3.7823437e-01   3.7823437e-01
   2.1000000e+01   2.8000000e+01   3.1811151e-15   5.8195312e-01   5.8195312e-01
   2.2000000e+01   2.8000000e+01   3.5517295e-15   6.7646875e-01   6.7646875e-01
   2.3000000e+01   2.8000000e+01   3.4472142e-15   6.4271875e-01   6.4271875e-01
   2.4000000e+01   2.8000000e+01   3.2980389e-15   6.0670313e-01   6.0670313e-01
   2.5000000e+01   2.8000000e+01   3.1816556e-15   5.9734375e-01   5.9734375e-01
   2.6000000e+01   2.8000000e+01   2.9603842e-15   5.4696875e-01   5.4696875e-01
   2.7000000e+01   2.8000000e+01   2.6228963e-15   4.8282812e-01   4.8282812e-01
   2.8000000e+01   2.8000000e+01   2.7353821e-15   4.9015625e-01   4.9015625e-01
   2.9000000e+01   2.8000000e+01   3.0841513e-15   5.7189062e-01   5.7189062e-01
   3.0000000e+01   2.8000000e+01   3.3112526e-15   6.1090625e-01   6.1090625e-01
   3.1000000e+01   2.8000000e+01   3.5048261e-15   6.5831250e-01   6.5831250e-01
   3.2000000e+01   2.8000000e+01   3.5477343e-15   6.6725000e-01   6.6725000e-01
   3.3000000e+01   2.8000000e+01   3.2778198e-15   6.0935937e-01   6.0935937e-01
   3.4000000e+01   2.8000000e+01   2.2177417e-15   3.8400000e-01   3.8400000e-01
   3.5000000e+01   2.8000000e+01   1.2076124e-15   1.6132812e-01   1.6132812e-01
   1.0000000e+00   2.9000000e+01   9.8684518e-16   1.2212500e-01   1.2212500e-01
   2.0000000e+00   2.9000000e+01   9.6925483e-16   1.2254687e-01   1.2254687e-01
   3.0000000e+00   2.9000000e+01   1.0463162e-15   1.2623437e-01   1.2623437e-01
   4.0000000e+00   2.9000000e+01   1.7925259e-15   2.7600000e-01   2.7600000e-01
   5.0000000e+00   2.9000000e+01   2.6761403e-15   4.7462500e-01   4.7462500e-01
   6.0000000e+00   2.9000000e+01   3.0044689e-15   5.5010938e-01   5.5010938e-01
   7.0000000e+00   2.9000000e+01   2.9299878e-15   5.3387500e-01   5.3387500e-01
   8.0000000e+00   2.9000000e+01   2.7645366e-15   5.0221875e-01   5.0221875e-01
   9.0000000e+00   2.9000000e+01   2.6216442e-15   4.6943750e-01   4.6943750e-01
   1.0000000e+01   2.9000000e+01   2.4015371e-15   4.2220313e-01   4.2220313e-01
   1.1000000e+01   2.9000000e+01   2.3931245e-15   4.2942187e-01   4.2942187e-01
   1.2000000e+01   2.9000000e+01   2.6921536e-15   4.8189063e-01   4.8189063e-01
   1.3000000e+01   2.9000000e+01   2.9015294e-15   5.3165625e-01   5.3165625e-01
   1.4000000e+01   2.9000000e+01   3.0196983e-15   5.5635937e-01   5.5635937e-01
   1.5000000e+01   2.9000000e+01   2.7257337e-15   4.9737500e-01   4.9737500e-01
   1.6000000e+01   2.9000000e+01   1.7805789e-15   2.9078125e-01   2.9078125e-01
   1.7000000e+01   2.9000000e+01   1.0968030e-15   1.3517187e-01   1.3517187e-01
   1.8000000e+01   2.9000000e+01   9.2932616e-16   9.7015625e-02   9.7015625e-02
   1.9000000e+01   2.9000000e+01   1.0413702e-15   1.2320312e-01   1.2320312e-01
   2.0000000e+01   2.9000000e+01   1.2754641e-15   1.8464062e-01   1.8464062e-01
   2.1000000e+01   2.9000000e+01   2.2110371e-15   3.8045313e-01   3.8045313e-01
   2.2000000e+01   2.9000000e+01   3.3106079e-15   6.2298437e-01   6.2298437e-01
   2.3000000e+01   2.9000000e+01   3.4394014e-15   6.4709375e-01   6.4709375e-01
   2.4000000e+01   2.9000000e+01   3.2700755e-15   6.0990625e-01   6.0990625e-01
   2.5000000e+01   2.9000000e+01   3.1459751e-15   5.7734375e-01   5.7734375e-01
   2.6000000e+01   2.9000000e+01   2.8407121e-15   5.2493750e-01   5.2493750e-01
   2.7000000e+01   2.9000000e+01   2.5386077e-15   4.6501562e-01   4.6501562e-01
   2.8000000e+01   2.9000000e+01   2.5129419e-15   4.5468750e-01   4.5468750e-01
   2.9000000e+01   2.9000000e+01   2.8200089e-15   5.1273437e-01   5.1273437e-01
   3.0000000e+01   2.9000000e+01   3.1944644e-15   5.9959375e-01   5.9959375e-01
   3.1000000e+01   2.9000000e+01   3.3040265e-15   6.2057812e-01   6.2057812e-01
   3.2000000e+01   2.9000000e+01   3.2905328e-15   6.1631250e-01   6.1631250e-01
   3.3000000e+01   2.9000000e+01   2.3995857e-15   4.1928125e-01   4.1928125e-01
   3.4000000e+01   2.9000000e+01   1.3333068e-15   1.9289062e-01   1.9289062e-01
   3.5000000e+01   2.9000000e+01   9.7662459e-16   1.0545312e-01   1.0545312e-01
   1.0000000e+00   3.0000000e+01   1.3317651e-15   1.8859375e-01   1.8859375e-01
   2.0000000e+00   3.0000000e+01   1.4891972e-15   2.2295312e-01   2.2295312e-01
   3.0000000e+00   3.0000000e+01   1.0460434e-15   1.2951562e-01   1.2951562e-01
   4.0000000e+00   3.0000000e+01   1.0487521e-15   1.3560937e-01   1.3560937e-01
   5.0000000e+00   3.0000000e+01   1.5724545e-15   2.4445312e-01   2.4445312e-01
   6.0000000e+00   3.0000000e+01   1.9571166e-15   3.2795312e-01   3.2795312e-01
   7.0000000e+00   3.0000000e+01   1.9493605e-15   3.2804687e-01   3.2804687e-01
   8.0000000e+00   3.0000000e+01   1.8653797e-15   3.1532812e-01   3.1532812e-01
   9.0000000e+00   3.0000000e+01   1.7727250e-15   2.9259375e-01   2.9259375e-01
   1.0000000e+01   3.0000000e+01   1.6639801e-15   2.7759375e-01   2.7759375e-01
   1.1000000e+01   3.0000000e+01   1.7154541e-15   2.8443750e-01   2.8443750e-01
   1.2000000e+01   3.0000000e+01   1.9163656e-15   3.2134375e-01   3.2134375e-01
   1.3000000e+01   3.0000000e+01   2.0488259e-15   3.4904687e-01   3.4904687e-01
   1.4000000e+01   3.0000000e+01   2.1700241e-15   3.6917187e-01   3.6917187e-01
   1.5000000e+01   3.0000000e+01   1.8164752e-15   2.9245312e-01   2.9245312e-01
   1.6000000e+01   3.0000000e+01   1.1227737e-15   1.4501562e-01   1.4501562e-01
   1.7000000e+01   3.0000000e+01   9.5060771e-16   9.7203125e-02   9.7203125e-02
   1.8000000e+01   3.0000000e+01   9.4596690e-16   1.1559375e-01   1.1559375e-01
   1.9000000e+01   3.0000000e+01   1.0439165e-15   1.3254687e-01   1.3254687e-01
   2.0000000e+01   3.0000000e+01   9.7219955e-16   1.1756250e-01   1.1756250e-01
   2.1000000e+01   3.0000000e+01   1.3178520e-15   1.9565625e-01   1.9565625e-01
   2.2000000e+01   3.0000000e+01   2.3065326e-15   4.0439063e-01   4.0439063e-01
   2.3000000e+01   3.0000000e+01   2.8981617e-15   5.2484375e-01   5.2484375e-01
   2.4000000e+01   3.0000000e+01   2.8742419e-15   5.2717187e-01   5.2717187e-01
   2.5000000e+01   3.0000000e+01   2.7061414e-15   4.8237500e-01   4.8237500e-01
   2.6000000e+01   3.0000000e+01   2.3976393e-15   4.2964063e-01   4.2964063e-01
   2.7000000e+01   3.0000000e+01   2.2232465e-15   3.8018750e-01   3.8018750e-01
   2.8000000e+01   3.0000000e+01   2.2606906e-15   3.8885938e-01   3.8885938e-01
   2.9000000e+01   3.0000000e+01   2.4719798e-15   4.4825000e-01   4.4825000e-01
   3.0000000e+01   3.0000000e+01   2.7271501e-15   4.8150000e-01   4.8150000e-01
   3.1000000e+01   3.0000000e+01   2.8186601e-15   5.0871875e-01   5.0871875e-01
   3.2000000e+01   3.0000000e+01   2.4614937e-15   4.3418750e-01   4.3418750e-01
   3.3000000e+01   3.0000000e+01   1.5664898e-15   2.4734375e-01   2.4734375e-01
   3.4000000e+01   3.0000000e+01   9.4523966e-16   1.1453125e-01   1.1453125e-01
   3.5000000e+01   3.0000000e+01   8.8628043e-16   1.0060937e-01   1.0060937e-01
   1.0000000e+00   3.1000000e+01   1.3317832e-15   1.9998437e-01   1.9998437e-01
   2.0000000e+00   3.1000000e+01   1.5505023e-15   2.4195312e-01   2.4195312e-01
   3.0000000e+00   3.1000000e+01   1.0628117e-15   1.3862500e-01   1.3862500e-01
   4.0000000e+00   3.1000000e+01   1.1003068e-15   1.4109375e-01   1.4109375e-01
   5.0000000e+00   3.1000000e+01   1.4295844e-15   2.1487500e-01   2.1487500e-01
   6.0000000e+00   3.1000000e+01   1.6831033e-15   2.6357813e-01   2.6357813e-01
   7.0000000e+00   3.1000000e+01   1.6567289e-15   2.7181250e-01   2.7181250e-01
   8.0000000e+00   3.1000000e+01   1.6323068e-15   2.4717187e-01   2.4717187e-01
   9.0000000e+00   3.1000000e+01   1.4675619e-15   2.2657812e-01   2.2657812e-01
   1.0000000e+01   3.1000000e+01   1.3968378e-15   2.1021875e-01   2.1021875e-01
   1.1000000e+01   3.1000000e+01   1.3796883e-15   2.0168750e-01   2.0168750e-01
   1.2000000e+01   3.1000000e+01   1.3985137e-15   2.1579687e-01   2.1579687e-01
   1.3000000e+01   3.1000000e+01   1.4499634e-15   2.2385937e-01   2.2385937e-01
   1.4000000e+01   3.1000000e+01   1.3666294e-15   2.0335937e-01   2.0335937e-01
   1.5000000e+01   3.1000000e+01   1.1785572e-15   1.5725000e-01   1.5725000e-01
   1.6000000e+01   3.1000000e+01   1.0058410e-15   1.1520312e-01   1.1520312e-01
   1.7000000e+01   3.1000000e+01   9.0800232e-16   9.8234375e-02   9.8234375e-02
   1.8000000e+01   3.1000000e+01   1.2465012e-15   1.7271875e-01   1.7271875e-01
   1.9000000e+01   3.1000000e+01   1.6450485e-15   2.6203125e-01   2.6203125e-01
   2.0000000e+01   3.1000000e+01   1.0891032e-15   1.4550000e-01   1.4550000e-01
   2.1000000e+01   3.1000000e+01   9.2251661e-16   1.0254687e-01   1.0254687e-01
   2.2000000e+01   3.1000000e+01   1.2995602e-15   1.8578125e-01   1.8578125e-01
   2.3000000e+01   3.1000000e+01   1.6263679e-15   2.4893750e-01   2.4893750e-01
   2.4000000e+01   3.1000000e+01   1.7152007e-15   2.6896875e-01   2.6896875e-01
   2.5000000e+01   3.1000000e+01   1.5910083e-15   2.5146875e-01   2.5146875e-01
   2.6000000e+01   3.1000000e+01   1.4952385e-15   2.2771875e-01   2.2771875e-01
   2.7000000e+01   3.1000000e+01   1.4428933e-15   2.2367187e-01   2.2367187e-01
   2.8000000e+01   3.1000000e+01   1.3868946e-15   2.1446875e-01   2.1446875e-01
   2.9000000e+01   3.1000000e+01   1.5310267e-15   2.2859375e-01   2.2859375e-01
   3.0000000e+01   3.1000000e+01   1.6329079e-15   2.5381250e-01   2.5381250e-01
   3.1000000e+01   3.1000000e+01   1.7010248e-15   2.7135937e-01   2.7135937e-01
   3.2000000e+01   3.1000000e+01   1.3782060e-15   2.0998437e-01   2.0998437e-01
   3.3000000e+01   3.1000000e+01   1.1172209e-15   1.3390625e-01   1.3390625e-01
   3.4000000e+01   3.1000000e+01   9.3815676e-16   9.8375000e-02   9.8375000e-02
   3.5000000e+01   3.1000000e+01   1.1314490e-15   1.5382812e-01   1.5382812e-01
   1.0000000e+00   3.2000000e+01   1.0504192e-15   1.2484375e-01   1.2484375e-01
   2.0000000e+00   3.2000000e+01   1.1083007e-15   1.4128125e-01   1.4128125e-01
   3.0000000e+00   3.2000000e+01   1.0702633e-15   1.3656250e-01   1.3656250e-01
   4.0000000e+00   3.2000000e+01   1.6684342e-15   2.6190625e-01   2.6190625e-01
   5.0000000e+00   3.2000000e+01   2.6499656e-15   4.6643750e-01   4.6643750e-01
   6.0000000e+00   3.2000000e+01   2.9104430e-15   5.3496875e-01   5.3496875e-01
   7.0000000e+00   3.2000000e+01   2.7408552e-15   5.0001562e-01   5.0001562e-01
   8.0000000e+00   3.2000000e+01   2.6576468e-15   4.7110938e-01   4.7110938e-01
   9.0000000e+00   3.2000000e+01   2.3273697e-15   4.0654687e-01   4.0654687e-01
   1.0000000e+01   3.2000000e+01   2.0854334e-15   3.5145312e-01   3.5145312e-01
   1.1000000e+01   3.2000000e+01   2.0640894e-15   3.5429687e-01   3.5429687e-01
   1.2000000e+01   3.2000000e+01   2.0907891e-15   3.5531250e-01   3.5531250e-01
   1.3000000e+01   3.2000000e+01   2.2443320e-15   3.8846875e-01   3.8846875e-01
   1.4000000e+01   3.2000000e+01   2.2951875e-15   3.9982812e-01   3.9982812e-01
   1.5000000e+01   3.2000000e+01   1.9494933e-15   3.1325000e-01   3.1325000e-01
   1.6000000e+01   3.2000000e+01   1.2636511e-15   1.8607812e-01   1.8607812e-01
   1.7000000e+01   3.2000000e+01   1.0000915e-15   1.0884375e-01   1.0884375e-01
   1.8000000e+01   3.2000000e+01   1.1605804e-15   1.5757812e-01   1.5757812e-01
   1.9000000e+01   3.2000000e+01   1.4827993e-15   2.2946875e-01   2.2946875e-01
   2.0000000e+01   3.2000000e+01   1.1165743e-15   1.4653125e-01   1.4653125e-01
   2.1000000e+01   3.2000000e+01   1.0146815e-15   1.3618750e-01   1.3618750e-01
   2.2000000e+01   3.2000000e+01   1.5183439e-15   2.3098437e-01   2.3098437e-01
   2.3000000e+01   3.2000000e+01   1.9470445e-15   3.1990625e-01   3.1990625e-01
   2.4000000e+01   3.2000000e+01   1.8545692e-15   3.1312500e-01   3.1312500e-01
   2.5000000e+01   3.2000000e+01   1.7385770e-15   2.8189062e-01   2.8189062e-01
   2.6000000e+01   3.2000000e+01   1.6069887e-15   2.5896875e-01   2.5896875e-01
   2.7000000e+01   3.2000000e+01   1.5234131e-15   2.3659375e-01   2.3659375e-01
   2.8000000e+01   3.2000000e+01   1.4301552e-15   2.1981250e-01   2.1981250e-01
   2.9000000e+01   3.2000000e+01   1.4860667e-15   2.2100000e-01   2.2100000e-01
   3.0000000e+01   3.2000000e+01   1.5547430e-15   2.4107812e-01   2.4107812e-01
   3.1000000e+01   3.2000000e+01   1.6786326e-15   2.7004687e-01   2.7004687e-01
   3.2000000e+01   3.2000000e+01   1.3658510e-15   2.0579687e-01   2.0579687e-01
   3.3000000e+01   3.2000000e+01   1.1044162e-15   1.3354687e-01   1.3354687e-01
   3.4000000e+01   3.2000000e+01   9.1592432e-16   1.0654687e-01   1.0654687e-01
   3.5000000e+01   3.2000000e+01   1.2386936e-15   1.7289062e-01   1.7289062e-01
   1.0000000e+00   3.3000000e+01   1.0198089e-15   1.2370312e-01   1.2370312e-01
   2.0000000e+00   3.3000000e+01   1.1139659e-15   1.2929687e-01   1.2929687e-01
   3.0000000e+00   3.3000000e+01   1.6640381e-15   2.5751562e-01   2.5751562e-01
   4.0000000e+00   3.3000000e+01   2.7856280e-15   5.0612500e-01   5.0612500e-01
   5.0000000e+00   3.3000000e+01   3.6217108e-15   6.7825000e-01   6.7825000e-01
   6.0000000e+00   3.3000000e+01   3.6140114e-15   6.9010938e-01   6.9010938e-01
   7.0000000e+00   3.3000000e+01   3.4032936e-15   6.3067187e-01   6.3067187e-01
   8.0000000e+00   3.3000000e+01   3.0883522e-15   5.7557813e-01   5.7557813e-01
   9.0000000e+00   3.3000000e+01   2.9456854e-15   5.3914062e-01   5.3914062e-01
   1.0000000e+01   3.3000000e+01   2.6674445e-15   4.8431250e-01   4.8431250e-01
   1.1000000e+01   3.3000000e+01   2.5915362e-15   4.6614062e-01   4.6614062e-01
   1.2000000e+01   3.3000000e+01   2.7681358e-15   4.9890625e-01   4.9890625e-01
   1.3000000e+01   3.3000000e+01   2.9582864e-15   5.4562500e-01   5.4562500e-01
   1.4000000e+01   3.3000000e+01   3.2541513e-15   6.0889062e-01   6.0889062e-01
   1.5000000e+01   3.3000000e+01   3.2026758e-15   5.9171875e-01   5.9171875e-01
   1.6000000e+01   3.3000000e+01   2.3025346e-15   4.0504687e-01   4.0504687e-01
   1.7000000e+01   3.3000000e+01   1.3709837e-15   2.1120312e-01   2.1120312e-01
   1.8000000e+01   3.3000000e+01   9.7932883e-16   1.2067187e-01   1.2067187e-01
   1.9000000e+01   3.3000000e+01   9.6618419e-16   1.0851562e-01   1.0851562e-01
   2.0000000e+01   3.3000000e+01   1.1546892e-15   1.5242187e-01   1.5242187e-01
   2.1000000e+01   3.3000000e+01   1.7358595e-15   2.8670312e-01   2.8670312e-01
   2.2000000e+01   3.3000000e+01   2.8564238e-15   5.1606250e-01   5.1606250e-01
   2.3000000e+01   3.3000000e+01   3.2265299e-15   6.0328125e-01   6.0328125e-01
   2.4000000e+01   3.3000000e+01   3.0558589e-15   5.6837500e-01   5.6837500e-01
   2.5000000e+01   3.3000000e+01   2.9947971e-15   5.4001563e-01   5.4001563e-01
   2.6000000e+01   3.3000000e+01   2.6679154e-15   4.8803125e-01   4.8803125e-01
   2.7000000e+01   3.3000000e+01   2.3864133e-15   4.1418750e-01   4.1418750e-01
   2.8000000e+01   3.3000000e+01   2.2934741e-15   4.0532812e-01   4.0532812e-01
   2.9000000e+01   3.3000000e+01   2.5259835e-15   4.6079687e-01   4.6079687e-01
   3.0000000e+01   3.3000000e+01   2.7170535e-15   4.8187500e-01   4.8187500e-01
   3.1000000e+01   3.3000000e+01   2.8611939e-15   5.1692187e-01   5.1692187e-01
   3.2000000e+01   3.3000000e+01   2.5714940e-15   4.5128125e-01   4.5128125e-01
   3.3000000e+01   3.3000000e+01   1.7013498e-15   2.7593750e-01   2.7593750e-01
   3.4000000e+01   3.3000000e+01   1.0235783e-15   1.3753125e-01   1.3753125e-01
   3.5000000e+01   3.3000000e+01   1.0178319e-15   1.2607812e-01   1.2607812e-01
   1.0000000e+00   3.4000000e+01   1.3479092e-15   1.9114062e-01   1.9114062e-01
   2.0000000e+00   3.4000000e+01   1.2938453e-15   1.8945312e-01   1.8945312e-01
   3.0000000e+00   3.4000000e+01   2.3854529e-15   4.3560937e-01   4.3560937e-01
   4.0000000e+00   3.4000000e+01   3.3982126e-15   6.4632812e-01   6.4632812e-01
   5.0000000e+00   3.4000000e+01   3.6527665e-15   6.8378125e-01   6.8378125e-01
   6.0000000e+00   3.4000000e+01   3.7289671e-15   6.9970312e-01   6.9970312e-01
   7.0000000e+00   3.4000000e+01   3.5072095e-15   6.6739062e-01   6.6739062e-01
   8.0000000e+00   3.4000000e+01   3.1288067e-15   5.8467187e-01   5.8467187e-01
   9.0000000e+00   3.4000000e+01   2.9339553e-15   5.3639063e-01   5.3639063e-01
   1.0000000e+01   3.4000000e+01   2.6639614e-15   4.8921875e-01   4.8921875e-01
   1.1000000e+01   3.4000000e+01   2.5925993e-15   4.7895312e-01   4.7895312e-01
   1.2000000e+01   3.4000000e+01   2.7989173e-15   5.1782812e-01   5.1782812e-01
   1.3000000e+01   3.4000000e+01   3.0559056e-15   5.7435938e-01   5.7435938e-01
   1.4000000e+01   3.4000000e+01   3.4014419e-15   6.2510937e-01   6.2510937e-01
   1.5000000e+01   3.4000000e+01   3.6524745e-15   6.8768750e-01   6.8768750e-01
   1.6000000e+01   3.4000000e+01   3.2677639e-15   6.0653125e-01   6.0653125e-01
   1.7000000e+01   3.4000000e+01   2.3656308e-15   4.1068750e-01   4.1068750e-01
   1.8000000e+01   3.4000000e+01   1.1391486e-15   1.5292187e-01   1.5292187e-01
   1.9000000e+01   3.4000000e+01   1.0337804e-15   1.2701562e-01   1.2701562e-01
   2.0000000e+01   3.4000000e+01   1.7269653e-15   2.7473437e-01   2.7473437e-01
   2.1000000e+01   3.4000000e+01   2.6093154e-15   4.7403125e-01   4.7403125e-01
   2.2000000e+01   3.4000000e+01   3.6325466e-15   6.8945313e-01   6.8945313e-01
   2.3000000e+01   3.4000000e+01   3.6245311e-15   6.8473438e-01   6.8473438e-01
   2.4000000e+01   3.4000000e+01   3.3636470e-15   6.3629687e-01   6.3629687e-01
   2.5000000e+01   3.4000000e+01   3.2717478e-15   6.1985937e-01   6.1985937e-01
   2.6000000e+01   3.4000000e+01   2.9010346e-15   5.3107812e-01   5.3107812e-01
   2.7000000e+01   3.4000000e+01   2.6038943e-15   4.6970313e-01   4.6970313e-01
   2.8000000e+01   3.4000000e+01   2.5529411e-15   4.6982812e-01   4.6982812e-01
   2.9000000e+01   3.4000000e+01   2.7543962e-15   5.1232813e-01   5.1232813e-01
   3.0000000e+01   3.4000000e+01   3.0035011e-15   5.6203125e-01   5.6203125e-01
   3.1000000e+01   3.4000000e+01   3.3051267e-15   6.1185937e-01   6.1185937e-01
   3.2000000e+01   3.4000000e+01   3.3154698e-15   6.1396875e-01   6.1396875e-01
   3.3000000e+01   3.4000000e+01   2.6112023e-15   4.7590625e-01   4.7590625e-01
   3.4000000e+01   3.4000000e+01   1.6928618e-15   2.6584375e-01   2.6584375e-01
   3.5000000e+01   3.4000000e+01   1.0748668e-15   1.2623437e-01   1.2623437e-01
   1.0000000e+00   3.5000000e+01   1.6519156e-15   2.6442187e-01   2.6442187e-01
   2.0000000e+00   3.5000000e+01   1.5528334e-15   2.4604687e-01   2.4604687e-01
   3.0000000e+00   3.5000000e+01   2.9093271e-15   5.3285937e-01   5.3285937e-01
   4.0000000e+00   3.5000000e+01   3.6441607e-15   6.8981250e-01   6.8981250e-01
   5.0000000e+00   3.5000000e+01   3.5941456e-15   6.7217187e-01   6.7217187e-01
   6.0000000e+00   3.5000000e+01   3.5160343e-15   6.5573437e-01   6.5573437e-01
   7.0000000e+00   3.5000000e+01   3.4358824e-15   6.4492187e-01   6.4492187e-01
   8.0000000e+00   3.5000000e+01   3.2470078e-15   6.0709375e-01   6.0709375e-01
   9.0000000e+00   3.5000000e+01   2.9644688e-15   5.5431250e-01   5.5431250e-01
   1.0000000e+01   3.5000000e+01   2.6769999e-15   4.9028125e-01   4.9028125e-01
   1.1000000e+01   3.5000000e+01   2.6320811e-15   4.7954687e-01   4.7954687e-01
   1.2000000e+01   3.5000000e+01   2.8027077e-15   5.1710937e-01   5.1710937e-01
   1.3000000e+01   3.5000000e+01   3.0931380e-15   5.7873438e-01   5.7873438e-01
   1.4000000e+01   3.5000000e+01   3.3707019e-15   6.3065625e-01   6.3065625e-01
   1.5000000e+01   3.5000000e+01   3.5194264e-15   6.5706250e-01   6.5706250e-01
   1.6000000e+01   3.5000000e+01   3.5657507e-15   6.6718750e-01   6.6718750e-01
   1.7000000e+01   3.5000000e+01   3.1566155e-15   5.8117188e-01   5.8117188e-01
   1.8000000e+01   3.5000000e+01   1.6076189e-15   2.5439062e-01   2.5439062e-01
   1.9000000e+01   3.5000000e+01   1.2812743e-15   1.8892187e-01   1.8892187e-01
   2.0000000e+01   3.5000000e+01   2.5698774e-15   4.6315625e-01   4.6315625e-01
   2.1000000e+01   3.5000000e+01   3.5285265e-15   6.6982813e-01   6.6982813e-01
   2.2000000e+01   3.5000000e+01   3.7045205e-15   6.9764063e-01   6.9764063e-01
   2.3000000e+01   3.5000000e+01   3.5003585e-15   6.6531250e-01   6.6531250e-01
   2.4000000e+01   3.5000000e+01   3.3479216e-15   6.2765625e-01   6.2765625e-01
   2.5000000e+01   3.5000000e+01   3.2993395e-15   6.1098437e-01   6.1098437e-01
   2.6000000e+01   3.5000000e+01   3.1282674e-15   5.8407813e-01   5.8407813e-01
   2.7000000e+01   3.5000000e+01   2.7173953e-15   4.9942188e-01   4.9942188e-01
   2.8000000e+01   3.5000000e+01   2.5767204e-15   4.6853125e-01   4.6853125e-01
   2.9000000e+01   3.5000000e+01   2.7780787e-15   5.0365625e-01   5.0365625e-01
   3.0000000e+01   3.5000000e+01   3.0776072e-15   5.7593750e-01   5.7593750e-01
   3.1000000e+01   3.5000000e+01   3.4645179e-15   6.5673437e-01   6.5673437e-01
   3.2000000e+01   3.5000000e+01   3.6830625e-15   7.0007813e-01   7.0007813e-01
   3.3000000e+01   3.5000000e+01   3.5595996e-15   6.7062500e-01   6.7062500e-01
   3.4000000e+01   3.5000000e+01   2.5795820e-15   4.6403125e-01   4.6403125e-01
   3.5000000e+01   3.5000000e+01   1.3925150e-15   2.0421875e-01   2.0421875e-01
