   1.0000000e+00   1.0000000e+00   1.2686385e-15   1.8876562e-01   1.8876562e-01
   2.0000000e+00   1.0000000e+00   2.1317611e-15   3.6703125e-01   3.6703125e-01
   3.0000000e+00   1.0000000e+00   2.4848259e-15   4.4865625e-01   4.4865625e-01
   4.0000000e+00   1.0000000e+00   2.6168375e-15   4.7701562e-01   4.7701562e-01
   5.0000000e+00   1.0000000e+00   2.6957333e-15   4.9871875e-01   4.9871875e-01
   6.0000000e+00   1.0000000e+00   2.6959317e-15   4.9862500e-01   4.9862500e-01
   7.0000000e+00   1.0000000e+00   2.7529919e-15   5.1668750e-01   5.1668750e-01
   8.0000000e+00   1.0000000e+00   2.8812905e-15   5.4843750e-01   5.4843750e-01
   9.0000000e+00   1.0000000e+00   2.8053106e-15   5.3585938e-01   5.3585938e-01
   1.0000000e+01   1.0000000e+00   2.7780663e-15   5.2496875e-01   5.2496875e-01
   1.1000000e+01   1.0000000e+00   2.9121679e-15   5.4765625e-01   5.4765625e-01
   1.2000000e+01   1.0000000e+00   2.8369624e-15   5.2832813e-01   5.2832813e-01
   1.3000000e+01   1.0000000e+00   2.7895020e-15   5.1239062e-01   5.1239062e-01
   1.4000000e+01   1.0000000e+00   2.7083328e-15   5.0523438e-01   5.0523438e-01
   1.5000000e+01   1.0000000e+00   2.7270326e-15   5.0853125e-01   5.0853125e-01
   1.6000000e+01   1.0000000e+00   2.6189868e-15   4.7926562e-01   4.7926562e-01
   1.7000000e+01   1.0000000e+00   1.7465614e-15   2.9095312e-01   2.9095312e-01
   1.8000000e+01   1.0000000e+00   1.2166189e-15   1.7525000e-01   1.7525000e-01
   1.9000000e+01   1.0000000e+00   2.1146861e-15   3.7287500e-01   3.7287500e-01
   2.0000000e+01   1.0000000e+00   2.7145166e-15   5.0578125e-01   5.0578125e-01
   2.1000000e+01   1.0000000e+00   2.8204186e-15   5.3431250e-01   5.3431250e-01
   2.2000000e+01   1.0000000e+00   2.9569109e-15   5.5073438e-01   5.5073438e-01
   2.3000000e+01   1.0000000e+00   2.9280497e-15   5.4378125e-01   5.4378125e-01
   2.4000000e+01   1.0000000e+00   2.8965808e-15   5.5007812e-01   5.5007812e-01
   2.5000000e+01   1.0000000e+00   2.8810693e-15   5.5229688e-01   5.5229688e-01
   2.6000000e+01   1.0000000e+00   2.7479244e-15   5.2009375e-01   5.2009375e-01
   2.7000000e+01   1.0000000e+00   2.6614289e-15   4.8778125e-01   4.8778125e-01
   2.8000000e+01   1.0000000e+00   2.7593324e-15   5.1248437e-01   5.1248437e-01
   2.9000000e+01   1.0000000e+00   2.7512779e-15   5.1531250e-01   5.1531250e-01
   3.0000000e+01   1.0000000e+00   2.8388934e-15   5.2890625e-01   5.2890625e-01
   3.1000000e+01   1.0000000e+00   2.8808926e-15   5.4020313e-01   5.4020313e-01
   3.2000000e+01   1.0000000e+00   2.9253218e-15   5.5660937e-01   5.5660937e-01
   3.3000000e+01   1.0000000e+00   2.7985881e-15   5.2370312e-01   5.2370312e-01
   3.4000000e+01   1.0000000e+00   1.6783960e-15   2.7371875e-01   2.7371875e-01
   3.5000000e+01   1.0000000e+00   1.2159680e-15   1.7650000e-01   1.7650000e-01
   1.0000000e+00   2.0000000e+00   1.2422892e-15   1.8089062e-01   1.8089062e-01
   2.0000000e+00   2.0000000e+00   2.0178510e-15   3.4298437e-01   3.4298437e-01
   3.0000000e+00   2.0000000e+00   2.3069335e-15   4.2029687e-01   4.2029687e-01
   4.0000000e+00   2.0000000e+00   2.3205080e-15   4.2300000e-01   4.2300000e-01
   5.0000000e+00   2.0000000e+00   2.5309213e-15   4.6075000e-01   4.6075000e-01
   6.0000000e+00   2.0000000e+00   2.6529777e-15   4.9256250e-01   4.9256250e-01
   7.0000000e+00   2.0000000e+00   2.6734673e-15   5.0848437e-01   5.0848437e-01
   8.0000000e+00   2.0000000e+00   2.8715529e-15   5.4604688e-01   5.4604688e-01
   9.0000000e+00   2.0000000e+00   2.9041478e-15   5.4085937e-01   5.4085937e-01
   1.0000000e+01   2.0000000e+00   2.9429928e-15   5.5581250e-01   5.5581250e-01
   1.1000000e+01   2.0000000e+00   2.9945070e-15   5.6764063e-01   5.6764063e-01
   1.2000000e+01   2.0000000e+00   2.9316216e-15   5.5153125e-01   5.5153125e-01
   1.3000000e+01   2.0000000e+00   2.8002975e-15   5.2556250e-01   5.2556250e-01
   1.4000000e+01   2.0000000e+00   2.4985943e-15   4.7128125e-01   4.7128125e-01
   1.5000000e+01   2.0000000e+00   2.5050674e-15   4.6579688e-01   4.6579688e-01
   1.6000000e+01   2.0000000e+00   2.4189379e-15   4.4309375e-01   4.4309375e-01
   1.7000000e+01   2.0000000e+00   1.6405009e-15   2.7150000e-01   2.7150000e-01
   1.8000000e+01   2.0000000e+00   1.1505959e-15   1.7093750e-01   1.7093750e-01
   1.9000000e+01   2.0000000e+00   1.9363035e-15   3.3729688e-01   3.3729688e-01
   2.0000000e+01   2.0000000e+00   2.3936541e-15   4.3104688e-01   4.3104688e-01
   2.1000000e+01   2.0000000e+00   2.5981629e-15   4.8420312e-01   4.8420312e-01
   2.2000000e+01   2.0000000e+00   2.6604429e-15   4.9539062e-01   4.9539062e-01
   2.3000000e+01   2.0000000e+00   2.6143582e-15   4.8976562e-01   4.8976562e-01
   2.4000000e+01   2.0000000e+00   2.7778080e-15   5.2128125e-01   5.2128125e-01
   2.5000000e+01   2.0000000e+00   2.9903403e-15   5.7068750e-01   5.7068750e-01
   2.6000000e+01   2.0000000e+00   2.9077567e-15   5.4887500e-01   5.4887500e-01
   2.7000000e+01   2.0000000e+00   2.7261718e-15   5.0207812e-01   5.0207812e-01
   2.8000000e+01   2.0000000e+00   2.8491001e-15   5.3462500e-01   5.3462500e-01
   2.9000000e+01   2.0000000e+00   2.8800787e-15   5.4325000e-01   5.4325000e-01
   3.0000000e+01   2.0000000e+00   2.8118909e-15   5.2898437e-01   5.2898437e-01
   3.1000000e+01   2.0000000e+00   2.8294847e-15   5.3440625e-01   5.3440625e-01
   3.2000000e+01   2.0000000e+00   2.7337915e-15   5.1892187e-01   5.1892187e-01
   3.3000000e+01   2.0000000e+00   2.4806429e-15   4.6192187e-01   4.6192187e-01
   3.4000000e+01   2.0000000e+00   1.4447045e-15   2.3445312e-01   2.3445312e-01
   3.5000000e+01   2.0000000e+00   1.1308936e-15   1.6856250e-01   1.6856250e-01
   1.0000000e+00   3.0000000e+00   1.2589110e-15   1.8800000e-01   1.8800000e-01
   2.0000000e+00   3.0000000e+00   2.0188679e-15   3.5248437e-01   3.5248437e-01
   3.0000000e+00   3.0000000e+00   2.2709916e-15   4.1156250e-01   4.1156250e-01
   4.0000000e+00   3.0000000e+00   2.3233190e-15   4.2570312e-01   4.2570312e-01
   5.0000000e+00   3.0000000e+00   2.3642935e-15   4.2846875e-01   4.2846875e-01
   6.0000000e+00   3.0000000e+00   2.4231257e-15   4.4682812e-01   4.4682812e-01
   7.0000000e+00   3.0000000e+00   2.6178282e-15   4.8239062e-01   4.8239062e-01
   8.0000000e+00   3.0000000e+00   2.8097776e-15   5.2345312e-01   5.2345312e-01
   9.0000000e+00   3.0000000e+00   2.8335861e-15   5.2329687e-01   5.2329687e-01
   1.0000000e+01   3.0000000e+00   2.8759281e-15   5.3240625e-01   5.3240625e-01
   1.1000000e+01   3.0000000e+00   3.0150090e-15   5.7985937e-01   5.7985937e-01
   1.2000000e+01   3.0000000e+00   2.8890911e-15   5.5015625e-01   5.5015625e-01
   1.3000000e+01   3.0000000e+00   2.5762834e-15   4.7907813e-01   4.7907813e-01
   1.4000000e+01   3.0000000e+00   2.5183294e-15   4.6910938e-01   4.6910938e-01
   1.5000000e+01   3.0000000e+00   2.3945659e-15   4.4785937e-01   4.4785937e-01
   1.6000000e+01   3.0000000e+00   2.1871367e-15   3.9043750e-01   3.9043750e-01
   1.7000000e+01   3.0000000e+00   1.5453069e-15   2.4578125e-01   2.4578125e-01
   1.8000000e+01   3.0000000e+00   1.1101608e-15   1.6228125e-01   1.6228125e-01
   1.9000000e+01   3.0000000e+00   1.7818391e-15   2.9876562e-01   2.9876562e-01
   2.0000000e+01   3.0000000e+00   2.2423126e-15   4.0159375e-01   4.0159375e-01
   2.1000000e+01   3.0000000e+00   2.4005433e-15   4.4112500e-01   4.4112500e-01
   2.2000000e+01   3.0000000e+00   2.4529151e-15   4.5229687e-01   4.5229687e-01
   2.3000000e+01   3.0000000e+00   2.5179625e-15   4.5739063e-01   4.5739063e-01
   2.4000000e+01   3.0000000e+00   2.7687187e-15   5.1517187e-01   5.1517187e-01
   2.5000000e+01   3.0000000e+00   2.9331159e-15   5.5968750e-01   5.5968750e-01
   2.6000000e+01   3.0000000e+00   2.7668918e-15   5.1642188e-01   5.1642188e-01
   2.7000000e+01   3.0000000e+00   2.5952890e-15   4.6717188e-01   4.6717188e-01
   2.8000000e+01   3.0000000e+00   2.8350687e-15   5.2781250e-01   5.2781250e-01
   2.9000000e+01   3.0000000e+00   2.9885139e-15   5.5126562e-01   5.5126562e-01
   3.0000000e+01   3.0000000e+00   2.7717517e-15   5.1589062e-01   5.1589062e-01
   3.1000000e+01   3.0000000e+00   2.7153637e-15   5.0384375e-01   5.0384375e-01
   3.2000000e+01   3.0000000e+00   2.5858013e-15   4.7601562e-01   4.7601562e-01
   3.3000000e+01   3.0000000e+00   2.4210385e-15   4.3965625e-01   4.3965625e-01
   3.4000000e+01   3.0000000e+00   1.4888687e-15   2.3621875e-01   2.3621875e-01
   3.5000000e+01   3.0000000e+00   1.2253494e-15   1.7542187e-01   1.7542187e-01
   1.0000000e+00   4.0000000e+00   1.3278531e-15   1.9846875e-01   1.9846875e-01
   2.0000000e+00   4.0000000e+00   2.0803828e-15   3.5510938e-01   3.5510938e-01
   3.0000000e+00   4.0000000e+00   2.4347604e-15   4.3039062e-01   4.3039062e-01
   4.0000000e+00   4.0000000e+00   2.4506855e-15   4.5125000e-01   4.5125000e-01
   5.0000000e+00   4.0000000e+00   2.5471575e-15   4.6923437e-01   4.6923437e-01
   6.0000000e+00   4.0000000e+00   2.5712732e-15   4.8310937e-01   4.8310937e-01
   7.0000000e+00   4.0000000e+00   2.7126123e-15   5.0956250e-01   5.0956250e-01
   8.0000000e+00   4.0000000e+00   2.8354014e-15   5.3931250e-01   5.3931250e-01
   9.0000000e+00   4.0000000e+00   2.6712721e-15   5.0732813e-01   5.0732813e-01
   1.0000000e+01   4.0000000e+00   2.6953550e-15   5.0456250e-01   5.0456250e-01
   1.1000000e+01   4.0000000e+00   2.9793455e-15   5.6276562e-01   5.6276562e-01
   1.2000000e+01   4.0000000e+00   3.0216470e-15   5.7931250e-01   5.7931250e-01
   1.3000000e+01   4.0000000e+00   2.6954970e-15   5.0992187e-01   5.0992187e-01
   1.4000000e+01   4.0000000e+00   2.5035486e-15   4.6962500e-01   4.6962500e-01
   1.5000000e+01   4.0000000e+00   2.3678072e-15   4.4112500e-01   4.4112500e-01
   1.6000000e+01   4.0000000e+00   2.2166338e-15   4.0714062e-01   4.0714062e-01
   1.7000000e+01   4.0000000e+00   1.4985511e-15   2.4028125e-01   2.4028125e-01
   1.8000000e+01   4.0000000e+00   1.0734580e-15   1.5784375e-01   1.5784375e-01
   1.9000000e+01   4.0000000e+00   1.7778634e-15   3.0559375e-01   3.0559375e-01
   2.0000000e+01   4.0000000e+00   2.2124142e-15   3.9478125e-01   3.9478125e-01
   2.1000000e+01   4.0000000e+00   2.3122634e-15   4.2787500e-01   4.2787500e-01
   2.2000000e+01   4.0000000e+00   2.4267113e-15   4.5398438e-01   4.5398438e-01
   2.3000000e+01   4.0000000e+00   2.5074635e-15   4.7010938e-01   4.7010938e-01
   2.4000000e+01   4.0000000e+00   2.6920155e-15   5.0925000e-01   5.0925000e-01
   2.5000000e+01   4.0000000e+00   2.7953689e-15   5.3617187e-01   5.3617187e-01
   2.6000000e+01   4.0000000e+00   2.5441161e-15   4.7600000e-01   4.7600000e-01
   2.7000000e+01   4.0000000e+00   2.4844422e-15   4.4573437e-01   4.4573437e-01
   2.8000000e+01   4.0000000e+00   2.8861834e-15   5.3460937e-01   5.3460937e-01
   2.9000000e+01   4.0000000e+00   2.9474839e-15   5.5712500e-01   5.5712500e-01
   3.0000000e+01   4.0000000e+00   2.6482606e-15   5.0795313e-01   5.0795313e-01
   3.1000000e+01   4.0000000e+00   2.5115934e-15   4.6901562e-01   4.6901562e-01
   3.2000000e+01   4.0000000e+00   2.3517914e-15   4.4165625e-01   4.4165625e-01
   3.3000000e+01   4.0000000e+00   2.1807325e-15   3.9006250e-01   3.9006250e-01
   3.4000000e+01   4.0000000e+00   1.4139133e-15   2.1901562e-01   2.1901562e-01
   3.5000000e+01   4.0000000e+00   1.1665144e-15   1.6879687e-01   1.6879687e-01
   1.0000000e+00   5.0000000e+00   1.4448072e-15   2.2621875e-01   2.2621875e-01
   2.0000000e+00   5.0000000e+00   2.2813714e-15   4.1918750e-01   4.1918750e-01
   3.0000000e+00   5.0000000e+00   2.6357377e-15   4.8587500e-01   4.8587500e-01
   4.0000000e+00   5.0000000e+00   2.5925657e-15   4.8390625e-01   4.8390625e-01
   5.0000000e+00   5.0000000e+00   2.7209452e-15   5.0928125e-01   5.0928125e-01
   6.0000000e+00   5.0000000e+00   2.7070301e-15   5.1864062e-01   5.1864062e-01
   7.0000000e+00   5.0000000e+00   2.8204052e-15   5.3175000e-01   5.3175000e-01
   8.0000000e+00   5.0000000e+00   2.8961059e-15   5.3871875e-01   5.3871875e-01
   9.0000000e+00   5.0000000e+00   2.7703781e-15   5.2393750e-01   5.2393750e-01
   1.0000000e+01   5.0000000e+00   2.7766935e-15   5.2715625e-01   5.2715625e-01
   1.1000000e+01   5.0000000e+00   2.9918568e-15   5.7248437e-01   5.7248437e-01
   1.2000000e+01   5.0000000e+00   2.9767160e-15   5.6520313e-01   5.6520313e-01
   1.3000000e+01   5.0000000e+00   2.8306401e-15   5.4234375e-01   5.4234375e-01
   1.4000000e+01   5.0000000e+00   2.7404730e-15   5.0953125e-01   5.0953125e-01
   1.5000000e+01   5.0000000e+00   2.6892304e-15   4.9934375e-01   4.9934375e-01
   1.6000000e+01   5.0000000e+00   2.4621799e-15   4.4153125e-01   4.4153125e-01
   1.7000000e+01   5.0000000e+00   1.4937477e-15   2.4350000e-01   2.4350000e-01
   1.8000000e+01   5.0000000e+00   1.2138644e-15   1.7670312e-01   1.7670312e-01
   1.9000000e+01   5.0000000e+00   1.9860050e-15   3.4603125e-01   3.4603125e-01
   2.0000000e+01   5.0000000e+00   2.3865914e-15   4.2737500e-01   4.2737500e-01
   2.1000000e+01   5.0000000e+00   2.4964604e-15   4.5454687e-01   4.5454687e-01
   2.2000000e+01   5.0000000e+00   2.5600811e-15   4.8104687e-01   4.8104687e-01
   2.3000000e+01   5.0000000e+00   2.6055999e-15   4.8670313e-01   4.8670313e-01
   2.4000000e+01   5.0000000e+00   2.7200983e-15   4.9293750e-01   4.9293750e-01
   2.5000000e+01   5.0000000e+00   2.7455150e-15   5.1390625e-01   5.1390625e-01
   2.6000000e+01   5.0000000e+00   2.6579171e-15   4.8914063e-01   4.8914063e-01
   2.7000000e+01   5.0000000e+00   2.5411447e-15   4.6710937e-01   4.6710937e-01
   2.8000000e+01   5.0000000e+00   2.9281214e-15   5.4921875e-01   5.4921875e-01
   2.9000000e+01   5.0000000e+00   2.9156328e-15   5.5521875e-01   5.5521875e-01
   3.0000000e+01   5.0000000e+00   2.6922647e-15   5.0460938e-01   5.0460938e-01
   3.1000000e+01   5.0000000e+00   2.5199658e-15   4.6892187e-01   4.6892187e-01
   3.2000000e+01   5.0000000e+00   2.4610611e-15   4.5062500e-01   4.5062500e-01
   3.3000000e+01   5.0000000e+00   2.2546526e-15   4.0268750e-01   4.0268750e-01
   3.4000000e+01   5.0000000e+00   1.3934724e-15   2.1425000e-01   2.1425000e-01
   3.5000000e+01   5.0000000e+00   1.2230937e-15   1.7421875e-01   1.7421875e-01
   1.0000000e+00   6.0000000e+00   1.3885898e-15   2.1815625e-01   2.1815625e-01
   2.0000000e+00   6.0000000e+00   2.3951233e-15   4.3179687e-01   4.3179687e-01
   3.0000000e+00   6.0000000e+00   2.7932978e-15   5.2070313e-01   5.2070313e-01
   4.0000000e+00   6.0000000e+00   2.8026756e-15   5.3082812e-01   5.3082812e-01
   5.0000000e+00   6.0000000e+00   2.8065367e-15   5.2868750e-01   5.2868750e-01
   6.0000000e+00   6.0000000e+00   2.7503606e-15   5.2060938e-01   5.2060938e-01
   7.0000000e+00   6.0000000e+00   2.7227474e-15   5.1025000e-01   5.1025000e-01
   8.0000000e+00   6.0000000e+00   2.5840204e-15   4.8759375e-01   4.8759375e-01
   9.0000000e+00   6.0000000e+00   2.5610462e-15   4.6800000e-01   4.6800000e-01
   1.0000000e+01   6.0000000e+00   2.5916353e-15   4.7729687e-01   4.7729687e-01
   1.1000000e+01   6.0000000e+00   2.7937035e-15   5.2684375e-01   5.2684375e-01
   1.2000000e+01   6.0000000e+00   2.8823429e-15   5.5071875e-01   5.5071875e-01
   1.3000000e+01   6.0000000e+00   2.9392847e-15   5.5871875e-01   5.5871875e-01
   1.4000000e+01   6.0000000e+00   2.9023402e-15   5.4950000e-01   5.4950000e-01
   1.5000000e+01   6.0000000e+00   2.9490972e-15   5.4959375e-01   5.4959375e-01
   1.6000000e+01   6.0000000e+00   2.6196123e-15   4.8743750e-01   4.8743750e-01
   1.7000000e+01   6.0000000e+00   1.5812668e-15   2.5410937e-01   2.5410937e-01
   1.8000000e+01   6.0000000e+00   1.2367013e-15   1.8348437e-01   1.8348437e-01
   1.9000000e+01   6.0000000e+00   2.1250718e-15   3.7679687e-01   3.7679687e-01
   2.0000000e+01   6.0000000e+00   2.5818990e-15   4.7659375e-01   4.7659375e-01
   2.1000000e+01   6.0000000e+00   2.6650772e-15   5.0096875e-01   5.0096875e-01
   2.2000000e+01   6.0000000e+00   2.7532197e-15   5.2046875e-01   5.2046875e-01
   2.3000000e+01   6.0000000e+00   2.7513656e-15   5.1489063e-01   5.1489063e-01
   2.4000000e+01   6.0000000e+00   2.6971423e-15   5.0906250e-01   5.0906250e-01
   2.5000000e+01   6.0000000e+00   2.7136842e-15   5.0884375e-01   5.0884375e-01
   2.6000000e+01   6.0000000e+00   2.6287125e-15   4.9281250e-01   4.9281250e-01
   2.7000000e+01   6.0000000e+00   2.6433957e-15   4.8929687e-01   4.8929687e-01
   2.8000000e+01   6.0000000e+00   2.8543649e-15   5.4096875e-01   5.4096875e-01
   2.9000000e+01   6.0000000e+00   2.9140658e-15   5.6295312e-01   5.6295312e-01
   3.0000000e+01   6.0000000e+00   2.7699928e-15   5.2620312e-01   5.2620312e-01
   3.1000000e+01   6.0000000e+00   2.8092602e-15   5.2389062e-01   5.2389062e-01
   3.2000000e+01   6.0000000e+00   2.6965958e-15   5.0876563e-01   5.0876563e-01
   3.3000000e+01   6.0000000e+00   2.5920849e-15   4.7648437e-01   4.7648437e-01
   3.4000000e+01   6.0000000e+00   1.4256671e-15   2.3464062e-01   2.3464062e-01
   3.5000000e+01   6.0000000e+00   1.2735631e-15   1.8906250e-01   1.8906250e-01
   1.0000000e+00   7.0000000e+00   1.4332659e-15   2.2273437e-01   2.2273437e-01
   2.0000000e+00   7.0000000e+00   2.6785853e-15   4.8570313e-01   4.8570313e-01
   3.0000000e+00   7.0000000e+00   3.0697760e-15   5.8467187e-01   5.8467187e-01
   4.0000000e+00   7.0000000e+00   3.0162994e-15   5.6853125e-01   5.6853125e-01
   5.0000000e+00   7.0000000e+00   2.9975352e-15   5.6726563e-01   5.6726563e-01
   6.0000000e+00   7.0000000e+00   2.9536271e-15   5.5926562e-01   5.5926562e-01
   7.0000000e+00   7.0000000e+00   2.8806267e-15   5.5343750e-01   5.5343750e-01
   8.0000000e+00   7.0000000e+00   2.7059078e-15   5.1150000e-01   5.1150000e-01
   9.0000000e+00   7.0000000e+00   2.4678073e-15   4.6226563e-01   4.6226563e-01
   1.0000000e+01   7.0000000e+00   2.3716144e-15   4.4378125e-01   4.4378125e-01
   1.1000000e+01   7.0000000e+00   2.5608893e-15   4.8029687e-01   4.8029687e-01
   1.2000000e+01   7.0000000e+00   2.7479805e-15   5.1498438e-01   5.1498438e-01
   1.3000000e+01   7.0000000e+00   2.9495773e-15   5.5648437e-01   5.5648437e-01
   1.4000000e+01   7.0000000e+00   3.0488327e-15   5.8425000e-01   5.8425000e-01
   1.5000000e+01   7.0000000e+00   3.0047728e-15   5.5692188e-01   5.5692188e-01
   1.6000000e+01   7.0000000e+00   2.6936488e-15   4.9140625e-01   4.9140625e-01
   1.7000000e+01   7.0000000e+00   1.5924590e-15   2.5998437e-01   2.5998437e-01
   1.8000000e+01   7.0000000e+00   1.2412964e-15   1.9087500e-01   1.9087500e-01
   1.9000000e+01   7.0000000e+00   2.2347612e-15   3.9879688e-01   3.9879688e-01
   2.0000000e+01   7.0000000e+00   2.7698035e-15   5.1464062e-01   5.1464062e-01
   2.1000000e+01   7.0000000e+00   2.9078184e-15   5.5176563e-01   5.5176563e-01
   2.2000000e+01   7.0000000e+00   2.8419791e-15   5.4057813e-01   5.4057813e-01
   2.3000000e+01   7.0000000e+00   2.7411761e-15   5.1912500e-01   5.1912500e-01
   2.4000000e+01   7.0000000e+00   2.6789326e-15   5.0882812e-01   5.0882812e-01
   2.5000000e+01   7.0000000e+00   2.8010267e-15   5.1985938e-01   5.1985938e-01
   2.6000000e+01   7.0000000e+00   2.5143972e-15   4.6618750e-01   4.6618750e-01
   2.7000000e+01   7.0000000e+00   2.5646279e-15   4.7237500e-01   4.7237500e-01
   2.8000000e+01   7.0000000e+00   2.7395274e-15   5.2040625e-01   5.2040625e-01
   2.9000000e+01   7.0000000e+00   2.7689662e-15   5.1896875e-01   5.1896875e-01
   3.0000000e+01   7.0000000e+00   2.9326589e-15   5.4895312e-01   5.4895312e-01
   3.1000000e+01   7.0000000e+00   2.9358065e-15   5.6935938e-01   5.6935938e-01
   3.2000000e+01   7.0000000e+00   3.0078279e-15   5.6489062e-01   5.6489062e-01
   3.3000000e+01   7.0000000e+00   2.6866473e-15   4.9878125e-01   4.9878125e-01
   3.4000000e+01   7.0000000e+00   1.5410572e-15   2.5001562e-01   2.5001562e-01
   3.5000000e+01   7.0000000e+00   1.2643532e-15   1.9389062e-01   1.9389062e-01
   1.0000000e+00   8.0000000e+00   1.1210997e-15   1.5739062e-01   1.5739062e-01
   2.0000000e+00   8.0000000e+00   2.1441309e-15   3.7614063e-01   3.7614063e-01
   3.0000000e+00   8.0000000e+00   2.9614626e-15   5.4814063e-01   5.4814063e-01
   4.0000000e+00   8.0000000e+00   3.1710066e-15   6.1026563e-01   6.1026563e-01
   5.0000000e+00   8.0000000e+00   3.1823133e-15   6.0050000e-01   6.0050000e-01
   6.0000000e+00   8.0000000e+00   3.1174115e-15   5.8654688e-01   5.8654688e-01
   7.0000000e+00   8.0000000e+00   2.9289410e-15   5.5575000e-01   5.5575000e-01
   8.0000000e+00   8.0000000e+00   2.5863324e-15   4.8984375e-01   4.8984375e-01
   9.0000000e+00   8.0000000e+00   2.3295262e-15   4.2982813e-01   4.2982813e-01
   1.0000000e+01   8.0000000e+00   2.2915632e-15   4.1857812e-01   4.1857812e-01
   1.1000000e+01   8.0000000e+00   2.5605955e-15   4.7178125e-01   4.7178125e-01
   1.2000000e+01   8.0000000e+00   2.8086779e-15   5.3951562e-01   5.3951562e-01
   1.3000000e+01   8.0000000e+00   2.9691125e-15   5.6501563e-01   5.6501563e-01
   1.4000000e+01   8.0000000e+00   3.0716680e-15   5.7798437e-01   5.7798437e-01
   1.5000000e+01   8.0000000e+00   3.0522246e-15   5.6878125e-01   5.6878125e-01
   1.6000000e+01   8.0000000e+00   2.7111541e-15   4.9812500e-01   4.9812500e-01
   1.7000000e+01   8.0000000e+00   1.6272158e-15   2.6346875e-01   2.6346875e-01
   1.8000000e+01   8.0000000e+00   1.1988769e-15   1.7356250e-01   1.7356250e-01
   1.9000000e+01   8.0000000e+00   2.2429864e-15   4.0368750e-01   4.0368750e-01
   2.0000000e+01   8.0000000e+00   2.9738884e-15   5.5839062e-01   5.5839062e-01
   2.1000000e+01   8.0000000e+00   2.9962291e-15   5.6939063e-01   5.6939063e-01
   2.2000000e+01   8.0000000e+00   3.0523147e-15   5.6834375e-01   5.6834375e-01
   2.3000000e+01   8.0000000e+00   2.9087661e-15   5.4700000e-01   5.4700000e-01
   2.4000000e+01   8.0000000e+00   2.8047453e-15   5.1732812e-01   5.1732812e-01
   2.5000000e+01   8.0000000e+00   2.6525438e-15   4.8979688e-01   4.8979688e-01
   2.6000000e+01   8.0000000e+00   2.4765055e-15   4.6065625e-01   4.6065625e-01
   2.7000000e+01   8.0000000e+00   2.3925518e-15   4.4235938e-01   4.4235938e-01
   2.8000000e+01   8.0000000e+00   2.5862992e-15   4.7434375e-01   4.7434375e-01
   2.9000000e+01   8.0000000e+00   2.7927926e-15   5.1710937e-01   5.1710937e-01
   3.0000000e+01   8.0000000e+00   2.8841990e-15   5.4442187e-01   5.4442187e-01
   3.1000000e+01   8.0000000e+00   2.9807667e-15   5.7160937e-01   5.7160937e-01
   3.2000000e+01   8.0000000e+00   3.1246365e-15   5.9375000e-01   5.9375000e-01
   3.3000000e+01   8.0000000e+00   2.8691495e-15   5.4064062e-01   5.4064062e-01
   3.4000000e+01   8.0000000e+00   1.6374607e-15   2.7398437e-01   2.7398437e-01
   3.5000000e+01   8.0000000e+00   1.2526269e-15   1.9578125e-01   1.9578125e-01
   1.0000000e+00   9.0000000e+00   9.0688348e-16   1.1020312e-01   1.1020312e-01
   2.0000000e+00   9.0000000e+00   1.4480171e-15   2.2482812e-01   2.2482812e-01
   3.0000000e+00   9.0000000e+00   2.3335870e-15   4.0792187e-01   4.0792187e-01
   4.0000000e+00   9.0000000e+00   3.0887347e-15   5.8390625e-01   5.8390625e-01
   5.0000000e+00   9.0000000e+00   3.1921813e-15   6.0190625e-01   6.0190625e-01
   6.0000000e+00   9.0000000e+00   3.0543680e-15   5.7034375e-01   5.7034375e-01
   7.0000000e+00   9.0000000e+00   2.8950750e-15   5.3806250e-01   5.3806250e-01
   8.0000000e+00   9.0000000e+00   2.5831347e-15   4.8245312e-01   4.8245312e-01
   9.0000000e+00   9.0000000e+00   2.4079222e-15   4.4096875e-01   4.4096875e-01
   1.0000000e+01   9.0000000e+00   2.3278800e-15   4.2985937e-01   4.2985937e-01
   1.1000000e+01   9.0000000e+00   2.5618938e-15   4.7275000e-01   4.7275000e-01
   1.2000000e+01   9.0000000e+00   2.8875610e-15   5.4009375e-01   5.4009375e-01
   1.3000000e+01   9.0000000e+00   3.0566462e-15   5.8332812e-01   5.8332812e-01
   1.4000000e+01   9.0000000e+00   3.2042007e-15   6.0965625e-01   6.0965625e-01
   1.5000000e+01   9.0000000e+00   3.0125565e-15   5.6757813e-01   5.6757813e-01
   1.6000000e+01   9.0000000e+00   2.2749378e-15   4.1079687e-01   4.1079687e-01
   1.7000000e+01   9.0000000e+00   1.3230945e-15   1.9990625e-01   1.9990625e-01
   1.8000000e+01   9.0000000e+00   9.7442885e-16   1.2339062e-01   1.2339062e-01
   1.9000000e+01   9.0000000e+00   1.7788363e-15   2.9703125e-01   2.9703125e-01
   2.0000000e+01   9.0000000e+00   2.7537350e-15   4.9967187e-01   4.9967187e-01
   2.1000000e+01   9.0000000e+00   3.0889269e-15   5.7787500e-01   5.7787500e-01
   2.2000000e+01   9.0000000e+00   3.1070230e-15   5.8718750e-01   5.8718750e-01
   2.3000000e+01   9.0000000e+00   3.0267399e-15   5.7668750e-01   5.7668750e-01
   2.4000000e+01   9.0000000e+00   2.9129322e-15   5.4631250e-01   5.4631250e-01
   2.5000000e+01   9.0000000e+00   2.7784731e-15   5.1614063e-01   5.1614063e-01
   2.6000000e+01   9.0000000e+00   2.5605767e-15   4.7378125e-01   4.7378125e-01
   2.7000000e+01   9.0000000e+00   2.4297965e-15   4.3742187e-01   4.3742187e-01
   2.8000000e+01   9.0000000e+00   2.5886292e-15   4.8229687e-01   4.8229687e-01
   2.9000000e+01   9.0000000e+00   2.8812014e-15   5.4578125e-01   5.4578125e-01
   3.0000000e+01   9.0000000e+00   3.0673382e-15   5.7696875e-01   5.7696875e-01
   3.1000000e+01   9.0000000e+00   3.2135219e-15   6.0331250e-01   6.0331250e-01
   3.2000000e+01   9.0000000e+00   3.1730183e-15   6.0521875e-01   6.0521875e-01
   3.3000000e+01   9.0000000e+00   2.7564920e-15   5.0870313e-01   5.0870313e-01
   3.4000000e+01   9.0000000e+00   1.5716707e-15   2.4693750e-01   2.4693750e-01
   3.5000000e+01   9.0000000e+00   1.1603756e-15   1.6050000e-01   1.6050000e-01
   1.0000000e+00   1.0000000e+01   8.8995146e-16   9.7718750e-02   9.7718750e-02
   2.0000000e+00   1.0000000e+01   9.8635589e-16   1.1829687e-01   1.1829687e-01
   3.0000000e+00   1.0000000e+01   1.5220177e-15   2.3668750e-01   2.3668750e-01
   4.0000000e+00   1.0000000e+01   2.6563421e-15   4.8420312e-01   4.8420312e-01
   5.0000000e+00   1.0000000e+01   3.1083484e-15   5.8042187e-01   5.8042187e-01
   6.0000000e+00   1.0000000e+01   2.9522886e-15   5.4300000e-01   5.4300000e-01
   7.0000000e+00   1.0000000e+01   2.7829401e-15   5.0381250e-01   5.0381250e-01
   8.0000000e+00   1.0000000e+01   2.5107453e-15   4.5526563e-01   4.5526563e-01
   9.0000000e+00   1.0000000e+01   2.3031100e-15   4.1809375e-01   4.1809375e-01
   1.0000000e+01   1.0000000e+01   2.1941274e-15   3.9548438e-01   3.9548438e-01
   1.1000000e+01   1.0000000e+01   2.4351348e-15   4.3321875e-01   4.3321875e-01
   1.2000000e+01   1.0000000e+01   2.7702445e-15   5.1368750e-01   5.1368750e-01
   1.3000000e+01   1.0000000e+01   2.9099416e-15   5.4828125e-01   5.4828125e-01
   1.4000000e+01   1.0000000e+01   2.8703428e-15   5.3678125e-01   5.3678125e-01
   1.5000000e+01   1.0000000e+01   2.4870626e-15   4.4604687e-01   4.4604687e-01
   1.6000000e+01   1.0000000e+01   1.6575071e-15   2.6965625e-01   2.6965625e-01
   1.7000000e+01   1.0000000e+01   1.0702955e-15   1.3448437e-01   1.3448437e-01
   1.8000000e+01   1.0000000e+01   8.5966383e-16   1.0221875e-01   1.0221875e-01
   1.9000000e+01   1.0000000e+01   1.2124571e-15   1.7510937e-01   1.7510937e-01
   2.0000000e+01   1.0000000e+01   1.9743233e-15   3.4534375e-01   3.4534375e-01
   2.1000000e+01   1.0000000e+01   2.8047437e-15   5.1925000e-01   5.1925000e-01
   2.2000000e+01   1.0000000e+01   3.1424626e-15   5.8345313e-01   5.8345313e-01
   2.3000000e+01   1.0000000e+01   3.0647871e-15   5.6860937e-01   5.6860937e-01
   2.4000000e+01   1.0000000e+01   2.9757602e-15   5.5440625e-01   5.5440625e-01
   2.5000000e+01   1.0000000e+01   2.7497664e-15   5.1167188e-01   5.1167188e-01
   2.6000000e+01   1.0000000e+01   2.4984159e-15   4.6112500e-01   4.6112500e-01
   2.7000000e+01   1.0000000e+01   2.3640850e-15   4.3292188e-01   4.3292188e-01
   2.8000000e+01   1.0000000e+01   2.5832578e-15   4.7426562e-01   4.7426562e-01
   2.9000000e+01   1.0000000e+01   2.7456327e-15   5.1140625e-01   5.1140625e-01
   3.0000000e+01   1.0000000e+01   2.9534581e-15   5.4876562e-01   5.4876562e-01
   3.1000000e+01   1.0000000e+01   3.0791400e-15   5.7781250e-01   5.7781250e-01
   3.2000000e+01   1.0000000e+01   2.9268033e-15   5.4209375e-01   5.4209375e-01
   3.3000000e+01   1.0000000e+01   2.1927271e-15   3.8803125e-01   3.8803125e-01
   3.4000000e+01   1.0000000e+01   1.1989878e-15   1.7167187e-01   1.7167187e-01
   3.5000000e+01   1.0000000e+01   9.0945946e-16   1.1004687e-01   1.1004687e-01
   1.0000000e+00   1.1000000e+01   1.1752648e-15   1.6065625e-01   1.6065625e-01
   2.0000000e+00   1.1000000e+01   9.6931622e-16   1.1676562e-01   1.1676562e-01
   3.0000000e+00   1.1000000e+01   1.0387138e-15   1.2048437e-01   1.2048437e-01
   4.0000000e+00   1.1000000e+01   1.6608924e-15   2.6587500e-01   2.6587500e-01
   5.0000000e+00   1.1000000e+01   2.2664397e-15   3.9100000e-01   3.9100000e-01
   6.0000000e+00   1.1000000e+01   2.3921424e-15   4.1840625e-01   4.1840625e-01
   7.0000000e+00   1.1000000e+01   2.2654484e-15   4.0007812e-01   4.0007812e-01
   8.0000000e+00   1.1000000e+01   2.1562144e-15   3.7559375e-01   3.7559375e-01
   9.0000000e+00   1.1000000e+01   2.0516291e-15   3.5510938e-01   3.5510938e-01
   1.0000000e+01   1.1000000e+01   1.9391310e-15   3.3807812e-01   3.3807812e-01
   1.1000000e+01   1.1000000e+01   1.9918800e-15   3.5618750e-01   3.5618750e-01
   1.2000000e+01   1.1000000e+01   2.2694632e-15   4.0254687e-01   4.0254687e-01
   1.3000000e+01   1.1000000e+01   2.4107495e-15   4.3164063e-01   4.3164063e-01
   1.4000000e+01   1.1000000e+01   2.3412511e-15   4.1617187e-01   4.1617187e-01
   1.5000000e+01   1.1000000e+01   1.7757169e-15   2.9165625e-01   2.9165625e-01
   1.6000000e+01   1.1000000e+01   1.0675802e-15   1.3640625e-01   1.3640625e-01
   1.7000000e+01   1.1000000e+01   8.1301680e-16   9.4828125e-02   9.4828125e-02
   1.8000000e+01   1.1000000e+01   8.8508463e-16   9.4109375e-02   9.4109375e-02
   1.9000000e+01   1.1000000e+01   9.0505223e-16   1.0182812e-01   1.0182812e-01
   2.0000000e+01   1.1000000e+01   1.2977930e-15   1.9351562e-01   1.9351562e-01
   2.1000000e+01   1.1000000e+01   2.1443422e-15   3.6440625e-01   3.6440625e-01
   2.2000000e+01   1.1000000e+01   2.9331648e-15   5.4329688e-01   5.4329688e-01
   2.3000000e+01   1.1000000e+01   2.8634522e-15   5.3125000e-01   5.3125000e-01
   2.4000000e+01   1.1000000e+01   2.8120876e-15   5.2685938e-01   5.2685938e-01
   2.5000000e+01   1.1000000e+01   2.5949434e-15   4.6551562e-01   4.6551562e-01
   2.6000000e+01   1.1000000e+01   2.3533009e-15   4.2517187e-01   4.2517187e-01
   2.7000000e+01   1.1000000e+01   2.2433126e-15   3.9579687e-01   3.9579687e-01
   2.8000000e+01   1.1000000e+01   2.3496493e-15   4.1737500e-01   4.1737500e-01
   2.9000000e+01   1.1000000e+01   2.6387511e-15   4.7292187e-01   4.7292187e-01
   3.0000000e+01   1.1000000e+01   2.8168905e-15   5.2375000e-01   5.2375000e-01
   3.1000000e+01   1.1000000e+01   2.9024133e-15   5.3468750e-01   5.3468750e-01
   3.2000000e+01   1.1000000e+01   2.3553715e-15   4.1901563e-01   4.1901563e-01
   3.3000000e+01   1.1000000e+01   1.4275814e-15   2.1017187e-01   2.1017187e-01
   3.4000000e+01   1.1000000e+01   9.2862581e-16   1.0637500e-01   1.0637500e-01
   3.5000000e+01   1.1000000e+01   8.5047630e-16   8.8078125e-02   8.8078125e-02
   1.0000000e+00   1.2000000e+01   1.4932341e-15   2.2595312e-01   2.2595312e-01
   2.0000000e+00   1.2000000e+01   1.2588667e-15   1.8714062e-01   1.8714062e-01
   3.0000000e+00   1.2000000e+01   8.7796094e-16   9.2671875e-02   9.2671875e-02
   4.0000000e+00   1.2000000e+01   1.1479611e-15   1.5315625e-01   1.5315625e-01
   5.0000000e+00   1.2000000e+01   1.4748720e-15   2.2543750e-01   2.2543750e-01
   6.0000000e+00   1.2000000e+01   1.7628133e-15   2.7732812e-01   2.7732812e-01
   7.0000000e+00   1.2000000e+01   1.7020994e-15   2.7482812e-01   2.7482812e-01
   8.0000000e+00   1.2000000e+01   1.5575695e-15   2.4373437e-01   2.4373437e-01
   9.0000000e+00   1.2000000e+01   1.5526874e-15   2.3779687e-01   2.3779687e-01
   1.0000000e+01   1.2000000e+01   1.5344633e-15   2.3948437e-01   2.3948437e-01
   1.1000000e+01   1.2000000e+01   1.5327021e-15   2.3520312e-01   2.3520312e-01
   1.2000000e+01   1.2000000e+01   1.6636305e-15   2.5937500e-01   2.5937500e-01
   1.3000000e+01   1.2000000e+01   1.8077774e-15   2.9617187e-01   2.9617187e-01
   1.4000000e+01   1.2000000e+01   1.7108662e-15   2.7964062e-01   2.7964062e-01
   1.5000000e+01   1.2000000e+01   1.2205716e-15   1.7804687e-01   1.7804687e-01
   1.6000000e+01   1.2000000e+01   9.1151871e-16   1.0468750e-01   1.0468750e-01
   1.7000000e+01   1.2000000e+01   8.0764337e-16   9.0671875e-02   9.0671875e-02
   1.8000000e+01   1.2000000e+01   9.8843071e-16   1.2675000e-01   1.2675000e-01
   1.9000000e+01   1.2000000e+01   9.4581436e-16   1.1800000e-01   1.1800000e-01
   2.0000000e+01   1.2000000e+01   9.5978910e-16   1.0703125e-01   1.0703125e-01
   2.1000000e+01   1.2000000e+01   1.3871077e-15   2.0806250e-01   2.0806250e-01
   2.2000000e+01   1.2000000e+01   2.1544810e-15   3.7493750e-01   3.7493750e-01
   2.3000000e+01   1.2000000e+01   2.4526923e-15   4.4587500e-01   4.4587500e-01
   2.4000000e+01   1.2000000e+01   2.3620531e-15   4.1770312e-01   4.1770312e-01
   2.5000000e+01   1.2000000e+01   2.1825803e-15   3.7776562e-01   3.7776562e-01
   2.6000000e+01   1.2000000e+01   2.0190450e-15   3.4514062e-01   3.4514062e-01
   2.7000000e+01   1.2000000e+01   1.9561099e-15   3.3470312e-01   3.3470312e-01
   2.8000000e+01   1.2000000e+01   2.0180831e-15   3.4946875e-01   3.4946875e-01
   2.9000000e+01   1.2000000e+01   2.1031590e-15   3.7050000e-01   3.7050000e-01
   3.0000000e+01   1.2000000e+01   2.3184477e-15   4.1403125e-01   4.1403125e-01
   3.1000000e+01   1.2000000e+01   2.3433656e-15   4.1640625e-01   4.1640625e-01
   3.2000000e+01   1.2000000e+01   1.7455981e-15   2.8823437e-01   2.8823437e-01
   3.3000000e+01   1.2000000e+01   1.0918748e-15   1.3681250e-01   1.3681250e-01
   3.4000000e+01   1.2000000e+01   8.3142434e-16   8.7250000e-02   8.7250000e-02
   3.5000000e+01   1.2000000e+01   8.7295985e-16   9.6828125e-02   9.6828125e-02
   1.0000000e+00   1.3000000e+01   1.3919811e-15   2.1282812e-01   2.1282812e-01
   2.0000000e+00   1.3000000e+01   1.3059127e-15   1.9782812e-01   1.9782812e-01
   3.0000000e+00   1.3000000e+01   9.4241233e-16   1.1526562e-01   1.1526562e-01
   4.0000000e+00   1.3000000e+01   1.1167280e-15   1.4706250e-01   1.4706250e-01
   5.0000000e+00   1.3000000e+01   1.4270354e-15   2.1898437e-01   2.1898437e-01
   6.0000000e+00   1.3000000e+01   1.6143666e-15   2.6326562e-01   2.6326562e-01
   7.0000000e+00   1.3000000e+01   1.4918720e-15   2.3785937e-01   2.3785937e-01
   8.0000000e+00   1.3000000e+01   1.3389057e-15   2.0268750e-01   2.0268750e-01
   9.0000000e+00   1.3000000e+01   1.2693969e-15   1.8037500e-01   1.8037500e-01
   1.0000000e+01   1.3000000e+01   1.2526876e-15   1.6756250e-01   1.6756250e-01
   1.1000000e+01   1.3000000e+01   1.2306651e-15   1.7442187e-01   1.7442187e-01
   1.2000000e+01   1.3000000e+01   1.2620346e-15   1.8551562e-01   1.8551562e-01
   1.3000000e+01   1.3000000e+01   1.3473640e-15   1.9256250e-01   1.9256250e-01
   1.4000000e+01   1.3000000e+01   1.1727563e-15   1.6734375e-01   1.6734375e-01
   1.5000000e+01   1.3000000e+01   1.0036312e-15   1.2070312e-01   1.2070312e-01
   1.6000000e+01   1.3000000e+01   8.9211584e-16   1.0175000e-01   1.0175000e-01
   1.7000000e+01   1.3000000e+01   8.1359063e-16   9.2515625e-02   9.2515625e-02
   1.8000000e+01   1.3000000e+01   1.3330555e-15   2.0614062e-01   2.0614062e-01
   1.9000000e+01   1.3000000e+01   1.3793182e-15   2.1103125e-01   2.1103125e-01
   2.0000000e+01   1.3000000e+01   8.7687271e-16   1.0210937e-01   1.0210937e-01
   2.1000000e+01   1.3000000e+01   9.2904394e-16   1.1212500e-01   1.1212500e-01
   2.2000000e+01   1.3000000e+01   1.3097946e-15   1.9310937e-01   1.9310937e-01
   2.3000000e+01   1.3000000e+01   1.5005703e-15   2.4303125e-01   2.4303125e-01
   2.4000000e+01   1.3000000e+01   1.4843388e-15   2.2753125e-01   2.2753125e-01
   2.5000000e+01   1.3000000e+01   1.4029124e-15   2.1215625e-01   2.1215625e-01
   2.6000000e+01   1.3000000e+01   1.3837962e-15   2.1071875e-01   2.1071875e-01
   2.7000000e+01   1.3000000e+01   1.3431471e-15   2.0134375e-01   2.0134375e-01
   2.8000000e+01   1.3000000e+01   1.2984399e-15   2.0287500e-01   2.0287500e-01
   2.9000000e+01   1.3000000e+01   1.4112893e-15   2.1284375e-01   2.1284375e-01
   3.0000000e+01   1.3000000e+01   1.5127040e-15   2.3507812e-01   2.3507812e-01
   3.1000000e+01   1.3000000e+01   1.4453944e-15   2.2651562e-01   2.2651562e-01
   3.2000000e+01   1.3000000e+01   1.1088867e-15   1.4706250e-01   1.4706250e-01
   3.3000000e+01   1.3000000e+01   9.3502733e-16   1.0018750e-01   1.0018750e-01
   3.4000000e+01   1.3000000e+01   8.6115990e-16   8.8875000e-02   8.8875000e-02
   3.5000000e+01   1.3000000e+01   1.1095023e-15   1.5528125e-01   1.5528125e-01
   1.0000000e+00   1.4000000e+01   9.7089409e-16   1.0296875e-01   1.0296875e-01
   2.0000000e+00   1.4000000e+01   9.6512268e-16   1.1445312e-01   1.1445312e-01
   3.0000000e+00   1.4000000e+01   1.0917901e-15   1.4565625e-01   1.4565625e-01
   4.0000000e+00   1.4000000e+01   1.8372595e-15   3.0932812e-01   3.0932812e-01
   5.0000000e+00   1.4000000e+01   2.5248646e-15   4.4943750e-01   4.4943750e-01
   6.0000000e+00   1.4000000e+01   2.8029827e-15   5.0601562e-01   5.0601562e-01
   7.0000000e+00   1.4000000e+01   2.4593274e-15   4.3807812e-01   4.3807812e-01
   8.0000000e+00   1.4000000e+01   2.3033409e-15   3.9685937e-01   3.9685937e-01
   9.0000000e+00   1.4000000e+01   2.0029741e-15   3.4551562e-01   3.4551562e-01
   1.0000000e+01   1.4000000e+01   1.7624260e-15   2.9676562e-01   2.9676562e-01
   1.1000000e+01   1.4000000e+01   1.9002493e-15   3.1598437e-01   3.1598437e-01
   1.2000000e+01   1.4000000e+01   2.0100094e-15   3.4629688e-01   3.4629688e-01
   1.3000000e+01   1.4000000e+01   2.0693650e-15   3.5404687e-01   3.5404687e-01
   1.4000000e+01   1.4000000e+01   1.9908918e-15   3.3123437e-01   3.3123437e-01
   1.5000000e+01   1.4000000e+01   1.5977316e-15   2.5317187e-01   2.5317187e-01
   1.6000000e+01   1.4000000e+01   1.0592097e-15   1.3096875e-01   1.3096875e-01
   1.7000000e+01   1.4000000e+01   9.0044912e-16   9.4656250e-02   9.4656250e-02
   1.8000000e+01   1.4000000e+01   1.2497798e-15   1.8443750e-01   1.8443750e-01
   1.9000000e+01   1.4000000e+01   1.2845237e-15   1.8543750e-01   1.8543750e-01
   2.0000000e+01   1.4000000e+01   9.9854225e-16   1.2040625e-01   1.2040625e-01
   2.1000000e+01   1.4000000e+01   1.1457935e-15   1.5385937e-01   1.5385937e-01
   2.2000000e+01   1.4000000e+01   1.5799889e-15   2.4835937e-01   2.4835937e-01
   2.3000000e+01   1.4000000e+01   1.7839665e-15   2.8842187e-01   2.8842187e-01
   2.4000000e+01   1.4000000e+01   1.6910318e-15   2.6850000e-01   2.6850000e-01
   2.5000000e+01   1.4000000e+01   1.5773034e-15   2.4720312e-01   2.4720312e-01
   2.6000000e+01   1.4000000e+01   1.4883065e-15   2.2631250e-01   2.2631250e-01
   2.7000000e+01   1.4000000e+01   1.2976510e-15   1.9650000e-01   1.9650000e-01
   2.8000000e+01   1.4000000e+01   1.3148882e-15   1.9623437e-01   1.9623437e-01
   2.9000000e+01   1.4000000e+01   1.4161462e-15   2.2235937e-01   2.2235937e-01
   3.0000000e+01   1.4000000e+01   1.4515531e-15   2.1940625e-01   2.1940625e-01
   3.1000000e+01   1.4000000e+01   1.4741024e-15   2.2115625e-01   2.2115625e-01
   3.2000000e+01   1.4000000e+01   1.0903094e-15   1.4820312e-01   1.4820312e-01
   3.3000000e+01   1.4000000e+01   9.1778894e-16   1.0328125e-01   1.0328125e-01
   3.4000000e+01   1.4000000e+01   8.1561442e-16   8.7625000e-02   8.7625000e-02
   3.5000000e+01   1.4000000e+01   1.4167228e-15   2.0881250e-01   2.0881250e-01
   1.0000000e+00   1.5000000e+01   8.0347894e-16   9.5062500e-02   9.5062500e-02
   2.0000000e+00   1.5000000e+01   1.1071860e-15   1.4407812e-01   1.4407812e-01
   3.0000000e+00   1.5000000e+01   1.7610453e-15   3.0132812e-01   3.0132812e-01
   4.0000000e+00   1.5000000e+01   2.7420349e-15   5.0417187e-01   5.0417187e-01
   5.0000000e+00   1.5000000e+01   3.3623374e-15   6.3712500e-01   6.3712500e-01
   6.0000000e+00   1.5000000e+01   3.1546417e-15   5.9646875e-01   5.9646875e-01
   7.0000000e+00   1.5000000e+01   3.0388799e-15   5.7282813e-01   5.7282813e-01
   8.0000000e+00   1.5000000e+01   2.7876570e-15   5.0645312e-01   5.0645312e-01
   9.0000000e+00   1.5000000e+01   2.4504927e-15   4.5075000e-01   4.5075000e-01
   1.0000000e+01   1.5000000e+01   2.2769200e-15   4.0959375e-01   4.0959375e-01
   1.1000000e+01   1.5000000e+01   2.3302385e-15   4.2392188e-01   4.2392188e-01
   1.2000000e+01   1.5000000e+01   2.5833434e-15   4.6918750e-01   4.6918750e-01
   1.3000000e+01   1.5000000e+01   2.8788522e-15   5.3457813e-01   5.3457813e-01
   1.4000000e+01   1.5000000e+01   2.8613139e-15   5.2820313e-01   5.2820313e-01
   1.5000000e+01   1.5000000e+01   2.5863477e-15   4.6826562e-01   4.6826562e-01
   1.6000000e+01   1.5000000e+01   1.6032367e-15   2.6379687e-01   2.6379687e-01
   1.7000000e+01   1.5000000e+01   1.0775348e-15   1.3960937e-01   1.3960937e-01
   1.8000000e+01   1.5000000e+01   8.9837987e-16   1.0262500e-01   1.0262500e-01
   1.9000000e+01   1.5000000e+01   9.1310787e-16   1.0376562e-01   1.0376562e-01
   2.0000000e+01   1.5000000e+01   1.1776023e-15   1.7087500e-01   1.7087500e-01
   2.1000000e+01   1.5000000e+01   1.8464159e-15   3.0660937e-01   3.0660937e-01
   2.2000000e+01   1.5000000e+01   2.7909367e-15   5.1196875e-01   5.1196875e-01
   2.3000000e+01   1.5000000e+01   2.8467720e-15   5.2953125e-01   5.2953125e-01
   2.4000000e+01   1.5000000e+01   2.7865815e-15   5.1101562e-01   5.1101562e-01
   2.5000000e+01   1.5000000e+01   2.4592308e-15   4.4218750e-01   4.4218750e-01
   2.6000000e+01   1.5000000e+01   2.3010913e-15   4.0393750e-01   4.0393750e-01
   2.7000000e+01   1.5000000e+01   1.9957527e-15   3.4954687e-01   3.4954687e-01
   2.8000000e+01   1.5000000e+01   2.1151091e-15   3.7262500e-01   3.7262500e-01
   2.9000000e+01   1.5000000e+01   2.3053327e-15   4.0348438e-01   4.0348438e-01
   3.0000000e+01   1.5000000e+01   2.3964827e-15   4.2892188e-01   4.2892188e-01
   3.1000000e+01   1.5000000e+01   2.5169582e-15   4.5971875e-01   4.5971875e-01
   3.2000000e+01   1.5000000e+01   1.9152328e-15   3.1934375e-01   3.1934375e-01
   3.3000000e+01   1.5000000e+01   1.2439047e-15   1.7296875e-01   1.7296875e-01
   3.4000000e+01   1.5000000e+01   8.8732104e-16   1.0296875e-01   1.0296875e-01
   3.5000000e+01   1.5000000e+01   1.0094753e-15   1.3171875e-01   1.3171875e-01
   1.0000000e+00   1.6000000e+01   9.9788332e-16   1.2501562e-01   1.2501562e-01
   2.0000000e+00   1.6000000e+01   1.4014138e-15   2.0990625e-01   2.0990625e-01
   3.0000000e+00   1.6000000e+01   2.4715213e-15   4.4710937e-01   4.4710937e-01
   4.0000000e+00   1.6000000e+01   3.3107628e-15   6.2046875e-01   6.2046875e-01
   5.0000000e+00   1.6000000e+01   3.3609105e-15   6.3696875e-01   6.3696875e-01
   6.0000000e+00   1.6000000e+01   3.2275600e-15   5.9889063e-01   5.9889063e-01
   7.0000000e+00   1.6000000e+01   3.1133651e-15   5.7964063e-01   5.7964063e-01
   8.0000000e+00   1.6000000e+01   2.8634251e-15   5.2471875e-01   5.2471875e-01
   9.0000000e+00   1.6000000e+01   2.6055705e-15   4.6060937e-01   4.6060937e-01
   1.0000000e+01   1.6000000e+01   2.3907112e-15   4.2756250e-01   4.2756250e-01
   1.1000000e+01   1.6000000e+01   2.3239334e-15   4.2109375e-01   4.2109375e-01
   1.2000000e+01   1.6000000e+01   2.6891635e-15   4.9820312e-01   4.9820312e-01
   1.3000000e+01   1.6000000e+01   2.8779473e-15   5.3546875e-01   5.3546875e-01
   1.4000000e+01   1.6000000e+01   3.0466684e-15   5.6848437e-01   5.6848437e-01
   1.5000000e+01   1.6000000e+01   3.1398312e-15   5.8939062e-01   5.8939062e-01
   1.6000000e+01   1.6000000e+01   2.5273245e-15   4.4746875e-01   4.4746875e-01
   1.7000000e+01   1.6000000e+01   1.5494352e-15   2.4567187e-01   2.4567187e-01
   1.8000000e+01   1.6000000e+01   9.5374994e-16   1.0542187e-01   1.0542187e-01
   1.9000000e+01   1.6000000e+01   1.0874557e-15   1.3735937e-01   1.3735937e-01
   2.0000000e+01   1.6000000e+01   1.7908260e-15   2.9325000e-01   2.9325000e-01
   2.1000000e+01   1.6000000e+01   2.7010369e-15   4.9537500e-01   4.9537500e-01
   2.2000000e+01   1.6000000e+01   3.2737676e-15   6.1953125e-01   6.1953125e-01
   2.3000000e+01   1.6000000e+01   3.2660530e-15   6.0865625e-01   6.0865625e-01
   2.4000000e+01   1.6000000e+01   2.9528991e-15   5.4589062e-01   5.4589062e-01
   2.5000000e+01   1.6000000e+01   2.9099477e-15   5.2915625e-01   5.2915625e-01
   2.6000000e+01   1.6000000e+01   2.5082556e-15   4.5978125e-01   4.5978125e-01
   2.7000000e+01   1.6000000e+01   2.3125341e-15   4.1075000e-01   4.1075000e-01
   2.8000000e+01   1.6000000e+01   2.4057379e-15   4.3668750e-01   4.3668750e-01
   2.9000000e+01   1.6000000e+01   2.5311978e-15   4.5910937e-01   4.5910937e-01
   3.0000000e+01   1.6000000e+01   2.8981567e-15   5.4210938e-01   5.4210938e-01
   3.1000000e+01   1.6000000e+01   3.1213562e-15   5.8384375e-01   5.8384375e-01
   3.2000000e+01   1.6000000e+01   2.8602502e-15   5.2100000e-01   5.2100000e-01
   3.3000000e+01   1.6000000e+01   1.9634148e-15   3.2114062e-01   3.2114062e-01
   3.4000000e+01   1.6000000e+01   1.1675639e-15   1.5415625e-01   1.5415625e-01
   3.5000000e+01   1.6000000e+01   8.9634787e-16   9.9687500e-02   9.9687500e-02
   1.0000000e+00   1.7000000e+01   1.1532066e-15   1.5512500e-01   1.5512500e-01
   2.0000000e+00   1.7000000e+01   1.7614999e-15   2.9592188e-01   2.9592188e-01
   3.0000000e+00   1.7000000e+01   2.9713368e-15   5.4446875e-01   5.4446875e-01
   4.0000000e+00   1.7000000e+01   3.3175229e-15   6.2259375e-01   6.2259375e-01
   5.0000000e+00   1.7000000e+01   3.3210293e-15   6.1959375e-01   6.1959375e-01
   6.0000000e+00   1.7000000e+01   3.2105665e-15   5.9287500e-01   5.9287500e-01
   7.0000000e+00   1.7000000e+01   2.9537112e-15   5.5442187e-01   5.5442187e-01
   8.0000000e+00   1.7000000e+01   2.8124980e-15   5.2267188e-01   5.2267188e-01
   9.0000000e+00   1.7000000e+01   2.6362040e-15   4.9390625e-01   4.9390625e-01
   1.0000000e+01   1.7000000e+01   2.4201053e-15   4.4482812e-01   4.4482812e-01
   1.1000000e+01   1.7000000e+01   2.4116518e-15   4.4317187e-01   4.4317187e-01
   1.2000000e+01   1.7000000e+01   2.6833031e-15   4.9060938e-01   4.9060938e-01
   1.3000000e+01   1.7000000e+01   2.9450764e-15   5.4979687e-01   5.4979687e-01
   1.4000000e+01   1.7000000e+01   3.1193504e-15   5.9517188e-01   5.9517188e-01
   1.5000000e+01   1.7000000e+01   3.2775012e-15   6.1323438e-01   6.1323438e-01
   1.6000000e+01   1.7000000e+01   3.0862327e-15   5.6973438e-01   5.6973438e-01
   1.7000000e+01   1.7000000e+01   2.3136647e-15   4.1571875e-01   4.1571875e-01
   1.8000000e+01   1.7000000e+01   1.1297173e-15   1.4343750e-01   1.4343750e-01
   1.9000000e+01   1.7000000e+01   1.3796093e-15   2.0604687e-01   2.0604687e-01
   2.0000000e+01   1.7000000e+01   2.6236937e-15   4.7625000e-01   4.7625000e-01
   2.1000000e+01   1.7000000e+01   3.2498639e-15   6.1167187e-01   6.1167187e-01
   2.2000000e+01   1.7000000e+01   3.3755878e-15   6.3198438e-01   6.3198438e-01
   2.3000000e+01   1.7000000e+01   3.1668564e-15   5.9264063e-01   5.9264063e-01
   2.4000000e+01   1.7000000e+01   3.0332730e-15   5.7803125e-01   5.7803125e-01
   2.5000000e+01   1.7000000e+01   2.9448303e-15   5.3167188e-01   5.3167188e-01
   2.6000000e+01   1.7000000e+01   2.6028720e-15   4.7165625e-01   4.7165625e-01
   2.7000000e+01   1.7000000e+01   2.3954978e-15   4.1890625e-01   4.1890625e-01
   2.8000000e+01   1.7000000e+01   2.4460839e-15   4.3928125e-01   4.3928125e-01
   2.9000000e+01   1.7000000e+01   2.7231669e-15   5.0453125e-01   5.0453125e-01
   3.0000000e+01   1.7000000e+01   2.9186633e-15   5.5021875e-01   5.5021875e-01
   3.1000000e+01   1.7000000e+01   3.1611069e-15   5.8228125e-01   5.8228125e-01
   3.2000000e+01   1.7000000e+01   3.2348682e-15   6.1667187e-01   6.1667187e-01
   3.3000000e+01   1.7000000e+01   2.8509131e-15   5.3164062e-01   5.3164062e-01
   3.4000000e+01   1.7000000e+01   1.7798664e-15   2.9685937e-01   2.9685937e-01
   3.5000000e+01   1.7000000e+01   1.0145581e-15   1.2707812e-01   1.2707812e-01
   1.0000000e+00   1.8000000e+01   1.2142030e-15   1.7595312e-01   1.7595312e-01
   2.0000000e+00   1.8000000e+01   1.8069339e-15   2.9800000e-01   2.9800000e-01
   3.0000000e+00   1.8000000e+01   2.7942096e-15   5.1118750e-01   5.1118750e-01
   4.0000000e+00   1.8000000e+01   3.1083054e-15   5.8248437e-01   5.8248437e-01
   5.0000000e+00   1.8000000e+01   3.0547832e-15   5.7068750e-01   5.7068750e-01
   6.0000000e+00   1.8000000e+01   3.1474649e-15   5.9653125e-01   5.9653125e-01
   7.0000000e+00   1.8000000e+01   3.0372578e-15   5.6400000e-01   5.6400000e-01
   8.0000000e+00   1.8000000e+01   2.7790891e-15   5.2225000e-01   5.2225000e-01
   9.0000000e+00   1.8000000e+01   2.7146572e-15   5.0815625e-01   5.0815625e-01
   1.0000000e+01   1.8000000e+01   2.3944238e-15   4.3718750e-01   4.3718750e-01
   1.1000000e+01   1.8000000e+01   2.4906320e-15   4.5846875e-01   4.5846875e-01
   1.2000000e+01   1.8000000e+01   2.7416849e-15   5.0723438e-01   5.0723438e-01
   1.3000000e+01   1.8000000e+01   2.9414847e-15   5.4915625e-01   5.4915625e-01
   1.4000000e+01   1.8000000e+01   3.0666290e-15   5.7150000e-01   5.7150000e-01
   1.5000000e+01   1.8000000e+01   3.2444708e-15   6.0201562e-01   6.0201562e-01
   1.6000000e+01   1.8000000e+01   3.1060904e-15   5.7756250e-01   5.7756250e-01
   1.7000000e+01   1.8000000e+01   2.6910887e-15   4.7940625e-01   4.7940625e-01
   1.8000000e+01   1.8000000e+01   1.2144951e-15   1.7217187e-01   1.7217187e-01
   1.9000000e+01   1.8000000e+01   1.6856473e-15   2.7187500e-01   2.7187500e-01
   2.0000000e+01   1.8000000e+01   2.8258221e-15   5.2045312e-01   5.2045312e-01
   2.1000000e+01   1.8000000e+01   3.1813625e-15   5.8787500e-01   5.8787500e-01
   2.2000000e+01   1.8000000e+01   3.2822126e-15   6.2531250e-01   6.2531250e-01
   2.3000000e+01   1.8000000e+01   3.0970961e-15   5.8367187e-01   5.8367187e-01
   2.4000000e+01   1.8000000e+01   3.0523146e-15   5.6560937e-01   5.6560937e-01
   2.5000000e+01   1.8000000e+01   2.8706908e-15   5.4079687e-01   5.4079687e-01
   2.6000000e+01   1.8000000e+01   2.6621754e-15   4.8268750e-01   4.8268750e-01
   2.7000000e+01   1.8000000e+01   2.5332359e-15   4.6046875e-01   4.6046875e-01
   2.8000000e+01   1.8000000e+01   2.4623518e-15   4.5015625e-01   4.5015625e-01
   2.9000000e+01   1.8000000e+01   2.7768384e-15   5.1540625e-01   5.1540625e-01
   3.0000000e+01   1.8000000e+01   2.8928297e-15   5.3362500e-01   5.3362500e-01
   3.1000000e+01   1.8000000e+01   3.1848704e-15   6.0250000e-01   6.0250000e-01
   3.2000000e+01   1.8000000e+01   3.2346494e-15   6.0020312e-01   6.0020312e-01
   3.3000000e+01   1.8000000e+01   3.2533283e-15   6.1448437e-01   6.1448437e-01
   3.4000000e+01   1.8000000e+01   2.4085972e-15   4.2709375e-01   4.2709375e-01
   3.5000000e+01   1.8000000e+01   1.1430648e-15   1.6253125e-01   1.6253125e-01
   1.0000000e+00   1.9000000e+01   1.1917500e-15   1.7432812e-01   1.7432812e-01
   2.0000000e+00   1.9000000e+01   1.7646407e-15   2.8289062e-01   2.8289062e-01
   3.0000000e+00   1.9000000e+01   2.6552905e-15   4.8232813e-01   4.8232813e-01
   4.0000000e+00   1.9000000e+01   2.7991765e-15   5.2217187e-01   5.2217187e-01
   5.0000000e+00   1.9000000e+01   2.9295074e-15   5.3667188e-01   5.3667188e-01
   6.0000000e+00   1.9000000e+01   3.0200986e-15   5.6473438e-01   5.6473438e-01
   7.0000000e+00   1.9000000e+01   2.8430045e-15   5.2707812e-01   5.2707812e-01
   8.0000000e+00   1.9000000e+01   2.9341427e-15   5.4848437e-01   5.4848437e-01
   9.0000000e+00   1.9000000e+01   2.7098104e-15   5.0485938e-01   5.0485938e-01
   1.0000000e+01   1.9000000e+01   2.6321049e-15   4.8310937e-01   4.8310937e-01
   1.1000000e+01   1.9000000e+01   2.5773943e-15   4.7406250e-01   4.7406250e-01
   1.2000000e+01   1.9000000e+01   2.8286185e-15   5.2582812e-01   5.2582812e-01
   1.3000000e+01   1.9000000e+01   2.8966671e-15   5.4879687e-01   5.4879687e-01
   1.4000000e+01   1.9000000e+01   2.9512087e-15   5.4879687e-01   5.4879687e-01
   1.5000000e+01   1.9000000e+01   3.0591510e-15   5.6834375e-01   5.6834375e-01
   1.6000000e+01   1.9000000e+01   2.8987103e-15   5.4162500e-01   5.4162500e-01
   1.7000000e+01   1.9000000e+01   2.5330857e-15   4.5987500e-01   4.5987500e-01
   1.8000000e+01   1.9000000e+01   1.2016932e-15   1.7829687e-01   1.7829687e-01
   1.9000000e+01   1.9000000e+01   1.6407910e-15   2.6023437e-01   2.6023437e-01
   2.0000000e+01   1.9000000e+01   2.7565711e-15   5.0285938e-01   5.0285938e-01
   2.1000000e+01   1.9000000e+01   2.9159120e-15   5.3153125e-01   5.3153125e-01
   2.2000000e+01   1.9000000e+01   3.0866624e-15   5.7740625e-01   5.7740625e-01
   2.3000000e+01   1.9000000e+01   3.0454587e-15   5.7818750e-01   5.7818750e-01
   2.4000000e+01   1.9000000e+01   2.9047146e-15   5.4923437e-01   5.4923437e-01
   2.5000000e+01   1.9000000e+01   2.7634825e-15   5.1484375e-01   5.1484375e-01
   2.6000000e+01   1.9000000e+01   2.6421047e-15   4.8331250e-01   4.8331250e-01
   2.7000000e+01   1.9000000e+01   2.5401725e-15   4.5967187e-01   4.5967187e-01
   2.8000000e+01   1.9000000e+01   2.6538476e-15   4.8632813e-01   4.8632813e-01
   2.9000000e+01   1.9000000e+01   2.7014096e-15   4.8889062e-01   4.8889062e-01
   3.0000000e+01   1.9000000e+01   2.9721275e-15   5.5060937e-01   5.5060937e-01
   3.1000000e+01   1.9000000e+01   3.0517634e-15   5.7679687e-01   5.7679687e-01
   3.2000000e+01   1.9000000e+01   3.0598189e-15   5.6487500e-01   5.6487500e-01
   3.3000000e+01   1.9000000e+01   3.1420617e-15   5.8484375e-01   5.8484375e-01
   3.4000000e+01   1.9000000e+01   2.3956849e-15   4.3185937e-01   4.3185937e-01
   3.5000000e+01   1.9000000e+01   1.2242608e-15   1.7904687e-01   1.7904687e-01
   1.0000000e+00   2.0000000e+01   1.1975013e-15   1.6651562e-01   1.6651562e-01
   2.0000000e+00   2.0000000e+01   1.6693202e-15   2.6934375e-01   2.6934375e-01
   3.0000000e+00   2.0000000e+01   2.2842612e-15   4.0835937e-01   4.0835937e-01
   4.0000000e+00   2.0000000e+01   2.6679094e-15   4.9306250e-01   4.9306250e-01
   5.0000000e+00   2.0000000e+01   2.7080118e-15   4.9914063e-01   4.9914063e-01
   6.0000000e+00   2.0000000e+01   2.8112889e-15   5.0779687e-01   5.0779687e-01
   7.0000000e+00   2.0000000e+01   2.8192441e-15   5.2732812e-01   5.2732812e-01
   8.0000000e+00   2.0000000e+01   2.8969678e-15   5.4603125e-01   5.4603125e-01
   9.0000000e+00   2.0000000e+01   3.0094397e-15   5.6781250e-01   5.6781250e-01
   1.0000000e+01   2.0000000e+01   2.7555277e-15   5.1112500e-01   5.1112500e-01
   1.1000000e+01   2.0000000e+01   2.8352717e-15   5.3692187e-01   5.3692187e-01
   1.2000000e+01   2.0000000e+01   2.8381753e-15   5.4387500e-01   5.4387500e-01
   1.3000000e+01   2.0000000e+01   2.8740630e-15   5.2778125e-01   5.2778125e-01
   1.4000000e+01   2.0000000e+01   2.8763306e-15   5.4596875e-01   5.4596875e-01
   1.5000000e+01   2.0000000e+01   2.8061862e-15   5.1451563e-01   5.1451563e-01
   1.6000000e+01   2.0000000e+01   2.8348811e-15   5.1509375e-01   5.1509375e-01
   1.7000000e+01   2.0000000e+01   2.3756331e-15   4.2617187e-01   4.2617187e-01
   1.8000000e+01   2.0000000e+01   1.1931002e-15   1.7114062e-01   1.7114062e-01
   1.9000000e+01   2.0000000e+01   1.5005394e-15   2.4576562e-01   2.4576562e-01
   2.0000000e+01   2.0000000e+01   2.4944152e-15   4.4823437e-01   4.4823437e-01
   2.1000000e+01   2.0000000e+01   2.8534023e-15   5.3303125e-01   5.3303125e-01
   2.2000000e+01   2.0000000e+01   2.7611847e-15   5.1585938e-01   5.1585938e-01
   2.3000000e+01   2.0000000e+01   2.8965593e-15   5.4281250e-01   5.4281250e-01
   2.4000000e+01   2.0000000e+01   2.8138835e-15   5.3075000e-01   5.3075000e-01
   2.5000000e+01   2.0000000e+01   2.8673680e-15   5.4385938e-01   5.4385938e-01
   2.6000000e+01   2.0000000e+01   2.7284140e-15   5.0656250e-01   5.0656250e-01
   2.7000000e+01   2.0000000e+01   2.7150835e-15   5.0470313e-01   5.0470313e-01
   2.8000000e+01   2.0000000e+01   2.6324281e-15   4.8592187e-01   4.8592187e-01
   2.9000000e+01   2.0000000e+01   2.8780123e-15   5.4040625e-01   5.4040625e-01
   3.0000000e+01   2.0000000e+01   2.8386519e-15   5.2646875e-01   5.2646875e-01
   3.1000000e+01   2.0000000e+01   2.9386646e-15   5.5806250e-01   5.5806250e-01
   3.2000000e+01   2.0000000e+01   2.8724738e-15   5.3803125e-01   5.3803125e-01
   3.3000000e+01   2.0000000e+01   2.9993641e-15   5.6596875e-01   5.6596875e-01
   3.4000000e+01   2.0000000e+01   2.2005423e-15   3.9557813e-01   3.9557813e-01
   3.5000000e+01   2.0000000e+01   1.3077968e-15   1.8023437e-01   1.8023437e-01
   1.0000000e+00   2.1000000e+01   1.0911712e-15   1.5820312e-01   1.5820312e-01
   2.0000000e+00   2.1000000e+01   1.5750213e-15   2.4243750e-01   2.4243750e-01
   3.0000000e+00   2.1000000e+01   2.2179689e-15   3.9510937e-01   3.9510937e-01
   4.0000000e+00   2.1000000e+01   2.3408056e-15   4.3331250e-01   4.3331250e-01
   5.0000000e+00   2.1000000e+01   2.4072647e-15   4.3732812e-01   4.3732812e-01
   6.0000000e+00   2.1000000e+01   2.4783407e-15   4.5131250e-01   4.5131250e-01
   7.0000000e+00   2.1000000e+01   2.6953706e-15   4.9345312e-01   4.9345312e-01
   8.0000000e+00   2.1000000e+01   2.9403300e-15   5.6135937e-01   5.6135937e-01
   9.0000000e+00   2.1000000e+01   2.9948825e-15   5.6531250e-01   5.6531250e-01
   1.0000000e+01   2.1000000e+01   3.0141940e-15   5.5909375e-01   5.5909375e-01
   1.1000000e+01   2.1000000e+01   3.0755284e-15   5.8276562e-01   5.8276562e-01
   1.2000000e+01   2.1000000e+01   2.9616409e-15   5.6310938e-01   5.6310938e-01
   1.3000000e+01   2.1000000e+01   2.8169599e-15   5.2712500e-01   5.2712500e-01
   1.4000000e+01   2.1000000e+01   2.6955377e-15   5.0237500e-01   5.0237500e-01
   1.5000000e+01   2.1000000e+01   2.6080147e-15   4.7993750e-01   4.7993750e-01
   1.6000000e+01   2.1000000e+01   2.5386468e-15   4.6156250e-01   4.6156250e-01
   1.7000000e+01   2.1000000e+01   2.1185900e-15   3.6835937e-01   3.6835937e-01
   1.8000000e+01   2.1000000e+01   1.1709981e-15   1.5948437e-01   1.5948437e-01
   1.9000000e+01   2.1000000e+01   1.5470454e-15   2.4350000e-01   2.4350000e-01
   2.0000000e+01   2.1000000e+01   2.3283204e-15   4.1610938e-01   4.1610938e-01
   2.1000000e+01   2.1000000e+01   2.5278821e-15   4.4979687e-01   4.4979687e-01
   2.2000000e+01   2.1000000e+01   2.6881177e-15   4.9526562e-01   4.9526562e-01
   2.3000000e+01   2.1000000e+01   2.6036482e-15   4.7476562e-01   4.7476562e-01
   2.4000000e+01   2.1000000e+01   2.7998004e-15   5.2331250e-01   5.2331250e-01
   2.5000000e+01   2.1000000e+01   2.8283685e-15   5.3110937e-01   5.3110937e-01
   2.6000000e+01   2.1000000e+01   3.0599901e-15   5.7879687e-01   5.7879687e-01
   2.7000000e+01   2.1000000e+01   2.8372996e-15   5.2912500e-01   5.2912500e-01
   2.8000000e+01   2.1000000e+01   2.9735115e-15   5.5878125e-01   5.5878125e-01
   2.9000000e+01   2.1000000e+01   2.8391903e-15   5.3235937e-01   5.3235937e-01
   3.0000000e+01   2.1000000e+01   2.9144695e-15   5.5050000e-01   5.5050000e-01
   3.1000000e+01   2.1000000e+01   2.7423810e-15   5.0720312e-01   5.0720312e-01
   3.2000000e+01   2.1000000e+01   2.8113102e-15   5.1034375e-01   5.1034375e-01
   3.3000000e+01   2.1000000e+01   2.6749264e-15   4.9293750e-01   4.9293750e-01
   3.4000000e+01   2.1000000e+01   2.0690536e-15   3.5348437e-01   3.5348437e-01
   3.5000000e+01   2.1000000e+01   1.1978210e-15   1.7726562e-01   1.7726562e-01
   1.0000000e+00   2.2000000e+01   1.1526965e-15   1.6171875e-01   1.6171875e-01
   2.0000000e+00   2.2000000e+01   1.5063241e-15   2.4351562e-01   2.4351562e-01
   3.0000000e+00   2.2000000e+01   2.0991497e-15   3.5993750e-01   3.5993750e-01
   4.0000000e+00   2.2000000e+01   2.3082507e-15   4.1696875e-01   4.1696875e-01
   5.0000000e+00   2.2000000e+01   2.3501366e-15   4.3023437e-01   4.3023437e-01
   6.0000000e+00   2.2000000e+01   2.4542859e-15   4.4454688e-01   4.4454688e-01
   7.0000000e+00   2.2000000e+01   2.6341527e-15   4.8228125e-01   4.8228125e-01
   8.0000000e+00   2.2000000e+01   2.7116120e-15   4.9901562e-01   4.9901562e-01
   9.0000000e+00   2.2000000e+01   3.0000116e-15   5.6712500e-01   5.6712500e-01
   1.0000000e+01   2.2000000e+01   2.9449351e-15   5.4773438e-01   5.4773438e-01
   1.1000000e+01   2.2000000e+01   3.1449419e-15   5.8362500e-01   5.8362500e-01
   1.2000000e+01   2.2000000e+01   3.0089557e-15   5.6407812e-01   5.6407812e-01
   1.3000000e+01   2.2000000e+01   2.7775651e-15   5.1414063e-01   5.1414063e-01
   1.4000000e+01   2.2000000e+01   2.6147246e-15   4.8515625e-01   4.8515625e-01
   1.5000000e+01   2.2000000e+01   2.4300483e-15   4.3401562e-01   4.3401562e-01
   1.6000000e+01   2.2000000e+01   2.4115425e-15   4.4725000e-01   4.4725000e-01
   1.7000000e+01   2.2000000e+01   2.0237811e-15   3.5417187e-01   3.5417187e-01
   1.8000000e+01   2.2000000e+01   1.1257696e-15   1.5171875e-01   1.5171875e-01
   1.9000000e+01   2.2000000e+01   1.4598825e-15   2.3237500e-01   2.3237500e-01
   2.0000000e+01   2.2000000e+01   2.1210731e-15   3.6979687e-01   3.6979687e-01
   2.1000000e+01   2.2000000e+01   2.2050267e-15   3.9687500e-01   3.9687500e-01
   2.2000000e+01   2.2000000e+01   2.3994972e-15   4.4006250e-01   4.4006250e-01
   2.3000000e+01   2.2000000e+01   2.5702501e-15   4.7350000e-01   4.7350000e-01
   2.4000000e+01   2.2000000e+01   2.6320587e-15   4.8843750e-01   4.8843750e-01
   2.5000000e+01   2.2000000e+01   2.7414359e-15   5.1706250e-01   5.1706250e-01
   2.6000000e+01   2.2000000e+01   2.9936880e-15   5.5560937e-01   5.5560937e-01
   2.7000000e+01   2.2000000e+01   3.0167430e-15   5.6265625e-01   5.6265625e-01
   2.8000000e+01   2.2000000e+01   3.0371938e-15   5.6442187e-01   5.6442187e-01
   2.9000000e+01   2.2000000e+01   3.0030291e-15   5.7534375e-01   5.7534375e-01
   3.0000000e+01   2.2000000e+01   2.8479797e-15   5.4364062e-01   5.4364062e-01
   3.1000000e+01   2.2000000e+01   2.6392700e-15   4.9396875e-01   4.9396875e-01
   3.2000000e+01   2.2000000e+01   2.4886344e-15   4.5071875e-01   4.5071875e-01
   3.3000000e+01   2.2000000e+01   2.5019046e-15   4.5768750e-01   4.5768750e-01
   3.4000000e+01   2.2000000e+01   1.9541352e-15   3.3310937e-01   3.3310937e-01
   3.5000000e+01   2.2000000e+01   1.1821190e-15   1.6109375e-01   1.6109375e-01
   1.0000000e+00   2.3000000e+01   1.1682790e-15   1.5987500e-01   1.5987500e-01
   2.0000000e+00   2.3000000e+01   1.7285230e-15   2.8890625e-01   2.8890625e-01
   3.0000000e+00   2.3000000e+01   2.3074072e-15   4.0846875e-01   4.0846875e-01
   4.0000000e+00   2.3000000e+01   2.5321860e-15   4.4476563e-01   4.4476563e-01
   5.0000000e+00   2.3000000e+01   2.5839068e-15   4.6884375e-01   4.6884375e-01
   6.0000000e+00   2.3000000e+01   2.6497482e-15   4.8956250e-01   4.8956250e-01
   7.0000000e+00   2.3000000e+01   2.6319860e-15   4.9506250e-01   4.9506250e-01
   8.0000000e+00   2.3000000e+01   2.7362752e-15   5.0803125e-01   5.0803125e-01
   9.0000000e+00   2.3000000e+01   2.8837777e-15   5.3354687e-01   5.3354687e-01
   1.0000000e+01   2.3000000e+01   2.8750493e-15   5.3876562e-01   5.3876562e-01
   1.1000000e+01   2.3000000e+01   2.8065138e-15   5.4160937e-01   5.4160937e-01
   1.2000000e+01   2.3000000e+01   3.0434559e-15   5.7032812e-01   5.7032812e-01
   1.3000000e+01   2.3000000e+01   2.8752341e-15   5.3692187e-01   5.3692187e-01
   1.4000000e+01   2.3000000e+01   2.5716982e-15   4.7293750e-01   4.7293750e-01
   1.5000000e+01   2.3000000e+01   2.5547827e-15   4.6648437e-01   4.6648437e-01
   1.6000000e+01   2.3000000e+01   2.5476292e-15   4.6453125e-01   4.6453125e-01
   1.7000000e+01   2.3000000e+01   1.9693286e-15   3.3698438e-01   3.3698438e-01
   1.8000000e+01   2.3000000e+01   1.1937018e-15   1.5395312e-01   1.5395312e-01
   1.9000000e+01   2.3000000e+01   1.5385592e-15   2.4326562e-01   2.4326562e-01
   2.0000000e+01   2.3000000e+01   2.1657619e-15   3.6770312e-01   3.6770312e-01
   2.1000000e+01   2.3000000e+01   2.3294292e-15   4.1185937e-01   4.1185937e-01
   2.2000000e+01   2.3000000e+01   2.4486647e-15   4.5029687e-01   4.5029687e-01
   2.3000000e+01   2.3000000e+01   2.4790415e-15   4.5495312e-01   4.5495312e-01
   2.4000000e+01   2.3000000e+01   2.5336416e-15   4.5460937e-01   4.5460937e-01
   2.5000000e+01   2.3000000e+01   2.7116968e-15   5.0364062e-01   5.0364062e-01
   2.6000000e+01   2.3000000e+01   2.9417858e-15   5.4840625e-01   5.4840625e-01
   2.7000000e+01   2.3000000e+01   2.9266941e-15   5.4959375e-01   5.4959375e-01
   2.8000000e+01   2.3000000e+01   2.9441692e-15   5.4279687e-01   5.4279687e-01
   2.9000000e+01   2.3000000e+01   2.9970722e-15   5.5734375e-01   5.5734375e-01
   3.0000000e+01   2.3000000e+01   2.7668697e-15   5.1612500e-01   5.1612500e-01
   3.1000000e+01   2.3000000e+01   2.7171645e-15   4.9678125e-01   4.9678125e-01
   3.2000000e+01   2.3000000e+01   2.4922422e-15   4.5306250e-01   4.5306250e-01
   3.3000000e+01   2.3000000e+01   2.4235007e-15   4.3268750e-01   4.3268750e-01
   3.4000000e+01   2.3000000e+01   1.8649006e-15   3.1875000e-01   3.1875000e-01
   3.5000000e+01   2.3000000e+01   1.1910826e-15   1.6309375e-01   1.6309375e-01
   1.0000000e+00   2.4000000e+01   1.2657994e-15   1.7584375e-01   1.7584375e-01
   2.0000000e+00   2.4000000e+01   1.8477005e-15   3.1384375e-01   3.1384375e-01
   3.0000000e+00   2.4000000e+01   2.6281626e-15   4.7682812e-01   4.7682812e-01
   4.0000000e+00   2.4000000e+01   2.7948311e-15   5.0993750e-01   5.0993750e-01
   5.0000000e+00   2.4000000e+01   2.7284532e-15   5.0212500e-01   5.0212500e-01
   6.0000000e+00   2.4000000e+01   2.7251733e-15   4.9896875e-01   4.9896875e-01
   7.0000000e+00   2.4000000e+01   2.7297347e-15   5.0025000e-01   5.0025000e-01
   8.0000000e+00   2.4000000e+01   2.7423392e-15   5.0585938e-01   5.0585938e-01
   9.0000000e+00   2.4000000e+01   2.8056069e-15   5.1745312e-01   5.1745312e-01
   1.0000000e+01   2.4000000e+01   2.6943462e-15   4.9271875e-01   4.9271875e-01
   1.1000000e+01   2.4000000e+01   2.7810614e-15   5.1107813e-01   5.1107813e-01
   1.2000000e+01   2.4000000e+01   2.9677160e-15   5.5301563e-01   5.5301563e-01
   1.3000000e+01   2.4000000e+01   2.9012338e-15   5.3632813e-01   5.3632813e-01
   1.4000000e+01   2.4000000e+01   2.8011269e-15   5.2062500e-01   5.2062500e-01
   1.5000000e+01   2.4000000e+01   2.7366550e-15   5.0317188e-01   5.0317188e-01
   1.6000000e+01   2.4000000e+01   2.7053134e-15   4.9142188e-01   4.9142188e-01
   1.7000000e+01   2.4000000e+01   2.1351269e-15   3.7071875e-01   3.7071875e-01
   1.8000000e+01   2.4000000e+01   1.1424163e-15   1.5579687e-01   1.5579687e-01
   1.9000000e+01   2.4000000e+01   1.5712807e-15   2.5362500e-01   2.5362500e-01
   2.0000000e+01   2.4000000e+01   2.3819726e-15   4.2798437e-01   4.2798437e-01
   2.1000000e+01   2.4000000e+01   2.5720420e-15   4.6835937e-01   4.6835937e-01
   2.2000000e+01   2.4000000e+01   2.6514031e-15   4.8642188e-01   4.8642188e-01
   2.3000000e+01   2.4000000e+01   2.6474367e-15   4.8917187e-01   4.8917187e-01
   2.4000000e+01   2.4000000e+01   2.7293022e-15   4.9789062e-01   4.9789062e-01
   2.5000000e+01   2.4000000e+01   2.7910803e-15   5.1582812e-01   5.1582812e-01
   2.6000000e+01   2.4000000e+01   2.8753813e-15   5.3562500e-01   5.3562500e-01
   2.7000000e+01   2.4000000e+01   2.7553375e-15   5.0739062e-01   5.0739062e-01
   2.8000000e+01   2.4000000e+01   2.9056879e-15   5.4110938e-01   5.4110938e-01
   2.9000000e+01   2.4000000e+01   3.0844208e-15   5.8393750e-01   5.8393750e-01
   3.0000000e+01   2.4000000e+01   2.9272515e-15   5.4043750e-01   5.4043750e-01
   3.1000000e+01   2.4000000e+01   2.6883661e-15   4.9693750e-01   4.9693750e-01
   3.2000000e+01   2.4000000e+01   2.5158136e-15   4.6095312e-01   4.6095312e-01
   3.3000000e+01   2.4000000e+01   2.5110571e-15   4.5278125e-01   4.5278125e-01
   3.4000000e+01   2.4000000e+01   1.9414294e-15   3.2629687e-01   3.2629687e-01
   3.5000000e+01   2.4000000e+01   1.1882238e-15   1.6548437e-01   1.6548437e-01
   1.0000000e+00   2.5000000e+01   1.2408186e-15   1.7242187e-01   1.7242187e-01
   2.0000000e+00   2.5000000e+01   1.9705404e-15   3.3203125e-01   3.3203125e-01
   3.0000000e+00   2.5000000e+01   2.8104457e-15   5.0718750e-01   5.0718750e-01
   4.0000000e+00   2.5000000e+01   3.0032056e-15   5.4892188e-01   5.4892188e-01
   5.0000000e+00   2.5000000e+01   2.9154885e-15   5.4243750e-01   5.4243750e-01
   6.0000000e+00   2.5000000e+01   2.8931073e-15   5.3118750e-01   5.3118750e-01
   7.0000000e+00   2.5000000e+01   2.8316913e-15   5.1817187e-01   5.1817187e-01
   8.0000000e+00   2.5000000e+01   2.7245028e-15   5.0307813e-01   5.0307813e-01
   9.0000000e+00   2.5000000e+01   2.6600246e-15   4.7812500e-01   4.7812500e-01
   1.0000000e+01   2.5000000e+01   2.5078565e-15   4.5401562e-01   4.5401562e-01
   1.1000000e+01   2.5000000e+01   2.5424885e-15   4.7057812e-01   4.7057812e-01
   1.2000000e+01   2.5000000e+01   2.7544530e-15   5.0860938e-01   5.0860938e-01
   1.3000000e+01   2.5000000e+01   2.8427950e-15   5.3042188e-01   5.3042188e-01
   1.4000000e+01   2.5000000e+01   2.9476508e-15   5.5253125e-01   5.5253125e-01
   1.5000000e+01   2.5000000e+01   3.0560976e-15   5.6603125e-01   5.6603125e-01
   1.6000000e+01   2.5000000e+01   3.0387576e-15   5.7107812e-01   5.7107812e-01
   1.7000000e+01   2.5000000e+01   2.3213472e-15   4.1418750e-01   4.1418750e-01
   1.8000000e+01   2.5000000e+01   1.2085163e-15   1.7046875e-01   1.7046875e-01
   1.9000000e+01   2.5000000e+01   1.8412222e-15   3.0065625e-01   3.0065625e-01
   2.0000000e+01   2.5000000e+01   2.7084997e-15   4.8890625e-01   4.8890625e-01
   2.1000000e+01   2.5000000e+01   2.8124151e-15   5.1904688e-01   5.1904688e-01
   2.2000000e+01   2.5000000e+01   2.7997572e-15   5.1073437e-01   5.1073437e-01
   2.3000000e+01   2.5000000e+01   2.7062997e-15   4.9793750e-01   4.9793750e-01
   2.4000000e+01   2.5000000e+01   2.6872837e-15   5.0062500e-01   5.0062500e-01
   2.5000000e+01   2.5000000e+01   2.7575582e-15   5.2175000e-01   5.2175000e-01
   2.6000000e+01   2.5000000e+01   2.7487493e-15   5.1234375e-01   5.1234375e-01
   2.7000000e+01   2.5000000e+01   2.6122042e-15   4.8103125e-01   4.8103125e-01
   2.8000000e+01   2.5000000e+01   2.7350941e-15   4.9937500e-01   4.9937500e-01
   2.9000000e+01   2.5000000e+01   2.8692021e-15   5.2796875e-01   5.2796875e-01
   3.0000000e+01   2.5000000e+01   2.8508921e-15   5.3017187e-01   5.3017187e-01
   3.1000000e+01   2.5000000e+01   2.9061683e-15   5.3796875e-01   5.3796875e-01
   3.2000000e+01   2.5000000e+01   2.8168834e-15   5.3098437e-01   5.3098437e-01
   3.3000000e+01   2.5000000e+01   2.7176088e-15   4.9551563e-01   4.9551563e-01
   3.4000000e+01   2.5000000e+01   2.1001266e-15   3.5687500e-01   3.5687500e-01
   3.5000000e+01   2.5000000e+01   1.2065047e-15   1.6918750e-01   1.6918750e-01
   1.0000000e+00   2.6000000e+01   1.0620056e-15   1.4246875e-01   1.4246875e-01
   2.0000000e+00   2.6000000e+01   1.7488348e-15   2.8373437e-01   2.8373437e-01
   3.0000000e+00   2.6000000e+01   2.6865890e-15   4.9017187e-01   4.9017187e-01
   4.0000000e+00   2.6000000e+01   3.0354299e-15   5.6653125e-01   5.6653125e-01
   5.0000000e+00   2.6000000e+01   3.0313934e-15   5.6387500e-01   5.6387500e-01
   6.0000000e+00   2.6000000e+01   3.0295515e-15   5.5881250e-01   5.5881250e-01
   7.0000000e+00   2.6000000e+01   2.9549394e-15   5.5551562e-01   5.5551562e-01
   8.0000000e+00   2.6000000e+01   2.7287016e-15   5.1784375e-01   5.1784375e-01
   9.0000000e+00   2.6000000e+01   2.4416305e-15   4.5368750e-01   4.5368750e-01
   1.0000000e+01   2.6000000e+01   2.4304362e-15   4.4490625e-01   4.4490625e-01
   1.1000000e+01   2.6000000e+01   2.5408022e-15   4.6728125e-01   4.6728125e-01
   1.2000000e+01   2.6000000e+01   2.7119888e-15   5.0384375e-01   5.0384375e-01
   1.3000000e+01   2.6000000e+01   2.8536008e-15   5.3078125e-01   5.3078125e-01
   1.4000000e+01   2.6000000e+01   2.9477776e-15   5.5562500e-01   5.5562500e-01
   1.5000000e+01   2.6000000e+01   3.0576243e-15   5.6450000e-01   5.6450000e-01
   1.6000000e+01   2.6000000e+01   3.0129528e-15   5.5310938e-01   5.5310938e-01
   1.7000000e+01   2.6000000e+01   2.3315406e-15   4.0640625e-01   4.0640625e-01
   1.8000000e+01   2.6000000e+01   1.2389806e-15   1.6964062e-01   1.6964062e-01
   1.9000000e+01   2.6000000e+01   1.7280777e-15   2.8556250e-01   2.8556250e-01
   2.0000000e+01   2.6000000e+01   2.6693696e-15   4.7925000e-01   4.7925000e-01
   2.1000000e+01   2.6000000e+01   2.8696788e-15   5.2801562e-01   5.2801562e-01
   2.2000000e+01   2.6000000e+01   2.9637486e-15   5.4534375e-01   5.4534375e-01
   2.3000000e+01   2.6000000e+01   2.9378505e-15   5.4992188e-01   5.4992188e-01
   2.4000000e+01   2.6000000e+01   2.7886192e-15   5.2109375e-01   5.2109375e-01
   2.5000000e+01   2.6000000e+01   2.6600355e-15   4.9223438e-01   4.9223438e-01
   2.6000000e+01   2.6000000e+01   2.5589247e-15   4.7053125e-01   4.7053125e-01
   2.7000000e+01   2.6000000e+01   2.4324199e-15   4.4225000e-01   4.4225000e-01
   2.8000000e+01   2.6000000e+01   2.4984834e-15   4.6035937e-01   4.6035937e-01
   2.9000000e+01   2.6000000e+01   2.8293446e-15   5.2771875e-01   5.2771875e-01
   3.0000000e+01   2.6000000e+01   2.8625193e-15   5.3429688e-01   5.3429688e-01
   3.1000000e+01   2.6000000e+01   2.9644105e-15   5.4815625e-01   5.4815625e-01
   3.2000000e+01   2.6000000e+01   3.0490801e-15   5.7539063e-01   5.7539063e-01
   3.3000000e+01   2.6000000e+01   2.9008940e-15   5.3095312e-01   5.3095312e-01
   3.4000000e+01   2.6000000e+01   2.1556437e-15   3.7312500e-01   3.7312500e-01
   3.5000000e+01   2.6000000e+01   1.2434575e-15   1.7071875e-01   1.7071875e-01
   1.0000000e+00   2.7000000e+01   9.3547839e-16   9.9484375e-02   9.9484375e-02
   2.0000000e+00   2.7000000e+01   1.3085220e-15   1.9100000e-01   1.9100000e-01
   3.0000000e+00   2.7000000e+01   2.2207153e-15   3.7929687e-01   3.7929687e-01
   4.0000000e+00   2.7000000e+01   3.0601540e-15   5.5879687e-01   5.5879687e-01
   5.0000000e+00   2.7000000e+01   3.2207028e-15   5.9537500e-01   5.9537500e-01
   6.0000000e+00   2.7000000e+01   3.1606259e-15   5.8701563e-01   5.8701563e-01
   7.0000000e+00   2.7000000e+01   2.9792102e-15   5.5962500e-01   5.5962500e-01
   8.0000000e+00   2.7000000e+01   2.7810793e-15   5.1415625e-01   5.1415625e-01
   9.0000000e+00   2.7000000e+01   2.5985981e-15   4.7968750e-01   4.7968750e-01
   1.0000000e+01   2.7000000e+01   2.4148112e-15   4.4470312e-01   4.4470312e-01
   1.1000000e+01   2.7000000e+01   2.4877890e-15   4.5803125e-01   4.5803125e-01
   1.2000000e+01   2.7000000e+01   2.7321935e-15   5.0726562e-01   5.0726562e-01
   1.3000000e+01   2.7000000e+01   2.9941324e-15   5.5854688e-01   5.5854688e-01
   1.4000000e+01   2.7000000e+01   3.1117039e-15   5.9768750e-01   5.9768750e-01
   1.5000000e+01   2.7000000e+01   3.2027668e-15   6.0089062e-01   6.0089062e-01
   1.6000000e+01   2.7000000e+01   2.8117253e-15   5.2254687e-01   5.2254687e-01
   1.7000000e+01   2.7000000e+01   1.8909257e-15   3.2045313e-01   3.2045313e-01
   1.8000000e+01   2.7000000e+01   1.0253714e-15   1.2862500e-01   1.2862500e-01
   1.9000000e+01   2.7000000e+01   1.5581707e-15   2.5085938e-01   2.5085938e-01
   2.0000000e+01   2.7000000e+01   2.6760528e-15   4.8353125e-01   4.8353125e-01
   2.1000000e+01   2.7000000e+01   3.1184008e-15   5.8300000e-01   5.8300000e-01
   2.2000000e+01   2.7000000e+01   3.1399196e-15   5.8817188e-01   5.8817188e-01
   2.3000000e+01   2.7000000e+01   2.9801837e-15   5.6087500e-01   5.6087500e-01
   2.4000000e+01   2.7000000e+01   2.8652616e-15   5.3134375e-01   5.3134375e-01
   2.5000000e+01   2.7000000e+01   2.7691514e-15   5.1232813e-01   5.1232813e-01
   2.6000000e+01   2.7000000e+01   2.5990344e-15   4.7932812e-01   4.7932812e-01
   2.7000000e+01   2.7000000e+01   2.4505324e-15   4.4990625e-01   4.4990625e-01
   2.8000000e+01   2.7000000e+01   2.5407841e-15   4.7053125e-01   4.7053125e-01
   2.9000000e+01   2.7000000e+01   2.8091455e-15   5.2559375e-01   5.2559375e-01
   3.0000000e+01   2.7000000e+01   3.0730589e-15   5.7551562e-01   5.7551562e-01
   3.1000000e+01   2.7000000e+01   3.1049530e-15   5.8218750e-01   5.8218750e-01
   3.2000000e+01   2.7000000e+01   3.0501712e-15   5.7285937e-01   5.7285937e-01
   3.3000000e+01   2.7000000e+01   2.9874058e-15   5.4882813e-01   5.4882813e-01
   3.4000000e+01   2.7000000e+01   1.9819978e-15   3.4495312e-01   3.4495312e-01
   3.5000000e+01   2.7000000e+01   1.0992969e-15   1.5315625e-01   1.5315625e-01
   1.0000000e+00   2.8000000e+01   9.0214953e-16   9.5421875e-02   9.5421875e-02
   2.0000000e+00   2.8000000e+01   9.6856276e-16   1.1985937e-01   1.1985937e-01
   3.0000000e+00   2.8000000e+01   1.4064120e-15   2.1571875e-01   2.1571875e-01
   4.0000000e+00   2.8000000e+01   2.5254636e-15   4.5940625e-01   4.5940625e-01
   5.0000000e+00   2.8000000e+01   3.1785557e-15   5.9410937e-01   5.9410937e-01
   6.0000000e+00   2.8000000e+01   3.0240669e-15   5.6565625e-01   5.6565625e-01
   7.0000000e+00   2.8000000e+01   2.9049065e-15   5.3968750e-01   5.3968750e-01
   8.0000000e+00   2.8000000e+01   2.8216772e-15   5.2053125e-01   5.2053125e-01
   9.0000000e+00   2.8000000e+01   2.4593937e-15   4.5925000e-01   4.5925000e-01
   1.0000000e+01   2.8000000e+01   2.2515963e-15   4.0485937e-01   4.0485937e-01
   1.1000000e+01   2.8000000e+01   2.3177902e-15   4.1728125e-01   4.1728125e-01
   1.2000000e+01   2.8000000e+01   2.6548120e-15   4.8473437e-01   4.8473437e-01
   1.3000000e+01   2.8000000e+01   2.9263727e-15   5.4828125e-01   5.4828125e-01
   1.4000000e+01   2.8000000e+01   3.0987455e-15   5.8485937e-01   5.8485937e-01
   1.5000000e+01   2.8000000e+01   2.8608297e-15   5.3896875e-01   5.3896875e-01
   1.6000000e+01   2.8000000e+01   2.0997358e-15   3.6435937e-01   3.6435937e-01
   1.7000000e+01   2.8000000e+01   1.3033125e-15   1.9242187e-01   1.9242187e-01
   1.8000000e+01   2.8000000e+01   8.9550748e-16   9.7687500e-02   9.7687500e-02
   1.9000000e+01   2.8000000e+01   1.1435074e-15   1.6110937e-01   1.6110937e-01
   2.0000000e+01   2.8000000e+01   2.0337609e-15   3.4918750e-01   3.4918750e-01
   2.1000000e+01   2.8000000e+01   2.8569936e-15   5.1817187e-01   5.1817187e-01
   2.2000000e+01   2.8000000e+01   3.2031656e-15   6.0254688e-01   6.0254688e-01
   2.3000000e+01   2.8000000e+01   3.0817394e-15   5.7425000e-01   5.7425000e-01
   2.4000000e+01   2.8000000e+01   2.8389894e-15   5.2657813e-01   5.2657813e-01
   2.5000000e+01   2.8000000e+01   2.7875735e-15   5.0864062e-01   5.0864062e-01
   2.6000000e+01   2.8000000e+01   2.5677339e-15   4.8398438e-01   4.8398438e-01
   2.7000000e+01   2.8000000e+01   2.3862821e-15   4.3620312e-01   4.3620312e-01
   2.8000000e+01   2.8000000e+01   2.4961805e-15   4.5293750e-01   4.5293750e-01
   2.9000000e+01   2.8000000e+01   2.7124258e-15   5.0312500e-01   5.0312500e-01
   3.0000000e+01   2.8000000e+01   2.9128948e-15   5.4420313e-01   5.4420313e-01
   3.1000000e+01   2.8000000e+01   3.0937383e-15   5.7923437e-01   5.7923437e-01
   3.2000000e+01   2.8000000e+01   3.1097171e-15   5.7332812e-01   5.7332812e-01
   3.3000000e+01   2.8000000e+01   2.5437444e-15   4.5226563e-01   4.5226563e-01
   3.4000000e+01   2.8000000e+01   1.5436470e-15   2.3915625e-01   2.3915625e-01
   3.5000000e+01   2.8000000e+01   9.4107410e-16   1.1028125e-01   1.1028125e-01
   1.0000000e+00   2.9000000e+01   1.0098342e-15   1.2960937e-01   1.2960937e-01
   2.0000000e+00   2.9000000e+01   9.7371137e-16   1.1525000e-01   1.1525000e-01
   3.0000000e+00   2.9000000e+01   9.5019487e-16   1.0982812e-01   1.0982812e-01
   4.0000000e+00   2.9000000e+01   1.5225215e-15   2.3564062e-01   2.3564062e-01
   5.0000000e+00   2.9000000e+01   2.1843326e-15   3.8159375e-01   3.8159375e-01
   6.0000000e+00   2.9000000e+01   2.4840862e-15   4.5640625e-01   4.5640625e-01
   7.0000000e+00   2.9000000e+01   2.4342411e-15   4.3429687e-01   4.3429687e-01
   8.0000000e+00   2.9000000e+01   2.2496880e-15   4.0253125e-01   4.0253125e-01
   9.0000000e+00   2.9000000e+01   2.1251320e-15   3.7721875e-01   3.7721875e-01
   1.0000000e+01   2.9000000e+01   1.9728527e-15   3.4628125e-01   3.4628125e-01
   1.1000000e+01   2.9000000e+01   2.0559296e-15   3.6570312e-01   3.6570312e-01
   1.2000000e+01   2.9000000e+01   2.3429422e-15   4.1867187e-01   4.1867187e-01
   1.3000000e+01   2.9000000e+01   2.5137519e-15   4.6029687e-01   4.6029687e-01
   1.4000000e+01   2.9000000e+01   2.5159891e-15   4.5845312e-01   4.5845312e-01
   1.5000000e+01   2.9000000e+01   1.9725102e-15   3.4260937e-01   3.4260937e-01
   1.6000000e+01   2.9000000e+01   1.1626314e-15   1.6304687e-01   1.6304687e-01
   1.7000000e+01   2.9000000e+01   8.5057954e-16   9.4828125e-02   9.4828125e-02
   1.8000000e+01   2.9000000e+01   7.8034709e-16   9.1515625e-02   9.1515625e-02
   1.9000000e+01   2.9000000e+01   9.1888511e-16   1.0410937e-01   1.0410937e-01
   2.0000000e+01   2.9000000e+01   1.1692592e-15   1.7139062e-01   1.7139062e-01
   2.1000000e+01   2.9000000e+01   2.0075724e-15   3.4828125e-01   3.4828125e-01
   2.2000000e+01   2.9000000e+01   2.8431201e-15   5.3115625e-01   5.3115625e-01
   2.3000000e+01   2.9000000e+01   2.9413499e-15   5.4590625e-01   5.4590625e-01
   2.4000000e+01   2.9000000e+01   2.7476418e-15   5.0423438e-01   5.0423438e-01
   2.5000000e+01   2.9000000e+01   2.5893166e-15   4.7056250e-01   4.7056250e-01
   2.6000000e+01   2.9000000e+01   2.3022674e-15   4.1642188e-01   4.1642188e-01
   2.7000000e+01   2.9000000e+01   2.1873965e-15   3.8823437e-01   3.8823437e-01
   2.8000000e+01   2.9000000e+01   2.2842119e-15   4.0725000e-01   4.0725000e-01
   2.9000000e+01   2.9000000e+01   2.5712263e-15   4.7042187e-01   4.7042187e-01
   3.0000000e+01   2.9000000e+01   2.8213300e-15   5.3185938e-01   5.3185938e-01
   3.1000000e+01   2.9000000e+01   2.9165555e-15   5.4531250e-01   5.4531250e-01
   3.2000000e+01   2.9000000e+01   2.4748807e-15   4.4831250e-01   4.4831250e-01
   3.3000000e+01   2.9000000e+01   1.6285060e-15   2.6301562e-01   2.6301562e-01
   3.4000000e+01   2.9000000e+01   9.9958925e-16   1.1815625e-01   1.1815625e-01
   3.5000000e+01   2.9000000e+01   8.9665785e-16   8.9015625e-02   8.9015625e-02
   1.0000000e+00   3.0000000e+01   1.4035317e-15   2.1370312e-01   2.1370312e-01
   2.0000000e+00   3.0000000e+01   1.3143039e-15   1.9198437e-01   1.9198437e-01
   3.0000000e+00   3.0000000e+01   8.7403453e-16   1.0068750e-01   1.0068750e-01
   4.0000000e+00   3.0000000e+01   9.9372224e-16   1.1910937e-01   1.1910937e-01
   5.0000000e+00   3.0000000e+01   1.3317603e-15   1.9587500e-01   1.9587500e-01
   6.0000000e+00   3.0000000e+01   1.5600893e-15   2.4478125e-01   2.4478125e-01
   7.0000000e+00   3.0000000e+01   1.5337838e-15   2.4150000e-01   2.4150000e-01
   8.0000000e+00   3.0000000e+01   1.5066080e-15   2.3559375e-01   2.3559375e-01
   9.0000000e+00   3.0000000e+01   1.4464246e-15   2.2109375e-01   2.2109375e-01
   1.0000000e+01   3.0000000e+01   1.3489764e-15   2.0692187e-01   2.0692187e-01
   1.1000000e+01   3.0000000e+01   1.3871347e-15   2.1235937e-01   2.1235937e-01
   1.2000000e+01   3.0000000e+01   1.5511109e-15   2.4710937e-01   2.4710937e-01
   1.3000000e+01   3.0000000e+01   1.7596384e-15   2.8367187e-01   2.8367187e-01
   1.4000000e+01   3.0000000e+01   1.6686571e-15   2.6420312e-01   2.6420312e-01
   1.5000000e+01   3.0000000e+01   1.1893959e-15   1.7529687e-01   1.7529687e-01
   1.6000000e+01   3.0000000e+01   9.1226714e-16   9.9234375e-02   9.9234375e-02
   1.7000000e+01   3.0000000e+01   8.3747120e-16   8.6093750e-02   8.6093750e-02
   1.8000000e+01   3.0000000e+01   9.7133042e-16   1.2576562e-01   1.2576562e-01
   1.9000000e+01   3.0000000e+01   1.0445333e-15   1.3812500e-01   1.3812500e-01
   2.0000000e+01   3.0000000e+01   9.2263724e-16   1.0100000e-01   1.0100000e-01
   2.1000000e+01   3.0000000e+01   1.2636275e-15   1.7837500e-01   1.7837500e-01
   2.2000000e+01   3.0000000e+01   2.0525295e-15   3.5242188e-01   3.5242188e-01
   2.3000000e+01   3.0000000e+01   2.3290652e-15   4.1523437e-01   4.1523437e-01
   2.4000000e+01   3.0000000e+01   2.1795726e-15   3.8400000e-01   3.8400000e-01
   2.5000000e+01   3.0000000e+01   2.0667322e-15   3.5253125e-01   3.5253125e-01
   2.6000000e+01   3.0000000e+01   1.9845399e-15   3.3989063e-01   3.3989063e-01
   2.7000000e+01   3.0000000e+01   1.8122497e-15   3.0935937e-01   3.0935937e-01
   2.8000000e+01   3.0000000e+01   1.8185565e-15   3.1295313e-01   3.1295313e-01
   2.9000000e+01   3.0000000e+01   2.0760552e-15   3.5346875e-01   3.5346875e-01
   3.0000000e+01   3.0000000e+01   2.3475817e-15   4.1428125e-01   4.1428125e-01
   3.1000000e+01   3.0000000e+01   2.2823580e-15   4.0701562e-01   4.0701562e-01
   3.2000000e+01   3.0000000e+01   1.7167693e-15   2.6975000e-01   2.6975000e-01
   3.3000000e+01   3.0000000e+01   1.1068909e-15   1.3879687e-01   1.3879687e-01
   3.4000000e+01   3.0000000e+01   8.5994494e-16   8.9796875e-02   8.9796875e-02
   3.5000000e+01   3.0000000e+01   8.7298016e-16   1.0554687e-01   1.0554687e-01
   1.0000000e+00   3.1000000e+01   1.2789260e-15   1.9010937e-01   1.9010937e-01
   2.0000000e+00   3.1000000e+01   1.2672847e-15   1.7437500e-01   1.7437500e-01
   3.0000000e+00   3.1000000e+01   9.2015779e-16   1.0950000e-01   1.0950000e-01
   4.0000000e+00   3.1000000e+01   1.2082350e-15   1.5951562e-01   1.5951562e-01
   5.0000000e+00   3.1000000e+01   1.6143215e-15   2.4826562e-01   2.4826562e-01
   6.0000000e+00   3.1000000e+01   1.7974945e-15   2.8889062e-01   2.8889062e-01
   7.0000000e+00   3.1000000e+01   1.6680702e-15   2.6143750e-01   2.6143750e-01
   8.0000000e+00   3.1000000e+01   1.5721847e-15   2.4390625e-01   2.4390625e-01
   9.0000000e+00   3.1000000e+01   1.3873960e-15   2.0884375e-01   2.0884375e-01
   1.0000000e+01   3.1000000e+01   1.3554323e-15   1.9634375e-01   1.9634375e-01
   1.1000000e+01   3.1000000e+01   1.2704251e-15   1.8589062e-01   1.8589062e-01
   1.2000000e+01   3.1000000e+01   1.4124801e-15   2.1928125e-01   2.1928125e-01
   1.3000000e+01   3.1000000e+01   1.3717192e-15   2.0993750e-01   2.0993750e-01
   1.4000000e+01   3.1000000e+01   1.3613988e-15   1.9859375e-01   1.9859375e-01
   1.5000000e+01   3.1000000e+01   1.0581711e-15   1.3234375e-01   1.3234375e-01
   1.6000000e+01   3.1000000e+01   8.6207052e-16   1.0029687e-01   1.0029687e-01
   1.7000000e+01   3.1000000e+01   8.4474392e-16   8.8593750e-02   8.8593750e-02
   1.8000000e+01   3.1000000e+01   1.3398432e-15   2.0004687e-01   2.0004687e-01
   1.9000000e+01   3.1000000e+01   1.4589191e-15   2.2217187e-01   2.2217187e-01
   2.0000000e+01   3.1000000e+01   8.6428682e-16   9.9953125e-02   9.9953125e-02
   2.1000000e+01   3.1000000e+01   9.2065592e-16   1.0646875e-01   1.0646875e-01
   2.2000000e+01   3.1000000e+01   1.1540746e-15   1.6421875e-01   1.6421875e-01
   2.3000000e+01   3.1000000e+01   1.4333583e-15   2.2014062e-01   2.2014062e-01
   2.4000000e+01   3.1000000e+01   1.3546951e-15   2.0675000e-01   2.0675000e-01
   2.5000000e+01   3.1000000e+01   1.3593188e-15   1.9646875e-01   1.9646875e-01
   2.6000000e+01   3.1000000e+01   1.2756778e-15   1.8931250e-01   1.8931250e-01
   2.7000000e+01   3.1000000e+01   1.2126216e-15   1.6609375e-01   1.6609375e-01
   2.8000000e+01   3.1000000e+01   1.2235301e-15   1.7775000e-01   1.7775000e-01
   2.9000000e+01   3.1000000e+01   1.2573933e-15   1.8915625e-01   1.8915625e-01
   3.0000000e+01   3.1000000e+01   1.3787469e-15   2.0560937e-01   2.0560937e-01
   3.1000000e+01   3.1000000e+01   1.3551600e-15   2.0693750e-01   2.0693750e-01
   3.2000000e+01   3.1000000e+01   1.0237824e-15   1.3467187e-01   1.3467187e-01
   3.3000000e+01   3.1000000e+01   8.9976894e-16   1.0248437e-01   1.0248437e-01
   3.4000000e+01   3.1000000e+01   8.7098069e-16   9.4578125e-02   9.4578125e-02
   3.5000000e+01   3.1000000e+01   1.2368013e-15   1.8020312e-01   1.8020312e-01
   1.0000000e+00   3.2000000e+01   9.0212562e-16   1.0884375e-01   1.0884375e-01
   2.0000000e+00   3.2000000e+01   9.1198603e-16   1.0939062e-01   1.0939062e-01
   3.0000000e+00   3.2000000e+01   1.1012185e-15   1.5543750e-01   1.5543750e-01
   4.0000000e+00   3.2000000e+01   1.9326492e-15   3.2810937e-01   3.2810937e-01
   5.0000000e+00   3.2000000e+01   2.6867116e-15   4.8901562e-01   4.8901562e-01
   6.0000000e+00   3.2000000e+01   2.8084261e-15   5.1853125e-01   5.1853125e-01
   7.0000000e+00   3.2000000e+01   2.6320032e-15   4.8051563e-01   4.8051563e-01
   8.0000000e+00   3.2000000e+01   2.4249149e-15   4.4600000e-01   4.4600000e-01
   9.0000000e+00   3.2000000e+01   2.2010949e-15   3.8873437e-01   3.8873437e-01
   1.0000000e+01   3.2000000e+01   1.9674409e-15   3.3785937e-01   3.3785937e-01
   1.1000000e+01   3.2000000e+01   2.0563878e-15   3.5442188e-01   3.5442188e-01
   1.2000000e+01   3.2000000e+01   2.1246805e-15   3.8243750e-01   3.8243750e-01
   1.3000000e+01   3.2000000e+01   2.2162361e-15   3.8918750e-01   3.8918750e-01
   1.4000000e+01   3.2000000e+01   2.2124202e-15   3.9878125e-01   3.9878125e-01
   1.5000000e+01   3.2000000e+01   1.7468423e-15   2.9146875e-01   2.9146875e-01
   1.6000000e+01   3.2000000e+01   1.0767142e-15   1.4460937e-01   1.4460937e-01
   1.7000000e+01   3.2000000e+01   8.8164850e-16   1.0359375e-01   1.0359375e-01
   1.8000000e+01   3.2000000e+01   1.1233863e-15   1.5314062e-01   1.5314062e-01
   1.9000000e+01   3.2000000e+01   1.1695575e-15   1.6060937e-01   1.6060937e-01
   2.0000000e+01   3.2000000e+01   9.8584609e-16   1.1817187e-01   1.1817187e-01
   2.1000000e+01   3.2000000e+01   1.2199247e-15   1.7598437e-01   1.7598437e-01
   2.2000000e+01   3.2000000e+01   1.7767196e-15   2.8812500e-01   2.8812500e-01
   2.3000000e+01   3.2000000e+01   1.9870480e-15   3.3335937e-01   3.3335937e-01
   2.4000000e+01   3.2000000e+01   1.9400876e-15   3.2810937e-01   3.2810937e-01
   2.5000000e+01   3.2000000e+01   1.7537286e-15   2.8789062e-01   2.8789062e-01
   2.6000000e+01   3.2000000e+01   1.5912556e-15   2.5700000e-01   2.5700000e-01
   2.7000000e+01   3.2000000e+01   1.4699353e-15   2.3901562e-01   2.3901562e-01
   2.8000000e+01   3.2000000e+01   1.4800842e-15   2.3509375e-01   2.3509375e-01
   2.9000000e+01   3.2000000e+01   1.5290402e-15   2.4210937e-01   2.4210937e-01
   3.0000000e+01   3.2000000e+01   1.7131916e-15   2.7171875e-01   2.7171875e-01
   3.1000000e+01   3.2000000e+01   1.6762446e-15   2.7782812e-01   2.7782812e-01
   3.2000000e+01   3.2000000e+01   1.2388017e-15   1.7231250e-01   1.7231250e-01
   3.3000000e+01   3.2000000e+01   9.0501455e-16   1.1159375e-01   1.1159375e-01
   3.4000000e+01   3.2000000e+01   8.8788351e-16   1.0460937e-01   1.0460937e-01
   3.5000000e+01   3.2000000e+01   1.3126089e-15   2.0084375e-01   2.0084375e-01
   1.0000000e+00   3.3000000e+01   9.1301547e-16   9.8468750e-02   9.8468750e-02
   2.0000000e+00   3.3000000e+01   1.2721745e-15   1.7987500e-01   1.7987500e-01
   3.0000000e+00   3.3000000e+01   2.0576760e-15   3.5450000e-01   3.5450000e-01
   4.0000000e+00   3.3000000e+01   2.9842083e-15   5.5310938e-01   5.5310938e-01
   5.0000000e+00   3.3000000e+01   3.2971641e-15   6.0823437e-01   6.0823437e-01
   6.0000000e+00   3.3000000e+01   3.1583126e-15   5.9090625e-01   5.9090625e-01
   7.0000000e+00   3.3000000e+01   2.9877058e-15   5.5084375e-01   5.5084375e-01
   8.0000000e+00   3.3000000e+01   2.7103989e-15   4.9498437e-01   4.9498437e-01
   9.0000000e+00   3.3000000e+01   2.4766611e-15   4.4356250e-01   4.4356250e-01
   1.0000000e+01   3.3000000e+01   2.3113292e-15   4.1562500e-01   4.1562500e-01
   1.1000000e+01   3.3000000e+01   2.4059026e-15   4.3898437e-01   4.3898437e-01
   1.2000000e+01   3.3000000e+01   2.6184429e-15   4.8546875e-01   4.8546875e-01
   1.3000000e+01   3.3000000e+01   2.8675030e-15   5.3360937e-01   5.3360937e-01
   1.4000000e+01   3.3000000e+01   2.9703419e-15   5.5623437e-01   5.5623437e-01
   1.5000000e+01   3.3000000e+01   2.6772730e-15   4.8079688e-01   4.8079688e-01
   1.6000000e+01   3.3000000e+01   1.8080324e-15   2.9628125e-01   2.9628125e-01
   1.7000000e+01   3.3000000e+01   1.1556627e-15   1.5870312e-01   1.5870312e-01
   1.8000000e+01   3.3000000e+01   8.4857889e-16   9.7812500e-02   9.7812500e-02
   1.9000000e+01   3.3000000e+01   9.2282891e-16   1.0546875e-01   1.0546875e-01
   2.0000000e+01   3.3000000e+01   1.4349822e-15   2.0715625e-01   2.0715625e-01
   2.1000000e+01   3.3000000e+01   2.2511374e-15   3.9876562e-01   3.9876562e-01
   2.2000000e+01   3.3000000e+01   2.9400862e-15   5.5182813e-01   5.5182813e-01
   2.3000000e+01   3.3000000e+01   2.9819959e-15   5.6020312e-01   5.6020312e-01
   2.4000000e+01   3.3000000e+01   2.8019137e-15   5.1646875e-01   5.1646875e-01
   2.5000000e+01   3.3000000e+01   2.6558073e-15   4.7806250e-01   4.7806250e-01
   2.6000000e+01   3.3000000e+01   2.3438751e-15   4.1585937e-01   4.1585937e-01
   2.7000000e+01   3.3000000e+01   2.2098610e-15   3.8285938e-01   3.8285938e-01
   2.8000000e+01   3.3000000e+01   2.2262594e-15   3.9187500e-01   3.9187500e-01
   2.9000000e+01   3.3000000e+01   2.4212845e-15   4.2690625e-01   4.2690625e-01
   3.0000000e+01   3.3000000e+01   2.6203409e-15   4.7590625e-01   4.7590625e-01
   3.1000000e+01   3.3000000e+01   2.7440938e-15   4.9421875e-01   4.9421875e-01
   3.2000000e+01   3.3000000e+01   2.1347002e-15   3.6732813e-01   3.6732813e-01
   3.3000000e+01   3.3000000e+01   1.3953754e-15   2.0123437e-01   2.0123437e-01
   3.4000000e+01   3.3000000e+01   9.9048663e-16   1.1956250e-01   1.1956250e-01
   3.5000000e+01   3.3000000e+01   9.6444144e-16   1.1173437e-01   1.1173437e-01
   1.0000000e+00   3.4000000e+01   1.0428349e-15   1.2890625e-01   1.2890625e-01
   2.0000000e+00   3.4000000e+01   1.8030132e-15   2.8873437e-01   2.8873437e-01
   3.0000000e+00   3.4000000e+01   2.9535635e-15   5.3628125e-01   5.3628125e-01
   4.0000000e+00   3.4000000e+01   3.2209355e-15   6.1493750e-01   6.1493750e-01
   5.0000000e+00   3.4000000e+01   3.2148534e-15   6.0090625e-01   6.0090625e-01
   6.0000000e+00   3.4000000e+01   3.1948111e-15   5.9404687e-01   5.9404687e-01
   7.0000000e+00   3.4000000e+01   3.0741649e-15   5.7128125e-01   5.7128125e-01
   8.0000000e+00   3.4000000e+01   2.9119135e-15   5.3951562e-01   5.3951562e-01
   9.0000000e+00   3.4000000e+01   2.6000993e-15   4.7606250e-01   4.7606250e-01
   1.0000000e+01   3.4000000e+01   2.3204387e-15   4.2082813e-01   4.2082813e-01
   1.1000000e+01   3.4000000e+01   2.3865580e-15   4.2209375e-01   4.2209375e-01
   1.2000000e+01   3.4000000e+01   2.6216954e-15   4.7159375e-01   4.7159375e-01
   1.3000000e+01   3.4000000e+01   2.8516200e-15   5.2089062e-01   5.2089062e-01
   1.4000000e+01   3.4000000e+01   3.1131165e-15   5.7139063e-01   5.7139063e-01
   1.5000000e+01   3.4000000e+01   3.1390837e-15   5.7820312e-01   5.7820312e-01
   1.6000000e+01   3.4000000e+01   2.6743135e-15   4.7864062e-01   4.7864062e-01
   1.7000000e+01   3.4000000e+01   1.7223067e-15   2.7321875e-01   2.7321875e-01
   1.8000000e+01   3.4000000e+01   9.8198608e-16   1.0709375e-01   1.0709375e-01
   1.9000000e+01   3.4000000e+01   1.2431107e-15   1.7664062e-01   1.7664062e-01
   2.0000000e+01   3.4000000e+01   2.1981386e-15   3.8567188e-01   3.8567188e-01
   2.1000000e+01   3.4000000e+01   2.9552207e-15   5.4587500e-01   5.4587500e-01
   2.2000000e+01   3.4000000e+01   3.4655089e-15   6.4817188e-01   6.4817188e-01
   2.3000000e+01   3.4000000e+01   3.2426126e-15   6.0329688e-01   6.0329688e-01
   2.4000000e+01   3.4000000e+01   2.9450051e-15   5.3979687e-01   5.3979687e-01
   2.5000000e+01   3.4000000e+01   2.8154754e-15   5.1609375e-01   5.1609375e-01
   2.6000000e+01   3.4000000e+01   2.6090154e-15   4.7342187e-01   4.7342187e-01
   2.7000000e+01   3.4000000e+01   2.3278100e-15   4.2334375e-01   4.2334375e-01
   2.8000000e+01   3.4000000e+01   2.3449659e-15   4.2520312e-01   4.2520312e-01
   2.9000000e+01   3.4000000e+01   2.6011359e-15   4.7043750e-01   4.7043750e-01
   3.0000000e+01   3.4000000e+01   2.8432785e-15   5.2003125e-01   5.2003125e-01
   3.1000000e+01   3.4000000e+01   3.1660897e-15   5.8901563e-01   5.8901563e-01
   3.2000000e+01   3.4000000e+01   2.8967455e-15   5.3937500e-01   5.3937500e-01
   3.3000000e+01   3.4000000e+01   2.0875221e-15   3.5395312e-01   3.5395312e-01
   3.4000000e+01   3.4000000e+01   1.3311496e-15   1.8337500e-01   1.8337500e-01
   3.5000000e+01   3.4000000e+01   9.1253385e-16   1.0290625e-01   1.0290625e-01
   1.0000000e+00   3.5000000e+01   1.2000615e-15   1.6714062e-01   1.6714062e-01
   2.0000000e+00   3.5000000e+01   1.9824536e-15   3.4187500e-01   3.4187500e-01
   3.0000000e+00   3.5000000e+01   2.9434444e-15   5.4528125e-01   5.4528125e-01
   4.0000000e+00   3.5000000e+01   3.2629430e-15   6.1367187e-01   6.1367187e-01
   5.0000000e+00   3.5000000e+01   3.1275076e-15   5.9745312e-01   5.9745312e-01
   6.0000000e+00   3.5000000e+01   3.0886631e-15   5.7554688e-01   5.7554688e-01
   7.0000000e+00   3.5000000e+01   2.9087614e-15   5.3584375e-01   5.3584375e-01
   8.0000000e+00   3.5000000e+01   2.7440563e-15   5.0343750e-01   5.0343750e-01
   9.0000000e+00   3.5000000e+01   2.6059546e-15   4.7407812e-01   4.7407812e-01
   1.0000000e+01   3.5000000e+01   2.4400666e-15   4.5184375e-01   4.5184375e-01
   1.1000000e+01   3.5000000e+01   2.5111225e-15   4.5512500e-01   4.5512500e-01
   1.2000000e+01   3.5000000e+01   2.6723929e-15   4.8457812e-01   4.8457812e-01
   1.3000000e+01   3.5000000e+01   2.9823057e-15   5.5987500e-01   5.5987500e-01
   1.4000000e+01   3.5000000e+01   3.1792012e-15   5.8970312e-01   5.8970312e-01
   1.5000000e+01   3.5000000e+01   3.1927512e-15   5.9007813e-01   5.9007813e-01
   1.6000000e+01   3.5000000e+01   3.2498739e-15   6.1382812e-01   6.1382812e-01
   1.7000000e+01   3.5000000e+01   2.3070919e-15   4.1031250e-01   4.1031250e-01
   1.8000000e+01   3.5000000e+01   1.0957998e-15   1.4567187e-01   1.4567187e-01
   1.9000000e+01   3.5000000e+01   1.7690619e-15   2.8860937e-01   2.8860937e-01
   2.0000000e+01   3.5000000e+01   2.8341824e-15   5.2135937e-01   5.2135937e-01
   2.1000000e+01   3.5000000e+01   3.2309550e-15   5.9775000e-01   5.9775000e-01
   2.2000000e+01   3.5000000e+01   3.2847815e-15   6.1542188e-01   6.1542188e-01
   2.3000000e+01   3.5000000e+01   3.0633210e-15   5.7031250e-01   5.7031250e-01
   2.4000000e+01   3.5000000e+01   3.0668941e-15   5.6132812e-01   5.6132812e-01
   2.5000000e+01   3.5000000e+01   2.8070563e-15   5.2484375e-01   5.2484375e-01
   2.6000000e+01   3.5000000e+01   2.5431534e-15   4.5489062e-01   4.5489062e-01
   2.7000000e+01   3.5000000e+01   2.4766042e-15   4.4557812e-01   4.4557812e-01
   2.8000000e+01   3.5000000e+01   2.4191554e-15   4.3668750e-01   4.3668750e-01
   2.9000000e+01   3.5000000e+01   2.6629844e-15   4.8820312e-01   4.8820312e-01
   3.0000000e+01   3.5000000e+01   3.0133988e-15   5.5809375e-01   5.5809375e-01
   3.1000000e+01   3.5000000e+01   3.0164928e-15   5.6720313e-01   5.6720313e-01
   3.2000000e+01   3.5000000e+01   3.3170464e-15   6.2589063e-01   6.2589063e-01
   3.3000000e+01   3.5000000e+01   2.9679197e-15   5.5007812e-01   5.5007812e-01
   3.4000000e+01   3.5000000e+01   1.8707205e-15   3.1073438e-01   3.1073438e-01
   3.5000000e+01   3.5000000e+01   1.0572257e-15   1.2978125e-01   1.2978125e-01
