   1.0000000e+00   1.0000000e+00   9.9715249e-16   1.0443750e-01   1.0443750e-01
   2.0000000e+00   1.0000000e+00   1.1443307e-15   1.4046875e-01   1.4046875e-01
   3.0000000e+00   1.0000000e+00   1.2472435e-15   1.5748437e-01   1.5748437e-01
   4.0000000e+00   1.0000000e+00   1.1940316e-15   1.4664062e-01   1.4664062e-01
   5.0000000e+00   1.0000000e+00   1.0025284e-15   9.9890625e-02   9.9890625e-02
   6.0000000e+00   1.0000000e+00   7.6087253e-16   4.9921875e-02   4.9921875e-02
   7.0000000e+00   1.0000000e+00   6.9936316e-16   3.5000000e-02   3.5000000e-02
   8.0000000e+00   1.0000000e+00   7.4631472e-16   4.5609375e-02   4.5609375e-02
   9.0000000e+00   1.0000000e+00   7.2829011e-16   3.7750000e-02   3.7750000e-02
   1.0000000e+01   1.0000000e+00   7.4577102e-16   4.9015625e-02   4.9015625e-02
   1.1000000e+01   1.0000000e+00   9.7926173e-16   1.0184375e-01   1.0184375e-01
   1.2000000e+01   1.0000000e+00   1.1607543e-15   1.4342187e-01   1.4342187e-01
   1.3000000e+01   1.0000000e+00   1.1773176e-15   1.5328125e-01   1.5328125e-01
   1.4000000e+01   1.0000000e+00   1.1137094e-15   1.3579687e-01   1.3579687e-01
   1.5000000e+01   1.0000000e+00   9.7012182e-16   1.0156250e-01   1.0156250e-01
   1.6000000e+01   1.0000000e+00   9.1698169e-16   8.1484375e-02   8.1484375e-02
   1.7000000e+01   1.0000000e+00   8.4694507e-16   7.3656250e-02   7.3656250e-02
   1.8000000e+01   1.0000000e+00   8.6213136e-16   8.5453125e-02   8.5453125e-02
   1.9000000e+01   1.0000000e+00   9.8522178e-16   1.0290625e-01   1.0290625e-01
   2.0000000e+01   1.0000000e+00   1.0600874e-15   1.2289062e-01   1.2289062e-01
   2.1000000e+01   1.0000000e+00   1.0003197e-15   1.1229687e-01   1.1229687e-01
   2.2000000e+01   1.0000000e+00   8.2349727e-16   7.0531250e-02   7.0531250e-02
   2.3000000e+01   1.0000000e+00   6.9977058e-16   3.7031250e-02   3.7031250e-02
   2.4000000e+01   1.0000000e+00   7.3521802e-16   3.9593750e-02   3.9593750e-02
   2.5000000e+01   1.0000000e+00   7.5656957e-16   5.6265625e-02   5.6265625e-02
   2.6000000e+01   1.0000000e+00   7.1969857e-16   4.4531250e-02   4.4531250e-02
   2.7000000e+01   1.0000000e+00   7.0495520e-16   4.3015625e-02   4.3015625e-02
   2.8000000e+01   1.0000000e+00   9.1950489e-16   8.6015625e-02   8.6015625e-02
   2.9000000e+01   1.0000000e+00   1.0316676e-15   1.2245312e-01   1.2245312e-01
   3.0000000e+01   1.0000000e+00   1.0439547e-15   1.2365625e-01   1.2365625e-01
   3.1000000e+01   1.0000000e+00   9.6166016e-16   1.0418750e-01   1.0418750e-01
   3.2000000e+01   1.0000000e+00   9.2841626e-16   9.1765625e-02   9.1765625e-02
   3.3000000e+01   1.0000000e+00   8.5284896e-16   6.7984375e-02   6.7984375e-02
   3.4000000e+01   1.0000000e+00   8.5059226e-16   6.7312500e-02   6.7312500e-02
   3.5000000e+01   1.0000000e+00   9.5853459e-16   9.5234375e-02   9.5234375e-02
   1.0000000e+00   2.0000000e+00   1.0668274e-15   1.2615625e-01   1.2615625e-01
   2.0000000e+00   2.0000000e+00   1.2371414e-15   1.5940625e-01   1.5940625e-01
   3.0000000e+00   2.0000000e+00   1.3451227e-15   1.8773437e-01   1.8773437e-01
   4.0000000e+00   2.0000000e+00   1.4452681e-15   2.0692187e-01   2.0692187e-01
   5.0000000e+00   2.0000000e+00   1.2187143e-15   1.6412500e-01   1.6412500e-01
   6.0000000e+00   2.0000000e+00   8.9819261e-16   8.6437500e-02   8.6437500e-02
   7.0000000e+00   2.0000000e+00   6.9496922e-16   4.5109375e-02   4.5109375e-02
   8.0000000e+00   2.0000000e+00   6.7655931e-16   3.3765625e-02   3.3765625e-02
   9.0000000e+00   2.0000000e+00   7.5916916e-16   4.6500000e-02   4.6500000e-02
   1.0000000e+01   2.0000000e+00   9.3548285e-16   1.0118750e-01   1.0118750e-01
   1.1000000e+01   2.0000000e+00   1.3484142e-15   1.8481250e-01   1.8481250e-01
   1.2000000e+01   2.0000000e+00   1.4357846e-15   2.0292187e-01   2.0292187e-01
   1.3000000e+01   2.0000000e+00   1.3595094e-15   1.9284375e-01   1.9284375e-01
   1.4000000e+01   2.0000000e+00   1.2728939e-15   1.7798437e-01   1.7798437e-01
   1.5000000e+01   2.0000000e+00   1.1260163e-15   1.4179687e-01   1.4179687e-01
   1.6000000e+01   2.0000000e+00   9.6942925e-16   1.0235937e-01   1.0235937e-01
   1.7000000e+01   2.0000000e+00   9.1530759e-16   9.3796875e-02   9.3796875e-02
   1.8000000e+01   2.0000000e+00   9.7521629e-16   1.1584375e-01   1.1584375e-01
   1.9000000e+01   2.0000000e+00   1.1145196e-15   1.4757812e-01   1.4757812e-01
   2.0000000e+01   2.0000000e+00   1.2834377e-15   1.7539062e-01   1.7539062e-01
   2.1000000e+01   2.0000000e+00   1.2811491e-15   1.7134375e-01   1.7134375e-01
   2.2000000e+01   2.0000000e+00   9.9531754e-16   1.1578125e-01   1.1578125e-01
   2.3000000e+01   2.0000000e+00   7.6900486e-16   5.8453125e-02   5.8453125e-02
   2.4000000e+01   2.0000000e+00   6.6350889e-16   3.9265625e-02   3.9265625e-02
   2.5000000e+01   2.0000000e+00   6.8140289e-16   3.7687500e-02   3.7687500e-02
   2.6000000e+01   2.0000000e+00   7.0694412e-16   4.1750000e-02   4.1750000e-02
   2.7000000e+01   2.0000000e+00   9.0903154e-16   9.1937500e-02   9.1937500e-02
   2.8000000e+01   2.0000000e+00   1.1997665e-15   1.5870312e-01   1.5870312e-01
   2.9000000e+01   2.0000000e+00   1.3527592e-15   1.9217187e-01   1.9217187e-01
   3.0000000e+01   2.0000000e+00   1.2993339e-15   1.8346875e-01   1.8346875e-01
   3.1000000e+01   2.0000000e+00   1.1575566e-15   1.5215625e-01   1.5215625e-01
   3.2000000e+01   2.0000000e+00   1.0080466e-15   1.1970312e-01   1.1970312e-01
   3.3000000e+01   2.0000000e+00   9.1699720e-16   9.1843750e-02   9.1843750e-02
   3.4000000e+01   2.0000000e+00   8.8144014e-16   9.0843750e-02   9.0843750e-02
   3.5000000e+01   2.0000000e+00   1.0852429e-15   1.2856250e-01   1.2856250e-01
   1.0000000e+00   3.0000000e+00   1.2156973e-15   1.4703125e-01   1.4703125e-01
   2.0000000e+00   3.0000000e+00   1.3398136e-15   1.8360937e-01   1.8360937e-01
   3.0000000e+00   3.0000000e+00   1.4323800e-15   2.0484375e-01   2.0484375e-01
   4.0000000e+00   3.0000000e+00   1.5151284e-15   2.2182812e-01   2.2182812e-01
   5.0000000e+00   3.0000000e+00   1.4621187e-15   2.0937500e-01   2.0937500e-01
   6.0000000e+00   3.0000000e+00   1.1220809e-15   1.4087500e-01   1.4087500e-01
   7.0000000e+00   3.0000000e+00   7.4476061e-16   6.0296875e-02   6.0296875e-02
   8.0000000e+00   3.0000000e+00   7.0668453e-16   4.3453125e-02   4.3453125e-02
   9.0000000e+00   3.0000000e+00   8.9662688e-16   8.8062500e-02   8.8062500e-02
   1.0000000e+01   3.0000000e+00   1.2875690e-15   1.7012500e-01   1.7012500e-01
   1.1000000e+01   3.0000000e+00   1.5244420e-15   2.3035937e-01   2.3035937e-01
   1.2000000e+01   3.0000000e+00   1.4713249e-15   2.2500000e-01   2.2500000e-01
   1.3000000e+01   3.0000000e+00   1.4243474e-15   2.0775000e-01   2.0775000e-01
   1.4000000e+01   3.0000000e+00   1.3043742e-15   1.8121875e-01   1.8121875e-01
   1.5000000e+01   3.0000000e+00   1.1104922e-15   1.4160937e-01   1.4160937e-01
   1.6000000e+01   3.0000000e+00   9.6651534e-16   1.0954687e-01   1.0954687e-01
   1.7000000e+01   3.0000000e+00   9.7866750e-16   1.0410937e-01   1.0410937e-01
   1.8000000e+01   3.0000000e+00   1.1089992e-15   1.2709375e-01   1.2709375e-01
   1.9000000e+01   3.0000000e+00   1.2795168e-15   1.6542187e-01   1.6542187e-01
   2.0000000e+01   3.0000000e+00   1.4536937e-15   2.0165625e-01   2.0165625e-01
   2.1000000e+01   3.0000000e+00   1.4420227e-15   2.0803125e-01   2.0803125e-01
   2.2000000e+01   3.0000000e+00   1.3047250e-15   1.7160937e-01   1.7160937e-01
   2.3000000e+01   3.0000000e+00   9.8242148e-16   9.5984375e-02   9.5984375e-02
   2.4000000e+01   3.0000000e+00   7.2920177e-16   4.8593750e-02   4.8593750e-02
   2.5000000e+01   3.0000000e+00   7.1785886e-16   4.3390625e-02   4.3390625e-02
   2.6000000e+01   3.0000000e+00   8.8707693e-16   7.7406250e-02   7.7406250e-02
   2.7000000e+01   3.0000000e+00   1.1957675e-15   1.5228125e-01   1.5228125e-01
   2.8000000e+01   3.0000000e+00   1.4308905e-15   2.0757812e-01   2.0757812e-01
   2.9000000e+01   3.0000000e+00   1.5099085e-15   2.2789062e-01   2.2789062e-01
   3.0000000e+01   3.0000000e+00   1.4291071e-15   2.0500000e-01   2.0500000e-01
   3.1000000e+01   3.0000000e+00   1.2615947e-15   1.6912500e-01   1.6912500e-01
   3.2000000e+01   3.0000000e+00   1.0892366e-15   1.3190625e-01   1.3190625e-01
   3.3000000e+01   3.0000000e+00   9.7170212e-16   1.0025000e-01   1.0025000e-01
   3.4000000e+01   3.0000000e+00   9.9607887e-16   1.0254687e-01   1.0254687e-01
   3.5000000e+01   3.0000000e+00   1.1530811e-15   1.3935937e-01   1.3935937e-01
   1.0000000e+00   4.0000000e+00   1.2503361e-15   1.6985937e-01   1.6985937e-01
   2.0000000e+00   4.0000000e+00   1.3765858e-15   1.9475000e-01   1.9475000e-01
   3.0000000e+00   4.0000000e+00   1.4999354e-15   2.1843750e-01   2.1843750e-01
   4.0000000e+00   4.0000000e+00   1.5304951e-15   2.2875000e-01   2.2875000e-01
   5.0000000e+00   4.0000000e+00   1.5538264e-15   2.3665625e-01   2.3665625e-01
   6.0000000e+00   4.0000000e+00   1.3389944e-15   1.7692187e-01   1.7692187e-01
   7.0000000e+00   4.0000000e+00   8.5829636e-16   7.9765625e-02   7.9765625e-02
   8.0000000e+00   4.0000000e+00   7.3496591e-16   5.9265625e-02   5.9265625e-02
   9.0000000e+00   4.0000000e+00   1.0922171e-15   1.3960937e-01   1.3960937e-01
   1.0000000e+01   4.0000000e+00   1.4584231e-15   2.1853125e-01   2.1853125e-01
   1.1000000e+01   4.0000000e+00   1.5425594e-15   2.3232812e-01   2.3232812e-01
   1.2000000e+01   4.0000000e+00   1.5087741e-15   2.2379687e-01   2.2379687e-01
   1.3000000e+01   4.0000000e+00   1.4752605e-15   2.1387500e-01   2.1387500e-01
   1.4000000e+01   4.0000000e+00   1.3741147e-15   1.9373437e-01   1.9373437e-01
   1.5000000e+01   4.0000000e+00   1.2293870e-15   1.6221875e-01   1.6221875e-01
   1.6000000e+01   4.0000000e+00   1.1398359e-15   1.4450000e-01   1.4450000e-01
   1.7000000e+01   4.0000000e+00   1.1104171e-15   1.4062500e-01   1.4062500e-01
   1.8000000e+01   4.0000000e+00   1.1892650e-15   1.5790625e-01   1.5790625e-01
   1.9000000e+01   4.0000000e+00   1.3479519e-15   1.8992187e-01   1.8992187e-01
   2.0000000e+01   4.0000000e+00   1.4021625e-15   2.1010937e-01   2.1010937e-01
   2.1000000e+01   4.0000000e+00   1.4763031e-15   2.2464062e-01   2.2464062e-01
   2.2000000e+01   4.0000000e+00   1.4384609e-15   2.1667187e-01   2.1667187e-01
   2.3000000e+01   4.0000000e+00   1.1447076e-15   1.4926562e-01   1.4926562e-01
   2.4000000e+01   4.0000000e+00   7.9365709e-16   6.0734375e-02   6.0734375e-02
   2.5000000e+01   4.0000000e+00   7.5864826e-16   5.6781250e-02   5.6781250e-02
   2.6000000e+01   4.0000000e+00   1.0533273e-15   1.3235937e-01   1.3235937e-01
   2.7000000e+01   4.0000000e+00   1.4255158e-15   2.0860937e-01   2.0860937e-01
   2.8000000e+01   4.0000000e+00   1.5324773e-15   2.4000000e-01   2.4000000e-01
   2.9000000e+01   4.0000000e+00   1.5071188e-15   2.3109375e-01   2.3109375e-01
   3.0000000e+01   4.0000000e+00   1.3764107e-15   2.0664062e-01   2.0664062e-01
   3.1000000e+01   4.0000000e+00   1.2217759e-15   1.7134375e-01   1.7134375e-01
   3.2000000e+01   4.0000000e+00   1.1256696e-15   1.4125000e-01   1.4125000e-01
   3.3000000e+01   4.0000000e+00   1.0445876e-15   1.2103125e-01   1.2103125e-01
   3.4000000e+01   4.0000000e+00   1.1189940e-15   1.3037500e-01   1.3037500e-01
   3.5000000e+01   4.0000000e+00   1.2193932e-15   1.6518750e-01   1.6518750e-01
   1.0000000e+00   5.0000000e+00   1.3303868e-15   1.8685937e-01   1.8685937e-01
   2.0000000e+00   5.0000000e+00   1.4689206e-15   2.0595312e-01   2.0595312e-01
   3.0000000e+00   5.0000000e+00   1.5319813e-15   2.3168750e-01   2.3168750e-01
   4.0000000e+00   5.0000000e+00   1.4837638e-15   2.2746875e-01   2.2746875e-01
   5.0000000e+00   5.0000000e+00   1.4454290e-15   2.1451562e-01   2.1451562e-01
   6.0000000e+00   5.0000000e+00   1.3140596e-15   1.8179687e-01   1.8179687e-01
   7.0000000e+00   5.0000000e+00   8.7025971e-16   8.5453125e-02   8.5453125e-02
   8.0000000e+00   5.0000000e+00   8.9604853e-16   8.7906250e-02   8.7906250e-02
   9.0000000e+00   5.0000000e+00   1.1830633e-15   1.6635937e-01   1.6635937e-01
   1.0000000e+01   5.0000000e+00   1.3843839e-15   2.0346875e-01   2.0346875e-01
   1.1000000e+01   5.0000000e+00   1.4178996e-15   2.1095312e-01   2.1095312e-01
   1.2000000e+01   5.0000000e+00   1.4625157e-15   2.1768750e-01   2.1768750e-01
   1.3000000e+01   5.0000000e+00   1.4279017e-15   2.1006250e-01   2.1006250e-01
   1.4000000e+01   5.0000000e+00   1.3679748e-15   1.9404687e-01   1.9404687e-01
   1.5000000e+01   5.0000000e+00   1.2721290e-15   1.7125000e-01   1.7125000e-01
   1.6000000e+01   5.0000000e+00   1.2431295e-15   1.7196875e-01   1.7196875e-01
   1.7000000e+01   5.0000000e+00   1.2396358e-15   1.6809375e-01   1.6809375e-01
   1.8000000e+01   5.0000000e+00   1.2707794e-15   1.7437500e-01   1.7437500e-01
   1.9000000e+01   5.0000000e+00   1.3911518e-15   1.9642187e-01   1.9642187e-01
   2.0000000e+01   5.0000000e+00   1.4860668e-15   2.2428125e-01   2.2428125e-01
   2.1000000e+01   5.0000000e+00   1.5602562e-15   2.3853125e-01   2.3853125e-01
   2.2000000e+01   5.0000000e+00   1.5657280e-15   2.3512500e-01   2.3512500e-01
   2.3000000e+01   5.0000000e+00   1.3035429e-15   1.7845312e-01   1.7845312e-01
   2.4000000e+01   5.0000000e+00   8.1525768e-16   7.5953125e-02   7.5953125e-02
   2.5000000e+01   5.0000000e+00   8.3973117e-16   8.3531250e-02   8.3531250e-02
   2.6000000e+01   5.0000000e+00   1.2370925e-15   1.7889062e-01   1.7889062e-01
   2.7000000e+01   5.0000000e+00   1.4183004e-15   2.0929687e-01   2.0929687e-01
   2.8000000e+01   5.0000000e+00   1.5133021e-15   2.2235937e-01   2.2235937e-01
   2.9000000e+01   5.0000000e+00   1.5233809e-15   2.2860937e-01   2.2860937e-01
   3.0000000e+01   5.0000000e+00   1.4335760e-15   2.0292187e-01   2.0292187e-01
   3.1000000e+01   5.0000000e+00   1.3680143e-15   1.8909375e-01   1.8909375e-01
   3.2000000e+01   5.0000000e+00   1.2399801e-15   1.5957812e-01   1.5957812e-01
   3.3000000e+01   5.0000000e+00   1.2179166e-15   1.5510937e-01   1.5510937e-01
   3.4000000e+01   5.0000000e+00   1.1905883e-15   1.5812500e-01   1.5812500e-01
   3.5000000e+01   5.0000000e+00   1.3288933e-15   1.7931250e-01   1.7931250e-01
   1.0000000e+00   6.0000000e+00   1.4155892e-15   2.0387500e-01   2.0387500e-01
   2.0000000e+00   6.0000000e+00   1.4731757e-15   2.1046875e-01   2.1046875e-01
   3.0000000e+00   6.0000000e+00   1.4957447e-15   2.2431250e-01   2.2431250e-01
   4.0000000e+00   6.0000000e+00   1.4844426e-15   2.1406250e-01   2.1406250e-01
   5.0000000e+00   6.0000000e+00   1.3887361e-15   1.9540625e-01   1.9540625e-01
   6.0000000e+00   6.0000000e+00   1.2251161e-15   1.6346875e-01   1.6346875e-01
   7.0000000e+00   6.0000000e+00   8.0418450e-16   7.1468750e-02   7.1468750e-02
   8.0000000e+00   6.0000000e+00   8.9646492e-16   9.4062500e-02   9.4062500e-02
   9.0000000e+00   6.0000000e+00   1.2387345e-15   1.6340625e-01   1.6340625e-01
   1.0000000e+01   6.0000000e+00   1.3576197e-15   1.8615625e-01   1.8615625e-01
   1.1000000e+01   6.0000000e+00   1.3942813e-15   2.0818750e-01   2.0818750e-01
   1.2000000e+01   6.0000000e+00   1.4925104e-15   2.1175000e-01   2.1175000e-01
   1.3000000e+01   6.0000000e+00   1.4763294e-15   2.1335937e-01   2.1335937e-01
   1.4000000e+01   6.0000000e+00   1.4329370e-15   2.0023437e-01   2.0023437e-01
   1.5000000e+01   6.0000000e+00   1.3433230e-15   1.8971875e-01   1.8971875e-01
   1.6000000e+01   6.0000000e+00   1.3765286e-15   1.9154687e-01   1.9154687e-01
   1.7000000e+01   6.0000000e+00   1.3242902e-15   1.7979687e-01   1.7979687e-01
   1.8000000e+01   6.0000000e+00   1.4105821e-15   2.0189062e-01   2.0189062e-01
   1.9000000e+01   6.0000000e+00   1.4644711e-15   2.1342187e-01   2.1342187e-01
   2.0000000e+01   6.0000000e+00   1.5261236e-15   2.2629687e-01   2.2629687e-01
   2.1000000e+01   6.0000000e+00   1.5188262e-15   2.2237500e-01   2.2237500e-01
   2.2000000e+01   6.0000000e+00   1.4234280e-15   2.0287500e-01   2.0287500e-01
   2.3000000e+01   6.0000000e+00   1.1774775e-15   1.5714062e-01   1.5714062e-01
   2.4000000e+01   6.0000000e+00   8.4698260e-16   6.9671875e-02   6.9671875e-02
   2.5000000e+01   6.0000000e+00   9.4828387e-16   9.9187500e-02   9.9187500e-02
   2.6000000e+01   6.0000000e+00   1.2535329e-15   1.8009375e-01   1.8009375e-01
   2.7000000e+01   6.0000000e+00   1.3864225e-15   2.0629687e-01   2.0629687e-01
   2.8000000e+01   6.0000000e+00   1.4268891e-15   2.1384375e-01   2.1384375e-01
   2.9000000e+01   6.0000000e+00   1.4845001e-15   2.1526562e-01   2.1526562e-01
   3.0000000e+01   6.0000000e+00   1.4387948e-15   2.0335937e-01   2.0335937e-01
   3.1000000e+01   6.0000000e+00   1.3718356e-15   1.9512500e-01   1.9512500e-01
   3.2000000e+01   6.0000000e+00   1.3019450e-15   1.8631250e-01   1.8631250e-01
   3.3000000e+01   6.0000000e+00   1.2789831e-15   1.7503125e-01   1.7503125e-01
   3.4000000e+01   6.0000000e+00   1.2747069e-15   1.7351562e-01   1.7351562e-01
   3.5000000e+01   6.0000000e+00   1.3140062e-15   1.8342187e-01   1.8342187e-01
   1.0000000e+00   7.0000000e+00   1.4669793e-15   2.1398437e-01   2.1398437e-01
   2.0000000e+00   7.0000000e+00   1.4792347e-15   2.1689062e-01   2.1689062e-01
   3.0000000e+00   7.0000000e+00   1.4015378e-15   2.0187500e-01   2.0187500e-01
   4.0000000e+00   7.0000000e+00   1.3199304e-15   1.8437500e-01   1.8437500e-01
   5.0000000e+00   7.0000000e+00   1.2335697e-15   1.7645312e-01   1.7645312e-01
   6.0000000e+00   7.0000000e+00   1.1066522e-15   1.3298437e-01   1.3298437e-01
   7.0000000e+00   7.0000000e+00   8.0810346e-16   6.4578125e-02   6.4578125e-02
   8.0000000e+00   7.0000000e+00   8.7999988e-16   9.7859375e-02   9.7859375e-02
   9.0000000e+00   7.0000000e+00   1.1633483e-15   1.5056250e-01   1.5056250e-01
   1.0000000e+01   7.0000000e+00   1.1980959e-15   1.5667187e-01   1.5667187e-01
   1.1000000e+01   7.0000000e+00   1.2978583e-15   1.8223437e-01   1.8223437e-01
   1.2000000e+01   7.0000000e+00   1.3549091e-15   1.8862500e-01   1.8862500e-01
   1.3000000e+01   7.0000000e+00   1.4294829e-15   2.0993750e-01   2.0993750e-01
   1.4000000e+01   7.0000000e+00   1.4075952e-15   2.0078125e-01   2.0078125e-01
   1.5000000e+01   7.0000000e+00   1.4358837e-15   2.0214062e-01   2.0214062e-01
   1.6000000e+01   7.0000000e+00   1.3551182e-15   1.9451562e-01   1.9451562e-01
   1.7000000e+01   7.0000000e+00   1.3813885e-15   1.9337500e-01   1.9337500e-01
   1.8000000e+01   7.0000000e+00   1.4704775e-15   2.1379687e-01   2.1379687e-01
   1.9000000e+01   7.0000000e+00   1.4622113e-15   2.0950000e-01   2.0950000e-01
   2.0000000e+01   7.0000000e+00   1.5046083e-15   2.1885937e-01   2.1885937e-01
   2.1000000e+01   7.0000000e+00   1.3778511e-15   1.9773437e-01   1.9773437e-01
   2.2000000e+01   7.0000000e+00   1.3418395e-15   1.8075000e-01   1.8075000e-01
   2.3000000e+01   7.0000000e+00   1.0843928e-15   1.3412500e-01   1.3412500e-01
   2.4000000e+01   7.0000000e+00   7.6082136e-16   5.9296875e-02   5.9296875e-02
   2.5000000e+01   7.0000000e+00   9.7578516e-16   1.0064062e-01   1.0064062e-01
   2.6000000e+01   7.0000000e+00   1.1975379e-15   1.5592187e-01   1.5592187e-01
   2.7000000e+01   7.0000000e+00   1.2928920e-15   1.8185937e-01   1.8185937e-01
   2.8000000e+01   7.0000000e+00   1.3276695e-15   1.9128125e-01   1.9128125e-01
   2.9000000e+01   7.0000000e+00   1.3902505e-15   1.9273437e-01   1.9273437e-01
   3.0000000e+01   7.0000000e+00   1.4684629e-15   2.0884375e-01   2.0884375e-01
   3.1000000e+01   7.0000000e+00   1.3809710e-15   2.0207812e-01   2.0207812e-01
   3.2000000e+01   7.0000000e+00   1.3853806e-15   1.8868750e-01   1.8868750e-01
   3.3000000e+01   7.0000000e+00   1.3317878e-15   1.8542187e-01   1.8542187e-01
   3.4000000e+01   7.0000000e+00   1.3128738e-15   1.8162500e-01   1.8162500e-01
   3.5000000e+01   7.0000000e+00   1.3956205e-15   2.0314062e-01   2.0314062e-01
   1.0000000e+00   8.0000000e+00   1.4124237e-15   2.0485937e-01   2.0485937e-01
   2.0000000e+00   8.0000000e+00   1.4123862e-15   2.0856250e-01   2.0856250e-01
   3.0000000e+00   8.0000000e+00   1.3370032e-15   1.8176562e-01   1.8176562e-01
   4.0000000e+00   8.0000000e+00   1.2904398e-15   1.6325000e-01   1.6325000e-01
   5.0000000e+00   8.0000000e+00   1.1279423e-15   1.4065625e-01   1.4065625e-01
   6.0000000e+00   8.0000000e+00   9.1048928e-16   9.5109375e-02   9.5109375e-02
   7.0000000e+00   8.0000000e+00   7.9010935e-16   5.5890625e-02   5.5890625e-02
   8.0000000e+00   8.0000000e+00   8.8840027e-16   8.9531250e-02   8.9531250e-02
   9.0000000e+00   8.0000000e+00   9.9352960e-16   1.0956250e-01   1.0956250e-01
   1.0000000e+01   8.0000000e+00   1.0678355e-15   1.3095312e-01   1.3095312e-01
   1.1000000e+01   8.0000000e+00   1.1374384e-15   1.4568750e-01   1.4568750e-01
   1.2000000e+01   8.0000000e+00   1.3146101e-15   1.7834375e-01   1.7834375e-01
   1.3000000e+01   8.0000000e+00   1.3152945e-15   1.9506250e-01   1.9506250e-01
   1.4000000e+01   8.0000000e+00   1.4319504e-15   2.0292187e-01   2.0292187e-01
   1.5000000e+01   8.0000000e+00   1.3248456e-15   1.9392187e-01   1.9392187e-01
   1.6000000e+01   8.0000000e+00   1.2764608e-15   1.7551562e-01   1.7551562e-01
   1.7000000e+01   8.0000000e+00   1.3686063e-15   1.9195312e-01   1.9195312e-01
   1.8000000e+01   8.0000000e+00   1.4120041e-15   2.1135937e-01   2.1135937e-01
   1.9000000e+01   8.0000000e+00   1.3973704e-15   2.0595312e-01   2.0595312e-01
   2.0000000e+01   8.0000000e+00   1.3411916e-15   1.8517187e-01   1.8517187e-01
   2.1000000e+01   8.0000000e+00   1.2549170e-15   1.6681250e-01   1.6681250e-01
   2.2000000e+01   8.0000000e+00   1.1489814e-15   1.5306250e-01   1.5306250e-01
   2.3000000e+01   8.0000000e+00   9.3422475e-16   1.0182812e-01   1.0182812e-01
   2.4000000e+01   8.0000000e+00   8.0445539e-16   5.4843750e-02   5.4843750e-02
   2.5000000e+01   8.0000000e+00   9.3965503e-16   9.8218750e-02   9.8218750e-02
   2.6000000e+01   8.0000000e+00   1.0723228e-15   1.2768750e-01   1.2768750e-01
   2.7000000e+01   8.0000000e+00   1.1320479e-15   1.4018750e-01   1.4018750e-01
   2.8000000e+01   8.0000000e+00   1.2249693e-15   1.6373437e-01   1.6373437e-01
   2.9000000e+01   8.0000000e+00   1.2694403e-15   1.7645312e-01   1.7645312e-01
   3.0000000e+01   8.0000000e+00   1.3763443e-15   1.9318750e-01   1.9318750e-01
   3.1000000e+01   8.0000000e+00   1.4219434e-15   2.0709375e-01   2.0709375e-01
   3.2000000e+01   8.0000000e+00   1.3498545e-15   1.8801562e-01   1.8801562e-01
   3.3000000e+01   8.0000000e+00   1.2842954e-15   1.7153125e-01   1.7153125e-01
   3.4000000e+01   8.0000000e+00   1.3403954e-15   1.8804687e-01   1.8804687e-01
   3.5000000e+01   8.0000000e+00   1.3463518e-15   1.8673437e-01   1.8673437e-01
   1.0000000e+00   9.0000000e+00   1.3892396e-15   1.9662500e-01   1.9662500e-01
   2.0000000e+00   9.0000000e+00   1.3737636e-15   1.9881250e-01   1.9881250e-01
   3.0000000e+00   9.0000000e+00   1.2636412e-15   1.7409375e-01   1.7409375e-01
   4.0000000e+00   9.0000000e+00   1.1506013e-15   1.3970312e-01   1.3970312e-01
   5.0000000e+00   9.0000000e+00   1.0285378e-15   1.1995312e-01   1.1995312e-01
   6.0000000e+00   9.0000000e+00   8.8230792e-16   8.2312500e-02   8.2312500e-02
   7.0000000e+00   9.0000000e+00   7.4520427e-16   4.8000000e-02   4.8000000e-02
   8.0000000e+00   9.0000000e+00   8.1432857e-16   7.0546875e-02   7.0546875e-02
   9.0000000e+00   9.0000000e+00   9.0375008e-16   8.5437500e-02   8.5437500e-02
   1.0000000e+01   9.0000000e+00   9.5466301e-16   1.0418750e-01   1.0418750e-01
   1.1000000e+01   9.0000000e+00   1.0452925e-15   1.2884375e-01   1.2884375e-01
   1.2000000e+01   9.0000000e+00   1.2074597e-15   1.5278125e-01   1.5278125e-01
   1.3000000e+01   9.0000000e+00   1.3522148e-15   1.8212500e-01   1.8212500e-01
   1.4000000e+01   9.0000000e+00   1.3834663e-15   1.9526562e-01   1.9526562e-01
   1.5000000e+01   9.0000000e+00   1.3631784e-15   1.8517187e-01   1.8517187e-01
   1.6000000e+01   9.0000000e+00   1.2258709e-15   1.6840625e-01   1.6840625e-01
   1.7000000e+01   9.0000000e+00   1.2757000e-15   1.7154687e-01   1.7154687e-01
   1.8000000e+01   9.0000000e+00   1.3508897e-15   1.8817187e-01   1.8817187e-01
   1.9000000e+01   9.0000000e+00   1.4201574e-15   1.9321875e-01   1.9321875e-01
   2.0000000e+01   9.0000000e+00   1.3582993e-15   1.8137500e-01   1.8137500e-01
   2.1000000e+01   9.0000000e+00   1.1636582e-15   1.5114062e-01   1.5114062e-01
   2.2000000e+01   9.0000000e+00   1.0037671e-15   1.1742187e-01   1.1742187e-01
   2.3000000e+01   9.0000000e+00   8.6441853e-16   8.1906250e-02   8.1906250e-02
   2.4000000e+01   9.0000000e+00   7.8392976e-16   4.9015625e-02   4.9015625e-02
   2.5000000e+01   9.0000000e+00   8.5876380e-16   7.7953125e-02   7.7953125e-02
   2.6000000e+01   9.0000000e+00   8.9294098e-16   9.4281250e-02   9.4281250e-02
   2.7000000e+01   9.0000000e+00   9.6650806e-16   1.0514062e-01   1.0514062e-01
   2.8000000e+01   9.0000000e+00   1.1039556e-15   1.3687500e-01   1.3687500e-01
   2.9000000e+01   9.0000000e+00   1.2398255e-15   1.5901562e-01   1.5901562e-01
   3.0000000e+01   9.0000000e+00   1.3802242e-15   1.9150000e-01   1.9150000e-01
   3.1000000e+01   9.0000000e+00   1.3152280e-15   1.9050000e-01   1.9050000e-01
   3.2000000e+01   9.0000000e+00   1.2258992e-15   1.6482812e-01   1.6482812e-01
   3.3000000e+01   9.0000000e+00   1.2353035e-15   1.6265625e-01   1.6265625e-01
   3.4000000e+01   9.0000000e+00   1.2498929e-15   1.7473437e-01   1.7473437e-01
   3.5000000e+01   9.0000000e+00   1.3319726e-15   1.8590625e-01   1.8590625e-01
   1.0000000e+00   1.0000000e+01   1.3121756e-15   1.9090625e-01   1.9090625e-01
   2.0000000e+00   1.0000000e+01   1.3145649e-15   1.8698437e-01   1.8698437e-01
   3.0000000e+00   1.0000000e+01   1.3034177e-15   1.7262500e-01   1.7262500e-01
   4.0000000e+00   1.0000000e+01   1.1565638e-15   1.4679687e-01   1.4679687e-01
   5.0000000e+00   1.0000000e+01   1.0398372e-15   1.2403125e-01   1.2403125e-01
   6.0000000e+00   1.0000000e+01   8.9135199e-16   8.7062500e-02   8.7062500e-02
   7.0000000e+00   1.0000000e+01   7.0583059e-16   5.0484375e-02   5.0484375e-02
   8.0000000e+00   1.0000000e+01   8.0435404e-16   7.1359375e-02   7.1359375e-02
   9.0000000e+00   1.0000000e+01   8.3398051e-16   8.5984375e-02   8.5984375e-02
   1.0000000e+01   1.0000000e+01   9.0444861e-16   9.6281250e-02   9.6281250e-02
   1.1000000e+01   1.0000000e+01   1.0389892e-15   1.2014062e-01   1.2014062e-01
   1.2000000e+01   1.0000000e+01   1.2136539e-15   1.5765625e-01   1.5765625e-01
   1.3000000e+01   1.0000000e+01   1.3339494e-15   1.8850000e-01   1.8850000e-01
   1.4000000e+01   1.0000000e+01   1.2819275e-15   1.8420312e-01   1.8420312e-01
   1.5000000e+01   1.0000000e+01   1.2578233e-15   1.6876562e-01   1.6876562e-01
   1.6000000e+01   1.0000000e+01   1.2285760e-15   1.6521875e-01   1.6521875e-01
   1.7000000e+01   1.0000000e+01   1.2558529e-15   1.6835937e-01   1.6835937e-01
   1.8000000e+01   1.0000000e+01   1.3876984e-15   1.9076562e-01   1.9076562e-01
   1.9000000e+01   1.0000000e+01   1.3603635e-15   1.9928125e-01   1.9928125e-01
   2.0000000e+01   1.0000000e+01   1.2622006e-15   1.7203125e-01   1.7203125e-01
   2.1000000e+01   1.0000000e+01   1.0881206e-15   1.3795312e-01   1.3795312e-01
   2.2000000e+01   1.0000000e+01   9.5813326e-16   1.0753125e-01   1.0753125e-01
   2.3000000e+01   1.0000000e+01   8.3168595e-16   7.2796875e-02   7.2796875e-02
   2.4000000e+01   1.0000000e+01   7.6334398e-16   4.5015625e-02   4.5015625e-02
   2.5000000e+01   1.0000000e+01   8.2124749e-16   7.1328125e-02   7.1328125e-02
   2.6000000e+01   1.0000000e+01   8.4133923e-16   8.2875000e-02   8.2875000e-02
   2.7000000e+01   1.0000000e+01   9.5018557e-16   9.9500000e-02   9.9500000e-02
   2.8000000e+01   1.0000000e+01   1.0628746e-15   1.2992187e-01   1.2992187e-01
   2.9000000e+01   1.0000000e+01   1.1707946e-15   1.5526562e-01   1.5526562e-01
   3.0000000e+01   1.0000000e+01   1.2818314e-15   1.8882812e-01   1.8882812e-01
   3.1000000e+01   1.0000000e+01   1.2435490e-15   1.8115625e-01   1.8115625e-01
   3.2000000e+01   1.0000000e+01   1.1977934e-15   1.5957812e-01   1.5957812e-01
   3.3000000e+01   1.0000000e+01   1.1449092e-15   1.5728125e-01   1.5728125e-01
   3.4000000e+01   1.0000000e+01   1.2275663e-15   1.6335937e-01   1.6335937e-01
   3.5000000e+01   1.0000000e+01   1.3440478e-15   1.8226562e-01   1.8226562e-01
   1.0000000e+00   1.1000000e+01   1.4023957e-15   2.0582812e-01   2.0582812e-01
   2.0000000e+00   1.1000000e+01   1.3599132e-15   1.9040625e-01   1.9040625e-01
   3.0000000e+00   1.1000000e+01   1.3126113e-15   1.8131250e-01   1.8131250e-01
   4.0000000e+00   1.1000000e+01   1.2086029e-15   1.6170312e-01   1.6170312e-01
   5.0000000e+00   1.1000000e+01   1.1420569e-15   1.3956250e-01   1.3956250e-01
   6.0000000e+00   1.1000000e+01   9.3422826e-16   9.2875000e-02   9.2875000e-02
   7.0000000e+00   1.1000000e+01   7.3161723e-16   5.6218750e-02   5.6218750e-02
   8.0000000e+00   1.1000000e+01   8.8548732e-16   9.5062500e-02   9.5062500e-02
   9.0000000e+00   1.1000000e+01   1.0177919e-15   1.1400000e-01   1.1400000e-01
   1.0000000e+01   1.1000000e+01   1.0829190e-15   1.2425000e-01   1.2425000e-01
   1.1000000e+01   1.1000000e+01   1.0938577e-15   1.4510937e-01   1.4510937e-01
   1.2000000e+01   1.1000000e+01   1.2175648e-15   1.6725000e-01   1.6725000e-01
   1.3000000e+01   1.1000000e+01   1.2855148e-15   1.8501562e-01   1.8501562e-01
   1.4000000e+01   1.1000000e+01   1.3225929e-15   1.9364062e-01   1.9364062e-01
   1.5000000e+01   1.1000000e+01   1.2545739e-15   1.7481250e-01   1.7481250e-01
   1.6000000e+01   1.1000000e+01   1.2324221e-15   1.6435937e-01   1.6435937e-01
   1.7000000e+01   1.1000000e+01   1.3016671e-15   1.7718750e-01   1.7718750e-01
   1.8000000e+01   1.1000000e+01   1.3993846e-15   1.9607812e-01   1.9607812e-01
   1.9000000e+01   1.1000000e+01   1.3524090e-15   1.9735937e-01   1.9735937e-01
   2.0000000e+01   1.1000000e+01   1.2156447e-15   1.6951562e-01   1.6951562e-01
   2.1000000e+01   1.1000000e+01   1.1176223e-15   1.3878125e-01   1.3878125e-01
   2.2000000e+01   1.1000000e+01   1.0093232e-15   1.1623437e-01   1.1623437e-01
   2.3000000e+01   1.1000000e+01   8.4191486e-16   7.4375000e-02   7.4375000e-02
   2.4000000e+01   1.1000000e+01   7.4723341e-16   4.9703125e-02   4.9703125e-02
   2.5000000e+01   1.1000000e+01   8.9315653e-16   9.1187500e-02   9.1187500e-02
   2.6000000e+01   1.1000000e+01   9.4229285e-16   1.0900000e-01   1.0900000e-01
   2.7000000e+01   1.1000000e+01   9.9159249e-16   1.1970312e-01   1.1970312e-01
   2.8000000e+01   1.1000000e+01   1.0998331e-15   1.4134375e-01   1.4134375e-01
   2.9000000e+01   1.1000000e+01   1.1787298e-15   1.6614062e-01   1.6614062e-01
   3.0000000e+01   1.1000000e+01   1.2646407e-15   1.7850000e-01   1.7850000e-01
   3.1000000e+01   1.1000000e+01   1.3072812e-15   1.7903125e-01   1.7903125e-01
   3.2000000e+01   1.1000000e+01   1.2674577e-15   1.7000000e-01   1.7000000e-01
   3.3000000e+01   1.1000000e+01   1.2583219e-15   1.7285937e-01   1.7285937e-01
   3.4000000e+01   1.1000000e+01   1.2932998e-15   1.8115625e-01   1.8115625e-01
   3.5000000e+01   1.1000000e+01   1.2910598e-15   1.8254687e-01   1.8254687e-01
   1.0000000e+00   1.2000000e+01   1.3535311e-15   1.9796875e-01   1.9796875e-01
   2.0000000e+00   1.2000000e+01   1.3400132e-15   1.9876562e-01   1.9876562e-01
   3.0000000e+00   1.2000000e+01   1.3605808e-15   1.9853125e-01   1.9853125e-01
   4.0000000e+00   1.2000000e+01   1.3354544e-15   1.9331250e-01   1.9331250e-01
   5.0000000e+00   1.2000000e+01   1.2210584e-15   1.6995312e-01   1.6995312e-01
   6.0000000e+00   1.2000000e+01   8.4889042e-16   8.4656250e-02   8.4656250e-02
   7.0000000e+00   1.2000000e+01   7.7160213e-16   7.2609375e-02   7.2609375e-02
   8.0000000e+00   1.2000000e+01   1.0865042e-15   1.3756250e-01   1.3756250e-01
   9.0000000e+00   1.2000000e+01   1.2106722e-15   1.6498437e-01   1.6498437e-01
   1.0000000e+01   1.2000000e+01   1.2466842e-15   1.7107812e-01   1.7107812e-01
   1.1000000e+01   1.2000000e+01   1.2415469e-15   1.7128125e-01   1.7128125e-01
   1.2000000e+01   1.2000000e+01   1.2617687e-15   1.7812500e-01   1.7812500e-01
   1.3000000e+01   1.2000000e+01   1.3209334e-15   1.8245312e-01   1.8245312e-01
   1.4000000e+01   1.2000000e+01   1.3322396e-15   1.8253125e-01   1.8253125e-01
   1.5000000e+01   1.2000000e+01   1.2816757e-15   1.7371875e-01   1.7371875e-01
   1.6000000e+01   1.2000000e+01   1.3125911e-15   1.7492187e-01   1.7492187e-01
   1.7000000e+01   1.2000000e+01   1.3321591e-15   1.8876562e-01   1.8876562e-01
   1.8000000e+01   1.2000000e+01   1.3576914e-15   1.9700000e-01   1.9700000e-01
   1.9000000e+01   1.2000000e+01   1.3298235e-15   1.9450000e-01   1.9450000e-01
   2.0000000e+01   1.2000000e+01   1.2898905e-15   1.8351562e-01   1.8351562e-01
   2.1000000e+01   1.2000000e+01   1.2615118e-15   1.6962500e-01   1.6962500e-01
   2.2000000e+01   1.2000000e+01   1.1068122e-15   1.3920312e-01   1.3920312e-01
   2.3000000e+01   1.2000000e+01   8.1605833e-16   6.6437500e-02   6.6437500e-02
   2.4000000e+01   1.2000000e+01   8.3942578e-16   7.2953125e-02   7.2953125e-02
   2.5000000e+01   1.2000000e+01   1.0933793e-15   1.3551562e-01   1.3551562e-01
   2.6000000e+01   1.2000000e+01   1.2054807e-15   1.5525000e-01   1.5525000e-01
   2.7000000e+01   1.2000000e+01   1.2175208e-15   1.5964062e-01   1.5964062e-01
   2.8000000e+01   1.2000000e+01   1.2810019e-15   1.6685937e-01   1.6685937e-01
   2.9000000e+01   1.2000000e+01   1.3184319e-15   1.8545312e-01   1.8545312e-01
   3.0000000e+01   1.2000000e+01   1.3044478e-15   1.8521875e-01   1.8521875e-01
   3.1000000e+01   1.2000000e+01   1.3137733e-15   1.7982812e-01   1.7982812e-01
   3.2000000e+01   1.2000000e+01   1.2809860e-15   1.8000000e-01   1.8000000e-01
   3.3000000e+01   1.2000000e+01   1.2759900e-15   1.7723437e-01   1.7723437e-01
   3.4000000e+01   1.2000000e+01   1.2917686e-15   1.8387500e-01   1.8387500e-01
   3.5000000e+01   1.2000000e+01   1.3061393e-15   1.8614062e-01   1.8614062e-01
   1.0000000e+00   1.3000000e+01   1.4027621e-15   2.0081250e-01   2.0081250e-01
   2.0000000e+00   1.3000000e+01   1.4537280e-15   2.1514062e-01   2.1514062e-01
   3.0000000e+00   1.3000000e+01   1.4627069e-15   2.2193750e-01   2.2193750e-01
   4.0000000e+00   1.3000000e+01   1.4642652e-15   2.2045312e-01   2.2045312e-01
   5.0000000e+00   1.3000000e+01   1.2279793e-15   1.6878125e-01   1.6878125e-01
   6.0000000e+00   1.3000000e+01   8.0202316e-16   6.8406250e-02   6.8406250e-02
   7.0000000e+00   1.3000000e+01   8.2747675e-16   7.7890625e-02   7.7890625e-02
   8.0000000e+00   1.3000000e+01   1.2164794e-15   1.6698437e-01   1.6698437e-01
   9.0000000e+00   1.3000000e+01   1.3946631e-15   2.0100000e-01   2.0100000e-01
   1.0000000e+01   1.3000000e+01   1.4236426e-15   2.0787500e-01   2.0787500e-01
   1.1000000e+01   1.3000000e+01   1.4051253e-15   2.0782812e-01   2.0782812e-01
   1.2000000e+01   1.3000000e+01   1.3636914e-15   1.9575000e-01   1.9575000e-01
   1.3000000e+01   1.3000000e+01   1.2804994e-15   1.7801562e-01   1.7801562e-01
   1.4000000e+01   1.3000000e+01   1.2086799e-15   1.6862500e-01   1.6862500e-01
   1.5000000e+01   1.3000000e+01   1.1747746e-15   1.5896875e-01   1.5896875e-01
   1.6000000e+01   1.3000000e+01   1.1713181e-15   1.5853125e-01   1.5853125e-01
   1.7000000e+01   1.3000000e+01   1.2932457e-15   1.7259375e-01   1.7259375e-01
   1.8000000e+01   1.3000000e+01   1.3777019e-15   1.8910937e-01   1.8910937e-01
   1.9000000e+01   1.3000000e+01   1.4054477e-15   1.9642187e-01   1.9642187e-01
   2.0000000e+01   1.3000000e+01   1.4581902e-15   2.0582812e-01   2.0582812e-01
   2.1000000e+01   1.3000000e+01   1.4229052e-15   2.0504687e-01   2.0504687e-01
   2.2000000e+01   1.3000000e+01   1.2117723e-15   1.5704687e-01   1.5704687e-01
   2.3000000e+01   1.3000000e+01   8.3968705e-16   7.2156250e-02   7.2156250e-02
   2.4000000e+01   1.3000000e+01   9.0162886e-16   8.7250000e-02   8.7250000e-02
   2.5000000e+01   1.3000000e+01   1.2232194e-15   1.6473437e-01   1.6473437e-01
   2.6000000e+01   1.3000000e+01   1.3592647e-15   1.9334375e-01   1.9334375e-01
   2.7000000e+01   1.3000000e+01   1.3396465e-15   1.9451562e-01   1.9451562e-01
   2.8000000e+01   1.3000000e+01   1.3581569e-15   1.8781250e-01   1.8781250e-01
   2.9000000e+01   1.3000000e+01   1.3150226e-15   1.7998437e-01   1.7998437e-01
   3.0000000e+01   1.3000000e+01   1.3049468e-15   1.7510937e-01   1.7510937e-01
   3.1000000e+01   1.3000000e+01   1.2644928e-15   1.6278125e-01   1.6278125e-01
   3.2000000e+01   1.3000000e+01   1.2152256e-15   1.5314062e-01   1.5314062e-01
   3.3000000e+01   1.3000000e+01   1.2139197e-15   1.5603125e-01   1.5603125e-01
   3.4000000e+01   1.3000000e+01   1.2785610e-15   1.6621875e-01   1.6621875e-01
   3.5000000e+01   1.3000000e+01   1.3470316e-15   1.8325000e-01   1.8325000e-01
   1.0000000e+00   1.4000000e+01   1.2992177e-15   1.7493750e-01   1.7493750e-01
   2.0000000e+00   1.4000000e+01   1.3925771e-15   2.0195312e-01   2.0195312e-01
   3.0000000e+00   1.4000000e+01   1.4763372e-15   2.1412500e-01   2.1412500e-01
   4.0000000e+00   1.4000000e+01   1.3222684e-15   1.8726562e-01   1.8726562e-01
   5.0000000e+00   1.4000000e+01   9.8858632e-16   1.1820312e-01   1.1820312e-01
   6.0000000e+00   1.4000000e+01   6.7601969e-16   4.4046875e-02   4.4046875e-02
   7.0000000e+00   1.4000000e+01   6.9606201e-16   5.8921875e-02   5.8921875e-02
   8.0000000e+00   1.4000000e+01   1.0501239e-15   1.3885937e-01   1.3885937e-01
   9.0000000e+00   1.4000000e+01   1.3191872e-15   1.9103125e-01   1.9103125e-01
   1.0000000e+01   1.4000000e+01   1.3932455e-15   2.0464062e-01   2.0464062e-01
   1.1000000e+01   1.4000000e+01   1.3984903e-15   1.9965625e-01   1.9965625e-01
   1.2000000e+01   1.4000000e+01   1.3465701e-15   1.8618750e-01   1.8618750e-01
   1.3000000e+01   1.4000000e+01   1.2590305e-15   1.7359375e-01   1.7359375e-01
   1.4000000e+01   1.4000000e+01   1.1523520e-15   1.4459375e-01   1.4459375e-01
   1.5000000e+01   1.4000000e+01   9.8389736e-16   1.1812500e-01   1.1812500e-01
   1.6000000e+01   1.4000000e+01   1.0204255e-15   1.2162500e-01   1.2162500e-01
   1.7000000e+01   1.4000000e+01   1.1872850e-15   1.5431250e-01   1.5431250e-01
   1.8000000e+01   1.4000000e+01   1.3100451e-15   1.8828125e-01   1.8828125e-01
   1.9000000e+01   1.4000000e+01   1.4257655e-15   2.0970312e-01   2.0970312e-01
   2.0000000e+01   1.4000000e+01   1.4260627e-15   2.0868750e-01   2.0868750e-01
   2.1000000e+01   1.4000000e+01   1.3755404e-15   1.8906250e-01   1.8906250e-01
   2.2000000e+01   1.4000000e+01   1.0771364e-15   1.2268750e-01   1.2268750e-01
   2.3000000e+01   1.4000000e+01   7.2898631e-16   4.9843750e-02   4.9843750e-02
   2.4000000e+01   1.4000000e+01   7.8478167e-16   7.3625000e-02   7.3625000e-02
   2.5000000e+01   1.4000000e+01   1.1922986e-15   1.6304687e-01   1.6304687e-01
   2.6000000e+01   1.4000000e+01   1.3910513e-15   2.0918750e-01   2.0918750e-01
   2.7000000e+01   1.4000000e+01   1.4436458e-15   2.1829687e-01   2.1829687e-01
   2.8000000e+01   1.4000000e+01   1.4530104e-15   2.1601562e-01   2.1601562e-01
   2.9000000e+01   1.4000000e+01   1.3599463e-15   1.9806250e-01   1.9806250e-01
   3.0000000e+01   1.4000000e+01   1.2677393e-15   1.7310937e-01   1.7310937e-01
   3.1000000e+01   1.4000000e+01   1.1408014e-15   1.4354687e-01   1.4354687e-01
   3.2000000e+01   1.4000000e+01   1.0660924e-15   1.2978125e-01   1.2978125e-01
   3.3000000e+01   1.4000000e+01   1.0776007e-15   1.3065625e-01   1.3065625e-01
   3.4000000e+01   1.4000000e+01   1.1972658e-15   1.5534375e-01   1.5534375e-01
   3.5000000e+01   1.4000000e+01   1.3557424e-15   1.8821875e-01   1.8821875e-01
   1.0000000e+00   1.5000000e+01   1.1759458e-15   1.6126562e-01   1.6126562e-01
   2.0000000e+00   1.5000000e+01   1.3039492e-15   1.8796875e-01   1.8796875e-01
   3.0000000e+00   1.5000000e+01   1.2975862e-15   1.8820312e-01   1.8820312e-01
   4.0000000e+00   1.5000000e+01   1.0635328e-15   1.2412500e-01   1.2412500e-01
   5.0000000e+00   1.5000000e+01   8.0735280e-16   6.5906250e-02   6.5906250e-02
   6.0000000e+00   1.5000000e+01   6.3116651e-16   3.2203125e-02   3.2203125e-02
   7.0000000e+00   1.5000000e+01   6.8019626e-16   4.4062500e-02   4.4062500e-02
   8.0000000e+00   1.5000000e+01   8.8247880e-16   8.4546875e-02   8.4546875e-02
   9.0000000e+00   1.5000000e+01   1.1570804e-15   1.5684375e-01   1.5684375e-01
   1.0000000e+01   1.5000000e+01   1.3796840e-15   2.0514062e-01   2.0514062e-01
   1.1000000e+01   1.5000000e+01   1.4103420e-15   2.1251562e-01   2.1251562e-01
   1.2000000e+01   1.5000000e+01   1.3356884e-15   1.9806250e-01   1.9806250e-01
   1.3000000e+01   1.5000000e+01   1.1870887e-15   1.6535937e-01   1.6535937e-01
   1.4000000e+01   1.5000000e+01   1.0537924e-15   1.3192187e-01   1.3192187e-01
   1.5000000e+01   1.5000000e+01   9.1592981e-16   9.9921875e-02   9.9921875e-02
   1.6000000e+01   1.5000000e+01   9.3309416e-16   1.0576562e-01   1.0576562e-01
   1.7000000e+01   1.5000000e+01   1.1083746e-15   1.4382812e-01   1.4382812e-01
   1.8000000e+01   1.5000000e+01   1.2197446e-15   1.7598437e-01   1.7598437e-01
   1.9000000e+01   1.5000000e+01   1.3616596e-15   2.0167187e-01   2.0167187e-01
   2.0000000e+01   1.5000000e+01   1.3872239e-15   2.0656250e-01   2.0656250e-01
   2.1000000e+01   1.5000000e+01   1.2278824e-15   1.7010937e-01   1.7010937e-01
   2.2000000e+01   1.5000000e+01   9.1183120e-16   9.6984375e-02   9.6984375e-02
   2.3000000e+01   1.5000000e+01   6.3923553e-16   4.0625000e-02   4.0625000e-02
   2.4000000e+01   1.5000000e+01   6.8130164e-16   4.6421875e-02   4.6421875e-02
   2.5000000e+01   1.5000000e+01   9.8629746e-16   1.1012500e-01   1.1012500e-01
   2.6000000e+01   1.5000000e+01   1.2428478e-15   1.7539062e-01   1.7539062e-01
   2.7000000e+01   1.5000000e+01   1.3567041e-15   2.0810937e-01   2.0810937e-01
   2.8000000e+01   1.5000000e+01   1.3472857e-15   2.0657812e-01   2.0657812e-01
   2.9000000e+01   1.5000000e+01   1.2796702e-15   1.8815625e-01   1.8815625e-01
   3.0000000e+01   1.5000000e+01   1.2118086e-15   1.6489062e-01   1.6489062e-01
   3.1000000e+01   1.5000000e+01   1.0113292e-15   1.2582812e-01   1.2582812e-01
   3.2000000e+01   1.5000000e+01   9.3196373e-16   1.0356250e-01   1.0356250e-01
   3.3000000e+01   1.5000000e+01   9.5990990e-16   1.0912500e-01   1.0912500e-01
   3.4000000e+01   1.5000000e+01   1.1429862e-15   1.4745312e-01   1.4745312e-01
   3.5000000e+01   1.5000000e+01   1.3176131e-15   1.9003125e-01   1.9003125e-01
   1.0000000e+00   1.6000000e+01   1.1002436e-15   1.4071875e-01   1.4071875e-01
   2.0000000e+00   1.6000000e+01   1.1546670e-15   1.5476562e-01   1.5476562e-01
   3.0000000e+00   1.6000000e+01   1.0120168e-15   1.2368750e-01   1.2368750e-01
   4.0000000e+00   1.6000000e+01   7.7280246e-16   6.3515625e-02   6.3515625e-02
   5.0000000e+00   1.6000000e+01   6.3777610e-16   3.2437500e-02   3.2437500e-02
   6.0000000e+00   1.6000000e+01   6.4176051e-16   2.7031250e-02   2.7031250e-02
   7.0000000e+00   1.6000000e+01   6.6793882e-16   3.2562500e-02   3.2562500e-02
   8.0000000e+00   1.6000000e+01   7.0425061e-16   4.9046875e-02   4.9046875e-02
   9.0000000e+00   1.6000000e+01   9.0165681e-16   9.1500000e-02   9.1500000e-02
   1.0000000e+01   1.6000000e+01   1.1530984e-15   1.5362500e-01   1.5362500e-01
   1.1000000e+01   1.6000000e+01   1.1993758e-15   1.7142187e-01   1.7142187e-01
   1.2000000e+01   1.6000000e+01   1.1576957e-15   1.6103125e-01   1.6103125e-01
   1.3000000e+01   1.6000000e+01   1.0695040e-15   1.4318750e-01   1.4318750e-01
   1.4000000e+01   1.6000000e+01   9.7453761e-16   1.1368750e-01   1.1368750e-01
   1.5000000e+01   1.6000000e+01   8.6063975e-16   8.4625000e-02   8.4625000e-02
   1.6000000e+01   1.6000000e+01   8.5842412e-16   8.9375000e-02   8.9375000e-02
   1.7000000e+01   1.6000000e+01   1.0105419e-15   1.2420312e-01   1.2420312e-01
   1.8000000e+01   1.6000000e+01   1.1654723e-15   1.6034375e-01   1.6034375e-01
   1.9000000e+01   1.6000000e+01   1.2279545e-15   1.7801562e-01   1.7801562e-01
   2.0000000e+01   1.6000000e+01   1.1554423e-15   1.5476562e-01   1.5476562e-01
   2.1000000e+01   1.6000000e+01   8.2133544e-16   8.7781250e-02   8.7781250e-02
   2.2000000e+01   1.6000000e+01   6.4099437e-16   3.9187500e-02   3.9187500e-02
   2.3000000e+01   1.6000000e+01   6.0896507e-16   2.7531250e-02   2.7531250e-02
   2.4000000e+01   1.6000000e+01   6.6057633e-16   3.5968750e-02   3.5968750e-02
   2.5000000e+01   1.6000000e+01   7.7831792e-16   6.2921875e-02   6.2921875e-02
   2.6000000e+01   1.6000000e+01   1.0417519e-15   1.2642187e-01   1.2642187e-01
   2.7000000e+01   1.6000000e+01   1.2808241e-15   1.8053125e-01   1.8053125e-01
   2.8000000e+01   1.6000000e+01   1.3005239e-15   1.8414062e-01   1.8414062e-01
   2.9000000e+01   1.6000000e+01   1.2300830e-15   1.6651562e-01   1.6651562e-01
   3.0000000e+01   1.6000000e+01   1.0948678e-15   1.3946875e-01   1.3946875e-01
   3.1000000e+01   1.6000000e+01   9.2139425e-16   9.8968750e-02   9.8968750e-02
   3.2000000e+01   1.6000000e+01   8.6752571e-16   7.8937500e-02   7.8937500e-02
   3.3000000e+01   1.6000000e+01   8.7047532e-16   9.4125000e-02   9.4125000e-02
   3.4000000e+01   1.6000000e+01   1.0535914e-15   1.3623437e-01   1.3623437e-01
   3.5000000e+01   1.6000000e+01   1.1857771e-15   1.6668750e-01   1.6668750e-01
   1.0000000e+00   1.7000000e+01   8.3774957e-16   8.5921875e-02   8.5921875e-02
   2.0000000e+00   1.7000000e+01   8.2939608e-16   8.7453125e-02   8.7453125e-02
   3.0000000e+00   1.7000000e+01   7.5216612e-16   6.2156250e-02   6.2156250e-02
   4.0000000e+00   1.7000000e+01   6.2647887e-16   3.6812500e-02   3.6812500e-02
   5.0000000e+00   1.7000000e+01   5.9754108e-16   2.6406250e-02   2.6406250e-02
   6.0000000e+00   1.7000000e+01   6.2288030e-16   3.7937500e-02   3.7937500e-02
   7.0000000e+00   1.7000000e+01   6.3988695e-16   4.5328125e-02   4.5328125e-02
   8.0000000e+00   1.7000000e+01   6.2555956e-16   3.4296875e-02   3.4296875e-02
   9.0000000e+00   1.7000000e+01   6.9809949e-16   5.4234375e-02   5.4234375e-02
   1.0000000e+01   1.7000000e+01   8.6363205e-16   9.8968750e-02   9.8968750e-02
   1.1000000e+01   1.7000000e+01   9.6280529e-16   1.1842187e-01   1.1842187e-01
   1.2000000e+01   1.7000000e+01   9.7712062e-16   1.1704687e-01   1.1704687e-01
   1.3000000e+01   1.7000000e+01   9.4575703e-16   1.0835937e-01   1.0835937e-01
   1.4000000e+01   1.7000000e+01   8.3843986e-16   8.9890625e-02   8.9890625e-02
   1.5000000e+01   1.7000000e+01   7.4211839e-16   6.7578125e-02   6.7578125e-02
   1.6000000e+01   1.7000000e+01   7.5444783e-16   7.0281250e-02   7.0281250e-02
   1.7000000e+01   1.7000000e+01   8.2361732e-16   9.2375000e-02   9.2375000e-02
   1.8000000e+01   1.7000000e+01   9.5047418e-16   1.1367187e-01   1.1367187e-01
   1.9000000e+01   1.7000000e+01   9.9665123e-16   1.2246875e-01   1.2246875e-01
   2.0000000e+01   1.7000000e+01   8.5166046e-16   9.5656250e-02   9.5656250e-02
   2.1000000e+01   1.7000000e+01   6.7351602e-16   4.9000000e-02   4.9000000e-02
   2.2000000e+01   1.7000000e+01   5.6601254e-16   2.8437500e-02   2.8437500e-02
   2.3000000e+01   1.7000000e+01   6.2023520e-16   3.2015625e-02   3.2015625e-02
   2.4000000e+01   1.7000000e+01   6.3513662e-16   3.3625000e-02   3.3625000e-02
   2.5000000e+01   1.7000000e+01   6.8970862e-16   4.1562500e-02   4.1562500e-02
   2.6000000e+01   1.7000000e+01   8.3403959e-16   8.4734375e-02   8.4734375e-02
   2.7000000e+01   1.7000000e+01   1.0654092e-15   1.3904687e-01   1.3904687e-01
   2.8000000e+01   1.7000000e+01   1.0582531e-15   1.4514062e-01   1.4514062e-01
   2.9000000e+01   1.7000000e+01   1.0472423e-15   1.3118750e-01   1.3118750e-01
   3.0000000e+01   1.7000000e+01   9.7455994e-16   1.1250000e-01   1.1250000e-01
   3.1000000e+01   1.7000000e+01   8.1316684e-16   8.2781250e-02   8.2781250e-02
   3.2000000e+01   1.7000000e+01   7.8061996e-16   6.6796875e-02   6.6796875e-02
   3.3000000e+01   1.7000000e+01   8.3959333e-16   8.1234375e-02   8.1234375e-02
   3.4000000e+01   1.7000000e+01   9.1930119e-16   1.1151562e-01   1.1151562e-01
   3.5000000e+01   1.7000000e+01   1.0396004e-15   1.3176562e-01   1.3176562e-01
   1.0000000e+00   1.8000000e+01   7.8869682e-16   7.6656250e-02   7.6656250e-02
   2.0000000e+00   1.8000000e+01   8.0520094e-16   7.3000000e-02   7.3000000e-02
   3.0000000e+00   1.8000000e+01   7.3440868e-16   5.2140625e-02   5.2140625e-02
   4.0000000e+00   1.8000000e+01   6.6699928e-16   3.4953125e-02   3.4953125e-02
   5.0000000e+00   1.8000000e+01   5.8656701e-16   2.9812500e-02   2.9812500e-02
   6.0000000e+00   1.8000000e+01   7.0302184e-16   5.3578125e-02   5.3578125e-02
   7.0000000e+00   1.8000000e+01   7.5897074e-16   5.7531250e-02   5.7531250e-02
   8.0000000e+00   1.8000000e+01   6.1957677e-16   3.5890625e-02   3.5890625e-02
   9.0000000e+00   1.8000000e+01   6.1835032e-16   4.4781250e-02   4.4781250e-02
   1.0000000e+01   1.8000000e+01   7.3017213e-16   7.0062500e-02   7.0062500e-02
   1.1000000e+01   1.8000000e+01   7.8784461e-16   8.0953125e-02   8.0953125e-02
   1.2000000e+01   1.8000000e+01   7.7180597e-16   7.7968750e-02   7.7968750e-02
   1.3000000e+01   1.8000000e+01   7.1963581e-16   6.9718750e-02   6.9718750e-02
   1.4000000e+01   1.8000000e+01   7.3873799e-16   6.1640625e-02   6.1640625e-02
   1.5000000e+01   1.8000000e+01   6.9881303e-16   5.2250000e-02   5.2250000e-02
   1.6000000e+01   1.8000000e+01   7.0748472e-16   5.5203125e-02   5.5203125e-02
   1.7000000e+01   1.8000000e+01   7.5749144e-16   6.5093750e-02   6.5093750e-02
   1.8000000e+01   1.8000000e+01   7.8294677e-16   7.1109375e-02   7.1109375e-02
   1.9000000e+01   1.8000000e+01   7.9093595e-16   6.9812500e-02   6.9812500e-02
   2.0000000e+01   1.8000000e+01   7.0087426e-16   5.1593750e-02   5.1593750e-02
   2.1000000e+01   1.8000000e+01   6.5136152e-16   3.4171875e-02   3.4171875e-02
   2.2000000e+01   1.8000000e+01   5.6942780e-16   2.8203125e-02   2.8203125e-02
   2.3000000e+01   1.8000000e+01   6.9919284e-16   5.0031250e-02   5.0031250e-02
   2.4000000e+01   1.8000000e+01   6.9734562e-16   4.8671875e-02   4.8671875e-02
   2.5000000e+01   1.8000000e+01   6.4723788e-16   3.0078125e-02   3.0078125e-02
   2.6000000e+01   1.8000000e+01   6.8402358e-16   4.5265625e-02   4.5265625e-02
   2.7000000e+01   1.8000000e+01   7.8716929e-16   7.2640625e-02   7.2640625e-02
   2.8000000e+01   1.8000000e+01   8.2046077e-16   7.9828125e-02   7.9828125e-02
   2.9000000e+01   1.8000000e+01   8.3453498e-16   7.6812500e-02   7.6812500e-02
   3.0000000e+01   1.8000000e+01   7.8536135e-16   6.9343750e-02   6.9343750e-02
   3.1000000e+01   1.8000000e+01   7.0300651e-16   5.3015625e-02   5.3015625e-02
   3.2000000e+01   1.8000000e+01   6.9642558e-16   4.8609375e-02   4.8609375e-02
   3.3000000e+01   1.8000000e+01   7.6412679e-16   5.7593750e-02   5.7593750e-02
   3.4000000e+01   1.8000000e+01   7.7121795e-16   6.9703125e-02   6.9703125e-02
   3.5000000e+01   1.8000000e+01   8.1471322e-16   7.2796875e-02   7.2796875e-02
   1.0000000e+00   1.9000000e+01   1.1183807e-15   1.4937500e-01   1.4937500e-01
   2.0000000e+00   1.9000000e+01   1.1571535e-15   1.4817187e-01   1.4817187e-01
   3.0000000e+00   1.9000000e+01   9.1809746e-16   1.0206250e-01   1.0206250e-01
   4.0000000e+00   1.9000000e+01   7.1432999e-16   5.4234375e-02   5.4234375e-02
   5.0000000e+00   1.9000000e+01   6.8054665e-16   3.7437500e-02   3.7437500e-02
   6.0000000e+00   1.9000000e+01   7.0484710e-16   4.6250000e-02   4.6250000e-02
   7.0000000e+00   1.9000000e+01   6.6136586e-16   4.6890625e-02   4.6890625e-02
   8.0000000e+00   1.9000000e+01   6.5268877e-16   4.8984375e-02   4.8984375e-02
   9.0000000e+00   1.9000000e+01   8.2074352e-16   9.3437500e-02   9.3437500e-02
   1.0000000e+01   1.9000000e+01   1.0524307e-15   1.4228125e-01   1.4228125e-01
   1.1000000e+01   1.9000000e+01   1.1436421e-15   1.5359375e-01   1.5359375e-01
   1.2000000e+01   1.9000000e+01   1.0698017e-15   1.4098437e-01   1.4098437e-01
   1.3000000e+01   1.9000000e+01   9.4081354e-16   1.1362500e-01   1.1362500e-01
   1.4000000e+01   1.9000000e+01   8.6341747e-16   8.5625000e-02   8.5625000e-02
   1.5000000e+01   1.9000000e+01   8.1664889e-16   7.1046875e-02   7.1046875e-02
   1.6000000e+01   1.9000000e+01   8.5755743e-16   7.9453125e-02   7.9453125e-02
   1.7000000e+01   1.9000000e+01   9.3699698e-16   1.0253125e-01   1.0253125e-01
   1.8000000e+01   1.9000000e+01   1.0054067e-15   1.1842187e-01   1.1842187e-01
   1.9000000e+01   1.9000000e+01   9.7138166e-16   1.1046875e-01   1.1046875e-01
   2.0000000e+01   1.9000000e+01   8.1565705e-16   7.5140625e-02   7.5140625e-02
   2.1000000e+01   1.9000000e+01   6.6380736e-16   4.0375000e-02   4.0375000e-02
   2.2000000e+01   1.9000000e+01   6.3647521e-16   3.2234375e-02   3.2234375e-02
   2.3000000e+01   1.9000000e+01   6.9943678e-16   4.9421875e-02   4.9421875e-02
   2.4000000e+01   1.9000000e+01   7.1757987e-16   4.6484375e-02   4.6484375e-02
   2.5000000e+01   1.9000000e+01   6.8848399e-16   4.2296875e-02   4.2296875e-02
   2.6000000e+01   1.9000000e+01   8.5028577e-16   8.0375000e-02   8.0375000e-02
   2.7000000e+01   1.9000000e+01   9.8332773e-16   1.1334375e-01   1.1334375e-01
   2.8000000e+01   1.9000000e+01   1.0451432e-15   1.1803125e-01   1.1803125e-01
   2.9000000e+01   1.9000000e+01   9.3766192e-16   1.0529687e-01   1.0529687e-01
   3.0000000e+01   1.9000000e+01   8.4791035e-16   8.9625000e-02   8.9625000e-02
   3.1000000e+01   1.9000000e+01   7.6475277e-16   6.9640625e-02   6.9640625e-02
   3.2000000e+01   1.9000000e+01   7.8333279e-16   6.8000000e-02   6.8000000e-02
   3.3000000e+01   1.9000000e+01   8.6304337e-16   7.9734375e-02   7.9734375e-02
   3.4000000e+01   1.9000000e+01   9.1750918e-16   1.0167187e-01   1.0167187e-01
   3.5000000e+01   1.9000000e+01   9.6096731e-16   1.1556250e-01   1.1556250e-01
   1.0000000e+00   2.0000000e+01   1.3643271e-15   2.0435937e-01   2.0435937e-01
   2.0000000e+00   2.0000000e+01   1.3905352e-15   2.1446875e-01   2.1446875e-01
   3.0000000e+00   2.0000000e+01   1.2062644e-15   1.6951562e-01   1.6951562e-01
   4.0000000e+00   2.0000000e+01   8.9348047e-16   1.0031250e-01   1.0031250e-01
   5.0000000e+00   2.0000000e+01   7.9307425e-16   7.1281250e-02   7.1281250e-02
   6.0000000e+00   2.0000000e+01   7.5701855e-16   6.5500000e-02   6.5500000e-02
   7.0000000e+00   2.0000000e+01   8.1162483e-16   7.0609375e-02   7.0609375e-02
   8.0000000e+00   2.0000000e+01   9.5408327e-16   1.1198437e-01   1.1198437e-01
   9.0000000e+00   2.0000000e+01   1.2148769e-15   1.7867187e-01   1.7867187e-01
   1.0000000e+01   2.0000000e+01   1.4256038e-15   2.2192187e-01   2.2192187e-01
   1.1000000e+01   2.0000000e+01   1.4250284e-15   2.1353125e-01   2.1353125e-01
   1.2000000e+01   2.0000000e+01   1.3210380e-15   1.8703125e-01   1.8703125e-01
   1.3000000e+01   2.0000000e+01   1.1691967e-15   1.5873437e-01   1.5873437e-01
   1.4000000e+01   2.0000000e+01   9.6901510e-16   1.1903125e-01   1.1903125e-01
   1.5000000e+01   2.0000000e+01   9.5382984e-16   1.0103125e-01   1.0103125e-01
   1.6000000e+01   2.0000000e+01   1.0791988e-15   1.2056250e-01   1.2056250e-01
   1.7000000e+01   2.0000000e+01   1.2174905e-15   1.6909375e-01   1.6909375e-01
   1.8000000e+01   2.0000000e+01   1.3337596e-15   1.9610937e-01   1.9610937e-01
   1.9000000e+01   2.0000000e+01   1.3217424e-15   1.9728125e-01   1.9728125e-01
   2.0000000e+01   2.0000000e+01   1.1215000e-15   1.4109375e-01   1.4109375e-01
   2.1000000e+01   2.0000000e+01   8.4183758e-16   7.2359375e-02   7.2359375e-02
   2.2000000e+01   2.0000000e+01   7.4562785e-16   4.8921875e-02   4.8921875e-02
   2.3000000e+01   2.0000000e+01   7.1721863e-16   4.9875000e-02   4.9875000e-02
   2.4000000e+01   2.0000000e+01   7.4138396e-16   5.6109375e-02   5.6109375e-02
   2.5000000e+01   2.0000000e+01   8.7531814e-16   8.6968750e-02   8.6968750e-02
   2.6000000e+01   2.0000000e+01   1.1690518e-15   1.6035937e-01   1.6035937e-01
   2.7000000e+01   2.0000000e+01   1.3506612e-15   2.0392187e-01   2.0392187e-01
   2.8000000e+01   2.0000000e+01   1.3206735e-15   1.9471875e-01   1.9471875e-01
   2.9000000e+01   2.0000000e+01   1.2568644e-15   1.7275000e-01   1.7275000e-01
   3.0000000e+01   2.0000000e+01   1.1411777e-15   1.4300000e-01   1.4300000e-01
   3.1000000e+01   2.0000000e+01   9.6486382e-16   1.0796875e-01   1.0796875e-01
   3.2000000e+01   2.0000000e+01   9.0790419e-16   1.0046875e-01   1.0046875e-01
   3.3000000e+01   2.0000000e+01   1.0261168e-15   1.2246875e-01   1.2246875e-01
   3.4000000e+01   2.0000000e+01   1.2440979e-15   1.6482812e-01   1.6482812e-01
   3.5000000e+01   2.0000000e+01   1.3504427e-15   1.9106250e-01   1.9106250e-01
   1.0000000e+00   2.1000000e+01   1.3659921e-15   2.0290625e-01   2.0290625e-01
   2.0000000e+00   2.1000000e+01   1.4544170e-15   2.2631250e-01   2.2631250e-01
   3.0000000e+00   2.1000000e+01   1.4460653e-15   2.2475000e-01   2.2475000e-01
   4.0000000e+00   2.1000000e+01   1.2734816e-15   1.8540625e-01   1.8540625e-01
   5.0000000e+00   2.1000000e+01   1.0940380e-15   1.4564062e-01   1.4564062e-01
   6.0000000e+00   2.1000000e+01   9.9546163e-16   1.2398437e-01   1.2398437e-01
   7.0000000e+00   2.1000000e+01   1.0587391e-15   1.3653125e-01   1.3653125e-01
   8.0000000e+00   2.1000000e+01   1.2670955e-15   1.8104687e-01   1.8104687e-01
   9.0000000e+00   2.1000000e+01   1.4644059e-15   2.2564062e-01   2.2564062e-01
   1.0000000e+01   2.1000000e+01   1.5427809e-15   2.3912500e-01   2.3912500e-01
   1.1000000e+01   2.1000000e+01   1.4689529e-15   2.2807812e-01   2.2807812e-01
   1.2000000e+01   2.1000000e+01   1.3759409e-15   2.0189062e-01   2.0189062e-01
   1.3000000e+01   2.1000000e+01   1.2603693e-15   1.6835937e-01   1.6835937e-01
   1.4000000e+01   2.1000000e+01   1.1001849e-15   1.3606250e-01   1.3606250e-01
   1.5000000e+01   2.1000000e+01   1.0526472e-15   1.2096875e-01   1.2096875e-01
   1.6000000e+01   2.1000000e+01   1.1086255e-15   1.3490625e-01   1.3490625e-01
   1.7000000e+01   2.1000000e+01   1.2865239e-15   1.7500000e-01   1.7500000e-01
   1.8000000e+01   2.1000000e+01   1.4260857e-15   2.0721875e-01   2.0721875e-01
   1.9000000e+01   2.1000000e+01   1.5009610e-15   2.2900000e-01   2.2900000e-01
   2.0000000e+01   2.1000000e+01   1.4412313e-15   2.1234375e-01   2.1234375e-01
   2.1000000e+01   2.1000000e+01   1.1386999e-15   1.4642187e-01   1.4642187e-01
   2.2000000e+01   2.1000000e+01   9.6813895e-16   1.0485937e-01   1.0485937e-01
   2.3000000e+01   2.1000000e+01   8.8638602e-16   9.1921875e-02   9.1921875e-02
   2.4000000e+01   2.1000000e+01   9.3678420e-16   1.0332812e-01   1.0332812e-01
   2.5000000e+01   2.1000000e+01   1.1708586e-15   1.5564062e-01   1.5564062e-01
   2.6000000e+01   2.1000000e+01   1.4683611e-15   2.2412500e-01   2.2412500e-01
   2.7000000e+01   2.1000000e+01   1.5204579e-15   2.4692187e-01   2.4692187e-01
   2.8000000e+01   2.1000000e+01   1.4936330e-15   2.3332812e-01   2.3332812e-01
   2.9000000e+01   2.1000000e+01   1.3637063e-15   2.0023437e-01   2.0023437e-01
   3.0000000e+01   2.1000000e+01   1.1835710e-15   1.5576562e-01   1.5576562e-01
   3.1000000e+01   2.1000000e+01   1.0203090e-15   1.1451562e-01   1.1451562e-01
   3.2000000e+01   2.1000000e+01   1.0088018e-15   1.0993750e-01   1.0993750e-01
   3.3000000e+01   2.1000000e+01   1.0910677e-15   1.3100000e-01   1.3100000e-01
   3.4000000e+01   2.1000000e+01   1.2422192e-15   1.7331250e-01   1.7331250e-01
   3.5000000e+01   2.1000000e+01   1.3623850e-15   2.0892187e-01   2.0892187e-01
   1.0000000e+00   2.2000000e+01   1.3746688e-15   2.0304687e-01   2.0304687e-01
   2.0000000e+00   2.2000000e+01   1.4756714e-15   2.2951562e-01   2.2951562e-01
   3.0000000e+00   2.2000000e+01   1.5576154e-15   2.4610937e-01   2.4610937e-01
   4.0000000e+00   2.2000000e+01   1.5661630e-15   2.4490625e-01   2.4490625e-01
   5.0000000e+00   2.2000000e+01   1.4623533e-15   2.2984375e-01   2.2984375e-01
   6.0000000e+00   2.2000000e+01   1.3654049e-15   2.1026562e-01   2.1026562e-01
   7.0000000e+00   2.2000000e+01   1.4120273e-15   2.1729687e-01   2.1729687e-01
   8.0000000e+00   2.2000000e+01   1.5000266e-15   2.3146875e-01   2.3146875e-01
   9.0000000e+00   2.2000000e+01   1.5523299e-15   2.4126562e-01   2.4126562e-01
   1.0000000e+01   2.2000000e+01   1.5036981e-15   2.3350000e-01   2.3350000e-01
   1.1000000e+01   2.2000000e+01   1.4239234e-15   2.1807812e-01   2.1807812e-01
   1.2000000e+01   2.2000000e+01   1.3285530e-15   1.9475000e-01   1.9475000e-01
   1.3000000e+01   2.2000000e+01   1.2204049e-15   1.6487500e-01   1.6487500e-01
   1.4000000e+01   2.2000000e+01   1.0846249e-15   1.3671875e-01   1.3671875e-01
   1.5000000e+01   2.2000000e+01   1.0495072e-15   1.2800000e-01   1.2800000e-01
   1.6000000e+01   2.2000000e+01   1.1228507e-15   1.4007812e-01   1.4007812e-01
   1.7000000e+01   2.2000000e+01   1.2971324e-15   1.7960937e-01   1.7960937e-01
   1.8000000e+01   2.2000000e+01   1.4132748e-15   2.0335937e-01   2.0335937e-01
   1.9000000e+01   2.2000000e+01   1.5219392e-15   2.2450000e-01   2.2450000e-01
   2.0000000e+01   2.2000000e+01   1.4793532e-15   2.3306250e-01   2.3306250e-01
   2.1000000e+01   2.2000000e+01   1.3821856e-15   2.1065625e-01   2.1065625e-01
   2.2000000e+01   2.2000000e+01   1.2807010e-15   1.8634375e-01   1.8634375e-01
   2.3000000e+01   2.2000000e+01   1.2226180e-15   1.7367187e-01   1.7367187e-01
   2.4000000e+01   2.2000000e+01   1.2738792e-15   1.7607812e-01   1.7607812e-01
   2.5000000e+01   2.2000000e+01   1.4164916e-15   2.1960937e-01   2.1960937e-01
   2.6000000e+01   2.2000000e+01   1.5519700e-15   2.4815625e-01   2.4815625e-01
   2.7000000e+01   2.2000000e+01   1.5839721e-15   2.5039062e-01   2.5039062e-01
   2.8000000e+01   2.2000000e+01   1.4606471e-15   2.2346875e-01   2.2346875e-01
   2.9000000e+01   2.2000000e+01   1.3422227e-15   1.8965625e-01   1.8965625e-01
   3.0000000e+01   2.2000000e+01   1.1860096e-15   1.5218750e-01   1.5218750e-01
   3.1000000e+01   2.2000000e+01   1.0707221e-15   1.2592187e-01   1.2592187e-01
   3.2000000e+01   2.2000000e+01   1.0263587e-15   1.2278125e-01   1.2278125e-01
   3.3000000e+01   2.2000000e+01   1.1158974e-15   1.4465625e-01   1.4465625e-01
   3.4000000e+01   2.2000000e+01   1.3022831e-15   1.8321875e-01   1.8321875e-01
   3.5000000e+01   2.2000000e+01   1.4440766e-15   2.0885937e-01   2.0885937e-01
   1.0000000e+00   2.3000000e+01   1.3600255e-15   1.9590625e-01   1.9590625e-01
   2.0000000e+00   2.3000000e+01   1.4363289e-15   2.1729687e-01   2.1729687e-01
   3.0000000e+00   2.3000000e+01   1.5228403e-15   2.2576562e-01   2.2576562e-01
   4.0000000e+00   2.3000000e+01   1.5078484e-15   2.3279687e-01   2.3279687e-01
   5.0000000e+00   2.3000000e+01   1.4878092e-15   2.3615625e-01   2.3615625e-01
   6.0000000e+00   2.3000000e+01   1.5012451e-15   2.3815625e-01   2.3815625e-01
   7.0000000e+00   2.3000000e+01   1.5632058e-15   2.5096875e-01   2.5096875e-01
   8.0000000e+00   2.3000000e+01   1.5597361e-15   2.4809375e-01   2.4809375e-01
   9.0000000e+00   2.3000000e+01   1.4958095e-15   2.3382812e-01   2.3382812e-01
   1.0000000e+01   2.3000000e+01   1.5207894e-15   2.2560937e-01   2.2560937e-01
   1.1000000e+01   2.3000000e+01   1.4311237e-15   2.1587500e-01   2.1587500e-01
   1.2000000e+01   2.3000000e+01   1.3389059e-15   1.8946875e-01   1.8946875e-01
   1.3000000e+01   2.3000000e+01   1.2640847e-15   1.6823437e-01   1.6823437e-01
   1.4000000e+01   2.3000000e+01   1.1900909e-15   1.5365625e-01   1.5365625e-01
   1.5000000e+01   2.3000000e+01   1.1432114e-15   1.4351562e-01   1.4351562e-01
   1.6000000e+01   2.3000000e+01   1.1575247e-15   1.4664062e-01   1.4664062e-01
   1.7000000e+01   2.3000000e+01   1.2699144e-15   1.6432812e-01   1.6432812e-01
   1.8000000e+01   2.3000000e+01   1.3453367e-15   1.9076562e-01   1.9076562e-01
   1.9000000e+01   2.3000000e+01   1.4432278e-15   2.1776562e-01   2.1776562e-01
   2.0000000e+01   2.3000000e+01   1.5120407e-15   2.2981250e-01   2.2981250e-01
   2.1000000e+01   2.3000000e+01   1.5288726e-15   2.3320312e-01   2.3320312e-01
   2.2000000e+01   2.3000000e+01   1.5067508e-15   2.2759375e-01   2.2759375e-01
   2.3000000e+01   2.3000000e+01   1.4574832e-15   2.2201562e-01   2.2201562e-01
   2.4000000e+01   2.3000000e+01   1.4703446e-15   2.2889062e-01   2.2889062e-01
   2.5000000e+01   2.3000000e+01   1.5247610e-15   2.3854687e-01   2.3854687e-01
   2.6000000e+01   2.3000000e+01   1.5433992e-15   2.3904687e-01   2.3904687e-01
   2.7000000e+01   2.3000000e+01   1.4910628e-15   2.3073437e-01   2.3073437e-01
   2.8000000e+01   2.3000000e+01   1.4493061e-15   2.1293750e-01   2.1293750e-01
   2.9000000e+01   2.3000000e+01   1.3192515e-15   1.8504687e-01   1.8504687e-01
   3.0000000e+01   2.3000000e+01   1.1728529e-15   1.5387500e-01   1.5387500e-01
   3.1000000e+01   2.3000000e+01   1.0822635e-15   1.3517187e-01   1.3517187e-01
   3.2000000e+01   2.3000000e+01   1.0931766e-15   1.3587500e-01   1.3587500e-01
   3.3000000e+01   2.3000000e+01   1.1505609e-15   1.4715625e-01   1.4715625e-01
   3.4000000e+01   2.3000000e+01   1.2977866e-15   1.8042187e-01   1.8042187e-01
   3.5000000e+01   2.3000000e+01   1.4416809e-15   2.2112500e-01   2.2112500e-01
   1.0000000e+00   2.4000000e+01   1.2906809e-15   1.7476562e-01   1.7476562e-01
   2.0000000e+00   2.4000000e+01   1.3770914e-15   1.9532812e-01   1.9532812e-01
   3.0000000e+00   2.4000000e+01   1.3792418e-15   2.1026562e-01   2.1026562e-01
   4.0000000e+00   2.4000000e+01   1.4165899e-15   2.2134375e-01   2.2134375e-01
   5.0000000e+00   2.4000000e+01   1.4849998e-15   2.3151562e-01   2.3151562e-01
   6.0000000e+00   2.4000000e+01   1.4528785e-15   2.2668750e-01   2.2668750e-01
   7.0000000e+00   2.4000000e+01   1.4513419e-15   2.2148437e-01   2.2148437e-01
   8.0000000e+00   2.4000000e+01   1.4469828e-15   2.2017187e-01   2.2017187e-01
   9.0000000e+00   2.4000000e+01   1.4476885e-15   2.1770312e-01   2.1770312e-01
   1.0000000e+01   2.4000000e+01   1.4004090e-15   2.0750000e-01   2.0750000e-01
   1.1000000e+01   2.4000000e+01   1.3081356e-15   1.9335937e-01   1.9335937e-01
   1.2000000e+01   2.4000000e+01   1.2352208e-15   1.7170312e-01   1.7170312e-01
   1.3000000e+01   2.4000000e+01   1.2010547e-15   1.5262500e-01   1.5262500e-01
   1.4000000e+01   2.4000000e+01   1.1653985e-15   1.4639062e-01   1.4639062e-01
   1.5000000e+01   2.4000000e+01   1.1675071e-15   1.4645312e-01   1.4645312e-01
   1.6000000e+01   2.4000000e+01   1.2099864e-15   1.5240625e-01   1.5240625e-01
   1.7000000e+01   2.4000000e+01   1.2501393e-15   1.6873437e-01   1.6873437e-01
   1.8000000e+01   2.4000000e+01   1.2944692e-15   1.9245312e-01   1.9245312e-01
   1.9000000e+01   2.4000000e+01   1.4320916e-15   2.1639062e-01   2.1639062e-01
   2.0000000e+01   2.4000000e+01   1.4265749e-15   2.2264062e-01   2.2264062e-01
   2.1000000e+01   2.4000000e+01   1.4560384e-15   2.2706250e-01   2.2706250e-01
   2.2000000e+01   2.4000000e+01   1.4314452e-15   2.2556250e-01   2.2556250e-01
   2.3000000e+01   2.4000000e+01   1.4562890e-15   2.2729687e-01   2.2729687e-01
   2.4000000e+01   2.4000000e+01   1.5102647e-15   2.2985937e-01   2.2985937e-01
   2.5000000e+01   2.4000000e+01   1.4818845e-15   2.2971875e-01   2.2971875e-01
   2.6000000e+01   2.4000000e+01   1.4551716e-15   2.3250000e-01   2.3250000e-01
   2.7000000e+01   2.4000000e+01   1.4296514e-15   2.1785937e-01   2.1785937e-01
   2.8000000e+01   2.4000000e+01   1.4057483e-15   2.0182812e-01   2.0182812e-01
   2.9000000e+01   2.4000000e+01   1.2208987e-15   1.6556250e-01   1.6556250e-01
   3.0000000e+01   2.4000000e+01   1.1617653e-15   1.5635937e-01   1.5635937e-01
   3.1000000e+01   2.4000000e+01   1.1670072e-15   1.4548437e-01   1.4548437e-01
   3.2000000e+01   2.4000000e+01   1.1677601e-15   1.4473437e-01   1.4473437e-01
   3.3000000e+01   2.4000000e+01   1.1454576e-15   1.5498437e-01   1.5498437e-01
   3.4000000e+01   2.4000000e+01   1.2749125e-15   1.6990625e-01   1.6990625e-01
   3.5000000e+01   2.4000000e+01   1.3657981e-15   1.9643750e-01   1.9643750e-01
   1.0000000e+00   2.5000000e+01   1.1966407e-15   1.6951562e-01   1.6951562e-01
   2.0000000e+00   2.5000000e+01   1.2588084e-15   1.8210937e-01   1.8210937e-01
   3.0000000e+00   2.5000000e+01   1.3138219e-15   1.9081250e-01   1.9081250e-01
   4.0000000e+00   2.5000000e+01   1.3502161e-15   2.0626562e-01   2.0626562e-01
   5.0000000e+00   2.5000000e+01   1.4214829e-15   2.1359375e-01   2.1359375e-01
   6.0000000e+00   2.5000000e+01   1.3596197e-15   2.0262500e-01   2.0262500e-01
   7.0000000e+00   2.5000000e+01   1.3812946e-15   2.1554687e-01   2.1554687e-01
   8.0000000e+00   2.5000000e+01   1.3624646e-15   2.0453125e-01   2.0453125e-01
   9.0000000e+00   2.5000000e+01   1.3625633e-15   2.0276562e-01   2.0276562e-01
   1.0000000e+01   2.5000000e+01   1.2910054e-15   1.9015625e-01   1.9015625e-01
   1.1000000e+01   2.5000000e+01   1.2919535e-15   1.7431250e-01   1.7431250e-01
   1.2000000e+01   2.5000000e+01   1.2331414e-15   1.6173437e-01   1.6173437e-01
   1.3000000e+01   2.5000000e+01   1.1655902e-15   1.4789062e-01   1.4789062e-01
   1.4000000e+01   2.5000000e+01   1.1717547e-15   1.5659375e-01   1.5659375e-01
   1.5000000e+01   2.5000000e+01   1.1993053e-15   1.5437500e-01   1.5437500e-01
   1.6000000e+01   2.5000000e+01   1.1944506e-15   1.5303125e-01   1.5303125e-01
   1.7000000e+01   2.5000000e+01   1.2378942e-15   1.6760937e-01   1.6760937e-01
   1.8000000e+01   2.5000000e+01   1.2753867e-15   1.7117187e-01   1.7117187e-01
   1.9000000e+01   2.5000000e+01   1.3076951e-15   1.8815625e-01   1.8815625e-01
   2.0000000e+01   2.5000000e+01   1.3740011e-15   2.0832812e-01   2.0832812e-01
   2.1000000e+01   2.5000000e+01   1.3480570e-15   2.0529687e-01   2.0529687e-01
   2.2000000e+01   2.5000000e+01   1.4044274e-15   2.2298437e-01   2.2298437e-01
   2.3000000e+01   2.5000000e+01   1.4081204e-15   2.1287500e-01   2.1287500e-01
   2.4000000e+01   2.5000000e+01   1.4278740e-15   2.2254687e-01   2.2254687e-01
   2.5000000e+01   2.5000000e+01   1.3906052e-15   2.0953125e-01   2.0953125e-01
   2.6000000e+01   2.5000000e+01   1.3871112e-15   2.0868750e-01   2.0868750e-01
   2.7000000e+01   2.5000000e+01   1.3721927e-15   1.9400000e-01   1.9400000e-01
   2.8000000e+01   2.5000000e+01   1.2432489e-15   1.7037500e-01   1.7037500e-01
   2.9000000e+01   2.5000000e+01   1.2194675e-15   1.5975000e-01   1.5975000e-01
   3.0000000e+01   2.5000000e+01   1.1663262e-15   1.5348437e-01   1.5348437e-01
   3.1000000e+01   2.5000000e+01   1.1556998e-15   1.4687500e-01   1.4687500e-01
   3.2000000e+01   2.5000000e+01   1.1362522e-15   1.4715625e-01   1.4715625e-01
   3.3000000e+01   2.5000000e+01   1.2125275e-15   1.5610937e-01   1.5610937e-01
   3.4000000e+01   2.5000000e+01   1.1607752e-15   1.5468750e-01   1.5468750e-01
   3.5000000e+01   2.5000000e+01   1.2765045e-15   1.8260937e-01   1.8260937e-01
   1.0000000e+00   2.6000000e+01   1.1145361e-15   1.4476562e-01   1.4476562e-01
   2.0000000e+00   2.6000000e+01   1.1115600e-15   1.3943750e-01   1.3943750e-01
   3.0000000e+00   2.6000000e+01   1.1716468e-15   1.5514062e-01   1.5514062e-01
   4.0000000e+00   2.6000000e+01   1.1800129e-15   1.5420312e-01   1.5420312e-01
   5.0000000e+00   2.6000000e+01   1.2351035e-15   1.7123437e-01   1.7123437e-01
   6.0000000e+00   2.6000000e+01   1.2228002e-15   1.6809375e-01   1.6809375e-01
   7.0000000e+00   2.6000000e+01   1.2235600e-15   1.7139062e-01   1.7139062e-01
   8.0000000e+00   2.6000000e+01   1.1828508e-15   1.6042187e-01   1.6042187e-01
   9.0000000e+00   2.6000000e+01   1.2022049e-15   1.6087500e-01   1.6087500e-01
   1.0000000e+01   2.6000000e+01   1.1118237e-15   1.4634375e-01   1.4634375e-01
   1.1000000e+01   2.6000000e+01   1.1071985e-15   1.4418750e-01   1.4418750e-01
   1.2000000e+01   2.6000000e+01   1.0843734e-15   1.3637500e-01   1.3637500e-01
   1.3000000e+01   2.6000000e+01   1.0978008e-15   1.4526562e-01   1.4526562e-01
   1.4000000e+01   2.6000000e+01   1.0788527e-15   1.3928125e-01   1.3928125e-01
   1.5000000e+01   2.6000000e+01   1.0874847e-15   1.4815625e-01   1.4815625e-01
   1.6000000e+01   2.6000000e+01   1.1238745e-15   1.4382812e-01   1.4382812e-01
   1.7000000e+01   2.6000000e+01   1.1310338e-15   1.5448437e-01   1.5448437e-01
   1.8000000e+01   2.6000000e+01   1.1142881e-15   1.4662500e-01   1.4662500e-01
   1.9000000e+01   2.6000000e+01   1.1500543e-15   1.6157812e-01   1.6157812e-01
   2.0000000e+01   2.6000000e+01   1.1654461e-15   1.5712500e-01   1.5712500e-01
   2.1000000e+01   2.6000000e+01   1.2610903e-15   1.8246875e-01   1.8246875e-01
   2.2000000e+01   2.6000000e+01   1.2829835e-15   1.8606250e-01   1.8606250e-01
   2.3000000e+01   2.6000000e+01   1.2229876e-15   1.8435937e-01   1.8435937e-01
   2.4000000e+01   2.6000000e+01   1.2207867e-15   1.7684375e-01   1.7684375e-01
   2.5000000e+01   2.6000000e+01   1.2208448e-15   1.6915625e-01   1.6915625e-01
   2.6000000e+01   2.6000000e+01   1.2017401e-15   1.6065625e-01   1.6065625e-01
   2.7000000e+01   2.6000000e+01   1.1888759e-15   1.5635937e-01   1.5635937e-01
   2.8000000e+01   2.6000000e+01   1.1510748e-15   1.5071875e-01   1.5071875e-01
   2.9000000e+01   2.6000000e+01   1.1489580e-15   1.5021875e-01   1.5021875e-01
   3.0000000e+01   2.6000000e+01   1.0848035e-15   1.4067187e-01   1.4067187e-01
   3.1000000e+01   2.6000000e+01   1.0430056e-15   1.2978125e-01   1.2978125e-01
   3.2000000e+01   2.6000000e+01   1.0893307e-15   1.3335937e-01   1.3335937e-01
   3.3000000e+01   2.6000000e+01   1.1739610e-15   1.4289062e-01   1.4289062e-01
   3.4000000e+01   2.6000000e+01   1.1586999e-15   1.4987500e-01   1.4987500e-01
   3.5000000e+01   2.6000000e+01   1.1099000e-15   1.5029687e-01   1.5029687e-01
   1.0000000e+00   2.7000000e+01   9.8194112e-16   1.1051562e-01   1.1051562e-01
   2.0000000e+00   2.7000000e+01   1.0050887e-15   1.1356250e-01   1.1356250e-01
   3.0000000e+00   2.7000000e+01   1.0163307e-15   1.1800000e-01   1.1800000e-01
   4.0000000e+00   2.7000000e+01   1.0015224e-15   1.1829687e-01   1.1829687e-01
   5.0000000e+00   2.7000000e+01   1.0412577e-15   1.1807812e-01   1.1807812e-01
   6.0000000e+00   2.7000000e+01   1.0652041e-15   1.2546875e-01   1.2546875e-01
   7.0000000e+00   2.7000000e+01   1.0557485e-15   1.2826562e-01   1.2826562e-01
   8.0000000e+00   2.7000000e+01   1.0153597e-15   1.2421875e-01   1.2421875e-01
   9.0000000e+00   2.7000000e+01   9.6508836e-16   1.1971875e-01   1.1971875e-01
   1.0000000e+01   2.7000000e+01   9.7387170e-16   1.1204687e-01   1.1204687e-01
   1.1000000e+01   2.7000000e+01   9.9445730e-16   1.1078125e-01   1.1078125e-01
   1.2000000e+01   2.7000000e+01   1.0671157e-15   1.1970312e-01   1.1970312e-01
   1.3000000e+01   2.7000000e+01   1.0046286e-15   1.2265625e-01   1.2265625e-01
   1.4000000e+01   2.7000000e+01   9.8347026e-16   1.2309375e-01   1.2309375e-01
   1.5000000e+01   2.7000000e+01   1.0016653e-15   1.1514062e-01   1.1514062e-01
   1.6000000e+01   2.7000000e+01   1.0671471e-15   1.2221875e-01   1.2221875e-01
   1.7000000e+01   2.7000000e+01   1.0541590e-15   1.3296875e-01   1.3296875e-01
   1.8000000e+01   2.7000000e+01   9.9136926e-16   1.2651562e-01   1.2651562e-01
   1.9000000e+01   2.7000000e+01   1.0351376e-15   1.2032812e-01   1.2032812e-01
   2.0000000e+01   2.7000000e+01   1.0711434e-15   1.3250000e-01   1.3250000e-01
   2.1000000e+01   2.7000000e+01   1.0354485e-15   1.3257812e-01   1.3257812e-01
   2.2000000e+01   2.7000000e+01   1.0711949e-15   1.3628125e-01   1.3628125e-01
   2.3000000e+01   2.7000000e+01   1.1203327e-15   1.4335937e-01   1.4335937e-01
   2.4000000e+01   2.7000000e+01   1.1402432e-15   1.4475000e-01   1.4475000e-01
   2.5000000e+01   2.7000000e+01   1.0532932e-15   1.3475000e-01   1.3475000e-01
   2.6000000e+01   2.7000000e+01   1.0124473e-15   1.2621875e-01   1.2621875e-01
   2.7000000e+01   2.7000000e+01   1.0261443e-15   1.2173437e-01   1.2173437e-01
   2.8000000e+01   2.7000000e+01   1.0446885e-15   1.1939062e-01   1.1939062e-01
   2.9000000e+01   2.7000000e+01   1.0561367e-15   1.2178125e-01   1.2178125e-01
   3.0000000e+01   2.7000000e+01   1.0373400e-15   1.1593750e-01   1.1593750e-01
   3.1000000e+01   2.7000000e+01   1.0159355e-15   1.1559375e-01   1.1559375e-01
   3.2000000e+01   2.7000000e+01   9.8815812e-16   1.1389062e-01   1.1389062e-01
   3.3000000e+01   2.7000000e+01   1.0195732e-15   1.2248437e-01   1.2248437e-01
   3.4000000e+01   2.7000000e+01   1.0267479e-15   1.2803125e-01   1.2803125e-01
   3.5000000e+01   2.7000000e+01   1.0423172e-15   1.2440625e-01   1.2440625e-01
   1.0000000e+00   2.8000000e+01   8.8967169e-16   8.3296875e-02   8.3296875e-02
   2.0000000e+00   2.8000000e+01   8.3294329e-16   7.9703125e-02   7.9703125e-02
   3.0000000e+00   2.8000000e+01   8.3536952e-16   7.3078125e-02   7.3078125e-02
   4.0000000e+00   2.8000000e+01   8.4518055e-16   7.2343750e-02   7.2343750e-02
   5.0000000e+00   2.8000000e+01   8.2760510e-16   7.4656250e-02   7.4656250e-02
   6.0000000e+00   2.8000000e+01   8.2939773e-16   7.7046875e-02   7.7046875e-02
   7.0000000e+00   2.8000000e+01   8.3482129e-16   7.7796875e-02   7.7796875e-02
   8.0000000e+00   2.8000000e+01   8.2726068e-16   8.0093750e-02   8.0093750e-02
   9.0000000e+00   2.8000000e+01   8.6040817e-16   8.2781250e-02   8.2781250e-02
   1.0000000e+01   2.8000000e+01   8.9805461e-16   8.8015625e-02   8.8015625e-02
   1.1000000e+01   2.8000000e+01   9.0082242e-16   8.7843750e-02   8.7843750e-02
   1.2000000e+01   2.8000000e+01   9.0698444e-16   8.9734375e-02   8.9734375e-02
   1.3000000e+01   2.8000000e+01   8.6563463e-16   8.1203125e-02   8.1203125e-02
   1.4000000e+01   2.8000000e+01   8.4113833e-16   7.2156250e-02   7.2156250e-02
   1.5000000e+01   2.8000000e+01   8.0259192e-16   6.9109375e-02   6.9109375e-02
   1.6000000e+01   2.8000000e+01   8.7255624e-16   8.1187500e-02   8.1187500e-02
   1.7000000e+01   2.8000000e+01   9.2015300e-16   9.6421875e-02   9.6421875e-02
   1.8000000e+01   2.8000000e+01   9.2999635e-16   9.7031250e-02   9.7031250e-02
   1.9000000e+01   2.8000000e+01   9.0673776e-16   9.2390625e-02   9.2390625e-02
   2.0000000e+01   2.8000000e+01   8.8915545e-16   9.0000000e-02   9.0000000e-02
   2.1000000e+01   2.8000000e+01   8.8894626e-16   8.9312500e-02   8.9312500e-02
   2.2000000e+01   2.8000000e+01   8.8863691e-16   8.8000000e-02   8.8000000e-02
   2.3000000e+01   2.8000000e+01   9.0175539e-16   8.7921875e-02   8.7921875e-02
   2.4000000e+01   2.8000000e+01   8.5980473e-16   8.9921875e-02   8.9921875e-02
   2.5000000e+01   2.8000000e+01   8.9680286e-16   9.0609375e-02   9.0609375e-02
   2.6000000e+01   2.8000000e+01   8.9420144e-16   9.1968750e-02   9.1968750e-02
   2.7000000e+01   2.8000000e+01   9.2593656e-16   9.5265625e-02   9.5265625e-02
   2.8000000e+01   2.8000000e+01   9.3061845e-16   9.5234375e-02   9.5234375e-02
   2.9000000e+01   2.8000000e+01   9.1144547e-16   9.4203125e-02   9.4203125e-02
   3.0000000e+01   2.8000000e+01   8.1413670e-16   8.1093750e-02   8.1093750e-02
   3.1000000e+01   2.8000000e+01   7.9779196e-16   6.6765625e-02   6.6765625e-02
   3.2000000e+01   2.8000000e+01   8.1152806e-16   6.4843750e-02   6.4843750e-02
   3.3000000e+01   2.8000000e+01   8.5863543e-16   8.0203125e-02   8.0203125e-02
   3.4000000e+01   2.8000000e+01   8.9116090e-16   8.7453125e-02   8.7453125e-02
   3.5000000e+01   2.8000000e+01   8.6078121e-16   8.3796875e-02   8.3796875e-02
   1.0000000e+00   2.9000000e+01   7.0124428e-16   5.3156250e-02   5.3156250e-02
   2.0000000e+00   2.9000000e+01   7.2607062e-16   5.3640625e-02   5.3640625e-02
   3.0000000e+00   2.9000000e+01   7.4322899e-16   5.6000000e-02   5.6000000e-02
   4.0000000e+00   2.9000000e+01   7.3911146e-16   5.5781250e-02   5.5781250e-02
   5.0000000e+00   2.9000000e+01   7.3098715e-16   5.8203125e-02   5.8203125e-02
   6.0000000e+00   2.9000000e+01   7.6408353e-16   6.0375000e-02   6.0375000e-02
   7.0000000e+00   2.9000000e+01   7.6542151e-16   5.9875000e-02   5.9875000e-02
   8.0000000e+00   2.9000000e+01   7.6234228e-16   6.0078125e-02   6.0078125e-02
   9.0000000e+00   2.9000000e+01   7.8174443e-16   5.8312500e-02   5.8312500e-02
   1.0000000e+01   2.9000000e+01   8.0543334e-16   5.8687500e-02   5.8687500e-02
   1.1000000e+01   2.9000000e+01   7.2716371e-16   5.9625000e-02   5.9625000e-02
   1.2000000e+01   2.9000000e+01   7.3161576e-16   6.2796875e-02   6.2796875e-02
   1.3000000e+01   2.9000000e+01   7.2894137e-16   5.8203125e-02   5.8203125e-02
   1.4000000e+01   2.9000000e+01   7.0962029e-16   4.8906250e-02   4.8906250e-02
   1.5000000e+01   2.9000000e+01   6.4376970e-16   4.2968750e-02   4.2968750e-02
   1.6000000e+01   2.9000000e+01   7.2443241e-16   5.2312500e-02   5.2312500e-02
   1.7000000e+01   2.9000000e+01   8.0534511e-16   6.3703125e-02   6.3703125e-02
   1.8000000e+01   2.9000000e+01   8.0694413e-16   6.5265625e-02   6.5265625e-02
   1.9000000e+01   2.9000000e+01   7.9430226e-16   6.4203125e-02   6.4203125e-02
   2.0000000e+01   2.9000000e+01   7.8422563e-16   6.6312500e-02   6.6312500e-02
   2.1000000e+01   2.9000000e+01   7.6208679e-16   6.7109375e-02   6.7109375e-02
   2.2000000e+01   2.9000000e+01   7.8014555e-16   6.6921875e-02   6.6921875e-02
   2.3000000e+01   2.9000000e+01   7.7116227e-16   6.5656250e-02   6.5656250e-02
   2.4000000e+01   2.9000000e+01   8.0490963e-16   6.4843750e-02   6.4843750e-02
   2.5000000e+01   2.9000000e+01   7.9882436e-16   6.4187500e-02   6.4187500e-02
   2.6000000e+01   2.9000000e+01   7.9242689e-16   6.4343750e-02   6.4343750e-02
   2.7000000e+01   2.9000000e+01   8.1502187e-16   6.5984375e-02   6.5984375e-02
   2.8000000e+01   2.9000000e+01   8.0792530e-16   6.6359375e-02   6.6359375e-02
   2.9000000e+01   2.9000000e+01   7.8139216e-16   7.0171875e-02   7.0171875e-02
   3.0000000e+01   2.9000000e+01   7.5069040e-16   6.3062500e-02   6.3062500e-02
   3.1000000e+01   2.9000000e+01   6.7427646e-16   4.7937500e-02   4.7937500e-02
   3.2000000e+01   2.9000000e+01   6.6850822e-16   4.6031250e-02   4.6031250e-02
   3.3000000e+01   2.9000000e+01   7.4104268e-16   5.7453125e-02   5.7453125e-02
   3.4000000e+01   2.9000000e+01   7.7655703e-16   6.5125000e-02   6.5125000e-02
   3.5000000e+01   2.9000000e+01   7.9274628e-16   6.3390625e-02   6.3390625e-02
   1.0000000e+00   3.0000000e+01   6.2199092e-16   3.4578125e-02   3.4578125e-02
   2.0000000e+00   3.0000000e+01   6.8012968e-16   3.8578125e-02   3.8578125e-02
   3.0000000e+00   3.0000000e+01   6.5480359e-16   3.9531250e-02   3.9531250e-02
   4.0000000e+00   3.0000000e+01   6.2069532e-16   3.8578125e-02   3.8578125e-02
   5.0000000e+00   3.0000000e+01   6.4925746e-16   3.7406250e-02   3.7406250e-02
   6.0000000e+00   3.0000000e+01   6.8013811e-16   3.8375000e-02   3.8375000e-02
   7.0000000e+00   3.0000000e+01   6.6694151e-16   3.9171875e-02   3.9171875e-02
   8.0000000e+00   3.0000000e+01   6.6003530e-16   3.8359375e-02   3.8359375e-02
   9.0000000e+00   3.0000000e+01   6.7438847e-16   3.8984375e-02   3.8984375e-02
   1.0000000e+01   3.0000000e+01   6.9585585e-16   3.8843750e-02   3.8843750e-02
   1.1000000e+01   3.0000000e+01   7.0397667e-16   3.7968750e-02   3.7968750e-02
   1.2000000e+01   3.0000000e+01   6.9523609e-16   3.6312500e-02   3.6312500e-02
   1.3000000e+01   3.0000000e+01   6.6849466e-16   3.5000000e-02   3.5000000e-02
   1.4000000e+01   3.0000000e+01   6.7562338e-16   3.0343750e-02   3.0343750e-02
   1.5000000e+01   3.0000000e+01   6.7567158e-16   2.8515625e-02   2.8515625e-02
   1.6000000e+01   3.0000000e+01   6.9568526e-16   3.2828125e-02   3.2828125e-02
   1.7000000e+01   3.0000000e+01   7.1247826e-16   3.7671875e-02   3.7671875e-02
   1.8000000e+01   3.0000000e+01   7.0486374e-16   4.0515625e-02   4.0515625e-02
   1.9000000e+01   3.0000000e+01   7.1489627e-16   4.2437500e-02   4.2437500e-02
   2.0000000e+01   3.0000000e+01   7.1027401e-16   4.5343750e-02   4.5343750e-02
   2.1000000e+01   3.0000000e+01   7.0750426e-16   4.5843750e-02   4.5843750e-02
   2.2000000e+01   3.0000000e+01   7.2983560e-16   4.4562500e-02   4.4562500e-02
   2.3000000e+01   3.0000000e+01   7.6702030e-16   4.4453125e-02   4.4453125e-02
   2.4000000e+01   3.0000000e+01   7.2556930e-16   4.5328125e-02   4.5328125e-02
   2.5000000e+01   3.0000000e+01   7.2329880e-16   4.8343750e-02   4.8343750e-02
   2.6000000e+01   3.0000000e+01   7.3127446e-16   4.8218750e-02   4.8218750e-02
   2.7000000e+01   3.0000000e+01   7.3748150e-16   4.6671875e-02   4.6671875e-02
   2.8000000e+01   3.0000000e+01   7.5976323e-16   4.3984375e-02   4.3984375e-02
   2.9000000e+01   3.0000000e+01   7.2330544e-16   4.5140625e-02   4.5140625e-02
   3.0000000e+01   3.0000000e+01   6.7174964e-16   4.1359375e-02   4.1359375e-02
   3.1000000e+01   3.0000000e+01   6.5170317e-16   3.3593750e-02   3.3593750e-02
   3.2000000e+01   3.0000000e+01   6.4049055e-16   3.1140625e-02   3.1140625e-02
   3.3000000e+01   3.0000000e+01   6.9558128e-16   3.7390625e-02   3.7390625e-02
   3.4000000e+01   3.0000000e+01   6.8409676e-16   3.8718750e-02   3.8718750e-02
   3.5000000e+01   3.0000000e+01   7.1595125e-16   3.8531250e-02   3.8531250e-02
   1.0000000e+00   3.1000000e+01   6.0771338e-16   1.9984375e-02   1.9984375e-02
   2.0000000e+00   3.1000000e+01   6.3788917e-16   2.2875000e-02   2.2875000e-02
   3.0000000e+00   3.1000000e+01   6.3386091e-16   2.4578125e-02   2.4578125e-02
   4.0000000e+00   3.1000000e+01   6.1943948e-16   2.8328125e-02   2.8328125e-02
   5.0000000e+00   3.1000000e+01   6.4773167e-16   3.2031250e-02   3.2031250e-02
   6.0000000e+00   3.1000000e+01   6.3323720e-16   3.1781250e-02   3.1781250e-02
   7.0000000e+00   3.1000000e+01   6.7166471e-16   2.9062500e-02   2.9062500e-02
   8.0000000e+00   3.1000000e+01   6.3988039e-16   2.7812500e-02   2.7812500e-02
   9.0000000e+00   3.1000000e+01   6.2505488e-16   2.7656250e-02   2.7656250e-02
   1.0000000e+01   3.1000000e+01   6.1929012e-16   2.5453125e-02   2.5453125e-02
   1.1000000e+01   3.1000000e+01   5.8819637e-16   2.4531250e-02   2.4531250e-02
   1.2000000e+01   3.1000000e+01   5.7387186e-16   2.2625000e-02   2.2625000e-02
   1.3000000e+01   3.1000000e+01   5.8083542e-16   1.9343750e-02   1.9343750e-02
   1.4000000e+01   3.1000000e+01   5.6347178e-16   1.9609375e-02   1.9609375e-02
   1.5000000e+01   3.1000000e+01   5.8596136e-16   1.8000000e-02   1.8000000e-02
   1.6000000e+01   3.1000000e+01   5.9164114e-16   1.7937500e-02   1.7937500e-02
   1.7000000e+01   3.1000000e+01   6.0941184e-16   2.2656250e-02   2.2656250e-02
   1.8000000e+01   3.1000000e+01   6.2211666e-16   2.5453125e-02   2.5453125e-02
   1.9000000e+01   3.1000000e+01   6.3996674e-16   2.7781250e-02   2.7781250e-02
   2.0000000e+01   3.1000000e+01   6.5072238e-16   3.1937500e-02   3.1937500e-02
   2.1000000e+01   3.1000000e+01   6.4239156e-16   3.3359375e-02   3.3359375e-02
   2.2000000e+01   3.1000000e+01   6.6697735e-16   3.3718750e-02   3.3718750e-02
   2.3000000e+01   3.1000000e+01   6.6257790e-16   3.4328125e-02   3.4328125e-02
   2.4000000e+01   3.1000000e+01   6.3896864e-16   3.1718750e-02   3.1718750e-02
   2.5000000e+01   3.1000000e+01   6.5872292e-16   2.9343750e-02   2.9343750e-02
   2.6000000e+01   3.1000000e+01   6.4077167e-16   2.9046875e-02   2.9046875e-02
   2.7000000e+01   3.1000000e+01   6.5069333e-16   2.9078125e-02   2.9078125e-02
   2.8000000e+01   3.1000000e+01   6.4058883e-16   2.8593750e-02   2.8593750e-02
   2.9000000e+01   3.1000000e+01   6.3146104e-16   2.5734375e-02   2.5734375e-02
   3.0000000e+01   3.1000000e+01   5.9656941e-16   2.3531250e-02   2.3531250e-02
   3.1000000e+01   3.1000000e+01   5.7096515e-16   1.8390625e-02   1.8390625e-02
   3.2000000e+01   3.1000000e+01   5.4324326e-16   1.5703125e-02   1.5703125e-02
   3.3000000e+01   3.1000000e+01   5.4048512e-16   1.8234375e-02   1.8234375e-02
   3.4000000e+01   3.1000000e+01   5.8578468e-16   2.1359375e-02   2.1359375e-02
   3.5000000e+01   3.1000000e+01   5.9478365e-16   2.3953125e-02   2.3953125e-02
   1.0000000e+00   3.2000000e+01   5.6827413e-16   1.4453125e-02   1.4453125e-02
   2.0000000e+00   3.2000000e+01   5.7660238e-16   1.6171875e-02   1.6171875e-02
   3.0000000e+00   3.2000000e+01   6.0521635e-16   1.9796875e-02   1.9796875e-02
   4.0000000e+00   3.2000000e+01   6.3635090e-16   2.3078125e-02   2.3078125e-02
   5.0000000e+00   3.2000000e+01   6.7055792e-16   2.5984375e-02   2.5984375e-02
   6.0000000e+00   3.2000000e+01   6.4603635e-16   2.6828125e-02   2.6828125e-02
   7.0000000e+00   3.2000000e+01   6.4117313e-16   2.6421875e-02   2.6421875e-02
   8.0000000e+00   3.2000000e+01   5.8403790e-16   2.3125000e-02   2.3125000e-02
   9.0000000e+00   3.2000000e+01   5.7830153e-16   2.0125000e-02   2.0125000e-02
   1.0000000e+01   3.2000000e+01   5.7729758e-16   1.8921875e-02   1.8921875e-02
   1.1000000e+01   3.2000000e+01   5.9282920e-16   1.6234375e-02   1.6234375e-02
   1.2000000e+01   3.2000000e+01   5.6980603e-16   1.3718750e-02   1.3718750e-02
   1.3000000e+01   3.2000000e+01   5.9955319e-16   1.4312500e-02   1.4312500e-02
   1.4000000e+01   3.2000000e+01   5.7575589e-16   1.2937500e-02   1.2937500e-02
   1.5000000e+01   3.2000000e+01   5.1744589e-16   1.0515625e-02   1.0515625e-02
   1.6000000e+01   3.2000000e+01   5.6493644e-16   1.0828125e-02   1.0828125e-02
   1.7000000e+01   3.2000000e+01   5.8716470e-16   1.4515625e-02   1.4515625e-02
   1.8000000e+01   3.2000000e+01   5.6809542e-16   1.6984375e-02   1.6984375e-02
   1.9000000e+01   3.2000000e+01   5.8838273e-16   1.8734375e-02   1.8734375e-02
   2.0000000e+01   3.2000000e+01   5.7846807e-16   2.1546875e-02   2.1546875e-02
   2.1000000e+01   3.2000000e+01   6.0280799e-16   2.4250000e-02   2.4250000e-02
   2.2000000e+01   3.2000000e+01   6.6054075e-16   2.5500000e-02   2.5500000e-02
   2.3000000e+01   3.2000000e+01   6.1553876e-16   2.8843750e-02   2.8843750e-02
   2.4000000e+01   3.2000000e+01   6.2025355e-16   2.7359375e-02   2.7359375e-02
   2.5000000e+01   3.2000000e+01   5.4883386e-16   2.2671875e-02   2.2671875e-02
   2.6000000e+01   3.2000000e+01   5.3623794e-16   2.0625000e-02   2.0625000e-02
   2.7000000e+01   3.2000000e+01   5.6826627e-16   1.8984375e-02   1.8984375e-02
   2.8000000e+01   3.2000000e+01   6.0148246e-16   1.6906250e-02   1.6906250e-02
   2.9000000e+01   3.2000000e+01   5.8830073e-16   1.5421875e-02   1.5421875e-02
   3.0000000e+01   3.2000000e+01   5.6930566e-16   1.1484375e-02   1.1484375e-02
   3.1000000e+01   3.2000000e+01   5.6180248e-16   9.7812500e-03   9.7812500e-03
   3.2000000e+01   3.2000000e+01   5.6788672e-16   9.8750000e-03   9.8750000e-03
   3.3000000e+01   3.2000000e+01   5.4850172e-16   1.0718750e-02   1.0718750e-02
   3.4000000e+01   3.2000000e+01   5.7034042e-16   1.1250000e-02   1.1250000e-02
   3.5000000e+01   3.2000000e+01   5.8104849e-16   1.2625000e-02   1.2625000e-02
   1.0000000e+00   3.3000000e+01   5.8116083e-16   1.1484375e-02   1.1484375e-02
   2.0000000e+00   3.3000000e+01   5.5969406e-16   1.4906250e-02   1.4906250e-02
   3.0000000e+00   3.3000000e+01   5.5928169e-16   1.6015625e-02   1.6015625e-02
   4.0000000e+00   3.3000000e+01   5.7505174e-16   1.8515625e-02   1.8515625e-02
   5.0000000e+00   3.3000000e+01   5.9791521e-16   2.0203125e-02   2.0203125e-02
   6.0000000e+00   3.3000000e+01   5.7445953e-16   1.9859375e-02   1.9859375e-02
   7.0000000e+00   3.3000000e+01   5.4805288e-16   2.1187500e-02   2.1187500e-02
   8.0000000e+00   3.3000000e+01   6.1089465e-16   1.8843750e-02   1.8843750e-02
   9.0000000e+00   3.3000000e+01   6.0595290e-16   1.3875000e-02   1.3875000e-02
   1.0000000e+01   3.3000000e+01   5.9491412e-16   1.2125000e-02   1.2125000e-02
   1.1000000e+01   3.3000000e+01   5.5060179e-16   1.3593750e-02   1.3593750e-02
   1.2000000e+01   3.3000000e+01   5.8417984e-16   1.1953125e-02   1.1953125e-02
   1.3000000e+01   3.3000000e+01   5.3011559e-16   8.2343750e-03   8.2343750e-03
   1.4000000e+01   3.3000000e+01   5.1814134e-16   7.7500000e-03   7.7500000e-03
   1.5000000e+01   3.3000000e+01   5.2405486e-16   7.9062500e-03   7.9062500e-03
   1.6000000e+01   3.3000000e+01   5.5710013e-16   8.6093750e-03   8.6093750e-03
   1.7000000e+01   3.3000000e+01   5.4944639e-16   9.1250000e-03   9.1250000e-03
   1.8000000e+01   3.3000000e+01   5.7154461e-16   9.9687500e-03   9.9687500e-03
   1.9000000e+01   3.3000000e+01   5.9989712e-16   1.4000000e-02   1.4000000e-02
   2.0000000e+01   3.3000000e+01   6.2411234e-16   1.7984375e-02   1.7984375e-02
   2.1000000e+01   3.3000000e+01   6.3438697e-16   2.1421875e-02   2.1421875e-02
   2.2000000e+01   3.3000000e+01   5.9396866e-16   2.1031250e-02   2.1031250e-02
   2.3000000e+01   3.3000000e+01   6.1125253e-16   2.0953125e-02   2.0953125e-02
   2.4000000e+01   3.3000000e+01   6.3572768e-16   2.2000000e-02   2.2000000e-02
   2.5000000e+01   3.3000000e+01   6.0929698e-16   1.8968750e-02   1.8968750e-02
   2.6000000e+01   3.3000000e+01   5.7089443e-16   1.3656250e-02   1.3656250e-02
   2.7000000e+01   3.3000000e+01   5.6560452e-16   1.1718750e-02   1.1718750e-02
   2.8000000e+01   3.3000000e+01   5.7124992e-16   1.1000000e-02   1.1000000e-02
   2.9000000e+01   3.3000000e+01   5.6353478e-16   9.5625000e-03   9.5625000e-03
   3.0000000e+01   3.3000000e+01   5.7449951e-16   9.1250000e-03   9.1250000e-03
   3.1000000e+01   3.3000000e+01   5.4819111e-16   8.0625000e-03   8.0625000e-03
   3.2000000e+01   3.3000000e+01   5.4820267e-16   7.4531250e-03   7.4531250e-03
   3.3000000e+01   3.3000000e+01   4.9393024e-16   7.0625000e-03   7.0625000e-03
   3.4000000e+01   3.3000000e+01   5.2812640e-16   7.5312500e-03   7.5312500e-03
   3.5000000e+01   3.3000000e+01   5.3707193e-16   9.4375000e-03   9.4375000e-03
   1.0000000e+00   3.4000000e+01   5.6053496e-16   1.2078125e-02   1.2078125e-02
   2.0000000e+00   3.4000000e+01   5.7743027e-16   1.3093750e-02   1.3093750e-02
   3.0000000e+00   3.4000000e+01   5.8872000e-16   1.1250000e-02   1.1250000e-02
   4.0000000e+00   3.4000000e+01   5.5844219e-16   1.1375000e-02   1.1375000e-02
   5.0000000e+00   3.4000000e+01   5.6013745e-16   1.3671875e-02   1.3671875e-02
   6.0000000e+00   3.4000000e+01   5.0872813e-16   1.3500000e-02   1.3500000e-02
   7.0000000e+00   3.4000000e+01   5.5855447e-16   1.3125000e-02   1.3125000e-02
   8.0000000e+00   3.4000000e+01   5.8656948e-16   1.7046875e-02   1.7046875e-02
   9.0000000e+00   3.4000000e+01   5.8182786e-16   1.5640625e-02   1.5640625e-02
   1.0000000e+01   3.4000000e+01   5.3442208e-16   1.2859375e-02   1.2859375e-02
   1.1000000e+01   3.4000000e+01   5.0007408e-16   1.1515625e-02   1.1515625e-02
   1.2000000e+01   3.4000000e+01   5.0830159e-16   1.0109375e-02   1.0109375e-02
   1.3000000e+01   3.4000000e+01   5.4750828e-16   9.8906250e-03   9.8906250e-03
   1.4000000e+01   3.4000000e+01   5.5803478e-16   8.9062500e-03   8.9062500e-03
   1.5000000e+01   3.4000000e+01   5.4751312e-16   8.0781250e-03   8.0781250e-03
   1.6000000e+01   3.4000000e+01   5.5666564e-16   9.1718750e-03   9.1718750e-03
   1.7000000e+01   3.4000000e+01   5.7046202e-16   1.0359375e-02   1.0359375e-02
   1.8000000e+01   3.4000000e+01   5.8301668e-16   1.1796875e-02   1.1796875e-02
   1.9000000e+01   3.4000000e+01   6.1154257e-16   1.3437500e-02   1.3437500e-02
   2.0000000e+01   3.4000000e+01   5.8592900e-16   1.3718750e-02   1.3718750e-02
   2.1000000e+01   3.4000000e+01   5.9889707e-16   1.2062500e-02   1.2062500e-02
   2.2000000e+01   3.4000000e+01   5.5181844e-16   1.3265625e-02   1.3265625e-02
   2.3000000e+01   3.4000000e+01   5.4426261e-16   1.6140625e-02   1.6140625e-02
   2.4000000e+01   3.4000000e+01   5.9661188e-16   1.4984375e-02   1.4984375e-02
   2.5000000e+01   3.4000000e+01   5.9067290e-16   1.3453125e-02   1.3453125e-02
   2.6000000e+01   3.4000000e+01   5.8657128e-16   1.1625000e-02   1.1625000e-02
   2.7000000e+01   3.4000000e+01   5.6537750e-16   1.1921875e-02   1.1921875e-02
   2.8000000e+01   3.4000000e+01   5.6463433e-16   1.1203125e-02   1.1203125e-02
   2.9000000e+01   3.4000000e+01   4.9731089e-16   8.3906250e-03   8.3906250e-03
   3.0000000e+01   3.4000000e+01   5.4378604e-16   7.5625000e-03   7.5625000e-03
   3.1000000e+01   3.4000000e+01   5.4892521e-16   7.7343750e-03   7.7343750e-03
   3.2000000e+01   3.4000000e+01   5.2728967e-16   7.5781250e-03   7.5781250e-03
   3.3000000e+01   3.4000000e+01   5.1293886e-16   7.2031250e-03   7.2031250e-03
   3.4000000e+01   3.4000000e+01   5.2609715e-16   8.8750000e-03   8.8750000e-03
   3.5000000e+01   3.4000000e+01   5.1909728e-16   1.0562500e-02   1.0562500e-02
   1.0000000e+00   3.5000000e+01   5.6775181e-16   1.1578125e-02   1.1578125e-02
   2.0000000e+00   3.5000000e+01   5.2465103e-16   1.0906250e-02   1.0906250e-02
   3.0000000e+00   3.5000000e+01   5.4220950e-16   7.6093750e-03   7.6093750e-03
   4.0000000e+00   3.5000000e+01   5.3899925e-16   7.4531250e-03   7.4531250e-03
   5.0000000e+00   3.5000000e+01   5.8718635e-16   1.4171875e-02   1.4171875e-02
   6.0000000e+00   3.5000000e+01   6.0743261e-16   1.5921875e-02   1.5921875e-02
   7.0000000e+00   3.5000000e+01   5.4103208e-16   1.0328125e-02   1.0328125e-02
   8.0000000e+00   3.5000000e+01   5.8196051e-16   9.5937500e-03   9.5937500e-03
   9.0000000e+00   3.5000000e+01   5.7221800e-16   1.2484375e-02   1.2484375e-02
   1.0000000e+01   3.5000000e+01   5.9814839e-16   1.1734375e-02   1.1734375e-02
   1.1000000e+01   3.5000000e+01   5.7156829e-16   1.2343750e-02   1.2343750e-02
   1.2000000e+01   3.5000000e+01   5.2462574e-16   1.0609375e-02   1.0609375e-02
   1.3000000e+01   3.5000000e+01   6.0557345e-16   1.0718750e-02   1.0718750e-02
   1.4000000e+01   3.5000000e+01   5.6305240e-16   1.1968750e-02   1.1968750e-02
   1.5000000e+01   3.5000000e+01   5.5862670e-16   9.5468750e-03   9.5468750e-03
   1.6000000e+01   3.5000000e+01   6.1352889e-16   1.2390625e-02   1.2390625e-02
   1.7000000e+01   3.5000000e+01   5.7159384e-16   1.3218750e-02   1.3218750e-02
   1.8000000e+01   3.5000000e+01   5.6876520e-16   1.0968750e-02   1.0968750e-02
   1.9000000e+01   3.5000000e+01   5.9137095e-16   1.0406250e-02   1.0406250e-02
   2.0000000e+01   3.5000000e+01   5.8812737e-16   8.7968750e-03   8.7968750e-03
   2.1000000e+01   3.5000000e+01   5.4700215e-16   7.7968750e-03   7.7968750e-03
   2.2000000e+01   3.5000000e+01   6.1072165e-16   1.0656250e-02   1.0656250e-02
   2.3000000e+01   3.5000000e+01   6.3503813e-16   1.3640625e-02   1.3640625e-02
   2.4000000e+01   3.5000000e+01   5.9071931e-16   1.0890625e-02   1.0890625e-02
   2.5000000e+01   3.5000000e+01   5.3192621e-16   1.1718750e-02   1.1718750e-02
   2.6000000e+01   3.5000000e+01   5.8405658e-16   9.6406250e-03   9.6406250e-03
   2.7000000e+01   3.5000000e+01   5.9711200e-16   1.1921875e-02   1.1921875e-02
   2.8000000e+01   3.5000000e+01   5.6725316e-16   1.2781250e-02   1.2781250e-02
   2.9000000e+01   3.5000000e+01   5.4205337e-16   9.6406250e-03   9.6406250e-03
   3.0000000e+01   3.5000000e+01   5.5852966e-16   7.8906250e-03   7.8906250e-03
   3.1000000e+01   3.5000000e+01   5.2711690e-16   8.9687500e-03   8.9687500e-03
   3.2000000e+01   3.5000000e+01   5.6353507e-16   8.9218750e-03   8.9218750e-03
   3.3000000e+01   3.5000000e+01   5.6932430e-16   9.0937500e-03   9.0937500e-03
   3.4000000e+01   3.5000000e+01   5.5124539e-16   1.0421875e-02   1.0421875e-02
   3.5000000e+01   3.5000000e+01   5.6404461e-16   8.7968750e-03   8.7968750e-03
