   1.0000000e+00   1.0000000e+00   7.9825511e-15   9.7712500e-01   9.7712500e-01
   2.0000000e+00   1.0000000e+00   7.9438804e-15   9.7575000e-01   9.7575000e-01
   3.0000000e+00   1.0000000e+00   7.5384271e-15   9.4081250e-01   9.4081250e-01
   4.0000000e+00   1.0000000e+00   7.6983667e-15   9.7950000e-01   9.7950000e-01
   5.0000000e+00   1.0000000e+00   7.4989796e-15   9.4800000e-01   9.4800000e-01
   6.0000000e+00   1.0000000e+00   7.2929515e-15   9.2721875e-01   9.2721875e-01
   7.0000000e+00   1.0000000e+00   1.8230490e-14   8.3031250e-01   8.3031250e-01
   8.0000000e+00   1.0000000e+00   2.2359024e-14   8.6325000e-01   8.6325000e-01
   9.0000000e+00   1.0000000e+00   1.9913457e-14   8.4840625e-01   8.4840625e-01
   1.0000000e+01   1.0000000e+00   2.2413106e-14   7.7493750e-01   7.7493750e-01
   1.1000000e+01   1.0000000e+00   1.9111436e-14   9.1378125e-01   9.1378125e-01
   1.2000000e+01   1.0000000e+00   1.4024818e-14   8.5196875e-01   8.5196875e-01
   1.3000000e+01   1.0000000e+00   1.6681978e-14   8.2328125e-01   8.2328125e-01
   1.4000000e+01   1.0000000e+00   2.2232809e-14   8.0234375e-01   8.0234375e-01
   1.5000000e+01   1.0000000e+00   2.5582091e-14   7.5496875e-01   7.5496875e-01
   1.6000000e+01   1.0000000e+00   1.2392685e-14   8.9146875e-01   8.9146875e-01
   1.7000000e+01   1.0000000e+00   1.9640506e-14   9.0659375e-01   9.0659375e-01
   1.8000000e+01   1.0000000e+00   2.4397967e-14   8.4431250e-01   8.4431250e-01
   1.9000000e+01   1.0000000e+00   2.0831206e-14   9.4950000e-01   9.4950000e-01
   1.0000000e+00   2.0000000e+00   1.2236402e-14   8.7381250e-01   8.7381250e-01
   2.0000000e+00   2.0000000e+00   6.7343023e-15   9.8481250e-01   9.8481250e-01
   3.0000000e+00   2.0000000e+00   7.3897264e-15   9.6009375e-01   9.6009375e-01
   4.0000000e+00   2.0000000e+00   7.0460666e-15   9.3568750e-01   9.3568750e-01
   5.0000000e+00   2.0000000e+00   7.4948054e-15   9.6362500e-01   9.6362500e-01
   6.0000000e+00   2.0000000e+00   7.4887755e-15   9.4575000e-01   9.4575000e-01
   7.0000000e+00   2.0000000e+00   7.7049585e-15   9.7359375e-01   9.7359375e-01
   8.0000000e+00   2.0000000e+00   7.7601466e-15   9.6687500e-01   9.6687500e-01
   9.0000000e+00   2.0000000e+00   7.9584899e-15   9.6646875e-01   9.6646875e-01
   1.0000000e+01   2.0000000e+00   8.3428596e-15   1.0103125e+00   1.0103125e+00
   1.1000000e+01   2.0000000e+00   8.3725641e-15   1.0151875e+00   1.0151875e+00
   1.2000000e+01   2.0000000e+00   8.0150270e-15   9.7884375e-01   9.7884375e-01
   1.3000000e+01   2.0000000e+00   7.6177850e-15   9.5478125e-01   9.5478125e-01
   1.4000000e+01   2.0000000e+00   7.5233320e-15   9.5368750e-01   9.5368750e-01
   1.5000000e+01   2.0000000e+00   7.3855557e-15   9.4137500e-01   9.4137500e-01
   1.6000000e+01   2.0000000e+00   7.7899652e-15   9.8200000e-01   9.8200000e-01
   1.7000000e+01   2.0000000e+00   7.9847636e-15   1.0034375e+00   1.0034375e+00
   1.8000000e+01   2.0000000e+00   8.1027069e-15   1.0234062e+00   1.0234062e+00
   1.9000000e+01   2.0000000e+00   8.3339330e-15   1.0455000e+00   1.0455000e+00
   1.0000000e+00   3.0000000e+00   7.7850059e-15   9.7918750e-01   9.7918750e-01
   2.0000000e+00   3.0000000e+00   7.9063830e-15   9.9868750e-01   9.9868750e-01
   3.0000000e+00   3.0000000e+00   7.8829460e-15   9.9940625e-01   9.9940625e-01
   4.0000000e+00   3.0000000e+00   7.8031207e-15   9.8818750e-01   9.8818750e-01
   5.0000000e+00   3.0000000e+00   7.6624306e-15   9.6637500e-01   9.6637500e-01
   6.0000000e+00   3.0000000e+00   7.4625948e-15   9.5612500e-01   9.5612500e-01
   7.0000000e+00   3.0000000e+00   7.6173404e-15   9.4762500e-01   9.4762500e-01
   8.0000000e+00   3.0000000e+00   7.8638030e-15   9.5053125e-01   9.5053125e-01
   9.0000000e+00   3.0000000e+00   7.9318483e-15   9.6237500e-01   9.6237500e-01
   1.0000000e+01   3.0000000e+00   7.9741984e-15   1.0132500e+00   1.0132500e+00
   1.1000000e+01   3.0000000e+00   8.2423064e-15   1.0447813e+00   1.0447813e+00
   1.2000000e+01   3.0000000e+00   8.0481501e-15   1.0277500e+00   1.0277500e+00
   1.3000000e+01   3.0000000e+00   8.0319939e-15   1.0003437e+00   1.0003437e+00
   1.4000000e+01   3.0000000e+00   7.7224315e-15   9.5059375e-01   9.5059375e-01
   1.5000000e+01   3.0000000e+00   7.2789043e-15   9.1540625e-01   9.1540625e-01
   1.6000000e+01   3.0000000e+00   7.7467575e-15   9.8168750e-01   9.8168750e-01
   1.7000000e+01   3.0000000e+00   7.9768392e-15   1.0081562e+00   1.0081562e+00
   1.8000000e+01   3.0000000e+00   8.1163898e-15   1.0254375e+00   1.0254375e+00
   1.9000000e+01   3.0000000e+00   8.3871688e-15   1.0413125e+00   1.0413125e+00
   1.0000000e+00   4.0000000e+00   7.2355580e-15   8.9184375e-01   8.9184375e-01
   2.0000000e+00   4.0000000e+00   7.7504279e-15   9.7965625e-01   9.7965625e-01
   3.0000000e+00   4.0000000e+00   7.8095767e-15   9.8534375e-01   9.8534375e-01
   4.0000000e+00   4.0000000e+00   7.5825684e-15   9.5615625e-01   9.5615625e-01
   5.0000000e+00   4.0000000e+00   7.4101313e-15   9.3059375e-01   9.3059375e-01
   6.0000000e+00   4.0000000e+00   7.4578805e-15   9.2003125e-01   9.2003125e-01
   7.0000000e+00   4.0000000e+00   7.1814602e-15   8.9296875e-01   8.9296875e-01
   8.0000000e+00   4.0000000e+00   7.7604087e-15   9.8206250e-01   9.8206250e-01
   9.0000000e+00   4.0000000e+00   7.9439300e-15   1.0001562e+00   1.0001562e+00
   1.0000000e+01   4.0000000e+00   8.0190059e-15   1.0153750e+00   1.0153750e+00
   1.1000000e+01   4.0000000e+00   8.0103909e-15   1.0170937e+00   1.0170937e+00
   1.2000000e+01   4.0000000e+00   7.9002376e-15   1.0053750e+00   1.0053750e+00
   1.3000000e+01   4.0000000e+00   7.6292495e-15   9.6337500e-01   9.6337500e-01
   1.4000000e+01   4.0000000e+00   7.2307976e-15   9.2321875e-01   9.2321875e-01
   1.5000000e+01   4.0000000e+00   7.3196474e-15   9.2168750e-01   9.2168750e-01
   1.6000000e+01   4.0000000e+00   7.5790252e-15   9.5415625e-01   9.5415625e-01
   1.7000000e+01   4.0000000e+00   7.9384816e-15   9.8537500e-01   9.8537500e-01
   1.8000000e+01   4.0000000e+00   7.8872095e-15   9.5631250e-01   9.5631250e-01
   1.9000000e+01   4.0000000e+00   7.7332222e-15   9.5596875e-01   9.5596875e-01
   1.0000000e+00   5.0000000e+00   7.2106198e-15   9.1478125e-01   9.1478125e-01
   2.0000000e+00   5.0000000e+00   7.2916388e-15   9.3350000e-01   9.3350000e-01
   3.0000000e+00   5.0000000e+00   7.4495087e-15   9.3978125e-01   9.3978125e-01
   4.0000000e+00   5.0000000e+00   7.3459955e-15   8.9837500e-01   8.9837500e-01
   5.0000000e+00   5.0000000e+00   6.8020995e-15   8.6981250e-01   8.6981250e-01
   6.0000000e+00   5.0000000e+00   6.7941658e-15   8.6318750e-01   8.6318750e-01
   7.0000000e+00   5.0000000e+00   7.1270412e-15   8.9171875e-01   8.9171875e-01
   8.0000000e+00   5.0000000e+00   7.4634447e-15   9.1968750e-01   9.1968750e-01
   9.0000000e+00   5.0000000e+00   7.4100223e-15   9.2553125e-01   9.2553125e-01
   1.0000000e+01   5.0000000e+00   7.7474090e-15   9.7325000e-01   9.7325000e-01
   1.1000000e+01   5.0000000e+00   7.8246758e-15   9.8406250e-01   9.8406250e-01
   1.2000000e+01   5.0000000e+00   7.8505780e-15   9.6293750e-01   9.6293750e-01
   1.3000000e+01   5.0000000e+00   7.0028067e-15   8.6890625e-01   8.6890625e-01
   1.4000000e+01   5.0000000e+00   6.8770761e-15   8.8337500e-01   8.8337500e-01
   1.5000000e+01   5.0000000e+00   6.9787994e-15   8.7871875e-01   8.7871875e-01
   1.6000000e+01   5.0000000e+00   7.1781309e-15   8.9637500e-01   8.9637500e-01
   1.7000000e+01   5.0000000e+00   7.0626801e-15   8.6728125e-01   8.6728125e-01
   1.8000000e+01   5.0000000e+00   7.4696773e-15   9.5787500e-01   9.5787500e-01
   1.9000000e+01   5.0000000e+00   7.7616104e-15   9.7268750e-01   9.7268750e-01
   1.0000000e+00   6.0000000e+00   6.6578952e-15   8.2446875e-01   8.2446875e-01
   2.0000000e+00   6.0000000e+00   6.4548567e-15   7.9612500e-01   7.9612500e-01
   3.0000000e+00   6.0000000e+00   7.0076206e-15   8.7256250e-01   8.7256250e-01
   4.0000000e+00   6.0000000e+00   6.6982337e-15   8.5725000e-01   8.5725000e-01
   5.0000000e+00   6.0000000e+00   6.4686831e-15   8.2003125e-01   8.2003125e-01
   6.0000000e+00   6.0000000e+00   6.3089742e-15   7.9387500e-01   7.9387500e-01
   7.0000000e+00   6.0000000e+00   5.9674289e-15   7.4815625e-01   7.4815625e-01
   8.0000000e+00   6.0000000e+00   6.2956127e-15   7.7481250e-01   7.7481250e-01
   9.0000000e+00   6.0000000e+00   6.4860693e-15   7.9462500e-01   7.9462500e-01
   1.0000000e+01   6.0000000e+00   6.7647410e-15   8.4881250e-01   8.4881250e-01
   1.1000000e+01   6.0000000e+00   7.1901802e-15   9.1546875e-01   9.1546875e-01
   1.2000000e+01   6.0000000e+00   7.0657768e-15   8.9181250e-01   8.9181250e-01
   1.3000000e+01   6.0000000e+00   6.8267398e-15   8.5637500e-01   8.5637500e-01
   1.4000000e+01   6.0000000e+00   6.3977616e-15   8.1075000e-01   8.1075000e-01
   1.5000000e+01   6.0000000e+00   6.3219244e-15   7.9875000e-01   7.9875000e-01
   1.6000000e+01   6.0000000e+00   6.5924545e-15   8.2253125e-01   8.2253125e-01
   1.7000000e+01   6.0000000e+00   6.6080697e-15   8.4615625e-01   8.4615625e-01
   1.8000000e+01   6.0000000e+00   6.9740206e-15   8.7606250e-01   8.7606250e-01
   1.9000000e+01   6.0000000e+00   7.0451994e-15   8.9712500e-01   8.9712500e-01
   1.0000000e+00   7.0000000e+00   6.0111416e-15   7.5706250e-01   7.5706250e-01
   2.0000000e+00   7.0000000e+00   6.3545079e-15   7.8609375e-01   7.8609375e-01
   3.0000000e+00   7.0000000e+00   6.2722760e-15   7.8731250e-01   7.8731250e-01
   4.0000000e+00   7.0000000e+00   6.2829201e-15   7.8231250e-01   7.8231250e-01
   5.0000000e+00   7.0000000e+00   5.9101595e-15   7.5293750e-01   7.5293750e-01
   6.0000000e+00   7.0000000e+00   5.7195284e-15   7.2709375e-01   7.2709375e-01
   7.0000000e+00   7.0000000e+00   5.7490279e-15   7.4093750e-01   7.4093750e-01
   8.0000000e+00   7.0000000e+00   6.1868554e-15   7.7409375e-01   7.7409375e-01
   9.0000000e+00   7.0000000e+00   6.3876127e-15   8.0125000e-01   8.0125000e-01
   1.0000000e+01   7.0000000e+00   6.6986163e-15   8.2034375e-01   8.2034375e-01
   1.1000000e+01   7.0000000e+00   6.2432138e-15   7.6775000e-01   7.6775000e-01
   1.2000000e+01   7.0000000e+00   6.4909801e-15   8.1790625e-01   8.1790625e-01
   1.3000000e+01   7.0000000e+00   6.2271326e-15   7.9550000e-01   7.9550000e-01
   1.4000000e+01   7.0000000e+00   5.8208388e-15   7.4731250e-01   7.4731250e-01
   1.5000000e+01   7.0000000e+00   5.6301952e-15   7.3062500e-01   7.3062500e-01
   1.6000000e+01   7.0000000e+00   6.0033834e-15   7.4993750e-01   7.4993750e-01
   1.7000000e+01   7.0000000e+00   6.1005470e-15   7.7971875e-01   7.7971875e-01
   1.8000000e+01   7.0000000e+00   5.9336012e-15   7.8828125e-01   7.8828125e-01
   1.9000000e+01   7.0000000e+00   6.5971933e-15   8.0268750e-01   8.0268750e-01
   1.0000000e+00   8.0000000e+00   8.8296260e-15   6.6446875e-01   6.6446875e-01
   2.0000000e+00   8.0000000e+00   9.1118583e-15   6.7106250e-01   6.7106250e-01
   3.0000000e+00   8.0000000e+00   1.3890477e-14   6.4328125e-01   6.4328125e-01
   4.0000000e+00   8.0000000e+00   1.1033026e-14   6.7246875e-01   6.7246875e-01
   5.0000000e+00   8.0000000e+00   1.2959761e-14   7.1562500e-01   7.1562500e-01
   6.0000000e+00   8.0000000e+00   6.6415094e-15   6.6546875e-01   6.6546875e-01
   7.0000000e+00   8.0000000e+00   6.4684200e-15   6.4043750e-01   6.4043750e-01
   8.0000000e+00   8.0000000e+00   5.5267972e-15   6.5968750e-01   6.5968750e-01
   9.0000000e+00   8.0000000e+00   6.3772498e-15   7.3350000e-01   7.3350000e-01
   1.0000000e+01   8.0000000e+00   1.2981180e-14   7.5059375e-01   7.5059375e-01
   1.1000000e+01   8.0000000e+00   1.8791410e-14   7.1312500e-01   7.1312500e-01
   1.2000000e+01   8.0000000e+00   1.9225204e-14   7.0059375e-01   7.0059375e-01
   1.3000000e+01   8.0000000e+00   1.5142220e-14   7.2146875e-01   7.2146875e-01
   1.4000000e+01   8.0000000e+00   1.7002772e-14   6.7840625e-01   6.7840625e-01
   1.5000000e+01   8.0000000e+00   6.3120337e-15   6.4684375e-01   6.4684375e-01
   1.6000000e+01   8.0000000e+00   2.2927415e-14   6.7315625e-01   6.7315625e-01
   1.7000000e+01   8.0000000e+00   3.4195571e-14   7.2987500e-01   7.2987500e-01
   1.8000000e+01   8.0000000e+00   3.1081224e-14   7.0646875e-01   7.0646875e-01
   1.9000000e+01   8.0000000e+00   2.0835462e-14   7.4593750e-01   7.4593750e-01
   1.0000000e+00   9.0000000e+00   2.4313681e-14   6.1643750e-01   6.1643750e-01
   2.0000000e+00   9.0000000e+00   1.0563319e-14   6.8415625e-01   6.8415625e-01
   3.0000000e+00   9.0000000e+00   1.3179403e-14   6.7878125e-01   6.7878125e-01
   4.0000000e+00   9.0000000e+00   2.0415121e-14   6.4840625e-01   6.4840625e-01
   5.0000000e+00   9.0000000e+00   1.5152492e-14   6.2975000e-01   6.2975000e-01
   6.0000000e+00   9.0000000e+00   3.0035891e-14   6.9787500e-01   6.9787500e-01
   7.0000000e+00   9.0000000e+00   1.9204229e-14   5.7884375e-01   5.7884375e-01
   8.0000000e+00   9.0000000e+00   2.5037313e-14   7.3034375e-01   7.3034375e-01
   9.0000000e+00   9.0000000e+00   1.5587128e-14   6.9812500e-01   6.9812500e-01
   1.0000000e+01   9.0000000e+00   1.0389415e-14   6.1393750e-01   6.1393750e-01
   1.1000000e+01   9.0000000e+00   6.4816881e-15   6.8950000e-01   6.8950000e-01
   1.2000000e+01   9.0000000e+00   5.2763854e-15   7.6212500e-01   7.6212500e-01
   1.3000000e+01   9.0000000e+00   5.8796435e-15   7.2928125e-01   7.2928125e-01
   1.4000000e+01   9.0000000e+00   5.5048365e-15   6.9837500e-01   6.9837500e-01
   1.5000000e+01   9.0000000e+00   5.5500880e-15   7.0118750e-01   7.0118750e-01
   1.6000000e+01   9.0000000e+00   5.4347061e-15   6.9559375e-01   6.9559375e-01
   1.7000000e+01   9.0000000e+00   5.5302031e-15   6.7871875e-01   6.7871875e-01
   1.8000000e+01   9.0000000e+00   5.9528432e-15   7.1868750e-01   7.1868750e-01
   1.9000000e+01   9.0000000e+00   6.2555916e-15   7.5415625e-01   7.5415625e-01
   1.0000000e+00   1.0000000e+01   6.0420213e-15   7.4190625e-01   7.4190625e-01
   2.0000000e+00   1.0000000e+01   6.0566988e-15   7.6306250e-01   7.6306250e-01
   3.0000000e+00   1.0000000e+01   6.0190171e-15   7.5309375e-01   7.5309375e-01
   4.0000000e+00   1.0000000e+01   5.8098787e-15   7.4203125e-01   7.4203125e-01
   5.0000000e+00   1.0000000e+01   5.3985080e-15   6.7721875e-01   6.7721875e-01
   6.0000000e+00   1.0000000e+01   5.4524455e-15   6.7875000e-01   6.7875000e-01
   7.0000000e+00   1.0000000e+01   5.6230162e-15   7.0490625e-01   7.0490625e-01
   8.0000000e+00   1.0000000e+01   5.8030593e-15   7.3850000e-01   7.3850000e-01
   9.0000000e+00   1.0000000e+01   6.2068765e-15   7.9275000e-01   7.9275000e-01
   1.0000000e+01   1.0000000e+01   6.4075565e-15   7.6821875e-01   7.6821875e-01
   1.1000000e+01   1.0000000e+01   6.5004263e-15   8.0500000e-01   8.0500000e-01
   1.2000000e+01   1.0000000e+01   6.3732910e-15   7.8962500e-01   7.8962500e-01
   1.3000000e+01   1.0000000e+01   5.9352269e-15   7.5612500e-01   7.5612500e-01
   1.4000000e+01   1.0000000e+01   5.5968483e-15   7.0909375e-01   7.0909375e-01
   1.5000000e+01   1.0000000e+01   5.5416295e-15   6.9793750e-01   6.9793750e-01
   1.6000000e+01   1.0000000e+01   5.7708812e-15   7.2768750e-01   7.2768750e-01
   1.7000000e+01   1.0000000e+01   6.0990618e-15   7.6553125e-01   7.6553125e-01
   1.8000000e+01   1.0000000e+01   6.5620177e-15   7.9837500e-01   7.9837500e-01
   1.9000000e+01   1.0000000e+01   6.3231111e-15   7.6068750e-01   7.6068750e-01
   1.0000000e+00   1.1000000e+01   6.0210250e-15   7.6771875e-01   7.6771875e-01
   2.0000000e+00   1.1000000e+01   6.1441612e-15   7.8546875e-01   7.8546875e-01
   3.0000000e+00   1.1000000e+01   6.1617409e-15   7.7781250e-01   7.7781250e-01
   4.0000000e+00   1.1000000e+01   6.1389662e-15   7.5828125e-01   7.5828125e-01
   5.0000000e+00   1.1000000e+01   5.3922955e-15   6.7196875e-01   6.7196875e-01
   6.0000000e+00   1.1000000e+01   5.6313504e-15   7.2471875e-01   7.2471875e-01
   7.0000000e+00   1.1000000e+01   5.7245167e-15   7.2912500e-01   7.2912500e-01
   8.0000000e+00   1.1000000e+01   6.1095773e-15   7.6046875e-01   7.6046875e-01
   9.0000000e+00   1.1000000e+01   6.3222672e-15   7.6628125e-01   7.6628125e-01
   1.0000000e+01   1.1000000e+01   6.1661837e-15   7.7887500e-01   7.7887500e-01
   1.1000000e+01   1.1000000e+01   6.6323000e-15   8.3915625e-01   8.3915625e-01
   1.2000000e+01   1.1000000e+01   6.4350579e-15   8.1846875e-01   8.1846875e-01
   1.3000000e+01   1.1000000e+01   6.0084074e-15   7.7218750e-01   7.7218750e-01
   1.4000000e+01   1.1000000e+01   5.8256222e-15   7.3937500e-01   7.3937500e-01
   1.5000000e+01   1.1000000e+01   5.6705019e-15   7.2384375e-01   7.2384375e-01
   1.6000000e+01   1.1000000e+01   5.8485097e-15   7.4812500e-01   7.4812500e-01
   1.7000000e+01   1.1000000e+01   6.1914305e-15   7.9096875e-01   7.9096875e-01
   1.8000000e+01   1.1000000e+01   6.4064356e-15   8.2118750e-01   8.2118750e-01
   1.9000000e+01   1.1000000e+01   6.5807134e-15   8.2871875e-01   8.2871875e-01
   1.0000000e+00   1.2000000e+01   6.1186545e-15   7.7828125e-01   7.7828125e-01
   2.0000000e+00   1.2000000e+01   6.4555199e-15   8.0459375e-01   8.0459375e-01
   3.0000000e+00   1.2000000e+01   6.4691574e-15   8.0534375e-01   8.0534375e-01
   4.0000000e+00   1.2000000e+01   6.1489646e-15   7.7781250e-01   7.7781250e-01
   5.0000000e+00   1.2000000e+01   5.9170951e-15   7.5071875e-01   7.5071875e-01
   6.0000000e+00   1.2000000e+01   5.4479922e-15   6.9584375e-01   6.9584375e-01
   7.0000000e+00   1.2000000e+01   5.3942143e-15   7.1484375e-01   7.1484375e-01
   8.0000000e+00   1.2000000e+01   5.4915666e-15   7.6043750e-01   7.6043750e-01
   9.0000000e+00   1.2000000e+01   5.6573077e-15   7.9753125e-01   7.9753125e-01
   1.0000000e+01   1.2000000e+01   6.1584804e-15   7.8828125e-01   7.8828125e-01
   1.1000000e+01   1.2000000e+01   1.1338907e-14   8.3887500e-01   8.3887500e-01
   1.2000000e+01   1.2000000e+01   1.3238103e-14   7.5903125e-01   7.5903125e-01
   1.3000000e+01   1.2000000e+01   8.5971872e-15   7.1468750e-01   7.1468750e-01
   1.4000000e+01   1.2000000e+01   1.5710630e-14   5.9671875e-01   5.9671875e-01
   1.5000000e+01   1.2000000e+01   1.7681366e-14   6.6265625e-01   6.6265625e-01
   1.6000000e+01   1.2000000e+01   1.6138344e-14   6.2062500e-01   6.2062500e-01
   1.7000000e+01   1.2000000e+01   2.3099189e-14   7.2553125e-01   7.2553125e-01
   1.8000000e+01   1.2000000e+01   2.0153258e-14   7.3646875e-01   7.3646875e-01
   1.9000000e+01   1.2000000e+01   2.0795081e-14   7.6040625e-01   7.6040625e-01
   1.0000000e+00   1.3000000e+01   1.6121048e-14   7.7506250e-01   7.7506250e-01
   2.0000000e+00   1.3000000e+01   2.4043547e-14   8.6859375e-01   8.6859375e-01
   3.0000000e+00   1.3000000e+01   2.0955367e-14   6.0696875e-01   6.0696875e-01
   4.0000000e+00   1.3000000e+01   2.5952302e-14   7.2428125e-01   7.2428125e-01
   5.0000000e+00   1.3000000e+01   2.9817016e-14   6.7581250e-01   6.7581250e-01
   6.0000000e+00   1.3000000e+01   2.4953965e-14   6.7456250e-01   6.7456250e-01
   7.0000000e+00   1.3000000e+01   3.2800710e-14   6.6396875e-01   6.6396875e-01
   8.0000000e+00   1.3000000e+01   2.7840264e-14   7.1243750e-01   7.1243750e-01
   9.0000000e+00   1.3000000e+01   2.0180872e-14   7.8112500e-01   7.8112500e-01
   1.0000000e+01   1.3000000e+01   2.3729934e-14   8.5531250e-01   8.5531250e-01
   1.1000000e+01   1.3000000e+01   1.7517560e-14   8.3750000e-01   8.3750000e-01
   1.2000000e+01   1.3000000e+01   2.2840928e-14   7.3378125e-01   7.3378125e-01
   1.3000000e+01   1.3000000e+01   1.6605250e-14   7.2218750e-01   7.2218750e-01
   1.4000000e+01   1.3000000e+01   1.6150634e-14   7.0037500e-01   7.0037500e-01
   1.5000000e+01   1.3000000e+01   1.8704964e-14   7.1556250e-01   7.1556250e-01
   1.6000000e+01   1.3000000e+01   1.9790692e-14   7.4218750e-01   7.4218750e-01
   1.7000000e+01   1.3000000e+01   2.2771489e-14   8.0756250e-01   8.0756250e-01
   1.8000000e+01   1.3000000e+01   3.0294200e-14   7.4181250e-01   7.4181250e-01
   1.9000000e+01   1.3000000e+01   1.6786303e-14   6.5812500e-01   6.5812500e-01
   1.0000000e+00   1.4000000e+01   1.2160362e-14   7.5762500e-01   7.5762500e-01
   2.0000000e+00   1.4000000e+01   1.1316413e-14   8.0628125e-01   8.0628125e-01
   3.0000000e+00   1.4000000e+01   9.1647743e-15   8.2684375e-01   8.2684375e-01
   4.0000000e+00   1.4000000e+01   5.7634448e-15   8.4478125e-01   8.4478125e-01
   5.0000000e+00   1.4000000e+01   6.0541178e-15   8.1634375e-01   8.1634375e-01
   6.0000000e+00   1.4000000e+01   6.3105655e-15   8.3509375e-01   8.3509375e-01
   7.0000000e+00   1.4000000e+01   6.5384496e-15   8.2978125e-01   8.2978125e-01
   8.0000000e+00   1.4000000e+01   6.2851898e-15   7.8831250e-01   7.8831250e-01
   9.0000000e+00   1.4000000e+01   6.5225485e-15   8.0834375e-01   8.0834375e-01
   1.0000000e+01   1.4000000e+01   6.5688901e-15   8.7118750e-01   8.7118750e-01
   1.1000000e+01   1.4000000e+01   7.3878854e-15   9.2353125e-01   9.2353125e-01
   1.2000000e+01   1.4000000e+01   7.1072687e-15   9.0525000e-01   9.0525000e-01
   1.3000000e+01   1.4000000e+01   7.0233445e-15   8.7943750e-01   8.7943750e-01
   1.4000000e+01   1.4000000e+01   6.7200182e-15   8.4628125e-01   8.4628125e-01
   1.5000000e+01   1.4000000e+01   6.7321284e-15   8.3709375e-01   8.3709375e-01
   1.6000000e+01   1.4000000e+01   6.7993133e-15   8.4746875e-01   8.4746875e-01
   1.7000000e+01   1.4000000e+01   6.9474455e-15   8.7418750e-01   8.7418750e-01
   1.8000000e+01   1.4000000e+01   7.1893035e-15   9.1075000e-01   9.1075000e-01
   1.9000000e+01   1.4000000e+01   7.3181659e-15   9.2315625e-01   9.2315625e-01
   1.0000000e+00   1.5000000e+01   7.0083836e-15   8.4256250e-01   8.4256250e-01
   2.0000000e+00   1.5000000e+01   7.4556966e-15   9.2571875e-01   9.2571875e-01
   3.0000000e+00   1.5000000e+01   7.4573681e-15   9.2940625e-01   9.2940625e-01
   4.0000000e+00   1.5000000e+01   7.2565830e-15   9.1496875e-01   9.1496875e-01
   5.0000000e+00   1.5000000e+01   6.9933141e-15   8.7590625e-01   8.7590625e-01
   6.0000000e+00   1.5000000e+01   6.8657172e-15   8.3546875e-01   8.3546875e-01
   7.0000000e+00   1.5000000e+01   7.2337619e-15   8.9040625e-01   8.9040625e-01
   8.0000000e+00   1.5000000e+01   7.4332450e-15   9.2112500e-01   9.2112500e-01
   9.0000000e+00   1.5000000e+01   7.5802413e-15   9.3518750e-01   9.3518750e-01
   1.0000000e+01   1.5000000e+01   7.9751490e-15   9.7331250e-01   9.7331250e-01
   1.1000000e+01   1.5000000e+01   8.0142353e-15   9.8084375e-01   9.8084375e-01
   1.2000000e+01   1.5000000e+01   7.7815774e-15   9.5381250e-01   9.5381250e-01
   1.3000000e+01   1.5000000e+01   7.5332891e-15   9.3265625e-01   9.3265625e-01
   1.4000000e+01   1.5000000e+01   7.0464267e-15   8.9309375e-01   8.9309375e-01
   1.5000000e+01   1.5000000e+01   7.0001784e-15   8.8159375e-01   8.8159375e-01
   1.6000000e+01   1.5000000e+01   7.1760287e-15   8.9943750e-01   8.9943750e-01
   1.7000000e+01   1.5000000e+01   7.3055294e-15   9.2890625e-01   9.2890625e-01
   1.8000000e+01   1.5000000e+01   7.4535461e-15   9.4953125e-01   9.4953125e-01
   1.9000000e+01   1.5000000e+01   7.3428018e-15   9.0831250e-01   9.0831250e-01
   1.0000000e+00   1.6000000e+01   7.4379224e-15   9.1568750e-01   9.1568750e-01
   2.0000000e+00   1.6000000e+01   7.7981103e-15   9.5525000e-01   9.5525000e-01
   3.0000000e+00   1.6000000e+01   7.0412641e-15   9.6187500e-01   9.6187500e-01
   4.0000000e+00   1.6000000e+01   6.7061009e-15   9.2603125e-01   9.2603125e-01
   5.0000000e+00   1.6000000e+01   6.7244227e-15   9.4718750e-01   9.4718750e-01
   6.0000000e+00   1.6000000e+01   6.0631866e-15   8.7421875e-01   8.7421875e-01
   7.0000000e+00   1.6000000e+01   6.3744762e-15   8.4146875e-01   8.4146875e-01
   8.0000000e+00   1.6000000e+01   7.0578127e-15   9.2559375e-01   9.2559375e-01
   9.0000000e+00   1.6000000e+01   7.0531946e-15   9.5725000e-01   9.5725000e-01
   1.0000000e+01   1.6000000e+01   7.5233755e-15   1.0356250e+00   1.0356250e+00
   1.1000000e+01   1.6000000e+01   6.5734828e-15   1.0004688e+00   1.0004688e+00
   1.2000000e+01   1.6000000e+01   7.3758045e-15   9.9409375e-01   9.9409375e-01
   1.3000000e+01   1.6000000e+01   6.9707678e-15   9.5050000e-01   9.5050000e-01
   1.4000000e+01   1.6000000e+01   7.0137445e-15   8.9659375e-01   8.9659375e-01
   1.5000000e+01   1.6000000e+01   7.1357973e-15   8.9828125e-01   8.9828125e-01
   1.6000000e+01   1.6000000e+01   7.3951456e-15   9.2721875e-01   9.2721875e-01
   1.7000000e+01   1.6000000e+01   7.8172700e-15   9.5821875e-01   9.5821875e-01
   1.8000000e+01   1.6000000e+01   8.0152509e-15   9.7134375e-01   9.7134375e-01
   1.9000000e+01   1.6000000e+01   7.9954028e-15   9.6643750e-01   9.6643750e-01
   1.0000000e+00   1.7000000e+01   7.2684588e-15   8.8475000e-01   8.8475000e-01
   2.0000000e+00   1.7000000e+01   7.5654744e-15   9.4081250e-01   9.4081250e-01
   3.0000000e+00   1.7000000e+01   7.8450156e-15   9.8925000e-01   9.8925000e-01
   4.0000000e+00   1.7000000e+01   7.7510081e-15   9.7209375e-01   9.7209375e-01
   5.0000000e+00   1.7000000e+01   7.4473239e-15   9.3584375e-01   9.3584375e-01
   6.0000000e+00   1.7000000e+01   7.3886672e-15   9.1865625e-01   9.1865625e-01
   7.0000000e+00   1.7000000e+01   7.2876228e-15   9.3653125e-01   9.3653125e-01
   8.0000000e+00   1.7000000e+01   7.9433362e-15   9.9628125e-01   9.9628125e-01
   9.0000000e+00   1.7000000e+01   8.3588249e-15   1.0340938e+00   1.0340938e+00
   1.0000000e+01   1.7000000e+01   8.5043498e-15   1.0512812e+00   1.0512812e+00
   1.1000000e+01   1.7000000e+01   8.5460183e-15   1.0597812e+00   1.0597812e+00
   1.2000000e+01   1.7000000e+01   8.0122575e-15   1.0265000e+00   1.0265000e+00
   1.3000000e+01   1.7000000e+01   7.8382115e-15   9.9328125e-01   9.9328125e-01
   1.4000000e+01   1.7000000e+01   7.6530778e-15   9.4390625e-01   9.4390625e-01
   1.5000000e+01   1.7000000e+01   7.6003842e-15   9.4015625e-01   9.4015625e-01
   1.6000000e+01   1.7000000e+01   7.8565284e-15   9.7278125e-01   9.7278125e-01
   1.7000000e+01   1.7000000e+01   8.2382428e-15   9.9990625e-01   9.9990625e-01
   1.8000000e+01   1.7000000e+01   8.4797635e-15   1.0283125e+00   1.0283125e+00
   1.9000000e+01   1.7000000e+01   8.5736448e-15   1.0415938e+00   1.0415938e+00
   1.0000000e+00   1.8000000e+01   7.7481913e-15   9.8725000e-01   9.8725000e-01
   2.0000000e+00   1.8000000e+01   8.0936013e-15   1.0131875e+00   1.0131875e+00
   3.0000000e+00   1.8000000e+01   8.1858161e-15   1.0285938e+00   1.0285938e+00
   4.0000000e+00   1.8000000e+01   8.1863895e-15   1.0230625e+00   1.0230625e+00
   5.0000000e+00   1.8000000e+01   7.9149292e-15   9.8753125e-01   9.8753125e-01
   6.0000000e+00   1.8000000e+01   7.3690125e-15   9.2759375e-01   9.2759375e-01
   7.0000000e+00   1.8000000e+01   7.3406829e-15   9.1221875e-01   9.1221875e-01
   8.0000000e+00   1.8000000e+01   7.7809712e-15   9.5828125e-01   9.5828125e-01
   9.0000000e+00   1.8000000e+01   8.4724054e-15   1.0643750e+00   1.0643750e+00
   1.0000000e+01   1.8000000e+01   8.5944294e-15   1.1045000e+00   1.1045000e+00
   1.1000000e+01   1.8000000e+01   8.5674304e-15   1.0897187e+00   1.0897187e+00
   1.2000000e+01   1.8000000e+01   8.5558417e-15   1.0747813e+00   1.0747813e+00
   1.3000000e+01   1.8000000e+01   8.3127404e-15   1.0435000e+00   1.0435000e+00
   1.4000000e+01   1.8000000e+01   7.9273489e-15   9.9140625e-01   9.9140625e-01
   1.5000000e+01   1.8000000e+01   7.8718032e-15   9.8609375e-01   9.8609375e-01
   1.6000000e+01   1.8000000e+01   8.0823629e-15   1.0185312e+00   1.0185312e+00
   1.7000000e+01   1.8000000e+01   7.8931914e-15   9.9393750e-01   9.9393750e-01
   1.8000000e+01   1.8000000e+01   8.6688963e-15   1.0662812e+00   1.0662812e+00
   1.9000000e+01   1.8000000e+01   8.7374594e-15   1.0936563e+00   1.0936563e+00
   1.0000000e+00   1.9000000e+01   7.9181149e-15   9.9109375e-01   9.9109375e-01
   2.0000000e+00   1.9000000e+01   8.1211906e-15   1.0313125e+00   1.0313125e+00
   3.0000000e+00   1.9000000e+01   8.2503352e-15   1.0441250e+00   1.0441250e+00
   4.0000000e+00   1.9000000e+01   8.2024382e-15   1.0335000e+00   1.0335000e+00
   5.0000000e+00   1.9000000e+01   8.0086146e-15   1.0043750e+00   1.0043750e+00
   6.0000000e+00   1.9000000e+01   7.8542817e-15   9.7937500e-01   9.7937500e-01
   7.0000000e+00   1.9000000e+01   7.9580514e-15   1.0051563e+00   1.0051563e+00
   8.0000000e+00   1.9000000e+01   8.4239332e-15   1.0525938e+00   1.0525938e+00
   9.0000000e+00   1.9000000e+01   8.5810990e-15   1.0818125e+00   1.0818125e+00
   1.0000000e+01   1.9000000e+01   8.8676088e-15   1.0998750e+00   1.0998750e+00
   1.1000000e+01   1.9000000e+01   8.8609535e-15   1.1045313e+00   1.1045313e+00
   1.2000000e+01   1.9000000e+01   8.6094916e-15   1.0796250e+00   1.0796250e+00
   1.3000000e+01   1.9000000e+01   8.4014995e-15   1.0572500e+00   1.0572500e+00
   1.4000000e+01   1.9000000e+01   7.6096918e-15   9.4956250e-01   9.4956250e-01
   1.5000000e+01   1.9000000e+01   8.0499088e-15   9.7309375e-01   9.7309375e-01
   1.6000000e+01   1.9000000e+01   8.3564915e-15   1.0292188e+00   1.0292188e+00
   1.7000000e+01   1.9000000e+01   8.4745194e-15   1.0558438e+00   1.0558438e+00
   1.8000000e+01   1.9000000e+01   8.6016936e-15   1.0793750e+00   1.0793750e+00
   1.9000000e+01   1.9000000e+01   8.8164989e-15   1.0967500e+00   1.0967500e+00
   1.0000000e+00   2.0000000e+01   7.7455549e-15   9.4575000e-01   9.4575000e-01
   2.0000000e+00   2.0000000e+01   7.9253187e-15   9.6134375e-01   9.6134375e-01
   3.0000000e+00   2.0000000e+01   7.7990308e-15   9.4468750e-01   9.4468750e-01
   4.0000000e+00   2.0000000e+01   7.6141758e-15   9.3928125e-01   9.3928125e-01
   5.0000000e+00   2.0000000e+01   7.8165354e-15   9.8018750e-01   9.8018750e-01
   6.0000000e+00   2.0000000e+01   7.7528189e-15   9.7518750e-01   9.7518750e-01
   7.0000000e+00   2.0000000e+01   7.8969225e-15   9.9075000e-01   9.9075000e-01
   8.0000000e+00   2.0000000e+01   7.9058045e-15   9.5959375e-01   9.5959375e-01
   9.0000000e+00   2.0000000e+01   8.6488178e-15   1.0675000e+00   1.0675000e+00
   1.0000000e+01   2.0000000e+01   8.7887270e-15   1.0954375e+00   1.0954375e+00
   1.1000000e+01   2.0000000e+01   8.7211718e-15   1.0960000e+00   1.0960000e+00
   1.2000000e+01   2.0000000e+01   8.3554436e-15   1.0382500e+00   1.0382500e+00
   1.3000000e+01   2.0000000e+01   8.4129017e-15   1.0291563e+00   1.0291563e+00
   1.4000000e+01   2.0000000e+01   8.0786889e-15   1.0067187e+00   1.0067187e+00
   1.5000000e+01   2.0000000e+01   8.0116744e-15   1.0033750e+00   1.0033750e+00
   1.6000000e+01   2.0000000e+01   8.1707829e-15   1.0254063e+00   1.0254063e+00
   1.7000000e+01   2.0000000e+01   8.3495510e-15   1.0553750e+00   1.0553750e+00
   1.8000000e+01   2.0000000e+01   8.6282400e-15   1.0825000e+00   1.0825000e+00
   1.9000000e+01   2.0000000e+01   8.3506191e-15   1.0141250e+00   1.0141250e+00
   1.0000000e+00   2.1000000e+01   7.5354744e-15   9.4715625e-01   9.4715625e-01
   2.0000000e+00   2.1000000e+01   7.8055075e-15   9.8481250e-01   9.8481250e-01
   3.0000000e+00   2.1000000e+01   7.9421353e-15   1.0070313e+00   1.0070313e+00
   4.0000000e+00   2.1000000e+01   7.4881038e-15   9.4815625e-01   9.4815625e-01
   5.0000000e+00   2.1000000e+01   7.6878967e-15   9.3325000e-01   9.3325000e-01
   6.0000000e+00   2.1000000e+01   7.5271713e-15   9.4146875e-01   9.4146875e-01
   7.0000000e+00   2.1000000e+01   7.6119346e-15   9.6956250e-01   9.6956250e-01
   8.0000000e+00   2.1000000e+01   8.0054042e-15   1.0134375e+00   1.0134375e+00
   9.0000000e+00   2.1000000e+01   8.2377997e-15   9.9806250e-01   9.9806250e-01
   1.0000000e+01   2.1000000e+01   8.5866011e-15   1.0635313e+00   1.0635313e+00
   1.1000000e+01   2.1000000e+01   8.4988559e-15   1.0685625e+00   1.0685625e+00
   1.2000000e+01   2.1000000e+01   8.3198125e-15   1.0443750e+00   1.0443750e+00
   1.3000000e+01   2.1000000e+01   8.0124663e-15   1.0088125e+00   1.0088125e+00
   1.4000000e+01   2.1000000e+01   7.8418079e-15   9.7521875e-01   9.7521875e-01
   1.5000000e+01   2.1000000e+01   7.6908012e-15   9.7018750e-01   9.7018750e-01
   1.6000000e+01   2.1000000e+01   8.0249477e-15   1.0104063e+00   1.0104063e+00
   1.7000000e+01   2.1000000e+01   8.1091813e-15   1.0228125e+00   1.0228125e+00
   1.8000000e+01   2.1000000e+01   8.2982159e-15   1.0550000e+00   1.0550000e+00
   1.9000000e+01   2.1000000e+01   8.3892840e-15   1.0571563e+00   1.0571563e+00
   1.0000000e+00   2.2000000e+01   6.6110070e-15   8.2806250e-01   8.2806250e-01
   2.0000000e+00   2.2000000e+01   7.2561921e-15   8.7650000e-01   8.7650000e-01
   3.0000000e+00   2.2000000e+01   7.7475339e-15   9.4859375e-01   9.4859375e-01
   4.0000000e+00   2.2000000e+01   7.6423670e-15   9.5218750e-01   9.5218750e-01
   5.0000000e+00   2.2000000e+01   7.1772896e-15   9.0993750e-01   9.0993750e-01
   6.0000000e+00   2.2000000e+01   6.5868509e-15   8.2206250e-01   8.2206250e-01
   7.0000000e+00   2.2000000e+01   7.2994548e-15   9.0775000e-01   9.0775000e-01
   8.0000000e+00   2.2000000e+01   7.5222776e-15   9.5506250e-01   9.5506250e-01
   9.0000000e+00   2.2000000e+01   7.8216485e-15   9.8446875e-01   9.8446875e-01
   1.0000000e+01   2.2000000e+01   7.8387283e-15   9.8875000e-01   9.8875000e-01
   1.1000000e+01   2.2000000e+01   7.9628612e-15   9.6571875e-01   9.6571875e-01
   1.2000000e+01   2.2000000e+01   7.9772072e-15   9.9812500e-01   9.9812500e-01
   1.3000000e+01   2.2000000e+01   7.4651893e-15   9.5259375e-01   9.5259375e-01
   1.4000000e+01   2.2000000e+01   7.2309454e-15   9.0600000e-01   9.0600000e-01
   1.5000000e+01   2.2000000e+01   7.3669698e-15   9.0662500e-01   9.0662500e-01
   1.6000000e+01   2.2000000e+01   7.4798059e-15   9.3421875e-01   9.3421875e-01
   1.7000000e+01   2.2000000e+01   7.7091458e-15   9.7431250e-01   9.7431250e-01
   1.8000000e+01   2.2000000e+01   7.5910717e-15   9.1771875e-01   9.1771875e-01
   1.9000000e+01   2.2000000e+01   8.1266026e-15   1.0133125e+00   1.0133125e+00
   1.0000000e+00   2.3000000e+01   6.1068600e-15   7.6568750e-01   7.6568750e-01
   2.0000000e+00   2.3000000e+01   6.8641996e-15   8.5890625e-01   8.5890625e-01
   3.0000000e+00   2.3000000e+01   6.8521380e-15   8.6896875e-01   8.6896875e-01
   4.0000000e+00   2.3000000e+01   7.0735761e-15   8.6912500e-01   8.6912500e-01
   5.0000000e+00   2.3000000e+01   6.5237032e-15   8.2325000e-01   8.2325000e-01
   6.0000000e+00   2.3000000e+01   6.0839730e-15   7.5153125e-01   7.5153125e-01
   7.0000000e+00   2.3000000e+01   6.6163232e-15   8.2312500e-01   8.2312500e-01
   8.0000000e+00   2.3000000e+01   6.6212011e-15   8.5225000e-01   8.5225000e-01
   9.0000000e+00   2.3000000e+01   7.1353240e-15   8.6221875e-01   8.6221875e-01
   1.0000000e+01   2.3000000e+01   7.4597768e-15   9.1921875e-01   9.1921875e-01
   1.1000000e+01   2.3000000e+01   7.0370832e-15   8.9968750e-01   8.9968750e-01
   1.2000000e+01   2.3000000e+01   6.8069777e-15   8.9403125e-01   8.9403125e-01
   1.3000000e+01   2.3000000e+01   6.5056658e-15   8.6343750e-01   8.6343750e-01
   1.4000000e+01   2.3000000e+01   6.7265826e-15   8.2715625e-01   8.2715625e-01
   1.5000000e+01   2.3000000e+01   6.5585992e-15   8.2446875e-01   8.2446875e-01
   1.6000000e+01   2.3000000e+01   6.7362563e-15   8.1134375e-01   8.1134375e-01
   1.7000000e+01   2.3000000e+01   7.0072465e-15   8.7653125e-01   8.7653125e-01
   1.8000000e+01   2.3000000e+01   7.0412597e-15   8.4931250e-01   8.4931250e-01
   1.9000000e+01   2.3000000e+01   7.3845099e-15   9.2346875e-01   9.2346875e-01
   1.0000000e+00   2.4000000e+01   6.0415374e-15   7.5531250e-01   7.5531250e-01
   2.0000000e+00   2.4000000e+01   6.2883409e-15   7.8440625e-01   7.8440625e-01
   3.0000000e+00   2.4000000e+01   6.0982203e-15   7.6862500e-01   7.6862500e-01
   4.0000000e+00   2.4000000e+01   6.4432682e-15   7.9856250e-01   7.9856250e-01
   5.0000000e+00   2.4000000e+01   5.7147457e-15   7.5718750e-01   7.5718750e-01
   6.0000000e+00   2.4000000e+01   5.7577749e-15   7.3850000e-01   7.3850000e-01
   7.0000000e+00   2.4000000e+01   5.5287321e-15   6.7862500e-01   6.7862500e-01
   8.0000000e+00   2.4000000e+01   6.3407283e-15   7.9068750e-01   7.9068750e-01
   9.0000000e+00   2.4000000e+01   6.5385011e-15   8.2087500e-01   8.2087500e-01
   1.0000000e+01   2.4000000e+01   6.6833003e-15   8.4987500e-01   8.4987500e-01
   1.1000000e+01   2.4000000e+01   6.8018623e-15   8.6034375e-01   8.6034375e-01
   1.2000000e+01   2.4000000e+01   6.8535613e-15   8.3134375e-01   8.3134375e-01
   1.3000000e+01   2.4000000e+01   6.4039687e-15   8.1293750e-01   8.1293750e-01
   1.4000000e+01   2.4000000e+01   5.9014491e-15   7.5234375e-01   7.5234375e-01
   1.5000000e+01   2.4000000e+01   6.0747337e-15   7.6484375e-01   7.6484375e-01
   1.6000000e+01   2.4000000e+01   6.2424419e-15   7.9128125e-01   7.9128125e-01
   1.7000000e+01   2.4000000e+01   6.3591664e-15   7.7356250e-01   7.7356250e-01
   1.8000000e+01   2.4000000e+01   6.7577045e-15   8.4062500e-01   8.4062500e-01
   1.9000000e+01   2.4000000e+01   6.7787471e-15   8.5434375e-01   8.5434375e-01
   1.0000000e+00   2.5000000e+01   5.6436750e-15   7.0943750e-01   7.0943750e-01
   2.0000000e+00   2.5000000e+01   5.7302376e-15   7.3037500e-01   7.3037500e-01
   3.0000000e+00   2.5000000e+01   6.0187310e-15   7.3431250e-01   7.3431250e-01
   4.0000000e+00   2.5000000e+01   5.8941745e-15   7.3715625e-01   7.3715625e-01
   5.0000000e+00   2.5000000e+01   5.6501045e-15   7.1012500e-01   7.1012500e-01
   6.0000000e+00   2.5000000e+01   5.6014892e-15   6.9381250e-01   6.9381250e-01
   7.0000000e+00   2.5000000e+01   5.5931086e-15   7.1131250e-01   7.1131250e-01
   8.0000000e+00   2.5000000e+01   5.7118109e-15   7.1734375e-01   7.1734375e-01
   9.0000000e+00   2.5000000e+01   6.2196088e-15   7.7328125e-01   7.7328125e-01
   1.0000000e+01   2.5000000e+01   6.2069758e-15   7.8975000e-01   7.8975000e-01
   1.1000000e+01   2.5000000e+01   6.0836426e-15   7.4446875e-01   7.4446875e-01
   1.2000000e+01   2.5000000e+01   6.3026141e-15   7.9081250e-01   7.9081250e-01
   1.3000000e+01   2.5000000e+01   6.0680802e-15   7.6209375e-01   7.6209375e-01
   1.4000000e+01   2.5000000e+01   5.5733634e-15   7.0843750e-01   7.0843750e-01
   1.5000000e+01   2.5000000e+01   5.7975024e-15   6.9418750e-01   6.9418750e-01
   1.6000000e+01   2.5000000e+01   6.0592395e-15   7.5840625e-01   7.5840625e-01
   1.7000000e+01   2.5000000e+01   6.2218081e-15   7.7946875e-01   7.7946875e-01
   1.8000000e+01   2.5000000e+01   6.3349258e-15   7.9759375e-01   7.9759375e-01
   1.9000000e+01   2.5000000e+01   6.2440275e-15   7.5175000e-01   7.5175000e-01
   1.0000000e+00   2.6000000e+01   5.4448151e-15   6.9831250e-01   6.9831250e-01
   2.0000000e+00   2.6000000e+01   5.3405439e-15   6.6650000e-01   6.6650000e-01
   3.0000000e+00   2.6000000e+01   5.8371885e-15   7.2821875e-01   7.2821875e-01
   4.0000000e+00   2.6000000e+01   5.7134129e-15   7.2003125e-01   7.2003125e-01
   5.0000000e+00   2.6000000e+01   5.2627875e-15   6.4487500e-01   6.4487500e-01
   6.0000000e+00   2.6000000e+01   5.3397791e-15   6.7731250e-01   6.7731250e-01
   7.0000000e+00   2.6000000e+01   5.3274264e-15   6.8656250e-01   6.8656250e-01
   8.0000000e+00   2.6000000e+01   5.8805931e-15   7.2118750e-01   7.2118750e-01
   9.0000000e+00   2.6000000e+01   6.0672405e-15   7.5265625e-01   7.5265625e-01
   1.0000000e+01   2.6000000e+01   5.9658979e-15   7.6056250e-01   7.6056250e-01
   1.1000000e+01   2.6000000e+01   6.2841586e-15   7.7171875e-01   7.7171875e-01
   1.2000000e+01   2.6000000e+01   6.0192295e-15   7.6375000e-01   7.6375000e-01
   1.3000000e+01   2.6000000e+01   5.7853114e-15   7.2993750e-01   7.2993750e-01
   1.4000000e+01   2.6000000e+01   5.8049399e-15   7.1196875e-01   7.1196875e-01
   1.5000000e+01   2.6000000e+01   5.7191937e-15   7.1793750e-01   7.1793750e-01
   1.6000000e+01   2.6000000e+01   6.0656755e-15   7.5443750e-01   7.5443750e-01
   1.7000000e+01   2.6000000e+01   6.2216223e-15   7.5350000e-01   7.5350000e-01
   1.8000000e+01   2.6000000e+01   6.2272321e-15   7.8612500e-01   7.8612500e-01
   1.9000000e+01   2.6000000e+01   6.1361318e-15   7.6515625e-01   7.6515625e-01
   1.0000000e+00   2.7000000e+01   5.6481713e-15   7.2450000e-01   7.2450000e-01
   2.0000000e+00   2.7000000e+01   5.9774030e-15   7.2765625e-01   7.2765625e-01
   3.0000000e+00   2.7000000e+01   5.8006998e-15   7.3525000e-01   7.3525000e-01
   4.0000000e+00   2.7000000e+01   5.5416743e-15   6.9281250e-01   6.9281250e-01
   5.0000000e+00   2.7000000e+01   5.5328013e-15   6.9221875e-01   6.9221875e-01
   6.0000000e+00   2.7000000e+01   5.2407312e-15   6.6593750e-01   6.6593750e-01
   7.0000000e+00   2.7000000e+01   5.5701930e-15   6.7025000e-01   6.7025000e-01
   8.0000000e+00   2.7000000e+01   5.6855384e-15   7.2359375e-01   7.2359375e-01
   9.0000000e+00   2.7000000e+01   5.9114414e-15   7.3778125e-01   7.3778125e-01
   1.0000000e+01   2.7000000e+01   6.3982734e-15   7.8703125e-01   7.8703125e-01
   1.1000000e+01   2.7000000e+01   6.3091902e-15   7.9028125e-01   7.9028125e-01
   1.2000000e+01   2.7000000e+01   6.1452185e-15   7.8337500e-01   7.8337500e-01
   1.3000000e+01   2.7000000e+01   5.7147948e-15   7.0537500e-01   7.0537500e-01
   1.4000000e+01   2.7000000e+01   5.8407039e-15   7.1337500e-01   7.1337500e-01
   1.5000000e+01   2.7000000e+01   5.7551160e-15   7.1218750e-01   7.1218750e-01
   1.6000000e+01   2.7000000e+01   5.9062702e-15   7.5268750e-01   7.5268750e-01
   1.7000000e+01   2.7000000e+01   6.2893806e-15   7.9506250e-01   7.9506250e-01
   1.8000000e+01   2.7000000e+01   6.5280527e-15   8.1678125e-01   8.1678125e-01
   1.9000000e+01   2.7000000e+01   6.3881214e-15   7.6634375e-01   7.6634375e-01
   1.0000000e+00   2.8000000e+01   5.8677471e-15   7.4168750e-01   7.4168750e-01
   2.0000000e+00   2.8000000e+01   6.0496706e-15   7.6568750e-01   7.6568750e-01
   3.0000000e+00   2.8000000e+01   5.7819384e-15   7.2196875e-01   7.2196875e-01
   4.0000000e+00   2.8000000e+01   5.9626121e-15   7.3143750e-01   7.3143750e-01
   5.0000000e+00   2.8000000e+01   5.6746936e-15   7.0521875e-01   7.0521875e-01
   6.0000000e+00   2.8000000e+01   5.3196628e-15   6.7584375e-01   6.7584375e-01
   7.0000000e+00   2.8000000e+01   5.3768137e-15   6.8871875e-01   6.8871875e-01
   8.0000000e+00   2.8000000e+01   5.5522393e-15   7.0181250e-01   7.0181250e-01
   9.0000000e+00   2.8000000e+01   5.6931304e-15   6.9818750e-01   6.9818750e-01
   1.0000000e+01   2.8000000e+01   6.2339844e-15   7.5028125e-01   7.5028125e-01
   1.1000000e+01   2.8000000e+01   6.6373107e-15   7.8687500e-01   7.8687500e-01
   1.2000000e+01   2.8000000e+01   6.5635121e-15   7.7900000e-01   7.7900000e-01
   1.3000000e+01   2.8000000e+01   6.1180887e-15   7.3437500e-01   7.3437500e-01
   1.4000000e+01   2.8000000e+01   5.8285824e-15   7.0325000e-01   7.0325000e-01
   1.5000000e+01   2.8000000e+01   5.9498975e-15   7.2546875e-01   7.2546875e-01
   1.6000000e+01   2.8000000e+01   6.1136610e-15   7.5959375e-01   7.5959375e-01
   1.7000000e+01   2.8000000e+01   6.5119975e-15   8.0650000e-01   8.0650000e-01
   1.8000000e+01   2.8000000e+01   6.6892526e-15   8.4050000e-01   8.4050000e-01
   1.9000000e+01   2.8000000e+01   6.6365093e-15   8.3418750e-01   8.3418750e-01
   1.0000000e+00   2.9000000e+01   5.9930740e-15   7.4912500e-01   7.4912500e-01
   2.0000000e+00   2.9000000e+01   6.0885418e-15   7.7621875e-01   7.7621875e-01
   3.0000000e+00   2.9000000e+01   5.9505960e-15   7.1128125e-01   7.1128125e-01
   4.0000000e+00   2.9000000e+01   5.8424307e-15   7.3390625e-01   7.3390625e-01
   5.0000000e+00   2.9000000e+01   5.5076155e-15   7.0718750e-01   7.0718750e-01
   6.0000000e+00   2.9000000e+01   5.2681989e-15   6.7006250e-01   6.7006250e-01
   7.0000000e+00   2.9000000e+01   5.7016137e-15   7.0025000e-01   7.0025000e-01
   8.0000000e+00   2.9000000e+01   5.7954127e-15   7.3237500e-01   7.3237500e-01
   9.0000000e+00   2.9000000e+01   6.0699374e-15   7.6850000e-01   7.6850000e-01
   1.0000000e+01   2.9000000e+01   6.0471206e-15   7.6921875e-01   7.6921875e-01
   1.1000000e+01   2.9000000e+01   6.6604609e-15   8.1793750e-01   8.1793750e-01
   1.2000000e+01   2.9000000e+01   6.2811020e-15   8.0009375e-01   8.0009375e-01
   1.3000000e+01   2.9000000e+01   6.1286988e-15   7.8290625e-01   7.8290625e-01
   1.4000000e+01   2.9000000e+01   5.7464395e-15   6.9818750e-01   6.9818750e-01
   1.5000000e+01   2.9000000e+01   6.1473994e-15   7.6190625e-01   7.6190625e-01
   1.6000000e+01   2.9000000e+01   6.2546308e-15   7.8609375e-01   7.8609375e-01
   1.7000000e+01   2.9000000e+01   6.4708662e-15   8.2381250e-01   8.2381250e-01
   1.8000000e+01   2.9000000e+01   6.4043745e-15   8.1275000e-01   8.1275000e-01
   1.9000000e+01   2.9000000e+01   6.9441613e-15   8.6087500e-01   8.6087500e-01
   1.0000000e+00   3.0000000e+01   5.8328299e-15   7.1912500e-01   7.1912500e-01
   2.0000000e+00   3.0000000e+01   6.2598081e-15   7.8737500e-01   7.8737500e-01
   3.0000000e+00   3.0000000e+01   6.0403672e-15   7.7121875e-01   7.7121875e-01
   4.0000000e+00   3.0000000e+01   5.4423420e-15   6.8040625e-01   6.8040625e-01
   5.0000000e+00   3.0000000e+01   5.7307094e-15   7.2812500e-01   7.2812500e-01
   6.0000000e+00   3.0000000e+01   5.6643391e-15   7.1671875e-01   7.1671875e-01
   7.0000000e+00   3.0000000e+01   5.8279051e-15   7.2187500e-01   7.2187500e-01
   8.0000000e+00   3.0000000e+01   5.6313710e-15   7.1262500e-01   7.1262500e-01
   9.0000000e+00   3.0000000e+01   6.0493227e-15   7.7440625e-01   7.7440625e-01
   1.0000000e+01   3.0000000e+01   6.5326412e-15   8.0803125e-01   8.0803125e-01
   1.1000000e+01   3.0000000e+01   6.5295385e-15   8.2628125e-01   8.2628125e-01
   1.2000000e+01   3.0000000e+01   6.5530319e-15   8.1215625e-01   8.1215625e-01
   1.3000000e+01   3.0000000e+01   6.2080479e-15   7.8278125e-01   7.8278125e-01
   1.4000000e+01   3.0000000e+01   6.3479539e-15   7.8053125e-01   7.8053125e-01
   1.5000000e+01   3.0000000e+01   6.2883264e-15   7.8968750e-01   7.8968750e-01
   1.6000000e+01   3.0000000e+01   6.4816098e-15   7.8028125e-01   7.8028125e-01
   1.7000000e+01   3.0000000e+01   6.6629143e-15   8.3606250e-01   8.3606250e-01
   1.8000000e+01   3.0000000e+01   6.6587643e-15   8.1775000e-01   8.1775000e-01
   1.9000000e+01   3.0000000e+01   6.9555260e-15   8.7918750e-01   8.7918750e-01
   1.0000000e+00   3.1000000e+01   6.2496321e-15   7.9625000e-01   7.9625000e-01
   2.0000000e+00   3.1000000e+01   6.5593240e-15   7.9475000e-01   7.9475000e-01
   3.0000000e+00   3.1000000e+01   6.3148244e-15   7.9925000e-01   7.9925000e-01
   4.0000000e+00   3.1000000e+01   6.0092803e-15   7.3765625e-01   7.3765625e-01
   5.0000000e+00   3.1000000e+01   6.0547168e-15   7.5962500e-01   7.5962500e-01
   6.0000000e+00   3.1000000e+01   5.7987303e-15   7.4037500e-01   7.4037500e-01
   7.0000000e+00   3.1000000e+01   5.8216112e-15   7.1343750e-01   7.1343750e-01
   8.0000000e+00   3.1000000e+01   5.9825083e-15   7.5384375e-01   7.5384375e-01
   9.0000000e+00   3.1000000e+01   6.1793240e-15   7.7453125e-01   7.7453125e-01
   1.0000000e+01   3.1000000e+01   6.7574011e-15   8.2612500e-01   8.2612500e-01
   1.1000000e+01   3.1000000e+01   6.6392595e-15   8.4593750e-01   8.4593750e-01
   1.2000000e+01   3.1000000e+01   6.6320286e-15   8.0031250e-01   8.0031250e-01
   1.3000000e+01   3.1000000e+01   6.5247319e-15   8.2515625e-01   8.2515625e-01
   1.4000000e+01   3.1000000e+01   6.4878623e-15   8.1587500e-01   8.1587500e-01
   1.5000000e+01   3.1000000e+01   6.1457206e-15   7.5321875e-01   7.5321875e-01
   1.6000000e+01   3.1000000e+01   6.4777060e-15   8.2984375e-01   8.2984375e-01
   1.7000000e+01   3.1000000e+01   6.7896227e-15   8.5521875e-01   8.5521875e-01
   1.8000000e+01   3.1000000e+01   6.7277154e-15   8.3675000e-01   8.3675000e-01
   1.9000000e+01   3.1000000e+01   7.1282749e-15   9.0681250e-01   9.0681250e-01
   1.0000000e+00   3.2000000e+01   6.3184629e-15   7.9459375e-01   7.9459375e-01
   2.0000000e+00   3.2000000e+01   6.7032288e-15   8.4646875e-01   8.4646875e-01
   3.0000000e+00   3.2000000e+01   6.7594523e-15   8.4306250e-01   8.4306250e-01
   4.0000000e+00   3.2000000e+01   6.5951373e-15   8.1250000e-01   8.1250000e-01
   5.0000000e+00   3.2000000e+01   5.8746652e-15   7.3940625e-01   7.3940625e-01
   6.0000000e+00   3.2000000e+01   5.9883624e-15   7.7096875e-01   7.7096875e-01
   7.0000000e+00   3.2000000e+01   6.1532262e-15   7.7518750e-01   7.7518750e-01
   8.0000000e+00   3.2000000e+01   6.3813448e-15   7.8640625e-01   7.8640625e-01
   9.0000000e+00   3.2000000e+01   6.3617201e-15   8.0609375e-01   8.0609375e-01
   1.0000000e+01   3.2000000e+01   6.8337486e-15   8.6618750e-01   8.6618750e-01
   1.1000000e+01   3.2000000e+01   7.2102554e-15   8.9093750e-01   8.9093750e-01
   1.2000000e+01   3.2000000e+01   6.5746051e-15   8.2493750e-01   8.2493750e-01
   1.3000000e+01   3.2000000e+01   6.8572511e-15   8.6431250e-01   8.6431250e-01
   1.4000000e+01   3.2000000e+01   6.7555244e-15   8.4725000e-01   8.4725000e-01
   1.5000000e+01   3.2000000e+01   6.7845441e-15   8.3612500e-01   8.3612500e-01
   1.6000000e+01   3.2000000e+01   6.5620227e-15   8.2153125e-01   8.2153125e-01
   1.7000000e+01   3.2000000e+01   7.0013863e-15   8.8700000e-01   8.8700000e-01
   1.8000000e+01   3.2000000e+01   7.3435622e-15   9.2481250e-01   9.2481250e-01
   1.9000000e+01   3.2000000e+01   7.6227697e-15   9.5503125e-01   9.5503125e-01
   1.0000000e+00   3.3000000e+01   6.5084980e-15   8.2650000e-01   8.2650000e-01
   2.0000000e+00   3.3000000e+01   6.9879173e-15   8.9331250e-01   8.9331250e-01
   3.0000000e+00   3.3000000e+01   7.0079901e-15   8.8681250e-01   8.8681250e-01
   4.0000000e+00   3.3000000e+01   6.8845669e-15   8.5928125e-01   8.5928125e-01
   5.0000000e+00   3.3000000e+01   6.5240837e-15   7.8387500e-01   7.8387500e-01
   6.0000000e+00   3.3000000e+01   6.0986255e-15   7.7775000e-01   7.7775000e-01
   7.0000000e+00   3.3000000e+01   6.3682792e-15   8.2084375e-01   8.2084375e-01
   8.0000000e+00   3.3000000e+01   6.6158893e-15   8.3609375e-01   8.3609375e-01
   9.0000000e+00   3.3000000e+01   6.9943348e-15   8.6656250e-01   8.6656250e-01
   1.0000000e+01   3.3000000e+01   6.7198684e-15   8.2928125e-01   8.2928125e-01
   1.1000000e+01   3.3000000e+01   7.3404489e-15   9.3206250e-01   9.3206250e-01
   1.2000000e+01   3.3000000e+01   7.2099924e-15   9.1821875e-01   9.1821875e-01
   1.3000000e+01   3.3000000e+01   7.2070141e-15   9.0637500e-01   9.0637500e-01
   1.4000000e+01   3.3000000e+01   7.0620032e-15   8.8159375e-01   8.8159375e-01
   1.5000000e+01   3.3000000e+01   7.1333567e-15   8.8625000e-01   8.8625000e-01
   1.6000000e+01   3.3000000e+01   7.4318681e-15   9.2137500e-01   9.2137500e-01
   1.7000000e+01   3.3000000e+01   7.5694190e-15   9.4693750e-01   9.4693750e-01
   1.8000000e+01   3.3000000e+01   7.8539584e-15   9.7875000e-01   9.7875000e-01
   1.9000000e+01   3.3000000e+01   8.0528250e-15   9.9871875e-01   9.9871875e-01
   1.0000000e+00   3.4000000e+01   7.0048670e-15   8.8593750e-01   8.8593750e-01
   2.0000000e+00   3.4000000e+01   7.3365148e-15   9.3043750e-01   9.3043750e-01
   3.0000000e+00   3.4000000e+01   7.1870183e-15   9.1803125e-01   9.1803125e-01
   4.0000000e+00   3.4000000e+01   7.0465040e-15   8.9112500e-01   8.9112500e-01
   5.0000000e+00   3.4000000e+01   6.8111594e-15   8.6187500e-01   8.6187500e-01
   6.0000000e+00   3.4000000e+01   6.5530579e-15   8.2971875e-01   8.2971875e-01
   7.0000000e+00   3.4000000e+01   6.6534318e-15   8.4293750e-01   8.4293750e-01
   8.0000000e+00   3.4000000e+01   6.9501282e-15   8.7421875e-01   8.7421875e-01
   9.0000000e+00   3.4000000e+01   7.2771143e-15   9.1856250e-01   9.1856250e-01
   1.0000000e+01   3.4000000e+01   7.3720725e-15   9.4609375e-01   9.4609375e-01
   1.1000000e+01   3.4000000e+01   7.6320797e-15   9.5818750e-01   9.5818750e-01
   1.2000000e+01   3.4000000e+01   7.4423889e-15   9.4737500e-01   9.4737500e-01
   1.3000000e+01   3.4000000e+01   7.3457973e-15   9.3221875e-01   9.3221875e-01
   1.4000000e+01   3.4000000e+01   7.1179058e-15   9.0421875e-01   9.0421875e-01
   1.5000000e+01   3.4000000e+01   7.2633779e-15   9.1506250e-01   9.1506250e-01
   1.6000000e+01   3.4000000e+01   7.6337964e-15   9.6506250e-01   9.6506250e-01
   1.7000000e+01   3.4000000e+01   7.8254766e-15   9.8987500e-01   9.8987500e-01
   1.8000000e+01   3.4000000e+01   7.6960458e-15   9.6515625e-01   9.6515625e-01
   1.9000000e+01   3.4000000e+01   7.8667200e-15   9.5306250e-01   9.5306250e-01
   1.0000000e+00   3.5000000e+01   7.5198595e-15   9.2875000e-01   9.2875000e-01
   2.0000000e+00   3.5000000e+01   7.6959028e-15   9.5515625e-01   9.5515625e-01
   3.0000000e+00   3.5000000e+01   7.3984966e-15   9.4096875e-01   9.4096875e-01
   4.0000000e+00   3.5000000e+01   7.2007709e-15   9.2290625e-01   9.2290625e-01
   5.0000000e+00   3.5000000e+01   6.4973042e-15   8.2403125e-01   8.2403125e-01
   6.0000000e+00   3.5000000e+01   6.8186291e-15   8.4512500e-01   8.4512500e-01
   7.0000000e+00   3.5000000e+01   6.9073886e-15   8.7428125e-01   8.7428125e-01
   8.0000000e+00   3.5000000e+01   7.1098466e-15   9.0193750e-01   9.0193750e-01
   9.0000000e+00   3.5000000e+01   7.0218980e-15   8.6475000e-01   8.6475000e-01
   1.0000000e+01   3.5000000e+01   7.7899768e-15   9.7878125e-01   9.7878125e-01
   1.1000000e+01   3.5000000e+01   7.8559755e-15   9.8871875e-01   9.8871875e-01
   1.2000000e+01   3.5000000e+01   7.8270595e-15   9.8278125e-01   9.8278125e-01
   1.3000000e+01   3.5000000e+01   7.1532111e-15   8.7975000e-01   8.7975000e-01
   1.4000000e+01   3.5000000e+01   7.5187145e-15   9.2493750e-01   9.2493750e-01
   1.5000000e+01   3.5000000e+01   7.5055783e-15   9.4043750e-01   9.4043750e-01
   1.6000000e+01   3.5000000e+01   7.8142647e-15   9.8306250e-01   9.8306250e-01
   1.7000000e+01   3.5000000e+01   8.1109449e-15   1.0186875e+00   1.0186875e+00
   1.8000000e+01   3.5000000e+01   8.3309178e-15   1.0469062e+00   1.0469062e+00
   1.9000000e+01   3.5000000e+01   8.4097317e-15   1.0649688e+00   1.0649688e+00
