   1.0000000e+00   1.0000000e+00   5.8917712e-15   7.4418750e-01   7.4418750e-01
   2.0000000e+00   1.0000000e+00   5.8402677e-15   7.4112500e-01   7.4112500e-01
   3.0000000e+00   1.0000000e+00   5.6631462e-15   7.2346875e-01   7.2346875e-01
   4.0000000e+00   1.0000000e+00   5.3497039e-15   6.9484375e-01   6.9484375e-01
   5.0000000e+00   1.0000000e+00   5.3963377e-15   7.0075000e-01   7.0075000e-01
   6.0000000e+00   1.0000000e+00   5.7434167e-15   7.2178125e-01   7.2178125e-01
   7.0000000e+00   1.0000000e+00   6.0907563e-15   7.5771875e-01   7.5771875e-01
   8.0000000e+00   1.0000000e+00   6.1456081e-15   7.7978125e-01   7.7978125e-01
   9.0000000e+00   1.0000000e+00   6.1260994e-15   7.7953125e-01   7.7953125e-01
   1.0000000e+01   1.0000000e+00   6.0811534e-15   7.8184375e-01   7.8184375e-01
   1.1000000e+01   1.0000000e+00   5.8800496e-15   7.5621875e-01   7.5621875e-01
   1.2000000e+01   1.0000000e+00   5.5519348e-15   7.1056250e-01   7.1056250e-01
   1.3000000e+01   1.0000000e+00   5.3678337e-15   6.7184375e-01   6.7184375e-01
   1.4000000e+01   1.0000000e+00   5.5415747e-15   7.0315625e-01   7.0315625e-01
   1.5000000e+01   1.0000000e+00   5.6155380e-15   7.3040625e-01   7.3040625e-01
   1.6000000e+01   1.0000000e+00   5.8868629e-15   7.4856250e-01   7.4856250e-01
   1.7000000e+01   1.0000000e+00   6.1116833e-15   7.5740625e-01   7.5740625e-01
   1.8000000e+01   1.0000000e+00   6.0303681e-15   7.6643750e-01   7.6643750e-01
   1.9000000e+01   1.0000000e+00   5.9664220e-15   7.5637500e-01   7.5637500e-01
   1.0000000e+00   2.0000000e+00   5.9291532e-15   7.5046875e-01   7.5046875e-01
   2.0000000e+00   2.0000000e+00   5.9091983e-15   7.4606250e-01   7.4606250e-01
   3.0000000e+00   2.0000000e+00   5.6565116e-15   7.3303125e-01   7.3303125e-01
   4.0000000e+00   2.0000000e+00   5.6149844e-15   6.9278125e-01   6.9278125e-01
   5.0000000e+00   2.0000000e+00   5.5742361e-15   7.1062500e-01   7.1062500e-01
   6.0000000e+00   2.0000000e+00   5.7611442e-15   7.4343750e-01   7.4343750e-01
   7.0000000e+00   2.0000000e+00   5.9356578e-15   7.4025000e-01   7.4025000e-01
   8.0000000e+00   2.0000000e+00   6.1665769e-15   7.7353125e-01   7.7353125e-01
   9.0000000e+00   2.0000000e+00   6.1196065e-15   7.7909375e-01   7.7909375e-01
   1.0000000e+01   2.0000000e+00   6.1442124e-15   7.7837500e-01   7.7837500e-01
   1.1000000e+01   2.0000000e+00   6.1825465e-15   7.5737500e-01   7.5737500e-01
   1.2000000e+01   2.0000000e+00   5.7323046e-15   7.2237500e-01   7.2237500e-01
   1.3000000e+01   2.0000000e+00   5.4019256e-15   6.9631250e-01   6.9631250e-01
   1.4000000e+01   2.0000000e+00   5.5741077e-15   7.0025000e-01   7.0025000e-01
   1.5000000e+01   2.0000000e+00   5.9371597e-15   7.3618750e-01   7.3618750e-01
   1.6000000e+01   2.0000000e+00   5.9569769e-15   7.5406250e-01   7.5406250e-01
   1.7000000e+01   2.0000000e+00   6.0280868e-15   7.6893750e-01   7.6893750e-01
   1.8000000e+01   2.0000000e+00   6.0762396e-15   7.5278125e-01   7.5278125e-01
   1.9000000e+01   2.0000000e+00   6.1215540e-15   7.6275000e-01   7.6275000e-01
   1.0000000e+00   3.0000000e+00   5.7932424e-15   7.4618750e-01   7.4618750e-01
   2.0000000e+00   3.0000000e+00   5.8109104e-15   7.4831250e-01   7.4831250e-01
   3.0000000e+00   3.0000000e+00   5.6543345e-15   7.1912500e-01   7.1912500e-01
   4.0000000e+00   3.0000000e+00   5.4738471e-15   6.8700000e-01   6.8700000e-01
   5.0000000e+00   3.0000000e+00   5.6845471e-15   7.0765625e-01   7.0765625e-01
   6.0000000e+00   3.0000000e+00   5.8303726e-15   7.3518750e-01   7.3518750e-01
   7.0000000e+00   3.0000000e+00   5.8630796e-15   7.5462500e-01   7.5462500e-01
   8.0000000e+00   3.0000000e+00   6.0056244e-15   7.6696875e-01   7.6696875e-01
   9.0000000e+00   3.0000000e+00   6.0178562e-15   7.6534375e-01   7.6534375e-01
   1.0000000e+01   3.0000000e+00   6.2780060e-15   7.6450000e-01   7.6450000e-01
   1.1000000e+01   3.0000000e+00   6.0094295e-15   7.5359375e-01   7.5359375e-01
   1.2000000e+01   3.0000000e+00   5.6193466e-15   7.1721875e-01   7.1721875e-01
   1.3000000e+01   3.0000000e+00   5.3902241e-15   6.9156250e-01   6.9156250e-01
   1.4000000e+01   3.0000000e+00   5.5552596e-15   7.1353125e-01   7.1353125e-01
   1.5000000e+01   3.0000000e+00   5.8472539e-15   7.3659375e-01   7.3659375e-01
   1.6000000e+01   3.0000000e+00   5.8010141e-15   7.2368750e-01   7.2368750e-01
   1.7000000e+01   3.0000000e+00   5.9727251e-15   7.3596875e-01   7.3596875e-01
   1.8000000e+01   3.0000000e+00   6.0699308e-15   7.4650000e-01   7.4650000e-01
   1.9000000e+01   3.0000000e+00   5.9747703e-15   7.3243750e-01   7.3243750e-01
   1.0000000e+00   4.0000000e+00   5.7647830e-15   7.3137500e-01   7.3137500e-01
   2.0000000e+00   4.0000000e+00   5.6984711e-15   7.2231250e-01   7.2231250e-01
   3.0000000e+00   4.0000000e+00   5.4551448e-15   6.9106250e-01   6.9106250e-01
   4.0000000e+00   4.0000000e+00   5.4347216e-15   6.8531250e-01   6.8531250e-01
   5.0000000e+00   4.0000000e+00   5.3549722e-15   6.8996875e-01   6.8996875e-01
   6.0000000e+00   4.0000000e+00   5.6350141e-15   7.0165625e-01   7.0165625e-01
   7.0000000e+00   4.0000000e+00   5.9559820e-15   7.4025000e-01   7.4025000e-01
   8.0000000e+00   4.0000000e+00   5.9419252e-15   7.4709375e-01   7.4709375e-01
   9.0000000e+00   4.0000000e+00   5.9459585e-15   7.5940625e-01   7.5940625e-01
   1.0000000e+01   4.0000000e+00   5.8792724e-15   7.3356250e-01   7.3356250e-01
   1.1000000e+01   4.0000000e+00   5.8887122e-15   7.2956250e-01   7.2956250e-01
   1.2000000e+01   4.0000000e+00   5.5226495e-15   7.0134375e-01   7.0134375e-01
   1.3000000e+01   4.0000000e+00   5.3675872e-15   6.8325000e-01   6.8325000e-01
   1.4000000e+01   4.0000000e+00   5.5385327e-15   6.9050000e-01   6.9050000e-01
   1.5000000e+01   4.0000000e+00   5.6771968e-15   7.2278125e-01   7.2278125e-01
   1.6000000e+01   4.0000000e+00   5.7689710e-15   7.3378125e-01   7.3378125e-01
   1.7000000e+01   4.0000000e+00   5.8315773e-15   7.3225000e-01   7.3225000e-01
   1.8000000e+01   4.0000000e+00   6.0766187e-15   7.4865625e-01   7.4865625e-01
   1.9000000e+01   4.0000000e+00   5.8303253e-15   7.4093750e-01   7.4093750e-01
   1.0000000e+00   5.0000000e+00   5.4448388e-15   6.9806250e-01   6.9806250e-01
   2.0000000e+00   5.0000000e+00   5.4020695e-15   6.9596875e-01   6.9596875e-01
   3.0000000e+00   5.0000000e+00   5.2090257e-15   6.6934375e-01   6.6934375e-01
   4.0000000e+00   5.0000000e+00   5.2179336e-15   6.4046875e-01   6.4046875e-01
   5.0000000e+00   5.0000000e+00   5.1537220e-15   6.5478125e-01   6.5478125e-01
   6.0000000e+00   5.0000000e+00   5.3580018e-15   6.8331250e-01   6.8331250e-01
   7.0000000e+00   5.0000000e+00   5.5005472e-15   7.0321875e-01   7.0321875e-01
   8.0000000e+00   5.0000000e+00   5.6761697e-15   6.9150000e-01   6.9150000e-01
   9.0000000e+00   5.0000000e+00   5.8643575e-15   7.2946875e-01   7.2946875e-01
   1.0000000e+01   5.0000000e+00   5.6821823e-15   7.1906250e-01   7.1906250e-01
   1.1000000e+01   5.0000000e+00   5.5949732e-15   7.0034375e-01   7.0034375e-01
   1.2000000e+01   5.0000000e+00   5.2042343e-15   6.6578125e-01   6.6578125e-01
   1.3000000e+01   5.0000000e+00   5.1576268e-15   6.4706250e-01   6.4706250e-01
   1.4000000e+01   5.0000000e+00   5.3188692e-15   6.6490625e-01   6.6490625e-01
   1.5000000e+01   5.0000000e+00   5.5688660e-15   6.8868750e-01   6.8868750e-01
   1.6000000e+01   5.0000000e+00   5.6828783e-15   6.9990625e-01   6.9990625e-01
   1.7000000e+01   5.0000000e+00   5.7368585e-15   7.2171875e-01   7.2171875e-01
   1.8000000e+01   5.0000000e+00   5.6327640e-15   7.1659375e-01   7.1659375e-01
   1.9000000e+01   5.0000000e+00   5.5151448e-15   7.0953125e-01   7.0953125e-01
   1.0000000e+00   6.0000000e+00   5.3146846e-15   6.4828125e-01   6.4828125e-01
   2.0000000e+00   6.0000000e+00   5.1508329e-15   6.4434375e-01   6.4434375e-01
   3.0000000e+00   6.0000000e+00   5.0130518e-15   6.3096875e-01   6.3096875e-01
   4.0000000e+00   6.0000000e+00   4.6939978e-15   5.9928125e-01   5.9928125e-01
   5.0000000e+00   6.0000000e+00   4.6187745e-15   5.9968750e-01   5.9968750e-01
   6.0000000e+00   6.0000000e+00   4.8625266e-15   6.3434375e-01   6.3434375e-01
   7.0000000e+00   6.0000000e+00   4.9645074e-15   6.3384375e-01   6.3384375e-01
   8.0000000e+00   6.0000000e+00   5.3730269e-15   6.5362500e-01   6.5362500e-01
   9.0000000e+00   6.0000000e+00   5.5548479e-15   6.8384375e-01   6.8384375e-01
   1.0000000e+01   6.0000000e+00   5.4950078e-15   6.8068750e-01   6.8068750e-01
   1.1000000e+01   6.0000000e+00   5.2798222e-15   6.6025000e-01   6.6025000e-01
   1.2000000e+01   6.0000000e+00   4.9331560e-15   6.2418750e-01   6.2418750e-01
   1.3000000e+01   6.0000000e+00   4.7140944e-15   5.9684375e-01   5.9684375e-01
   1.4000000e+01   6.0000000e+00   4.7051944e-15   6.0915625e-01   6.0915625e-01
   1.5000000e+01   6.0000000e+00   4.8087400e-15   6.3225000e-01   6.3225000e-01
   1.6000000e+01   6.0000000e+00   5.0014845e-15   6.5231250e-01   6.5231250e-01
   1.7000000e+01   6.0000000e+00   5.1866449e-15   6.4368750e-01   6.4368750e-01
   1.8000000e+01   6.0000000e+00   5.3462877e-15   6.7262500e-01   6.7262500e-01
   1.9000000e+01   6.0000000e+00   5.2989402e-15   6.6396875e-01   6.6396875e-01
   1.0000000e+00   7.0000000e+00   4.8848550e-15   6.0425000e-01   6.0425000e-01
   2.0000000e+00   7.0000000e+00   4.5791976e-15   5.7162500e-01   5.7162500e-01
   3.0000000e+00   7.0000000e+00   4.3658128e-15   5.5915625e-01   5.5915625e-01
   4.0000000e+00   7.0000000e+00   4.1818822e-15   5.5484375e-01   5.5484375e-01
   5.0000000e+00   7.0000000e+00   4.1630205e-15   5.4653125e-01   5.4653125e-01
   6.0000000e+00   7.0000000e+00   4.4245753e-15   5.7365625e-01   5.7365625e-01
   7.0000000e+00   7.0000000e+00   4.6499247e-15   5.9896875e-01   5.9896875e-01
   8.0000000e+00   7.0000000e+00   4.9328323e-15   6.1353125e-01   6.1353125e-01
   9.0000000e+00   7.0000000e+00   4.8315280e-15   6.2484375e-01   6.2484375e-01
   1.0000000e+01   7.0000000e+00   4.7267684e-15   6.2159375e-01   6.2159375e-01
   1.1000000e+01   7.0000000e+00   4.6684080e-15   6.0412500e-01   6.0412500e-01
   1.2000000e+01   7.0000000e+00   4.4014936e-15   5.5256250e-01   5.5256250e-01
   1.3000000e+01   7.0000000e+00   4.1191107e-15   5.5225000e-01   5.5225000e-01
   1.4000000e+01   7.0000000e+00   4.3276332e-15   5.6125000e-01   5.6125000e-01
   1.5000000e+01   7.0000000e+00   4.4350642e-15   5.8056250e-01   5.8056250e-01
   1.6000000e+01   7.0000000e+00   4.7556072e-15   5.8996875e-01   5.8996875e-01
   1.7000000e+01   7.0000000e+00   4.6676664e-15   6.0281250e-01   6.0281250e-01
   1.8000000e+01   7.0000000e+00   4.8409650e-15   6.2543750e-01   6.2543750e-01
   1.9000000e+01   7.0000000e+00   4.6221344e-15   6.1125000e-01   6.1125000e-01
   1.0000000e+00   8.0000000e+00   4.2127044e-15   5.5531250e-01   5.5531250e-01
   2.0000000e+00   8.0000000e+00   4.1380730e-15   5.4812500e-01   5.4812500e-01
   3.0000000e+00   8.0000000e+00   4.0303711e-15   5.3159375e-01   5.3159375e-01
   4.0000000e+00   8.0000000e+00   3.9873780e-15   5.1468750e-01   5.1468750e-01
   5.0000000e+00   8.0000000e+00   4.0064731e-15   5.1671875e-01   5.1671875e-01
   6.0000000e+00   8.0000000e+00   4.2237367e-15   5.2275000e-01   5.2275000e-01
   7.0000000e+00   8.0000000e+00   4.2927210e-15   5.6768750e-01   5.6768750e-01
   8.0000000e+00   8.0000000e+00   4.3707631e-15   5.7259375e-01   5.7259375e-01
   9.0000000e+00   8.0000000e+00   4.6153541e-15   5.8528125e-01   5.8528125e-01
   1.0000000e+01   8.0000000e+00   4.6079324e-15   5.7287500e-01   5.7287500e-01
   1.1000000e+01   8.0000000e+00   4.1492518e-15   5.2875000e-01   5.2875000e-01
   1.2000000e+01   8.0000000e+00   4.2181909e-15   5.3996875e-01   5.3996875e-01
   1.3000000e+01   8.0000000e+00   3.9315289e-15   5.2284375e-01   5.2284375e-01
   1.4000000e+01   8.0000000e+00   4.0664855e-15   5.2793750e-01   5.2793750e-01
   1.5000000e+01   8.0000000e+00   4.1965737e-15   5.5021875e-01   5.5021875e-01
   1.6000000e+01   8.0000000e+00   4.3651354e-15   5.6215625e-01   5.6215625e-01
   1.7000000e+01   8.0000000e+00   4.3730806e-15   5.6746875e-01   5.6746875e-01
   1.8000000e+01   8.0000000e+00   4.3341395e-15   5.7250000e-01   5.7250000e-01
   1.9000000e+01   8.0000000e+00   4.2272822e-15   5.5665625e-01   5.5665625e-01
   1.0000000e+00   9.0000000e+00   4.0172869e-15   5.3659375e-01   5.3659375e-01
   2.0000000e+00   9.0000000e+00   4.0785880e-15   5.3253125e-01   5.3253125e-01
   3.0000000e+00   9.0000000e+00   3.9425427e-15   5.1234375e-01   5.1234375e-01
   4.0000000e+00   9.0000000e+00   3.7612246e-15   4.9581250e-01   4.9581250e-01
   5.0000000e+00   9.0000000e+00   3.8045946e-15   4.8937500e-01   4.8937500e-01
   6.0000000e+00   9.0000000e+00   4.0517106e-15   5.0415625e-01   5.0415625e-01
   7.0000000e+00   9.0000000e+00   4.2099134e-15   5.3584375e-01   5.3584375e-01
   8.0000000e+00   9.0000000e+00   4.3523854e-15   5.6909375e-01   5.6909375e-01
   9.0000000e+00   9.0000000e+00   4.3273394e-15   5.6796875e-01   5.6796875e-01
   1.0000000e+01   9.0000000e+00   4.3187642e-15   5.6737500e-01   5.6737500e-01
   1.1000000e+01   9.0000000e+00   4.2004364e-15   5.3906250e-01   5.3906250e-01
   1.2000000e+01   9.0000000e+00   4.0025121e-15   5.1612500e-01   5.1612500e-01
   1.3000000e+01   9.0000000e+00   4.0178579e-15   4.9440625e-01   4.9440625e-01
   1.4000000e+01   9.0000000e+00   3.9041588e-15   5.1134375e-01   5.1134375e-01
   1.5000000e+01   9.0000000e+00   4.2289854e-15   5.5046875e-01   5.5046875e-01
   1.6000000e+01   9.0000000e+00   4.2747021e-15   5.5471875e-01   5.5471875e-01
   1.7000000e+01   9.0000000e+00   4.3518298e-15   5.6121875e-01   5.6121875e-01
   1.8000000e+01   9.0000000e+00   4.4207147e-15   5.6225000e-01   5.6225000e-01
   1.9000000e+01   9.0000000e+00   4.3477923e-15   5.4393750e-01   5.4393750e-01
   1.0000000e+00   1.0000000e+01   4.1897131e-15   5.4546875e-01   5.4546875e-01
   2.0000000e+00   1.0000000e+01   4.1834763e-15   5.4496875e-01   5.4496875e-01
   3.0000000e+00   1.0000000e+01   4.0420809e-15   5.2393750e-01   5.2393750e-01
   4.0000000e+00   1.0000000e+01   3.9466520e-15   5.0309375e-01   5.0309375e-01
   5.0000000e+00   1.0000000e+01   4.0361611e-15   4.9875000e-01   4.9875000e-01
   6.0000000e+00   1.0000000e+01   4.0683067e-15   5.2309375e-01   5.2309375e-01
   7.0000000e+00   1.0000000e+01   4.3490296e-15   5.7368750e-01   5.7368750e-01
   8.0000000e+00   1.0000000e+01   4.4844210e-15   5.8734375e-01   5.8734375e-01
   9.0000000e+00   1.0000000e+01   4.5614383e-15   5.8775000e-01   5.8775000e-01
   1.0000000e+01   1.0000000e+01   4.4306496e-15   5.7300000e-01   5.7300000e-01
   1.1000000e+01   1.0000000e+01   4.2224500e-15   5.4634375e-01   5.4634375e-01
   1.2000000e+01   1.0000000e+01   3.9820986e-15   5.2146875e-01   5.2146875e-01
   1.3000000e+01   1.0000000e+01   3.8578917e-15   5.0771875e-01   5.0771875e-01
   1.4000000e+01   1.0000000e+01   3.9665628e-15   5.2168750e-01   5.2168750e-01
   1.5000000e+01   1.0000000e+01   4.1978064e-15   5.5425000e-01   5.5425000e-01
   1.6000000e+01   1.0000000e+01   4.4678992e-15   5.8546875e-01   5.8546875e-01
   1.7000000e+01   1.0000000e+01   4.5338383e-15   5.8671875e-01   5.8671875e-01
   1.8000000e+01   1.0000000e+01   4.3099163e-15   5.4925000e-01   5.4925000e-01
   1.9000000e+01   1.0000000e+01   4.4703006e-15   5.4390625e-01   5.4390625e-01
   1.0000000e+00   1.1000000e+01   4.5349683e-15   5.8062500e-01   5.8062500e-01
   2.0000000e+00   1.1000000e+01   4.3463625e-15   5.6246875e-01   5.6246875e-01
   3.0000000e+00   1.1000000e+01   4.1106798e-15   5.3815625e-01   5.3815625e-01
   4.0000000e+00   1.1000000e+01   3.9630843e-15   5.2381250e-01   5.2381250e-01
   5.0000000e+00   1.1000000e+01   4.0454850e-15   5.2628125e-01   5.2628125e-01
   6.0000000e+00   1.1000000e+01   4.3295489e-15   5.5153125e-01   5.5153125e-01
   7.0000000e+00   1.1000000e+01   4.6447672e-15   5.9146875e-01   5.9146875e-01
   8.0000000e+00   1.1000000e+01   4.8971935e-15   6.1659375e-01   6.1659375e-01
   9.0000000e+00   1.1000000e+01   4.8779440e-15   6.2037500e-01   6.2037500e-01
   1.0000000e+01   1.1000000e+01   4.6788878e-15   6.0221875e-01   6.0221875e-01
   1.1000000e+01   1.1000000e+01   4.3741362e-15   5.6537500e-01   5.6537500e-01
   1.2000000e+01   1.1000000e+01   4.1592265e-15   5.4565625e-01   5.4565625e-01
   1.3000000e+01   1.1000000e+01   4.0192271e-15   5.2818750e-01   5.2818750e-01
   1.4000000e+01   1.1000000e+01   4.0642669e-15   5.2571875e-01   5.2571875e-01
   1.5000000e+01   1.1000000e+01   4.4532694e-15   5.4821875e-01   5.4821875e-01
   1.6000000e+01   1.1000000e+01   4.8628090e-15   6.0156250e-01   6.0156250e-01
   1.7000000e+01   1.1000000e+01   4.7733477e-15   6.1815625e-01   6.1815625e-01
   1.8000000e+01   1.1000000e+01   4.7504483e-15   6.1093750e-01   6.1093750e-01
   1.9000000e+01   1.1000000e+01   4.3856278e-15   5.7187500e-01   5.7187500e-01
   1.0000000e+00   1.2000000e+01   4.6119179e-15   5.9943750e-01   5.9943750e-01
   2.0000000e+00   1.2000000e+01   4.6062380e-15   5.8359375e-01   5.8359375e-01
   3.0000000e+00   1.2000000e+01   4.4609784e-15   5.6300000e-01   5.6300000e-01
   4.0000000e+00   1.2000000e+01   4.3412753e-15   5.3415625e-01   5.3415625e-01
   5.0000000e+00   1.2000000e+01   4.2998205e-15   5.6178125e-01   5.6178125e-01
   6.0000000e+00   1.2000000e+01   4.5018245e-15   5.8796875e-01   5.8796875e-01
   7.0000000e+00   1.2000000e+01   4.7182614e-15   6.1256250e-01   6.1256250e-01
   8.0000000e+00   1.2000000e+01   4.8408358e-15   6.3228125e-01   6.3228125e-01
   9.0000000e+00   1.2000000e+01   4.9160049e-15   6.3584375e-01   6.3584375e-01
   1.0000000e+01   1.2000000e+01   4.7977131e-15   6.2571875e-01   6.2571875e-01
   1.1000000e+01   1.2000000e+01   4.5009152e-15   5.9353125e-01   5.9353125e-01
   1.2000000e+01   1.2000000e+01   4.3962332e-15   5.7750000e-01   5.7750000e-01
   1.3000000e+01   1.2000000e+01   4.2601334e-15   5.6734375e-01   5.6734375e-01
   1.4000000e+01   1.2000000e+01   4.3830303e-15   5.7496875e-01   5.7496875e-01
   1.5000000e+01   1.2000000e+01   4.5854344e-15   6.0043750e-01   6.0043750e-01
   1.6000000e+01   1.2000000e+01   4.7919117e-15   6.2043750e-01   6.2043750e-01
   1.7000000e+01   1.2000000e+01   4.8478094e-15   6.2837500e-01   6.2837500e-01
   1.8000000e+01   1.2000000e+01   4.8043545e-15   6.2834375e-01   6.2834375e-01
   1.9000000e+01   1.2000000e+01   4.5642351e-15   5.9915625e-01   5.9915625e-01
   1.0000000e+00   1.3000000e+01   4.6419735e-15   5.9246875e-01   5.9246875e-01
   2.0000000e+00   1.3000000e+01   4.8870840e-15   5.8912500e-01   5.8912500e-01
   3.0000000e+00   1.3000000e+01   4.7315334e-15   5.8556250e-01   5.8556250e-01
   4.0000000e+00   1.3000000e+01   4.6356581e-15   5.8859375e-01   5.8859375e-01
   5.0000000e+00   1.3000000e+01   4.7518048e-15   5.9715625e-01   5.9715625e-01
   6.0000000e+00   1.3000000e+01   4.7814412e-15   6.1556250e-01   6.1556250e-01
   7.0000000e+00   1.3000000e+01   5.0459497e-15   6.4162500e-01   6.4162500e-01
   8.0000000e+00   1.3000000e+01   5.1838065e-15   6.5581250e-01   6.5581250e-01
   9.0000000e+00   1.3000000e+01   5.1868119e-15   6.5909375e-01   6.5909375e-01
   1.0000000e+01   1.3000000e+01   5.0593686e-15   6.4728125e-01   6.4728125e-01
   1.1000000e+01   1.3000000e+01   4.7528935e-15   6.1684375e-01   6.1684375e-01
   1.2000000e+01   1.3000000e+01   4.6060640e-15   5.8628125e-01   5.8628125e-01
   1.3000000e+01   1.3000000e+01   4.7519542e-15   5.8406250e-01   5.8406250e-01
   1.4000000e+01   1.3000000e+01   4.8839953e-15   6.0450000e-01   6.0450000e-01
   1.5000000e+01   1.3000000e+01   5.0138473e-15   6.2018750e-01   6.2018750e-01
   1.6000000e+01   1.3000000e+01   5.1849021e-15   6.4359375e-01   6.4359375e-01
   1.7000000e+01   1.3000000e+01   5.2679859e-15   6.5837500e-01   6.5837500e-01
   1.8000000e+01   1.3000000e+01   5.0676209e-15   6.4806250e-01   6.4806250e-01
   1.9000000e+01   1.3000000e+01   4.8506279e-15   6.2971875e-01   6.2971875e-01
   1.0000000e+00   1.4000000e+01   5.1973406e-15   6.4403125e-01   6.4403125e-01
   2.0000000e+00   1.4000000e+01   5.1116141e-15   6.4446875e-01   6.4446875e-01
   3.0000000e+00   1.4000000e+01   4.8325699e-15   6.2850000e-01   6.2850000e-01
   4.0000000e+00   1.4000000e+01   4.7485139e-15   6.1831250e-01   6.1831250e-01
   5.0000000e+00   1.4000000e+01   4.8216353e-15   6.0143750e-01   6.0143750e-01
   6.0000000e+00   1.4000000e+01   5.0101535e-15   6.4043750e-01   6.4043750e-01
   7.0000000e+00   1.4000000e+01   5.1205333e-15   6.5890625e-01   6.5890625e-01
   8.0000000e+00   1.4000000e+01   5.3579844e-15   6.8465625e-01   6.8465625e-01
   9.0000000e+00   1.4000000e+01   5.5266509e-15   6.8737500e-01   6.8737500e-01
   1.0000000e+01   1.4000000e+01   5.3131925e-15   6.7896875e-01   6.7896875e-01
   1.1000000e+01   1.4000000e+01   5.0493678e-15   6.6065625e-01   6.6065625e-01
   1.2000000e+01   1.4000000e+01   4.8309114e-15   6.0793750e-01   6.0793750e-01
   1.3000000e+01   1.4000000e+01   4.9594520e-15   6.2043750e-01   6.2043750e-01
   1.4000000e+01   1.4000000e+01   4.9881605e-15   6.3215625e-01   6.3215625e-01
   1.5000000e+01   1.4000000e+01   4.9252778e-15   6.4675000e-01   6.4675000e-01
   1.6000000e+01   1.4000000e+01   5.2220469e-15   6.7562500e-01   6.7562500e-01
   1.7000000e+01   1.4000000e+01   5.2292853e-15   6.5778125e-01   6.5778125e-01
   1.8000000e+01   1.4000000e+01   5.4999720e-15   6.8050000e-01   6.8050000e-01
   1.9000000e+01   1.4000000e+01   5.1788431e-15   6.6478125e-01   6.6478125e-01
   1.0000000e+00   1.5000000e+01   5.3173904e-15   6.9137500e-01   6.9137500e-01
   2.0000000e+00   1.5000000e+01   5.3011757e-15   6.8200000e-01   6.8200000e-01
   3.0000000e+00   1.5000000e+01   5.1790937e-15   6.4578125e-01   6.4578125e-01
   4.0000000e+00   1.5000000e+01   5.0937111e-15   6.4646875e-01   6.4646875e-01
   5.0000000e+00   1.5000000e+01   4.9908105e-15   6.5006250e-01   6.5006250e-01
   6.0000000e+00   1.5000000e+01   5.2286119e-15   6.6990625e-01   6.6990625e-01
   7.0000000e+00   1.5000000e+01   5.5267087e-15   6.7578125e-01   6.7578125e-01
   8.0000000e+00   1.5000000e+01   5.7353988e-15   7.1434375e-01   7.1434375e-01
   9.0000000e+00   1.5000000e+01   5.7543091e-15   7.2409375e-01   7.2409375e-01
   1.0000000e+01   1.5000000e+01   5.6775089e-15   7.1709375e-01   7.1709375e-01
   1.1000000e+01   1.5000000e+01   5.4154276e-15   6.8959375e-01   6.8959375e-01
   1.2000000e+01   1.5000000e+01   5.1039837e-15   6.6090625e-01   6.6090625e-01
   1.3000000e+01   1.5000000e+01   4.9927220e-15   6.4628125e-01   6.4628125e-01
   1.4000000e+01   1.5000000e+01   5.1586778e-15   6.6375000e-01   6.6375000e-01
   1.5000000e+01   1.5000000e+01   5.3631798e-15   6.8062500e-01   6.8062500e-01
   1.6000000e+01   1.5000000e+01   5.4752589e-15   7.0090625e-01   7.0090625e-01
   1.7000000e+01   1.5000000e+01   5.7448764e-15   7.2043750e-01   7.2043750e-01
   1.8000000e+01   1.5000000e+01   5.7345430e-15   7.2203125e-01   7.2203125e-01
   1.9000000e+01   1.5000000e+01   5.6074536e-15   7.0140625e-01   7.0140625e-01
   1.0000000e+00   1.6000000e+01   5.8257732e-15   7.2334375e-01   7.2334375e-01
   2.0000000e+00   1.6000000e+01   5.6593535e-15   7.1381250e-01   7.1381250e-01
   3.0000000e+00   1.6000000e+01   5.5143328e-15   6.9200000e-01   6.9200000e-01
   4.0000000e+00   1.6000000e+01   5.2249162e-15   6.7062500e-01   6.7062500e-01
   5.0000000e+00   1.6000000e+01   5.3898216e-15   6.8846875e-01   6.8846875e-01
   6.0000000e+00   1.6000000e+01   5.6246472e-15   7.1846875e-01   7.1846875e-01
   7.0000000e+00   1.6000000e+01   5.9780763e-15   7.2456250e-01   7.2456250e-01
   8.0000000e+00   1.6000000e+01   6.1262390e-15   7.5934375e-01   7.5934375e-01
   9.0000000e+00   1.6000000e+01   6.1010448e-15   7.6403125e-01   7.6403125e-01
   1.0000000e+01   1.6000000e+01   6.0843958e-15   7.5362500e-01   7.5362500e-01
   1.1000000e+01   1.6000000e+01   5.7286639e-15   7.2121875e-01   7.2121875e-01
   1.2000000e+01   1.6000000e+01   5.4078256e-15   6.8937500e-01   6.8937500e-01
   1.3000000e+01   1.6000000e+01   5.3590434e-15   6.8034375e-01   6.8034375e-01
   1.4000000e+01   1.6000000e+01   5.5448125e-15   7.0271875e-01   7.0271875e-01
   1.5000000e+01   1.6000000e+01   5.7355255e-15   7.2665625e-01   7.2665625e-01
   1.6000000e+01   1.6000000e+01   5.8864345e-15   7.4590625e-01   7.4590625e-01
   1.7000000e+01   1.6000000e+01   5.9079480e-15   7.5037500e-01   7.5037500e-01
   1.8000000e+01   1.6000000e+01   5.9317611e-15   7.5896875e-01   7.5896875e-01
   1.9000000e+01   1.6000000e+01   5.7073008e-15   7.3156250e-01   7.3156250e-01
   1.0000000e+00   1.7000000e+01   6.0221667e-15   7.3665625e-01   7.3665625e-01
   2.0000000e+00   1.7000000e+01   6.0660631e-15   7.4584375e-01   7.4584375e-01
   3.0000000e+00   1.7000000e+01   5.7039826e-15   7.1975000e-01   7.1975000e-01
   4.0000000e+00   1.7000000e+01   5.5761678e-15   7.0059375e-01   7.0059375e-01
   5.0000000e+00   1.7000000e+01   5.6108042e-15   7.1609375e-01   7.1609375e-01
   6.0000000e+00   1.7000000e+01   5.8871390e-15   7.4478125e-01   7.4478125e-01
   7.0000000e+00   1.7000000e+01   6.2558847e-15   7.7809375e-01   7.7809375e-01
   8.0000000e+00   1.7000000e+01   6.3317166e-15   8.0137500e-01   8.0137500e-01
   9.0000000e+00   1.7000000e+01   6.2416174e-15   7.9465625e-01   7.9465625e-01
   1.0000000e+01   1.7000000e+01   6.3342889e-15   7.8346875e-01   7.8346875e-01
   1.1000000e+01   1.7000000e+01   5.9451250e-15   7.4984375e-01   7.4984375e-01
   1.2000000e+01   1.7000000e+01   5.6299104e-15   7.1500000e-01   7.1500000e-01
   1.3000000e+01   1.7000000e+01   5.5327307e-15   6.9525000e-01   6.9525000e-01
   1.4000000e+01   1.7000000e+01   5.8491641e-15   7.2950000e-01   7.2950000e-01
   1.5000000e+01   1.7000000e+01   6.0440679e-15   7.6309375e-01   7.6309375e-01
   1.6000000e+01   1.7000000e+01   6.0447974e-15   7.7815625e-01   7.7815625e-01
   1.7000000e+01   1.7000000e+01   6.3592769e-15   7.7546875e-01   7.7546875e-01
   1.8000000e+01   1.7000000e+01   6.2290947e-15   7.8487500e-01   7.8487500e-01
   1.9000000e+01   1.7000000e+01   5.9420210e-15   7.5631250e-01   7.5631250e-01
   1.0000000e+00   1.8000000e+01   6.1712853e-15   7.7506250e-01   7.7506250e-01
   2.0000000e+00   1.8000000e+01   5.9215894e-15   7.6368750e-01   7.6368750e-01
   3.0000000e+00   1.8000000e+01   5.8032976e-15   7.3106250e-01   7.3106250e-01
   4.0000000e+00   1.8000000e+01   5.7395608e-15   7.1353125e-01   7.1353125e-01
   5.0000000e+00   1.8000000e+01   5.8142934e-15   7.3634375e-01   7.3634375e-01
   6.0000000e+00   1.8000000e+01   6.0534824e-15   7.7725000e-01   7.7725000e-01
   7.0000000e+00   1.8000000e+01   6.4312152e-15   7.9781250e-01   7.9781250e-01
   8.0000000e+00   1.8000000e+01   6.4536013e-15   8.1640625e-01   8.1640625e-01
   9.0000000e+00   1.8000000e+01   6.3193381e-15   8.0568750e-01   8.0568750e-01
   1.0000000e+01   1.8000000e+01   6.5049247e-15   8.0637500e-01   8.0637500e-01
   1.1000000e+01   1.8000000e+01   6.1104156e-15   7.7368750e-01   7.7368750e-01
   1.2000000e+01   1.8000000e+01   5.6731782e-15   7.3487500e-01   7.3487500e-01
   1.3000000e+01   1.8000000e+01   5.6936721e-15   7.0331250e-01   7.0331250e-01
   1.4000000e+01   1.8000000e+01   5.9391480e-15   7.5356250e-01   7.5356250e-01
   1.5000000e+01   1.8000000e+01   6.1331877e-15   7.8540625e-01   7.8540625e-01
   1.6000000e+01   1.8000000e+01   6.3053580e-15   7.7034375e-01   7.7034375e-01
   1.7000000e+01   1.8000000e+01   6.4110734e-15   8.0700000e-01   8.0700000e-01
   1.8000000e+01   1.8000000e+01   6.3145754e-15   8.0278125e-01   8.0278125e-01
   1.9000000e+01   1.8000000e+01   6.0543432e-15   7.7731250e-01   7.7731250e-01
   1.0000000e+00   1.9000000e+01   6.1790491e-15   7.7425000e-01   7.7425000e-01
   2.0000000e+00   1.9000000e+01   6.2252166e-15   7.7187500e-01   7.7187500e-01
   3.0000000e+00   1.9000000e+01   5.8592865e-15   7.4275000e-01   7.4275000e-01
   4.0000000e+00   1.9000000e+01   5.6462011e-15   7.2459375e-01   7.2459375e-01
   5.0000000e+00   1.9000000e+01   5.8954846e-15   7.4725000e-01   7.4725000e-01
   6.0000000e+00   1.9000000e+01   6.0104668e-15   7.4809375e-01   7.4809375e-01
   7.0000000e+00   1.9000000e+01   6.3845464e-15   7.8428125e-01   7.8428125e-01
   8.0000000e+00   1.9000000e+01   6.5686101e-15   8.1378125e-01   8.1378125e-01
   9.0000000e+00   1.9000000e+01   6.5324635e-15   8.2212500e-01   8.2212500e-01
   1.0000000e+01   1.9000000e+01   6.3584349e-15   8.0856250e-01   8.0856250e-01
   1.1000000e+01   1.9000000e+01   6.0834875e-15   7.8450000e-01   7.8450000e-01
   1.2000000e+01   1.9000000e+01   5.7922498e-15   7.2075000e-01   7.2075000e-01
   1.3000000e+01   1.9000000e+01   5.8609470e-15   7.3631250e-01   7.3631250e-01
   1.4000000e+01   1.9000000e+01   5.8367714e-15   7.5528125e-01   7.5528125e-01
   1.5000000e+01   1.9000000e+01   6.1744972e-15   7.5884375e-01   7.5884375e-01
   1.6000000e+01   1.9000000e+01   6.2870142e-15   8.0090625e-01   8.0090625e-01
   1.7000000e+01   1.9000000e+01   6.3374702e-15   8.0025000e-01   8.0025000e-01
   1.8000000e+01   1.9000000e+01   6.3544101e-15   8.0456250e-01   8.0456250e-01
   1.9000000e+01   1.9000000e+01   6.1076217e-15   7.7678125e-01   7.7678125e-01
   1.0000000e+00   2.0000000e+01   5.9958872e-15   7.3834375e-01   7.3834375e-01
   2.0000000e+00   2.0000000e+01   5.9843002e-15   7.6262500e-01   7.6262500e-01
   3.0000000e+00   2.0000000e+01   5.7405703e-15   7.4046875e-01   7.4046875e-01
   4.0000000e+00   2.0000000e+01   5.6884061e-15   7.0300000e-01   7.0300000e-01
   5.0000000e+00   2.0000000e+01   5.8251529e-15   7.4053125e-01   7.4053125e-01
   6.0000000e+00   2.0000000e+01   6.0345078e-15   7.7509375e-01   7.7509375e-01
   7.0000000e+00   2.0000000e+01   6.2135275e-15   7.9106250e-01   7.9106250e-01
   8.0000000e+00   2.0000000e+01   6.2040466e-15   7.6803125e-01   7.6803125e-01
   9.0000000e+00   2.0000000e+01   6.5313582e-15   8.0971875e-01   8.0971875e-01
   1.0000000e+01   2.0000000e+01   6.3409781e-15   7.9931250e-01   7.9931250e-01
   1.1000000e+01   2.0000000e+01   6.0386488e-15   7.7484375e-01   7.7484375e-01
   1.2000000e+01   2.0000000e+01   5.7952333e-15   7.4546875e-01   7.4546875e-01
   1.3000000e+01   2.0000000e+01   5.9163556e-15   7.2381250e-01   7.2381250e-01
   1.4000000e+01   2.0000000e+01   6.0773902e-15   7.5990625e-01   7.5990625e-01
   1.5000000e+01   2.0000000e+01   6.1039191e-15   7.7981250e-01   7.7981250e-01
   1.6000000e+01   2.0000000e+01   6.1890484e-15   7.9800000e-01   7.9800000e-01
   1.7000000e+01   2.0000000e+01   6.3110230e-15   8.0328125e-01   8.0328125e-01
   1.8000000e+01   2.0000000e+01   6.2378984e-15   7.7021875e-01   7.7021875e-01
   1.9000000e+01   2.0000000e+01   6.1145187e-15   7.6712500e-01   7.6712500e-01
   1.0000000e+00   2.1000000e+01   5.7647415e-15   7.3159375e-01   7.3159375e-01
   2.0000000e+00   2.1000000e+01   6.0074469e-15   7.4337500e-01   7.4337500e-01
   3.0000000e+00   2.1000000e+01   5.5055374e-15   7.1281250e-01   7.1281250e-01
   4.0000000e+00   2.1000000e+01   5.4503728e-15   6.9815625e-01   6.9815625e-01
   5.0000000e+00   2.1000000e+01   5.6989883e-15   7.1068750e-01   7.1068750e-01
   6.0000000e+00   2.1000000e+01   5.9538752e-15   7.5331250e-01   7.5331250e-01
   7.0000000e+00   2.1000000e+01   6.0341436e-15   7.6431250e-01   7.6431250e-01
   8.0000000e+00   2.1000000e+01   6.2833583e-15   7.8271875e-01   7.8271875e-01
   9.0000000e+00   2.1000000e+01   6.2083055e-15   7.8703125e-01   7.8703125e-01
   1.0000000e+01   2.1000000e+01   6.0745692e-15   7.8250000e-01   7.8250000e-01
   1.1000000e+01   2.1000000e+01   5.8141088e-15   7.2150000e-01   7.2150000e-01
   1.2000000e+01   2.1000000e+01   5.7456920e-15   7.1887500e-01   7.1887500e-01
   1.3000000e+01   2.1000000e+01   5.6356703e-15   7.1412500e-01   7.1412500e-01
   1.4000000e+01   2.1000000e+01   5.8132415e-15   7.4181250e-01   7.4181250e-01
   1.5000000e+01   2.1000000e+01   5.9629839e-15   7.6981250e-01   7.6981250e-01
   1.6000000e+01   2.1000000e+01   6.0985137e-15   7.4612500e-01   7.4612500e-01
   1.7000000e+01   2.1000000e+01   6.1973570e-15   7.8100000e-01   7.8100000e-01
   1.8000000e+01   2.1000000e+01   6.0936553e-15   7.7309375e-01   7.7309375e-01
   1.9000000e+01   2.1000000e+01   5.8924658e-15   7.5071875e-01   7.5071875e-01
   1.0000000e+00   2.2000000e+01   5.6585784e-15   7.1125000e-01   7.1125000e-01
   2.0000000e+00   2.2000000e+01   5.4437044e-15   7.0053125e-01   7.0053125e-01
   3.0000000e+00   2.2000000e+01   5.2440768e-15   6.7793750e-01   6.7793750e-01
   4.0000000e+00   2.2000000e+01   4.9480256e-15   6.2725000e-01   6.2725000e-01
   5.0000000e+00   2.2000000e+01   5.4695805e-15   6.7753125e-01   6.7753125e-01
   6.0000000e+00   2.2000000e+01   5.5607056e-15   7.0234375e-01   7.0234375e-01
   7.0000000e+00   2.2000000e+01   5.6488161e-15   7.2190625e-01   7.2190625e-01
   8.0000000e+00   2.2000000e+01   5.8331939e-15   7.4693750e-01   7.4693750e-01
   9.0000000e+00   2.2000000e+01   5.8508752e-15   7.4375000e-01   7.4375000e-01
   1.0000000e+01   2.2000000e+01   5.7501510e-15   7.0590625e-01   7.0590625e-01
   1.1000000e+01   2.2000000e+01   5.6360299e-15   7.0456250e-01   7.0456250e-01
   1.2000000e+01   2.2000000e+01   5.3143740e-15   6.7718750e-01   6.7718750e-01
   1.3000000e+01   2.2000000e+01   5.2069863e-15   6.7371875e-01   6.7371875e-01
   1.4000000e+01   2.2000000e+01   5.4119086e-15   7.0346875e-01   7.0346875e-01
   1.5000000e+01   2.2000000e+01   5.6645155e-15   6.9318750e-01   6.9318750e-01
   1.6000000e+01   2.2000000e+01   5.8082254e-15   7.3128125e-01   7.3128125e-01
   1.7000000e+01   2.2000000e+01   5.7797445e-15   7.4659375e-01   7.4659375e-01
   1.8000000e+01   2.2000000e+01   5.8278658e-15   7.1625000e-01   7.1625000e-01
   1.9000000e+01   2.2000000e+01   5.5684297e-15   7.0590625e-01   7.0590625e-01
   1.0000000e+00   2.3000000e+01   4.9983792e-15   6.5078125e-01   6.5078125e-01
   2.0000000e+00   2.3000000e+01   5.2326891e-15   6.5015625e-01   6.5015625e-01
   3.0000000e+00   2.3000000e+01   4.8101759e-15   6.2481250e-01   6.2481250e-01
   4.0000000e+00   2.3000000e+01   4.5625983e-15   5.9687500e-01   5.9687500e-01
   5.0000000e+00   2.3000000e+01   4.7125275e-15   6.1734375e-01   6.1734375e-01
   6.0000000e+00   2.3000000e+01   5.1195875e-15   6.4075000e-01   6.4075000e-01
   7.0000000e+00   2.3000000e+01   5.1791074e-15   6.6840625e-01   6.6840625e-01
   8.0000000e+00   2.3000000e+01   5.2536658e-15   6.8384375e-01   6.8384375e-01
   9.0000000e+00   2.3000000e+01   5.3585611e-15   6.8625000e-01   6.8625000e-01
   1.0000000e+01   2.3000000e+01   5.5053658e-15   6.8346875e-01   6.8346875e-01
   1.1000000e+01   2.3000000e+01   5.0727398e-15   6.5462500e-01   6.5462500e-01
   1.2000000e+01   2.3000000e+01   4.7526153e-15   6.1928125e-01   6.1928125e-01
   1.3000000e+01   2.3000000e+01   4.7225667e-15   5.9215625e-01   5.9215625e-01
   1.4000000e+01   2.3000000e+01   5.0692243e-15   6.4303125e-01   6.4303125e-01
   1.5000000e+01   2.3000000e+01   5.1566658e-15   6.6362500e-01   6.6362500e-01
   1.6000000e+01   2.3000000e+01   5.2480270e-15   6.7621875e-01   6.7621875e-01
   1.7000000e+01   2.3000000e+01   5.2644085e-15   6.5881250e-01   6.5881250e-01
   1.8000000e+01   2.3000000e+01   5.3904133e-15   6.7256250e-01   6.7256250e-01
   1.9000000e+01   2.3000000e+01   5.2074252e-15   6.5250000e-01   6.5250000e-01
   1.0000000e+00   2.4000000e+01   4.5859998e-15   5.9856250e-01   5.9856250e-01
   2.0000000e+00   2.4000000e+01   4.4492444e-15   5.9081250e-01   5.9081250e-01
   3.0000000e+00   2.4000000e+01   4.2114584e-15   5.3715625e-01   5.3715625e-01
   4.0000000e+00   2.4000000e+01   4.3528822e-15   5.3359375e-01   5.3359375e-01
   5.0000000e+00   2.4000000e+01   4.3897212e-15   5.4134375e-01   5.4134375e-01
   6.0000000e+00   2.4000000e+01   4.3988832e-15   5.5909375e-01   5.5909375e-01
   7.0000000e+00   2.4000000e+01   4.6473783e-15   6.1621875e-01   6.1621875e-01
   8.0000000e+00   2.4000000e+01   4.7787516e-15   6.2456250e-01   6.2456250e-01
   9.0000000e+00   2.4000000e+01   4.8655890e-15   6.3287500e-01   6.3287500e-01
   1.0000000e+01   2.4000000e+01   4.9364779e-15   6.2712500e-01   6.2712500e-01
   1.1000000e+01   2.4000000e+01   4.6419362e-15   5.9843750e-01   5.9843750e-01
   1.2000000e+01   2.4000000e+01   4.5298824e-15   5.6250000e-01   5.6250000e-01
   1.3000000e+01   2.4000000e+01   4.2353281e-15   5.2665625e-01   5.2665625e-01
   1.4000000e+01   2.4000000e+01   4.3361150e-15   5.7000000e-01   5.7000000e-01
   1.5000000e+01   2.4000000e+01   4.6411636e-15   6.0806250e-01   6.0806250e-01
   1.6000000e+01   2.4000000e+01   4.7089123e-15   6.1728125e-01   6.1728125e-01
   1.7000000e+01   2.4000000e+01   4.8868847e-15   6.3084375e-01   6.3084375e-01
   1.8000000e+01   2.4000000e+01   4.8864310e-15   6.2240625e-01   6.2240625e-01
   1.9000000e+01   2.4000000e+01   4.4668348e-15   5.6390625e-01   5.6390625e-01
   1.0000000e+00   2.5000000e+01   4.2849210e-15   5.4709375e-01   5.4709375e-01
   2.0000000e+00   2.5000000e+01   4.1822217e-15   5.1978125e-01   5.1978125e-01
   3.0000000e+00   2.5000000e+01   4.0292220e-15   5.3250000e-01   5.3250000e-01
   4.0000000e+00   2.5000000e+01   3.8649911e-15   5.1228125e-01   5.1228125e-01
   5.0000000e+00   2.5000000e+01   4.1950181e-15   5.2562500e-01   5.2562500e-01
   6.0000000e+00   2.5000000e+01   4.0802325e-15   5.2187500e-01   5.2187500e-01
   7.0000000e+00   2.5000000e+01   4.3442401e-15   5.7121875e-01   5.7121875e-01
   8.0000000e+00   2.5000000e+01   4.5236478e-15   5.7925000e-01   5.7925000e-01
   9.0000000e+00   2.5000000e+01   4.6950962e-15   5.8525000e-01   5.8525000e-01
   1.0000000e+01   2.5000000e+01   4.3635046e-15   5.6793750e-01   5.6793750e-01
   1.1000000e+01   2.5000000e+01   4.1885641e-15   5.5678125e-01   5.5678125e-01
   1.2000000e+01   2.5000000e+01   4.0535760e-15   5.3193750e-01   5.3193750e-01
   1.3000000e+01   2.5000000e+01   4.2160053e-15   5.2700000e-01   5.2700000e-01
   1.4000000e+01   2.5000000e+01   4.1446790e-15   5.3575000e-01   5.3575000e-01
   1.5000000e+01   2.5000000e+01   4.4019025e-15   5.7246875e-01   5.7246875e-01
   1.6000000e+01   2.5000000e+01   4.5192319e-15   5.8403125e-01   5.8403125e-01
   1.7000000e+01   2.5000000e+01   4.4478089e-15   5.7168750e-01   5.7168750e-01
   1.8000000e+01   2.5000000e+01   4.4055646e-15   5.7868750e-01   5.7868750e-01
   1.9000000e+01   2.5000000e+01   4.3039782e-15   5.5521875e-01   5.5521875e-01
   1.0000000e+00   2.6000000e+01   4.0096877e-15   5.2959375e-01   5.2959375e-01
   2.0000000e+00   2.6000000e+01   3.9434045e-15   5.1356250e-01   5.1356250e-01
   3.0000000e+00   2.6000000e+01   3.8550430e-15   4.8237500e-01   4.8237500e-01
   4.0000000e+00   2.6000000e+01   3.6339091e-15   4.8962500e-01   4.8962500e-01
   5.0000000e+00   2.6000000e+01   3.9821792e-15   5.0221875e-01   5.0221875e-01
   6.0000000e+00   2.6000000e+01   3.9730656e-15   5.1987500e-01   5.1987500e-01
   7.0000000e+00   2.6000000e+01   4.1936727e-15   5.4650000e-01   5.4650000e-01
   8.0000000e+00   2.6000000e+01   4.2842662e-15   5.5631250e-01   5.5631250e-01
   9.0000000e+00   2.6000000e+01   4.4778874e-15   5.5165625e-01   5.5165625e-01
   1.0000000e+01   2.6000000e+01   4.2457787e-15   5.5171875e-01   5.5171875e-01
   1.1000000e+01   2.6000000e+01   4.0456816e-15   5.2696875e-01   5.2696875e-01
   1.2000000e+01   2.6000000e+01   4.0012142e-15   5.1750000e-01   5.1750000e-01
   1.3000000e+01   2.6000000e+01   4.1504898e-15   5.1981250e-01   5.1981250e-01
   1.4000000e+01   2.6000000e+01   4.2270706e-15   5.1903125e-01   5.1903125e-01
   1.5000000e+01   2.6000000e+01   4.3105882e-15   5.6778125e-01   5.6778125e-01
   1.6000000e+01   2.6000000e+01   4.3786801e-15   5.7221875e-01   5.7221875e-01
   1.7000000e+01   2.6000000e+01   4.3439806e-15   5.7065625e-01   5.7065625e-01
   1.8000000e+01   2.6000000e+01   4.4139353e-15   5.6656250e-01   5.6656250e-01
   1.9000000e+01   2.6000000e+01   4.2296956e-15   5.1746875e-01   5.1746875e-01
   1.0000000e+00   2.7000000e+01   4.0067022e-15   5.3775000e-01   5.3775000e-01
   2.0000000e+00   2.7000000e+01   4.0041642e-15   5.1984375e-01   5.1984375e-01
   3.0000000e+00   2.7000000e+01   3.9113433e-15   4.9950000e-01   4.9950000e-01
   4.0000000e+00   2.7000000e+01   3.7569160e-15   4.6134375e-01   4.6134375e-01
   5.0000000e+00   2.7000000e+01   3.7659853e-15   4.9368750e-01   4.9368750e-01
   6.0000000e+00   2.7000000e+01   3.9790169e-15   5.2006250e-01   5.2006250e-01
   7.0000000e+00   2.7000000e+01   4.3499052e-15   5.5784375e-01   5.5784375e-01
   8.0000000e+00   2.7000000e+01   4.3674726e-15   5.4478125e-01   5.4478125e-01
   9.0000000e+00   2.7000000e+01   4.4013189e-15   5.6950000e-01   5.6950000e-01
   1.0000000e+01   2.7000000e+01   4.3645038e-15   5.6228125e-01   5.6228125e-01
   1.1000000e+01   2.7000000e+01   4.0317737e-15   5.1034375e-01   5.1034375e-01
   1.2000000e+01   2.7000000e+01   3.8486801e-15   5.1265625e-01   5.1265625e-01
   1.3000000e+01   2.7000000e+01   4.0097833e-15   5.1596875e-01   5.1596875e-01
   1.4000000e+01   2.7000000e+01   4.1745111e-15   5.1315625e-01   5.1315625e-01
   1.5000000e+01   2.7000000e+01   4.5059503e-15   5.8706250e-01   5.8706250e-01
   1.6000000e+01   2.7000000e+01   4.7066227e-15   6.0093750e-01   6.0093750e-01
   1.7000000e+01   2.7000000e+01   4.7854942e-15   5.9196875e-01   5.9196875e-01
   1.8000000e+01   2.7000000e+01   4.4087581e-15   5.4403125e-01   5.4403125e-01
   1.9000000e+01   2.7000000e+01   4.3099676e-15   5.5821875e-01   5.5821875e-01
   1.0000000e+00   2.8000000e+01   4.3879778e-15   5.5593750e-01   5.5593750e-01
   2.0000000e+00   2.8000000e+01   4.1280747e-15   5.1481250e-01   5.1481250e-01
   3.0000000e+00   2.8000000e+01   3.8640888e-15   5.0125000e-01   5.0125000e-01
   4.0000000e+00   2.8000000e+01   3.7669725e-15   4.9675000e-01   4.9675000e-01
   5.0000000e+00   2.8000000e+01   3.6922625e-15   4.9396875e-01   4.9396875e-01
   6.0000000e+00   2.8000000e+01   4.0890710e-15   5.2240625e-01   5.2240625e-01
   7.0000000e+00   2.8000000e+01   4.3766293e-15   5.6768750e-01   5.6768750e-01
   8.0000000e+00   2.8000000e+01   4.6125796e-15   5.8771875e-01   5.8771875e-01
   9.0000000e+00   2.8000000e+01   4.6378238e-15   5.9487500e-01   5.9487500e-01
   1.0000000e+01   2.8000000e+01   4.5475894e-15   5.7665625e-01   5.7665625e-01
   1.1000000e+01   2.8000000e+01   4.1633167e-15   5.1690625e-01   5.1690625e-01
   1.2000000e+01   2.8000000e+01   4.0652107e-15   5.3543750e-01   5.3543750e-01
   1.3000000e+01   2.8000000e+01   4.0602716e-15   5.3031250e-01   5.3031250e-01
   1.4000000e+01   2.8000000e+01   4.3004078e-15   5.5121875e-01   5.5121875e-01
   1.5000000e+01   2.8000000e+01   4.6270081e-15   5.9212500e-01   5.9212500e-01
   1.6000000e+01   2.8000000e+01   4.9597947e-15   6.0537500e-01   6.0537500e-01
   1.7000000e+01   2.8000000e+01   4.6456027e-15   5.9006250e-01   5.9006250e-01
   1.8000000e+01   2.8000000e+01   4.7027863e-15   6.0546875e-01   6.0546875e-01
   1.9000000e+01   2.8000000e+01   4.3007720e-15   5.6571875e-01   5.6571875e-01
   1.0000000e+00   2.9000000e+01   4.3532688e-15   5.6350000e-01   5.6350000e-01
   2.0000000e+00   2.9000000e+01   4.1563724e-15   5.3618750e-01   5.3618750e-01
   3.0000000e+00   2.9000000e+01   3.8887969e-15   5.1871875e-01   5.1871875e-01
   4.0000000e+00   2.9000000e+01   3.8891995e-15   5.1009375e-01   5.1009375e-01
   5.0000000e+00   2.9000000e+01   4.0264369e-15   5.1621875e-01   5.1621875e-01
   6.0000000e+00   2.9000000e+01   4.1300678e-15   5.3681250e-01   5.3681250e-01
   7.0000000e+00   2.9000000e+01   4.4701808e-15   5.7087500e-01   5.7087500e-01
   8.0000000e+00   2.9000000e+01   4.7320881e-15   5.9190625e-01   5.9190625e-01
   9.0000000e+00   2.9000000e+01   4.8414428e-15   5.9706250e-01   5.9706250e-01
   1.0000000e+01   2.9000000e+01   4.5672375e-15   5.5534375e-01   5.5534375e-01
   1.1000000e+01   2.9000000e+01   4.2527604e-15   5.4712500e-01   5.4712500e-01
   1.2000000e+01   2.9000000e+01   4.2864107e-15   5.5812500e-01   5.5812500e-01
   1.3000000e+01   2.9000000e+01   4.2885150e-15   5.6243750e-01   5.6243750e-01
   1.4000000e+01   2.9000000e+01   4.4736321e-15   5.7637500e-01   5.7637500e-01
   1.5000000e+01   2.9000000e+01   4.8052027e-15   6.0821875e-01   6.0821875e-01
   1.6000000e+01   2.9000000e+01   5.0044676e-15   6.3171875e-01   6.3171875e-01
   1.7000000e+01   2.9000000e+01   4.9373438e-15   6.3296875e-01   6.3296875e-01
   1.8000000e+01   2.9000000e+01   4.8743587e-15   6.2068750e-01   6.2068750e-01
   1.9000000e+01   2.9000000e+01   4.5205572e-15   5.7734375e-01   5.7734375e-01
   1.0000000e+00   3.0000000e+01   4.5094010e-15   5.7725000e-01   5.7725000e-01
   2.0000000e+00   3.0000000e+01   4.3525275e-15   5.5587500e-01   5.5587500e-01
   3.0000000e+00   3.0000000e+01   4.2013183e-15   5.3784375e-01   5.3784375e-01
   4.0000000e+00   3.0000000e+01   4.1423400e-15   5.3006250e-01   5.3006250e-01
   5.0000000e+00   3.0000000e+01   4.1230047e-15   5.3693750e-01   5.3693750e-01
   6.0000000e+00   3.0000000e+01   4.1898256e-15   5.5012500e-01   5.5012500e-01
   7.0000000e+00   3.0000000e+01   4.4221493e-15   5.8403125e-01   5.8403125e-01
   8.0000000e+00   3.0000000e+01   4.6250839e-15   6.0437500e-01   6.0437500e-01
   9.0000000e+00   3.0000000e+01   4.5284324e-15   5.7237500e-01   5.7237500e-01
   1.0000000e+01   3.0000000e+01   4.8143923e-15   5.8684375e-01   5.8684375e-01
   1.1000000e+01   3.0000000e+01   4.5313492e-15   5.8131250e-01   5.8131250e-01
   1.2000000e+01   3.0000000e+01   4.5577834e-15   5.8137500e-01   5.8137500e-01
   1.3000000e+01   3.0000000e+01   4.5062122e-15   5.8309375e-01   5.8309375e-01
   1.4000000e+01   3.0000000e+01   4.6686090e-15   6.0759375e-01   6.0759375e-01
   1.5000000e+01   3.0000000e+01   4.7722057e-15   6.2771875e-01   6.2771875e-01
   1.6000000e+01   3.0000000e+01   4.8156480e-15   6.1228125e-01   6.1228125e-01
   1.7000000e+01   3.0000000e+01   5.1146065e-15   6.2334375e-01   6.2334375e-01
   1.8000000e+01   3.0000000e+01   5.0705659e-15   6.3371875e-01   6.3371875e-01
   1.9000000e+01   3.0000000e+01   4.7330787e-15   6.0506250e-01   6.0506250e-01
   1.0000000e+00   3.1000000e+01   4.6564569e-15   5.9481250e-01   5.9481250e-01
   2.0000000e+00   3.1000000e+01   4.5613035e-15   5.8031250e-01   5.8031250e-01
   3.0000000e+00   3.1000000e+01   4.4450372e-15   5.5950000e-01   5.5950000e-01
   4.0000000e+00   3.1000000e+01   4.2904268e-15   5.2409375e-01   5.2409375e-01
   5.0000000e+00   3.1000000e+01   4.1394763e-15   5.3850000e-01   5.3850000e-01
   6.0000000e+00   3.1000000e+01   4.3010622e-15   5.6662500e-01   5.6662500e-01
   7.0000000e+00   3.1000000e+01   4.5446800e-15   5.9725000e-01   5.9725000e-01
   8.0000000e+00   3.1000000e+01   4.7207656e-15   6.1240625e-01   6.1240625e-01
   9.0000000e+00   3.1000000e+01   4.8176544e-15   6.2037500e-01   6.2037500e-01
   1.0000000e+01   3.1000000e+01   4.7991671e-15   6.1815625e-01   6.1815625e-01
   1.1000000e+01   3.1000000e+01   4.7076235e-15   6.0743750e-01   6.0743750e-01
   1.2000000e+01   3.1000000e+01   4.6304972e-15   5.9575000e-01   5.9575000e-01
   1.3000000e+01   3.1000000e+01   4.8981763e-15   6.0862500e-01   6.0862500e-01
   1.4000000e+01   3.1000000e+01   4.9352123e-15   6.1012500e-01   6.1012500e-01
   1.5000000e+01   3.1000000e+01   5.0172008e-15   6.1959375e-01   6.1959375e-01
   1.6000000e+01   3.1000000e+01   5.0754053e-15   6.2468750e-01   6.2468750e-01
   1.7000000e+01   3.1000000e+01   4.9748436e-15   6.3300000e-01   6.3300000e-01
   1.8000000e+01   3.1000000e+01   5.0000344e-15   6.4375000e-01   6.4375000e-01
   1.9000000e+01   3.1000000e+01   4.8780470e-15   6.3018750e-01   6.3018750e-01
   1.0000000e+00   3.2000000e+01   4.7792029e-15   6.2396875e-01   6.2396875e-01
   2.0000000e+00   3.2000000e+01   4.6625387e-15   6.0118750e-01   6.0118750e-01
   3.0000000e+00   3.2000000e+01   4.3999495e-15   5.7928125e-01   5.7928125e-01
   4.0000000e+00   3.2000000e+01   4.3932503e-15   5.7118750e-01   5.7118750e-01
   5.0000000e+00   3.2000000e+01   4.3922762e-15   5.7350000e-01   5.7350000e-01
   6.0000000e+00   3.2000000e+01   4.6209769e-15   5.9003125e-01   5.9003125e-01
   7.0000000e+00   3.2000000e+01   4.7921903e-15   6.1034375e-01   6.1034375e-01
   8.0000000e+00   3.2000000e+01   5.0198361e-15   6.4103125e-01   6.4103125e-01
   9.0000000e+00   3.2000000e+01   5.1390685e-15   6.5593750e-01   6.5593750e-01
   1.0000000e+01   3.2000000e+01   5.1067276e-15   6.5246875e-01   6.5246875e-01
   1.1000000e+01   3.2000000e+01   5.0498014e-15   6.3803125e-01   6.3803125e-01
   1.2000000e+01   3.2000000e+01   4.9058006e-15   6.2865625e-01   6.2865625e-01
   1.3000000e+01   3.2000000e+01   4.9226820e-15   6.3009375e-01   6.3009375e-01
   1.4000000e+01   3.2000000e+01   5.1628969e-15   6.4525000e-01   6.4525000e-01
   1.5000000e+01   3.2000000e+01   5.1997719e-15   6.4081250e-01   6.4081250e-01
   1.6000000e+01   3.2000000e+01   5.2195874e-15   6.6065625e-01   6.6065625e-01
   1.7000000e+01   3.2000000e+01   5.3941023e-15   7.0128125e-01   7.0128125e-01
   1.8000000e+01   3.2000000e+01   5.4221150e-15   6.8953125e-01   6.8953125e-01
   1.9000000e+01   3.2000000e+01   5.2634570e-15   6.6859375e-01   6.6859375e-01
   1.0000000e+00   3.3000000e+01   5.0227568e-15   6.4984375e-01   6.4984375e-01
   2.0000000e+00   3.3000000e+01   4.7862265e-15   6.3021875e-01   6.3021875e-01
   3.0000000e+00   3.3000000e+01   4.6969851e-15   6.0650000e-01   6.0650000e-01
   4.0000000e+00   3.3000000e+01   4.5637486e-15   5.8818750e-01   5.8818750e-01
   5.0000000e+00   3.3000000e+01   4.6777870e-15   5.9815625e-01   5.9815625e-01
   6.0000000e+00   3.3000000e+01   4.9458486e-15   6.1803125e-01   6.1803125e-01
   7.0000000e+00   3.3000000e+01   5.1237807e-15   6.3675000e-01   6.3675000e-01
   8.0000000e+00   3.3000000e+01   5.2463599e-15   6.4746875e-01   6.4746875e-01
   9.0000000e+00   3.3000000e+01   5.2024884e-15   6.4018750e-01   6.4018750e-01
   1.0000000e+01   3.3000000e+01   5.2590460e-15   6.7550000e-01   6.7550000e-01
   1.1000000e+01   3.3000000e+01   5.0734100e-15   6.6081250e-01   6.6081250e-01
   1.2000000e+01   3.3000000e+01   4.9606500e-15   6.4684375e-01   6.4684375e-01
   1.3000000e+01   3.3000000e+01   4.9644429e-15   6.5012500e-01   6.5012500e-01
   1.4000000e+01   3.3000000e+01   5.2102900e-15   6.7190625e-01   6.7190625e-01
   1.5000000e+01   3.3000000e+01   5.4635247e-15   6.9300000e-01   6.9300000e-01
   1.6000000e+01   3.3000000e+01   5.6876215e-15   7.0459375e-01   7.0459375e-01
   1.7000000e+01   3.3000000e+01   5.5240653e-15   6.9637500e-01   6.9637500e-01
   1.8000000e+01   3.3000000e+01   5.6122273e-15   7.2318750e-01   7.2318750e-01
   1.9000000e+01   3.3000000e+01   5.3665523e-15   6.8837500e-01   6.8837500e-01
   1.0000000e+00   3.4000000e+01   5.3299807e-15   6.7443750e-01   6.7443750e-01
   2.0000000e+00   3.4000000e+01   5.2032543e-15   6.4893750e-01   6.4893750e-01
   3.0000000e+00   3.4000000e+01   5.0352594e-15   6.0828125e-01   6.0828125e-01
   4.0000000e+00   3.4000000e+01   4.8592114e-15   6.0112500e-01   6.0112500e-01
   5.0000000e+00   3.4000000e+01   4.8948073e-15   6.2271875e-01   6.2271875e-01
   6.0000000e+00   3.4000000e+01   5.1192977e-15   6.4965625e-01   6.4965625e-01
   7.0000000e+00   3.4000000e+01   5.3136489e-15   6.7181250e-01   6.7181250e-01
   8.0000000e+00   3.4000000e+01   5.4133573e-15   6.8762500e-01   6.8762500e-01
   9.0000000e+00   3.4000000e+01   5.6056249e-15   7.0506250e-01   7.0506250e-01
   1.0000000e+01   3.4000000e+01   5.5950522e-15   7.0018750e-01   7.0018750e-01
   1.1000000e+01   3.4000000e+01   5.3796153e-15   6.6962500e-01   6.6962500e-01
   1.2000000e+01   3.4000000e+01   4.9586841e-15   6.2178125e-01   6.2178125e-01
   1.3000000e+01   3.4000000e+01   5.1271013e-15   6.5971875e-01   6.5971875e-01
   1.4000000e+01   3.4000000e+01   5.4559675e-15   7.0000000e-01   7.0000000e-01
   1.5000000e+01   3.4000000e+01   5.6697081e-15   7.2565625e-01   7.2565625e-01
   1.6000000e+01   3.4000000e+01   5.9218510e-15   7.5525000e-01   7.5525000e-01
   1.7000000e+01   3.4000000e+01   5.8484856e-15   7.5453125e-01   7.5453125e-01
   1.8000000e+01   3.4000000e+01   5.7806928e-15   7.4837500e-01   7.4837500e-01
   1.9000000e+01   3.4000000e+01   5.4096340e-15   6.9400000e-01   6.9400000e-01
   1.0000000e+00   3.5000000e+01   5.5353187e-15   6.8478125e-01   6.8478125e-01
   2.0000000e+00   3.5000000e+01   5.3659486e-15   6.7603125e-01   6.7603125e-01
   3.0000000e+00   3.5000000e+01   5.0499422e-15   6.4181250e-01   6.4181250e-01
   4.0000000e+00   3.5000000e+01   4.9170242e-15   6.2284375e-01   6.2284375e-01
   5.0000000e+00   3.5000000e+01   4.8378480e-15   6.0937500e-01   6.0937500e-01
   6.0000000e+00   3.5000000e+01   5.0757806e-15   6.7356250e-01   6.7356250e-01
   7.0000000e+00   3.5000000e+01   5.3845193e-15   6.9690625e-01   6.9690625e-01
   8.0000000e+00   3.5000000e+01   5.5900067e-15   7.1200000e-01   7.1200000e-01
   9.0000000e+00   3.5000000e+01   5.6779074e-15   7.2365625e-01   7.2365625e-01
   1.0000000e+01   3.5000000e+01   5.6687813e-15   7.2368750e-01   7.2368750e-01
   1.1000000e+01   3.5000000e+01   5.4586335e-15   6.9906250e-01   6.9906250e-01
   1.2000000e+01   3.5000000e+01   5.3943096e-15   6.7706250e-01   6.7706250e-01
   1.3000000e+01   3.5000000e+01   5.4717503e-15   6.7293750e-01   6.7293750e-01
   1.4000000e+01   3.5000000e+01   5.5675536e-15   6.9706250e-01   6.9706250e-01
   1.5000000e+01   3.5000000e+01   6.0064112e-15   7.3546875e-01   7.3546875e-01
   1.6000000e+01   3.5000000e+01   6.1836944e-15   7.6815625e-01   7.6815625e-01
   1.7000000e+01   3.5000000e+01   6.1367284e-15   7.7759375e-01   7.7759375e-01
   1.8000000e+01   3.5000000e+01   6.0158495e-15   7.7103125e-01   7.7103125e-01
   1.9000000e+01   3.5000000e+01   5.7538786e-15   7.3887500e-01   7.3887500e-01
