   1.0000000e+00   1.0000000e+00   7.6502968e-15   9.6621875e-01   9.6621875e-01
   2.0000000e+00   1.0000000e+00   7.3142362e-15   9.8000000e-01   9.8000000e-01
   3.0000000e+00   1.0000000e+00   7.2825822e-15   9.7746875e-01   9.7746875e-01
   4.0000000e+00   1.0000000e+00   7.0366482e-15   9.5478125e-01   9.5478125e-01
   5.0000000e+00   1.0000000e+00   6.9866696e-15   9.4462500e-01   9.4462500e-01
   6.0000000e+00   1.0000000e+00   6.9088184e-15   9.2721875e-01   9.2721875e-01
   7.0000000e+00   1.0000000e+00   6.8380400e-15   9.1118750e-01   9.1118750e-01
   8.0000000e+00   1.0000000e+00   6.9984901e-15   9.1762500e-01   9.1762500e-01
   9.0000000e+00   1.0000000e+00   6.8077086e-15   9.0603125e-01   9.0603125e-01
   1.0000000e+01   1.0000000e+00   6.6522186e-15   8.8159375e-01   8.8159375e-01
   1.1000000e+01   1.0000000e+00   6.4136009e-15   8.6612500e-01   8.6612500e-01
   1.2000000e+01   1.0000000e+00   6.2245686e-15   8.4515625e-01   8.4515625e-01
   1.3000000e+01   1.0000000e+00   6.1703476e-15   8.4353125e-01   8.4353125e-01
   1.4000000e+01   1.0000000e+00   6.5060301e-15   8.7706250e-01   8.7706250e-01
   1.5000000e+01   1.0000000e+00   6.9854657e-15   9.2953125e-01   9.2953125e-01
   1.6000000e+01   1.0000000e+00   7.1986625e-15   9.7146875e-01   9.7146875e-01
   1.7000000e+01   1.0000000e+00   7.5311466e-15   1.0032812e+00   1.0032812e+00
   1.8000000e+01   1.0000000e+00   7.5709830e-15   1.0112187e+00   1.0112187e+00
   1.9000000e+01   1.0000000e+00   7.3924602e-15   9.9178125e-01   9.9178125e-01
   2.0000000e+01   1.0000000e+00   7.1194423e-15   9.6634375e-01   9.6634375e-01
   2.1000000e+01   1.0000000e+00   7.0150323e-15   9.1693750e-01   9.1693750e-01
   2.2000000e+01   1.0000000e+00   7.1075438e-15   8.9696875e-01   8.9696875e-01
   2.3000000e+01   1.0000000e+00   6.9704789e-15   8.8618750e-01   8.8618750e-01
   2.4000000e+01   1.0000000e+00   6.9579963e-15   8.9390625e-01   8.9390625e-01
   2.5000000e+01   1.0000000e+00   6.8649697e-15   8.9806250e-01   8.9806250e-01
   2.6000000e+01   1.0000000e+00   6.7165392e-15   8.7984375e-01   8.7984375e-01
   2.7000000e+01   1.0000000e+00   6.6378493e-15   8.6618750e-01   8.6618750e-01
   2.8000000e+01   1.0000000e+00   6.4916839e-15   8.2868750e-01   8.2868750e-01
   2.9000000e+01   1.0000000e+00   6.3045356e-15   7.9987500e-01   7.9987500e-01
   3.0000000e+01   1.0000000e+00   6.2248978e-15   8.2234375e-01   8.2234375e-01
   3.1000000e+01   1.0000000e+00   6.6738081e-15   8.9015625e-01   8.9015625e-01
   3.2000000e+01   1.0000000e+00   7.0742533e-15   9.4093750e-01   9.4093750e-01
   3.3000000e+01   1.0000000e+00   7.4012354e-15   9.8900000e-01   9.8900000e-01
   3.4000000e+01   1.0000000e+00   7.5151253e-15   1.0044062e+00   1.0044062e+00
   3.5000000e+01   1.0000000e+00   7.3220355e-15   9.9275000e-01   9.9275000e-01
   1.0000000e+00   2.0000000e+00   7.4762675e-15   9.9875000e-01   9.9875000e-01
   2.0000000e+00   2.0000000e+00   7.4528892e-15   9.9603125e-01   9.9603125e-01
   3.0000000e+00   2.0000000e+00   7.3879053e-15   9.8290625e-01   9.8290625e-01
   4.0000000e+00   2.0000000e+00   7.2404240e-15   9.6296875e-01   9.6296875e-01
   5.0000000e+00   2.0000000e+00   7.2233565e-15   9.3796875e-01   9.3796875e-01
   6.0000000e+00   2.0000000e+00   7.0052196e-15   8.8912500e-01   8.8912500e-01
   7.0000000e+00   2.0000000e+00   6.9571140e-15   8.7212500e-01   8.7212500e-01
   8.0000000e+00   2.0000000e+00   6.7273785e-15   8.7275000e-01   8.7275000e-01
   9.0000000e+00   2.0000000e+00   6.8441186e-15   9.1531250e-01   9.1531250e-01
   1.0000000e+01   2.0000000e+00   6.6859964e-15   8.9543750e-01   8.9543750e-01
   1.1000000e+01   2.0000000e+00   6.5275264e-15   8.7878125e-01   8.7878125e-01
   1.2000000e+01   2.0000000e+00   6.5793351e-15   8.6406250e-01   8.6406250e-01
   1.3000000e+01   2.0000000e+00   6.6203232e-15   8.4015625e-01   8.4015625e-01
   1.4000000e+01   2.0000000e+00   6.4866813e-15   8.5515625e-01   8.5515625e-01
   1.5000000e+01   2.0000000e+00   6.9574519e-15   9.3756250e-01   9.3756250e-01
   1.6000000e+01   2.0000000e+00   7.3040999e-15   9.8421875e-01   9.8421875e-01
   1.7000000e+01   2.0000000e+00   7.3660863e-15   9.9956250e-01   9.9956250e-01
   1.8000000e+01   2.0000000e+00   7.5088264e-15   1.0020000e+00   1.0020000e+00
   1.9000000e+01   2.0000000e+00   7.4526968e-15   9.9706250e-01   9.9706250e-01
   2.0000000e+01   2.0000000e+00   7.4004924e-15   9.7821875e-01   9.7821875e-01
   2.1000000e+01   2.0000000e+00   7.2757149e-15   9.4818750e-01   9.4818750e-01
   2.2000000e+01   2.0000000e+00   7.0595603e-15   9.0456250e-01   9.0456250e-01
   2.3000000e+01   2.0000000e+00   6.8302477e-15   9.1640625e-01   9.1640625e-01
   2.4000000e+01   2.0000000e+00   6.8151522e-15   9.2206250e-01   9.2206250e-01
   2.5000000e+01   2.0000000e+00   6.7847857e-15   9.1890625e-01   9.1890625e-01
   2.6000000e+01   2.0000000e+00   6.7885203e-15   9.0315625e-01   9.0315625e-01
   2.7000000e+01   2.0000000e+00   6.7008321e-15   8.8296875e-01   8.8296875e-01
   2.8000000e+01   2.0000000e+00   6.6464100e-15   8.4378125e-01   8.4378125e-01
   2.9000000e+01   2.0000000e+00   6.4710596e-15   8.2421875e-01   8.2421875e-01
   3.0000000e+01   2.0000000e+00   6.5260481e-15   8.3178125e-01   8.3178125e-01
   3.1000000e+01   2.0000000e+00   6.9272879e-15   8.8109375e-01   8.8109375e-01
   3.2000000e+01   2.0000000e+00   7.2136073e-15   9.2296875e-01   9.2296875e-01
   3.3000000e+01   2.0000000e+00   7.3806071e-15   9.8956250e-01   9.8956250e-01
   3.4000000e+01   2.0000000e+00   7.4366170e-15   1.0066875e+00   1.0066875e+00
   3.5000000e+01   2.0000000e+00   7.3887817e-15   1.0013125e+00   1.0013125e+00
   1.0000000e+00   3.0000000e+00   7.3923651e-15   9.9587500e-01   9.9587500e-01
   2.0000000e+00   3.0000000e+00   7.4725124e-15   9.9693750e-01   9.9693750e-01
   3.0000000e+00   3.0000000e+00   7.2946127e-15   9.7731250e-01   9.7731250e-01
   4.0000000e+00   3.0000000e+00   7.2242426e-15   9.6665625e-01   9.6665625e-01
   5.0000000e+00   3.0000000e+00   7.1102192e-15   9.4734375e-01   9.4734375e-01
   6.0000000e+00   3.0000000e+00   6.9710002e-15   9.2784375e-01   9.2784375e-01
   7.0000000e+00   3.0000000e+00   7.0179064e-15   9.1115625e-01   9.1115625e-01
   8.0000000e+00   3.0000000e+00   6.8599859e-15   9.0434375e-01   9.0434375e-01
   9.0000000e+00   3.0000000e+00   6.7622741e-15   9.0515625e-01   9.0515625e-01
   1.0000000e+01   3.0000000e+00   6.6757235e-15   8.8878125e-01   8.8878125e-01
   1.1000000e+01   3.0000000e+00   6.6498536e-15   8.7437500e-01   8.7437500e-01
   1.2000000e+01   3.0000000e+00   6.3336891e-15   8.6040625e-01   8.6040625e-01
   1.3000000e+01   3.0000000e+00   6.3010907e-15   8.5043750e-01   8.5043750e-01
   1.4000000e+01   3.0000000e+00   6.6631025e-15   8.6200000e-01   8.6200000e-01
   1.5000000e+01   3.0000000e+00   6.9657834e-15   9.3434375e-01   9.3434375e-01
   1.6000000e+01   3.0000000e+00   7.4522665e-15   9.7850000e-01   9.7850000e-01
   1.7000000e+01   3.0000000e+00   7.3884509e-15   9.9578125e-01   9.9578125e-01
   1.8000000e+01   3.0000000e+00   7.5721372e-15   1.0052812e+00   1.0052812e+00
   1.9000000e+01   3.0000000e+00   7.4731709e-15   9.9996875e-01   9.9996875e-01
   2.0000000e+01   3.0000000e+00   7.2868941e-15   9.7718750e-01   9.7718750e-01
   2.1000000e+01   3.0000000e+00   7.1238415e-15   9.6218750e-01   9.6218750e-01
   2.2000000e+01   3.0000000e+00   7.0248829e-15   9.4981250e-01   9.4981250e-01
   2.3000000e+01   3.0000000e+00   6.8164404e-15   9.2468750e-01   9.2468750e-01
   2.4000000e+01   3.0000000e+00   6.9936121e-15   8.8025000e-01   8.8025000e-01
   2.5000000e+01   3.0000000e+00   6.9075094e-15   9.1403125e-01   9.1403125e-01
   2.6000000e+01   3.0000000e+00   6.8419062e-15   9.0621875e-01   9.0621875e-01
   2.7000000e+01   3.0000000e+00   6.6277253e-15   8.8600000e-01   8.8600000e-01
   2.8000000e+01   3.0000000e+00   6.5134692e-15   8.7487500e-01   8.7487500e-01
   2.9000000e+01   3.0000000e+00   6.4005043e-15   8.6553125e-01   8.6553125e-01
   3.0000000e+01   3.0000000e+00   6.3754880e-15   8.6671875e-01   8.6671875e-01
   3.1000000e+01   3.0000000e+00   6.7120310e-15   9.1287500e-01   9.1287500e-01
   3.2000000e+01   3.0000000e+00   7.1090557e-15   9.6459375e-01   9.6459375e-01
   3.3000000e+01   3.0000000e+00   7.3960724e-15   9.9290625e-01   9.9290625e-01
   3.4000000e+01   3.0000000e+00   7.3629818e-15   1.0049062e+00   1.0049062e+00
   3.5000000e+01   3.0000000e+00   7.3349912e-15   1.0025313e+00   1.0025313e+00
   1.0000000e+00   4.0000000e+00   7.4883891e-15   9.5662500e-01   9.5662500e-01
   2.0000000e+00   4.0000000e+00   7.5533134e-15   9.7215625e-01   9.7215625e-01
   3.0000000e+00   4.0000000e+00   7.3691577e-15   9.6512500e-01   9.6512500e-01
   4.0000000e+00   4.0000000e+00   7.0844610e-15   9.5368750e-01   9.5368750e-01
   5.0000000e+00   4.0000000e+00   6.9413026e-15   9.3312500e-01   9.3312500e-01
   6.0000000e+00   4.0000000e+00   6.9287013e-15   9.1412500e-01   9.1412500e-01
   7.0000000e+00   4.0000000e+00   6.7988974e-15   8.9662500e-01   8.9662500e-01
   8.0000000e+00   4.0000000e+00   6.4931824e-15   8.8334375e-01   8.8334375e-01
   9.0000000e+00   4.0000000e+00   6.4742023e-15   8.8096875e-01   8.8096875e-01
   1.0000000e+01   4.0000000e+00   6.3252829e-15   8.6256250e-01   8.6256250e-01
   1.1000000e+01   4.0000000e+00   6.2037809e-15   8.4596875e-01   8.4596875e-01
   1.2000000e+01   4.0000000e+00   6.1120907e-15   8.3556250e-01   8.3556250e-01
   1.3000000e+01   4.0000000e+00   6.1939872e-15   8.2506250e-01   8.2506250e-01
   1.4000000e+01   4.0000000e+00   6.0928160e-15   8.1128125e-01   8.1128125e-01
   1.5000000e+01   4.0000000e+00   6.6799718e-15   8.5015625e-01   8.5015625e-01
   1.6000000e+01   4.0000000e+00   7.2689713e-15   9.2100000e-01   9.2100000e-01
   1.7000000e+01   4.0000000e+00   7.5676213e-15   9.8565625e-01   9.8565625e-01
   1.8000000e+01   4.0000000e+00   7.4746021e-15   1.0042187e+00   1.0042187e+00
   1.9000000e+01   4.0000000e+00   7.4370665e-15   9.9756250e-01   9.9756250e-01
   2.0000000e+01   4.0000000e+00   7.2401952e-15   9.7065625e-01   9.7065625e-01
   2.1000000e+01   4.0000000e+00   7.1159955e-15   9.5268750e-01   9.5268750e-01
   2.2000000e+01   4.0000000e+00   6.7938107e-15   8.8112500e-01   8.8112500e-01
   2.3000000e+01   4.0000000e+00   6.8023395e-15   8.6525000e-01   8.6525000e-01
   2.4000000e+01   4.0000000e+00   6.8385036e-15   8.6721875e-01   8.6721875e-01
   2.5000000e+01   4.0000000e+00   6.7795307e-15   8.9468750e-01   8.9468750e-01
   2.6000000e+01   4.0000000e+00   6.6648595e-15   8.8537500e-01   8.8537500e-01
   2.7000000e+01   4.0000000e+00   6.5562343e-15   8.6843750e-01   8.6843750e-01
   2.8000000e+01   4.0000000e+00   6.2455188e-15   8.4418750e-01   8.4418750e-01
   2.9000000e+01   4.0000000e+00   6.2486961e-15   8.4125000e-01   8.4125000e-01
   3.0000000e+01   4.0000000e+00   6.3120875e-15   8.4781250e-01   8.4781250e-01
   3.1000000e+01   4.0000000e+00   6.5886342e-15   8.9400000e-01   8.9400000e-01
   3.2000000e+01   4.0000000e+00   7.1044160e-15   9.5090625e-01   9.5090625e-01
   3.3000000e+01   4.0000000e+00   7.1593621e-15   9.5000000e-01   9.5000000e-01
   3.4000000e+01   4.0000000e+00   7.4980980e-15   9.5468750e-01   9.5468750e-01
   3.5000000e+01   4.0000000e+00   7.6734797e-15   9.8559375e-01   9.8559375e-01
   1.0000000e+00   5.0000000e+00   7.2978174e-15   9.7246875e-01   9.7246875e-01
   2.0000000e+00   5.0000000e+00   7.3093315e-15   9.7334375e-01   9.7334375e-01
   3.0000000e+00   5.0000000e+00   7.0831357e-15   9.5759375e-01   9.5759375e-01
   4.0000000e+00   5.0000000e+00   6.8498140e-15   9.2953125e-01   9.2953125e-01
   5.0000000e+00   5.0000000e+00   6.6884024e-15   9.1150000e-01   9.1150000e-01
   6.0000000e+00   5.0000000e+00   6.5331459e-15   8.7215625e-01   8.7215625e-01
   7.0000000e+00   5.0000000e+00   6.1423978e-15   8.3334375e-01   8.3334375e-01
   8.0000000e+00   5.0000000e+00   6.1841713e-15   8.2000000e-01   8.2000000e-01
   9.0000000e+00   5.0000000e+00   6.0690309e-15   8.0359375e-01   8.0359375e-01
   1.0000000e+01   5.0000000e+00   5.9569739e-15   7.8146875e-01   7.8146875e-01
   1.1000000e+01   5.0000000e+00   5.7255903e-15   7.6550000e-01   7.6550000e-01
   1.2000000e+01   5.0000000e+00   5.7935135e-15   7.8603125e-01   7.8603125e-01
   1.3000000e+01   5.0000000e+00   5.7815070e-15   7.8481250e-01   7.8481250e-01
   1.4000000e+01   5.0000000e+00   5.9901782e-15   8.0300000e-01   8.0300000e-01
   1.5000000e+01   5.0000000e+00   6.3100211e-15   8.5553125e-01   8.5553125e-01
   1.6000000e+01   5.0000000e+00   6.8310325e-15   9.1862500e-01   9.1862500e-01
   1.7000000e+01   5.0000000e+00   7.1758610e-15   9.6718750e-01   9.6718750e-01
   1.8000000e+01   5.0000000e+00   7.4122018e-15   9.8959375e-01   9.8959375e-01
   1.9000000e+01   5.0000000e+00   7.2397671e-15   9.7818750e-01   9.7818750e-01
   2.0000000e+01   5.0000000e+00   7.1222966e-15   9.5731250e-01   9.5731250e-01
   2.1000000e+01   5.0000000e+00   6.8349672e-15   9.1028125e-01   9.1028125e-01
   2.2000000e+01   5.0000000e+00   6.7591671e-15   8.6021875e-01   8.6021875e-01
   2.3000000e+01   5.0000000e+00   6.6799022e-15   8.5462500e-01   8.5462500e-01
   2.4000000e+01   5.0000000e+00   6.3360893e-15   8.1043750e-01   8.1043750e-01
   2.5000000e+01   5.0000000e+00   6.3350290e-15   8.4406250e-01   8.4406250e-01
   2.6000000e+01   5.0000000e+00   6.2579614e-15   8.5437500e-01   8.5437500e-01
   2.7000000e+01   5.0000000e+00   6.1913648e-15   8.2706250e-01   8.2706250e-01
   2.8000000e+01   5.0000000e+00   5.9595244e-15   8.0959375e-01   8.0959375e-01
   2.9000000e+01   5.0000000e+00   6.0514327e-15   7.9562500e-01   7.9562500e-01
   3.0000000e+01   5.0000000e+00   6.0807559e-15   8.1018750e-01   8.1018750e-01
   3.1000000e+01   5.0000000e+00   6.3113121e-15   8.4709375e-01   8.4709375e-01
   3.2000000e+01   5.0000000e+00   6.7713697e-15   9.0443750e-01   9.0443750e-01
   3.3000000e+01   5.0000000e+00   7.1424631e-15   9.5378125e-01   9.5378125e-01
   3.4000000e+01   5.0000000e+00   7.4492616e-15   9.9065625e-01   9.9065625e-01
   3.5000000e+01   5.0000000e+00   7.3972333e-15   9.8959375e-01   9.8959375e-01
   1.0000000e+00   6.0000000e+00   6.7272820e-15   8.9921875e-01   8.9921875e-01
   2.0000000e+00   6.0000000e+00   6.7810649e-15   9.1671875e-01   9.1671875e-01
   3.0000000e+00   6.0000000e+00   6.6446708e-15   8.9800000e-01   8.9800000e-01
   4.0000000e+00   6.0000000e+00   6.5764755e-15   8.7328125e-01   8.7328125e-01
   5.0000000e+00   6.0000000e+00   6.3172194e-15   8.4709375e-01   8.4709375e-01
   6.0000000e+00   6.0000000e+00   6.0639690e-15   8.1190625e-01   8.1190625e-01
   7.0000000e+00   6.0000000e+00   5.8970511e-15   7.9546875e-01   7.9546875e-01
   8.0000000e+00   6.0000000e+00   5.8848534e-15   7.8696875e-01   7.8696875e-01
   9.0000000e+00   6.0000000e+00   5.7161631e-15   7.8265625e-01   7.8265625e-01
   1.0000000e+01   6.0000000e+00   5.6582406e-15   7.7156250e-01   7.7156250e-01
   1.1000000e+01   6.0000000e+00   5.7009976e-15   7.5871875e-01   7.5871875e-01
   1.2000000e+01   6.0000000e+00   5.3850566e-15   7.3603125e-01   7.3603125e-01
   1.3000000e+01   6.0000000e+00   5.5305658e-15   7.0543750e-01   7.0543750e-01
   1.4000000e+01   6.0000000e+00   5.5391234e-15   7.4737500e-01   7.4737500e-01
   1.5000000e+01   6.0000000e+00   5.8334941e-15   7.9340625e-01   7.9340625e-01
   1.6000000e+01   6.0000000e+00   6.2420160e-15   8.3675000e-01   8.3675000e-01
   1.7000000e+01   6.0000000e+00   6.7170405e-15   9.0012500e-01   9.0012500e-01
   1.8000000e+01   6.0000000e+00   6.9503882e-15   9.2840625e-01   9.2840625e-01
   1.9000000e+01   6.0000000e+00   7.0735186e-15   9.0781250e-01   9.0781250e-01
   2.0000000e+01   6.0000000e+00   6.6500924e-15   8.7959375e-01   8.7959375e-01
   2.1000000e+01   6.0000000e+00   6.5357436e-15   8.8403125e-01   8.8403125e-01
   2.2000000e+01   6.0000000e+00   6.2841357e-15   8.5396875e-01   8.5396875e-01
   2.3000000e+01   6.0000000e+00   6.1035827e-15   8.1981250e-01   8.1981250e-01
   2.4000000e+01   6.0000000e+00   5.9687597e-15   8.0284375e-01   8.0284375e-01
   2.5000000e+01   6.0000000e+00   5.9992886e-15   8.0175000e-01   8.0175000e-01
   2.6000000e+01   6.0000000e+00   5.9533940e-15   7.9303125e-01   7.9303125e-01
   2.7000000e+01   6.0000000e+00   5.7530840e-15   7.7559375e-01   7.7559375e-01
   2.8000000e+01   6.0000000e+00   5.5929649e-15   7.5759375e-01   7.5759375e-01
   2.9000000e+01   6.0000000e+00   5.5611677e-15   7.4475000e-01   7.4475000e-01
   3.0000000e+01   6.0000000e+00   5.6652514e-15   7.2231250e-01   7.2231250e-01
   3.1000000e+01   6.0000000e+00   5.7416859e-15   7.8031250e-01   7.8031250e-01
   3.2000000e+01   6.0000000e+00   6.3115113e-15   8.3831250e-01   8.3831250e-01
   3.3000000e+01   6.0000000e+00   6.6032127e-15   8.9190625e-01   8.9190625e-01
   3.4000000e+01   6.0000000e+00   7.0220618e-15   9.3575000e-01   9.3575000e-01
   3.5000000e+01   6.0000000e+00   7.0542262e-15   9.4256250e-01   9.4256250e-01
   1.0000000e+00   7.0000000e+00   6.1385274e-15   8.2640625e-01   8.2640625e-01
   2.0000000e+00   7.0000000e+00   6.2062499e-15   8.3253125e-01   8.3253125e-01
   3.0000000e+00   7.0000000e+00   6.3425813e-15   8.5093750e-01   8.5093750e-01
   4.0000000e+00   7.0000000e+00   6.1118773e-15   8.2887500e-01   8.2887500e-01
   5.0000000e+00   7.0000000e+00   5.9003954e-15   7.9518750e-01   7.9518750e-01
   6.0000000e+00   7.0000000e+00   5.6859571e-15   7.7412500e-01   7.7412500e-01
   7.0000000e+00   7.0000000e+00   5.5861315e-15   7.5065625e-01   7.5065625e-01
   8.0000000e+00   7.0000000e+00   5.5254925e-15   7.3793750e-01   7.3793750e-01
   9.0000000e+00   7.0000000e+00   5.3446392e-15   7.3075000e-01   7.3075000e-01
   1.0000000e+01   7.0000000e+00   5.3289084e-15   7.2334375e-01   7.2334375e-01
   1.1000000e+01   7.0000000e+00   5.4814209e-15   7.0018750e-01   7.0018750e-01
   1.2000000e+01   7.0000000e+00   4.9651982e-15   6.7362500e-01   6.7362500e-01
   1.3000000e+01   7.0000000e+00   4.9248652e-15   6.8568750e-01   6.8568750e-01
   1.4000000e+01   7.0000000e+00   5.2195846e-15   7.0546875e-01   7.0546875e-01
   1.5000000e+01   7.0000000e+00   5.5131651e-15   7.3778125e-01   7.3778125e-01
   1.6000000e+01   7.0000000e+00   5.9776466e-15   7.9287500e-01   7.9287500e-01
   1.7000000e+01   7.0000000e+00   6.3769015e-15   8.1228125e-01   8.1228125e-01
   1.8000000e+01   7.0000000e+00   6.4532844e-15   8.5078125e-01   8.5078125e-01
   1.9000000e+01   7.0000000e+00   6.3816317e-15   8.6962500e-01   8.6962500e-01
   2.0000000e+01   7.0000000e+00   6.4118420e-15   8.5021875e-01   8.5021875e-01
   2.1000000e+01   7.0000000e+00   6.2315953e-15   8.1121875e-01   8.1121875e-01
   2.2000000e+01   7.0000000e+00   5.8639523e-15   7.8728125e-01   7.8728125e-01
   2.3000000e+01   7.0000000e+00   5.6911780e-15   7.7178125e-01   7.7178125e-01
   2.4000000e+01   7.0000000e+00   5.6820008e-15   7.6031250e-01   7.6031250e-01
   2.5000000e+01   7.0000000e+00   5.6405980e-15   7.4675000e-01   7.4675000e-01
   2.6000000e+01   7.0000000e+00   5.5702835e-15   7.0062500e-01   7.0062500e-01
   2.7000000e+01   7.0000000e+00   5.4216834e-15   6.8990625e-01   6.8990625e-01
   2.8000000e+01   7.0000000e+00   5.2020920e-15   6.7215625e-01   6.7215625e-01
   2.9000000e+01   7.0000000e+00   5.0637184e-15   6.5850000e-01   6.5850000e-01
   3.0000000e+01   7.0000000e+00   5.1654621e-15   6.6721875e-01   6.6721875e-01
   3.1000000e+01   7.0000000e+00   5.3566423e-15   6.8640625e-01   6.8640625e-01
   3.2000000e+01   7.0000000e+00   5.6198551e-15   7.4009375e-01   7.4009375e-01
   3.3000000e+01   7.0000000e+00   6.1350149e-15   8.2746875e-01   8.2746875e-01
   3.4000000e+01   7.0000000e+00   6.4334844e-15   8.6803125e-01   8.6803125e-01
   3.5000000e+01   7.0000000e+00   6.5874678e-15   8.7990625e-01   8.7990625e-01
   1.0000000e+00   8.0000000e+00   6.3507052e-15   7.9871875e-01   7.9871875e-01
   2.0000000e+00   8.0000000e+00   6.2857374e-15   8.4581250e-01   8.4581250e-01
   3.0000000e+00   8.0000000e+00   6.1939856e-15   8.4156250e-01   8.4156250e-01
   4.0000000e+00   8.0000000e+00   5.9775833e-15   8.1300000e-01   8.1300000e-01
   5.0000000e+00   8.0000000e+00   5.8603193e-15   7.8403125e-01   7.8403125e-01
   6.0000000e+00   8.0000000e+00   5.5307979e-15   7.1921875e-01   7.1921875e-01
   7.0000000e+00   8.0000000e+00   5.3535367e-15   7.3934375e-01   7.3934375e-01
   8.0000000e+00   8.0000000e+00   5.2310011e-15   7.1265625e-01   7.1265625e-01
   9.0000000e+00   8.0000000e+00   5.2200528e-15   6.8103125e-01   6.8103125e-01
   1.0000000e+01   8.0000000e+00   4.9496684e-15   6.8493750e-01   6.8493750e-01
   1.1000000e+01   8.0000000e+00   5.0817648e-15   6.9209375e-01   6.9209375e-01
   1.2000000e+01   8.0000000e+00   4.8388956e-15   6.7156250e-01   6.7156250e-01
   1.3000000e+01   8.0000000e+00   5.0405898e-15   6.5568750e-01   6.5568750e-01
   1.4000000e+01   8.0000000e+00   5.1675500e-15   6.4968750e-01   6.4968750e-01
   1.5000000e+01   8.0000000e+00   5.2183102e-15   6.9356250e-01   6.9356250e-01
   1.6000000e+01   8.0000000e+00   5.7345238e-15   7.8337500e-01   7.8337500e-01
   1.7000000e+01   8.0000000e+00   5.9155523e-15   8.2181250e-01   8.2181250e-01
   1.8000000e+01   8.0000000e+00   6.2597506e-15   8.4653125e-01   8.4653125e-01
   1.9000000e+01   8.0000000e+00   6.2818921e-15   8.5012500e-01   8.5012500e-01
   2.0000000e+01   8.0000000e+00   6.1448262e-15   8.2184375e-01   8.2184375e-01
   2.1000000e+01   8.0000000e+00   6.0811585e-15   7.7850000e-01   7.7850000e-01
   2.2000000e+01   8.0000000e+00   5.7457829e-15   7.3153125e-01   7.3153125e-01
   2.3000000e+01   8.0000000e+00   5.4619813e-15   7.0428125e-01   7.0428125e-01
   2.4000000e+01   8.0000000e+00   5.2816137e-15   7.1090625e-01   7.1090625e-01
   2.5000000e+01   8.0000000e+00   5.1060841e-15   7.0953125e-01   7.0953125e-01
   2.6000000e+01   8.0000000e+00   5.0168992e-15   6.9218750e-01   6.9218750e-01
   2.7000000e+01   8.0000000e+00   5.0743566e-15   6.9684375e-01   6.9684375e-01
   2.8000000e+01   8.0000000e+00   5.0403358e-15   6.8653125e-01   6.8653125e-01
   2.9000000e+01   8.0000000e+00   5.0190254e-15   6.6587500e-01   6.6587500e-01
   3.0000000e+01   8.0000000e+00   5.0116833e-15   6.3825000e-01   6.3825000e-01
   3.1000000e+01   8.0000000e+00   5.2241585e-15   7.0340625e-01   7.0340625e-01
   3.2000000e+01   8.0000000e+00   5.5442887e-15   7.5812500e-01   7.5812500e-01
   3.3000000e+01   8.0000000e+00   5.9458685e-15   8.0428125e-01   8.0428125e-01
   3.4000000e+01   8.0000000e+00   6.3082347e-15   8.4509375e-01   8.4509375e-01
   3.5000000e+01   8.0000000e+00   6.2496384e-15   8.4956250e-01   8.4956250e-01
   1.0000000e+00   9.0000000e+00   6.4351110e-15   8.4375000e-01   8.4375000e-01
   2.0000000e+00   9.0000000e+00   6.2464054e-15   8.3418750e-01   8.3418750e-01
   3.0000000e+00   9.0000000e+00   6.1989697e-15   8.4509375e-01   8.4509375e-01
   4.0000000e+00   9.0000000e+00   6.1086396e-15   8.1859375e-01   8.1859375e-01
   5.0000000e+00   9.0000000e+00   5.9308462e-15   7.5759375e-01   7.5759375e-01
   6.0000000e+00   9.0000000e+00   5.3846287e-15   7.5003125e-01   7.5003125e-01
   7.0000000e+00   9.0000000e+00   5.2823299e-15   7.2759375e-01   7.2759375e-01
   8.0000000e+00   9.0000000e+00   5.1003776e-15   7.0334375e-01   7.0334375e-01
   9.0000000e+00   9.0000000e+00   5.1648410e-15   6.7918750e-01   6.7918750e-01
   1.0000000e+01   9.0000000e+00   5.0021476e-15   6.4590625e-01   6.4590625e-01
   1.1000000e+01   9.0000000e+00   5.0397212e-15   6.9146875e-01   6.9146875e-01
   1.2000000e+01   9.0000000e+00   4.7821765e-15   6.6496875e-01   6.6496875e-01
   1.3000000e+01   9.0000000e+00   4.8554025e-15   6.5984375e-01   6.5984375e-01
   1.4000000e+01   9.0000000e+00   5.2614389e-15   6.8143750e-01   6.8143750e-01
   1.5000000e+01   9.0000000e+00   5.3341501e-15   7.2125000e-01   7.2125000e-01
   1.6000000e+01   9.0000000e+00   5.7028932e-15   7.8162500e-01   7.8162500e-01
   1.7000000e+01   9.0000000e+00   6.2124381e-15   8.2612500e-01   8.2612500e-01
   1.8000000e+01   9.0000000e+00   6.3098199e-15   8.5437500e-01   8.5437500e-01
   1.9000000e+01   9.0000000e+00   6.4863452e-15   8.5343750e-01   8.5343750e-01
   2.0000000e+01   9.0000000e+00   6.0485284e-15   7.9081250e-01   7.9081250e-01
   2.1000000e+01   9.0000000e+00   5.9729395e-15   8.0953125e-01   8.0953125e-01
   2.2000000e+01   9.0000000e+00   5.6310201e-15   7.6784375e-01   7.6784375e-01
   2.3000000e+01   9.0000000e+00   5.4591639e-15   7.4215625e-01   7.4215625e-01
   2.4000000e+01   9.0000000e+00   5.3803562e-15   7.1968750e-01   7.1968750e-01
   2.5000000e+01   9.0000000e+00   5.2546817e-15   6.6800000e-01   6.6800000e-01
   2.6000000e+01   9.0000000e+00   4.9344791e-15   6.7743750e-01   6.7743750e-01
   2.7000000e+01   9.0000000e+00   5.1179473e-15   6.8193750e-01   6.8193750e-01
   2.8000000e+01   9.0000000e+00   4.9556009e-15   6.7175000e-01   6.7175000e-01
   2.9000000e+01   9.0000000e+00   5.0844583e-15   6.5353125e-01   6.5353125e-01
   3.0000000e+01   9.0000000e+00   4.8619112e-15   6.6793750e-01   6.6793750e-01
   3.1000000e+01   9.0000000e+00   5.3121652e-15   7.1393750e-01   7.1393750e-01
   3.2000000e+01   9.0000000e+00   5.7419942e-15   7.3159375e-01   7.3159375e-01
   3.3000000e+01   9.0000000e+00   5.9096977e-15   8.0596875e-01   8.0596875e-01
   3.4000000e+01   9.0000000e+00   6.2817505e-15   8.4331250e-01   8.4331250e-01
   3.5000000e+01   9.0000000e+00   6.3612638e-15   8.5406250e-01   8.5406250e-01
   1.0000000e+00   1.0000000e+01   6.4286465e-15   8.1768750e-01   8.1768750e-01
   2.0000000e+00   1.0000000e+01   6.4408273e-15   8.7243750e-01   8.7243750e-01
   3.0000000e+00   1.0000000e+01   6.3419205e-15   8.6031250e-01   8.6031250e-01
   4.0000000e+00   1.0000000e+01   6.1380985e-15   8.2962500e-01   8.2962500e-01
   5.0000000e+00   1.0000000e+01   5.8883155e-15   7.6190625e-01   7.6190625e-01
   6.0000000e+00   1.0000000e+01   5.4693048e-15   7.5171875e-01   7.5171875e-01
   7.0000000e+00   1.0000000e+01   5.4193538e-15   7.3609375e-01   7.3609375e-01
   8.0000000e+00   1.0000000e+01   5.4522827e-15   7.2112500e-01   7.2112500e-01
   9.0000000e+00   1.0000000e+01   5.2678893e-15   7.0915625e-01   7.0915625e-01
   1.0000000e+01   1.0000000e+01   5.2064881e-15   7.0437500e-01   7.0437500e-01
   1.1000000e+01   1.0000000e+01   5.2673852e-15   6.9781250e-01   6.9781250e-01
   1.2000000e+01   1.0000000e+01   4.8669693e-15   6.5146875e-01   6.5146875e-01
   1.3000000e+01   1.0000000e+01   4.7661577e-15   6.5568750e-01   6.5568750e-01
   1.4000000e+01   1.0000000e+01   5.0122151e-15   6.7712500e-01   6.7712500e-01
   1.5000000e+01   1.0000000e+01   5.3819603e-15   7.1912500e-01   7.1912500e-01
   1.6000000e+01   1.0000000e+01   6.0040406e-15   7.6203125e-01   7.6203125e-01
   1.7000000e+01   1.0000000e+01   6.0516831e-15   8.2306250e-01   8.2306250e-01
   1.8000000e+01   1.0000000e+01   6.4723044e-15   8.6890625e-01   8.6890625e-01
   1.9000000e+01   1.0000000e+01   6.4881102e-15   8.6743750e-01   8.6743750e-01
   2.0000000e+01   1.0000000e+01   6.3734306e-15   8.5218750e-01   8.5218750e-01
   2.1000000e+01   1.0000000e+01   6.2476964e-15   8.1018750e-01   8.1018750e-01
   2.2000000e+01   1.0000000e+01   5.8897787e-15   7.4175000e-01   7.4175000e-01
   2.3000000e+01   1.0000000e+01   5.4013647e-15   7.3837500e-01   7.3837500e-01
   2.4000000e+01   1.0000000e+01   5.3950235e-15   7.2556250e-01   7.2556250e-01
   2.5000000e+01   1.0000000e+01   5.2346060e-15   7.0928125e-01   7.0928125e-01
   2.6000000e+01   1.0000000e+01   5.2896088e-15   7.0231250e-01   7.0231250e-01
   2.7000000e+01   1.0000000e+01   5.1979832e-15   7.0018750e-01   7.0018750e-01
   2.8000000e+01   1.0000000e+01   5.1573469e-15   6.8565625e-01   6.8565625e-01
   2.9000000e+01   1.0000000e+01   4.9861899e-15   6.3334375e-01   6.3334375e-01
   3.0000000e+01   1.0000000e+01   4.7785037e-15   6.3325000e-01   6.3325000e-01
   3.1000000e+01   1.0000000e+01   5.1552362e-15   7.0031250e-01   7.0031250e-01
   3.2000000e+01   1.0000000e+01   5.5267888e-15   7.5618750e-01   7.5618750e-01
   3.3000000e+01   1.0000000e+01   5.9773125e-15   8.0918750e-01   8.0918750e-01
   3.4000000e+01   1.0000000e+01   6.3337304e-15   8.6046875e-01   8.6046875e-01
   3.5000000e+01   1.0000000e+01   6.3954707e-15   8.6343750e-01   8.6343750e-01
   1.0000000e+00   1.1000000e+01   6.4259137e-15   8.2412500e-01   8.2412500e-01
   2.0000000e+00   1.1000000e+01   6.5681182e-15   8.3940625e-01   8.3940625e-01
   3.0000000e+00   1.1000000e+01   6.4511522e-15   8.2500000e-01   8.2500000e-01
   4.0000000e+00   1.1000000e+01   6.2977988e-15   8.0106250e-01   8.0106250e-01
   5.0000000e+00   1.1000000e+01   5.8842110e-15   7.5937500e-01   7.5937500e-01
   6.0000000e+00   1.1000000e+01   5.4997613e-15   7.3671875e-01   7.3671875e-01
   7.0000000e+00   1.1000000e+01   5.4026261e-15   7.1915625e-01   7.1915625e-01
   8.0000000e+00   1.1000000e+01   5.3033489e-15   7.0768750e-01   7.0768750e-01
   9.0000000e+00   1.1000000e+01   5.2403051e-15   7.0306250e-01   7.0306250e-01
   1.0000000e+01   1.1000000e+01   5.3135526e-15   7.1475000e-01   7.1475000e-01
   1.1000000e+01   1.1000000e+01   5.1607777e-15   7.0462500e-01   7.0462500e-01
   1.2000000e+01   1.1000000e+01   4.9978234e-15   6.7665625e-01   6.7665625e-01
   1.3000000e+01   1.1000000e+01   4.8032578e-15   6.5828125e-01   6.5828125e-01
   1.4000000e+01   1.1000000e+01   4.9471633e-15   6.7518750e-01   6.7518750e-01
   1.5000000e+01   1.1000000e+01   5.3867401e-15   7.2031250e-01   7.2031250e-01
   1.6000000e+01   1.1000000e+01   5.8428966e-15   7.8931250e-01   7.8931250e-01
   1.7000000e+01   1.1000000e+01   6.3509785e-15   8.5175000e-01   8.5175000e-01
   1.8000000e+01   1.1000000e+01   6.6127558e-15   8.7834375e-01   8.7834375e-01
   1.9000000e+01   1.1000000e+01   6.5433248e-15   8.8818750e-01   8.8818750e-01
   2.0000000e+01   1.1000000e+01   6.3137664e-15   8.4812500e-01   8.4812500e-01
   2.1000000e+01   1.1000000e+01   6.1791891e-15   8.1837500e-01   8.1837500e-01
   2.2000000e+01   1.1000000e+01   5.8208538e-15   7.8668750e-01   7.8668750e-01
   2.3000000e+01   1.1000000e+01   5.5976235e-15   7.5459375e-01   7.5459375e-01
   2.4000000e+01   1.1000000e+01   5.3724213e-15   7.2953125e-01   7.2953125e-01
   2.5000000e+01   1.1000000e+01   5.5292306e-15   7.3321875e-01   7.3321875e-01
   2.6000000e+01   1.1000000e+01   5.3561831e-15   7.2571875e-01   7.2571875e-01
   2.7000000e+01   1.1000000e+01   5.2484849e-15   7.1409375e-01   7.1409375e-01
   2.8000000e+01   1.1000000e+01   4.9934520e-15   6.5278125e-01   6.5278125e-01
   2.9000000e+01   1.1000000e+01   5.0558933e-15   6.6390625e-01   6.6390625e-01
   3.0000000e+01   1.1000000e+01   4.9564898e-15   6.6606250e-01   6.6606250e-01
   3.1000000e+01   1.1000000e+01   5.2243064e-15   7.0306250e-01   7.0306250e-01
   3.2000000e+01   1.1000000e+01   5.6281046e-15   7.5690625e-01   7.5690625e-01
   3.3000000e+01   1.1000000e+01   6.0742860e-15   8.2253125e-01   8.2253125e-01
   3.4000000e+01   1.1000000e+01   6.4204595e-15   8.6837500e-01   8.6837500e-01
   3.5000000e+01   1.1000000e+01   6.4532810e-15   8.8106250e-01   8.8106250e-01
   1.0000000e+00   1.2000000e+01   6.5028800e-15   8.7256250e-01   8.7256250e-01
   2.0000000e+00   1.2000000e+01   6.4388924e-15   8.7931250e-01   8.7931250e-01
   3.0000000e+00   1.2000000e+01   6.3907979e-15   8.7834375e-01   8.7834375e-01
   4.0000000e+00   1.2000000e+01   6.1649940e-15   8.3806250e-01   8.3806250e-01
   5.0000000e+00   1.2000000e+01   5.9108826e-15   7.6543750e-01   7.6543750e-01
   6.0000000e+00   1.2000000e+01   5.8066646e-15   7.5006250e-01   7.5006250e-01
   7.0000000e+00   1.2000000e+01   5.6733825e-15   7.5540625e-01   7.5540625e-01
   8.0000000e+00   1.2000000e+01   5.4793429e-15   7.4662500e-01   7.4662500e-01
   9.0000000e+00   1.2000000e+01   5.4822597e-15   7.4271875e-01   7.4271875e-01
   1.0000000e+01   1.2000000e+01   5.3305580e-15   7.2418750e-01   7.2418750e-01
   1.1000000e+01   1.2000000e+01   5.0184927e-15   6.9953125e-01   6.9953125e-01
   1.2000000e+01   1.2000000e+01   4.9095103e-15   6.6193750e-01   6.6193750e-01
   1.3000000e+01   1.2000000e+01   5.0511967e-15   6.4781250e-01   6.4781250e-01
   1.4000000e+01   1.2000000e+01   5.1271107e-15   6.8784375e-01   6.8784375e-01
   1.5000000e+01   1.2000000e+01   5.4806386e-15   7.3340625e-01   7.3340625e-01
   1.6000000e+01   1.2000000e+01   5.9572081e-15   8.0090625e-01   8.0090625e-01
   1.7000000e+01   1.2000000e+01   6.2670238e-15   8.4765625e-01   8.4765625e-01
   1.8000000e+01   1.2000000e+01   6.4754638e-15   8.4440625e-01   8.4440625e-01
   1.9000000e+01   1.2000000e+01   6.6409732e-15   8.5640625e-01   8.5640625e-01
   2.0000000e+01   1.2000000e+01   6.4993758e-15   8.6490625e-01   8.6490625e-01
   2.1000000e+01   1.2000000e+01   6.2856879e-15   8.3709375e-01   8.3709375e-01
   2.2000000e+01   1.2000000e+01   5.8672804e-15   7.9240625e-01   7.9240625e-01
   2.3000000e+01   1.2000000e+01   5.5814660e-15   7.6743750e-01   7.6743750e-01
   2.4000000e+01   1.2000000e+01   5.5301118e-15   7.3871875e-01   7.3871875e-01
   2.5000000e+01   1.2000000e+01   5.5712780e-15   7.0028125e-01   7.0028125e-01
   2.6000000e+01   1.2000000e+01   5.6114703e-15   7.1634375e-01   7.1634375e-01
   2.7000000e+01   1.2000000e+01   5.3816113e-15   6.8000000e-01   6.8000000e-01
   2.8000000e+01   1.2000000e+01   4.9932315e-15   6.4118750e-01   6.4118750e-01
   2.9000000e+01   1.2000000e+01   4.7545417e-15   6.4603125e-01   6.4603125e-01
   3.0000000e+01   1.2000000e+01   4.8634356e-15   6.6853125e-01   6.6853125e-01
   3.1000000e+01   1.2000000e+01   5.2270010e-15   7.1331250e-01   7.1331250e-01
   3.2000000e+01   1.2000000e+01   5.7010982e-15   7.7315625e-01   7.7315625e-01
   3.3000000e+01   1.2000000e+01   6.1509842e-15   8.2681250e-01   8.2681250e-01
   3.4000000e+01   1.2000000e+01   6.4216652e-15   8.6365625e-01   8.6365625e-01
   3.5000000e+01   1.2000000e+01   6.6386414e-15   8.8684375e-01   8.8684375e-01
   1.0000000e+00   1.3000000e+01   6.4631470e-15   8.6400000e-01   8.6400000e-01
   2.0000000e+00   1.3000000e+01   6.5703915e-15   8.7634375e-01   8.7634375e-01
   3.0000000e+00   1.3000000e+01   6.4740624e-15   8.7200000e-01   8.7200000e-01
   4.0000000e+00   1.3000000e+01   6.3262505e-15   8.5256250e-01   8.5256250e-01
   5.0000000e+00   1.3000000e+01   6.1936619e-15   8.1943750e-01   8.1943750e-01
   6.0000000e+00   1.3000000e+01   5.8052891e-15   7.4406250e-01   7.4406250e-01
   7.0000000e+00   1.3000000e+01   5.5416675e-15   7.4909375e-01   7.4909375e-01
   8.0000000e+00   1.3000000e+01   5.4921396e-15   7.4665625e-01   7.4665625e-01
   9.0000000e+00   1.3000000e+01   5.5276529e-15   7.4512500e-01   7.4512500e-01
   1.0000000e+01   1.3000000e+01   5.4846882e-15   7.1884375e-01   7.1884375e-01
   1.1000000e+01   1.3000000e+01   5.0882523e-15   6.8037500e-01   6.8037500e-01
   1.2000000e+01   1.3000000e+01   4.8824620e-15   6.7265625e-01   6.7265625e-01
   1.3000000e+01   1.3000000e+01   5.1157937e-15   6.8159375e-01   6.8159375e-01
   1.4000000e+01   1.3000000e+01   5.0963343e-15   6.6318750e-01   6.6318750e-01
   1.5000000e+01   1.3000000e+01   5.3544999e-15   7.3650000e-01   7.3650000e-01
   1.6000000e+01   1.3000000e+01   5.8110934e-15   7.8543750e-01   7.8543750e-01
   1.7000000e+01   1.3000000e+01   6.3677375e-15   8.0734375e-01   8.0734375e-01
   1.8000000e+01   1.3000000e+01   6.3772913e-15   8.6134375e-01   8.6134375e-01
   1.9000000e+01   1.3000000e+01   6.5267193e-15   8.8393750e-01   8.8393750e-01
   2.0000000e+01   1.3000000e+01   6.4471833e-15   8.6806250e-01   8.6806250e-01
   2.1000000e+01   1.3000000e+01   6.2537826e-15   8.3840625e-01   8.3840625e-01
   2.2000000e+01   1.3000000e+01   6.0037247e-15   8.0396875e-01   8.0396875e-01
   2.3000000e+01   1.3000000e+01   5.8039277e-15   7.6640625e-01   7.6640625e-01
   2.4000000e+01   1.3000000e+01   5.5114055e-15   7.0478125e-01   7.0478125e-01
   2.5000000e+01   1.3000000e+01   5.4193772e-15   7.2646875e-01   7.2646875e-01
   2.6000000e+01   1.3000000e+01   5.4041512e-15   7.4012500e-01   7.4012500e-01
   2.7000000e+01   1.3000000e+01   5.2126599e-15   7.1668750e-01   7.1668750e-01
   2.8000000e+01   1.3000000e+01   4.9709038e-15   6.8453125e-01   6.8453125e-01
   2.9000000e+01   1.3000000e+01   5.0888471e-15   6.7765625e-01   6.7765625e-01
   3.0000000e+01   1.3000000e+01   5.0886089e-15   6.8840625e-01   6.8840625e-01
   3.1000000e+01   1.3000000e+01   5.2142033e-15   6.7712500e-01   6.7712500e-01
   3.2000000e+01   1.3000000e+01   5.6095490e-15   7.6281250e-01   7.6281250e-01
   3.3000000e+01   1.3000000e+01   6.1206570e-15   8.1837500e-01   8.1837500e-01
   3.4000000e+01   1.3000000e+01   6.3713248e-15   8.5925000e-01   8.5925000e-01
   3.5000000e+01   1.3000000e+01   6.6434032e-15   8.7643750e-01   8.7643750e-01
   1.0000000e+00   1.4000000e+01   6.5175629e-15   8.7659375e-01   8.7659375e-01
   2.0000000e+00   1.4000000e+01   6.5942990e-15   8.9075000e-01   8.9075000e-01
   3.0000000e+00   1.4000000e+01   6.7477745e-15   8.8668750e-01   8.8668750e-01
   4.0000000e+00   1.4000000e+01   6.4091706e-15   8.4156250e-01   8.4156250e-01
   5.0000000e+00   1.4000000e+01   6.2834104e-15   8.4384375e-01   8.4384375e-01
   6.0000000e+00   1.4000000e+01   6.0197790e-15   8.0365625e-01   8.0365625e-01
   7.0000000e+00   1.4000000e+01   5.7949837e-15   7.7243750e-01   7.7243750e-01
   8.0000000e+00   1.4000000e+01   5.7114409e-15   7.2687500e-01   7.2687500e-01
   9.0000000e+00   1.4000000e+01   5.5173686e-15   7.4478125e-01   7.4478125e-01
   1.0000000e+01   1.4000000e+01   5.4418098e-15   7.4515625e-01   7.4515625e-01
   1.1000000e+01   1.4000000e+01   5.1363962e-15   7.0393750e-01   7.0393750e-01
   1.2000000e+01   1.4000000e+01   5.2924701e-15   7.0515625e-01   7.0515625e-01
   1.3000000e+01   1.4000000e+01   5.4173948e-15   6.9071875e-01   6.9071875e-01
   1.4000000e+01   1.4000000e+01   5.1434193e-15   7.0634375e-01   7.0634375e-01
   1.5000000e+01   1.4000000e+01   5.4447602e-15   7.3775000e-01   7.3775000e-01
   1.6000000e+01   1.4000000e+01   5.8737431e-15   7.8596875e-01   7.8596875e-01
   1.7000000e+01   1.4000000e+01   6.5342500e-15   8.3181250e-01   8.3181250e-01
   1.8000000e+01   1.4000000e+01   6.4292632e-15   8.8284375e-01   8.8284375e-01
   1.9000000e+01   1.4000000e+01   6.6446102e-15   8.9559375e-01   8.9559375e-01
   2.0000000e+01   1.4000000e+01   6.5658798e-15   8.8221875e-01   8.8221875e-01
   2.1000000e+01   1.4000000e+01   6.3068706e-15   8.4034375e-01   8.4034375e-01
   2.2000000e+01   1.4000000e+01   6.1364266e-15   8.2521875e-01   8.2521875e-01
   2.3000000e+01   1.4000000e+01   5.9056515e-15   7.8696875e-01   7.8696875e-01
   2.4000000e+01   1.4000000e+01   5.6684380e-15   7.5193750e-01   7.5193750e-01
   2.5000000e+01   1.4000000e+01   5.5975462e-15   7.5809375e-01   7.5809375e-01
   2.6000000e+01   1.4000000e+01   5.5866047e-15   7.1896875e-01   7.1896875e-01
   2.7000000e+01   1.4000000e+01   5.2377812e-15   7.2503125e-01   7.2503125e-01
   2.8000000e+01   1.4000000e+01   5.1320830e-15   6.9450000e-01   6.9450000e-01
   2.9000000e+01   1.4000000e+01   5.2784518e-15   6.9715625e-01   6.9715625e-01
   3.0000000e+01   1.4000000e+01   5.1874217e-15   7.0346875e-01   7.0346875e-01
   3.1000000e+01   1.4000000e+01   5.3061673e-15   7.2281250e-01   7.2281250e-01
   3.2000000e+01   1.4000000e+01   5.6924811e-15   7.6028125e-01   7.6028125e-01
   3.3000000e+01   1.4000000e+01   6.2024735e-15   8.1415625e-01   8.1415625e-01
   3.4000000e+01   1.4000000e+01   6.2323694e-15   8.3915625e-01   8.3915625e-01
   3.5000000e+01   1.4000000e+01   6.5897701e-15   8.8625000e-01   8.8625000e-01
   1.0000000e+00   1.5000000e+01   6.8100808e-15   8.6109375e-01   8.6109375e-01
   2.0000000e+00   1.5000000e+01   6.7878014e-15   9.2215625e-01   9.2215625e-01
   3.0000000e+00   1.5000000e+01   6.8807999e-15   9.2278125e-01   9.2278125e-01
   4.0000000e+00   1.5000000e+01   6.7489716e-15   9.0225000e-01   9.0225000e-01
   5.0000000e+00   1.5000000e+01   6.4993975e-15   8.3990625e-01   8.3990625e-01
   6.0000000e+00   1.5000000e+01   6.1792902e-15   8.4171875e-01   8.4171875e-01
   7.0000000e+00   1.5000000e+01   5.9288274e-15   8.0196875e-01   8.0196875e-01
   8.0000000e+00   1.5000000e+01   5.7841173e-15   7.8106250e-01   7.8106250e-01
   9.0000000e+00   1.5000000e+01   5.7663538e-15   7.5003125e-01   7.5003125e-01
   1.0000000e+01   1.5000000e+01   5.7207056e-15   7.7025000e-01   7.7025000e-01
   1.1000000e+01   1.5000000e+01   5.5554441e-15   7.4737500e-01   7.4737500e-01
   1.2000000e+01   1.5000000e+01   5.6149315e-15   7.2590625e-01   7.2590625e-01
   1.3000000e+01   1.5000000e+01   5.3282838e-15   7.1621875e-01   7.1621875e-01
   1.4000000e+01   1.5000000e+01   5.3585887e-15   7.3396875e-01   7.3396875e-01
   1.5000000e+01   1.5000000e+01   5.5707852e-15   7.5146875e-01   7.5146875e-01
   1.6000000e+01   1.5000000e+01   6.0788347e-15   8.0896875e-01   8.0896875e-01
   1.7000000e+01   1.5000000e+01   6.4334629e-15   8.1571875e-01   8.1571875e-01
   1.8000000e+01   1.5000000e+01   6.6485158e-15   9.0634375e-01   9.0634375e-01
   1.9000000e+01   1.5000000e+01   6.7782987e-15   9.2390625e-01   9.2390625e-01
   2.0000000e+01   1.5000000e+01   6.8373568e-15   9.1375000e-01   9.1375000e-01
   2.1000000e+01   1.5000000e+01   6.4880989e-15   8.5631250e-01   8.5631250e-01
   2.2000000e+01   1.5000000e+01   6.3471667e-15   8.6437500e-01   8.6437500e-01
   2.3000000e+01   1.5000000e+01   6.1010382e-15   8.2562500e-01   8.2562500e-01
   2.4000000e+01   1.5000000e+01   5.8069736e-15   7.8115625e-01   7.8115625e-01
   2.5000000e+01   1.5000000e+01   5.8053834e-15   7.7906250e-01   7.7906250e-01
   2.6000000e+01   1.5000000e+01   5.8839725e-15   7.4943750e-01   7.4943750e-01
   2.7000000e+01   1.5000000e+01   5.4079574e-15   7.1996875e-01   7.1996875e-01
   2.8000000e+01   1.5000000e+01   5.3389432e-15   7.2931250e-01   7.2931250e-01
   2.9000000e+01   1.5000000e+01   5.3777547e-15   7.3387500e-01   7.3387500e-01
   3.0000000e+01   1.5000000e+01   5.5415816e-15   7.2934375e-01   7.2934375e-01
   3.1000000e+01   1.5000000e+01   5.3073047e-15   7.0603125e-01   7.0603125e-01
   3.2000000e+01   1.5000000e+01   5.6616257e-15   7.8021875e-01   7.8021875e-01
   3.3000000e+01   1.5000000e+01   6.1870148e-15   8.3343750e-01   8.3343750e-01
   3.4000000e+01   1.5000000e+01   6.6657543e-15   8.8800000e-01   8.8800000e-01
   3.5000000e+01   1.5000000e+01   6.8740751e-15   8.8231250e-01   8.8231250e-01
   1.0000000e+00   1.6000000e+01   6.8161510e-15   9.3631250e-01   9.3631250e-01
   2.0000000e+00   1.6000000e+01   7.1025008e-15   9.6059375e-01   9.6059375e-01
   3.0000000e+00   1.6000000e+01   7.0134316e-15   9.5503125e-01   9.5503125e-01
   4.0000000e+00   1.6000000e+01   6.9667903e-15   9.3568750e-01   9.3568750e-01
   5.0000000e+00   1.6000000e+01   6.9133546e-15   9.1275000e-01   9.1275000e-01
   6.0000000e+00   1.6000000e+01   6.6375261e-15   8.8587500e-01   8.8587500e-01
   7.0000000e+00   1.6000000e+01   6.4997161e-15   8.3396875e-01   8.3396875e-01
   8.0000000e+00   1.6000000e+01   6.2091783e-15   7.8331250e-01   7.8331250e-01
   9.0000000e+00   1.6000000e+01   5.9833923e-15   8.0790625e-01   8.0790625e-01
   1.0000000e+01   1.6000000e+01   5.9029513e-15   8.0896875e-01   8.0896875e-01
   1.1000000e+01   1.6000000e+01   5.7391156e-15   7.8315625e-01   7.8315625e-01
   1.2000000e+01   1.6000000e+01   5.7085169e-15   7.7081250e-01   7.7081250e-01
   1.3000000e+01   1.6000000e+01   5.7224066e-15   7.6550000e-01   7.6550000e-01
   1.4000000e+01   1.6000000e+01   5.5406015e-15   7.5843750e-01   7.5843750e-01
   1.5000000e+01   1.6000000e+01   5.9019906e-15   7.8990625e-01   7.8990625e-01
   1.6000000e+01   1.6000000e+01   6.2992946e-15   8.4578125e-01   8.4578125e-01
   1.7000000e+01   1.6000000e+01   6.7098177e-15   8.9584375e-01   8.9584375e-01
   1.8000000e+01   1.6000000e+01   7.0828740e-15   9.3693750e-01   9.3693750e-01
   1.9000000e+01   1.6000000e+01   7.3469643e-15   9.3625000e-01   9.3625000e-01
   2.0000000e+01   1.6000000e+01   6.8923434e-15   9.0243750e-01   9.0243750e-01
   2.1000000e+01   1.6000000e+01   6.8294781e-15   9.2475000e-01   9.2475000e-01
   2.2000000e+01   1.6000000e+01   6.6069289e-15   9.0031250e-01   9.0031250e-01
   2.3000000e+01   1.6000000e+01   6.4534174e-15   8.6737500e-01   8.6737500e-01
   2.4000000e+01   1.6000000e+01   6.1818626e-15   8.2625000e-01   8.2625000e-01
   2.5000000e+01   1.6000000e+01   6.1826618e-15   7.8365625e-01   7.8365625e-01
   2.6000000e+01   1.6000000e+01   5.9599450e-15   8.0215625e-01   8.0215625e-01
   2.7000000e+01   1.6000000e+01   5.8057585e-15   7.8381250e-01   7.8381250e-01
   2.8000000e+01   1.6000000e+01   5.7361637e-15   7.6809375e-01   7.6809375e-01
   2.9000000e+01   1.6000000e+01   5.6489811e-15   7.6731250e-01   7.6731250e-01
   3.0000000e+01   1.6000000e+01   5.6349244e-15   7.4837500e-01   7.4837500e-01
   3.1000000e+01   1.6000000e+01   5.8521549e-15   7.6375000e-01   7.6375000e-01
   3.2000000e+01   1.6000000e+01   6.1888227e-15   7.9218750e-01   7.9218750e-01
   3.3000000e+01   1.6000000e+01   6.3337954e-15   8.3459375e-01   8.3459375e-01
   3.4000000e+01   1.6000000e+01   6.8438986e-15   9.2275000e-01   9.2275000e-01
   3.5000000e+01   1.6000000e+01   7.0453607e-15   9.4050000e-01   9.4050000e-01
   1.0000000e+00   1.7000000e+01   7.0759584e-15   9.2209375e-01   9.2209375e-01
   2.0000000e+00   1.7000000e+01   7.3525781e-15   9.8925000e-01   9.8925000e-01
   3.0000000e+00   1.7000000e+01   7.2088634e-15   9.7681250e-01   9.7681250e-01
   4.0000000e+00   1.7000000e+01   7.1009465e-15   9.5700000e-01   9.5700000e-01
   5.0000000e+00   1.7000000e+01   7.0644301e-15   9.4021875e-01   9.4021875e-01
   6.0000000e+00   1.7000000e+01   6.8931706e-15   9.1003125e-01   9.1003125e-01
   7.0000000e+00   1.7000000e+01   6.7522341e-15   8.5490625e-01   8.5490625e-01
   8.0000000e+00   1.7000000e+01   6.3777871e-15   8.4550000e-01   8.4550000e-01
   9.0000000e+00   1.7000000e+01   6.3615059e-15   8.6968750e-01   8.6968750e-01
   1.0000000e+01   1.7000000e+01   6.2262497e-15   8.4665625e-01   8.4665625e-01
   1.1000000e+01   1.7000000e+01   6.2092554e-15   8.2571875e-01   8.2571875e-01
   1.2000000e+01   1.7000000e+01   6.1148094e-15   8.0784375e-01   8.0784375e-01
   1.3000000e+01   1.7000000e+01   5.8186470e-15   7.9006250e-01   7.9006250e-01
   1.4000000e+01   1.7000000e+01   5.9080510e-15   7.8943750e-01   7.8943750e-01
   1.5000000e+01   1.7000000e+01   6.2950297e-15   8.0200000e-01   8.0200000e-01
   1.6000000e+01   1.7000000e+01   6.5859791e-15   8.4271875e-01   8.4271875e-01
   1.7000000e+01   1.7000000e+01   6.8768850e-15   8.8509375e-01   8.8509375e-01
   1.8000000e+01   1.7000000e+01   7.0639180e-15   9.5850000e-01   9.5850000e-01
   1.9000000e+01   1.7000000e+01   7.2927646e-15   9.8209375e-01   9.8209375e-01
   2.0000000e+01   1.7000000e+01   7.2995044e-15   9.6946875e-01   9.6946875e-01
   2.1000000e+01   1.7000000e+01   7.1148322e-15   9.5540625e-01   9.5540625e-01
   2.2000000e+01   1.7000000e+01   6.8593507e-15   8.7821875e-01   8.7821875e-01
   2.3000000e+01   1.7000000e+01   6.7059879e-15   9.0546875e-01   9.0546875e-01
   2.4000000e+01   1.7000000e+01   6.4051911e-15   8.6575000e-01   8.6575000e-01
   2.5000000e+01   1.7000000e+01   6.3447455e-15   8.5415625e-01   8.5415625e-01
   2.6000000e+01   1.7000000e+01   6.2695696e-15   8.0934375e-01   8.0934375e-01
   2.7000000e+01   1.7000000e+01   6.1708376e-15   8.2875000e-01   8.2875000e-01
   2.8000000e+01   1.7000000e+01   5.9182684e-15   8.0584375e-01   8.0584375e-01
   2.9000000e+01   1.7000000e+01   5.7878013e-15   7.8940625e-01   7.8940625e-01
   3.0000000e+01   1.7000000e+01   5.7077174e-15   7.8156250e-01   7.8156250e-01
   3.1000000e+01   1.7000000e+01   5.8722887e-15   8.0043750e-01   8.0043750e-01
   3.2000000e+01   1.7000000e+01   6.3190407e-15   8.5431250e-01   8.5431250e-01
   3.3000000e+01   1.7000000e+01   6.8011900e-15   9.1381250e-01   9.1381250e-01
   3.4000000e+01   1.7000000e+01   7.1035907e-15   9.5346875e-01   9.5346875e-01
   3.5000000e+01   1.7000000e+01   7.2047373e-15   9.7246875e-01   9.7246875e-01
   1.0000000e+00   1.8000000e+01   7.3012457e-15   9.8600000e-01   9.8600000e-01
   2.0000000e+00   1.8000000e+01   7.4618138e-15   9.8953125e-01   9.8953125e-01
   3.0000000e+00   1.8000000e+01   7.4617884e-15   9.8503125e-01   9.8503125e-01
   4.0000000e+00   1.8000000e+01   7.3039116e-15   9.5909375e-01   9.5909375e-01
   5.0000000e+00   1.8000000e+01   7.3593401e-15   9.3225000e-01   9.3225000e-01
   6.0000000e+00   1.8000000e+01   6.8725331e-15   8.7971875e-01   8.7971875e-01
   7.0000000e+00   1.8000000e+01   6.6057195e-15   8.5943750e-01   8.5943750e-01
   8.0000000e+00   1.8000000e+01   6.6263358e-15   8.9709375e-01   8.9709375e-01
   9.0000000e+00   1.8000000e+01   6.6246737e-15   9.0015625e-01   9.0015625e-01
   1.0000000e+01   1.8000000e+01   6.5396390e-15   8.8125000e-01   8.8125000e-01
   1.1000000e+01   1.8000000e+01   6.3073491e-15   8.6509375e-01   8.6509375e-01
   1.2000000e+01   1.8000000e+01   6.2561643e-15   8.4268750e-01   8.4268750e-01
   1.3000000e+01   1.8000000e+01   6.1511623e-15   8.2443750e-01   8.2443750e-01
   1.4000000e+01   1.8000000e+01   6.2476024e-15   8.1787500e-01   8.1787500e-01
   1.5000000e+01   1.8000000e+01   6.4779007e-15   8.2393750e-01   8.2393750e-01
   1.6000000e+01   1.8000000e+01   6.6775965e-15   8.8050000e-01   8.8050000e-01
   1.7000000e+01   1.8000000e+01   7.1068732e-15   9.5900000e-01   9.5900000e-01
   1.8000000e+01   1.8000000e+01   7.3683564e-15   9.9465625e-01   9.9465625e-01
   1.9000000e+01   1.8000000e+01   7.4026214e-15   9.9656250e-01   9.9656250e-01
   2.0000000e+01   1.8000000e+01   7.2709024e-15   9.8103125e-01   9.8103125e-01
   2.1000000e+01   1.8000000e+01   7.2579158e-15   9.4403125e-01   9.4403125e-01
   2.2000000e+01   1.8000000e+01   6.8294667e-15   9.1281250e-01   9.1281250e-01
   2.3000000e+01   1.8000000e+01   6.8607785e-15   9.2393750e-01   9.2393750e-01
   2.4000000e+01   1.8000000e+01   6.7642736e-15   9.0225000e-01   9.0225000e-01
   2.5000000e+01   1.8000000e+01   6.7854832e-15   8.8112500e-01   8.8112500e-01
   2.6000000e+01   1.8000000e+01   6.4510061e-15   8.6800000e-01   8.6800000e-01
   2.7000000e+01   1.8000000e+01   6.4115693e-15   8.6131250e-01   8.6131250e-01
   2.8000000e+01   1.8000000e+01   6.3436087e-15   8.4428125e-01   8.4428125e-01
   2.9000000e+01   1.8000000e+01   6.1331477e-15   8.2200000e-01   8.2200000e-01
   3.0000000e+01   1.8000000e+01   6.2315509e-15   7.9053125e-01   7.9053125e-01
   3.1000000e+01   1.8000000e+01   6.1758796e-15   8.2987500e-01   8.2987500e-01
   3.2000000e+01   1.8000000e+01   6.5976938e-15   8.9590625e-01   8.9590625e-01
   3.3000000e+01   1.8000000e+01   7.0249817e-15   9.4200000e-01   9.4200000e-01
   3.4000000e+01   1.8000000e+01   7.3346384e-15   9.7925000e-01   9.7925000e-01
   3.5000000e+01   1.8000000e+01   7.4430119e-15   9.9093750e-01   9.9093750e-01
   1.0000000e+00   1.9000000e+01   7.2069712e-15   9.4100000e-01   9.4100000e-01
   2.0000000e+00   1.9000000e+01   7.4167514e-15   9.9590625e-01   9.9590625e-01
   3.0000000e+00   1.9000000e+01   7.3940028e-15   9.8921875e-01   9.8921875e-01
   4.0000000e+00   1.9000000e+01   7.1211265e-15   9.6884375e-01   9.6884375e-01
   5.0000000e+00   1.9000000e+01   7.0649929e-15   9.4846875e-01   9.4846875e-01
   6.0000000e+00   1.9000000e+01   6.8801308e-15   9.2678125e-01   9.2678125e-01
   7.0000000e+00   1.9000000e+01   6.8005927e-15   9.2059375e-01   9.2059375e-01
   8.0000000e+00   1.9000000e+01   6.8596952e-15   9.0968750e-01   9.0968750e-01
   9.0000000e+00   1.9000000e+01   6.8629664e-15   9.1696875e-01   9.1696875e-01
   1.0000000e+01   1.9000000e+01   6.8492300e-15   8.8178125e-01   8.8178125e-01
   1.1000000e+01   1.9000000e+01   6.4478557e-15   8.2771875e-01   8.2771875e-01
   1.2000000e+01   1.9000000e+01   6.2248038e-15   8.2284375e-01   8.2284375e-01
   1.3000000e+01   1.9000000e+01   6.2483250e-15   8.3056250e-01   8.3056250e-01
   1.4000000e+01   1.9000000e+01   5.9961621e-15   8.0487500e-01   8.0487500e-01
   1.5000000e+01   1.9000000e+01   6.4157104e-15   8.5206250e-01   8.5206250e-01
   1.6000000e+01   1.9000000e+01   6.9618631e-15   9.3421875e-01   9.3421875e-01
   1.7000000e+01   1.9000000e+01   7.2138796e-15   9.6987500e-01   9.6987500e-01
   1.8000000e+01   1.9000000e+01   7.4428537e-15   9.9903125e-01   9.9903125e-01
   1.9000000e+01   1.9000000e+01   7.3842233e-15   9.9684375e-01   9.9684375e-01
   2.0000000e+01   1.9000000e+01   7.2390048e-15   9.8778125e-01   9.8778125e-01
   2.1000000e+01   1.9000000e+01   7.0964969e-15   9.6056250e-01   9.6056250e-01
   2.2000000e+01   1.9000000e+01   7.1058593e-15   9.4887500e-01   9.4887500e-01
   2.3000000e+01   1.9000000e+01   6.9220022e-15   9.2987500e-01   9.2987500e-01
   2.4000000e+01   1.9000000e+01   6.7687618e-15   9.0750000e-01   9.0750000e-01
   2.5000000e+01   1.9000000e+01   6.8156700e-15   9.1050000e-01   9.1050000e-01
   2.6000000e+01   1.9000000e+01   6.7610680e-15   9.0740625e-01   9.0740625e-01
   2.7000000e+01   1.9000000e+01   6.5609887e-15   8.8709375e-01   8.8709375e-01
   2.8000000e+01   1.9000000e+01   6.4803279e-15   8.6375000e-01   8.6375000e-01
   2.9000000e+01   1.9000000e+01   6.2605914e-15   8.5228125e-01   8.5228125e-01
   3.0000000e+01   1.9000000e+01   6.1675854e-15   8.3918750e-01   8.3918750e-01
   3.1000000e+01   1.9000000e+01   6.3898769e-15   8.6246875e-01   8.6246875e-01
   3.2000000e+01   1.9000000e+01   6.7290426e-15   9.1462500e-01   9.1462500e-01
   3.3000000e+01   1.9000000e+01   7.1182711e-15   9.5453125e-01   9.5453125e-01
   3.4000000e+01   1.9000000e+01   7.3241546e-15   9.9034375e-01   9.9034375e-01
   3.5000000e+01   1.9000000e+01   7.4055196e-15   9.9550000e-01   9.9550000e-01
   1.0000000e+00   2.0000000e+01   7.4347710e-15   9.8128125e-01   9.8128125e-01
   2.0000000e+00   2.0000000e+01   7.5463133e-15   9.6915625e-01   9.6915625e-01
   3.0000000e+00   2.0000000e+01   7.2200015e-15   9.3646875e-01   9.3646875e-01
   4.0000000e+00   2.0000000e+01   7.2032396e-15   9.6393750e-01   9.6393750e-01
   5.0000000e+00   2.0000000e+01   7.0017287e-15   9.4912500e-01   9.4912500e-01
   6.0000000e+00   2.0000000e+01   6.8179103e-15   9.2750000e-01   9.2750000e-01
   7.0000000e+00   2.0000000e+01   6.7290219e-15   9.1525000e-01   9.1525000e-01
   8.0000000e+00   2.0000000e+01   6.7172551e-15   9.0700000e-01   9.0700000e-01
   9.0000000e+00   2.0000000e+01   6.8637307e-15   9.0965625e-01   9.0965625e-01
   1.0000000e+01   2.0000000e+01   6.7576376e-15   9.0115625e-01   9.0115625e-01
   1.1000000e+01   2.0000000e+01   6.6040335e-15   8.4856250e-01   8.4856250e-01
   1.2000000e+01   2.0000000e+01   6.3490799e-15   8.3200000e-01   8.3200000e-01
   1.3000000e+01   2.0000000e+01   6.3087452e-15   8.5578125e-01   8.5578125e-01
   1.4000000e+01   2.0000000e+01   6.3443413e-15   8.5990625e-01   8.5990625e-01
   1.5000000e+01   2.0000000e+01   6.6258828e-15   8.9053125e-01   8.9053125e-01
   1.6000000e+01   2.0000000e+01   7.0756293e-15   9.4625000e-01   9.4625000e-01
   1.7000000e+01   2.0000000e+01   7.1335657e-15   9.3709375e-01   9.3709375e-01
   1.8000000e+01   2.0000000e+01   7.4877640e-15   9.5090625e-01   9.5090625e-01
   1.9000000e+01   2.0000000e+01   7.5874832e-15   9.6353125e-01   9.6353125e-01
   2.0000000e+01   2.0000000e+01   7.3750955e-15   9.3750000e-01   9.3750000e-01
   2.1000000e+01   2.0000000e+01   7.1401630e-15   9.2662500e-01   9.2662500e-01
   2.2000000e+01   2.0000000e+01   7.0444623e-15   9.4956250e-01   9.4956250e-01
   2.3000000e+01   2.0000000e+01   6.8437646e-15   9.3165625e-01   9.3165625e-01
   2.4000000e+01   2.0000000e+01   6.8540745e-15   9.1143750e-01   9.1143750e-01
   2.5000000e+01   2.0000000e+01   6.7659797e-15   9.0756250e-01   9.0756250e-01
   2.6000000e+01   2.0000000e+01   6.7851144e-15   9.0565625e-01   9.0565625e-01
   2.7000000e+01   2.0000000e+01   6.8561713e-15   8.8850000e-01   8.8850000e-01
   2.8000000e+01   2.0000000e+01   6.5378039e-15   8.3453125e-01   8.3453125e-01
   2.9000000e+01   2.0000000e+01   6.3365289e-15   8.5162500e-01   8.5162500e-01
   3.0000000e+01   2.0000000e+01   6.2726785e-15   8.6031250e-01   8.6031250e-01
   3.1000000e+01   2.0000000e+01   6.5725650e-15   8.8187500e-01   8.8187500e-01
   3.2000000e+01   2.0000000e+01   6.9123077e-15   9.2287500e-01   9.2287500e-01
   3.3000000e+01   2.0000000e+01   7.4226089e-15   9.5531250e-01   9.5531250e-01
   3.4000000e+01   2.0000000e+01   7.2665208e-15   9.4459375e-01   9.4459375e-01
   3.5000000e+01   2.0000000e+01   7.4276644e-15   9.9437500e-01   9.9437500e-01
   1.0000000e+00   2.1000000e+01   7.3570100e-15   9.8262500e-01   9.8262500e-01
   2.0000000e+00   2.1000000e+01   7.5006786e-15   9.9537500e-01   9.9537500e-01
   3.0000000e+00   2.1000000e+01   7.4093010e-15   9.4118750e-01   9.4118750e-01
   4.0000000e+00   2.1000000e+01   7.1548103e-15   9.6543750e-01   9.6543750e-01
   5.0000000e+00   2.1000000e+01   6.9570086e-15   9.4434375e-01   9.4434375e-01
   6.0000000e+00   2.1000000e+01   6.9083817e-15   9.2737500e-01   9.2737500e-01
   7.0000000e+00   2.1000000e+01   6.7707765e-15   9.0100000e-01   9.0100000e-01
   8.0000000e+00   2.1000000e+01   6.7107515e-15   8.8368750e-01   8.8368750e-01
   9.0000000e+00   2.1000000e+01   6.6506308e-15   8.5343750e-01   8.5343750e-01
   1.0000000e+01   2.1000000e+01   6.5907055e-15   8.8465625e-01   8.8465625e-01
   1.1000000e+01   2.1000000e+01   6.5315714e-15   8.6121875e-01   8.6121875e-01
   1.2000000e+01   2.1000000e+01   6.4992141e-15   8.4346875e-01   8.4346875e-01
   1.3000000e+01   2.1000000e+01   6.1912739e-15   8.2796875e-01   8.2796875e-01
   1.4000000e+01   2.1000000e+01   6.1750790e-15   8.3478125e-01   8.3478125e-01
   1.5000000e+01   2.1000000e+01   6.5899049e-15   8.7525000e-01   8.7525000e-01
   1.6000000e+01   2.1000000e+01   7.2056712e-15   9.3109375e-01   9.3109375e-01
   1.7000000e+01   2.1000000e+01   7.1679574e-15   9.3962500e-01   9.3962500e-01
   1.8000000e+01   2.1000000e+01   7.3336123e-15   9.8706250e-01   9.8706250e-01
   1.9000000e+01   2.1000000e+01   7.4203198e-15   9.9393750e-01   9.9393750e-01
   2.0000000e+01   2.1000000e+01   7.3324679e-15   9.3303125e-01   9.3303125e-01
   2.1000000e+01   2.1000000e+01   7.1433185e-15   9.6150000e-01   9.6150000e-01
   2.2000000e+01   2.1000000e+01   6.9447172e-15   9.4112500e-01   9.4112500e-01
   2.3000000e+01   2.1000000e+01   6.8856221e-15   9.1896875e-01   9.1896875e-01
   2.4000000e+01   2.1000000e+01   6.7283957e-15   8.9968750e-01   8.9968750e-01
   2.5000000e+01   2.1000000e+01   6.5896485e-15   8.9759375e-01   8.9759375e-01
   2.6000000e+01   2.1000000e+01   6.8169875e-15   8.8796875e-01   8.8796875e-01
   2.7000000e+01   2.1000000e+01   6.5516504e-15   8.3415625e-01   8.3415625e-01
   2.8000000e+01   2.1000000e+01   6.3793985e-15   8.5381250e-01   8.5381250e-01
   2.9000000e+01   2.1000000e+01   6.3089157e-15   8.5093750e-01   8.5093750e-01
   3.0000000e+01   2.1000000e+01   6.3012392e-15   8.4409375e-01   8.4409375e-01
   3.1000000e+01   2.1000000e+01   6.3991632e-15   8.6331250e-01   8.6331250e-01
   3.2000000e+01   2.1000000e+01   6.7985451e-15   9.1628125e-01   9.1628125e-01
   3.3000000e+01   2.1000000e+01   7.1078257e-15   9.5950000e-01   9.5950000e-01
   3.4000000e+01   2.1000000e+01   7.3871261e-15   9.8450000e-01   9.8450000e-01
   3.5000000e+01   2.1000000e+01   7.5199074e-15   9.9375000e-01   9.9375000e-01
   1.0000000e+00   2.2000000e+01   7.2453013e-15   9.6718750e-01   9.6718750e-01
   2.0000000e+00   2.2000000e+01   7.3406866e-15   9.8046875e-01   9.8046875e-01
   3.0000000e+00   2.2000000e+01   7.3708631e-15   9.4553125e-01   9.4553125e-01
   4.0000000e+00   2.2000000e+01   7.1440856e-15   8.9703125e-01   8.9703125e-01
   5.0000000e+00   2.2000000e+01   6.7773925e-15   8.7571875e-01   8.7571875e-01
   6.0000000e+00   2.2000000e+01   6.8789400e-15   8.7193750e-01   8.7193750e-01
   7.0000000e+00   2.2000000e+01   6.6188772e-15   8.7465625e-01   8.7465625e-01
   8.0000000e+00   2.2000000e+01   6.3900775e-15   8.5109375e-01   8.5109375e-01
   9.0000000e+00   2.2000000e+01   6.4358717e-15   8.5806250e-01   8.5806250e-01
   1.0000000e+01   2.2000000e+01   6.3150888e-15   8.4840625e-01   8.4840625e-01
   1.1000000e+01   2.2000000e+01   6.1792413e-15   8.2656250e-01   8.2656250e-01
   1.2000000e+01   2.2000000e+01   5.9715634e-15   8.0787500e-01   8.0787500e-01
   1.3000000e+01   2.2000000e+01   5.8206383e-15   7.9778125e-01   7.9778125e-01
   1.4000000e+01   2.2000000e+01   5.9962755e-15   8.0556250e-01   8.0556250e-01
   1.5000000e+01   2.2000000e+01   6.1836347e-15   8.3275000e-01   8.3275000e-01
   1.6000000e+01   2.2000000e+01   6.7968922e-15   9.0346875e-01   9.0346875e-01
   1.7000000e+01   2.2000000e+01   7.1225337e-15   9.1200000e-01   9.1200000e-01
   1.8000000e+01   2.2000000e+01   7.2065408e-15   9.8162500e-01   9.8162500e-01
   1.9000000e+01   2.2000000e+01   7.3230054e-15   9.8734375e-01   9.8734375e-01
   2.0000000e+01   2.2000000e+01   7.2720434e-15   9.6243750e-01   9.6243750e-01
   2.1000000e+01   2.2000000e+01   7.1774259e-15   9.4965625e-01   9.4965625e-01
   2.2000000e+01   2.2000000e+01   7.0582382e-15   9.0937500e-01   9.0937500e-01
   2.3000000e+01   2.2000000e+01   6.6288587e-15   8.7943750e-01   8.7943750e-01
   2.4000000e+01   2.2000000e+01   6.4235845e-15   8.7640625e-01   8.7640625e-01
   2.5000000e+01   2.2000000e+01   6.3780741e-15   8.6087500e-01   8.6087500e-01
   2.6000000e+01   2.2000000e+01   6.4799808e-15   8.6753125e-01   8.6753125e-01
   2.7000000e+01   2.2000000e+01   6.3398719e-15   8.4681250e-01   8.4681250e-01
   2.8000000e+01   2.2000000e+01   6.2803906e-15   8.1493750e-01   8.1493750e-01
   2.9000000e+01   2.2000000e+01   5.8993494e-15   7.9259375e-01   7.9259375e-01
   3.0000000e+01   2.2000000e+01   5.9695228e-15   8.0459375e-01   8.0459375e-01
   3.1000000e+01   2.2000000e+01   6.1395194e-15   8.2665625e-01   8.2665625e-01
   3.2000000e+01   2.2000000e+01   6.6016399e-15   8.7706250e-01   8.7706250e-01
   3.3000000e+01   2.2000000e+01   7.0617292e-15   9.2765625e-01   9.2765625e-01
   3.4000000e+01   2.2000000e+01   7.3851767e-15   9.3878125e-01   9.3878125e-01
   3.5000000e+01   2.2000000e+01   7.4305750e-15   9.4578125e-01   9.4578125e-01
   1.0000000e+00   2.3000000e+01   6.6365851e-15   8.8487500e-01   8.8487500e-01
   2.0000000e+00   2.3000000e+01   6.8985037e-15   9.4234375e-01   9.4234375e-01
   3.0000000e+00   2.3000000e+01   6.8973505e-15   9.3237500e-01   9.3237500e-01
   4.0000000e+00   2.3000000e+01   6.6686795e-15   9.0737500e-01   9.0737500e-01
   5.0000000e+00   2.3000000e+01   6.6352895e-15   8.8590625e-01   8.8590625e-01
   6.0000000e+00   2.3000000e+01   6.2541025e-15   8.5537500e-01   8.5537500e-01
   7.0000000e+00   2.3000000e+01   5.9762828e-15   8.2868750e-01   8.2868750e-01
   8.0000000e+00   2.3000000e+01   5.9919745e-15   8.1406250e-01   8.1406250e-01
   9.0000000e+00   2.3000000e+01   5.9260375e-15   8.1300000e-01   8.1300000e-01
   1.0000000e+01   2.3000000e+01   5.9963465e-15   8.0690625e-01   8.0690625e-01
   1.1000000e+01   2.3000000e+01   5.8446434e-15   7.8450000e-01   7.8450000e-01
   1.2000000e+01   2.3000000e+01   5.7696400e-15   7.6803125e-01   7.6803125e-01
   1.3000000e+01   2.3000000e+01   5.7175167e-15   7.2418750e-01   7.2418750e-01
   1.4000000e+01   2.3000000e+01   5.5171188e-15   7.5215625e-01   7.5215625e-01
   1.5000000e+01   2.3000000e+01   5.7675235e-15   7.8581250e-01   7.8581250e-01
   1.6000000e+01   2.3000000e+01   6.2505962e-15   8.3593750e-01   8.3593750e-01
   1.7000000e+01   2.3000000e+01   6.5698864e-15   8.9490625e-01   8.9490625e-01
   1.8000000e+01   2.3000000e+01   6.9392181e-15   9.3959375e-01   9.3959375e-01
   1.9000000e+01   2.3000000e+01   7.0922857e-15   9.5525000e-01   9.5525000e-01
   2.0000000e+01   2.3000000e+01   7.1030316e-15   8.9890625e-01   8.9890625e-01
   2.1000000e+01   2.3000000e+01   6.9856321e-15   8.9871875e-01   8.9871875e-01
   2.2000000e+01   2.3000000e+01   6.7449324e-15   8.8121875e-01   8.8121875e-01
   2.3000000e+01   2.3000000e+01   6.5191427e-15   8.3231250e-01   8.3231250e-01
   2.4000000e+01   2.3000000e+01   6.1957235e-15   7.8831250e-01   7.8831250e-01
   2.5000000e+01   2.3000000e+01   5.9054482e-15   7.7193750e-01   7.7193750e-01
   2.6000000e+01   2.3000000e+01   6.0269335e-15   8.1096875e-01   8.1096875e-01
   2.7000000e+01   2.3000000e+01   5.8633449e-15   7.8853125e-01   7.8853125e-01
   2.8000000e+01   2.3000000e+01   5.7696647e-15   7.3621875e-01   7.3621875e-01
   2.9000000e+01   2.3000000e+01   5.8773310e-15   7.5003125e-01   7.5003125e-01
   3.0000000e+01   2.3000000e+01   5.7559117e-15   7.6100000e-01   7.6100000e-01
   3.1000000e+01   2.3000000e+01   5.8288589e-15   7.8159375e-01   7.8159375e-01
   3.2000000e+01   2.3000000e+01   6.1886855e-15   8.2928125e-01   8.2928125e-01
   3.3000000e+01   2.3000000e+01   6.6372581e-15   8.7781250e-01   8.7781250e-01
   3.4000000e+01   2.3000000e+01   7.0078655e-15   9.2990625e-01   9.2990625e-01
   3.5000000e+01   2.3000000e+01   7.1807118e-15   9.5696875e-01   9.5696875e-01
   1.0000000e+00   2.4000000e+01   6.2977166e-15   8.4012500e-01   8.4012500e-01
   2.0000000e+00   2.4000000e+01   6.5144052e-15   8.6450000e-01   8.6450000e-01
   3.0000000e+00   2.4000000e+01   6.3926383e-15   8.5781250e-01   8.5781250e-01
   4.0000000e+00   2.4000000e+01   6.2033333e-15   8.4321875e-01   8.4321875e-01
   5.0000000e+00   2.4000000e+01   6.0456374e-15   8.1431250e-01   8.1431250e-01
   6.0000000e+00   2.4000000e+01   5.8262638e-15   7.8478125e-01   7.8478125e-01
   7.0000000e+00   2.4000000e+01   5.7640936e-15   7.6743750e-01   7.6743750e-01
   8.0000000e+00   2.4000000e+01   5.6869750e-15   7.5303125e-01   7.5303125e-01
   9.0000000e+00   2.4000000e+01   5.6700900e-15   7.5018750e-01   7.5018750e-01
   1.0000000e+01   2.4000000e+01   5.5533948e-15   7.4450000e-01   7.4450000e-01
   1.1000000e+01   2.4000000e+01   5.4877613e-15   7.3678125e-01   7.3678125e-01
   1.2000000e+01   2.4000000e+01   5.3681071e-15   7.1862500e-01   7.1862500e-01
   1.3000000e+01   2.4000000e+01   5.3279909e-15   7.0281250e-01   7.0281250e-01
   1.4000000e+01   2.4000000e+01   5.3794497e-15   7.0168750e-01   7.0168750e-01
   1.5000000e+01   2.4000000e+01   5.5187494e-15   7.1921875e-01   7.1921875e-01
   1.6000000e+01   2.4000000e+01   5.9621162e-15   7.7081250e-01   7.7081250e-01
   1.7000000e+01   2.4000000e+01   6.2617883e-15   8.0903125e-01   8.0903125e-01
   1.8000000e+01   2.4000000e+01   6.6039051e-15   8.5625000e-01   8.5625000e-01
   1.9000000e+01   2.4000000e+01   6.8147645e-15   8.7571875e-01   8.7571875e-01
   2.0000000e+01   2.4000000e+01   6.6795165e-15   8.4525000e-01   8.4525000e-01
   2.1000000e+01   2.4000000e+01   6.1174123e-15   7.8971875e-01   7.8971875e-01
   2.2000000e+01   2.4000000e+01   5.9359962e-15   7.9306250e-01   7.9306250e-01
   2.3000000e+01   2.4000000e+01   5.7502629e-15   7.7187500e-01   7.7187500e-01
   2.4000000e+01   2.4000000e+01   5.5484151e-15   7.2653125e-01   7.2653125e-01
   2.5000000e+01   2.4000000e+01   5.5832653e-15   7.0678125e-01   7.0678125e-01
   2.6000000e+01   2.4000000e+01   5.7352854e-15   7.3615625e-01   7.3615625e-01
   2.7000000e+01   2.4000000e+01   5.5957647e-15   7.4884375e-01   7.4884375e-01
   2.8000000e+01   2.4000000e+01   5.4699068e-15   7.3731250e-01   7.3731250e-01
   2.9000000e+01   2.4000000e+01   5.3455065e-15   7.1768750e-01   7.1768750e-01
   3.0000000e+01   2.4000000e+01   5.2204145e-15   7.1612500e-01   7.1612500e-01
   3.1000000e+01   2.4000000e+01   5.2729786e-15   7.2159375e-01   7.2159375e-01
   3.2000000e+01   2.4000000e+01   5.6666672e-15   7.1406250e-01   7.1406250e-01
   3.3000000e+01   2.4000000e+01   6.1563316e-15   8.0346875e-01   8.0346875e-01
   3.4000000e+01   2.4000000e+01   6.5359082e-15   8.5343750e-01   8.5343750e-01
   3.5000000e+01   2.4000000e+01   6.8005223e-15   8.6690625e-01   8.6690625e-01
   1.0000000e+00   2.5000000e+01   6.2740730e-15   7.9809375e-01   7.9809375e-01
   2.0000000e+00   2.5000000e+01   6.2779245e-15   8.4003125e-01   8.4003125e-01
   3.0000000e+00   2.5000000e+01   6.3905732e-15   8.4459375e-01   8.4459375e-01
   4.0000000e+00   2.5000000e+01   6.0422953e-15   8.1553125e-01   8.1553125e-01
   5.0000000e+00   2.5000000e+01   5.7885200e-15   7.9618750e-01   7.9618750e-01
   6.0000000e+00   2.5000000e+01   5.6497517e-15   7.6512500e-01   7.6512500e-01
   7.0000000e+00   2.5000000e+01   5.3601224e-15   7.0925000e-01   7.0925000e-01
   8.0000000e+00   2.5000000e+01   5.3074395e-15   6.8059375e-01   6.8059375e-01
   9.0000000e+00   2.5000000e+01   5.2633491e-15   6.6812500e-01   6.6812500e-01
   1.0000000e+01   2.5000000e+01   5.2617009e-15   6.8740625e-01   6.8740625e-01
   1.1000000e+01   2.5000000e+01   5.1679046e-15   6.9250000e-01   6.9250000e-01
   1.2000000e+01   2.5000000e+01   5.1643499e-15   6.8734375e-01   6.8734375e-01
   1.3000000e+01   2.5000000e+01   4.9207434e-15   6.6700000e-01   6.6700000e-01
   1.4000000e+01   2.5000000e+01   4.9488643e-15   6.2959375e-01   6.2959375e-01
   1.5000000e+01   2.5000000e+01   5.3470964e-15   7.0128125e-01   7.0128125e-01
   1.6000000e+01   2.5000000e+01   5.7111876e-15   7.5293750e-01   7.5293750e-01
   1.7000000e+01   2.5000000e+01   5.8892274e-15   8.0131250e-01   8.0131250e-01
   1.8000000e+01   2.5000000e+01   6.2463501e-15   8.3221875e-01   8.3221875e-01
   1.9000000e+01   2.5000000e+01   6.4116048e-15   8.4640625e-01   8.4640625e-01
   2.0000000e+01   2.5000000e+01   6.2657463e-15   8.3612500e-01   8.3612500e-01
   2.1000000e+01   2.5000000e+01   6.0751681e-15   8.1387500e-01   8.1387500e-01
   2.2000000e+01   2.5000000e+01   5.8834670e-15   7.8321875e-01   7.8321875e-01
   2.3000000e+01   2.5000000e+01   5.7620005e-15   7.6446875e-01   7.6446875e-01
   2.4000000e+01   2.5000000e+01   5.5334949e-15   7.4387500e-01   7.4387500e-01
   2.5000000e+01   2.5000000e+01   5.2571544e-15   7.1956250e-01   7.1956250e-01
   2.6000000e+01   2.5000000e+01   5.1312865e-15   6.8321875e-01   6.8321875e-01
   2.7000000e+01   2.5000000e+01   5.3740134e-15   6.7903125e-01   6.7903125e-01
   2.8000000e+01   2.5000000e+01   5.2187508e-15   6.9778125e-01   6.9778125e-01
   2.9000000e+01   2.5000000e+01   5.0133063e-15   6.7787500e-01   6.7787500e-01
   3.0000000e+01   2.5000000e+01   4.9614119e-15   6.7100000e-01   6.7100000e-01
   3.1000000e+01   2.5000000e+01   5.1655749e-15   7.0178125e-01   7.0178125e-01
   3.2000000e+01   2.5000000e+01   5.3486882e-15   7.3478125e-01   7.3478125e-01
   3.3000000e+01   2.5000000e+01   5.8652028e-15   7.8350000e-01   7.8350000e-01
   3.4000000e+01   2.5000000e+01   6.0057729e-15   7.7315625e-01   7.7315625e-01
   3.5000000e+01   2.5000000e+01   6.4413689e-15   8.2187500e-01   8.2187500e-01
   1.0000000e+00   2.6000000e+01   6.4386624e-15   8.1528125e-01   8.1528125e-01
   2.0000000e+00   2.6000000e+01   6.4611125e-15   8.1109375e-01   8.1109375e-01
   3.0000000e+00   2.6000000e+01   6.1645695e-15   7.8662500e-01   7.8662500e-01
   4.0000000e+00   2.6000000e+01   6.0398633e-15   7.7371875e-01   7.7371875e-01
   5.0000000e+00   2.6000000e+01   6.0340886e-15   7.4406250e-01   7.4406250e-01
   6.0000000e+00   2.6000000e+01   5.5761154e-15   7.1125000e-01   7.1125000e-01
   7.0000000e+00   2.6000000e+01   5.3289744e-15   6.8840625e-01   6.8840625e-01
   8.0000000e+00   2.6000000e+01   5.1223641e-15   6.8178125e-01   6.8178125e-01
   9.0000000e+00   2.6000000e+01   5.0552868e-15   6.8721875e-01   6.8721875e-01
   1.0000000e+01   2.6000000e+01   4.9497485e-15   6.6978125e-01   6.6978125e-01
   1.1000000e+01   2.6000000e+01   5.0343779e-15   6.8362500e-01   6.8362500e-01
   1.2000000e+01   2.6000000e+01   4.9805494e-15   6.7212500e-01   6.7212500e-01
   1.3000000e+01   2.6000000e+01   4.6865379e-15   6.3928125e-01   6.3928125e-01
   1.4000000e+01   2.6000000e+01   4.7001314e-15   6.2921875e-01   6.2921875e-01
   1.5000000e+01   2.6000000e+01   5.1065805e-15   6.8734375e-01   6.8734375e-01
   1.6000000e+01   2.6000000e+01   5.6760882e-15   7.5812500e-01   7.5812500e-01
   1.7000000e+01   2.6000000e+01   6.0323703e-15   8.0618750e-01   8.0618750e-01
   1.8000000e+01   2.6000000e+01   6.1669421e-15   8.3943750e-01   8.3943750e-01
   1.9000000e+01   2.6000000e+01   6.2832191e-15   8.5306250e-01   8.5306250e-01
   2.0000000e+01   2.6000000e+01   6.2118571e-15   8.3946875e-01   8.3946875e-01
   2.1000000e+01   2.6000000e+01   6.0518971e-15   8.1125000e-01   8.1125000e-01
   2.2000000e+01   2.6000000e+01   5.6954990e-15   7.7706250e-01   7.7706250e-01
   2.3000000e+01   2.6000000e+01   5.4771378e-15   7.5434375e-01   7.5434375e-01
   2.4000000e+01   2.6000000e+01   5.3164977e-15   7.3162500e-01   7.3162500e-01
   2.5000000e+01   2.6000000e+01   5.0983965e-15   7.0250000e-01   7.0250000e-01
   2.6000000e+01   2.6000000e+01   4.9712997e-15   6.8103125e-01   6.8103125e-01
   2.7000000e+01   2.6000000e+01   4.9241729e-15   6.3556250e-01   6.3556250e-01
   2.8000000e+01   2.6000000e+01   5.0653748e-15   6.8306250e-01   6.8306250e-01
   2.9000000e+01   2.6000000e+01   4.8420052e-15   6.6168750e-01   6.6168750e-01
   3.0000000e+01   2.6000000e+01   4.7668502e-15   6.6209375e-01   6.6209375e-01
   3.1000000e+01   2.6000000e+01   5.1525130e-15   6.4837500e-01   6.4837500e-01
   3.2000000e+01   2.6000000e+01   5.5464254e-15   7.3725000e-01   7.3725000e-01
   3.3000000e+01   2.6000000e+01   5.8340756e-15   7.8071875e-01   7.8071875e-01
   3.4000000e+01   2.6000000e+01   6.0585003e-15   8.2293750e-01   8.2293750e-01
   3.5000000e+01   2.6000000e+01   6.2991474e-15   8.4681250e-01   8.4681250e-01
   1.0000000e+00   2.7000000e+01   6.4493064e-15   8.1071875e-01   8.1071875e-01
   2.0000000e+00   2.7000000e+01   6.5288641e-15   8.5300000e-01   8.5300000e-01
   3.0000000e+00   2.7000000e+01   6.3871415e-15   8.5828125e-01   8.5828125e-01
   4.0000000e+00   2.7000000e+01   6.2844673e-15   8.3821875e-01   8.3821875e-01
   5.0000000e+00   2.7000000e+01   6.0336637e-15   8.0331250e-01   8.0331250e-01
   6.0000000e+00   2.7000000e+01   5.6186769e-15   7.6131250e-01   7.6131250e-01
   7.0000000e+00   2.7000000e+01   5.3503404e-15   6.8584375e-01   6.8584375e-01
   8.0000000e+00   2.7000000e+01   5.5252400e-15   7.1950000e-01   7.1950000e-01
   9.0000000e+00   2.7000000e+01   5.5087006e-15   7.1531250e-01   7.1531250e-01
   1.0000000e+01   2.7000000e+01   5.2441556e-15   7.0081250e-01   7.0081250e-01
   1.1000000e+01   2.7000000e+01   5.1204121e-15   6.9746875e-01   6.9746875e-01
   1.2000000e+01   2.7000000e+01   5.0879455e-15   6.8381250e-01   6.8381250e-01
   1.3000000e+01   2.7000000e+01   4.7553129e-15   6.4753125e-01   6.4753125e-01
   1.4000000e+01   2.7000000e+01   4.7632694e-15   6.3203125e-01   6.3203125e-01
   1.5000000e+01   2.7000000e+01   4.9667399e-15   6.7634375e-01   6.7634375e-01
   1.6000000e+01   2.7000000e+01   5.4562076e-15   7.2318750e-01   7.2318750e-01
   1.7000000e+01   2.7000000e+01   5.9348574e-15   7.6571875e-01   7.6571875e-01
   1.8000000e+01   2.7000000e+01   6.2593770e-15   7.9871875e-01   7.9871875e-01
   1.9000000e+01   2.7000000e+01   6.6683062e-15   8.5284375e-01   8.5284375e-01
   2.0000000e+01   2.7000000e+01   6.4500947e-15   8.5590625e-01   8.5590625e-01
   2.1000000e+01   2.7000000e+01   6.1050141e-15   8.2037500e-01   8.2037500e-01
   2.2000000e+01   2.7000000e+01   5.9761789e-15   7.7496875e-01   7.7496875e-01
   2.3000000e+01   2.7000000e+01   5.7170637e-15   7.1631250e-01   7.1631250e-01
   2.4000000e+01   2.7000000e+01   5.5107860e-15   6.8871875e-01   6.8871875e-01
   2.5000000e+01   2.7000000e+01   5.4769635e-15   6.8900000e-01   6.8900000e-01
   2.6000000e+01   2.7000000e+01   5.3252253e-15   6.9337500e-01   6.9337500e-01
   2.7000000e+01   2.7000000e+01   5.1662029e-15   6.9303125e-01   6.9303125e-01
   2.8000000e+01   2.7000000e+01   5.0991828e-15   6.8603125e-01   6.8603125e-01
   2.9000000e+01   2.7000000e+01   4.9172665e-15   6.6734375e-01   6.6734375e-01
   3.0000000e+01   2.7000000e+01   4.8463185e-15   6.6262500e-01   6.6262500e-01
   3.1000000e+01   2.7000000e+01   5.0818425e-15   6.8853125e-01   6.8853125e-01
   3.2000000e+01   2.7000000e+01   5.5123081e-15   7.3781250e-01   7.3781250e-01
   3.3000000e+01   2.7000000e+01   5.8573003e-15   7.8965625e-01   7.8965625e-01
   3.4000000e+01   2.7000000e+01   6.3250665e-15   8.3965625e-01   8.3965625e-01
   3.5000000e+01   2.7000000e+01   6.3573192e-15   8.4650000e-01   8.4650000e-01
   1.0000000e+00   2.8000000e+01   6.2458553e-15   8.0856250e-01   8.0856250e-01
   2.0000000e+00   2.8000000e+01   6.5968269e-15   8.2881250e-01   8.2881250e-01
   3.0000000e+00   2.8000000e+01   6.7163192e-15   8.6628125e-01   8.6628125e-01
   4.0000000e+00   2.8000000e+01   6.4085235e-15   8.5562500e-01   8.5562500e-01
   5.0000000e+00   2.8000000e+01   6.0916056e-15   8.1921875e-01   8.1921875e-01
   6.0000000e+00   2.8000000e+01   5.7524245e-15   7.6956250e-01   7.6956250e-01
   7.0000000e+00   2.8000000e+01   5.5075100e-15   7.4975000e-01   7.4975000e-01
   8.0000000e+00   2.8000000e+01   5.4043819e-15   7.2275000e-01   7.2275000e-01
   9.0000000e+00   2.8000000e+01   5.5848225e-15   7.3537500e-01   7.3537500e-01
   1.0000000e+01   2.8000000e+01   5.4320749e-15   7.2390625e-01   7.2390625e-01
   1.1000000e+01   2.8000000e+01   5.2586212e-15   7.1212500e-01   7.1212500e-01
   1.2000000e+01   2.8000000e+01   5.0937578e-15   6.5484375e-01   6.5484375e-01
   1.3000000e+01   2.8000000e+01   4.9718674e-15   6.6915625e-01   6.6915625e-01
   1.4000000e+01   2.8000000e+01   4.9787151e-15   6.7031250e-01   6.7031250e-01
   1.5000000e+01   2.8000000e+01   5.1441265e-15   7.0115625e-01   7.0115625e-01
   1.6000000e+01   2.8000000e+01   5.6745819e-15   7.6528125e-01   7.6528125e-01
   1.7000000e+01   2.8000000e+01   6.2258925e-15   7.8196875e-01   7.8196875e-01
   1.8000000e+01   2.8000000e+01   6.4516543e-15   8.6275000e-01   8.6275000e-01
   1.9000000e+01   2.8000000e+01   6.6377046e-15   8.8003125e-01   8.8003125e-01
   2.0000000e+01   2.8000000e+01   6.5100024e-15   8.6893750e-01   8.6893750e-01
   2.1000000e+01   2.8000000e+01   6.1826459e-15   8.3700000e-01   8.3700000e-01
   2.2000000e+01   2.8000000e+01   5.8535585e-15   7.9315625e-01   7.9315625e-01
   2.3000000e+01   2.8000000e+01   5.6316396e-15   7.5993750e-01   7.5993750e-01
   2.4000000e+01   2.8000000e+01   5.4448349e-15   7.4184375e-01   7.4184375e-01
   2.5000000e+01   2.8000000e+01   5.4255241e-15   7.3862500e-01   7.3862500e-01
   2.6000000e+01   2.8000000e+01   5.3559714e-15   7.2268750e-01   7.2268750e-01
   2.7000000e+01   2.8000000e+01   5.2547069e-15   7.1346875e-01   7.1346875e-01
   2.8000000e+01   2.8000000e+01   5.1450747e-15   6.9818750e-01   6.9818750e-01
   2.9000000e+01   2.8000000e+01   5.0538784e-15   6.7834375e-01   6.7834375e-01
   3.0000000e+01   2.8000000e+01   4.8310675e-15   6.5887500e-01   6.5887500e-01
   3.1000000e+01   2.8000000e+01   5.1069496e-15   6.8731250e-01   6.8731250e-01
   3.2000000e+01   2.8000000e+01   5.3981449e-15   7.2143750e-01   7.2143750e-01
   3.3000000e+01   2.8000000e+01   5.7562568e-15   7.7703125e-01   7.7703125e-01
   3.4000000e+01   2.8000000e+01   6.3161442e-15   8.5328125e-01   8.5328125e-01
   3.5000000e+01   2.8000000e+01   6.5059318e-15   8.7812500e-01   8.7812500e-01
   1.0000000e+00   2.9000000e+01   6.3769989e-15   8.6040625e-01   8.6040625e-01
   2.0000000e+00   2.9000000e+01   6.6447494e-15   8.8275000e-01   8.8275000e-01
   3.0000000e+00   2.9000000e+01   6.5995279e-15   8.8368750e-01   8.8368750e-01
   4.0000000e+00   2.9000000e+01   6.4773686e-15   8.6528125e-01   8.6528125e-01
   5.0000000e+00   2.9000000e+01   6.0721545e-15   8.2937500e-01   8.2937500e-01
   6.0000000e+00   2.9000000e+01   5.7493091e-15   7.8471875e-01   7.8471875e-01
   7.0000000e+00   2.9000000e+01   5.6067648e-15   7.6484375e-01   7.6484375e-01
   8.0000000e+00   2.9000000e+01   5.5736918e-15   7.5018750e-01   7.5018750e-01
   9.0000000e+00   2.9000000e+01   5.5559060e-15   7.4696875e-01   7.4696875e-01
   1.0000000e+01   2.9000000e+01   5.3509070e-15   7.3040625e-01   7.3040625e-01
   1.1000000e+01   2.9000000e+01   5.2554386e-15   7.1571875e-01   7.1571875e-01
   1.2000000e+01   2.9000000e+01   5.1430487e-15   6.8287500e-01   6.8287500e-01
   1.3000000e+01   2.9000000e+01   4.8897585e-15   6.2096875e-01   6.2096875e-01
   1.4000000e+01   2.9000000e+01   5.1867490e-15   6.7115625e-01   6.7115625e-01
   1.5000000e+01   2.9000000e+01   5.3442860e-15   7.1815625e-01   7.1815625e-01
   1.6000000e+01   2.9000000e+01   5.7119396e-15   7.7721875e-01   7.7721875e-01
   1.7000000e+01   2.9000000e+01   6.0496549e-15   8.2346875e-01   8.2346875e-01
   1.8000000e+01   2.9000000e+01   6.4555856e-15   8.6637500e-01   8.6637500e-01
   1.9000000e+01   2.9000000e+01   6.3463495e-15   8.4950000e-01   8.4950000e-01
   2.0000000e+01   2.9000000e+01   6.3569787e-15   8.2681250e-01   8.2681250e-01
   2.1000000e+01   2.9000000e+01   6.2213670e-15   8.3096875e-01   8.3096875e-01
   2.2000000e+01   2.9000000e+01   5.8233982e-15   7.7337500e-01   7.7337500e-01
   2.3000000e+01   2.9000000e+01   5.9121845e-15   7.3631250e-01   7.3631250e-01
   2.4000000e+01   2.9000000e+01   5.6708519e-15   7.5371875e-01   7.5371875e-01
   2.5000000e+01   2.9000000e+01   5.6535433e-15   7.4571875e-01   7.4571875e-01
   2.6000000e+01   2.9000000e+01   5.4937671e-15   7.3784375e-01   7.3784375e-01
   2.7000000e+01   2.9000000e+01   5.3598221e-15   7.1937500e-01   7.1937500e-01
   2.8000000e+01   2.9000000e+01   5.1230053e-15   6.5146875e-01   6.5146875e-01
   2.9000000e+01   2.9000000e+01   5.2384746e-15   6.5950000e-01   6.5950000e-01
   3.0000000e+01   2.9000000e+01   4.9827634e-15   6.7046875e-01   6.7046875e-01
   3.1000000e+01   2.9000000e+01   5.1845892e-15   7.0125000e-01   7.0125000e-01
   3.2000000e+01   2.9000000e+01   5.5355402e-15   7.3450000e-01   7.3450000e-01
   3.3000000e+01   2.9000000e+01   6.1432803e-15   8.0425000e-01   8.0425000e-01
   3.4000000e+01   2.9000000e+01   6.4746006e-15   8.5996875e-01   8.5996875e-01
   3.5000000e+01   2.9000000e+01   6.5629993e-15   8.6918750e-01   8.6918750e-01
   1.0000000e+00   3.0000000e+01   6.4021181e-15   8.5240625e-01   8.5240625e-01
   2.0000000e+00   3.0000000e+01   6.5350821e-15   8.7890625e-01   8.7890625e-01
   3.0000000e+00   3.0000000e+01   6.4678976e-15   8.6768750e-01   8.6768750e-01
   4.0000000e+00   3.0000000e+01   6.5506512e-15   8.3053125e-01   8.3053125e-01
   5.0000000e+00   3.0000000e+01   6.2526286e-15   8.3453125e-01   8.3453125e-01
   6.0000000e+00   3.0000000e+01   6.0265914e-15   7.9321875e-01   7.9321875e-01
   7.0000000e+00   3.0000000e+01   5.6270496e-15   7.6550000e-01   7.6550000e-01
   8.0000000e+00   3.0000000e+01   5.4762733e-15   7.5209375e-01   7.5209375e-01
   9.0000000e+00   3.0000000e+01   5.4441962e-15   6.9987500e-01   6.9987500e-01
   1.0000000e+01   3.0000000e+01   5.6447842e-15   7.2650000e-01   7.2650000e-01
   1.1000000e+01   3.0000000e+01   5.2523540e-15   7.1203125e-01   7.1203125e-01
   1.2000000e+01   3.0000000e+01   5.0320364e-15   6.8518750e-01   6.8518750e-01
   1.3000000e+01   3.0000000e+01   5.0687096e-15   6.8493750e-01   6.8493750e-01
   1.4000000e+01   3.0000000e+01   5.1008247e-15   6.9625000e-01   6.9625000e-01
   1.5000000e+01   3.0000000e+01   5.2893749e-15   7.2543750e-01   7.2543750e-01
   1.6000000e+01   3.0000000e+01   5.7645945e-15   7.7096875e-01   7.7096875e-01
   1.7000000e+01   3.0000000e+01   6.1108641e-15   8.1740625e-01   8.1740625e-01
   1.8000000e+01   3.0000000e+01   6.3442396e-15   8.6112500e-01   8.6112500e-01
   1.9000000e+01   3.0000000e+01   6.5436220e-15   8.7840625e-01   8.7840625e-01
   2.0000000e+01   3.0000000e+01   6.4992647e-15   8.6918750e-01   8.6918750e-01
   2.1000000e+01   3.0000000e+01   6.4238517e-15   8.4650000e-01   8.4650000e-01
   2.2000000e+01   3.0000000e+01   6.0915194e-15   8.1212500e-01   8.1212500e-01
   2.3000000e+01   3.0000000e+01   5.8597451e-15   7.7634375e-01   7.7634375e-01
   2.4000000e+01   3.0000000e+01   5.5518521e-15   7.5331250e-01   7.5331250e-01
   2.5000000e+01   3.0000000e+01   5.5577436e-15   7.3971875e-01   7.3971875e-01
   2.6000000e+01   3.0000000e+01   5.6617568e-15   7.4000000e-01   7.4000000e-01
   2.7000000e+01   3.0000000e+01   5.5293334e-15   7.1912500e-01   7.1912500e-01
   2.8000000e+01   3.0000000e+01   5.0728689e-15   6.9118750e-01   6.9118750e-01
   2.9000000e+01   3.0000000e+01   5.0677687e-15   6.7512500e-01   6.7512500e-01
   3.0000000e+01   3.0000000e+01   5.0603930e-15   6.7906250e-01   6.7906250e-01
   3.1000000e+01   3.0000000e+01   5.2133331e-15   7.0950000e-01   7.0950000e-01
   3.2000000e+01   3.0000000e+01   5.4924982e-15   7.1881250e-01   7.1881250e-01
   3.3000000e+01   3.0000000e+01   6.1170781e-15   7.7896875e-01   7.7896875e-01
   3.4000000e+01   3.0000000e+01   6.4281532e-15   8.5356250e-01   8.5356250e-01
   3.5000000e+01   3.0000000e+01   6.5718556e-15   8.7550000e-01   8.7550000e-01
   1.0000000e+00   3.1000000e+01   6.3268813e-15   8.4468750e-01   8.4468750e-01
   2.0000000e+00   3.1000000e+01   6.6668780e-15   8.3631250e-01   8.3631250e-01
   3.0000000e+00   3.1000000e+01   6.7026284e-15   8.4237500e-01   8.4237500e-01
   4.0000000e+00   3.1000000e+01   6.4901746e-15   8.2165625e-01   8.2165625e-01
   5.0000000e+00   3.1000000e+01   6.3774080e-15   8.0746875e-01   8.0746875e-01
   6.0000000e+00   3.1000000e+01   6.2832103e-15   8.0162500e-01   8.0162500e-01
   7.0000000e+00   3.1000000e+01   5.8273264e-15   7.7940625e-01   7.7940625e-01
   8.0000000e+00   3.1000000e+01   5.7674679e-15   7.5718750e-01   7.5718750e-01
   9.0000000e+00   3.1000000e+01   5.6840042e-15   7.6231250e-01   7.6231250e-01
   1.0000000e+01   3.1000000e+01   5.4713616e-15   7.3943750e-01   7.3943750e-01
   1.1000000e+01   3.1000000e+01   5.4752252e-15   7.1634375e-01   7.1634375e-01
   1.2000000e+01   3.1000000e+01   5.1567967e-15   7.0156250e-01   7.0156250e-01
   1.3000000e+01   3.1000000e+01   5.2424989e-15   7.1015625e-01   7.1015625e-01
   1.4000000e+01   3.1000000e+01   5.1251361e-15   6.9909375e-01   6.9909375e-01
   1.5000000e+01   3.1000000e+01   5.5155698e-15   6.9184375e-01   6.9184375e-01
   1.6000000e+01   3.1000000e+01   5.8239750e-15   7.7215625e-01   7.7215625e-01
   1.7000000e+01   3.1000000e+01   6.1543670e-15   8.2371875e-01   8.2371875e-01
   1.8000000e+01   3.1000000e+01   6.4927823e-15   8.6559375e-01   8.6559375e-01
   1.9000000e+01   3.1000000e+01   6.6333769e-15   8.8731250e-01   8.8731250e-01
   2.0000000e+01   3.1000000e+01   6.5824026e-15   8.8487500e-01   8.8487500e-01
   2.1000000e+01   3.1000000e+01   6.3231640e-15   8.4871875e-01   8.4871875e-01
   2.2000000e+01   3.1000000e+01   6.3451157e-15   8.2028125e-01   8.2028125e-01
   2.3000000e+01   3.1000000e+01   5.9650145e-15   7.9109375e-01   7.9109375e-01
   2.4000000e+01   3.1000000e+01   5.6361931e-15   7.6146875e-01   7.6146875e-01
   2.5000000e+01   3.1000000e+01   5.5123391e-15   7.4596875e-01   7.4596875e-01
   2.6000000e+01   3.1000000e+01   5.7354971e-15   7.2865625e-01   7.2865625e-01
   2.7000000e+01   3.1000000e+01   5.3803850e-15   7.2793750e-01   7.2793750e-01
   2.8000000e+01   3.1000000e+01   5.2044308e-15   6.9953125e-01   6.9953125e-01
   2.9000000e+01   3.1000000e+01   5.0826027e-15   6.5525000e-01   6.5525000e-01
   3.0000000e+01   3.1000000e+01   5.1659523e-15   7.0156250e-01   7.0156250e-01
   3.1000000e+01   3.1000000e+01   5.2843570e-15   7.2015625e-01   7.2015625e-01
   3.2000000e+01   3.1000000e+01   5.4142840e-15   7.1159375e-01   7.1159375e-01
   3.3000000e+01   3.1000000e+01   6.0344274e-15   7.9462500e-01   7.9462500e-01
   3.4000000e+01   3.1000000e+01   6.4284574e-15   8.5806250e-01   8.5806250e-01
   3.5000000e+01   3.1000000e+01   6.5200766e-15   8.7862500e-01   8.7862500e-01
   1.0000000e+00   3.2000000e+01   6.6871488e-15   8.8946875e-01   8.8946875e-01
   2.0000000e+00   3.2000000e+01   6.7636751e-15   9.1253125e-01   9.1253125e-01
   3.0000000e+00   3.2000000e+01   6.6868993e-15   8.9450000e-01   8.9450000e-01
   4.0000000e+00   3.2000000e+01   6.9508269e-15   8.8643750e-01   8.8643750e-01
   5.0000000e+00   3.2000000e+01   6.7064560e-15   8.9090625e-01   8.9090625e-01
   6.0000000e+00   3.2000000e+01   6.3605880e-15   8.5840625e-01   8.5840625e-01
   7.0000000e+00   3.2000000e+01   5.9774408e-15   8.1303125e-01   8.1303125e-01
   8.0000000e+00   3.2000000e+01   5.7712810e-15   7.8412500e-01   7.8412500e-01
   9.0000000e+00   3.2000000e+01   5.6973167e-15   7.3615625e-01   7.3615625e-01
   1.0000000e+01   3.2000000e+01   5.9614600e-15   7.7846875e-01   7.7846875e-01
   1.1000000e+01   3.2000000e+01   5.7010987e-15   7.5234375e-01   7.5234375e-01
   1.2000000e+01   3.2000000e+01   5.4260169e-15   7.3562500e-01   7.3562500e-01
   1.3000000e+01   3.2000000e+01   5.3810173e-15   7.3378125e-01   7.3378125e-01
   1.4000000e+01   3.2000000e+01   5.4467274e-15   7.3425000e-01   7.3425000e-01
   1.5000000e+01   3.2000000e+01   5.4535686e-15   7.4053125e-01   7.4053125e-01
   1.6000000e+01   3.2000000e+01   5.9562681e-15   7.9159375e-01   7.9159375e-01
   1.7000000e+01   3.2000000e+01   6.3280976e-15   8.4046875e-01   8.4046875e-01
   1.8000000e+01   3.2000000e+01   6.5894062e-15   8.8650000e-01   8.8650000e-01
   1.9000000e+01   3.2000000e+01   6.7197822e-15   9.1425000e-01   9.1425000e-01
   2.0000000e+01   3.2000000e+01   6.7428308e-15   9.0831250e-01   9.0831250e-01
   2.1000000e+01   3.2000000e+01   6.4401244e-15   8.4025000e-01   8.4025000e-01
   2.2000000e+01   3.2000000e+01   6.3862632e-15   8.1471875e-01   8.1471875e-01
   2.3000000e+01   3.2000000e+01   6.2174440e-15   7.8821875e-01   7.8821875e-01
   2.4000000e+01   3.2000000e+01   5.9847293e-15   7.8575000e-01   7.8575000e-01
   2.5000000e+01   3.2000000e+01   5.7611421e-15   7.7100000e-01   7.7100000e-01
   2.6000000e+01   3.2000000e+01   5.8240008e-15   7.7537500e-01   7.7537500e-01
   2.7000000e+01   3.2000000e+01   5.6673206e-15   7.5637500e-01   7.5637500e-01
   2.8000000e+01   3.2000000e+01   5.4135788e-15   7.3028125e-01   7.3028125e-01
   2.9000000e+01   3.2000000e+01   5.3371860e-15   7.2612500e-01   7.2612500e-01
   3.0000000e+01   3.2000000e+01   5.2913123e-15   7.2565625e-01   7.2565625e-01
   3.1000000e+01   3.2000000e+01   5.2846136e-15   7.3350000e-01   7.3350000e-01
   3.2000000e+01   3.2000000e+01   5.5886104e-15   7.6784375e-01   7.6784375e-01
   3.3000000e+01   3.2000000e+01   5.8185426e-15   7.7359375e-01   7.7359375e-01
   3.4000000e+01   3.2000000e+01   6.5774372e-15   8.3581250e-01   8.3581250e-01
   3.5000000e+01   3.2000000e+01   6.8572672e-15   9.0700000e-01   9.0700000e-01
   1.0000000e+00   3.3000000e+01   6.9063568e-15   9.3031250e-01   9.3031250e-01
   2.0000000e+00   3.3000000e+01   7.1569850e-15   9.4881250e-01   9.4881250e-01
   3.0000000e+00   3.3000000e+01   7.2177495e-15   9.5996875e-01   9.5996875e-01
   4.0000000e+00   3.3000000e+01   7.1345338e-15   9.5446875e-01   9.5446875e-01
   5.0000000e+00   3.3000000e+01   7.0086593e-15   9.2503125e-01   9.2503125e-01
   6.0000000e+00   3.3000000e+01   6.6735819e-15   8.9937500e-01   8.9937500e-01
   7.0000000e+00   3.3000000e+01   6.4849397e-15   8.6681250e-01   8.6681250e-01
   8.0000000e+00   3.3000000e+01   6.2765845e-15   8.2878125e-01   8.2878125e-01
   9.0000000e+00   3.3000000e+01   6.1699738e-15   8.1993750e-01   8.1993750e-01
   1.0000000e+01   3.3000000e+01   5.9676185e-15   7.7078125e-01   7.7078125e-01
   1.1000000e+01   3.3000000e+01   5.8018925e-15   7.9271875e-01   7.9271875e-01
   1.2000000e+01   3.3000000e+01   5.7456575e-15   7.7375000e-01   7.7375000e-01
   1.3000000e+01   3.3000000e+01   5.8057650e-15   7.6606250e-01   7.6606250e-01
   1.4000000e+01   3.3000000e+01   5.6084154e-15   7.6284375e-01   7.6284375e-01
   1.5000000e+01   3.3000000e+01   5.7546555e-15   7.6971875e-01   7.6971875e-01
   1.6000000e+01   3.3000000e+01   6.2423787e-15   8.2800000e-01   8.2800000e-01
   1.7000000e+01   3.3000000e+01   6.7034217e-15   8.7256250e-01   8.7256250e-01
   1.8000000e+01   3.3000000e+01   7.1115020e-15   8.9559375e-01   8.9559375e-01
   1.9000000e+01   3.3000000e+01   6.9294738e-15   9.2150000e-01   9.2150000e-01
   2.0000000e+01   3.3000000e+01   7.0300780e-15   9.4434375e-01   9.4434375e-01
   2.1000000e+01   3.3000000e+01   6.8246710e-15   9.1978125e-01   9.1978125e-01
   2.2000000e+01   3.3000000e+01   6.7032296e-15   9.0093750e-01   9.0093750e-01
   2.3000000e+01   3.3000000e+01   6.5714012e-15   8.7890625e-01   8.7890625e-01
   2.4000000e+01   3.3000000e+01   6.3392001e-15   8.3137500e-01   8.3137500e-01
   2.5000000e+01   3.3000000e+01   5.9962167e-15   7.7321875e-01   7.7321875e-01
   2.6000000e+01   3.3000000e+01   5.8257640e-15   7.6190625e-01   7.6190625e-01
   2.7000000e+01   3.3000000e+01   5.8828347e-15   7.9834375e-01   7.9834375e-01
   2.8000000e+01   3.3000000e+01   5.6557744e-15   7.7146875e-01   7.7146875e-01
   2.9000000e+01   3.3000000e+01   5.5832606e-15   7.6093750e-01   7.6093750e-01
   3.0000000e+01   3.3000000e+01   5.5719981e-15   7.5521875e-01   7.5521875e-01
   3.1000000e+01   3.3000000e+01   5.5279525e-15   7.5321875e-01   7.5321875e-01
   3.2000000e+01   3.3000000e+01   5.9430420e-15   7.9956250e-01   7.9956250e-01
   3.3000000e+01   3.3000000e+01   6.2987876e-15   8.4956250e-01   8.4956250e-01
   3.4000000e+01   3.3000000e+01   6.7482330e-15   9.0284375e-01   9.0284375e-01
   3.5000000e+01   3.3000000e+01   7.1182539e-15   9.4509375e-01   9.4509375e-01
   1.0000000e+00   3.4000000e+01   7.3632075e-15   9.5750000e-01   9.5750000e-01
   2.0000000e+00   3.4000000e+01   7.1625264e-15   9.6140625e-01   9.6140625e-01
   3.0000000e+00   3.4000000e+01   7.4080748e-15   9.8778125e-01   9.8778125e-01
   4.0000000e+00   3.4000000e+01   7.2712588e-15   9.7578125e-01   9.7578125e-01
   5.0000000e+00   3.4000000e+01   7.1646084e-15   9.5709375e-01   9.5709375e-01
   6.0000000e+00   3.4000000e+01   6.9929249e-15   9.3100000e-01   9.3100000e-01
   7.0000000e+00   3.4000000e+01   6.8234983e-15   9.0709375e-01   9.0709375e-01
   8.0000000e+00   3.4000000e+01   6.6699690e-15   8.7081250e-01   8.7081250e-01
   9.0000000e+00   3.4000000e+01   6.5903049e-15   8.2390625e-01   8.2390625e-01
   1.0000000e+01   3.4000000e+01   6.3086049e-15   8.5387500e-01   8.5387500e-01
   1.1000000e+01   3.4000000e+01   6.1881572e-15   8.3156250e-01   8.3156250e-01
   1.2000000e+01   3.4000000e+01   6.0924805e-15   8.1550000e-01   8.1550000e-01
   1.3000000e+01   3.4000000e+01   6.0217617e-15   8.0206250e-01   8.0206250e-01
   1.4000000e+01   3.4000000e+01   5.9863273e-15   7.8943750e-01   7.8943750e-01
   1.5000000e+01   3.4000000e+01   5.9868251e-15   8.1090625e-01   8.1090625e-01
   1.6000000e+01   3.4000000e+01   6.4473611e-15   8.6737500e-01   8.6737500e-01
   1.7000000e+01   3.4000000e+01   6.7637324e-15   9.2253125e-01   9.2253125e-01
   1.8000000e+01   3.4000000e+01   7.0761902e-15   9.6071875e-01   9.6071875e-01
   1.9000000e+01   3.4000000e+01   7.3599777e-15   9.8240625e-01   9.8240625e-01
   2.0000000e+01   3.4000000e+01   7.2036480e-15   9.7481250e-01   9.7481250e-01
   2.1000000e+01   3.4000000e+01   7.0944754e-15   9.5400000e-01   9.5400000e-01
   2.2000000e+01   3.4000000e+01   6.9665843e-15   9.3268750e-01   9.3268750e-01
   2.3000000e+01   3.4000000e+01   6.7824207e-15   9.1125000e-01   9.1125000e-01
   2.4000000e+01   3.4000000e+01   6.5841174e-15   8.7981250e-01   8.7981250e-01
   2.5000000e+01   3.4000000e+01   6.4709101e-15   8.6078125e-01   8.6078125e-01
   2.6000000e+01   3.4000000e+01   6.3132666e-15   8.4762500e-01   8.4762500e-01
   2.7000000e+01   3.4000000e+01   6.2681862e-15   8.3534375e-01   8.3534375e-01
   2.8000000e+01   3.4000000e+01   6.1251070e-15   7.6953125e-01   7.6953125e-01
   2.9000000e+01   3.4000000e+01   5.7304041e-15   7.8531250e-01   7.8531250e-01
   3.0000000e+01   3.4000000e+01   5.8336335e-15   7.8265625e-01   7.8265625e-01
   3.1000000e+01   3.4000000e+01   5.8764164e-15   7.9381250e-01   7.9381250e-01
   3.2000000e+01   3.4000000e+01   6.4291142e-15   8.4137500e-01   8.4137500e-01
   3.3000000e+01   3.4000000e+01   6.7873140e-15   8.5159375e-01   8.5159375e-01
   3.4000000e+01   3.4000000e+01   6.8750118e-15   9.1393750e-01   9.1393750e-01
   3.5000000e+01   3.4000000e+01   7.2751080e-15   9.7771875e-01   9.7771875e-01
   1.0000000e+00   3.5000000e+01   7.2954010e-15   9.7781250e-01   9.7781250e-01
   2.0000000e+00   3.5000000e+01   7.4169244e-15   1.0033438e+00   1.0033438e+00
   3.0000000e+00   3.5000000e+01   7.5480711e-15   9.9750000e-01   9.9750000e-01
   4.0000000e+00   3.5000000e+01   7.3810184e-15   9.6831250e-01   9.6831250e-01
   5.0000000e+00   3.5000000e+01   7.1746341e-15   9.5843750e-01   9.5843750e-01
   6.0000000e+00   3.5000000e+01   6.9878049e-15   9.4475000e-01   9.4475000e-01
   7.0000000e+00   3.5000000e+01   6.8283588e-15   9.2043750e-01   9.2043750e-01
   8.0000000e+00   3.5000000e+01   6.5874740e-15   8.6575000e-01   8.6575000e-01
   9.0000000e+00   3.5000000e+01   6.7220849e-15   9.0209375e-01   9.0209375e-01
   1.0000000e+01   3.5000000e+01   6.6677831e-15   8.8984375e-01   8.8984375e-01
   1.1000000e+01   3.5000000e+01   6.6111379e-15   8.6778125e-01   8.6778125e-01
   1.2000000e+01   3.5000000e+01   6.4354018e-15   8.0850000e-01   8.0850000e-01
   1.3000000e+01   3.5000000e+01   6.0531135e-15   8.0153125e-01   8.0153125e-01
   1.4000000e+01   3.5000000e+01   6.0384583e-15   8.1975000e-01   8.1975000e-01
   1.5000000e+01   3.5000000e+01   6.3237697e-15   8.4700000e-01   8.4700000e-01
   1.6000000e+01   3.5000000e+01   6.9046426e-15   8.9756250e-01   8.9756250e-01
   1.7000000e+01   3.5000000e+01   6.9612256e-15   9.4521875e-01   9.4521875e-01
   1.8000000e+01   3.5000000e+01   7.3530867e-15   9.7790625e-01   9.7790625e-01
   1.9000000e+01   3.5000000e+01   7.6841432e-15   9.8450000e-01   9.8450000e-01
   2.0000000e+01   3.5000000e+01   7.2321405e-15   9.8259375e-01   9.8259375e-01
   2.1000000e+01   3.5000000e+01   7.1132167e-15   9.5637500e-01   9.5637500e-01
   2.2000000e+01   3.5000000e+01   7.2066813e-15   9.4500000e-01   9.4500000e-01
   2.3000000e+01   3.5000000e+01   6.7463072e-15   8.8196875e-01   8.8196875e-01
   2.4000000e+01   3.5000000e+01   6.6415871e-15   9.0046875e-01   9.0046875e-01
   2.5000000e+01   3.5000000e+01   6.7550264e-15   8.9609375e-01   8.9609375e-01
   2.6000000e+01   3.5000000e+01   6.6644681e-15   8.7928125e-01   8.7928125e-01
   2.7000000e+01   3.5000000e+01   6.3030903e-15   8.2493750e-01   8.2493750e-01
   2.8000000e+01   3.5000000e+01   6.3424163e-15   8.4868750e-01   8.4868750e-01
   2.9000000e+01   3.5000000e+01   6.2388274e-15   8.2931250e-01   8.2931250e-01
   3.0000000e+01   3.5000000e+01   6.1888556e-15   8.0550000e-01   8.0550000e-01
   3.1000000e+01   3.5000000e+01   6.1556889e-15   7.7603125e-01   7.7603125e-01
   3.2000000e+01   3.5000000e+01   6.3893867e-15   8.6387500e-01   8.6387500e-01
   3.3000000e+01   3.5000000e+01   6.8855871e-15   9.2978125e-01   9.2978125e-01
   3.4000000e+01   3.5000000e+01   7.2120436e-15   9.6946875e-01   9.6946875e-01
   3.5000000e+01   3.5000000e+01   7.5127932e-15   9.9550000e-01   9.9550000e-01
