   1.0000000e+00   1.0000000e+00   6.9891358e-16   1.1190625e-01   1.1190625e-01
   2.0000000e+00   1.0000000e+00   7.2760787e-16   1.1075000e-01   1.1075000e-01
   3.0000000e+00   1.0000000e+00   7.2408054e-16   1.1343750e-01   1.1343750e-01
   4.0000000e+00   1.0000000e+00   7.2623075e-16   1.1890625e-01   1.1890625e-01
   5.0000000e+00   1.0000000e+00   8.5258060e-16   1.3075000e-01   1.3075000e-01
   6.0000000e+00   1.0000000e+00   9.8431045e-16   1.4287500e-01   1.4287500e-01
   7.0000000e+00   1.0000000e+00   1.0417543e-15   1.5543750e-01   1.5543750e-01
   8.0000000e+00   1.0000000e+00   1.0416489e-15   1.5921875e-01   1.5921875e-01
   9.0000000e+00   1.0000000e+00   9.8830530e-16   1.5778125e-01   1.5778125e-01
   1.0000000e+01   1.0000000e+00   9.8230057e-16   1.5000000e-01   1.5000000e-01
   1.1000000e+01   1.0000000e+00   9.4940817e-16   1.4487500e-01   1.4487500e-01
   1.2000000e+01   1.0000000e+00   9.5994530e-16   1.3896875e-01   1.3896875e-01
   1.3000000e+01   1.0000000e+00   8.1202276e-16   1.3265625e-01   1.3265625e-01
   1.4000000e+01   1.0000000e+00   7.5641516e-16   1.2331250e-01   1.2331250e-01
   1.5000000e+01   1.0000000e+00   7.5388059e-16   1.2018750e-01   1.2018750e-01
   1.6000000e+01   1.0000000e+00   6.9808000e-16   1.1356250e-01   1.1356250e-01
   1.7000000e+01   1.0000000e+00   7.1336410e-16   1.0715625e-01   1.0715625e-01
   1.8000000e+01   1.0000000e+00   6.3094534e-16   1.0493750e-01   1.0493750e-01
   1.9000000e+01   1.0000000e+00   6.6428788e-16   1.0871875e-01   1.0871875e-01
   2.0000000e+01   1.0000000e+00   7.3075045e-16   1.1440625e-01   1.1440625e-01
   2.1000000e+01   1.0000000e+00   7.7933992e-16   1.2046875e-01   1.2046875e-01
   2.2000000e+01   1.0000000e+00   8.5216887e-16   1.3675000e-01   1.3675000e-01
   2.3000000e+01   1.0000000e+00   8.7549758e-16   1.4650000e-01   1.4650000e-01
   2.4000000e+01   1.0000000e+00   9.3011052e-16   1.5787500e-01   1.5787500e-01
   2.5000000e+01   1.0000000e+00   9.6751038e-16   1.5831250e-01   1.5831250e-01
   2.6000000e+01   1.0000000e+00   9.9925865e-16   1.5065625e-01   1.5065625e-01
   2.7000000e+01   1.0000000e+00   9.9737757e-16   1.4746875e-01   1.4746875e-01
   2.8000000e+01   1.0000000e+00   8.6211304e-16   1.4084375e-01   1.4084375e-01
   2.9000000e+01   1.0000000e+00   8.5555904e-16   1.3525000e-01   1.3525000e-01
   3.0000000e+01   1.0000000e+00   7.6137388e-16   1.2325000e-01   1.2325000e-01
   3.1000000e+01   1.0000000e+00   7.5513010e-16   1.1793750e-01   1.1793750e-01
   3.2000000e+01   1.0000000e+00   7.0756337e-16   1.1409375e-01   1.1409375e-01
   3.3000000e+01   1.0000000e+00   6.6698226e-16   1.0900000e-01   1.0900000e-01
   3.4000000e+01   1.0000000e+00   6.9818823e-16   1.1031250e-01   1.1031250e-01
   3.5000000e+01   1.0000000e+00   7.0982546e-16   1.0846875e-01   1.0846875e-01
   1.0000000e+00   2.0000000e+00   7.1748442e-16   1.1246875e-01   1.1246875e-01
   2.0000000e+00   2.0000000e+00   7.0121467e-16   1.1237500e-01   1.1237500e-01
   3.0000000e+00   2.0000000e+00   7.5821524e-16   1.1887500e-01   1.1887500e-01
   4.0000000e+00   2.0000000e+00   7.7171208e-16   1.2206250e-01   1.2206250e-01
   5.0000000e+00   2.0000000e+00   8.4890440e-16   1.3993750e-01   1.3993750e-01
   6.0000000e+00   2.0000000e+00   8.7809020e-16   1.5115625e-01   1.5115625e-01
   7.0000000e+00   2.0000000e+00   9.8323096e-16   1.6265625e-01   1.6265625e-01
   8.0000000e+00   2.0000000e+00   1.1588780e-15   1.6243750e-01   1.6243750e-01
   9.0000000e+00   2.0000000e+00   9.9015656e-16   1.6109375e-01   1.6109375e-01
   1.0000000e+01   2.0000000e+00   1.0045395e-15   1.5353125e-01   1.5353125e-01
   1.1000000e+01   2.0000000e+00   8.8139400e-16   1.4975000e-01   1.4975000e-01
   1.2000000e+01   2.0000000e+00   8.8397604e-16   1.4353125e-01   1.4353125e-01
   1.3000000e+01   2.0000000e+00   8.1996492e-16   1.3815625e-01   1.3815625e-01
   1.4000000e+01   2.0000000e+00   8.4092083e-16   1.3190625e-01   1.3190625e-01
   1.5000000e+01   2.0000000e+00   7.6452088e-16   1.2593750e-01   1.2593750e-01
   1.6000000e+01   2.0000000e+00   6.9677162e-16   1.1703125e-01   1.1703125e-01
   1.7000000e+01   2.0000000e+00   6.9197097e-16   1.1068750e-01   1.1068750e-01
   1.8000000e+01   2.0000000e+00   6.7719215e-16   1.0956250e-01   1.0956250e-01
   1.9000000e+01   2.0000000e+00   6.9265905e-16   1.0965625e-01   1.0965625e-01
   2.0000000e+01   2.0000000e+00   7.1535212e-16   1.1825000e-01   1.1825000e-01
   2.1000000e+01   2.0000000e+00   7.7642833e-16   1.2928125e-01   1.2928125e-01
   2.2000000e+01   2.0000000e+00   8.5986344e-16   1.4521875e-01   1.4521875e-01
   2.3000000e+01   2.0000000e+00   9.3247300e-16   1.5600000e-01   1.5600000e-01
   2.4000000e+01   2.0000000e+00   9.8073181e-16   1.6346875e-01   1.6346875e-01
   2.5000000e+01   2.0000000e+00   9.6165646e-16   1.6300000e-01   1.6300000e-01
   2.6000000e+01   2.0000000e+00   9.4320835e-16   1.5853125e-01   1.5853125e-01
   2.7000000e+01   2.0000000e+00   9.1127074e-16   1.5446875e-01   1.5446875e-01
   2.8000000e+01   2.0000000e+00   8.6588978e-16   1.4728125e-01   1.4728125e-01
   2.9000000e+01   2.0000000e+00   8.6717978e-16   1.4196875e-01   1.4196875e-01
   3.0000000e+01   2.0000000e+00   7.8409248e-16   1.3287500e-01   1.3287500e-01
   3.1000000e+01   2.0000000e+00   7.7685392e-16   1.2528125e-01   1.2528125e-01
   3.2000000e+01   2.0000000e+00   7.6613110e-16   1.1996875e-01   1.1996875e-01
   3.3000000e+01   2.0000000e+00   7.2261687e-16   1.1468750e-01   1.1468750e-01
   3.4000000e+01   2.0000000e+00   7.5424612e-16   1.1475000e-01   1.1475000e-01
   3.5000000e+01   2.0000000e+00   7.1832900e-16   1.1168750e-01   1.1168750e-01
   1.0000000e+00   3.0000000e+00   6.7959028e-16   1.1434375e-01   1.1434375e-01
   2.0000000e+00   3.0000000e+00   6.6432697e-16   1.1162500e-01   1.1162500e-01
   3.0000000e+00   3.0000000e+00   8.2001037e-16   1.1650000e-01   1.1650000e-01
   4.0000000e+00   3.0000000e+00   7.6096872e-16   1.2981250e-01   1.2981250e-01
   5.0000000e+00   3.0000000e+00   9.0830444e-16   1.4203125e-01   1.4203125e-01
   6.0000000e+00   3.0000000e+00   9.1537767e-16   1.5243750e-01   1.5243750e-01
   7.0000000e+00   3.0000000e+00   1.0300462e-15   1.6071875e-01   1.6071875e-01
   8.0000000e+00   3.0000000e+00   1.0151397e-15   1.6153125e-01   1.6153125e-01
   9.0000000e+00   3.0000000e+00   9.9850602e-16   1.6075000e-01   1.6075000e-01
   1.0000000e+01   3.0000000e+00   9.9227766e-16   1.5418750e-01   1.5418750e-01
   1.1000000e+01   3.0000000e+00   9.8520273e-16   1.4984375e-01   1.4984375e-01
   1.2000000e+01   3.0000000e+00   9.2607067e-16   1.4812500e-01   1.4812500e-01
   1.3000000e+01   3.0000000e+00   8.3688734e-16   1.4137500e-01   1.4137500e-01
   1.4000000e+01   3.0000000e+00   8.4063944e-16   1.3487500e-01   1.3487500e-01
   1.5000000e+01   3.0000000e+00   7.9241446e-16   1.2800000e-01   1.2800000e-01
   1.6000000e+01   3.0000000e+00   8.0666680e-16   1.2103125e-01   1.2103125e-01
   1.7000000e+01   3.0000000e+00   7.3720670e-16   1.1668750e-01   1.1668750e-01
   1.8000000e+01   3.0000000e+00   6.7286185e-16   1.1209375e-01   1.1209375e-01
   1.9000000e+01   3.0000000e+00   7.0446350e-16   1.1496875e-01   1.1496875e-01
   2.0000000e+01   3.0000000e+00   6.9646901e-16   1.1968750e-01   1.1968750e-01
   2.1000000e+01   3.0000000e+00   7.9468818e-16   1.3065625e-01   1.3065625e-01
   2.2000000e+01   3.0000000e+00   9.2790619e-16   1.4409375e-01   1.4409375e-01
   2.3000000e+01   3.0000000e+00   1.0023858e-15   1.5509375e-01   1.5509375e-01
   2.4000000e+01   3.0000000e+00   1.0722928e-15   1.6053125e-01   1.6053125e-01
   2.5000000e+01   3.0000000e+00   9.7962408e-16   1.6000000e-01   1.6000000e-01
   2.6000000e+01   3.0000000e+00   9.5524830e-16   1.5609375e-01   1.5609375e-01
   2.7000000e+01   3.0000000e+00   9.2547772e-16   1.5315625e-01   1.5315625e-01
   2.8000000e+01   3.0000000e+00   1.0377893e-15   1.4831250e-01   1.4831250e-01
   2.9000000e+01   3.0000000e+00   8.9331700e-16   1.4428125e-01   1.4428125e-01
   3.0000000e+01   3.0000000e+00   8.0011391e-16   1.3675000e-01   1.3675000e-01
   3.1000000e+01   3.0000000e+00   8.3251284e-16   1.3046875e-01   1.3046875e-01
   3.2000000e+01   3.0000000e+00   7.3614388e-16   1.2415625e-01   1.2415625e-01
   3.3000000e+01   3.0000000e+00   7.5555616e-16   1.1628125e-01   1.1628125e-01
   3.4000000e+01   3.0000000e+00   6.7884624e-16   1.1218750e-01   1.1218750e-01
   3.5000000e+01   3.0000000e+00   6.9547753e-16   1.1234375e-01   1.1234375e-01
   1.0000000e+00   4.0000000e+00   6.9465232e-16   1.1606250e-01   1.1606250e-01
   2.0000000e+00   4.0000000e+00   7.1794535e-16   1.1659375e-01   1.1659375e-01
   3.0000000e+00   4.0000000e+00   7.6272778e-16   1.2278125e-01   1.2278125e-01
   4.0000000e+00   4.0000000e+00   8.5807636e-16   1.3140625e-01   1.3140625e-01
   5.0000000e+00   4.0000000e+00   8.8882126e-16   1.4162500e-01   1.4162500e-01
   6.0000000e+00   4.0000000e+00   8.9468393e-16   1.5168750e-01   1.5168750e-01
   7.0000000e+00   4.0000000e+00   9.3856878e-16   1.5521875e-01   1.5521875e-01
   8.0000000e+00   4.0000000e+00   9.1717783e-16   1.5806250e-01   1.5806250e-01
   9.0000000e+00   4.0000000e+00   9.8621546e-16   1.5950000e-01   1.5950000e-01
   1.0000000e+01   4.0000000e+00   9.2805642e-16   1.5678125e-01   1.5678125e-01
   1.1000000e+01   4.0000000e+00   9.2535644e-16   1.5459375e-01   1.5459375e-01
   1.2000000e+01   4.0000000e+00   8.7818925e-16   1.5034375e-01   1.5034375e-01
   1.3000000e+01   4.0000000e+00   8.9435888e-16   1.4593750e-01   1.4593750e-01
   1.4000000e+01   4.0000000e+00   8.3164143e-16   1.3875000e-01   1.3875000e-01
   1.5000000e+01   4.0000000e+00   7.9196648e-16   1.3165625e-01   1.3165625e-01
   1.6000000e+01   4.0000000e+00   7.5113768e-16   1.2253125e-01   1.2253125e-01
   1.7000000e+01   4.0000000e+00   7.0522404e-16   1.1334375e-01   1.1334375e-01
   1.8000000e+01   4.0000000e+00   7.0530791e-16   1.1478125e-01   1.1478125e-01
   1.9000000e+01   4.0000000e+00   7.4982780e-16   1.1759375e-01   1.1759375e-01
   2.0000000e+01   4.0000000e+00   7.6049646e-16   1.2475000e-01   1.2475000e-01
   2.1000000e+01   4.0000000e+00   7.8572679e-16   1.3471875e-01   1.3471875e-01
   2.2000000e+01   4.0000000e+00   9.1707066e-16   1.4809375e-01   1.4809375e-01
   2.3000000e+01   4.0000000e+00   9.3325318e-16   1.5434375e-01   1.5434375e-01
   2.4000000e+01   4.0000000e+00   9.5295498e-16   1.5928125e-01   1.5928125e-01
   2.5000000e+01   4.0000000e+00   1.0262618e-15   1.6031250e-01   1.6031250e-01
   2.6000000e+01   4.0000000e+00   9.7248601e-16   1.5662500e-01   1.5662500e-01
   2.7000000e+01   4.0000000e+00   9.8358190e-16   1.5581250e-01   1.5581250e-01
   2.8000000e+01   4.0000000e+00   8.9107502e-16   1.5393750e-01   1.5393750e-01
   2.9000000e+01   4.0000000e+00   8.9233910e-16   1.4650000e-01   1.4650000e-01
   3.0000000e+01   4.0000000e+00   8.7374482e-16   1.4190625e-01   1.4190625e-01
   3.1000000e+01   4.0000000e+00   8.6647504e-16   1.3703125e-01   1.3703125e-01
   3.2000000e+01   4.0000000e+00   7.7575409e-16   1.2956250e-01   1.2956250e-01
   3.3000000e+01   4.0000000e+00   7.0062524e-16   1.1503125e-01   1.1503125e-01
   3.4000000e+01   4.0000000e+00   7.4598932e-16   1.1453125e-01   1.1453125e-01
   3.5000000e+01   4.0000000e+00   7.0460648e-16   1.1646875e-01   1.1646875e-01
   1.0000000e+00   5.0000000e+00   6.9651803e-16   1.1940625e-01   1.1940625e-01
   2.0000000e+00   5.0000000e+00   7.8148378e-16   1.2075000e-01   1.2075000e-01
   3.0000000e+00   5.0000000e+00   7.6747666e-16   1.2684375e-01   1.2684375e-01
   4.0000000e+00   5.0000000e+00   8.2038974e-16   1.3562500e-01   1.3562500e-01
   5.0000000e+00   5.0000000e+00   8.7896445e-16   1.4496875e-01   1.4496875e-01
   6.0000000e+00   5.0000000e+00   8.6095438e-16   1.4775000e-01   1.4775000e-01
   7.0000000e+00   5.0000000e+00   8.9115271e-16   1.4631250e-01   1.4631250e-01
   8.0000000e+00   5.0000000e+00   9.6006780e-16   1.4734375e-01   1.4734375e-01
   9.0000000e+00   5.0000000e+00   1.0546749e-15   1.5103125e-01   1.5103125e-01
   1.0000000e+01   5.0000000e+00   1.0259359e-15   1.5218750e-01   1.5218750e-01
   1.1000000e+01   5.0000000e+00   1.0235764e-15   1.5146875e-01   1.5146875e-01
   1.2000000e+01   5.0000000e+00   9.0762514e-16   1.4953125e-01   1.4953125e-01
   1.3000000e+01   5.0000000e+00   8.7318097e-16   1.4728125e-01   1.4728125e-01
   1.4000000e+01   5.0000000e+00   8.4804614e-16   1.4146875e-01   1.4146875e-01
   1.5000000e+01   5.0000000e+00   7.6627257e-16   1.3250000e-01   1.3250000e-01
   1.6000000e+01   5.0000000e+00   7.7221414e-16   1.2590625e-01   1.2590625e-01
   1.7000000e+01   5.0000000e+00   7.1756829e-16   1.2018750e-01   1.2018750e-01
   1.8000000e+01   5.0000000e+00   7.3990126e-16   1.1943750e-01   1.1943750e-01
   1.9000000e+01   5.0000000e+00   7.6227165e-16   1.2390625e-01   1.2390625e-01
   2.0000000e+01   5.0000000e+00   8.0807742e-16   1.3006250e-01   1.3006250e-01
   2.1000000e+01   5.0000000e+00   8.4793620e-16   1.4031250e-01   1.4031250e-01
   2.2000000e+01   5.0000000e+00   8.3623944e-16   1.4487500e-01   1.4487500e-01
   2.3000000e+01   5.0000000e+00   9.1496523e-16   1.4890625e-01   1.4890625e-01
   2.4000000e+01   5.0000000e+00   9.0824071e-16   1.5043750e-01   1.5043750e-01
   2.5000000e+01   5.0000000e+00   9.4611224e-16   1.5434375e-01   1.5434375e-01
   2.6000000e+01   5.0000000e+00   9.8713539e-16   1.5831250e-01   1.5831250e-01
   2.7000000e+01   5.0000000e+00   9.5701588e-16   1.5815625e-01   1.5815625e-01
   2.8000000e+01   5.0000000e+00   9.4723124e-16   1.5609375e-01   1.5609375e-01
   2.9000000e+01   5.0000000e+00   8.8525706e-16   1.5103125e-01   1.5103125e-01
   3.0000000e+01   5.0000000e+00   9.2742082e-16   1.4715625e-01   1.4715625e-01
   3.1000000e+01   5.0000000e+00   8.0139398e-16   1.3750000e-01   1.3750000e-01
   3.2000000e+01   5.0000000e+00   8.1486009e-16   1.3259375e-01   1.3259375e-01
   3.3000000e+01   5.0000000e+00   7.6042799e-16   1.2256250e-01   1.2256250e-01
   3.4000000e+01   5.0000000e+00   7.9883647e-16   1.2025000e-01   1.2025000e-01
   3.5000000e+01   5.0000000e+00   7.8522541e-16   1.2275000e-01   1.2275000e-01
   1.0000000e+00   6.0000000e+00   8.0350411e-16   1.2312500e-01   1.2312500e-01
   2.0000000e+00   6.0000000e+00   7.2400666e-16   1.2121875e-01   1.2121875e-01
   3.0000000e+00   6.0000000e+00   7.8421880e-16   1.2168750e-01   1.2168750e-01
   4.0000000e+00   6.0000000e+00   8.6017648e-16   1.3243750e-01   1.3243750e-01
   5.0000000e+00   6.0000000e+00   8.6520673e-16   1.4346875e-01   1.4346875e-01
   6.0000000e+00   6.0000000e+00   8.7728740e-16   1.4768750e-01   1.4768750e-01
   7.0000000e+00   6.0000000e+00   8.3786777e-16   1.4696875e-01   1.4696875e-01
   8.0000000e+00   6.0000000e+00   9.5941152e-16   1.4765625e-01   1.4765625e-01
   9.0000000e+00   6.0000000e+00   9.3754477e-16   1.5165625e-01   1.5165625e-01
   1.0000000e+01   6.0000000e+00   9.5085999e-16   1.5628125e-01   1.5628125e-01
   1.1000000e+01   6.0000000e+00   1.0064412e-15   1.5253125e-01   1.5253125e-01
   1.2000000e+01   6.0000000e+00   9.0564249e-16   1.4990625e-01   1.4990625e-01
   1.3000000e+01   6.0000000e+00   9.1797573e-16   1.4934375e-01   1.4934375e-01
   1.4000000e+01   6.0000000e+00   8.2278237e-16   1.4178125e-01   1.4178125e-01
   1.5000000e+01   6.0000000e+00   8.8508174e-16   1.3828125e-01   1.3828125e-01
   1.6000000e+01   6.0000000e+00   7.9076956e-16   1.3128125e-01   1.3128125e-01
   1.7000000e+01   6.0000000e+00   7.8992657e-16   1.2728125e-01   1.2728125e-01
   1.8000000e+01   6.0000000e+00   7.2086272e-16   1.1971875e-01   1.1971875e-01
   1.9000000e+01   6.0000000e+00   7.3375449e-16   1.2365625e-01   1.2365625e-01
   2.0000000e+01   6.0000000e+00   7.7823881e-16   1.2890625e-01   1.2890625e-01
   2.1000000e+01   6.0000000e+00   8.6825726e-16   1.3931250e-01   1.3931250e-01
   2.2000000e+01   6.0000000e+00   9.1464330e-16   1.4325000e-01   1.4325000e-01
   2.3000000e+01   6.0000000e+00   8.8150482e-16   1.4621875e-01   1.4621875e-01
   2.4000000e+01   6.0000000e+00   9.1932040e-16   1.5081250e-01   1.5081250e-01
   2.5000000e+01   6.0000000e+00   9.1907482e-16   1.5428125e-01   1.5428125e-01
   2.6000000e+01   6.0000000e+00   1.0164329e-15   1.5231250e-01   1.5231250e-01
   2.7000000e+01   6.0000000e+00   9.6309249e-16   1.5428125e-01   1.5428125e-01
   2.8000000e+01   6.0000000e+00   9.2197719e-16   1.5387500e-01   1.5387500e-01
   2.9000000e+01   6.0000000e+00   9.1756932e-16   1.5109375e-01   1.5109375e-01
   3.0000000e+01   6.0000000e+00   9.4266971e-16   1.4684375e-01   1.4684375e-01
   3.1000000e+01   6.0000000e+00   8.6888728e-16   1.4234375e-01   1.4234375e-01
   3.2000000e+01   6.0000000e+00   8.0613597e-16   1.3696875e-01   1.3696875e-01
   3.3000000e+01   6.0000000e+00   8.1125358e-16   1.2700000e-01   1.2700000e-01
   3.4000000e+01   6.0000000e+00   7.4802482e-16   1.2434375e-01   1.2434375e-01
   3.5000000e+01   6.0000000e+00   7.6831596e-16   1.2387500e-01   1.2387500e-01
   1.0000000e+00   7.0000000e+00   7.1699595e-16   1.1928125e-01   1.1928125e-01
   2.0000000e+00   7.0000000e+00   7.5316869e-16   1.1428125e-01   1.1428125e-01
   3.0000000e+00   7.0000000e+00   7.3503790e-16   1.1962500e-01   1.1962500e-01
   4.0000000e+00   7.0000000e+00   7.8441372e-16   1.2828125e-01   1.2828125e-01
   5.0000000e+00   7.0000000e+00   8.3835473e-16   1.3903125e-01   1.3903125e-01
   6.0000000e+00   7.0000000e+00   8.5156847e-16   1.4637500e-01   1.4637500e-01
   7.0000000e+00   7.0000000e+00   9.0379779e-16   1.5009375e-01   1.5009375e-01
   8.0000000e+00   7.0000000e+00   1.0245236e-15   1.4818750e-01   1.4818750e-01
   9.0000000e+00   7.0000000e+00   9.3409923e-16   1.5071875e-01   1.5071875e-01
   1.0000000e+01   7.0000000e+00   9.6074800e-16   1.5140625e-01   1.5140625e-01
   1.1000000e+01   7.0000000e+00   9.0314255e-16   1.5015625e-01   1.5015625e-01
   1.2000000e+01   7.0000000e+00   9.0634525e-16   1.5068750e-01   1.5068750e-01
   1.3000000e+01   7.0000000e+00   8.4554331e-16   1.4678125e-01   1.4678125e-01
   1.4000000e+01   7.0000000e+00   8.2871568e-16   1.3896875e-01   1.3896875e-01
   1.5000000e+01   7.0000000e+00   8.1882002e-16   1.3718750e-01   1.3718750e-01
   1.6000000e+01   7.0000000e+00   8.0529616e-16   1.3259375e-01   1.3259375e-01
   1.7000000e+01   7.0000000e+00   7.8700918e-16   1.2603125e-01   1.2603125e-01
   1.8000000e+01   7.0000000e+00   7.9316623e-16   1.1931250e-01   1.1931250e-01
   1.9000000e+01   7.0000000e+00   7.6201700e-16   1.2059375e-01   1.2059375e-01
   2.0000000e+01   7.0000000e+00   7.4300896e-16   1.2465625e-01   1.2465625e-01
   2.1000000e+01   7.0000000e+00   8.1003129e-16   1.3381250e-01   1.3381250e-01
   2.2000000e+01   7.0000000e+00   8.5530785e-16   1.4275000e-01   1.4275000e-01
   2.3000000e+01   7.0000000e+00   8.7723058e-16   1.4518750e-01   1.4518750e-01
   2.4000000e+01   7.0000000e+00   9.2837202e-16   1.5246875e-01   1.5246875e-01
   2.5000000e+01   7.0000000e+00   9.5009694e-16   1.5215625e-01   1.5215625e-01
   2.6000000e+01   7.0000000e+00   1.0443486e-15   1.5062500e-01   1.5062500e-01
   2.7000000e+01   7.0000000e+00   9.6701848e-16   1.4837500e-01   1.4837500e-01
   2.8000000e+01   7.0000000e+00   9.1612446e-16   1.5056250e-01   1.5056250e-01
   2.9000000e+01   7.0000000e+00   8.9359094e-16   1.4921875e-01   1.4921875e-01
   3.0000000e+01   7.0000000e+00   9.1792634e-16   1.4275000e-01   1.4275000e-01
   3.1000000e+01   7.0000000e+00   8.3358515e-16   1.4025000e-01   1.4025000e-01
   3.2000000e+01   7.0000000e+00   8.2396780e-16   1.3693750e-01   1.3693750e-01
   3.3000000e+01   7.0000000e+00   7.8303388e-16   1.3075000e-01   1.3075000e-01
   3.4000000e+01   7.0000000e+00   7.2179901e-16   1.2206250e-01   1.2206250e-01
   3.5000000e+01   7.0000000e+00   7.6853565e-16   1.2003125e-01   1.2003125e-01
   1.0000000e+00   8.0000000e+00   7.3282159e-16   1.1221875e-01   1.1221875e-01
   2.0000000e+00   8.0000000e+00   7.2331134e-16   1.1437500e-01   1.1437500e-01
   3.0000000e+00   8.0000000e+00   7.4037356e-16   1.1496875e-01   1.1496875e-01
   4.0000000e+00   8.0000000e+00   7.5303003e-16   1.1865625e-01   1.1865625e-01
   5.0000000e+00   8.0000000e+00   7.7460931e-16   1.2684375e-01   1.2684375e-01
   6.0000000e+00   8.0000000e+00   8.7256759e-16   1.3853125e-01   1.3853125e-01
   7.0000000e+00   8.0000000e+00   8.6804349e-16   1.4325000e-01   1.4325000e-01
   8.0000000e+00   8.0000000e+00   8.9445171e-16   1.4528125e-01   1.4528125e-01
   9.0000000e+00   8.0000000e+00   8.5760700e-16   1.4875000e-01   1.4875000e-01
   1.0000000e+01   8.0000000e+00   9.3782824e-16   1.4303125e-01   1.4303125e-01
   1.1000000e+01   8.0000000e+00   9.1174977e-16   1.4762500e-01   1.4762500e-01
   1.2000000e+01   8.0000000e+00   8.5914125e-16   1.4240625e-01   1.4240625e-01
   1.3000000e+01   8.0000000e+00   8.6510637e-16   1.3528125e-01   1.3528125e-01
   1.4000000e+01   8.0000000e+00   8.0261476e-16   1.3334375e-01   1.3334375e-01
   1.5000000e+01   8.0000000e+00   8.3201430e-16   1.3243750e-01   1.3243750e-01
   1.6000000e+01   8.0000000e+00   7.4997677e-16   1.2812500e-01   1.2812500e-01
   1.7000000e+01   8.0000000e+00   7.4603327e-16   1.1909375e-01   1.1909375e-01
   1.8000000e+01   8.0000000e+00   7.4097986e-16   1.1703125e-01   1.1703125e-01
   1.9000000e+01   8.0000000e+00   6.4933688e-16   1.1081250e-01   1.1081250e-01
   2.0000000e+01   8.0000000e+00   7.6624385e-16   1.1765625e-01   1.1765625e-01
   2.1000000e+01   8.0000000e+00   7.4486562e-16   1.2206250e-01   1.2206250e-01
   2.2000000e+01   8.0000000e+00   8.3126073e-16   1.3400000e-01   1.3400000e-01
   2.3000000e+01   8.0000000e+00   8.6399425e-16   1.4109375e-01   1.4109375e-01
   2.4000000e+01   8.0000000e+00   8.8817676e-16   1.4590625e-01   1.4590625e-01
   2.5000000e+01   8.0000000e+00   8.9870261e-16   1.5043750e-01   1.5043750e-01
   2.6000000e+01   8.0000000e+00   9.5634878e-16   1.4578125e-01   1.4578125e-01
   2.7000000e+01   8.0000000e+00   8.8847849e-16   1.4784375e-01   1.4784375e-01
   2.8000000e+01   8.0000000e+00   8.6972913e-16   1.4565625e-01   1.4565625e-01
   2.9000000e+01   8.0000000e+00   9.0377480e-16   1.3918750e-01   1.3918750e-01
   3.0000000e+01   8.0000000e+00   8.6031548e-16   1.3793750e-01   1.3793750e-01
   3.1000000e+01   8.0000000e+00   8.9641650e-16   1.3606250e-01   1.3606250e-01
   3.2000000e+01   8.0000000e+00   8.3911295e-16   1.3040625e-01   1.3040625e-01
   3.3000000e+01   8.0000000e+00   7.8236565e-16   1.2740625e-01   1.2740625e-01
   3.4000000e+01   8.0000000e+00   7.7157939e-16   1.1921875e-01   1.1921875e-01
   3.5000000e+01   8.0000000e+00   7.2362350e-16   1.1256250e-01   1.1256250e-01
   1.0000000e+00   9.0000000e+00   6.9036851e-16   1.1096875e-01   1.1096875e-01
   2.0000000e+00   9.0000000e+00   6.8235425e-16   1.0553125e-01   1.0553125e-01
   3.0000000e+00   9.0000000e+00   6.5295431e-16   1.0300000e-01   1.0300000e-01
   4.0000000e+00   9.0000000e+00   7.5368277e-16   1.1006250e-01   1.1006250e-01
   5.0000000e+00   9.0000000e+00   7.0018372e-16   1.1531250e-01   1.1531250e-01
   6.0000000e+00   9.0000000e+00   7.6208153e-16   1.2075000e-01   1.2075000e-01
   7.0000000e+00   9.0000000e+00   8.1436994e-16   1.3490625e-01   1.3490625e-01
   8.0000000e+00   9.0000000e+00   8.5268968e-16   1.3850000e-01   1.3850000e-01
   9.0000000e+00   9.0000000e+00   8.5836082e-16   1.4075000e-01   1.4075000e-01
   1.0000000e+01   9.0000000e+00   7.6822924e-16   1.3556250e-01   1.3556250e-01
   1.1000000e+01   9.0000000e+00   8.7869941e-16   1.2928125e-01   1.2928125e-01
   1.2000000e+01   9.0000000e+00   8.2473825e-16   1.3159375e-01   1.3159375e-01
   1.3000000e+01   9.0000000e+00   7.6493043e-16   1.2768750e-01   1.2768750e-01
   1.4000000e+01   9.0000000e+00   8.2228449e-16   1.2412500e-01   1.2412500e-01
   1.5000000e+01   9.0000000e+00   7.0619678e-16   1.2284375e-01   1.2284375e-01
   1.6000000e+01   9.0000000e+00   7.1741647e-16   1.1931250e-01   1.1931250e-01
   1.7000000e+01   9.0000000e+00   7.6774196e-16   1.1587500e-01   1.1587500e-01
   1.8000000e+01   9.0000000e+00   7.6381381e-16   1.0953125e-01   1.0953125e-01
   1.9000000e+01   9.0000000e+00   7.1245195e-16   1.0618750e-01   1.0618750e-01
   2.0000000e+01   9.0000000e+00   6.8215448e-16   1.0696875e-01   1.0696875e-01
   2.1000000e+01   9.0000000e+00   6.9773456e-16   1.1287500e-01   1.1287500e-01
   2.2000000e+01   9.0000000e+00   7.4182536e-16   1.2315625e-01   1.2315625e-01
   2.3000000e+01   9.0000000e+00   7.7497886e-16   1.2775000e-01   1.2775000e-01
   2.4000000e+01   9.0000000e+00   9.4595548e-16   1.3837500e-01   1.3837500e-01
   2.5000000e+01   9.0000000e+00   9.1203214e-16   1.3965625e-01   1.3965625e-01
   2.6000000e+01   9.0000000e+00   8.8256828e-16   1.3615625e-01   1.3615625e-01
   2.7000000e+01   9.0000000e+00   7.9922909e-16   1.3675000e-01   1.3675000e-01
   2.8000000e+01   9.0000000e+00   8.4324134e-16   1.3681250e-01   1.3681250e-01
   2.9000000e+01   9.0000000e+00   8.1922205e-16   1.3437500e-01   1.3437500e-01
   3.0000000e+01   9.0000000e+00   8.0843713e-16   1.2950000e-01   1.2950000e-01
   3.1000000e+01   9.0000000e+00   7.9566953e-16   1.2943750e-01   1.2943750e-01
   3.2000000e+01   9.0000000e+00   7.2733210e-16   1.2640625e-01   1.2640625e-01
   3.3000000e+01   9.0000000e+00   7.3999029e-16   1.1875000e-01   1.1875000e-01
   3.4000000e+01   9.0000000e+00   7.3327010e-16   1.1093750e-01   1.1093750e-01
   3.5000000e+01   9.0000000e+00   6.8086256e-16   1.0962500e-01   1.0962500e-01
   1.0000000e+00   1.0000000e+01   6.4288068e-16   1.0443750e-01   1.0443750e-01
   2.0000000e+00   1.0000000e+01   6.5508627e-16   1.0268750e-01   1.0268750e-01
   3.0000000e+00   1.0000000e+01   5.9517478e-16   9.4593750e-02   9.4593750e-02
   4.0000000e+00   1.0000000e+01   6.3481791e-16   1.0156250e-01   1.0156250e-01
   5.0000000e+00   1.0000000e+01   6.8365570e-16   1.0884375e-01   1.0884375e-01
   6.0000000e+00   1.0000000e+01   7.4235397e-16   1.1615625e-01   1.1615625e-01
   7.0000000e+00   1.0000000e+01   7.4784234e-16   1.2221875e-01   1.2221875e-01
   8.0000000e+00   1.0000000e+01   7.9370897e-16   1.2778125e-01   1.2778125e-01
   9.0000000e+00   1.0000000e+01   8.2047533e-16   1.2437500e-01   1.2437500e-01
   1.0000000e+01   1.0000000e+01   7.8969179e-16   1.2668750e-01   1.2668750e-01
   1.1000000e+01   1.0000000e+01   7.7201391e-16   1.2325000e-01   1.2325000e-01
   1.2000000e+01   1.0000000e+01   7.2320854e-16   1.1965625e-01   1.1965625e-01
   1.3000000e+01   1.0000000e+01   7.3688418e-16   1.1968750e-01   1.1968750e-01
   1.4000000e+01   1.0000000e+01   6.7988260e-16   1.1534375e-01   1.1534375e-01
   1.5000000e+01   1.0000000e+01   7.3127023e-16   1.1209375e-01   1.1209375e-01
   1.6000000e+01   1.0000000e+01   6.5330874e-16   1.0762500e-01   1.0762500e-01
   1.7000000e+01   1.0000000e+01   6.5523341e-16   1.0259375e-01   1.0259375e-01
   1.8000000e+01   1.0000000e+01   6.5057088e-16   1.0393750e-01   1.0393750e-01
   1.9000000e+01   1.0000000e+01   6.8293089e-16   1.0025000e-01   1.0025000e-01
   2.0000000e+01   1.0000000e+01   7.0210947e-16   1.0025000e-01   1.0025000e-01
   2.1000000e+01   1.0000000e+01   6.6008509e-16   1.0437500e-01   1.0437500e-01
   2.2000000e+01   1.0000000e+01   6.9492606e-16   1.1303125e-01   1.1303125e-01
   2.3000000e+01   1.0000000e+01   7.4846659e-16   1.2156250e-01   1.2156250e-01
   2.4000000e+01   1.0000000e+01   7.5224899e-16   1.2671875e-01   1.2671875e-01
   2.5000000e+01   1.0000000e+01   8.1302382e-16   1.2940625e-01   1.2940625e-01
   2.6000000e+01   1.0000000e+01   8.4926076e-16   1.2606250e-01   1.2606250e-01
   2.7000000e+01   1.0000000e+01   7.7973872e-16   1.2234375e-01   1.2234375e-01
   2.8000000e+01   1.0000000e+01   7.6979012e-16   1.2081250e-01   1.2081250e-01
   2.9000000e+01   1.0000000e+01   7.2327242e-16   1.2231250e-01   1.2231250e-01
   3.0000000e+01   1.0000000e+01   7.3917378e-16   1.2218750e-01   1.2218750e-01
   3.1000000e+01   1.0000000e+01   6.5287442e-16   1.1468750e-01   1.1468750e-01
   3.2000000e+01   1.0000000e+01   7.0577900e-16   1.0912500e-01   1.0912500e-01
   3.3000000e+01   1.0000000e+01   7.0123872e-16   1.0656250e-01   1.0656250e-01
   3.4000000e+01   1.0000000e+01   6.4022715e-16   1.0600000e-01   1.0600000e-01
   3.5000000e+01   1.0000000e+01   6.3476616e-16   1.0356250e-01   1.0356250e-01
   1.0000000e+00   1.1000000e+01   6.5023691e-16   1.0475000e-01   1.0475000e-01
   2.0000000e+00   1.1000000e+01   6.0526124e-16   1.0028125e-01   1.0028125e-01
   3.0000000e+00   1.1000000e+01   6.0622105e-16   9.6875000e-02   9.6875000e-02
   4.0000000e+00   1.1000000e+01   6.4542988e-16   1.0262500e-01   1.0262500e-01
   5.0000000e+00   1.1000000e+01   7.1592389e-16   1.0909375e-01   1.0909375e-01
   6.0000000e+00   1.1000000e+01   7.5962863e-16   1.1684375e-01   1.1684375e-01
   7.0000000e+00   1.1000000e+01   7.8072648e-16   1.2090625e-01   1.2090625e-01
   8.0000000e+00   1.1000000e+01   7.4812712e-16   1.2281250e-01   1.2281250e-01
   9.0000000e+00   1.1000000e+01   7.3345749e-16   1.1965625e-01   1.1965625e-01
   1.0000000e+01   1.1000000e+01   7.6689925e-16   1.1928125e-01   1.1928125e-01
   1.1000000e+01   1.1000000e+01   7.6660970e-16   1.1484375e-01   1.1484375e-01
   1.2000000e+01   1.1000000e+01   7.0689643e-16   1.1300000e-01   1.1300000e-01
   1.3000000e+01   1.1000000e+01   7.3783649e-16   1.1596875e-01   1.1596875e-01
   1.4000000e+01   1.1000000e+01   7.0487627e-16   1.0796875e-01   1.0796875e-01
   1.5000000e+01   1.1000000e+01   6.3304811e-16   1.0293750e-01   1.0293750e-01
   1.6000000e+01   1.1000000e+01   6.0786914e-16   9.9375000e-02   9.9375000e-02
   1.7000000e+01   1.1000000e+01   6.5500916e-16   9.9781250e-02   9.9781250e-02
   1.8000000e+01   1.1000000e+01   6.4299427e-16   1.0212500e-01   1.0212500e-01
   1.9000000e+01   1.1000000e+01   6.4394524e-16   1.0003125e-01   1.0003125e-01
   2.0000000e+01   1.1000000e+01   6.5146491e-16   9.9468750e-02   9.9468750e-02
   2.1000000e+01   1.1000000e+01   6.8583062e-16   1.0731250e-01   1.0731250e-01
   2.2000000e+01   1.1000000e+01   7.3075825e-16   1.1218750e-01   1.1218750e-01
   2.3000000e+01   1.1000000e+01   7.1248333e-16   1.1628125e-01   1.1628125e-01
   2.4000000e+01   1.1000000e+01   7.3652404e-16   1.2106250e-01   1.2106250e-01
   2.5000000e+01   1.1000000e+01   7.5679022e-16   1.1956250e-01   1.1956250e-01
   2.6000000e+01   1.1000000e+01   7.6912979e-16   1.1756250e-01   1.1756250e-01
   2.7000000e+01   1.1000000e+01   7.1283202e-16   1.1825000e-01   1.1825000e-01
   2.8000000e+01   1.1000000e+01   6.7774134e-16   1.1365625e-01   1.1365625e-01
   2.9000000e+01   1.1000000e+01   7.1072883e-16   1.1434375e-01   1.1434375e-01
   3.0000000e+01   1.1000000e+01   7.1962670e-16   1.1362500e-01   1.1362500e-01
   3.1000000e+01   1.1000000e+01   6.8649994e-16   1.0759375e-01   1.0759375e-01
   3.2000000e+01   1.1000000e+01   7.3692282e-16   1.0318750e-01   1.0318750e-01
   3.3000000e+01   1.1000000e+01   7.5925775e-16   1.0487500e-01   1.0487500e-01
   3.4000000e+01   1.1000000e+01   7.6608986e-16   1.0453125e-01   1.0453125e-01
   3.5000000e+01   1.1000000e+01   7.7242296e-16   1.0012500e-01   1.0012500e-01
   1.0000000e+00   1.2000000e+01   6.7178745e-16   1.0718750e-01   1.0718750e-01
   2.0000000e+00   1.2000000e+01   6.1078719e-16   1.0031250e-01   1.0031250e-01
   3.0000000e+00   1.2000000e+01   6.0455155e-16   9.8437500e-02   9.8437500e-02
   4.0000000e+00   1.2000000e+01   6.5752497e-16   1.0528125e-01   1.0528125e-01
   5.0000000e+00   1.2000000e+01   6.9125946e-16   1.1046875e-01   1.1046875e-01
   6.0000000e+00   1.2000000e+01   7.0179100e-16   1.1746875e-01   1.1746875e-01
   7.0000000e+00   1.2000000e+01   7.2281084e-16   1.2037500e-01   1.2037500e-01
   8.0000000e+00   1.2000000e+01   7.3629164e-16   1.2000000e-01   1.2000000e-01
   9.0000000e+00   1.2000000e+01   7.6066598e-16   1.1940625e-01   1.1940625e-01
   1.0000000e+01   1.2000000e+01   7.6884069e-16   1.1559375e-01   1.1559375e-01
   1.1000000e+01   1.2000000e+01   7.2862880e-16   1.1031250e-01   1.1031250e-01
   1.2000000e+01   1.2000000e+01   6.6468494e-16   1.0462500e-01   1.0462500e-01
   1.3000000e+01   1.2000000e+01   5.9464357e-16   9.8625000e-02   9.8625000e-02
   1.4000000e+01   1.2000000e+01   6.7053739e-16   9.9250000e-02   9.9250000e-02
   1.5000000e+01   1.2000000e+01   5.9066250e-16   9.9218750e-02   9.9218750e-02
   1.6000000e+01   1.2000000e+01   6.9358008e-16   1.0368750e-01   1.0368750e-01
   1.7000000e+01   1.2000000e+01   6.6774441e-16   1.0593750e-01   1.0593750e-01
   1.8000000e+01   1.2000000e+01   6.3721643e-16   1.0437500e-01   1.0437500e-01
   1.9000000e+01   1.2000000e+01   6.3774731e-16   1.0262500e-01   1.0262500e-01
   2.0000000e+01   1.2000000e+01   6.7816002e-16   1.0309375e-01   1.0309375e-01
   2.1000000e+01   1.2000000e+01   7.2389141e-16   1.0715625e-01   1.0715625e-01
   2.2000000e+01   1.2000000e+01   8.3130009e-16   1.1396875e-01   1.1396875e-01
   2.3000000e+01   1.2000000e+01   7.6670645e-16   1.1965625e-01   1.1965625e-01
   2.4000000e+01   1.2000000e+01   7.1605363e-16   1.1746875e-01   1.1746875e-01
   2.5000000e+01   1.2000000e+01   7.6380486e-16   1.2003125e-01   1.2003125e-01
   2.6000000e+01   1.2000000e+01   7.4064056e-16   1.1775000e-01   1.1775000e-01
   2.7000000e+01   1.2000000e+01   6.7675980e-16   1.1125000e-01   1.1125000e-01
   2.8000000e+01   1.2000000e+01   6.7358139e-16   1.0793750e-01   1.0793750e-01
   2.9000000e+01   1.2000000e+01   6.2522600e-16   1.0350000e-01   1.0350000e-01
   3.0000000e+01   1.2000000e+01   6.4664361e-16   1.0009375e-01   1.0009375e-01
   3.1000000e+01   1.2000000e+01   6.0810457e-16   9.7781250e-02   9.7781250e-02
   3.2000000e+01   1.2000000e+01   6.4376898e-16   9.8812500e-02   9.8812500e-02
   3.3000000e+01   1.2000000e+01   6.6151266e-16   1.0296875e-01   1.0296875e-01
   3.4000000e+01   1.2000000e+01   6.5096407e-16   1.0331250e-01   1.0331250e-01
   3.5000000e+01   1.2000000e+01   6.3803361e-16   9.9875000e-02   9.9875000e-02
   1.0000000e+00   1.3000000e+01   7.7834141e-16   1.1403125e-01   1.1403125e-01
   2.0000000e+00   1.3000000e+01   7.5518347e-16   1.0815625e-01   1.0815625e-01
   3.0000000e+00   1.3000000e+01   7.5922294e-16   1.0431250e-01   1.0431250e-01
   4.0000000e+00   1.3000000e+01   7.2484800e-16   1.0725000e-01   1.0725000e-01
   5.0000000e+00   1.3000000e+01   7.4227213e-16   1.1353125e-01   1.1353125e-01
   6.0000000e+00   1.3000000e+01   8.2095568e-16   1.2568750e-01   1.2568750e-01
   7.0000000e+00   1.3000000e+01   8.1377164e-16   1.2887500e-01   1.2887500e-01
   8.0000000e+00   1.3000000e+01   7.5188574e-16   1.2587500e-01   1.2587500e-01
   9.0000000e+00   1.3000000e+01   7.2170528e-16   1.1640625e-01   1.1640625e-01
   1.0000000e+01   1.3000000e+01   6.9319757e-16   1.1143750e-01   1.1143750e-01
   1.1000000e+01   1.3000000e+01   6.6110752e-16   1.0450000e-01   1.0450000e-01
   1.2000000e+01   1.3000000e+01   6.2383075e-16   9.9687500e-02   9.9687500e-02
   1.3000000e+01   1.3000000e+01   6.8131470e-16   9.9156250e-02   9.9156250e-02
   1.4000000e+01   1.3000000e+01   6.7545161e-16   1.0156250e-01   1.0156250e-01
   1.5000000e+01   1.3000000e+01   6.8406561e-16   1.0665625e-01   1.0665625e-01
   1.6000000e+01   1.3000000e+01   6.8938974e-16   1.0909375e-01   1.0909375e-01
   1.7000000e+01   1.3000000e+01   6.7002111e-16   1.0712500e-01   1.0712500e-01
   1.8000000e+01   1.3000000e+01   6.9700438e-16   1.0846875e-01   1.0846875e-01
   1.9000000e+01   1.3000000e+01   6.2009428e-16   1.0325000e-01   1.0325000e-01
   2.0000000e+01   1.3000000e+01   6.5539544e-16   1.0121875e-01   1.0121875e-01
   2.1000000e+01   1.3000000e+01   6.6222000e-16   1.0787500e-01   1.0787500e-01
   2.2000000e+01   1.3000000e+01   7.3534945e-16   1.1537500e-01   1.1537500e-01
   2.3000000e+01   1.3000000e+01   7.7198278e-16   1.2387500e-01   1.2387500e-01
   2.4000000e+01   1.3000000e+01   7.8446939e-16   1.2515625e-01   1.2515625e-01
   2.5000000e+01   1.3000000e+01   7.9078252e-16   1.2081250e-01   1.2081250e-01
   2.6000000e+01   1.3000000e+01   7.3435909e-16   1.1225000e-01   1.1225000e-01
   2.7000000e+01   1.3000000e+01   6.6719672e-16   1.0571875e-01   1.0571875e-01
   2.8000000e+01   1.3000000e+01   6.1518987e-16   1.0118750e-01   1.0118750e-01
   2.9000000e+01   1.3000000e+01   6.1146326e-16   9.6312500e-02   9.6312500e-02
   3.0000000e+01   1.3000000e+01   6.2172375e-16   9.6687500e-02   9.6687500e-02
   3.1000000e+01   1.3000000e+01   6.4526362e-16   9.8625000e-02   9.8625000e-02
   3.2000000e+01   1.3000000e+01   7.2165828e-16   1.0268750e-01   1.0268750e-01
   3.3000000e+01   1.3000000e+01   7.2992050e-16   1.0828125e-01   1.0828125e-01
   3.4000000e+01   1.3000000e+01   6.7634620e-16   1.0568750e-01   1.0568750e-01
   3.5000000e+01   1.3000000e+01   6.7382971e-16   1.0146875e-01   1.0146875e-01
   1.0000000e+00   1.4000000e+01   6.5413296e-16   1.0637500e-01   1.0637500e-01
   2.0000000e+00   1.4000000e+01   5.8205632e-16   1.0050000e-01   1.0050000e-01
   3.0000000e+00   1.4000000e+01   6.6279894e-16   1.0190625e-01   1.0190625e-01
   4.0000000e+00   1.4000000e+01   6.7786986e-16   1.0887500e-01   1.0887500e-01
   5.0000000e+00   1.4000000e+01   7.3671229e-16   1.1893750e-01   1.1893750e-01
   6.0000000e+00   1.4000000e+01   7.9338375e-16   1.2593750e-01   1.2593750e-01
   7.0000000e+00   1.4000000e+01   7.7386322e-16   1.3159375e-01   1.3159375e-01
   8.0000000e+00   1.4000000e+01   8.0680380e-16   1.3071875e-01   1.3071875e-01
   9.0000000e+00   1.4000000e+01   7.6982285e-16   1.2600000e-01   1.2600000e-01
   1.0000000e+01   1.4000000e+01   7.4453716e-16   1.1918750e-01   1.1918750e-01
   1.1000000e+01   1.4000000e+01   6.5715406e-16   1.0959375e-01   1.0959375e-01
   1.2000000e+01   1.4000000e+01   6.2376736e-16   9.9937500e-02   9.9937500e-02
   1.3000000e+01   1.4000000e+01   6.1887389e-16   9.8687500e-02   9.8687500e-02
   1.4000000e+01   1.4000000e+01   6.4943379e-16   9.8531250e-02   9.8531250e-02
   1.5000000e+01   1.4000000e+01   7.4152402e-16   1.0481250e-01   1.0481250e-01
   1.6000000e+01   1.4000000e+01   6.3291874e-16   1.0803125e-01   1.0803125e-01
   1.7000000e+01   1.4000000e+01   6.2633517e-16   1.0721875e-01   1.0721875e-01
   1.8000000e+01   1.4000000e+01   6.5832218e-16   1.0556250e-01   1.0556250e-01
   1.9000000e+01   1.4000000e+01   7.6082726e-16   1.0493750e-01   1.0493750e-01
   2.0000000e+01   1.4000000e+01   7.2469879e-16   1.0675000e-01   1.0675000e-01
   2.1000000e+01   1.4000000e+01   6.6290235e-16   1.1125000e-01   1.1125000e-01
   2.2000000e+01   1.4000000e+01   7.4836994e-16   1.2200000e-01   1.2200000e-01
   2.3000000e+01   1.4000000e+01   7.9727260e-16   1.3059375e-01   1.3059375e-01
   2.4000000e+01   1.4000000e+01   8.5055702e-16   1.3240625e-01   1.3240625e-01
   2.5000000e+01   1.4000000e+01   7.5763908e-16   1.2815625e-01   1.2815625e-01
   2.6000000e+01   1.4000000e+01   7.3724504e-16   1.2093750e-01   1.2093750e-01
   2.7000000e+01   1.4000000e+01   6.8357823e-16   1.1431250e-01   1.1431250e-01
   2.8000000e+01   1.4000000e+01   6.7871166e-16   1.0437500e-01   1.0437500e-01
   2.9000000e+01   1.4000000e+01   6.3520204e-16   9.8531250e-02   9.8531250e-02
   3.0000000e+01   1.4000000e+01   6.1242720e-16   9.9625000e-02   9.9625000e-02
   3.1000000e+01   1.4000000e+01   6.3113225e-16   1.0162500e-01   1.0162500e-01
   3.2000000e+01   1.4000000e+01   6.8671476e-16   1.0593750e-01   1.0593750e-01
   3.3000000e+01   1.4000000e+01   6.2825819e-16   1.0415625e-01   1.0415625e-01
   3.4000000e+01   1.4000000e+01   6.8544629e-16   1.0425000e-01   1.0425000e-01
   3.5000000e+01   1.4000000e+01   6.3563964e-16   1.0103125e-01   1.0103125e-01
   1.0000000e+00   1.5000000e+01   6.1919580e-16   9.9343750e-02   9.9343750e-02
   2.0000000e+00   1.5000000e+01   6.4624502e-16   1.0234375e-01   1.0234375e-01
   3.0000000e+00   1.5000000e+01   6.9382216e-16   1.0790625e-01   1.0790625e-01
   4.0000000e+00   1.5000000e+01   7.4113429e-16   1.1593750e-01   1.1593750e-01
   5.0000000e+00   1.5000000e+01   7.5379110e-16   1.2206250e-01   1.2206250e-01
   6.0000000e+00   1.5000000e+01   8.1151269e-16   1.3156250e-01   1.3156250e-01
   7.0000000e+00   1.5000000e+01   8.3131055e-16   1.3537500e-01   1.3537500e-01
   8.0000000e+00   1.5000000e+01   8.3908297e-16   1.3621875e-01   1.3621875e-01
   9.0000000e+00   1.5000000e+01   8.3196524e-16   1.2828125e-01   1.2828125e-01
   1.0000000e+01   1.5000000e+01   7.9155570e-16   1.2621875e-01   1.2621875e-01
   1.1000000e+01   1.5000000e+01   7.4665806e-16   1.1940625e-01   1.1940625e-01
   1.2000000e+01   1.5000000e+01   6.9579274e-16   1.1015625e-01   1.1015625e-01
   1.3000000e+01   1.5000000e+01   6.5051438e-16   1.0759375e-01   1.0759375e-01
   1.4000000e+01   1.5000000e+01   6.3793988e-16   1.0034375e-01   1.0034375e-01
   1.5000000e+01   1.5000000e+01   7.2519227e-16   1.0259375e-01   1.0259375e-01
   1.6000000e+01   1.5000000e+01   6.7682792e-16   1.0628125e-01   1.0628125e-01
   1.7000000e+01   1.5000000e+01   6.5015903e-16   9.9625000e-02   9.9625000e-02
   1.8000000e+01   1.5000000e+01   7.2365661e-16   1.0031250e-01   1.0031250e-01
   1.9000000e+01   1.5000000e+01   5.8696153e-16   9.9562500e-02   9.9562500e-02
   2.0000000e+01   1.5000000e+01   6.9666598e-16   1.0393750e-01   1.0393750e-01
   2.1000000e+01   1.5000000e+01   8.1313787e-16   1.1409375e-01   1.1409375e-01
   2.2000000e+01   1.5000000e+01   7.8326038e-16   1.2440625e-01   1.2440625e-01
   2.3000000e+01   1.5000000e+01   7.9670919e-16   1.3131250e-01   1.3131250e-01
   2.4000000e+01   1.5000000e+01   8.1784890e-16   1.3490625e-01   1.3490625e-01
   2.5000000e+01   1.5000000e+01   8.1294194e-16   1.3481250e-01   1.3481250e-01
   2.6000000e+01   1.5000000e+01   7.6590652e-16   1.2868750e-01   1.2868750e-01
   2.7000000e+01   1.5000000e+01   7.6549878e-16   1.2165625e-01   1.2165625e-01
   2.8000000e+01   1.5000000e+01   6.6111458e-16   1.1284375e-01   1.1284375e-01
   2.9000000e+01   1.5000000e+01   7.1217601e-16   1.0790625e-01   1.0790625e-01
   3.0000000e+01   1.5000000e+01   6.4909949e-16   1.0612500e-01   1.0612500e-01
   3.1000000e+01   1.5000000e+01   6.5201991e-16   1.0403125e-01   1.0403125e-01
   3.2000000e+01   1.5000000e+01   6.8872453e-16   1.0759375e-01   1.0759375e-01
   3.3000000e+01   1.5000000e+01   6.6421210e-16   1.0493750e-01   1.0493750e-01
   3.4000000e+01   1.5000000e+01   6.3781313e-16   1.0181250e-01   1.0181250e-01
   3.5000000e+01   1.5000000e+01   6.0579932e-16   1.0146875e-01   1.0146875e-01
   1.0000000e+00   1.6000000e+01   5.9460288e-16   9.9062500e-02   9.9062500e-02
   2.0000000e+00   1.6000000e+01   6.4659904e-16   1.0443750e-01   1.0443750e-01
   3.0000000e+00   1.6000000e+01   6.4917588e-16   1.0856250e-01   1.0856250e-01
   4.0000000e+00   1.6000000e+01   7.1126639e-16   1.1168750e-01   1.1168750e-01
   5.0000000e+00   1.6000000e+01   8.6007002e-16   1.1918750e-01   1.1918750e-01
   6.0000000e+00   1.6000000e+01   7.4563775e-16   1.2737500e-01   1.2737500e-01
   7.0000000e+00   1.6000000e+01   8.3954529e-16   1.4021875e-01   1.4021875e-01
   8.0000000e+00   1.6000000e+01   8.0862890e-16   1.3962500e-01   1.3962500e-01
   9.0000000e+00   1.6000000e+01   8.7248446e-16   1.4003125e-01   1.4003125e-01
   1.0000000e+01   1.6000000e+01   8.2594628e-16   1.3562500e-01   1.3562500e-01
   1.1000000e+01   1.6000000e+01   8.1118700e-16   1.3146875e-01   1.3146875e-01
   1.2000000e+01   1.6000000e+01   7.9572775e-16   1.2303125e-01   1.2303125e-01
   1.3000000e+01   1.6000000e+01   7.0349118e-16   1.1496875e-01   1.1496875e-01
   1.4000000e+01   1.6000000e+01   6.8206320e-16   1.0943750e-01   1.0943750e-01
   1.5000000e+01   1.6000000e+01   6.6966538e-16   1.0790625e-01   1.0790625e-01
   1.6000000e+01   1.6000000e+01   6.7301528e-16   1.0550000e-01   1.0550000e-01
   1.7000000e+01   1.6000000e+01   6.5419276e-16   1.0175000e-01   1.0175000e-01
   1.8000000e+01   1.6000000e+01   7.1441974e-16   1.0103125e-01   1.0103125e-01
   1.9000000e+01   1.6000000e+01   7.3885642e-16   1.0521875e-01   1.0521875e-01
   2.0000000e+01   1.6000000e+01   7.5720324e-16   1.1012500e-01   1.1012500e-01
   2.1000000e+01   1.6000000e+01   7.3993909e-16   1.1906250e-01   1.1906250e-01
   2.2000000e+01   1.6000000e+01   7.5112961e-16   1.2362500e-01   1.2362500e-01
   2.3000000e+01   1.6000000e+01   8.8805969e-16   1.3184375e-01   1.3184375e-01
   2.4000000e+01   1.6000000e+01   8.5228894e-16   1.3871875e-01   1.3871875e-01
   2.5000000e+01   1.6000000e+01   8.3537484e-16   1.3793750e-01   1.3793750e-01
   2.6000000e+01   1.6000000e+01   8.2890562e-16   1.3603125e-01   1.3603125e-01
   2.7000000e+01   1.6000000e+01   7.6755228e-16   1.2603125e-01   1.2603125e-01
   2.8000000e+01   1.6000000e+01   7.8878106e-16   1.2075000e-01   1.2075000e-01
   2.9000000e+01   1.6000000e+01   6.7753435e-16   1.1571875e-01   1.1571875e-01
   3.0000000e+01   1.6000000e+01   6.9148591e-16   1.1050000e-01   1.1050000e-01
   3.1000000e+01   1.6000000e+01   7.1688243e-16   1.0993750e-01   1.0993750e-01
   3.2000000e+01   1.6000000e+01   7.2793134e-16   1.0528125e-01   1.0528125e-01
   3.3000000e+01   1.6000000e+01   6.1454282e-16   9.9843750e-02   9.9843750e-02
   3.4000000e+01   1.6000000e+01   5.9724607e-16   9.7562500e-02   9.7562500e-02
   3.5000000e+01   1.6000000e+01   6.8252611e-16   1.0134375e-01   1.0134375e-01
   1.0000000e+00   1.7000000e+01   6.5575778e-16   1.0600000e-01   1.0600000e-01
   2.0000000e+00   1.7000000e+01   6.2717969e-16   1.0359375e-01   1.0359375e-01
   3.0000000e+00   1.7000000e+01   6.6783783e-16   1.0781250e-01   1.0781250e-01
   4.0000000e+00   1.7000000e+01   7.1355709e-16   1.0975000e-01   1.0975000e-01
   5.0000000e+00   1.7000000e+01   7.7315978e-16   1.2187500e-01   1.2187500e-01
   6.0000000e+00   1.7000000e+01   8.4695011e-16   1.3650000e-01   1.3650000e-01
   7.0000000e+00   1.7000000e+01   8.4623271e-16   1.4371875e-01   1.4371875e-01
   8.0000000e+00   1.7000000e+01   8.8416945e-16   1.4665625e-01   1.4665625e-01
   9.0000000e+00   1.7000000e+01   8.6199273e-16   1.4543750e-01   1.4543750e-01
   1.0000000e+01   1.7000000e+01   8.6619587e-16   1.3653125e-01   1.3653125e-01
   1.1000000e+01   1.7000000e+01   9.3353555e-16   1.3534375e-01   1.3534375e-01
   1.2000000e+01   1.7000000e+01   8.5700523e-16   1.3009375e-01   1.3009375e-01
   1.3000000e+01   1.7000000e+01   7.5128059e-16   1.2103125e-01   1.2103125e-01
   1.4000000e+01   1.7000000e+01   6.9014379e-16   1.1415625e-01   1.1415625e-01
   1.5000000e+01   1.7000000e+01   6.6862541e-16   1.1106250e-01   1.1106250e-01
   1.6000000e+01   1.7000000e+01   6.1290433e-16   1.0453125e-01   1.0453125e-01
   1.7000000e+01   1.7000000e+01   7.1796901e-16   1.0337500e-01   1.0337500e-01
   1.8000000e+01   1.7000000e+01   7.2281156e-16   1.0300000e-01   1.0300000e-01
   1.9000000e+01   1.7000000e+01   7.2092455e-16   1.0765625e-01   1.0765625e-01
   2.0000000e+01   1.7000000e+01   7.5930212e-16   1.1296875e-01   1.1296875e-01
   2.1000000e+01   1.7000000e+01   7.1562294e-16   1.1650000e-01   1.1650000e-01
   2.2000000e+01   1.7000000e+01   7.8666487e-16   1.2575000e-01   1.2575000e-01
   2.3000000e+01   1.7000000e+01   8.7064832e-16   1.3409375e-01   1.3409375e-01
   2.4000000e+01   1.7000000e+01   9.2955605e-16   1.4159375e-01   1.4159375e-01
   2.5000000e+01   1.7000000e+01   9.5480736e-16   1.4115625e-01   1.4115625e-01
   2.6000000e+01   1.7000000e+01   8.8104795e-16   1.3721875e-01   1.3721875e-01
   2.7000000e+01   1.7000000e+01   8.4834281e-16   1.3850000e-01   1.3850000e-01
   2.8000000e+01   1.7000000e+01   8.0114471e-16   1.3196875e-01   1.3196875e-01
   2.9000000e+01   1.7000000e+01   7.5458961e-16   1.2318750e-01   1.2318750e-01
   3.0000000e+01   1.7000000e+01   7.4544745e-16   1.1687500e-01   1.1687500e-01
   3.1000000e+01   1.7000000e+01   7.3314257e-16   1.1300000e-01   1.1300000e-01
   3.2000000e+01   1.7000000e+01   6.8202329e-16   1.0837500e-01   1.0837500e-01
   3.3000000e+01   1.7000000e+01   6.6537829e-16   1.0200000e-01   1.0200000e-01
   3.4000000e+01   1.7000000e+01   6.4766299e-16   9.9968750e-02   9.9968750e-02
   3.5000000e+01   1.7000000e+01   6.3431012e-16   1.0221875e-01   1.0221875e-01
   1.0000000e+00   1.8000000e+01   6.8194802e-16   1.0771875e-01   1.0771875e-01
   2.0000000e+00   1.8000000e+01   7.7829813e-16   1.1115625e-01   1.1115625e-01
   3.0000000e+00   1.8000000e+01   7.7635954e-16   1.1621875e-01   1.1621875e-01
   4.0000000e+00   1.8000000e+01   7.6035893e-16   1.2068750e-01   1.2068750e-01
   5.0000000e+00   1.8000000e+01   8.0705743e-16   1.3140625e-01   1.3140625e-01
   6.0000000e+00   1.8000000e+01   8.3151086e-16   1.4243750e-01   1.4243750e-01
   7.0000000e+00   1.8000000e+01   9.2496809e-16   1.5225000e-01   1.5225000e-01
   8.0000000e+00   1.8000000e+01   9.5219851e-16   1.5375000e-01   1.5375000e-01
   9.0000000e+00   1.8000000e+01   8.9887449e-16   1.5237500e-01   1.5237500e-01
   1.0000000e+01   1.8000000e+01   9.7479956e-16   1.4440625e-01   1.4440625e-01
   1.1000000e+01   1.8000000e+01   8.5743546e-16   1.3971875e-01   1.3971875e-01
   1.2000000e+01   1.8000000e+01   8.4609379e-16   1.3703125e-01   1.3703125e-01
   1.3000000e+01   1.8000000e+01   7.6781540e-16   1.2690625e-01   1.2690625e-01
   1.4000000e+01   1.8000000e+01   7.5896746e-16   1.2018750e-01   1.2018750e-01
   1.5000000e+01   1.8000000e+01   6.7728094e-16   1.1150000e-01   1.1150000e-01
   1.6000000e+01   1.8000000e+01   7.1092233e-16   1.1212500e-01   1.1212500e-01
   1.7000000e+01   1.8000000e+01   6.9134530e-16   1.0834375e-01   1.0834375e-01
   1.8000000e+01   1.8000000e+01   6.3272575e-16   1.0562500e-01   1.0562500e-01
   1.9000000e+01   1.8000000e+01   7.3444499e-16   1.0875000e-01   1.0875000e-01
   2.0000000e+01   1.8000000e+01   7.1879342e-16   1.1481250e-01   1.1481250e-01
   2.1000000e+01   1.8000000e+01   7.5567704e-16   1.2306250e-01   1.2306250e-01
   2.2000000e+01   1.8000000e+01   9.2239191e-16   1.3296875e-01   1.3296875e-01
   2.3000000e+01   1.8000000e+01   8.8730200e-16   1.4531250e-01   1.4531250e-01
   2.4000000e+01   1.8000000e+01   9.4765866e-16   1.5503125e-01   1.5503125e-01
   2.5000000e+01   1.8000000e+01   9.2898162e-16   1.5368750e-01   1.5368750e-01
   2.6000000e+01   1.8000000e+01   9.6866792e-16   1.5143750e-01   1.5143750e-01
   2.7000000e+01   1.8000000e+01   8.4605318e-16   1.4415625e-01   1.4415625e-01
   2.8000000e+01   1.8000000e+01   8.3620539e-16   1.4040625e-01   1.4040625e-01
   2.9000000e+01   1.8000000e+01   8.1250228e-16   1.3215625e-01   1.3215625e-01
   3.0000000e+01   1.8000000e+01   7.2582177e-16   1.1981250e-01   1.1981250e-01
   3.1000000e+01   1.8000000e+01   7.4474118e-16   1.1609375e-01   1.1609375e-01
   3.2000000e+01   1.8000000e+01   6.9180962e-16   1.1250000e-01   1.1250000e-01
   3.3000000e+01   1.8000000e+01   7.2198700e-16   1.0721875e-01   1.0721875e-01
   3.4000000e+01   1.8000000e+01   6.5884028e-16   1.0656250e-01   1.0656250e-01
   3.5000000e+01   1.8000000e+01   7.0377207e-16   1.0793750e-01   1.0793750e-01
   1.0000000e+00   1.9000000e+01   7.3155675e-16   1.1431250e-01   1.1431250e-01
   2.0000000e+00   1.9000000e+01   7.1367554e-16   1.1234375e-01   1.1234375e-01
   3.0000000e+00   1.9000000e+01   7.1750313e-16   1.1759375e-01   1.1759375e-01
   4.0000000e+00   1.9000000e+01   7.9070222e-16   1.2759375e-01   1.2759375e-01
   5.0000000e+00   1.9000000e+01   8.2070763e-16   1.3971875e-01   1.3971875e-01
   6.0000000e+00   1.9000000e+01   9.1667551e-16   1.5309375e-01   1.5309375e-01
   7.0000000e+00   1.9000000e+01   9.6275277e-16   1.6168750e-01   1.6168750e-01
   8.0000000e+00   1.9000000e+01   9.8984374e-16   1.6337500e-01   1.6337500e-01
   9.0000000e+00   1.9000000e+01   9.9075030e-16   1.5912500e-01   1.5912500e-01
   1.0000000e+01   1.9000000e+01   8.5537777e-16   1.4890625e-01   1.4890625e-01
   1.1000000e+01   1.9000000e+01   9.1513170e-16   1.4346875e-01   1.4346875e-01
   1.2000000e+01   1.9000000e+01   8.0205724e-16   1.3600000e-01   1.3600000e-01
   1.3000000e+01   1.9000000e+01   8.5782800e-16   1.3112500e-01   1.3112500e-01
   1.4000000e+01   1.9000000e+01   7.7258362e-16   1.2631250e-01   1.2631250e-01
   1.5000000e+01   1.9000000e+01   7.5491972e-16   1.2003125e-01   1.2003125e-01
   1.6000000e+01   1.9000000e+01   7.8283634e-16   1.1653125e-01   1.1653125e-01
   1.7000000e+01   1.9000000e+01   6.6807235e-16   1.1150000e-01   1.1150000e-01
   1.8000000e+01   1.9000000e+01   6.8045909e-16   1.0784375e-01   1.0784375e-01
   1.9000000e+01   1.9000000e+01   6.7655492e-16   1.1118750e-01   1.1118750e-01
   2.0000000e+01   1.9000000e+01   7.2166244e-16   1.1975000e-01   1.1975000e-01
   2.1000000e+01   1.9000000e+01   8.2409654e-16   1.3259375e-01   1.3259375e-01
   2.2000000e+01   1.9000000e+01   8.6052950e-16   1.4475000e-01   1.4475000e-01
   2.3000000e+01   1.9000000e+01   9.6507996e-16   1.5315625e-01   1.5315625e-01
   2.4000000e+01   1.9000000e+01   1.0415562e-15   1.5725000e-01   1.5725000e-01
   2.5000000e+01   1.9000000e+01   1.0648047e-15   1.5540625e-01   1.5540625e-01
   2.6000000e+01   1.9000000e+01   1.0076628e-15   1.5359375e-01   1.5359375e-01
   2.7000000e+01   1.9000000e+01   9.2077599e-16   1.4862500e-01   1.4862500e-01
   2.8000000e+01   1.9000000e+01   8.8980904e-16   1.4331250e-01   1.4331250e-01
   2.9000000e+01   1.9000000e+01   8.0735673e-16   1.3496875e-01   1.3496875e-01
   3.0000000e+01   1.9000000e+01   7.9671612e-16   1.2596875e-01   1.2596875e-01
   3.1000000e+01   1.9000000e+01   6.8396606e-16   1.1887500e-01   1.1887500e-01
   3.2000000e+01   1.9000000e+01   7.4015364e-16   1.1640625e-01   1.1640625e-01
   3.3000000e+01   1.9000000e+01   6.7165690e-16   1.1068750e-01   1.1068750e-01
   3.4000000e+01   1.9000000e+01   7.1762283e-16   1.1165625e-01   1.1165625e-01
   3.5000000e+01   1.9000000e+01   7.1149711e-16   1.1325000e-01   1.1325000e-01
   1.0000000e+00   2.0000000e+01   7.4700710e-16   1.1781250e-01   1.1781250e-01
   2.0000000e+00   2.0000000e+01   7.3172941e-16   1.1712500e-01   1.1712500e-01
   3.0000000e+00   2.0000000e+01   7.2899090e-16   1.1962500e-01   1.1962500e-01
   4.0000000e+00   2.0000000e+01   7.8798116e-16   1.2765625e-01   1.2765625e-01
   5.0000000e+00   2.0000000e+01   9.5615047e-16   1.4000000e-01   1.4000000e-01
   6.0000000e+00   2.0000000e+01   9.8444881e-16   1.5650000e-01   1.5650000e-01
   7.0000000e+00   2.0000000e+01   1.0213988e-15   1.6118750e-01   1.6118750e-01
   8.0000000e+00   2.0000000e+01   9.9924640e-16   1.6218750e-01   1.6218750e-01
   9.0000000e+00   2.0000000e+01   9.3150891e-16   1.5756250e-01   1.5756250e-01
   1.0000000e+01   2.0000000e+01   9.7796272e-16   1.5625000e-01   1.5625000e-01
   1.1000000e+01   2.0000000e+01   8.6625468e-16   1.5040625e-01   1.5040625e-01
   1.2000000e+01   2.0000000e+01   8.6981842e-16   1.4575000e-01   1.4575000e-01
   1.3000000e+01   2.0000000e+01   8.4654109e-16   1.3768750e-01   1.3768750e-01
   1.4000000e+01   2.0000000e+01   8.0645606e-16   1.2731250e-01   1.2731250e-01
   1.5000000e+01   2.0000000e+01   7.7747213e-16   1.2318750e-01   1.2318750e-01
   1.6000000e+01   2.0000000e+01   7.0529801e-16   1.1668750e-01   1.1668750e-01
   1.7000000e+01   2.0000000e+01   7.0950703e-16   1.1437500e-01   1.1437500e-01
   1.8000000e+01   2.0000000e+01   7.2649175e-16   1.1437500e-01   1.1437500e-01
   1.9000000e+01   2.0000000e+01   7.3842723e-16   1.1425000e-01   1.1425000e-01
   2.0000000e+01   2.0000000e+01   7.6560464e-16   1.2618750e-01   1.2618750e-01
   2.1000000e+01   2.0000000e+01   8.1825970e-16   1.3862500e-01   1.3862500e-01
   2.2000000e+01   2.0000000e+01   9.4129155e-16   1.4903125e-01   1.4903125e-01
   2.3000000e+01   2.0000000e+01   1.0030153e-15   1.5775000e-01   1.5775000e-01
   2.4000000e+01   2.0000000e+01   1.0365664e-15   1.6228125e-01   1.6228125e-01
   2.5000000e+01   2.0000000e+01   1.0130921e-15   1.6043750e-01   1.6043750e-01
   2.6000000e+01   2.0000000e+01   9.9508144e-16   1.5565625e-01   1.5565625e-01
   2.7000000e+01   2.0000000e+01   9.5690254e-16   1.5290625e-01   1.5290625e-01
   2.8000000e+01   2.0000000e+01   8.9273627e-16   1.4796875e-01   1.4796875e-01
   2.9000000e+01   2.0000000e+01   8.6670196e-16   1.4259375e-01   1.4259375e-01
   3.0000000e+01   2.0000000e+01   7.6545448e-16   1.3196875e-01   1.3196875e-01
   3.1000000e+01   2.0000000e+01   8.0320488e-16   1.2590625e-01   1.2590625e-01
   3.2000000e+01   2.0000000e+01   7.7604906e-16   1.1515625e-01   1.1515625e-01
   3.3000000e+01   2.0000000e+01   7.3289591e-16   1.1112500e-01   1.1112500e-01
   3.4000000e+01   2.0000000e+01   7.0354333e-16   1.0946875e-01   1.0946875e-01
   3.5000000e+01   2.0000000e+01   6.6611185e-16   1.1006250e-01   1.1006250e-01
   1.0000000e+00   2.1000000e+01   7.3976526e-16   1.1993750e-01   1.1993750e-01
   2.0000000e+00   2.1000000e+01   7.1882109e-16   1.1771875e-01   1.1771875e-01
   3.0000000e+00   2.1000000e+01   6.9171967e-16   1.2453125e-01   1.2453125e-01
   4.0000000e+00   2.1000000e+01   8.5230882e-16   1.3565625e-01   1.3565625e-01
   5.0000000e+00   2.1000000e+01   9.1424933e-16   1.4540625e-01   1.4540625e-01
   6.0000000e+00   2.1000000e+01   9.4232733e-16   1.5259375e-01   1.5259375e-01
   7.0000000e+00   2.1000000e+01   9.8131366e-16   1.5503125e-01   1.5503125e-01
   8.0000000e+00   2.1000000e+01   9.1767790e-16   1.5509375e-01   1.5509375e-01
   9.0000000e+00   2.1000000e+01   1.0629560e-15   1.5256250e-01   1.5256250e-01
   1.0000000e+01   2.1000000e+01   9.5621727e-16   1.4946875e-01   1.4946875e-01
   1.1000000e+01   2.1000000e+01   9.4480382e-16   1.5400000e-01   1.5400000e-01
   1.2000000e+01   2.1000000e+01   8.9931681e-16   1.4743750e-01   1.4743750e-01
   1.3000000e+01   2.1000000e+01   8.5198086e-16   1.4256250e-01   1.4256250e-01
   1.4000000e+01   2.1000000e+01   8.6720234e-16   1.3537500e-01   1.3537500e-01
   1.5000000e+01   2.1000000e+01   7.8192974e-16   1.3018750e-01   1.3018750e-01
   1.6000000e+01   2.1000000e+01   8.0320464e-16   1.2015625e-01   1.2015625e-01
   1.7000000e+01   2.1000000e+01   7.4725068e-16   1.1121875e-01   1.1121875e-01
   1.8000000e+01   2.1000000e+01   7.1649687e-16   1.1506250e-01   1.1506250e-01
   1.9000000e+01   2.1000000e+01   7.1838139e-16   1.1981250e-01   1.1981250e-01
   2.0000000e+01   2.1000000e+01   8.2338228e-16   1.2946875e-01   1.2946875e-01
   2.1000000e+01   2.1000000e+01   8.3117955e-16   1.4081250e-01   1.4081250e-01
   2.2000000e+01   2.1000000e+01   9.0370568e-16   1.4809375e-01   1.4809375e-01
   2.3000000e+01   2.1000000e+01   9.6918915e-16   1.5384375e-01   1.5384375e-01
   2.4000000e+01   2.1000000e+01   9.2487355e-16   1.5750000e-01   1.5750000e-01
   2.5000000e+01   2.1000000e+01   9.4096997e-16   1.5765625e-01   1.5765625e-01
   2.6000000e+01   2.1000000e+01   9.1867389e-16   1.5375000e-01   1.5375000e-01
   2.7000000e+01   2.1000000e+01   9.8420997e-16   1.4940625e-01   1.4940625e-01
   2.8000000e+01   2.1000000e+01   1.0558907e-15   1.4990625e-01   1.4990625e-01
   2.9000000e+01   2.1000000e+01   8.6358201e-16   1.4340625e-01   1.4340625e-01
   3.0000000e+01   2.1000000e+01   8.9205833e-16   1.3993750e-01   1.3993750e-01
   3.1000000e+01   2.1000000e+01   7.4526712e-16   1.2787500e-01   1.2787500e-01
   3.2000000e+01   2.1000000e+01   7.9134518e-16   1.2478125e-01   1.2478125e-01
   3.3000000e+01   2.1000000e+01   6.9483275e-16   1.1718750e-01   1.1718750e-01
   3.4000000e+01   2.1000000e+01   7.0822836e-16   1.1562500e-01   1.1562500e-01
   3.5000000e+01   2.1000000e+01   7.1879434e-16   1.1793750e-01   1.1793750e-01
   1.0000000e+00   2.2000000e+01   7.3544723e-16   1.2240625e-01   1.2240625e-01
   2.0000000e+00   2.2000000e+01   7.4255878e-16   1.2134375e-01   1.2134375e-01
   3.0000000e+00   2.2000000e+01   7.7774517e-16   1.2431250e-01   1.2431250e-01
   4.0000000e+00   2.2000000e+01   8.8899205e-16   1.3218750e-01   1.3218750e-01
   5.0000000e+00   2.2000000e+01   9.2747098e-16   1.4128125e-01   1.4128125e-01
   6.0000000e+00   2.2000000e+01   9.3561301e-16   1.4856250e-01   1.4856250e-01
   7.0000000e+00   2.2000000e+01   9.3607780e-16   1.5062500e-01   1.5062500e-01
   8.0000000e+00   2.2000000e+01   9.3842163e-16   1.5381250e-01   1.5381250e-01
   9.0000000e+00   2.2000000e+01   9.0739145e-16   1.5456250e-01   1.5456250e-01
   1.0000000e+01   2.2000000e+01   9.3528377e-16   1.5581250e-01   1.5581250e-01
   1.1000000e+01   2.2000000e+01   9.0954975e-16   1.5290625e-01   1.5290625e-01
   1.2000000e+01   2.2000000e+01   9.1905521e-16   1.4946875e-01   1.4946875e-01
   1.3000000e+01   2.2000000e+01   8.4641542e-16   1.4521875e-01   1.4521875e-01
   1.4000000e+01   2.2000000e+01   8.6447458e-16   1.4025000e-01   1.4025000e-01
   1.5000000e+01   2.2000000e+01   8.0673097e-16   1.3484375e-01   1.3484375e-01
   1.6000000e+01   2.2000000e+01   7.4013054e-16   1.2071875e-01   1.2071875e-01
   1.7000000e+01   2.2000000e+01   8.3145467e-16   1.1768750e-01   1.1768750e-01
   1.8000000e+01   2.2000000e+01   7.1440777e-16   1.1731250e-01   1.1731250e-01
   1.9000000e+01   2.2000000e+01   7.0433476e-16   1.2309375e-01   1.2309375e-01
   2.0000000e+01   2.2000000e+01   8.1005426e-16   1.3071875e-01   1.3071875e-01
   2.1000000e+01   2.2000000e+01   8.7477456e-16   1.4006250e-01   1.4006250e-01
   2.2000000e+01   2.2000000e+01   9.0611459e-16   1.4615625e-01   1.4615625e-01
   2.3000000e+01   2.2000000e+01   8.8432042e-16   1.5000000e-01   1.5000000e-01
   2.4000000e+01   2.2000000e+01   9.3391625e-16   1.5268750e-01   1.5268750e-01
   2.5000000e+01   2.2000000e+01   8.7815172e-16   1.5346875e-01   1.5346875e-01
   2.6000000e+01   2.2000000e+01   9.5622155e-16   1.5500000e-01   1.5500000e-01
   2.7000000e+01   2.2000000e+01   9.5329067e-16   1.5546875e-01   1.5546875e-01
   2.8000000e+01   2.2000000e+01   9.2936129e-16   1.5228125e-01   1.5228125e-01
   2.9000000e+01   2.2000000e+01   8.9486776e-16   1.4853125e-01   1.4853125e-01
   3.0000000e+01   2.2000000e+01   8.2580060e-16   1.4043750e-01   1.4043750e-01
   3.1000000e+01   2.2000000e+01   8.3374901e-16   1.3443750e-01   1.3443750e-01
   3.2000000e+01   2.2000000e+01   7.7824558e-16   1.2306250e-01   1.2306250e-01
   3.3000000e+01   2.2000000e+01   7.4977292e-16   1.1759375e-01   1.1759375e-01
   3.4000000e+01   2.2000000e+01   7.5134731e-16   1.1965625e-01   1.1965625e-01
   3.5000000e+01   2.2000000e+01   7.4655811e-16   1.2331250e-01   1.2331250e-01
   1.0000000e+00   2.3000000e+01   7.3446056e-16   1.2059375e-01   1.2059375e-01
   2.0000000e+00   2.3000000e+01   7.6530842e-16   1.2396875e-01   1.2396875e-01
   3.0000000e+00   2.3000000e+01   7.8943954e-16   1.2903125e-01   1.2903125e-01
   4.0000000e+00   2.3000000e+01   8.5079648e-16   1.3653125e-01   1.3653125e-01
   5.0000000e+00   2.3000000e+01   8.4845089e-16   1.4575000e-01   1.4575000e-01
   6.0000000e+00   2.3000000e+01   9.0516419e-16   1.4825000e-01   1.4825000e-01
   7.0000000e+00   2.3000000e+01   9.0052641e-16   1.5103125e-01   1.5103125e-01
   8.0000000e+00   2.3000000e+01   8.9841217e-16   1.5221875e-01   1.5221875e-01
   9.0000000e+00   2.3000000e+01   9.4554492e-16   1.5518750e-01   1.5518750e-01
   1.0000000e+01   2.3000000e+01   8.9238636e-16   1.5375000e-01   1.5375000e-01
   1.1000000e+01   2.3000000e+01   9.2777790e-16   1.5243750e-01   1.5243750e-01
   1.2000000e+01   2.3000000e+01   9.1282607e-16   1.4993750e-01   1.4993750e-01
   1.3000000e+01   2.3000000e+01   8.7135079e-16   1.4509375e-01   1.4509375e-01
   1.4000000e+01   2.3000000e+01   8.3762552e-16   1.4065625e-01   1.4065625e-01
   1.5000000e+01   2.3000000e+01   7.9430029e-16   1.3625000e-01   1.3625000e-01
   1.6000000e+01   2.3000000e+01   7.7899138e-16   1.3106250e-01   1.3106250e-01
   1.7000000e+01   2.3000000e+01   7.6822621e-16   1.2584375e-01   1.2584375e-01
   1.8000000e+01   2.3000000e+01   8.1637360e-16   1.2281250e-01   1.2281250e-01
   1.9000000e+01   2.3000000e+01   8.2827319e-16   1.2687500e-01   1.2687500e-01
   2.0000000e+01   2.3000000e+01   7.7633406e-16   1.3137500e-01   1.3137500e-01
   2.1000000e+01   2.3000000e+01   8.9903562e-16   1.4218750e-01   1.4218750e-01
   2.2000000e+01   2.3000000e+01   8.8702698e-16   1.4609375e-01   1.4609375e-01
   2.3000000e+01   2.3000000e+01   9.1590267e-16   1.4653125e-01   1.4653125e-01
   2.4000000e+01   2.3000000e+01   8.9667620e-16   1.5118750e-01   1.5118750e-01
   2.5000000e+01   2.3000000e+01   9.3218803e-16   1.5325000e-01   1.5325000e-01
   2.6000000e+01   2.3000000e+01   9.6849112e-16   1.5496875e-01   1.5496875e-01
   2.7000000e+01   2.3000000e+01   9.1324394e-16   1.5425000e-01   1.5425000e-01
   2.8000000e+01   2.3000000e+01   9.1146391e-16   1.5059375e-01   1.5059375e-01
   2.9000000e+01   2.3000000e+01   9.0036477e-16   1.4765625e-01   1.4765625e-01
   3.0000000e+01   2.3000000e+01   9.8409025e-16   1.3956250e-01   1.3956250e-01
   3.1000000e+01   2.3000000e+01   8.5072840e-16   1.3525000e-01   1.3525000e-01
   3.2000000e+01   2.3000000e+01   7.9019156e-16   1.3062500e-01   1.3062500e-01
   3.3000000e+01   2.3000000e+01   7.8617006e-16   1.2700000e-01   1.2700000e-01
   3.4000000e+01   2.3000000e+01   7.1902513e-16   1.2100000e-01   1.2100000e-01
   3.5000000e+01   2.3000000e+01   7.7031609e-16   1.2346875e-01   1.2346875e-01
   1.0000000e+00   2.4000000e+01   7.0148420e-16   1.1465625e-01   1.1465625e-01
   2.0000000e+00   2.4000000e+01   7.2456151e-16   1.1415625e-01   1.1415625e-01
   3.0000000e+00   2.4000000e+01   7.8383923e-16   1.1693750e-01   1.1693750e-01
   4.0000000e+00   2.4000000e+01   8.2835389e-16   1.2825000e-01   1.2825000e-01
   5.0000000e+00   2.4000000e+01   8.5782727e-16   1.3493750e-01   1.3493750e-01
   6.0000000e+00   2.4000000e+01   8.8373720e-16   1.4212500e-01   1.4212500e-01
   7.0000000e+00   2.4000000e+01   9.2867251e-16   1.4437500e-01   1.4437500e-01
   8.0000000e+00   2.4000000e+01   1.0183199e-15   1.4865625e-01   1.4865625e-01
   9.0000000e+00   2.4000000e+01   9.7986627e-16   1.5150000e-01   1.5150000e-01
   1.0000000e+01   2.4000000e+01   9.8877259e-16   1.4862500e-01   1.4862500e-01
   1.1000000e+01   2.4000000e+01   9.8764427e-16   1.4468750e-01   1.4468750e-01
   1.2000000e+01   2.4000000e+01   9.8281953e-16   1.4396875e-01   1.4396875e-01
   1.3000000e+01   2.4000000e+01   9.6470232e-16   1.3984375e-01   1.3984375e-01
   1.4000000e+01   2.4000000e+01   9.2239186e-16   1.3475000e-01   1.3475000e-01
   1.5000000e+01   2.4000000e+01   8.8626818e-16   1.3287500e-01   1.3287500e-01
   1.6000000e+01   2.4000000e+01   8.7338137e-16   1.2871875e-01   1.2871875e-01
   1.7000000e+01   2.4000000e+01   7.3898095e-16   1.2340625e-01   1.2340625e-01
   1.8000000e+01   2.4000000e+01   7.4223792e-16   1.1875000e-01   1.1875000e-01
   1.9000000e+01   2.4000000e+01   6.9454962e-16   1.1912500e-01   1.1912500e-01
   2.0000000e+01   2.4000000e+01   7.5152345e-16   1.2484375e-01   1.2484375e-01
   2.1000000e+01   2.4000000e+01   8.4484212e-16   1.3203125e-01   1.3203125e-01
   2.2000000e+01   2.4000000e+01   9.1051507e-16   1.4678125e-01   1.4678125e-01
   2.3000000e+01   2.4000000e+01   9.3454388e-16   1.5003125e-01   1.5003125e-01
   2.4000000e+01   2.4000000e+01   8.9071409e-16   1.5100000e-01   1.5100000e-01
   2.5000000e+01   2.4000000e+01   9.3212767e-16   1.5387500e-01   1.5387500e-01
   2.6000000e+01   2.4000000e+01   9.0571370e-16   1.5162500e-01   1.5162500e-01
   2.7000000e+01   2.4000000e+01   9.1663907e-16   1.5056250e-01   1.5056250e-01
   2.8000000e+01   2.4000000e+01   9.4442160e-16   1.5125000e-01   1.5125000e-01
   2.9000000e+01   2.4000000e+01   8.8161788e-16   1.4646875e-01   1.4646875e-01
   3.0000000e+01   2.4000000e+01   8.4193676e-16   1.4037500e-01   1.4037500e-01
   3.1000000e+01   2.4000000e+01   8.2493650e-16   1.3640625e-01   1.3640625e-01
   3.2000000e+01   2.4000000e+01   7.9150967e-16   1.3190625e-01   1.3190625e-01
   3.3000000e+01   2.4000000e+01   7.8101959e-16   1.2787500e-01   1.2787500e-01
   3.4000000e+01   2.4000000e+01   7.6833993e-16   1.2225000e-01   1.2225000e-01
   3.5000000e+01   2.4000000e+01   7.4871967e-16   1.2156250e-01   1.2156250e-01
   1.0000000e+00   2.5000000e+01   7.2962902e-16   1.1490625e-01   1.1490625e-01
   2.0000000e+00   2.5000000e+01   6.5031633e-16   1.1181250e-01   1.1181250e-01
   3.0000000e+00   2.5000000e+01   7.3527346e-16   1.1490625e-01   1.1490625e-01
   4.0000000e+00   2.5000000e+01   7.8125989e-16   1.2346875e-01   1.2346875e-01
   5.0000000e+00   2.5000000e+01   7.9182953e-16   1.3046875e-01   1.3046875e-01
   6.0000000e+00   2.5000000e+01   8.6910527e-16   1.4118750e-01   1.4118750e-01
   7.0000000e+00   2.5000000e+01   8.7076585e-16   1.4678125e-01   1.4678125e-01
   8.0000000e+00   2.5000000e+01   9.2192645e-16   1.4990625e-01   1.4990625e-01
   9.0000000e+00   2.5000000e+01   8.9285207e-16   1.4318750e-01   1.4318750e-01
   1.0000000e+01   2.5000000e+01   9.1127678e-16   1.4484375e-01   1.4484375e-01
   1.1000000e+01   2.5000000e+01   8.6521567e-16   1.4231250e-01   1.4231250e-01
   1.2000000e+01   2.5000000e+01   8.6641530e-16   1.4062500e-01   1.4062500e-01
   1.3000000e+01   2.5000000e+01   8.2735160e-16   1.3478125e-01   1.3478125e-01
   1.4000000e+01   2.5000000e+01   7.7183547e-16   1.3143750e-01   1.3143750e-01
   1.5000000e+01   2.5000000e+01   8.3832662e-16   1.3162500e-01   1.3162500e-01
   1.6000000e+01   2.5000000e+01   8.1525232e-16   1.2934375e-01   1.2934375e-01
   1.7000000e+01   2.5000000e+01   7.4156790e-16   1.1865625e-01   1.1865625e-01
   1.8000000e+01   2.5000000e+01   7.5660474e-16   1.1621875e-01   1.1621875e-01
   1.9000000e+01   2.5000000e+01   7.8688599e-16   1.1325000e-01   1.1325000e-01
   2.0000000e+01   2.5000000e+01   8.1748028e-16   1.2128125e-01   1.2128125e-01
   2.1000000e+01   2.5000000e+01   8.1573755e-16   1.2793750e-01   1.2793750e-01
   2.2000000e+01   2.5000000e+01   8.6006440e-16   1.3868750e-01   1.3868750e-01
   2.3000000e+01   2.5000000e+01   9.2191930e-16   1.4606250e-01   1.4606250e-01
   2.4000000e+01   2.5000000e+01   8.6906169e-16   1.4903125e-01   1.4903125e-01
   2.5000000e+01   2.5000000e+01   8.9932321e-16   1.4906250e-01   1.4906250e-01
   2.6000000e+01   2.5000000e+01   8.7983103e-16   1.4706250e-01   1.4706250e-01
   2.7000000e+01   2.5000000e+01   9.0030919e-16   1.4693750e-01   1.4693750e-01
   2.8000000e+01   2.5000000e+01   8.6047970e-16   1.4562500e-01   1.4562500e-01
   2.9000000e+01   2.5000000e+01   8.8983713e-16   1.4078125e-01   1.4078125e-01
   3.0000000e+01   2.5000000e+01   8.7109551e-16   1.3646875e-01   1.3646875e-01
   3.1000000e+01   2.5000000e+01   7.8491847e-16   1.3553125e-01   1.3553125e-01
   3.2000000e+01   2.5000000e+01   8.2458887e-16   1.3431250e-01   1.3431250e-01
   3.3000000e+01   2.5000000e+01   7.4229394e-16   1.2325000e-01   1.2325000e-01
   3.4000000e+01   2.5000000e+01   6.7552757e-16   1.1606250e-01   1.1606250e-01
   3.5000000e+01   2.5000000e+01   6.7814783e-16   1.1137500e-01   1.1137500e-01
   1.0000000e+00   2.6000000e+01   6.9517795e-16   1.0718750e-01   1.0718750e-01
   2.0000000e+00   2.6000000e+01   6.5184213e-16   1.0493750e-01   1.0493750e-01
   3.0000000e+00   2.6000000e+01   7.0293311e-16   1.0575000e-01   1.0575000e-01
   4.0000000e+00   2.6000000e+01   6.9152640e-16   1.1162500e-01   1.1162500e-01
   5.0000000e+00   2.6000000e+01   7.2559554e-16   1.1815625e-01   1.1815625e-01
   6.0000000e+00   2.6000000e+01   7.9022628e-16   1.2687500e-01   1.2687500e-01
   7.0000000e+00   2.6000000e+01   8.0655553e-16   1.3403125e-01   1.3403125e-01
   8.0000000e+00   2.6000000e+01   8.9872438e-16   1.3984375e-01   1.3984375e-01
   9.0000000e+00   2.6000000e+01   8.5692637e-16   1.3759375e-01   1.3759375e-01
   1.0000000e+01   2.6000000e+01   7.7855207e-16   1.3331250e-01   1.3331250e-01
   1.1000000e+01   2.6000000e+01   7.8954471e-16   1.3268750e-01   1.3268750e-01
   1.2000000e+01   2.6000000e+01   7.4720450e-16   1.2706250e-01   1.2706250e-01
   1.3000000e+01   2.6000000e+01   7.8817683e-16   1.2703125e-01   1.2703125e-01
   1.4000000e+01   2.6000000e+01   7.9710794e-16   1.2903125e-01   1.2903125e-01
   1.5000000e+01   2.6000000e+01   7.6402697e-16   1.2409375e-01   1.2409375e-01
   1.6000000e+01   2.6000000e+01   7.6521336e-16   1.1862500e-01   1.1862500e-01
   1.7000000e+01   2.6000000e+01   7.4401122e-16   1.1446875e-01   1.1446875e-01
   1.8000000e+01   2.6000000e+01   7.4721724e-16   1.0781250e-01   1.0781250e-01
   1.9000000e+01   2.6000000e+01   6.6706033e-16   1.0593750e-01   1.0593750e-01
   2.0000000e+01   2.6000000e+01   6.3067009e-16   1.0418750e-01   1.0418750e-01
   2.1000000e+01   2.6000000e+01   7.8921702e-16   1.1534375e-01   1.1534375e-01
   2.2000000e+01   2.6000000e+01   7.5343361e-16   1.2331250e-01   1.2331250e-01
   2.3000000e+01   2.6000000e+01   8.1293932e-16   1.2765625e-01   1.2765625e-01
   2.4000000e+01   2.6000000e+01   8.3937142e-16   1.3878125e-01   1.3878125e-01
   2.5000000e+01   2.6000000e+01   8.6224534e-16   1.4084375e-01   1.4084375e-01
   2.6000000e+01   2.6000000e+01   8.4717744e-16   1.3796875e-01   1.3796875e-01
   2.7000000e+01   2.6000000e+01   8.5661396e-16   1.3331250e-01   1.3331250e-01
   2.8000000e+01   2.6000000e+01   8.0460561e-16   1.3184375e-01   1.3184375e-01
   2.9000000e+01   2.6000000e+01   8.0261035e-16   1.3065625e-01   1.3065625e-01
   3.0000000e+01   2.6000000e+01   8.0444129e-16   1.2706250e-01   1.2706250e-01
   3.1000000e+01   2.6000000e+01   7.9339037e-16   1.2446875e-01   1.2446875e-01
   3.2000000e+01   2.6000000e+01   8.0018397e-16   1.2443750e-01   1.2443750e-01
   3.3000000e+01   2.6000000e+01   6.8765177e-16   1.1412500e-01   1.1412500e-01
   3.4000000e+01   2.6000000e+01   6.7407730e-16   1.0809375e-01   1.0809375e-01
   3.5000000e+01   2.6000000e+01   6.8949363e-16   1.0634375e-01   1.0634375e-01
   1.0000000e+00   2.7000000e+01   6.8244865e-16   1.0571875e-01   1.0571875e-01
   2.0000000e+00   2.7000000e+01   6.4289830e-16   9.9062500e-02   9.9062500e-02
   3.0000000e+00   2.7000000e+01   6.6141511e-16   9.8593750e-02   9.8593750e-02
   4.0000000e+00   2.7000000e+01   6.4961421e-16   1.0384375e-01   1.0384375e-01
   5.0000000e+00   2.7000000e+01   7.5900178e-16   1.1156250e-01   1.1156250e-01
   6.0000000e+00   2.7000000e+01   7.1426894e-16   1.1684375e-01   1.1684375e-01
   7.0000000e+00   2.7000000e+01   7.6207057e-16   1.2390625e-01   1.2390625e-01
   8.0000000e+00   2.7000000e+01   7.7213567e-16   1.2756250e-01   1.2756250e-01
   9.0000000e+00   2.7000000e+01   7.8715012e-16   1.2581250e-01   1.2581250e-01
   1.0000000e+01   2.7000000e+01   8.7677291e-16   1.2209375e-01   1.2209375e-01
   1.1000000e+01   2.7000000e+01   6.8544217e-16   1.1662500e-01   1.1662500e-01
   1.2000000e+01   2.7000000e+01   7.2163120e-16   1.1878125e-01   1.1878125e-01
   1.3000000e+01   2.7000000e+01   7.1669018e-16   1.1962500e-01   1.1962500e-01
   1.4000000e+01   2.7000000e+01   7.8951855e-16   1.1725000e-01   1.1725000e-01
   1.5000000e+01   2.7000000e+01   7.0671541e-16   1.1193750e-01   1.1193750e-01
   1.6000000e+01   2.7000000e+01   6.5753808e-16   1.0565625e-01   1.0565625e-01
   1.7000000e+01   2.7000000e+01   7.2058866e-16   1.0478125e-01   1.0478125e-01
   1.8000000e+01   2.7000000e+01   6.3757227e-16   1.0084375e-01   1.0084375e-01
   1.9000000e+01   2.7000000e+01   7.3088515e-16   9.9562500e-02   9.9562500e-02
   2.0000000e+01   2.7000000e+01   6.7384297e-16   1.0171875e-01   1.0171875e-01
   2.1000000e+01   2.7000000e+01   6.9689894e-16   1.0600000e-01   1.0600000e-01
   2.2000000e+01   2.7000000e+01   7.7419238e-16   1.1365625e-01   1.1365625e-01
   2.3000000e+01   2.7000000e+01   6.9540091e-16   1.1740625e-01   1.1740625e-01
   2.4000000e+01   2.7000000e+01   7.8949693e-16   1.2762500e-01   1.2762500e-01
   2.5000000e+01   2.7000000e+01   7.5850410e-16   1.2646875e-01   1.2646875e-01
   2.6000000e+01   2.7000000e+01   8.0285487e-16   1.2840625e-01   1.2840625e-01
   2.7000000e+01   2.7000000e+01   7.7435162e-16   1.2334375e-01   1.2334375e-01
   2.8000000e+01   2.7000000e+01   7.3357443e-16   1.2115625e-01   1.2115625e-01
   2.9000000e+01   2.7000000e+01   7.7716437e-16   1.1940625e-01   1.1940625e-01
   3.0000000e+01   2.7000000e+01   6.7480053e-16   1.1443750e-01   1.1443750e-01
   3.1000000e+01   2.7000000e+01   7.8686662e-16   1.1500000e-01   1.1500000e-01
   3.2000000e+01   2.7000000e+01   6.8502887e-16   1.1125000e-01   1.1125000e-01
   3.3000000e+01   2.7000000e+01   6.4619607e-16   1.0665625e-01   1.0665625e-01
   3.4000000e+01   2.7000000e+01   7.0636900e-16   1.0218750e-01   1.0218750e-01
   3.5000000e+01   2.7000000e+01   6.2014508e-16   9.7406250e-02   9.7406250e-02
   1.0000000e+00   2.8000000e+01   6.0751928e-16   1.0212500e-01   1.0212500e-01
   2.0000000e+00   2.8000000e+01   6.2180022e-16   9.8593750e-02   9.8593750e-02
   3.0000000e+00   2.8000000e+01   6.2532318e-16   9.8437500e-02   9.8437500e-02
   4.0000000e+00   2.8000000e+01   6.4319249e-16   1.0403125e-01   1.0403125e-01
   5.0000000e+00   2.8000000e+01   7.4974054e-16   1.1218750e-01   1.1218750e-01
   6.0000000e+00   2.8000000e+01   7.2464947e-16   1.1737500e-01   1.1737500e-01
   7.0000000e+00   2.8000000e+01   7.7548255e-16   1.1587500e-01   1.1587500e-01
   8.0000000e+00   2.8000000e+01   7.7313783e-16   1.1965625e-01   1.1965625e-01
   9.0000000e+00   2.8000000e+01   7.5141822e-16   1.2140625e-01   1.2140625e-01
   1.0000000e+01   2.8000000e+01   6.9162082e-16   1.1093750e-01   1.1093750e-01
   1.1000000e+01   2.8000000e+01   7.7189091e-16   1.1300000e-01   1.1300000e-01
   1.2000000e+01   2.8000000e+01   6.9884455e-16   1.1334375e-01   1.1334375e-01
   1.3000000e+01   2.8000000e+01   6.4692666e-16   1.0968750e-01   1.0968750e-01
   1.4000000e+01   2.8000000e+01   6.6334862e-16   1.0684375e-01   1.0684375e-01
   1.5000000e+01   2.8000000e+01   6.0644496e-16   9.5812500e-02   9.5812500e-02
   1.6000000e+01   2.8000000e+01   6.4538358e-16   1.0056250e-01   1.0056250e-01
   1.7000000e+01   2.8000000e+01   7.4442718e-16   1.0806250e-01   1.0806250e-01
   1.8000000e+01   2.8000000e+01   6.8250431e-16   1.0331250e-01   1.0331250e-01
   1.9000000e+01   2.8000000e+01   6.4772887e-16   1.0109375e-01   1.0109375e-01
   2.0000000e+01   2.8000000e+01   6.3281573e-16   1.0156250e-01   1.0156250e-01
   2.1000000e+01   2.8000000e+01   6.8603717e-16   1.0750000e-01   1.0750000e-01
   2.2000000e+01   2.8000000e+01   6.8714717e-16   1.1203125e-01   1.1203125e-01
   2.3000000e+01   2.8000000e+01   7.6019368e-16   1.1384375e-01   1.1384375e-01
   2.4000000e+01   2.8000000e+01   7.7501566e-16   1.2237500e-01   1.2237500e-01
   2.5000000e+01   2.8000000e+01   7.8231057e-16   1.2281250e-01   1.2281250e-01
   2.6000000e+01   2.8000000e+01   7.3995410e-16   1.1893750e-01   1.1893750e-01
   2.7000000e+01   2.8000000e+01   6.8967196e-16   1.1656250e-01   1.1656250e-01
   2.8000000e+01   2.8000000e+01   7.1776226e-16   1.1378125e-01   1.1378125e-01
   2.9000000e+01   2.8000000e+01   6.5821274e-16   1.1071875e-01   1.1071875e-01
   3.0000000e+01   2.8000000e+01   6.8285464e-16   1.0937500e-01   1.0937500e-01
   3.1000000e+01   2.8000000e+01   6.2501028e-16   1.0253125e-01   1.0253125e-01
   3.2000000e+01   2.8000000e+01   6.2882324e-16   9.6500000e-02   9.6500000e-02
   3.3000000e+01   2.8000000e+01   6.4517125e-16   1.0409375e-01   1.0409375e-01
   3.4000000e+01   2.8000000e+01   6.5563556e-16   1.0321875e-01   1.0321875e-01
   3.5000000e+01   2.8000000e+01   6.6618951e-16   9.9531250e-02   9.9531250e-02
   1.0000000e+00   2.9000000e+01   6.1875831e-16   1.0659375e-01   1.0659375e-01
   2.0000000e+00   2.9000000e+01   6.2750860e-16   1.0321875e-01   1.0321875e-01
   3.0000000e+00   2.9000000e+01   6.3215277e-16   1.0062500e-01   1.0062500e-01
   4.0000000e+00   2.9000000e+01   7.1062797e-16   1.0718750e-01   1.0718750e-01
   5.0000000e+00   2.9000000e+01   7.2397440e-16   1.1350000e-01   1.1350000e-01
   6.0000000e+00   2.9000000e+01   7.2838827e-16   1.2134375e-01   1.2134375e-01
   7.0000000e+00   2.9000000e+01   7.1252219e-16   1.2084375e-01   1.2084375e-01
   8.0000000e+00   2.9000000e+01   7.7486203e-16   1.2146875e-01   1.2146875e-01
   9.0000000e+00   2.9000000e+01   7.7734071e-16   1.1715625e-01   1.1715625e-01
   1.0000000e+01   2.9000000e+01   7.2017167e-16   1.1040625e-01   1.1040625e-01
   1.1000000e+01   2.9000000e+01   6.7176969e-16   1.0743750e-01   1.0743750e-01
   1.2000000e+01   2.9000000e+01   6.4657933e-16   1.0350000e-01   1.0350000e-01
   1.3000000e+01   2.9000000e+01   6.4187697e-16   1.0328125e-01   1.0328125e-01
   1.4000000e+01   2.9000000e+01   6.0138272e-16   1.0165625e-01   1.0165625e-01
   1.5000000e+01   2.9000000e+01   6.6278907e-16   9.9562500e-02   9.9562500e-02
   1.6000000e+01   2.9000000e+01   7.1430163e-16   1.0803125e-01   1.0803125e-01
   1.7000000e+01   2.9000000e+01   6.6896008e-16   1.0918750e-01   1.0918750e-01
   1.8000000e+01   2.9000000e+01   6.3495944e-16   1.0615625e-01   1.0615625e-01
   1.9000000e+01   2.9000000e+01   6.6859765e-16   9.8812500e-02   9.8812500e-02
   2.0000000e+01   2.9000000e+01   6.3199826e-16   1.0246875e-01   1.0246875e-01
   2.1000000e+01   2.9000000e+01   6.6422695e-16   1.0918750e-01   1.0918750e-01
   2.2000000e+01   2.9000000e+01   7.7154529e-16   1.1696875e-01   1.1696875e-01
   2.3000000e+01   2.9000000e+01   8.0163042e-16   1.2281250e-01   1.2281250e-01
   2.4000000e+01   2.9000000e+01   7.4561142e-16   1.2228125e-01   1.2228125e-01
   2.5000000e+01   2.9000000e+01   7.7329283e-16   1.1971875e-01   1.1971875e-01
   2.6000000e+01   2.9000000e+01   7.1368361e-16   1.1637500e-01   1.1637500e-01
   2.7000000e+01   2.9000000e+01   7.0245921e-16   1.0996875e-01   1.0996875e-01
   2.8000000e+01   2.9000000e+01   6.4482935e-16   1.0343750e-01   1.0343750e-01
   2.9000000e+01   2.9000000e+01   6.3053420e-16   9.9531250e-02   9.9531250e-02
   3.0000000e+01   2.9000000e+01   6.5733845e-16   9.9750000e-02   9.9750000e-02
   3.1000000e+01   2.9000000e+01   6.2226225e-16   9.7312500e-02   9.7312500e-02
   3.2000000e+01   2.9000000e+01   6.5390415e-16   1.0203125e-01   1.0203125e-01
   3.3000000e+01   2.9000000e+01   7.6142410e-16   1.0771875e-01   1.0771875e-01
   3.4000000e+01   2.9000000e+01   6.7910390e-16   1.0637500e-01   1.0637500e-01
   3.5000000e+01   2.9000000e+01   6.2425302e-16   1.0112500e-01   1.0112500e-01
   1.0000000e+00   3.0000000e+01   6.8353346e-16   1.0909375e-01   1.0909375e-01
   2.0000000e+00   3.0000000e+01   6.5823619e-16   1.0553125e-01   1.0553125e-01
   3.0000000e+00   3.0000000e+01   6.5187197e-16   1.0412500e-01   1.0412500e-01
   4.0000000e+00   3.0000000e+01   6.6405453e-16   1.0781250e-01   1.0781250e-01
   5.0000000e+00   3.0000000e+01   7.2068561e-16   1.1865625e-01   1.1865625e-01
   6.0000000e+00   3.0000000e+01   7.8303233e-16   1.2571875e-01   1.2571875e-01
   7.0000000e+00   3.0000000e+01   7.7604292e-16   1.2959375e-01   1.2959375e-01
   8.0000000e+00   3.0000000e+01   8.2117485e-16   1.2146875e-01   1.2146875e-01
   9.0000000e+00   3.0000000e+01   7.8064231e-16   1.1718750e-01   1.1718750e-01
   1.0000000e+01   3.0000000e+01   7.2970336e-16   1.1325000e-01   1.1325000e-01
   1.1000000e+01   3.0000000e+01   6.4547450e-16   1.0637500e-01   1.0637500e-01
   1.2000000e+01   3.0000000e+01   6.6882606e-16   1.0015625e-01   1.0015625e-01
   1.3000000e+01   3.0000000e+01   6.0089371e-16   9.9531250e-02   9.9531250e-02
   1.4000000e+01   3.0000000e+01   6.8147083e-16   1.0365625e-01   1.0365625e-01
   1.5000000e+01   3.0000000e+01   6.8456874e-16   1.0606250e-01   1.0606250e-01
   1.6000000e+01   3.0000000e+01   6.6509237e-16   1.0787500e-01   1.0787500e-01
   1.7000000e+01   3.0000000e+01   7.4085294e-16   1.1256250e-01   1.1256250e-01
   1.8000000e+01   3.0000000e+01   7.0192757e-16   1.1028125e-01   1.1028125e-01
   1.9000000e+01   3.0000000e+01   6.1415070e-16   1.0378125e-01   1.0378125e-01
   2.0000000e+01   3.0000000e+01   6.3022379e-16   1.0168750e-01   1.0168750e-01
   2.1000000e+01   3.0000000e+01   6.8063178e-16   1.0800000e-01   1.0800000e-01
   2.2000000e+01   3.0000000e+01   7.8483555e-16   1.2296875e-01   1.2296875e-01
   2.3000000e+01   3.0000000e+01   7.9907660e-16   1.2650000e-01   1.2650000e-01
   2.4000000e+01   3.0000000e+01   7.6282735e-16   1.2784375e-01   1.2784375e-01
   2.5000000e+01   3.0000000e+01   7.2115443e-16   1.2165625e-01   1.2165625e-01
   2.6000000e+01   3.0000000e+01   7.8063807e-16   1.1512500e-01   1.1512500e-01
   2.7000000e+01   3.0000000e+01   6.7211017e-16   1.0853125e-01   1.0853125e-01
   2.8000000e+01   3.0000000e+01   6.6526076e-16   1.0003125e-01   1.0003125e-01
   2.9000000e+01   3.0000000e+01   6.1042023e-16   9.4750000e-02   9.4750000e-02
   3.0000000e+01   3.0000000e+01   6.4815972e-16   1.0300000e-01   1.0300000e-01
   3.1000000e+01   3.0000000e+01   7.2385444e-16   1.0481250e-01   1.0481250e-01
   3.2000000e+01   3.0000000e+01   7.0475025e-16   1.0790625e-01   1.0790625e-01
   3.3000000e+01   3.0000000e+01   6.9669980e-16   1.0915625e-01   1.0915625e-01
   3.4000000e+01   3.0000000e+01   7.0547174e-16   1.0962500e-01   1.0962500e-01
   3.5000000e+01   3.0000000e+01   6.9684422e-16   1.0403125e-01   1.0403125e-01
   1.0000000e+00   3.1000000e+01   6.7933067e-16   1.0590625e-01   1.0590625e-01
   2.0000000e+00   3.1000000e+01   7.1925510e-16   1.0546875e-01   1.0546875e-01
   3.0000000e+00   3.1000000e+01   6.9119035e-16   1.0834375e-01   1.0834375e-01
   4.0000000e+00   3.1000000e+01   7.4205190e-16   1.1628125e-01   1.1628125e-01
   5.0000000e+00   3.1000000e+01   7.2931400e-16   1.2200000e-01   1.2200000e-01
   6.0000000e+00   3.1000000e+01   7.9530919e-16   1.2843750e-01   1.2843750e-01
   7.0000000e+00   3.1000000e+01   8.6165301e-16   1.3071875e-01   1.3071875e-01
   8.0000000e+00   3.1000000e+01   8.5358143e-16   1.2950000e-01   1.2950000e-01
   9.0000000e+00   3.1000000e+01   7.9953948e-16   1.2843750e-01   1.2843750e-01
   1.0000000e+01   3.1000000e+01   7.4899249e-16   1.2159375e-01   1.2159375e-01
   1.1000000e+01   3.1000000e+01   6.9247425e-16   1.1062500e-01   1.1062500e-01
   1.2000000e+01   3.1000000e+01   6.3622344e-16   1.0393750e-01   1.0393750e-01
   1.3000000e+01   3.1000000e+01   6.0446739e-16   1.0075000e-01   1.0075000e-01
   1.4000000e+01   3.1000000e+01   6.8357540e-16   1.0237500e-01   1.0237500e-01
   1.5000000e+01   3.1000000e+01   6.6867217e-16   1.0800000e-01   1.0800000e-01
   1.6000000e+01   3.1000000e+01   7.2229183e-16   1.1062500e-01   1.1062500e-01
   1.7000000e+01   3.1000000e+01   7.2688557e-16   1.0981250e-01   1.0981250e-01
   1.8000000e+01   3.1000000e+01   7.1052617e-16   1.0684375e-01   1.0684375e-01
   1.9000000e+01   3.1000000e+01   7.1005268e-16   1.0450000e-01   1.0450000e-01
   2.0000000e+01   3.1000000e+01   7.1834921e-16   1.1012500e-01   1.1012500e-01
   2.1000000e+01   3.1000000e+01   7.7063077e-16   1.1662500e-01   1.1662500e-01
   2.2000000e+01   3.1000000e+01   7.5422985e-16   1.2550000e-01   1.2550000e-01
   2.3000000e+01   3.1000000e+01   7.6486377e-16   1.3103125e-01   1.3103125e-01
   2.4000000e+01   3.1000000e+01   7.9296580e-16   1.3121875e-01   1.3121875e-01
   2.5000000e+01   3.1000000e+01   7.3093065e-16   1.2600000e-01   1.2600000e-01
   2.6000000e+01   3.1000000e+01   7.5681735e-16   1.2093750e-01   1.2093750e-01
   2.7000000e+01   3.1000000e+01   7.7447770e-16   1.1075000e-01   1.1075000e-01
   2.8000000e+01   3.1000000e+01   6.1144968e-16   1.0118750e-01   1.0118750e-01
   2.9000000e+01   3.1000000e+01   6.4950051e-16   1.0134375e-01   1.0134375e-01
   3.0000000e+01   3.1000000e+01   6.5072194e-16   1.0221875e-01   1.0221875e-01
   3.1000000e+01   3.1000000e+01   7.0205343e-16   1.0753125e-01   1.0753125e-01
   3.2000000e+01   3.1000000e+01   6.6397856e-16   1.0650000e-01   1.0650000e-01
   3.3000000e+01   3.1000000e+01   6.6634829e-16   1.0896875e-01   1.0896875e-01
   3.4000000e+01   3.1000000e+01   6.8302402e-16   1.0478125e-01   1.0478125e-01
   3.5000000e+01   3.1000000e+01   6.2923125e-16   1.0331250e-01   1.0331250e-01
   1.0000000e+00   3.2000000e+01   6.6225383e-16   1.0190625e-01   1.0190625e-01
   2.0000000e+00   3.2000000e+01   6.4808801e-16   1.0431250e-01   1.0431250e-01
   3.0000000e+00   3.2000000e+01   6.3276452e-16   1.0793750e-01   1.0793750e-01
   4.0000000e+00   3.2000000e+01   7.2789245e-16   1.1771875e-01   1.1771875e-01
   5.0000000e+00   3.2000000e+01   7.4832851e-16   1.2312500e-01   1.2312500e-01
   6.0000000e+00   3.2000000e+01   8.1181640e-16   1.3225000e-01   1.3225000e-01
   7.0000000e+00   3.2000000e+01   9.1104077e-16   1.3546875e-01   1.3546875e-01
   8.0000000e+00   3.2000000e+01   8.7150272e-16   1.3146875e-01   1.3146875e-01
   9.0000000e+00   3.2000000e+01   8.8450622e-16   1.2971875e-01   1.2971875e-01
   1.0000000e+01   3.2000000e+01   7.6321023e-16   1.2434375e-01   1.2434375e-01
   1.1000000e+01   3.2000000e+01   7.5964716e-16   1.1925000e-01   1.1925000e-01
   1.2000000e+01   3.2000000e+01   7.1205315e-16   1.1071875e-01   1.1071875e-01
   1.3000000e+01   3.2000000e+01   6.4522973e-16   1.0787500e-01   1.0787500e-01
   1.4000000e+01   3.2000000e+01   6.7517069e-16   1.0746875e-01   1.0746875e-01
   1.5000000e+01   3.2000000e+01   7.0686380e-16   1.0168750e-01   1.0168750e-01
   1.6000000e+01   3.2000000e+01   6.8977837e-16   1.0446875e-01   1.0446875e-01
   1.7000000e+01   3.2000000e+01   6.0931741e-16   9.7937500e-02   9.7937500e-02
   1.8000000e+01   3.2000000e+01   6.2340686e-16   9.7312500e-02   9.7312500e-02
   1.9000000e+01   3.2000000e+01   6.5367757e-16   9.8968750e-02   9.8968750e-02
   2.0000000e+01   3.2000000e+01   7.3306769e-16   1.0815625e-01   1.0815625e-01
   2.1000000e+01   3.2000000e+01   7.3742139e-16   1.1809375e-01   1.1809375e-01
   2.2000000e+01   3.2000000e+01   7.2632128e-16   1.2578125e-01   1.2578125e-01
   2.3000000e+01   3.2000000e+01   8.2560266e-16   1.2996875e-01   1.2996875e-01
   2.4000000e+01   3.2000000e+01   8.3420765e-16   1.3646875e-01   1.3646875e-01
   2.5000000e+01   3.2000000e+01   8.0297912e-16   1.3359375e-01   1.3359375e-01
   2.6000000e+01   3.2000000e+01   7.6633171e-16   1.2712500e-01   1.2712500e-01
   2.7000000e+01   3.2000000e+01   7.4666095e-16   1.1525000e-01   1.1525000e-01
   2.8000000e+01   3.2000000e+01   6.6918922e-16   1.1096875e-01   1.1096875e-01
   2.9000000e+01   3.2000000e+01   6.3563118e-16   1.0518750e-01   1.0518750e-01
   3.0000000e+01   3.2000000e+01   7.2544727e-16   1.0665625e-01   1.0665625e-01
   3.1000000e+01   3.2000000e+01   6.1025438e-16   1.0265625e-01   1.0265625e-01
   3.2000000e+01   3.2000000e+01   6.3826696e-16   1.0162500e-01   1.0162500e-01
   3.3000000e+01   3.2000000e+01   6.5714801e-16   1.0434375e-01   1.0434375e-01
   3.4000000e+01   3.2000000e+01   6.0983261e-16   1.0071875e-01   1.0071875e-01
   3.5000000e+01   3.2000000e+01   6.5327878e-16   1.0231250e-01   1.0231250e-01
   1.0000000e+00   3.3000000e+01   6.2196738e-16   9.8468750e-02   9.8468750e-02
   2.0000000e+00   3.3000000e+01   6.4007835e-16   1.0571875e-01   1.0571875e-01
   3.0000000e+00   3.3000000e+01   7.1393414e-16   1.1106250e-01   1.1106250e-01
   4.0000000e+00   3.3000000e+01   7.8175008e-16   1.1793750e-01   1.1793750e-01
   5.0000000e+00   3.3000000e+01   7.3329846e-16   1.2240625e-01   1.2240625e-01
   6.0000000e+00   3.3000000e+01   8.8585787e-16   1.3303125e-01   1.3303125e-01
   7.0000000e+00   3.3000000e+01   8.5468928e-16   1.4143750e-01   1.4143750e-01
   8.0000000e+00   3.3000000e+01   8.7916793e-16   1.4150000e-01   1.4150000e-01
   9.0000000e+00   3.3000000e+01   8.6852500e-16   1.4112500e-01   1.4112500e-01
   1.0000000e+01   3.3000000e+01   8.2119426e-16   1.3340625e-01   1.3340625e-01
   1.1000000e+01   3.3000000e+01   8.9317938e-16   1.2615625e-01   1.2615625e-01
   1.2000000e+01   3.3000000e+01   7.4409943e-16   1.2087500e-01   1.2087500e-01
   1.3000000e+01   3.3000000e+01   7.0952516e-16   1.1518750e-01   1.1518750e-01
   1.4000000e+01   3.3000000e+01   6.6723697e-16   1.1109375e-01   1.1109375e-01
   1.5000000e+01   3.3000000e+01   7.1789771e-16   1.1153125e-01   1.1153125e-01
   1.6000000e+01   3.3000000e+01   6.2152384e-16   1.0287500e-01   1.0287500e-01
   1.7000000e+01   3.3000000e+01   6.4939218e-16   9.8125000e-02   9.8125000e-02
   1.8000000e+01   3.3000000e+01   6.2836372e-16   1.0068750e-01   1.0068750e-01
   1.9000000e+01   3.3000000e+01   6.6311855e-16   1.0600000e-01   1.0600000e-01
   2.0000000e+01   3.3000000e+01   6.9744894e-16   1.1196875e-01   1.1196875e-01
   2.1000000e+01   3.3000000e+01   6.9641637e-16   1.1696875e-01   1.1696875e-01
   2.2000000e+01   3.3000000e+01   7.7823203e-16   1.2678125e-01   1.2678125e-01
   2.3000000e+01   3.3000000e+01   8.2009506e-16   1.3650000e-01   1.3650000e-01
   2.4000000e+01   3.3000000e+01   8.2757393e-16   1.3821875e-01   1.3821875e-01
   2.5000000e+01   3.3000000e+01   8.3415709e-16   1.4012500e-01   1.4012500e-01
   2.6000000e+01   3.3000000e+01   8.2829960e-16   1.3059375e-01   1.3059375e-01
   2.7000000e+01   3.3000000e+01   8.4865386e-16   1.2450000e-01   1.2450000e-01
   2.8000000e+01   3.3000000e+01   7.0798514e-16   1.2112500e-01   1.2112500e-01
   2.9000000e+01   3.3000000e+01   7.0846693e-16   1.1509375e-01   1.1509375e-01
   3.0000000e+01   3.3000000e+01   6.9367434e-16   1.1109375e-01   1.1109375e-01
   3.1000000e+01   3.3000000e+01   7.1703175e-16   1.0946875e-01   1.0946875e-01
   3.2000000e+01   3.3000000e+01   6.6091656e-16   1.0387500e-01   1.0387500e-01
   3.3000000e+01   3.3000000e+01   5.7728194e-16   9.7375000e-02   9.7375000e-02
   3.4000000e+01   3.3000000e+01   6.2157512e-16   9.5937500e-02   9.5937500e-02
   3.5000000e+01   3.3000000e+01   6.0476561e-16   1.0015625e-01   1.0015625e-01
   1.0000000e+00   3.4000000e+01   6.1489829e-16   1.0506250e-01   1.0506250e-01
   2.0000000e+00   3.4000000e+01   6.7008461e-16   1.1040625e-01   1.1040625e-01
   3.0000000e+00   3.4000000e+01   6.9603138e-16   1.1212500e-01   1.1212500e-01
   4.0000000e+00   3.4000000e+01   7.0499232e-16   1.1675000e-01   1.1675000e-01
   5.0000000e+00   3.4000000e+01   8.1589582e-16   1.2890625e-01   1.2890625e-01
   6.0000000e+00   3.4000000e+01   9.5913176e-16   1.3934375e-01   1.3934375e-01
   7.0000000e+00   3.4000000e+01   1.0141206e-15   1.4381250e-01   1.4381250e-01
   8.0000000e+00   3.4000000e+01   9.2013558e-16   1.4543750e-01   1.4543750e-01
   9.0000000e+00   3.4000000e+01   8.8580559e-16   1.4746875e-01   1.4746875e-01
   1.0000000e+01   3.4000000e+01   8.7758984e-16   1.4443750e-01   1.4443750e-01
   1.1000000e+01   3.4000000e+01   8.3546060e-16   1.4053125e-01   1.4053125e-01
   1.2000000e+01   3.4000000e+01   8.4410296e-16   1.3059375e-01   1.3059375e-01
   1.3000000e+01   3.4000000e+01   7.1299866e-16   1.2068750e-01   1.2068750e-01
   1.4000000e+01   3.4000000e+01   7.5148547e-16   1.1431250e-01   1.1431250e-01
   1.5000000e+01   3.4000000e+01   6.9041398e-16   1.0781250e-01   1.0781250e-01
   1.6000000e+01   3.4000000e+01   6.7685175e-16   1.0681250e-01   1.0681250e-01
   1.7000000e+01   3.4000000e+01   6.8987088e-16   1.0581250e-01   1.0581250e-01
   1.8000000e+01   3.4000000e+01   6.5033333e-16   1.0568750e-01   1.0568750e-01
   1.9000000e+01   3.4000000e+01   6.5895531e-16   1.0878125e-01   1.0878125e-01
   2.0000000e+01   3.4000000e+01   6.6507464e-16   1.0756250e-01   1.0756250e-01
   2.1000000e+01   3.4000000e+01   7.5720549e-16   1.2081250e-01   1.2081250e-01
   2.2000000e+01   3.4000000e+01   8.3497787e-16   1.3271875e-01   1.3271875e-01
   2.3000000e+01   3.4000000e+01   9.2544243e-16   1.4403125e-01   1.4403125e-01
   2.4000000e+01   3.4000000e+01   1.0125085e-15   1.4462500e-01   1.4462500e-01
   2.5000000e+01   3.4000000e+01   8.3806530e-16   1.4412500e-01   1.4412500e-01
   2.6000000e+01   3.4000000e+01   9.1533426e-16   1.4540625e-01   1.4540625e-01
   2.7000000e+01   3.4000000e+01   8.1144874e-16   1.3953125e-01   1.3953125e-01
   2.8000000e+01   3.4000000e+01   8.1737119e-16   1.3337500e-01   1.3337500e-01
   2.9000000e+01   3.4000000e+01   7.6214837e-16   1.2503125e-01   1.2503125e-01
   3.0000000e+01   3.4000000e+01   6.7964687e-16   1.1393750e-01   1.1393750e-01
   3.1000000e+01   3.4000000e+01   6.9762205e-16   1.1121875e-01   1.1121875e-01
   3.2000000e+01   3.4000000e+01   6.7496644e-16   1.0265625e-01   1.0265625e-01
   3.3000000e+01   3.4000000e+01   6.2687442e-16   1.0128125e-01   1.0128125e-01
   3.4000000e+01   3.4000000e+01   6.7810831e-16   1.0468750e-01   1.0468750e-01
   3.5000000e+01   3.4000000e+01   6.5039085e-16   1.0887500e-01   1.0887500e-01
   1.0000000e+00   3.5000000e+01   7.4133441e-16   1.0943750e-01   1.0943750e-01
   2.0000000e+00   3.5000000e+01   7.2413741e-16   1.0850000e-01   1.0850000e-01
   3.0000000e+00   3.5000000e+01   6.9167139e-16   1.1565625e-01   1.1565625e-01
   4.0000000e+00   3.5000000e+01   8.1836606e-16   1.2603125e-01   1.2603125e-01
   5.0000000e+00   3.5000000e+01   8.1053407e-16   1.3487500e-01   1.3487500e-01
   6.0000000e+00   3.5000000e+01   9.5643689e-16   1.5146875e-01   1.5146875e-01
   7.0000000e+00   3.5000000e+01   1.0144480e-15   1.5828125e-01   1.5828125e-01
   8.0000000e+00   3.5000000e+01   9.9003076e-16   1.5896875e-01   1.5896875e-01
   9.0000000e+00   3.5000000e+01   1.0909269e-15   1.5184375e-01   1.5184375e-01
   1.0000000e+01   3.5000000e+01   9.3429423e-16   1.5056250e-01   1.5056250e-01
   1.1000000e+01   3.5000000e+01   8.7973097e-16   1.4437500e-01   1.4437500e-01
   1.2000000e+01   3.5000000e+01   8.5595433e-16   1.3784375e-01   1.3784375e-01
   1.3000000e+01   3.5000000e+01   7.8122619e-16   1.2853125e-01   1.2853125e-01
   1.4000000e+01   3.5000000e+01   7.5170528e-16   1.2206250e-01   1.2206250e-01
   1.5000000e+01   3.5000000e+01   7.3129563e-16   1.1731250e-01   1.1731250e-01
   1.6000000e+01   3.5000000e+01   7.3220590e-16   1.0884375e-01   1.0884375e-01
   1.7000000e+01   3.5000000e+01   7.5110740e-16   1.0740625e-01   1.0740625e-01
   1.8000000e+01   3.5000000e+01   7.2405508e-16   1.0493750e-01   1.0493750e-01
   1.9000000e+01   3.5000000e+01   7.3989209e-16   1.0856250e-01   1.0856250e-01
   2.0000000e+01   3.5000000e+01   7.4518437e-16   1.1518750e-01   1.1518750e-01
   2.1000000e+01   3.5000000e+01   8.0111673e-16   1.2853125e-01   1.2853125e-01
   2.2000000e+01   3.5000000e+01   9.1085294e-16   1.4093750e-01   1.4093750e-01
   2.3000000e+01   3.5000000e+01   9.3670323e-16   1.5200000e-01   1.5200000e-01
   2.4000000e+01   3.5000000e+01   1.0044757e-15   1.5796875e-01   1.5796875e-01
   2.5000000e+01   3.5000000e+01   9.1068270e-16   1.5309375e-01   1.5309375e-01
   2.6000000e+01   3.5000000e+01   8.9795782e-16   1.4846875e-01   1.4846875e-01
   2.7000000e+01   3.5000000e+01   8.9179446e-16   1.4656250e-01   1.4656250e-01
   2.8000000e+01   3.5000000e+01   8.5416189e-16   1.3975000e-01   1.3975000e-01
   2.9000000e+01   3.5000000e+01   8.1218504e-16   1.3156250e-01   1.3156250e-01
   3.0000000e+01   3.5000000e+01   7.4110546e-16   1.1615625e-01   1.1615625e-01
   3.1000000e+01   3.5000000e+01   7.4650490e-16   1.1406250e-01   1.1406250e-01
   3.2000000e+01   3.5000000e+01   6.8838102e-16   1.1162500e-01   1.1162500e-01
   3.3000000e+01   3.5000000e+01   6.7967633e-16   1.0918750e-01   1.0918750e-01
   3.4000000e+01   3.5000000e+01   7.5048930e-16   1.0950000e-01   1.0950000e-01
   3.5000000e+01   3.5000000e+01   6.8987270e-16   1.1175000e-01   1.1175000e-01
