   1.0000000e+00   1.0000000e+00   4.8807673e-15   6.5871875e-01   6.5871875e-01
   2.0000000e+00   1.0000000e+00   4.8394939e-15   6.3500000e-01   6.3500000e-01
   3.0000000e+00   1.0000000e+00   4.7202651e-15   6.1040625e-01   6.1040625e-01
   4.0000000e+00   1.0000000e+00   4.6060088e-15   5.9196875e-01   5.9196875e-01
   5.0000000e+00   1.0000000e+00   4.4700034e-15   5.8050000e-01   5.8050000e-01
   6.0000000e+00   1.0000000e+00   4.2317179e-15   5.6812500e-01   5.6812500e-01
   7.0000000e+00   1.0000000e+00   4.0490380e-15   5.4587500e-01   5.4587500e-01
   8.0000000e+00   1.0000000e+00   3.9100419e-15   5.2428125e-01   5.2428125e-01
   9.0000000e+00   1.0000000e+00   4.0735907e-15   5.3096875e-01   5.3096875e-01
   1.0000000e+01   1.0000000e+00   4.3213184e-15   5.6990625e-01   5.6990625e-01
   1.1000000e+01   1.0000000e+00   4.7814600e-15   6.2918750e-01   6.2918750e-01
   1.2000000e+01   1.0000000e+00   5.0233180e-15   6.7300000e-01   6.7300000e-01
   1.3000000e+01   1.0000000e+00   5.3651617e-15   7.0728125e-01   7.0728125e-01
   1.4000000e+01   1.0000000e+00   5.4556296e-15   7.2421875e-01   7.2421875e-01
   1.5000000e+01   1.0000000e+00   5.4894306e-15   7.1181250e-01   7.1181250e-01
   1.6000000e+01   1.0000000e+00   5.3687846e-15   7.0118750e-01   7.0118750e-01
   1.7000000e+01   1.0000000e+00   5.0934214e-15   6.7546875e-01   6.7546875e-01
   1.8000000e+01   1.0000000e+00   4.9371727e-15   6.5984375e-01   6.5984375e-01
   1.9000000e+01   1.0000000e+00   4.8770006e-15   6.2703125e-01   6.2703125e-01
   2.0000000e+01   1.0000000e+00   4.6019371e-15   6.0778125e-01   6.0778125e-01
   2.1000000e+01   1.0000000e+00   4.4313050e-15   5.8981250e-01   5.8981250e-01
   2.2000000e+01   1.0000000e+00   4.2721684e-15   5.6853125e-01   5.6853125e-01
   2.3000000e+01   1.0000000e+00   4.2538315e-15   5.5543750e-01   5.5543750e-01
   2.4000000e+01   1.0000000e+00   4.0706568e-15   5.3612500e-01   5.3612500e-01
   2.5000000e+01   1.0000000e+00   3.9564408e-15   5.2375000e-01   5.2375000e-01
   2.6000000e+01   1.0000000e+00   4.2151897e-15   5.4625000e-01   5.4625000e-01
   2.7000000e+01   1.0000000e+00   4.5771370e-15   6.0125000e-01   6.0125000e-01
   2.8000000e+01   1.0000000e+00   4.8913676e-15   6.5131250e-01   6.5131250e-01
   2.9000000e+01   1.0000000e+00   5.3367417e-15   6.9446875e-01   6.9446875e-01
   3.0000000e+01   1.0000000e+00   5.6010204e-15   7.1587500e-01   7.1587500e-01
   3.1000000e+01   1.0000000e+00   5.4373262e-15   7.1681250e-01   7.1681250e-01
   3.2000000e+01   1.0000000e+00   5.2759460e-15   7.0168750e-01   7.0168750e-01
   3.3000000e+01   1.0000000e+00   5.1420613e-15   6.8025000e-01   6.8025000e-01
   3.4000000e+01   1.0000000e+00   5.0080944e-15   6.5171875e-01   6.5171875e-01
   3.5000000e+01   1.0000000e+00   4.6970694e-15   6.2343750e-01   6.2343750e-01
   1.0000000e+00   2.0000000e+00   5.0870845e-15   6.6309375e-01   6.6309375e-01
   2.0000000e+00   2.0000000e+00   4.9879491e-15   6.4743750e-01   6.4743750e-01
   3.0000000e+00   2.0000000e+00   4.6471936e-15   6.3081250e-01   6.3081250e-01
   4.0000000e+00   2.0000000e+00   4.7092146e-15   6.1390625e-01   6.1390625e-01
   5.0000000e+00   2.0000000e+00   4.4939242e-15   5.9506250e-01   5.9506250e-01
   6.0000000e+00   2.0000000e+00   4.2980606e-15   5.7884375e-01   5.7884375e-01
   7.0000000e+00   2.0000000e+00   4.3017388e-15   5.5575000e-01   5.5575000e-01
   8.0000000e+00   2.0000000e+00   4.0388763e-15   5.3250000e-01   5.3250000e-01
   9.0000000e+00   2.0000000e+00   4.0028221e-15   5.4731250e-01   5.4731250e-01
   1.0000000e+01   2.0000000e+00   4.5503446e-15   5.9221875e-01   5.9221875e-01
   1.1000000e+01   2.0000000e+00   4.8818990e-15   6.4590625e-01   6.4590625e-01
   1.2000000e+01   2.0000000e+00   5.1415578e-15   6.8990625e-01   6.8990625e-01
   1.3000000e+01   2.0000000e+00   5.3920610e-15   7.1031250e-01   7.1031250e-01
   1.4000000e+01   2.0000000e+00   5.5710534e-15   7.2365625e-01   7.2365625e-01
   1.5000000e+01   2.0000000e+00   5.4497079e-15   7.2103125e-01   7.2103125e-01
   1.6000000e+01   2.0000000e+00   5.3386234e-15   7.0184375e-01   7.0184375e-01
   1.7000000e+01   2.0000000e+00   5.1858554e-15   6.7912500e-01   6.7912500e-01
   1.8000000e+01   2.0000000e+00   4.9441321e-15   6.6434375e-01   6.6434375e-01
   1.9000000e+01   2.0000000e+00   4.8378814e-15   6.3946875e-01   6.3946875e-01
   2.0000000e+01   2.0000000e+00   4.7683609e-15   6.2525000e-01   6.2525000e-01
   2.1000000e+01   2.0000000e+00   4.5022327e-15   6.0346875e-01   6.0346875e-01
   2.2000000e+01   2.0000000e+00   4.4796202e-15   5.8753125e-01   5.8753125e-01
   2.3000000e+01   2.0000000e+00   4.3529387e-15   5.6815625e-01   5.6815625e-01
   2.4000000e+01   2.0000000e+00   4.0723438e-15   5.4078125e-01   5.4078125e-01
   2.5000000e+01   2.0000000e+00   4.0447031e-15   5.3715625e-01   5.3715625e-01
   2.6000000e+01   2.0000000e+00   4.3911509e-15   5.6871875e-01   5.6871875e-01
   2.7000000e+01   2.0000000e+00   4.7061017e-15   6.2143750e-01   6.2143750e-01
   2.8000000e+01   2.0000000e+00   5.0198005e-15   6.6850000e-01   6.6850000e-01
   2.9000000e+01   2.0000000e+00   5.4780822e-15   7.0171875e-01   7.0171875e-01
   3.0000000e+01   2.0000000e+00   5.6000708e-15   7.2306250e-01   7.2306250e-01
   3.1000000e+01   2.0000000e+00   5.5337752e-15   7.2315625e-01   7.2315625e-01
   3.2000000e+01   2.0000000e+00   5.3821572e-15   7.0950000e-01   7.0950000e-01
   3.3000000e+01   2.0000000e+00   5.1440557e-15   6.9050000e-01   6.9050000e-01
   3.4000000e+01   2.0000000e+00   5.0885215e-15   6.6293750e-01   6.6293750e-01
   3.5000000e+01   2.0000000e+00   4.9316782e-15   6.4659375e-01   6.4659375e-01
   1.0000000e+00   3.0000000e+00   5.1223077e-15   6.7015625e-01   6.7015625e-01
   2.0000000e+00   3.0000000e+00   4.9908566e-15   6.5215625e-01   6.5215625e-01
   3.0000000e+00   3.0000000e+00   4.7858264e-15   6.3462500e-01   6.3462500e-01
   4.0000000e+00   3.0000000e+00   4.7669067e-15   6.1565625e-01   6.1565625e-01
   5.0000000e+00   3.0000000e+00   4.6501676e-15   5.9937500e-01   5.9937500e-01
   6.0000000e+00   3.0000000e+00   4.5302928e-15   5.8709375e-01   5.8709375e-01
   7.0000000e+00   3.0000000e+00   4.2733268e-15   5.6328125e-01   5.6328125e-01
   8.0000000e+00   3.0000000e+00   4.0873642e-15   5.4356250e-01   5.4356250e-01
   9.0000000e+00   3.0000000e+00   4.1832953e-15   5.5706250e-01   5.5706250e-01
   1.0000000e+01   3.0000000e+00   4.4804052e-15   6.0187500e-01   6.0187500e-01
   1.1000000e+01   3.0000000e+00   4.8114566e-15   6.4559375e-01   6.4559375e-01
   1.2000000e+01   3.0000000e+00   5.1505546e-15   6.8575000e-01   6.8575000e-01
   1.3000000e+01   3.0000000e+00   5.3720080e-15   7.0734375e-01   7.0734375e-01
   1.4000000e+01   3.0000000e+00   5.6408039e-15   7.2153125e-01   7.2153125e-01
   1.5000000e+01   3.0000000e+00   5.5525491e-15   7.1556250e-01   7.1556250e-01
   1.6000000e+01   3.0000000e+00   5.4320783e-15   7.0753125e-01   7.0753125e-01
   1.7000000e+01   3.0000000e+00   5.2049261e-15   6.8265625e-01   6.8265625e-01
   1.8000000e+01   3.0000000e+00   4.9487165e-15   6.6415625e-01   6.6415625e-01
   1.9000000e+01   3.0000000e+00   4.8860784e-15   6.4787500e-01   6.4787500e-01
   2.0000000e+01   3.0000000e+00   4.6871474e-15   6.2503125e-01   6.2503125e-01
   2.1000000e+01   3.0000000e+00   4.6624710e-15   6.0793750e-01   6.0793750e-01
   2.2000000e+01   3.0000000e+00   4.5926912e-15   5.9337500e-01   5.9337500e-01
   2.3000000e+01   3.0000000e+00   4.5075884e-15   5.7456250e-01   5.7456250e-01
   2.4000000e+01   3.0000000e+00   4.2752273e-15   5.5043750e-01   5.5043750e-01
   2.5000000e+01   3.0000000e+00   4.0356790e-15   5.4787500e-01   5.4787500e-01
   2.6000000e+01   3.0000000e+00   4.4221872e-15   5.8393750e-01   5.8393750e-01
   2.7000000e+01   3.0000000e+00   4.7709362e-15   6.2540625e-01   6.2540625e-01
   2.8000000e+01   3.0000000e+00   5.2179613e-15   6.6721875e-01   6.6721875e-01
   2.9000000e+01   3.0000000e+00   5.4197132e-15   6.9693750e-01   6.9693750e-01
   3.0000000e+01   3.0000000e+00   5.6110541e-15   7.1878125e-01   7.1878125e-01
   3.1000000e+01   3.0000000e+00   5.4817331e-15   7.1771875e-01   7.1771875e-01
   3.2000000e+01   3.0000000e+00   5.2498129e-15   7.1196875e-01   7.1196875e-01
   3.3000000e+01   3.0000000e+00   5.1886324e-15   6.8881250e-01   6.8881250e-01
   3.4000000e+01   3.0000000e+00   5.1587285e-15   6.7115625e-01   6.7115625e-01
   3.5000000e+01   3.0000000e+00   4.8953333e-15   6.5134375e-01   6.5134375e-01
   1.0000000e+00   4.0000000e+00   4.9556977e-15   6.7078125e-01   6.7078125e-01
   2.0000000e+00   4.0000000e+00   4.7594191e-15   6.4850000e-01   6.4850000e-01
   3.0000000e+00   4.0000000e+00   4.7583103e-15   6.3550000e-01   6.3550000e-01
   4.0000000e+00   4.0000000e+00   4.7206967e-15   6.1943750e-01   6.1943750e-01
   5.0000000e+00   4.0000000e+00   4.6156729e-15   6.0018750e-01   6.0018750e-01
   6.0000000e+00   4.0000000e+00   4.5543125e-15   5.8475000e-01   5.8475000e-01
   7.0000000e+00   4.0000000e+00   4.2847655e-15   5.6318750e-01   5.6318750e-01
   8.0000000e+00   4.0000000e+00   4.2157366e-15   5.4587500e-01   5.4587500e-01
   9.0000000e+00   4.0000000e+00   4.2190823e-15   5.6131250e-01   5.6131250e-01
   1.0000000e+01   4.0000000e+00   4.5286923e-15   6.0596875e-01   6.0596875e-01
   1.1000000e+01   4.0000000e+00   4.8795929e-15   6.4059375e-01   6.4059375e-01
   1.2000000e+01   4.0000000e+00   5.2915344e-15   6.7440625e-01   6.7440625e-01
   1.3000000e+01   4.0000000e+00   5.3206192e-15   6.9884375e-01   6.9884375e-01
   1.4000000e+01   4.0000000e+00   5.4165621e-15   7.1200000e-01   7.1200000e-01
   1.5000000e+01   4.0000000e+00   5.4164439e-15   7.1200000e-01   7.1200000e-01
   1.6000000e+01   4.0000000e+00   5.3713995e-15   6.9575000e-01   6.9575000e-01
   1.7000000e+01   4.0000000e+00   5.2851008e-15   6.8212500e-01   6.8212500e-01
   1.8000000e+01   4.0000000e+00   5.0556304e-15   6.6418750e-01   6.6418750e-01
   1.9000000e+01   4.0000000e+00   4.8343213e-15   6.4281250e-01   6.4281250e-01
   2.0000000e+01   4.0000000e+00   4.6582553e-15   6.1993750e-01   6.1993750e-01
   2.1000000e+01   4.0000000e+00   4.7211404e-15   6.1118750e-01   6.1118750e-01
   2.2000000e+01   4.0000000e+00   4.5453758e-15   5.9825000e-01   5.9825000e-01
   2.3000000e+01   4.0000000e+00   4.3125952e-15   5.7678125e-01   5.7678125e-01
   2.4000000e+01   4.0000000e+00   4.2160956e-15   5.5087500e-01   5.5087500e-01
   2.5000000e+01   4.0000000e+00   4.1136989e-15   5.4612500e-01   5.4612500e-01
   2.6000000e+01   4.0000000e+00   4.4319117e-15   5.8137500e-01   5.8137500e-01
   2.7000000e+01   4.0000000e+00   4.8950699e-15   6.2128125e-01   6.2128125e-01
   2.8000000e+01   4.0000000e+00   5.0877088e-15   6.6293750e-01   6.6293750e-01
   2.9000000e+01   4.0000000e+00   5.2764908e-15   6.9509375e-01   6.9509375e-01
   3.0000000e+01   4.0000000e+00   5.4834935e-15   7.0321875e-01   7.0321875e-01
   3.1000000e+01   4.0000000e+00   5.5028298e-15   7.1078125e-01   7.1078125e-01
   3.2000000e+01   4.0000000e+00   5.3269004e-15   7.0993750e-01   7.0993750e-01
   3.3000000e+01   4.0000000e+00   5.2127030e-15   6.8581250e-01   6.8581250e-01
   3.4000000e+01   4.0000000e+00   5.1244394e-15   6.6750000e-01   6.6750000e-01
   3.5000000e+01   4.0000000e+00   4.8572076e-15   6.5003125e-01   6.5003125e-01
   1.0000000e+00   5.0000000e+00   4.9414308e-15   6.5596875e-01   6.5596875e-01
   2.0000000e+00   5.0000000e+00   4.8891146e-15   6.3968750e-01   6.3968750e-01
   3.0000000e+00   5.0000000e+00   4.5353184e-15   6.1696875e-01   6.1696875e-01
   4.0000000e+00   5.0000000e+00   4.5227375e-15   6.0840625e-01   6.0840625e-01
   5.0000000e+00   5.0000000e+00   4.5711491e-15   5.9778125e-01   5.9778125e-01
   6.0000000e+00   5.0000000e+00   4.5264360e-15   5.8056250e-01   5.8056250e-01
   7.0000000e+00   5.0000000e+00   4.1793957e-15   5.5500000e-01   5.5500000e-01
   8.0000000e+00   5.0000000e+00   4.0914251e-15   5.3518750e-01   5.3518750e-01
   9.0000000e+00   5.0000000e+00   4.1258000e-15   5.5525000e-01   5.5525000e-01
   1.0000000e+01   5.0000000e+00   4.3690441e-15   5.9078125e-01   5.9078125e-01
   1.1000000e+01   5.0000000e+00   4.8350444e-15   6.3690625e-01   6.3690625e-01
   1.2000000e+01   5.0000000e+00   4.9588937e-15   6.6456250e-01   6.6456250e-01
   1.3000000e+01   5.0000000e+00   5.1846832e-15   6.8409375e-01   6.8409375e-01
   1.4000000e+01   5.0000000e+00   5.2206246e-15   6.9265625e-01   6.9265625e-01
   1.5000000e+01   5.0000000e+00   5.3187786e-15   6.8962500e-01   6.8962500e-01
   1.6000000e+01   5.0000000e+00   5.3144251e-15   6.8246875e-01   6.8246875e-01
   1.7000000e+01   5.0000000e+00   5.0430637e-15   6.6609375e-01   6.6609375e-01
   1.8000000e+01   5.0000000e+00   5.0297805e-15   6.4753125e-01   6.4753125e-01
   1.9000000e+01   5.0000000e+00   4.7903041e-15   6.2587500e-01   6.2587500e-01
   2.0000000e+01   5.0000000e+00   4.6870054e-15   6.0890625e-01   6.0890625e-01
   2.1000000e+01   5.0000000e+00   4.5014118e-15   5.9884375e-01   5.9884375e-01
   2.2000000e+01   5.0000000e+00   4.3540392e-15   5.8121875e-01   5.8121875e-01
   2.3000000e+01   5.0000000e+00   4.3418879e-15   5.6684375e-01   5.6684375e-01
   2.4000000e+01   5.0000000e+00   4.1159721e-15   5.4190625e-01   5.4190625e-01
   2.5000000e+01   5.0000000e+00   4.1424529e-15   5.4146875e-01   5.4146875e-01
   2.6000000e+01   5.0000000e+00   4.3180496e-15   5.6328125e-01   5.6328125e-01
   2.7000000e+01   5.0000000e+00   4.8313108e-15   6.1340625e-01   6.1340625e-01
   2.8000000e+01   5.0000000e+00   5.0750181e-15   6.5134375e-01   6.5134375e-01
   2.9000000e+01   5.0000000e+00   5.2720200e-15   6.7675000e-01   6.7675000e-01
   3.0000000e+01   5.0000000e+00   5.2400279e-15   6.9043750e-01   6.9043750e-01
   3.1000000e+01   5.0000000e+00   5.3777334e-15   6.9712500e-01   6.9712500e-01
   3.2000000e+01   5.0000000e+00   5.2281693e-15   6.9384375e-01   6.9384375e-01
   3.3000000e+01   5.0000000e+00   5.0693940e-15   6.7596875e-01   6.7596875e-01
   3.4000000e+01   5.0000000e+00   5.0314229e-15   6.5890625e-01   6.5890625e-01
   3.5000000e+01   5.0000000e+00   4.7512850e-15   6.2696875e-01   6.2696875e-01
   1.0000000e+00   6.0000000e+00   4.8857715e-15   6.3746875e-01   6.3746875e-01
   2.0000000e+00   6.0000000e+00   4.7247180e-15   6.1262500e-01   6.1262500e-01
   3.0000000e+00   6.0000000e+00   4.4578245e-15   5.8537500e-01   5.8537500e-01
   4.0000000e+00   6.0000000e+00   4.4636369e-15   5.8462500e-01   5.8462500e-01
   5.0000000e+00   6.0000000e+00   4.3380622e-15   5.7465625e-01   5.7465625e-01
   6.0000000e+00   6.0000000e+00   4.2283519e-15   5.5568750e-01   5.5568750e-01
   7.0000000e+00   6.0000000e+00   4.0293746e-15   5.3081250e-01   5.3081250e-01
   8.0000000e+00   6.0000000e+00   3.8492506e-15   5.0971875e-01   5.0971875e-01
   9.0000000e+00   6.0000000e+00   3.9944316e-15   5.2228125e-01   5.2228125e-01
   1.0000000e+01   6.0000000e+00   4.2342259e-15   5.6768750e-01   5.6768750e-01
   1.1000000e+01   6.0000000e+00   4.6126927e-15   6.1065625e-01   6.1065625e-01
   1.2000000e+01   6.0000000e+00   4.9199586e-15   6.4343750e-01   6.4343750e-01
   1.3000000e+01   6.0000000e+00   5.1646041e-15   6.6071875e-01   6.6071875e-01
   1.4000000e+01   6.0000000e+00   5.1869316e-15   6.7434375e-01   6.7434375e-01
   1.5000000e+01   6.0000000e+00   5.1704093e-15   6.6896875e-01   6.6896875e-01
   1.6000000e+01   6.0000000e+00   4.9674069e-15   6.5553125e-01   6.5553125e-01
   1.7000000e+01   6.0000000e+00   4.8070572e-15   6.3881250e-01   6.3881250e-01
   1.8000000e+01   6.0000000e+00   4.6703708e-15   6.2637500e-01   6.2637500e-01
   1.9000000e+01   6.0000000e+00   4.6132765e-15   5.9837500e-01   5.9837500e-01
   2.0000000e+01   6.0000000e+00   4.5135412e-15   5.7796875e-01   5.7796875e-01
   2.1000000e+01   6.0000000e+00   4.4680763e-15   5.7312500e-01   5.7312500e-01
   2.2000000e+01   6.0000000e+00   4.2601281e-15   5.6228125e-01   5.6228125e-01
   2.3000000e+01   6.0000000e+00   4.1417486e-15   5.4259375e-01   5.4259375e-01
   2.4000000e+01   6.0000000e+00   3.8535966e-15   5.1184375e-01   5.1184375e-01
   2.5000000e+01   6.0000000e+00   3.9417901e-15   5.0906250e-01   5.0906250e-01
   2.6000000e+01   6.0000000e+00   4.2266251e-15   5.4306250e-01   5.4306250e-01
   2.7000000e+01   6.0000000e+00   4.6181953e-15   5.8790625e-01   5.8790625e-01
   2.8000000e+01   6.0000000e+00   4.9476698e-15   6.3121875e-01   6.3121875e-01
   2.9000000e+01   6.0000000e+00   5.1144223e-15   6.5921875e-01   6.5921875e-01
   3.0000000e+01   6.0000000e+00   5.1141041e-15   6.7256250e-01   6.7256250e-01
   3.1000000e+01   6.0000000e+00   5.1520332e-15   6.7984375e-01   6.7984375e-01
   3.2000000e+01   6.0000000e+00   5.0651277e-15   6.6990625e-01   6.6990625e-01
   3.3000000e+01   6.0000000e+00   4.9692439e-15   6.5356250e-01   6.5356250e-01
   3.4000000e+01   6.0000000e+00   4.8480289e-15   6.3131250e-01   6.3131250e-01
   3.5000000e+01   6.0000000e+00   4.6963062e-15   6.1146875e-01   6.1146875e-01
   1.0000000e+00   7.0000000e+00   4.5960522e-15   5.9375000e-01   5.9375000e-01
   2.0000000e+00   7.0000000e+00   4.3431203e-15   5.7471875e-01   5.7471875e-01
   3.0000000e+00   7.0000000e+00   4.2757224e-15   5.6228125e-01   5.6228125e-01
   4.0000000e+00   7.0000000e+00   4.2068383e-15   5.5575000e-01   5.5575000e-01
   5.0000000e+00   7.0000000e+00   4.1621104e-15   5.5081250e-01   5.5081250e-01
   6.0000000e+00   7.0000000e+00   3.9126548e-15   5.2521875e-01   5.2521875e-01
   7.0000000e+00   7.0000000e+00   3.7268161e-15   5.0462500e-01   5.0462500e-01
   8.0000000e+00   7.0000000e+00   3.6311313e-15   4.8478125e-01   4.8478125e-01
   9.0000000e+00   7.0000000e+00   3.7785958e-15   4.8721875e-01   4.8721875e-01
   1.0000000e+01   7.0000000e+00   4.0148916e-15   5.3309375e-01   5.3309375e-01
   1.1000000e+01   7.0000000e+00   4.4057193e-15   5.7459375e-01   5.7459375e-01
   1.2000000e+01   7.0000000e+00   4.6539559e-15   6.1568750e-01   6.1568750e-01
   1.3000000e+01   7.0000000e+00   4.8099450e-15   6.3734375e-01   6.3734375e-01
   1.4000000e+01   7.0000000e+00   4.8588255e-15   6.4546875e-01   6.4546875e-01
   1.5000000e+01   7.0000000e+00   4.9517996e-15   6.4134375e-01   6.4134375e-01
   1.6000000e+01   7.0000000e+00   4.7811622e-15   6.2200000e-01   6.2200000e-01
   1.7000000e+01   7.0000000e+00   4.5311701e-15   6.0165625e-01   6.0165625e-01
   1.8000000e+01   7.0000000e+00   4.4006803e-15   5.8790625e-01   5.8790625e-01
   1.9000000e+01   7.0000000e+00   4.2615847e-15   5.5690625e-01   5.5690625e-01
   2.0000000e+01   7.0000000e+00   4.2821109e-15   5.4993750e-01   5.4993750e-01
   2.1000000e+01   7.0000000e+00   4.1814164e-15   5.4621875e-01   5.4621875e-01
   2.2000000e+01   7.0000000e+00   4.0548527e-15   5.3425000e-01   5.3425000e-01
   2.3000000e+01   7.0000000e+00   3.9874563e-15   5.1718750e-01   5.1718750e-01
   2.4000000e+01   7.0000000e+00   3.8260900e-15   4.9231250e-01   4.9231250e-01
   2.5000000e+01   7.0000000e+00   3.7269747e-15   4.8065625e-01   4.8065625e-01
   2.6000000e+01   7.0000000e+00   3.8191469e-15   5.1243750e-01   5.1243750e-01
   2.7000000e+01   7.0000000e+00   4.3394353e-15   5.5606250e-01   5.5606250e-01
   2.8000000e+01   7.0000000e+00   4.6182818e-15   6.0050000e-01   6.0050000e-01
   2.9000000e+01   7.0000000e+00   4.7905936e-15   6.3190625e-01   6.3190625e-01
   3.0000000e+01   7.0000000e+00   4.8914811e-15   6.4625000e-01   6.4625000e-01
   3.1000000e+01   7.0000000e+00   4.9267688e-15   6.4525000e-01   6.4525000e-01
   3.2000000e+01   7.0000000e+00   4.7991671e-15   6.3481250e-01   6.3481250e-01
   3.3000000e+01   7.0000000e+00   4.5662979e-15   6.1496875e-01   6.1496875e-01
   3.4000000e+01   7.0000000e+00   4.4599689e-15   5.9512500e-01   5.9512500e-01
   3.5000000e+01   7.0000000e+00   4.4086770e-15   5.7696875e-01   5.7696875e-01
   1.0000000e+00   8.0000000e+00   3.9727053e-15   5.4625000e-01   5.4625000e-01
   2.0000000e+00   8.0000000e+00   4.0658454e-15   5.3543750e-01   5.3543750e-01
   3.0000000e+00   8.0000000e+00   3.9008900e-15   5.2071875e-01   5.2071875e-01
   4.0000000e+00   8.0000000e+00   3.8693009e-15   5.1912500e-01   5.1912500e-01
   5.0000000e+00   8.0000000e+00   3.7670159e-15   5.1078125e-01   5.1078125e-01
   6.0000000e+00   8.0000000e+00   3.8398487e-15   4.9340625e-01   4.9340625e-01
   7.0000000e+00   8.0000000e+00   3.6181989e-15   4.7446875e-01   4.7446875e-01
   8.0000000e+00   8.0000000e+00   3.3358200e-15   4.5325000e-01   4.5325000e-01
   9.0000000e+00   8.0000000e+00   3.4402853e-15   4.5490625e-01   4.5490625e-01
   1.0000000e+01   8.0000000e+00   3.7414772e-15   4.8981250e-01   4.8981250e-01
   1.1000000e+01   8.0000000e+00   4.0300569e-15   5.2643750e-01   5.2643750e-01
   1.2000000e+01   8.0000000e+00   4.2480146e-15   5.7287500e-01   5.7287500e-01
   1.3000000e+01   8.0000000e+00   4.5191301e-15   5.9131250e-01   5.9131250e-01
   1.4000000e+01   8.0000000e+00   4.5547480e-15   5.9903125e-01   5.9903125e-01
   1.5000000e+01   8.0000000e+00   4.4398793e-15   5.8971875e-01   5.8971875e-01
   1.6000000e+01   8.0000000e+00   4.3604727e-15   5.6965625e-01   5.6965625e-01
   1.7000000e+01   8.0000000e+00   4.1391180e-15   5.4365625e-01   5.4365625e-01
   1.8000000e+01   8.0000000e+00   3.8583255e-15   5.3375000e-01   5.3375000e-01
   1.9000000e+01   8.0000000e+00   3.8899652e-15   5.1625000e-01   5.1625000e-01
   2.0000000e+01   8.0000000e+00   3.8548882e-15   5.1253125e-01   5.1253125e-01
   2.1000000e+01   8.0000000e+00   3.7841146e-15   5.1043750e-01   5.1043750e-01
   2.2000000e+01   8.0000000e+00   3.8693208e-15   4.9690625e-01   4.9690625e-01
   2.3000000e+01   8.0000000e+00   3.5586754e-15   4.7521875e-01   4.7521875e-01
   2.4000000e+01   8.0000000e+00   3.3842599e-15   4.5965625e-01   4.5965625e-01
   2.5000000e+01   8.0000000e+00   3.5654626e-15   4.5706250e-01   4.5706250e-01
   2.6000000e+01   8.0000000e+00   3.5138229e-15   4.7456250e-01   4.7456250e-01
   2.7000000e+01   8.0000000e+00   3.8956391e-15   5.1762500e-01   5.1762500e-01
   2.8000000e+01   8.0000000e+00   4.2645016e-15   5.5587500e-01   5.5587500e-01
   2.9000000e+01   8.0000000e+00   4.3652309e-15   5.8340625e-01   5.8340625e-01
   3.0000000e+01   8.0000000e+00   4.7212903e-15   6.0590625e-01   6.0590625e-01
   3.1000000e+01   8.0000000e+00   4.5724351e-15   6.0684375e-01   6.0684375e-01
   3.2000000e+01   8.0000000e+00   4.3282667e-15   5.8496875e-01   5.8496875e-01
   3.3000000e+01   8.0000000e+00   4.2543910e-15   5.6662500e-01   5.6662500e-01
   3.4000000e+01   8.0000000e+00   4.1821362e-15   5.4537500e-01   5.4537500e-01
   3.5000000e+01   8.0000000e+00   4.0261212e-15   5.3368750e-01   5.3368750e-01
   1.0000000e+00   9.0000000e+00   3.6931905e-15   5.0787500e-01   5.0787500e-01
   2.0000000e+00   9.0000000e+00   3.8223378e-15   4.9934375e-01   4.9934375e-01
   3.0000000e+00   9.0000000e+00   3.6603399e-15   4.9103125e-01   4.9103125e-01
   4.0000000e+00   9.0000000e+00   3.4938752e-15   4.8334375e-01   4.8334375e-01
   5.0000000e+00   9.0000000e+00   3.5467389e-15   4.6528125e-01   4.6528125e-01
   6.0000000e+00   9.0000000e+00   3.4637763e-15   4.5756250e-01   4.5756250e-01
   7.0000000e+00   9.0000000e+00   3.2482680e-15   4.4568750e-01   4.4568750e-01
   8.0000000e+00   9.0000000e+00   3.3103763e-15   4.2978125e-01   4.2978125e-01
   9.0000000e+00   9.0000000e+00   3.2927354e-15   4.3743750e-01   4.3743750e-01
   1.0000000e+01   9.0000000e+00   3.4050493e-15   4.6659375e-01   4.6659375e-01
   1.1000000e+01   9.0000000e+00   3.8156304e-15   4.9953125e-01   4.9953125e-01
   1.2000000e+01   9.0000000e+00   4.1675189e-15   5.4081250e-01   5.4081250e-01
   1.3000000e+01   9.0000000e+00   4.1645170e-15   5.5975000e-01   5.5975000e-01
   1.4000000e+01   9.0000000e+00   4.2272661e-15   5.5662500e-01   5.5662500e-01
   1.5000000e+01   9.0000000e+00   4.1659318e-15   5.5096875e-01   5.5096875e-01
   1.6000000e+01   9.0000000e+00   3.9404264e-15   5.3000000e-01   5.3000000e-01
   1.7000000e+01   9.0000000e+00   3.8554789e-15   5.0871875e-01   5.0871875e-01
   1.8000000e+01   9.0000000e+00   3.7406599e-15   4.9756250e-01   4.9756250e-01
   1.9000000e+01   9.0000000e+00   3.5522015e-15   4.8825000e-01   4.8825000e-01
   2.0000000e+01   9.0000000e+00   3.6692167e-15   4.7753125e-01   4.7753125e-01
   2.1000000e+01   9.0000000e+00   3.6263676e-15   4.6512500e-01   4.6512500e-01
   2.2000000e+01   9.0000000e+00   3.4484033e-15   4.5759375e-01   4.5759375e-01
   2.3000000e+01   9.0000000e+00   3.3320353e-15   4.4575000e-01   4.4575000e-01
   2.4000000e+01   9.0000000e+00   3.3460335e-15   4.3359375e-01   4.3359375e-01
   2.5000000e+01   9.0000000e+00   3.2088723e-15   4.2875000e-01   4.2875000e-01
   2.6000000e+01   9.0000000e+00   3.3258420e-15   4.5675000e-01   4.5675000e-01
   2.7000000e+01   9.0000000e+00   3.6165633e-15   4.8421875e-01   4.8421875e-01
   2.8000000e+01   9.0000000e+00   3.9172599e-15   5.2503125e-01   5.2503125e-01
   2.9000000e+01   9.0000000e+00   4.1826425e-15   5.5396875e-01   5.5396875e-01
   3.0000000e+01   9.0000000e+00   4.2522260e-15   5.6153125e-01   5.6153125e-01
   3.1000000e+01   9.0000000e+00   4.0857965e-15   5.5796875e-01   5.5796875e-01
   3.2000000e+01   9.0000000e+00   4.0622228e-15   5.4546875e-01   5.4546875e-01
   3.3000000e+01   9.0000000e+00   3.9230145e-15   5.2200000e-01   5.2200000e-01
   3.4000000e+01   9.0000000e+00   3.7540090e-15   5.0653125e-01   5.0653125e-01
   3.5000000e+01   9.0000000e+00   3.6457010e-15   4.9668750e-01   4.9668750e-01
   1.0000000e+00   1.0000000e+01   3.6529759e-15   4.8550000e-01   4.8550000e-01
   2.0000000e+00   1.0000000e+01   3.5131786e-15   4.6778125e-01   4.6778125e-01
   3.0000000e+00   1.0000000e+01   3.4506881e-15   4.6156250e-01   4.6156250e-01
   4.0000000e+00   1.0000000e+01   3.3298292e-15   4.4812500e-01   4.4812500e-01
   5.0000000e+00   1.0000000e+01   3.2974945e-15   4.4106250e-01   4.4106250e-01
   6.0000000e+00   1.0000000e+01   3.2436924e-15   4.2562500e-01   4.2562500e-01
   7.0000000e+00   1.0000000e+01   3.0606582e-15   4.1218750e-01   4.1218750e-01
   8.0000000e+00   1.0000000e+01   3.0452218e-15   4.1875000e-01   4.1875000e-01
   9.0000000e+00   1.0000000e+01   3.2916397e-15   4.2796875e-01   4.2796875e-01
   1.0000000e+01   1.0000000e+01   3.4783873e-15   4.6018750e-01   4.6018750e-01
   1.1000000e+01   1.0000000e+01   3.7088620e-15   4.9362500e-01   4.9362500e-01
   1.2000000e+01   1.0000000e+01   4.0343803e-15   5.3209375e-01   5.3209375e-01
   1.3000000e+01   1.0000000e+01   4.1706992e-15   5.4075000e-01   5.4075000e-01
   1.4000000e+01   1.0000000e+01   4.0414706e-15   5.4303125e-01   5.4303125e-01
   1.5000000e+01   1.0000000e+01   3.9913334e-15   5.3587500e-01   5.3587500e-01
   1.6000000e+01   1.0000000e+01   3.8162779e-15   5.1012500e-01   5.1012500e-01
   1.7000000e+01   1.0000000e+01   3.7908421e-15   4.9128125e-01   4.9128125e-01
   1.8000000e+01   1.0000000e+01   3.5933155e-15   4.7459375e-01   4.7459375e-01
   1.9000000e+01   1.0000000e+01   3.4807431e-15   4.7018750e-01   4.7018750e-01
   2.0000000e+01   1.0000000e+01   3.3073524e-15   4.4931250e-01   4.4931250e-01
   2.1000000e+01   1.0000000e+01   3.2803024e-15   4.4109375e-01   4.4109375e-01
   2.2000000e+01   1.0000000e+01   3.1647689e-15   4.2768750e-01   4.2768750e-01
   2.3000000e+01   1.0000000e+01   3.1932937e-15   4.1518750e-01   4.1518750e-01
   2.4000000e+01   1.0000000e+01   3.0193103e-15   4.0068750e-01   4.0068750e-01
   2.5000000e+01   1.0000000e+01   3.0794872e-15   4.1815625e-01   4.1815625e-01
   2.6000000e+01   1.0000000e+01   3.3538932e-15   4.5134375e-01   4.5134375e-01
   2.7000000e+01   1.0000000e+01   3.6043853e-15   4.8168750e-01   4.8168750e-01
   2.8000000e+01   1.0000000e+01   4.0339946e-15   5.1450000e-01   5.1450000e-01
   2.9000000e+01   1.0000000e+01   4.1443531e-15   5.3890625e-01   5.3890625e-01
   3.0000000e+01   1.0000000e+01   4.1614045e-15   5.4878125e-01   5.4878125e-01
   3.1000000e+01   1.0000000e+01   4.0621137e-15   5.3859375e-01   5.3859375e-01
   3.2000000e+01   1.0000000e+01   3.8910936e-15   5.2093750e-01   5.2093750e-01
   3.3000000e+01   1.0000000e+01   3.8235012e-15   4.9884375e-01   4.9884375e-01
   3.4000000e+01   1.0000000e+01   3.6612965e-15   4.8206250e-01   4.8206250e-01
   3.5000000e+01   1.0000000e+01   3.4796997e-15   4.6303125e-01   4.6303125e-01
   1.0000000e+00   1.1000000e+01   3.5887879e-15   4.8231250e-01   4.8231250e-01
   2.0000000e+00   1.1000000e+01   3.6216394e-15   4.7078125e-01   4.7078125e-01
   3.0000000e+00   1.1000000e+01   3.5577994e-15   4.6337500e-01   4.6337500e-01
   4.0000000e+00   1.1000000e+01   3.2733485e-15   4.4715625e-01   4.4715625e-01
   5.0000000e+00   1.1000000e+01   3.2971949e-15   4.3546875e-01   4.3546875e-01
   6.0000000e+00   1.1000000e+01   3.1222205e-15   4.1518750e-01   4.1518750e-01
   7.0000000e+00   1.1000000e+01   2.9030632e-15   3.9971875e-01   3.9971875e-01
   8.0000000e+00   1.1000000e+01   2.9635887e-15   4.0696875e-01   4.0696875e-01
   9.0000000e+00   1.1000000e+01   3.3148124e-15   4.2534375e-01   4.2534375e-01
   1.0000000e+01   1.1000000e+01   3.4957261e-15   4.6893750e-01   4.6893750e-01
   1.1000000e+01   1.1000000e+01   3.7990723e-15   5.1184375e-01   5.1184375e-01
   1.2000000e+01   1.1000000e+01   4.2413196e-15   5.4634375e-01   5.4634375e-01
   1.3000000e+01   1.1000000e+01   4.1639887e-15   5.6009375e-01   5.6009375e-01
   1.4000000e+01   1.1000000e+01   4.3775742e-15   5.6028125e-01   5.6028125e-01
   1.5000000e+01   1.1000000e+01   4.1230063e-15   5.4446875e-01   5.4446875e-01
   1.6000000e+01   1.1000000e+01   3.9810607e-15   5.1806250e-01   5.1806250e-01
   1.7000000e+01   1.1000000e+01   3.7503291e-15   4.9528125e-01   4.9528125e-01
   1.8000000e+01   1.1000000e+01   3.5252304e-15   4.7893750e-01   4.7893750e-01
   1.9000000e+01   1.1000000e+01   3.6169123e-15   4.7181250e-01   4.7181250e-01
   2.0000000e+01   1.1000000e+01   3.3686276e-15   4.6046875e-01   4.6046875e-01
   2.1000000e+01   1.1000000e+01   3.4274551e-15   4.4362500e-01   4.4362500e-01
   2.2000000e+01   1.1000000e+01   3.2135729e-15   4.2540625e-01   4.2540625e-01
   2.3000000e+01   1.1000000e+01   2.8879059e-15   4.0609375e-01   4.0609375e-01
   2.4000000e+01   1.1000000e+01   2.9811284e-15   3.9340625e-01   3.9340625e-01
   2.5000000e+01   1.1000000e+01   3.0495381e-15   4.0709375e-01   4.0709375e-01
   2.6000000e+01   1.1000000e+01   3.3863648e-15   4.5275000e-01   4.5275000e-01
   2.7000000e+01   1.1000000e+01   3.6942073e-15   4.8831250e-01   4.8831250e-01
   2.8000000e+01   1.1000000e+01   4.0983454e-15   5.3534375e-01   5.3534375e-01
   2.9000000e+01   1.1000000e+01   4.1314384e-15   5.5503125e-01   5.5503125e-01
   3.0000000e+01   1.1000000e+01   4.2912925e-15   5.5553125e-01   5.5553125e-01
   3.1000000e+01   1.1000000e+01   4.1712401e-15   5.4506250e-01   5.4506250e-01
   3.2000000e+01   1.1000000e+01   3.9806174e-15   5.2618750e-01   5.2618750e-01
   3.3000000e+01   1.1000000e+01   3.8274432e-15   5.0162500e-01   5.0162500e-01
   3.4000000e+01   1.1000000e+01   3.6303054e-15   4.8240625e-01   4.8240625e-01
   3.5000000e+01   1.1000000e+01   3.4337959e-15   4.6831250e-01   4.6831250e-01
   1.0000000e+00   1.2000000e+01   3.7416344e-15   4.8428125e-01   4.8428125e-01
   2.0000000e+00   1.2000000e+01   3.5731703e-15   4.7803125e-01   4.7803125e-01
   3.0000000e+00   1.2000000e+01   3.6630824e-15   4.7918750e-01   4.7918750e-01
   4.0000000e+00   1.2000000e+01   3.6665498e-15   4.7131250e-01   4.7131250e-01
   5.0000000e+00   1.2000000e+01   3.4625578e-15   4.5368750e-01   4.5368750e-01
   6.0000000e+00   1.2000000e+01   3.2090550e-15   4.3381250e-01   4.3381250e-01
   7.0000000e+00   1.2000000e+01   3.0692467e-15   4.1156250e-01   4.1156250e-01
   8.0000000e+00   1.2000000e+01   3.1210456e-15   4.1246875e-01   4.1246875e-01
   9.0000000e+00   1.2000000e+01   3.1327913e-15   4.3440625e-01   4.3440625e-01
   1.0000000e+01   1.2000000e+01   3.5956261e-15   4.7875000e-01   4.7875000e-01
   1.1000000e+01   1.2000000e+01   4.0094009e-15   5.2181250e-01   5.2181250e-01
   1.2000000e+01   1.2000000e+01   4.3113928e-15   5.6690625e-01   5.6690625e-01
   1.3000000e+01   1.2000000e+01   4.3621264e-15   5.7865625e-01   5.7865625e-01
   1.4000000e+01   1.2000000e+01   4.4159438e-15   5.7803125e-01   5.7803125e-01
   1.5000000e+01   1.2000000e+01   4.2845205e-15   5.5959375e-01   5.5959375e-01
   1.6000000e+01   1.2000000e+01   3.9326164e-15   5.2678125e-01   5.2678125e-01
   1.7000000e+01   1.2000000e+01   3.8898874e-15   5.0356250e-01   5.0356250e-01
   1.8000000e+01   1.2000000e+01   3.5036578e-15   4.7743750e-01   4.7743750e-01
   1.9000000e+01   1.2000000e+01   3.6258101e-15   4.7806250e-01   4.7806250e-01
   2.0000000e+01   1.2000000e+01   3.6913095e-15   4.7690625e-01   4.7690625e-01
   2.1000000e+01   1.2000000e+01   3.4427927e-15   4.6787500e-01   4.6787500e-01
   2.2000000e+01   1.2000000e+01   3.4224187e-15   4.3640625e-01   4.3640625e-01
   2.3000000e+01   1.2000000e+01   3.1674260e-15   4.1925000e-01   4.1925000e-01
   2.4000000e+01   1.2000000e+01   3.0673852e-15   4.1075000e-01   4.1075000e-01
   2.5000000e+01   1.2000000e+01   3.0924570e-15   4.1687500e-01   4.1687500e-01
   2.6000000e+01   1.2000000e+01   3.4195277e-15   4.4950000e-01   4.4950000e-01
   2.7000000e+01   1.2000000e+01   3.8198761e-15   4.9915625e-01   4.9915625e-01
   2.8000000e+01   1.2000000e+01   4.0943891e-15   5.4715625e-01   5.4715625e-01
   2.9000000e+01   1.2000000e+01   4.5623498e-15   5.7690625e-01   5.7690625e-01
   3.0000000e+01   1.2000000e+01   4.5289623e-15   5.7978125e-01   5.7978125e-01
   3.1000000e+01   1.2000000e+01   4.3056338e-15   5.6206250e-01   5.6206250e-01
   3.2000000e+01   1.2000000e+01   4.0220569e-15   5.4281250e-01   5.4281250e-01
   3.3000000e+01   1.2000000e+01   3.9045616e-15   5.0600000e-01   5.0600000e-01
   3.4000000e+01   1.2000000e+01   3.6440300e-15   4.8128125e-01   4.8128125e-01
   3.5000000e+01   1.2000000e+01   3.5452006e-15   4.7196875e-01   4.7196875e-01
   1.0000000e+00   1.3000000e+01   3.7892294e-15   4.9978125e-01   4.9978125e-01
   2.0000000e+00   1.3000000e+01   3.6221659e-15   4.8709375e-01   4.8709375e-01
   3.0000000e+00   1.3000000e+01   3.6769636e-15   4.9096875e-01   4.9096875e-01
   4.0000000e+00   1.3000000e+01   3.7171919e-15   4.8821875e-01   4.8821875e-01
   5.0000000e+00   1.3000000e+01   3.5391504e-15   4.7446875e-01   4.7446875e-01
   6.0000000e+00   1.3000000e+01   3.2481723e-15   4.3875000e-01   4.3875000e-01
   7.0000000e+00   1.3000000e+01   3.2687586e-15   4.3278125e-01   4.3278125e-01
   8.0000000e+00   1.3000000e+01   3.1603479e-15   4.3381250e-01   4.3381250e-01
   9.0000000e+00   1.3000000e+01   3.4208472e-15   4.5871875e-01   4.5871875e-01
   1.0000000e+01   1.3000000e+01   3.8996829e-15   4.9681250e-01   4.9681250e-01
   1.1000000e+01   1.3000000e+01   4.1020515e-15   5.4031250e-01   5.4031250e-01
   1.2000000e+01   1.3000000e+01   4.4042804e-15   5.8125000e-01   5.8125000e-01
   1.3000000e+01   1.3000000e+01   4.4850234e-15   6.0259375e-01   6.0259375e-01
   1.4000000e+01   1.3000000e+01   4.5318751e-15   5.9318750e-01   5.9318750e-01
   1.5000000e+01   1.3000000e+01   4.5700167e-15   5.8025000e-01   5.8025000e-01
   1.6000000e+01   1.3000000e+01   4.2990071e-15   5.4881250e-01   5.4881250e-01
   1.7000000e+01   1.3000000e+01   3.9665323e-15   5.1559375e-01   5.1559375e-01
   1.8000000e+01   1.3000000e+01   3.9115696e-15   4.9975000e-01   4.9975000e-01
   1.9000000e+01   1.3000000e+01   3.7277190e-15   4.9031250e-01   4.9031250e-01
   2.0000000e+01   1.3000000e+01   3.6854700e-15   4.8309375e-01   4.8309375e-01
   2.1000000e+01   1.3000000e+01   3.6352411e-15   4.7878125e-01   4.7878125e-01
   2.2000000e+01   1.3000000e+01   3.4279903e-15   4.6121875e-01   4.6121875e-01
   2.3000000e+01   1.3000000e+01   3.3075189e-15   4.3587500e-01   4.3587500e-01
   2.4000000e+01   1.3000000e+01   3.3494728e-15   4.2665625e-01   4.2665625e-01
   2.5000000e+01   1.3000000e+01   3.4370137e-15   4.4246875e-01   4.4246875e-01
   2.6000000e+01   1.3000000e+01   3.5258936e-15   4.7400000e-01   4.7400000e-01
   2.7000000e+01   1.3000000e+01   3.9556640e-15   5.1609375e-01   5.1609375e-01
   2.8000000e+01   1.3000000e+01   4.3665770e-15   5.6159375e-01   5.6159375e-01
   2.9000000e+01   1.3000000e+01   4.4949137e-15   5.8687500e-01   5.8687500e-01
   3.0000000e+01   1.3000000e+01   4.4134978e-15   5.9425000e-01   5.9425000e-01
   3.1000000e+01   1.3000000e+01   4.4092050e-15   5.7893750e-01   5.7893750e-01
   3.2000000e+01   1.3000000e+01   4.3503034e-15   5.5690625e-01   5.5690625e-01
   3.3000000e+01   1.3000000e+01   4.0823698e-15   5.2525000e-01   5.2525000e-01
   3.4000000e+01   1.3000000e+01   3.7253852e-15   4.9687500e-01   4.9687500e-01
   3.5000000e+01   1.3000000e+01   3.6332311e-15   4.8278125e-01   4.8278125e-01
   1.0000000e+00   1.4000000e+01   4.1426858e-15   5.3375000e-01   5.3375000e-01
   2.0000000e+00   1.4000000e+01   3.8381073e-15   5.1412500e-01   5.1412500e-01
   3.0000000e+00   1.4000000e+01   3.7580352e-15   5.0146875e-01   5.0146875e-01
   4.0000000e+00   1.4000000e+01   3.6522546e-15   4.9290625e-01   4.9290625e-01
   5.0000000e+00   1.4000000e+01   3.7709970e-15   4.8531250e-01   4.8531250e-01
   6.0000000e+00   1.4000000e+01   3.4713084e-15   4.5700000e-01   4.5700000e-01
   7.0000000e+00   1.4000000e+01   3.3161694e-15   4.4671875e-01   4.4671875e-01
   8.0000000e+00   1.4000000e+01   3.4346146e-15   4.6281250e-01   4.6281250e-01
   9.0000000e+00   1.4000000e+01   3.5373907e-15   4.8403125e-01   4.8403125e-01
   1.0000000e+01   1.4000000e+01   3.9772363e-15   5.2868750e-01   5.2868750e-01
   1.1000000e+01   1.4000000e+01   4.1599048e-15   5.6431250e-01   5.6431250e-01
   1.2000000e+01   1.4000000e+01   4.4409916e-15   5.9956250e-01   5.9956250e-01
   1.3000000e+01   1.4000000e+01   4.5902481e-15   6.1387500e-01   6.1387500e-01
   1.4000000e+01   1.4000000e+01   4.6736587e-15   6.1765625e-01   6.1765625e-01
   1.5000000e+01   1.4000000e+01   4.5505375e-15   6.0059375e-01   6.0059375e-01
   1.6000000e+01   1.4000000e+01   4.3706367e-15   5.7515625e-01   5.7515625e-01
   1.7000000e+01   1.4000000e+01   4.1547544e-15   5.4609375e-01   5.4609375e-01
   1.8000000e+01   1.4000000e+01   4.1040769e-15   5.2768750e-01   5.2768750e-01
   1.9000000e+01   1.4000000e+01   3.8531614e-15   5.0671875e-01   5.0671875e-01
   2.0000000e+01   1.4000000e+01   3.7737389e-15   4.9225000e-01   4.9225000e-01
   2.1000000e+01   1.4000000e+01   3.7977126e-15   4.8928125e-01   4.8928125e-01
   2.2000000e+01   1.4000000e+01   3.5003493e-15   4.7234375e-01   4.7234375e-01
   2.3000000e+01   1.4000000e+01   3.5017646e-15   4.5693750e-01   4.5693750e-01
   2.4000000e+01   1.4000000e+01   3.4362987e-15   4.5209375e-01   4.5209375e-01
   2.5000000e+01   1.4000000e+01   3.5321055e-15   4.6265625e-01   4.6265625e-01
   2.6000000e+01   1.4000000e+01   3.8302012e-15   5.0296875e-01   5.0296875e-01
   2.7000000e+01   1.4000000e+01   4.0810130e-15   5.3962500e-01   5.3962500e-01
   2.8000000e+01   1.4000000e+01   4.4686925e-15   5.8140625e-01   5.8140625e-01
   2.9000000e+01   1.4000000e+01   4.6603116e-15   6.0725000e-01   6.0725000e-01
   3.0000000e+01   1.4000000e+01   4.7395439e-15   6.1068750e-01   6.1068750e-01
   3.1000000e+01   1.4000000e+01   4.5304441e-15   6.0056250e-01   6.0056250e-01
   3.2000000e+01   1.4000000e+01   4.4325914e-15   5.8478125e-01   5.8478125e-01
   3.3000000e+01   1.4000000e+01   4.0825556e-15   5.5446875e-01   5.5446875e-01
   3.4000000e+01   1.4000000e+01   4.0330386e-15   5.2753125e-01   5.2753125e-01
   3.5000000e+01   1.4000000e+01   3.7582006e-15   5.0621875e-01   5.0621875e-01
   1.0000000e+00   1.5000000e+01   4.1629162e-15   5.5906250e-01   5.5906250e-01
   2.0000000e+00   1.5000000e+01   4.0043472e-15   5.3271875e-01   5.3271875e-01
   3.0000000e+00   1.5000000e+01   4.0233915e-15   5.2371875e-01   5.2371875e-01
   4.0000000e+00   1.5000000e+01   3.8784751e-15   5.1043750e-01   5.1043750e-01
   5.0000000e+00   1.5000000e+01   3.7957531e-15   4.9525000e-01   4.9525000e-01
   6.0000000e+00   1.5000000e+01   3.6329283e-15   4.7978125e-01   4.7978125e-01
   7.0000000e+00   1.5000000e+01   3.3226333e-15   4.6350000e-01   4.6350000e-01
   8.0000000e+00   1.5000000e+01   3.6536725e-15   4.7446875e-01   4.7446875e-01
   9.0000000e+00   1.5000000e+01   3.8241884e-15   5.0156250e-01   5.0156250e-01
   1.0000000e+01   1.5000000e+01   4.0939910e-15   5.4193750e-01   5.4193750e-01
   1.1000000e+01   1.5000000e+01   4.5238628e-15   5.8284375e-01   5.8284375e-01
   1.2000000e+01   1.5000000e+01   4.6268552e-15   6.2150000e-01   6.2150000e-01
   1.3000000e+01   1.5000000e+01   4.7779354e-15   6.3546875e-01   6.3546875e-01
   1.4000000e+01   1.5000000e+01   4.7801952e-15   6.4040625e-01   6.4040625e-01
   1.5000000e+01   1.5000000e+01   4.7634389e-15   6.2356250e-01   6.2356250e-01
   1.6000000e+01   1.5000000e+01   4.6134593e-15   5.9906250e-01   5.9906250e-01
   1.7000000e+01   1.5000000e+01   4.3613424e-15   5.7293750e-01   5.7293750e-01
   1.8000000e+01   1.5000000e+01   4.0406414e-15   5.4318750e-01   5.4318750e-01
   1.9000000e+01   1.5000000e+01   3.9924678e-15   5.2981250e-01   5.2981250e-01
   2.0000000e+01   1.5000000e+01   4.0117959e-15   5.1225000e-01   5.1225000e-01
   2.1000000e+01   1.5000000e+01   3.7295300e-15   5.0228125e-01   5.0228125e-01
   2.2000000e+01   1.5000000e+01   3.6785344e-15   4.8525000e-01   4.8525000e-01
   2.3000000e+01   1.5000000e+01   3.3862126e-15   4.7281250e-01   4.7281250e-01
   2.4000000e+01   1.5000000e+01   3.5248821e-15   4.6275000e-01   4.6275000e-01
   2.5000000e+01   1.5000000e+01   3.7554496e-15   4.8040625e-01   4.8040625e-01
   2.6000000e+01   1.5000000e+01   3.7976144e-15   5.1725000e-01   5.1725000e-01
   2.7000000e+01   1.5000000e+01   4.2484702e-15   5.5659375e-01   5.5659375e-01
   2.8000000e+01   1.5000000e+01   4.6915516e-15   6.0287500e-01   6.0287500e-01
   2.9000000e+01   1.5000000e+01   4.6920602e-15   6.2465625e-01   6.2465625e-01
   3.0000000e+01   1.5000000e+01   4.7942571e-15   6.3971875e-01   6.3971875e-01
   3.1000000e+01   1.5000000e+01   4.7895044e-15   6.2775000e-01   6.2775000e-01
   3.2000000e+01   1.5000000e+01   4.6264557e-15   6.0915625e-01   6.0915625e-01
   3.3000000e+01   1.5000000e+01   4.4819597e-15   5.7634375e-01   5.7634375e-01
   3.4000000e+01   1.5000000e+01   4.1240325e-15   5.4978125e-01   5.4978125e-01
   3.5000000e+01   1.5000000e+01   3.8405249e-15   5.2381250e-01   5.2381250e-01
   1.0000000e+00   1.6000000e+01   4.5268253e-15   5.8312500e-01   5.8312500e-01
   2.0000000e+00   1.6000000e+01   4.1621915e-15   5.5459375e-01   5.5459375e-01
   3.0000000e+00   1.6000000e+01   4.0296479e-15   5.4728125e-01   5.4728125e-01
   4.0000000e+00   1.6000000e+01   4.0998079e-15   5.3403125e-01   5.3403125e-01
   5.0000000e+00   1.6000000e+01   4.0308138e-15   5.1678125e-01   5.1678125e-01
   6.0000000e+00   1.6000000e+01   3.8360900e-15   4.9937500e-01   4.9937500e-01
   7.0000000e+00   1.6000000e+01   3.6872391e-15   4.8740625e-01   4.8740625e-01
   8.0000000e+00   1.6000000e+01   3.6867682e-15   4.9568750e-01   4.9568750e-01
   9.0000000e+00   1.6000000e+01   3.8368546e-15   5.1600000e-01   5.1600000e-01
   1.0000000e+01   1.6000000e+01   4.2609070e-15   5.5828125e-01   5.5828125e-01
   1.1000000e+01   1.6000000e+01   4.7120294e-15   6.0865625e-01   6.0865625e-01
   1.2000000e+01   1.6000000e+01   4.9704747e-15   6.4668750e-01   6.4668750e-01
   1.3000000e+01   1.6000000e+01   5.0749128e-15   6.6740625e-01   6.6740625e-01
   1.4000000e+01   1.6000000e+01   5.0505571e-15   6.6965625e-01   6.6965625e-01
   1.5000000e+01   1.6000000e+01   4.9017741e-15   6.5612500e-01   6.5612500e-01
   1.6000000e+01   1.6000000e+01   4.6444411e-15   6.2518750e-01   6.2518750e-01
   1.7000000e+01   1.6000000e+01   4.4331489e-15   6.0178125e-01   6.0178125e-01
   1.8000000e+01   1.6000000e+01   4.2422680e-15   5.7425000e-01   5.7425000e-01
   1.9000000e+01   1.6000000e+01   4.0988784e-15   5.4784375e-01   5.4784375e-01
   2.0000000e+01   1.6000000e+01   4.1142012e-15   5.4128125e-01   5.4128125e-01
   2.1000000e+01   1.6000000e+01   3.9789050e-15   5.2700000e-01   5.2700000e-01
   2.2000000e+01   1.6000000e+01   3.8443146e-15   5.0890625e-01   5.0890625e-01
   2.3000000e+01   1.6000000e+01   3.8026300e-15   4.9134375e-01   4.9134375e-01
   2.4000000e+01   1.6000000e+01   3.6245092e-15   4.8112500e-01   4.8112500e-01
   2.5000000e+01   1.6000000e+01   3.6681089e-15   4.9918750e-01   4.9918750e-01
   2.6000000e+01   1.6000000e+01   3.9022959e-15   5.2981250e-01   5.2981250e-01
   2.7000000e+01   1.6000000e+01   4.3909797e-15   5.8206250e-01   5.8206250e-01
   2.8000000e+01   1.6000000e+01   4.8040786e-15   6.2446875e-01   6.2446875e-01
   2.9000000e+01   1.6000000e+01   4.9598563e-15   6.5253125e-01   6.5253125e-01
   3.0000000e+01   1.6000000e+01   5.0617027e-15   6.7525000e-01   6.7525000e-01
   3.1000000e+01   1.6000000e+01   4.9272967e-15   6.5353125e-01   6.5353125e-01
   3.2000000e+01   1.6000000e+01   4.7543408e-15   6.3343750e-01   6.3343750e-01
   3.3000000e+01   1.6000000e+01   4.6279944e-15   6.0343750e-01   6.0343750e-01
   3.4000000e+01   1.6000000e+01   4.2497584e-15   5.7584375e-01   5.7584375e-01
   3.5000000e+01   1.6000000e+01   4.0341033e-15   5.4453125e-01   5.4453125e-01
   1.0000000e+00   1.7000000e+01   4.5203665e-15   6.0846875e-01   6.0846875e-01
   2.0000000e+00   1.7000000e+01   4.2820414e-15   5.7684375e-01   5.7684375e-01
   3.0000000e+00   1.7000000e+01   4.3359494e-15   5.6565625e-01   5.6565625e-01
   4.0000000e+00   1.7000000e+01   4.2357006e-15   5.5215625e-01   5.5215625e-01
   5.0000000e+00   1.7000000e+01   4.2421836e-15   5.4384375e-01   5.4384375e-01
   6.0000000e+00   1.7000000e+01   3.9260387e-15   5.2175000e-01   5.2175000e-01
   7.0000000e+00   1.7000000e+01   3.7147867e-15   5.0381250e-01   5.0381250e-01
   8.0000000e+00   1.7000000e+01   3.6935883e-15   5.0165625e-01   5.0165625e-01
   9.0000000e+00   1.7000000e+01   4.0394752e-15   5.2640625e-01   5.2640625e-01
   1.0000000e+01   1.7000000e+01   4.3258529e-15   5.8409375e-01   5.8409375e-01
   1.1000000e+01   1.7000000e+01   4.8759764e-15   6.3112500e-01   6.3112500e-01
   1.2000000e+01   1.7000000e+01   5.1017810e-15   6.7287500e-01   6.7287500e-01
   1.3000000e+01   1.7000000e+01   5.2494181e-15   6.9490625e-01   6.9490625e-01
   1.4000000e+01   1.7000000e+01   5.2057864e-15   6.9337500e-01   6.9337500e-01
   1.5000000e+01   1.7000000e+01   5.1099081e-15   6.7834375e-01   6.7834375e-01
   1.6000000e+01   1.7000000e+01   4.8777303e-15   6.4584375e-01   6.4584375e-01
   1.7000000e+01   1.7000000e+01   4.8066322e-15   6.1996875e-01   6.1996875e-01
   1.8000000e+01   1.7000000e+01   4.6521196e-15   6.0037500e-01   6.0037500e-01
   1.9000000e+01   1.7000000e+01   4.2562360e-15   5.7046875e-01   5.7046875e-01
   2.0000000e+01   1.7000000e+01   4.2026641e-15   5.5609375e-01   5.5609375e-01
   2.1000000e+01   1.7000000e+01   4.2558742e-15   5.4612500e-01   5.4612500e-01
   2.2000000e+01   1.7000000e+01   3.9789305e-15   5.2446875e-01   5.2446875e-01
   2.3000000e+01   1.7000000e+01   3.9494171e-15   5.0721875e-01   5.0721875e-01
   2.4000000e+01   1.7000000e+01   3.6549608e-15   4.9737500e-01   4.9737500e-01
   2.5000000e+01   1.7000000e+01   3.7093933e-15   5.1175000e-01   5.1175000e-01
   2.6000000e+01   1.7000000e+01   4.0927043e-15   5.5315625e-01   5.5315625e-01
   2.7000000e+01   1.7000000e+01   4.5239716e-15   6.0775000e-01   6.0775000e-01
   2.8000000e+01   1.7000000e+01   4.9353318e-15   6.5250000e-01   6.5250000e-01
   2.9000000e+01   1.7000000e+01   5.1564283e-15   6.8165625e-01   6.8165625e-01
   3.0000000e+01   1.7000000e+01   5.1927219e-15   6.9078125e-01   6.9078125e-01
   3.1000000e+01   1.7000000e+01   5.1511207e-15   6.8059375e-01   6.8059375e-01
   3.2000000e+01   1.7000000e+01   5.0000335e-15   6.4850000e-01   6.4850000e-01
   3.3000000e+01   1.7000000e+01   4.6400271e-15   6.2556250e-01   6.2556250e-01
   3.4000000e+01   1.7000000e+01   4.3914283e-15   5.9475000e-01   5.9475000e-01
   3.5000000e+01   1.7000000e+01   4.2226968e-15   5.6443750e-01   5.6443750e-01
   1.0000000e+00   1.8000000e+01   4.8431329e-15   6.2650000e-01   6.2650000e-01
   2.0000000e+00   1.8000000e+01   4.5873554e-15   6.0559375e-01   6.0559375e-01
   3.0000000e+00   1.8000000e+01   4.3497261e-15   5.8568750e-01   5.8568750e-01
   4.0000000e+00   1.8000000e+01   4.4315821e-15   5.7700000e-01   5.7700000e-01
   5.0000000e+00   1.8000000e+01   4.2906093e-15   5.5625000e-01   5.5625000e-01
   6.0000000e+00   1.8000000e+01   3.9412367e-15   5.4125000e-01   5.4125000e-01
   7.0000000e+00   1.8000000e+01   3.8474222e-15   5.1690625e-01   5.1690625e-01
   8.0000000e+00   1.8000000e+01   3.9399776e-15   5.1940625e-01   5.1940625e-01
   9.0000000e+00   1.8000000e+01   4.1918744e-15   5.5665625e-01   5.5665625e-01
   1.0000000e+01   1.8000000e+01   4.6197018e-15   6.0887500e-01   6.0887500e-01
   1.1000000e+01   1.8000000e+01   4.9481312e-15   6.5853125e-01   6.5853125e-01
   1.2000000e+01   1.8000000e+01   5.2837194e-15   6.9693750e-01   6.9693750e-01
   1.3000000e+01   1.8000000e+01   5.4382244e-15   7.1625000e-01   7.1625000e-01
   1.4000000e+01   1.8000000e+01   5.3184850e-15   7.0306250e-01   7.0306250e-01
   1.5000000e+01   1.8000000e+01   5.3112735e-15   6.9465625e-01   6.9465625e-01
   1.6000000e+01   1.8000000e+01   5.0730608e-15   6.6309375e-01   6.6309375e-01
   1.7000000e+01   1.8000000e+01   4.7922865e-15   6.4250000e-01   6.4250000e-01
   1.8000000e+01   1.8000000e+01   4.8057603e-15   6.2137500e-01   6.2137500e-01
   1.9000000e+01   1.8000000e+01   4.5354446e-15   5.9340625e-01   5.9340625e-01
   2.0000000e+01   1.8000000e+01   4.4230840e-15   5.7846875e-01   5.7846875e-01
   2.1000000e+01   1.8000000e+01   4.2511268e-15   5.6200000e-01   5.6200000e-01
   2.2000000e+01   1.8000000e+01   4.0794572e-15   5.4928125e-01   5.4928125e-01
   2.3000000e+01   1.8000000e+01   3.9235431e-15   5.2534375e-01   5.2534375e-01
   2.4000000e+01   1.8000000e+01   3.7822180e-15   5.0950000e-01   5.0950000e-01
   2.5000000e+01   1.8000000e+01   4.0522619e-15   5.3121875e-01   5.3121875e-01
   2.6000000e+01   1.8000000e+01   4.3816274e-15   5.7418750e-01   5.7418750e-01
   2.7000000e+01   1.8000000e+01   4.7290557e-15   6.3762500e-01   6.3762500e-01
   2.8000000e+01   1.8000000e+01   5.0406080e-15   6.7953125e-01   6.7953125e-01
   2.9000000e+01   1.8000000e+01   5.3732611e-15   7.0134375e-01   7.0134375e-01
   3.0000000e+01   1.8000000e+01   5.4951048e-15   7.0478125e-01   7.0478125e-01
   3.1000000e+01   1.8000000e+01   5.2485208e-15   6.9531250e-01   6.9531250e-01
   3.2000000e+01   1.8000000e+01   4.9465206e-15   6.6937500e-01   6.6937500e-01
   3.3000000e+01   1.8000000e+01   4.7587410e-15   6.4831250e-01   6.4831250e-01
   3.4000000e+01   1.8000000e+01   4.6513385e-15   6.2212500e-01   6.2212500e-01
   3.5000000e+01   1.8000000e+01   4.5653523e-15   5.9409375e-01   5.9409375e-01
   1.0000000e+00   1.9000000e+01   4.7836097e-15   6.4453125e-01   6.4453125e-01
   2.0000000e+00   1.9000000e+01   4.6241660e-15   6.2209375e-01   6.2209375e-01
   3.0000000e+00   1.9000000e+01   4.6194560e-15   6.0771875e-01   6.0771875e-01
   4.0000000e+00   1.9000000e+01   4.4681594e-15   5.9106250e-01   5.9106250e-01
   5.0000000e+00   1.9000000e+01   4.3101551e-15   5.7118750e-01   5.7118750e-01
   6.0000000e+00   1.9000000e+01   4.1882277e-15   5.5296875e-01   5.5296875e-01
   7.0000000e+00   1.9000000e+01   4.0062179e-15   5.2512500e-01   5.2512500e-01
   8.0000000e+00   1.9000000e+01   4.0739666e-15   5.4296875e-01   5.4296875e-01
   9.0000000e+00   1.9000000e+01   4.2450393e-15   5.8112500e-01   5.8112500e-01
   1.0000000e+01   1.9000000e+01   4.8371518e-15   6.3278125e-01   6.3278125e-01
   1.1000000e+01   1.9000000e+01   5.1377722e-15   6.7509375e-01   6.7509375e-01
   1.2000000e+01   1.9000000e+01   5.4348456e-15   7.0643750e-01   7.0643750e-01
   1.3000000e+01   1.9000000e+01   5.4214405e-15   7.2234375e-01   7.2234375e-01
   1.4000000e+01   1.9000000e+01   5.4936914e-15   7.1740625e-01   7.1740625e-01
   1.5000000e+01   1.9000000e+01   5.3334554e-15   7.0525000e-01   7.0525000e-01
   1.6000000e+01   1.9000000e+01   5.2417857e-15   6.7856250e-01   6.7856250e-01
   1.7000000e+01   1.9000000e+01   5.0219357e-15   6.6034375e-01   6.6034375e-01
   1.8000000e+01   1.9000000e+01   4.7440252e-15   6.4025000e-01   6.4025000e-01
   1.9000000e+01   1.9000000e+01   4.5777835e-15   6.1490625e-01   6.1490625e-01
   2.0000000e+01   1.9000000e+01   4.5370124e-15   6.0400000e-01   6.0400000e-01
   2.1000000e+01   1.9000000e+01   4.3359800e-15   5.7475000e-01   5.7475000e-01
   2.2000000e+01   1.9000000e+01   4.2903747e-15   5.6446875e-01   5.6446875e-01
   2.3000000e+01   1.9000000e+01   4.0835725e-15   5.3775000e-01   5.3775000e-01
   2.4000000e+01   1.9000000e+01   3.9204525e-15   5.2212500e-01   5.2212500e-01
   2.5000000e+01   1.9000000e+01   4.1633728e-15   5.5412500e-01   5.5412500e-01
   2.6000000e+01   1.9000000e+01   4.4763233e-15   5.9771875e-01   5.9771875e-01
   2.7000000e+01   1.9000000e+01   4.8830976e-15   6.5231250e-01   6.5231250e-01
   2.8000000e+01   1.9000000e+01   5.0889465e-15   6.8478125e-01   6.8478125e-01
   2.9000000e+01   1.9000000e+01   5.3809870e-15   7.1084375e-01   7.1084375e-01
   3.0000000e+01   1.9000000e+01   5.4541965e-15   7.1565625e-01   7.1565625e-01
   3.1000000e+01   1.9000000e+01   5.3967766e-15   7.0434375e-01   7.0434375e-01
   3.2000000e+01   1.9000000e+01   5.2549853e-15   6.8653125e-01   6.8653125e-01
   3.3000000e+01   1.9000000e+01   5.0249381e-15   6.5600000e-01   6.5600000e-01
   3.4000000e+01   1.9000000e+01   4.9625504e-15   6.3865625e-01   6.3865625e-01
   3.5000000e+01   1.9000000e+01   4.7266962e-15   6.1668750e-01   6.1668750e-01
   1.0000000e+00   2.0000000e+01   4.9539333e-15   6.5168750e-01   6.5168750e-01
   2.0000000e+00   2.0000000e+01   4.7951122e-15   6.3234375e-01   6.3234375e-01
   3.0000000e+00   2.0000000e+01   4.6448982e-15   6.2009375e-01   6.2009375e-01
   4.0000000e+00   2.0000000e+01   4.5707848e-15   5.9890625e-01   5.9890625e-01
   5.0000000e+00   2.0000000e+01   4.4004963e-15   5.8209375e-01   5.8209375e-01
   6.0000000e+00   2.0000000e+01   4.3282873e-15   5.5971875e-01   5.5971875e-01
   7.0000000e+00   2.0000000e+01   4.1299650e-15   5.3865625e-01   5.3865625e-01
   8.0000000e+00   2.0000000e+01   4.2664226e-15   5.5481250e-01   5.5481250e-01
   9.0000000e+00   2.0000000e+01   4.5410724e-15   5.8862500e-01   5.8862500e-01
   1.0000000e+01   2.0000000e+01   4.8613710e-15   6.4343750e-01   6.4343750e-01
   1.1000000e+01   2.0000000e+01   5.1104542e-15   6.7740625e-01   6.7740625e-01
   1.2000000e+01   2.0000000e+01   5.3569799e-15   7.0640625e-01   7.0640625e-01
   1.3000000e+01   2.0000000e+01   5.6315097e-15   7.2078125e-01   7.2078125e-01
   1.4000000e+01   2.0000000e+01   5.5033149e-15   7.1434375e-01   7.1434375e-01
   1.5000000e+01   2.0000000e+01   5.3639376e-15   7.0387500e-01   7.0387500e-01
   1.6000000e+01   2.0000000e+01   5.1180796e-15   6.7665625e-01   6.7665625e-01
   1.7000000e+01   2.0000000e+01   4.9452624e-15   6.6384375e-01   6.6384375e-01
   1.8000000e+01   2.0000000e+01   4.8459723e-15   6.4590625e-01   6.4590625e-01
   1.9000000e+01   2.0000000e+01   4.6908190e-15   6.1718750e-01   6.1718750e-01
   2.0000000e+01   2.0000000e+01   4.7060407e-15   6.0228125e-01   6.0228125e-01
   2.1000000e+01   2.0000000e+01   4.5014735e-15   5.8984375e-01   5.8984375e-01
   2.2000000e+01   2.0000000e+01   4.3669262e-15   5.7650000e-01   5.7650000e-01
   2.3000000e+01   2.0000000e+01   4.1646466e-15   5.5112500e-01   5.5112500e-01
   2.4000000e+01   2.0000000e+01   4.0127287e-15   5.3640625e-01   5.3640625e-01
   2.5000000e+01   2.0000000e+01   4.2094355e-15   5.6659375e-01   5.6659375e-01
   2.6000000e+01   2.0000000e+01   4.6529842e-15   6.1775000e-01   6.1775000e-01
   2.7000000e+01   2.0000000e+01   4.9266656e-15   6.5475000e-01   6.5475000e-01
   2.8000000e+01   2.0000000e+01   5.3574028e-15   6.9268750e-01   6.9268750e-01
   2.9000000e+01   2.0000000e+01   5.4247999e-15   7.0925000e-01   7.0925000e-01
   3.0000000e+01   2.0000000e+01   5.4032133e-15   7.1321875e-01   7.1321875e-01
   3.1000000e+01   2.0000000e+01   5.3574796e-15   7.1071875e-01   7.1071875e-01
   3.2000000e+01   2.0000000e+01   5.1450898e-15   6.9221875e-01   6.9221875e-01
   3.3000000e+01   2.0000000e+01   5.0713173e-15   6.6421875e-01   6.6421875e-01
   3.4000000e+01   2.0000000e+01   5.0110902e-15   6.4550000e-01   6.4550000e-01
   3.5000000e+01   2.0000000e+01   4.7193454e-15   6.2431250e-01   6.2431250e-01
   1.0000000e+00   2.1000000e+01   4.9128034e-15   6.5337500e-01   6.5337500e-01
   2.0000000e+00   2.1000000e+01   4.6613128e-15   6.2890625e-01   6.2890625e-01
   3.0000000e+00   2.1000000e+01   4.6579863e-15   6.2515625e-01   6.2515625e-01
   4.0000000e+00   2.1000000e+01   4.5021884e-15   6.0746875e-01   6.0746875e-01
   5.0000000e+00   2.1000000e+01   4.4067495e-15   5.9209375e-01   5.9209375e-01
   6.0000000e+00   2.1000000e+01   4.2106314e-15   5.6403125e-01   5.6403125e-01
   7.0000000e+00   2.1000000e+01   4.1258934e-15   5.4487500e-01   5.4487500e-01
   8.0000000e+00   2.1000000e+01   4.3910519e-15   5.5443750e-01   5.5443750e-01
   9.0000000e+00   2.1000000e+01   4.4977552e-15   5.9703125e-01   5.9703125e-01
   1.0000000e+01   2.1000000e+01   4.9701788e-15   6.3837500e-01   6.3837500e-01
   1.1000000e+01   2.1000000e+01   5.0396864e-15   6.7012500e-01   6.7012500e-01
   1.2000000e+01   2.1000000e+01   5.2878303e-15   7.0003125e-01   7.0003125e-01
   1.3000000e+01   2.1000000e+01   5.4512706e-15   7.1003125e-01   7.1003125e-01
   1.4000000e+01   2.1000000e+01   5.4056069e-15   7.1012500e-01   7.1012500e-01
   1.5000000e+01   2.1000000e+01   5.2080301e-15   7.0056250e-01   7.0056250e-01
   1.6000000e+01   2.1000000e+01   5.1229746e-15   6.8475000e-01   6.8475000e-01
   1.7000000e+01   2.1000000e+01   5.0523368e-15   6.6037500e-01   6.6037500e-01
   1.8000000e+01   2.1000000e+01   4.9344734e-15   6.4584375e-01   6.4584375e-01
   1.9000000e+01   2.1000000e+01   4.7673813e-15   6.2062500e-01   6.2062500e-01
   2.0000000e+01   2.1000000e+01   4.5354523e-15   6.0800000e-01   6.0800000e-01
   2.1000000e+01   2.1000000e+01   4.3834192e-15   5.9103125e-01   5.9103125e-01
   2.2000000e+01   2.1000000e+01   4.3361507e-15   5.8131250e-01   5.8131250e-01
   2.3000000e+01   2.1000000e+01   4.1328415e-15   5.5053125e-01   5.5053125e-01
   2.4000000e+01   2.1000000e+01   4.2191333e-15   5.3900000e-01   5.3900000e-01
   2.5000000e+01   2.1000000e+01   4.3518983e-15   5.7028125e-01   5.7028125e-01
   2.6000000e+01   2.1000000e+01   4.6154332e-15   6.1375000e-01   6.1375000e-01
   2.7000000e+01   2.1000000e+01   5.0385672e-15   6.5765625e-01   6.5765625e-01
   2.8000000e+01   2.1000000e+01   5.1564843e-15   6.8275000e-01   6.8275000e-01
   2.9000000e+01   2.1000000e+01   5.3319481e-15   7.0806250e-01   7.0806250e-01
   3.0000000e+01   2.1000000e+01   5.4143880e-15   7.0875000e-01   7.0875000e-01
   3.1000000e+01   2.1000000e+01   5.4433262e-15   7.0325000e-01   7.0325000e-01
   3.2000000e+01   2.1000000e+01   5.1736862e-15   6.8293750e-01   6.8293750e-01
   3.3000000e+01   2.1000000e+01   5.1190755e-15   6.6871875e-01   6.6871875e-01
   3.4000000e+01   2.1000000e+01   4.8552004e-15   6.4465625e-01   6.4465625e-01
   3.5000000e+01   2.1000000e+01   4.7057540e-15   6.3084375e-01   6.3084375e-01
   1.0000000e+00   2.2000000e+01   4.8817783e-15   6.4337500e-01   6.4337500e-01
   2.0000000e+00   2.2000000e+01   4.8278142e-15   6.2362500e-01   6.2362500e-01
   3.0000000e+00   2.2000000e+01   4.6783401e-15   6.1168750e-01   6.1168750e-01
   4.0000000e+00   2.2000000e+01   4.3880430e-15   5.9837500e-01   5.9837500e-01
   5.0000000e+00   2.2000000e+01   4.5021450e-15   5.8203125e-01   5.8203125e-01
   6.0000000e+00   2.2000000e+01   4.3605617e-15   5.6396875e-01   5.6396875e-01
   7.0000000e+00   2.2000000e+01   4.0761670e-15   5.3528125e-01   5.3528125e-01
   8.0000000e+00   2.2000000e+01   4.1328585e-15   5.5418750e-01   5.5418750e-01
   9.0000000e+00   2.2000000e+01   4.3846825e-15   5.8500000e-01   5.8500000e-01
   1.0000000e+01   2.2000000e+01   4.8399328e-15   6.2559375e-01   6.2559375e-01
   1.1000000e+01   2.2000000e+01   5.0495083e-15   6.6265625e-01   6.6265625e-01
   1.2000000e+01   2.2000000e+01   5.1892540e-15   6.8512500e-01   6.8512500e-01
   1.3000000e+01   2.2000000e+01   5.3832297e-15   6.9584375e-01   6.9584375e-01
   1.4000000e+01   2.2000000e+01   5.4266672e-15   6.9609375e-01   6.9609375e-01
   1.5000000e+01   2.2000000e+01   5.2285163e-15   6.8515625e-01   6.8515625e-01
   1.6000000e+01   2.2000000e+01   5.0470373e-15   6.6662500e-01   6.6662500e-01
   1.7000000e+01   2.2000000e+01   4.8133614e-15   6.5159375e-01   6.5159375e-01
   1.8000000e+01   2.2000000e+01   4.8863461e-15   6.3025000e-01   6.3025000e-01
   1.9000000e+01   2.2000000e+01   4.6838052e-15   6.0868750e-01   6.0868750e-01
   2.0000000e+01   2.2000000e+01   4.5937772e-15   6.0600000e-01   6.0600000e-01
   2.1000000e+01   2.2000000e+01   4.4571312e-15   5.9334375e-01   5.9334375e-01
   2.2000000e+01   2.2000000e+01   4.3447624e-15   5.6700000e-01   5.6700000e-01
   2.3000000e+01   2.2000000e+01   4.2785419e-15   5.4584375e-01   5.4584375e-01
   2.4000000e+01   2.2000000e+01   4.0646166e-15   5.3528125e-01   5.3528125e-01
   2.5000000e+01   2.2000000e+01   4.2406239e-15   5.6196875e-01   5.6196875e-01
   2.6000000e+01   2.2000000e+01   4.5514194e-15   6.0421875e-01   6.0421875e-01
   2.7000000e+01   2.2000000e+01   4.9500718e-15   6.4487500e-01   6.4487500e-01
   2.8000000e+01   2.2000000e+01   5.0685489e-15   6.7062500e-01   6.7062500e-01
   2.9000000e+01   2.2000000e+01   5.2290453e-15   6.9365625e-01   6.9365625e-01
   3.0000000e+01   2.2000000e+01   5.2736193e-15   6.9203125e-01   6.9203125e-01
   3.1000000e+01   2.2000000e+01   5.4303458e-15   6.9196875e-01   6.9196875e-01
   3.2000000e+01   2.2000000e+01   5.1211279e-15   6.7631250e-01   6.7631250e-01
   3.3000000e+01   2.2000000e+01   4.9505671e-15   6.5828125e-01   6.5828125e-01
   3.4000000e+01   2.2000000e+01   4.7706450e-15   6.4309375e-01   6.4309375e-01
   3.5000000e+01   2.2000000e+01   4.6216433e-15   6.1928125e-01   6.1928125e-01
   1.0000000e+00   2.3000000e+01   4.7967615e-15   6.2353125e-01   6.2353125e-01
   2.0000000e+00   2.3000000e+01   4.5360375e-15   5.9993750e-01   5.9993750e-01
   3.0000000e+00   2.3000000e+01   4.4316318e-15   5.9653125e-01   5.9653125e-01
   4.0000000e+00   2.3000000e+01   4.4100938e-15   5.8362500e-01   5.8362500e-01
   5.0000000e+00   2.3000000e+01   4.4129432e-15   5.6606250e-01   5.6606250e-01
   6.0000000e+00   2.3000000e+01   4.1551405e-15   5.4131250e-01   5.4131250e-01
   7.0000000e+00   2.3000000e+01   4.0065497e-15   5.2259375e-01   5.2259375e-01
   8.0000000e+00   2.3000000e+01   3.9676054e-15   5.3112500e-01   5.3112500e-01
   9.0000000e+00   2.3000000e+01   4.2263391e-15   5.6450000e-01   5.6450000e-01
   1.0000000e+01   2.3000000e+01   4.7548801e-15   6.1296875e-01   6.1296875e-01
   1.1000000e+01   2.3000000e+01   4.9471170e-15   6.4253125e-01   6.4253125e-01
   1.2000000e+01   2.3000000e+01   5.0996184e-15   6.6996875e-01   6.6996875e-01
   1.3000000e+01   2.3000000e+01   4.9860970e-15   6.7828125e-01   6.7828125e-01
   1.4000000e+01   2.3000000e+01   5.1274961e-15   6.7359375e-01   6.7359375e-01
   1.5000000e+01   2.3000000e+01   5.1186268e-15   6.6506250e-01   6.6506250e-01
   1.6000000e+01   2.3000000e+01   4.9437264e-15   6.4525000e-01   6.4525000e-01
   1.7000000e+01   2.3000000e+01   4.7757151e-15   6.3300000e-01   6.3300000e-01
   1.8000000e+01   2.3000000e+01   4.6343354e-15   6.1234375e-01   6.1234375e-01
   1.9000000e+01   2.3000000e+01   4.4499136e-15   5.8909375e-01   5.8909375e-01
   2.0000000e+01   2.3000000e+01   4.4561422e-15   5.8115625e-01   5.8115625e-01
   2.1000000e+01   2.3000000e+01   4.4142008e-15   5.6918750e-01   5.6918750e-01
   2.2000000e+01   2.3000000e+01   4.3095457e-15   5.5193750e-01   5.5193750e-01
   2.3000000e+01   2.3000000e+01   4.0182130e-15   5.2071875e-01   5.2071875e-01
   2.4000000e+01   2.3000000e+01   3.9577398e-15   5.1737500e-01   5.1737500e-01
   2.5000000e+01   2.3000000e+01   4.2657032e-15   5.4415625e-01   5.4415625e-01
   2.6000000e+01   2.3000000e+01   4.4734517e-15   5.8806250e-01   5.8806250e-01
   2.7000000e+01   2.3000000e+01   4.6888682e-15   6.2756250e-01   6.2756250e-01
   2.8000000e+01   2.3000000e+01   5.0022060e-15   6.5890625e-01   6.5890625e-01
   2.9000000e+01   2.3000000e+01   5.1298619e-15   6.7446875e-01   6.7446875e-01
   3.0000000e+01   2.3000000e+01   5.1939948e-15   6.7462500e-01   6.7462500e-01
   3.1000000e+01   2.3000000e+01   5.1286403e-15   6.6900000e-01   6.6900000e-01
   3.2000000e+01   2.3000000e+01   4.8489653e-15   6.5609375e-01   6.5609375e-01
   3.3000000e+01   2.3000000e+01   4.8572782e-15   6.4215625e-01   6.4215625e-01
   3.4000000e+01   2.3000000e+01   4.6799311e-15   6.1921875e-01   6.1921875e-01
   3.5000000e+01   2.3000000e+01   4.5034743e-15   5.9209375e-01   5.9209375e-01
   1.0000000e+00   2.4000000e+01   4.4205511e-15   5.8934375e-01   5.8934375e-01
   2.0000000e+00   2.4000000e+01   4.1438977e-15   5.6743750e-01   5.6743750e-01
   3.0000000e+00   2.4000000e+01   4.1892693e-15   5.5825000e-01   5.5825000e-01
   4.0000000e+00   2.4000000e+01   4.1044253e-15   5.4887500e-01   5.4887500e-01
   5.0000000e+00   2.4000000e+01   4.1615165e-15   5.3628125e-01   5.3628125e-01
   6.0000000e+00   2.4000000e+01   3.9151294e-15   5.1031250e-01   5.1031250e-01
   7.0000000e+00   2.4000000e+01   3.6016672e-15   4.8584375e-01   4.8584375e-01
   8.0000000e+00   2.4000000e+01   3.7347854e-15   4.9712500e-01   4.9712500e-01
   9.0000000e+00   2.4000000e+01   3.9373636e-15   5.3293750e-01   5.3293750e-01
   1.0000000e+01   2.4000000e+01   4.2639383e-15   5.7671875e-01   5.7671875e-01
   1.1000000e+01   2.4000000e+01   4.6495097e-15   6.1796875e-01   6.1796875e-01
   1.2000000e+01   2.4000000e+01   4.7878837e-15   6.3890625e-01   6.3890625e-01
   1.3000000e+01   2.4000000e+01   5.0219696e-15   6.4956250e-01   6.4956250e-01
   1.4000000e+01   2.4000000e+01   5.0127542e-15   6.4709375e-01   6.4709375e-01
   1.5000000e+01   2.4000000e+01   4.8356628e-15   6.2521875e-01   6.2521875e-01
   1.6000000e+01   2.4000000e+01   4.6525485e-15   6.0900000e-01   6.0900000e-01
   1.7000000e+01   2.4000000e+01   4.4241709e-15   5.9100000e-01   5.9100000e-01
   1.8000000e+01   2.4000000e+01   4.2281478e-15   5.7340625e-01   5.7340625e-01
   1.9000000e+01   2.4000000e+01   4.0490179e-15   5.4943750e-01   5.4943750e-01
   2.0000000e+01   2.4000000e+01   4.0823457e-15   5.4700000e-01   5.4700000e-01
   2.1000000e+01   2.4000000e+01   4.0780484e-15   5.3506250e-01   5.3506250e-01
   2.2000000e+01   2.4000000e+01   4.0771336e-15   5.2159375e-01   5.2159375e-01
   2.3000000e+01   2.4000000e+01   3.8006538e-15   4.9253125e-01   4.9253125e-01
   2.4000000e+01   2.4000000e+01   3.7507270e-15   4.8390625e-01   4.8390625e-01
   2.5000000e+01   2.4000000e+01   3.8452670e-15   5.0553125e-01   5.0553125e-01
   2.6000000e+01   2.4000000e+01   4.2690947e-15   5.5450000e-01   5.5450000e-01
   2.7000000e+01   2.4000000e+01   4.5371625e-15   5.9046875e-01   5.9046875e-01
   2.8000000e+01   2.4000000e+01   4.8092287e-15   6.2750000e-01   6.2750000e-01
   2.9000000e+01   2.4000000e+01   4.9601757e-15   6.4493750e-01   6.4493750e-01
   3.0000000e+01   2.4000000e+01   4.8881543e-15   6.4687500e-01   6.4687500e-01
   3.1000000e+01   2.4000000e+01   4.6884337e-15   6.3837500e-01   6.3837500e-01
   3.2000000e+01   2.4000000e+01   4.6231356e-15   6.2215625e-01   6.2215625e-01
   3.3000000e+01   2.4000000e+01   4.5270349e-15   6.0228125e-01   6.0228125e-01
   3.4000000e+01   2.4000000e+01   4.3701489e-15   5.8390625e-01   5.8390625e-01
   3.5000000e+01   2.4000000e+01   4.3222872e-15   5.6112500e-01   5.6112500e-01
   1.0000000e+00   2.5000000e+01   4.1300902e-15   5.4387500e-01   5.4387500e-01
   2.0000000e+00   2.5000000e+01   3.9680833e-15   5.2628125e-01   5.2628125e-01
   3.0000000e+00   2.5000000e+01   3.9080023e-15   5.1959375e-01   5.1959375e-01
   4.0000000e+00   2.5000000e+01   3.8337585e-15   5.1418750e-01   5.1418750e-01
   5.0000000e+00   2.5000000e+01   3.7352189e-15   4.9778125e-01   4.9778125e-01
   6.0000000e+00   2.5000000e+01   3.4855564e-15   4.7490625e-01   4.7490625e-01
   7.0000000e+00   2.5000000e+01   3.3623702e-15   4.5790625e-01   4.5790625e-01
   8.0000000e+00   2.5000000e+01   3.3598225e-15   4.5759375e-01   4.5759375e-01
   9.0000000e+00   2.5000000e+01   3.7548608e-15   4.8609375e-01   4.8609375e-01
   1.0000000e+01   2.5000000e+01   4.0548705e-15   5.2975000e-01   5.2975000e-01
   1.1000000e+01   2.5000000e+01   4.3012185e-15   5.6443750e-01   5.6443750e-01
   1.2000000e+01   2.5000000e+01   4.4935899e-15   5.9928125e-01   5.9928125e-01
   1.3000000e+01   2.5000000e+01   4.4522248e-15   5.9900000e-01   5.9900000e-01
   1.4000000e+01   2.5000000e+01   4.4005505e-15   5.9606250e-01   5.9606250e-01
   1.5000000e+01   2.5000000e+01   4.3964378e-15   5.7171875e-01   5.7171875e-01
   1.6000000e+01   2.5000000e+01   4.1608533e-15   5.5225000e-01   5.5225000e-01
   1.7000000e+01   2.5000000e+01   3.9841397e-15   5.3915625e-01   5.3915625e-01
   1.8000000e+01   2.5000000e+01   4.0929891e-15   5.2359375e-01   5.2359375e-01
   1.9000000e+01   2.5000000e+01   3.9683303e-15   5.1881250e-01   5.1881250e-01
   2.0000000e+01   2.5000000e+01   3.7191916e-15   5.1106250e-01   5.1106250e-01
   2.1000000e+01   2.5000000e+01   3.8440564e-15   4.9481250e-01   4.9481250e-01
   2.2000000e+01   2.5000000e+01   3.6816020e-15   4.8312500e-01   4.8312500e-01
   2.3000000e+01   2.5000000e+01   3.4628212e-15   4.6240625e-01   4.6240625e-01
   2.4000000e+01   2.5000000e+01   3.3332030e-15   4.4987500e-01   4.4987500e-01
   2.5000000e+01   2.5000000e+01   3.6000802e-15   4.6746875e-01   4.6746875e-01
   2.6000000e+01   2.5000000e+01   3.7154106e-15   4.9900000e-01   4.9900000e-01
   2.7000000e+01   2.5000000e+01   4.1065934e-15   5.5225000e-01   5.5225000e-01
   2.8000000e+01   2.5000000e+01   4.3905703e-15   5.8481250e-01   5.8481250e-01
   2.9000000e+01   2.5000000e+01   4.5982305e-15   6.0056250e-01   6.0056250e-01
   3.0000000e+01   2.5000000e+01   4.5613778e-15   5.9581250e-01   5.9581250e-01
   3.1000000e+01   2.5000000e+01   4.4555912e-15   5.9037500e-01   5.9037500e-01
   3.2000000e+01   2.5000000e+01   4.2480856e-15   5.6734375e-01   5.6734375e-01
   3.3000000e+01   2.5000000e+01   4.0918717e-15   5.4843750e-01   5.4843750e-01
   3.4000000e+01   2.5000000e+01   3.8751253e-15   5.3246875e-01   5.3246875e-01
   3.5000000e+01   2.5000000e+01   3.8395446e-15   5.2693750e-01   5.2693750e-01
   1.0000000e+00   2.6000000e+01   3.7356093e-15   4.9959375e-01   4.9959375e-01
   2.0000000e+00   2.6000000e+01   3.6269395e-15   4.8931250e-01   4.8931250e-01
   3.0000000e+00   2.6000000e+01   3.5846429e-15   4.7846875e-01   4.7846875e-01
   4.0000000e+00   2.6000000e+01   3.4987872e-15   4.7303125e-01   4.7303125e-01
   5.0000000e+00   2.6000000e+01   3.3096405e-15   4.5684375e-01   4.5684375e-01
   6.0000000e+00   2.6000000e+01   3.2960737e-15   4.3931250e-01   4.3931250e-01
   7.0000000e+00   2.6000000e+01   3.1819356e-15   4.3068750e-01   4.3068750e-01
   8.0000000e+00   2.6000000e+01   3.1539936e-15   4.3628125e-01   4.3628125e-01
   9.0000000e+00   2.6000000e+01   3.4655926e-15   4.6059375e-01   4.6059375e-01
   1.0000000e+01   2.6000000e+01   3.7951819e-15   4.9662500e-01   4.9662500e-01
   1.1000000e+01   2.6000000e+01   3.9795056e-15   5.3087500e-01   5.3087500e-01
   1.2000000e+01   2.6000000e+01   4.0838214e-15   5.5781250e-01   5.5781250e-01
   1.3000000e+01   2.6000000e+01   4.2050157e-15   5.5881250e-01   5.5881250e-01
   1.4000000e+01   2.6000000e+01   4.1336284e-15   5.4578125e-01   5.4578125e-01
   1.5000000e+01   2.6000000e+01   3.9826457e-15   5.2609375e-01   5.2609375e-01
   1.6000000e+01   2.6000000e+01   3.6955120e-15   5.0540625e-01   5.0540625e-01
   1.7000000e+01   2.6000000e+01   3.7481863e-15   4.9612500e-01   4.9612500e-01
   1.8000000e+01   2.6000000e+01   3.6894878e-15   4.8568750e-01   4.8568750e-01
   1.9000000e+01   2.6000000e+01   3.6130810e-15   4.8025000e-01   4.8025000e-01
   2.0000000e+01   2.6000000e+01   3.4633023e-15   4.6281250e-01   4.6281250e-01
   2.1000000e+01   2.6000000e+01   3.2815086e-15   4.5434375e-01   4.5434375e-01
   2.2000000e+01   2.6000000e+01   3.2765035e-15   4.4571875e-01   4.4571875e-01
   2.3000000e+01   2.6000000e+01   3.3393044e-15   4.3103125e-01   4.3103125e-01
   2.4000000e+01   2.6000000e+01   3.2619584e-15   4.2984375e-01   4.2984375e-01
   2.5000000e+01   2.6000000e+01   3.3138082e-15   4.4896875e-01   4.4896875e-01
   2.6000000e+01   2.6000000e+01   3.5379781e-15   4.7784375e-01   4.7784375e-01
   2.7000000e+01   2.6000000e+01   3.8113816e-15   5.1762500e-01   5.1762500e-01
   2.8000000e+01   2.6000000e+01   4.0638242e-15   5.4815625e-01   5.4815625e-01
   2.9000000e+01   2.6000000e+01   4.0696873e-15   5.6131250e-01   5.6131250e-01
   3.0000000e+01   2.6000000e+01   4.1811299e-15   5.5353125e-01   5.5353125e-01
   3.1000000e+01   2.6000000e+01   4.0458470e-15   5.4084375e-01   5.4084375e-01
   3.2000000e+01   2.6000000e+01   3.7477509e-15   5.1615625e-01   5.1615625e-01
   3.3000000e+01   2.6000000e+01   3.7424794e-15   5.0509375e-01   5.0509375e-01
   3.4000000e+01   2.6000000e+01   3.6472811e-15   4.8690625e-01   4.8690625e-01
   3.5000000e+01   2.6000000e+01   3.7010755e-15   4.8334375e-01   4.8334375e-01
   1.0000000e+00   2.7000000e+01   3.5017521e-15   4.6443750e-01   4.6443750e-01
   2.0000000e+00   2.7000000e+01   3.3911100e-15   4.5893750e-01   4.5893750e-01
   3.0000000e+00   2.7000000e+01   3.2690325e-15   4.4681250e-01   4.4681250e-01
   4.0000000e+00   2.7000000e+01   3.2346418e-15   4.3818750e-01   4.3818750e-01
   5.0000000e+00   2.7000000e+01   3.0495989e-15   4.2046875e-01   4.2046875e-01
   6.0000000e+00   2.7000000e+01   2.9034026e-15   4.1009375e-01   4.1009375e-01
   7.0000000e+00   2.7000000e+01   3.0285550e-15   4.1146875e-01   4.1146875e-01
   8.0000000e+00   2.7000000e+01   3.2480219e-15   4.2978125e-01   4.2978125e-01
   9.0000000e+00   2.7000000e+01   3.4880213e-15   4.5896875e-01   4.5896875e-01
   1.0000000e+01   2.7000000e+01   3.6269888e-15   4.9728125e-01   4.9728125e-01
   1.1000000e+01   2.7000000e+01   3.8934832e-15   5.2318750e-01   5.2318750e-01
   1.2000000e+01   2.7000000e+01   4.2050014e-15   5.3803125e-01   5.3803125e-01
   1.3000000e+01   2.7000000e+01   4.1583030e-15   5.4090625e-01   5.4090625e-01
   1.4000000e+01   2.7000000e+01   3.9473061e-15   5.2884375e-01   5.2884375e-01
   1.5000000e+01   2.7000000e+01   3.7727741e-15   5.1106250e-01   5.1106250e-01
   1.6000000e+01   2.7000000e+01   3.5509175e-15   4.9168750e-01   4.9168750e-01
   1.7000000e+01   2.7000000e+01   3.5369412e-15   4.6959375e-01   4.6959375e-01
   1.8000000e+01   2.7000000e+01   3.5371975e-15   4.6593750e-01   4.6593750e-01
   1.9000000e+01   2.7000000e+01   3.3359424e-15   4.4740625e-01   4.4740625e-01
   2.0000000e+01   2.7000000e+01   3.2930020e-15   4.3900000e-01   4.3900000e-01
   2.1000000e+01   2.7000000e+01   3.2240857e-15   4.2706250e-01   4.2706250e-01
   2.2000000e+01   2.7000000e+01   3.0307247e-15   4.1034375e-01   4.1034375e-01
   2.3000000e+01   2.7000000e+01   2.9317148e-15   4.0709375e-01   4.0709375e-01
   2.4000000e+01   2.7000000e+01   3.0532189e-15   4.1465625e-01   4.1465625e-01
   2.5000000e+01   2.7000000e+01   3.4291620e-15   4.4253125e-01   4.4253125e-01
   2.6000000e+01   2.7000000e+01   3.6063194e-15   4.7265625e-01   4.7265625e-01
   2.7000000e+01   2.7000000e+01   3.8612984e-15   5.0600000e-01   5.0600000e-01
   2.8000000e+01   2.7000000e+01   3.9574192e-15   5.3203125e-01   5.3203125e-01
   2.9000000e+01   2.7000000e+01   4.1070789e-15   5.3993750e-01   5.3993750e-01
   3.0000000e+01   2.7000000e+01   4.1338491e-15   5.3415625e-01   5.3415625e-01
   3.1000000e+01   2.7000000e+01   3.9296335e-15   5.1681250e-01   5.1681250e-01
   3.2000000e+01   2.7000000e+01   3.6792998e-15   4.9653125e-01   4.9653125e-01
   3.3000000e+01   2.7000000e+01   3.5275136e-15   4.7803125e-01   4.7803125e-01
   3.4000000e+01   2.7000000e+01   3.5165323e-15   4.6396875e-01   4.6396875e-01
   3.5000000e+01   2.7000000e+01   3.4190928e-15   4.5040625e-01   4.5040625e-01
   1.0000000e+00   2.8000000e+01   3.4585209e-15   4.6534375e-01   4.6534375e-01
   2.0000000e+00   2.8000000e+01   3.5891083e-15   4.5918750e-01   4.5918750e-01
   3.0000000e+00   2.8000000e+01   3.2779855e-15   4.5140625e-01   4.5140625e-01
   4.0000000e+00   2.8000000e+01   3.2499152e-15   4.3906250e-01   4.3906250e-01
   5.0000000e+00   2.8000000e+01   3.2833971e-15   4.1662500e-01   4.1662500e-01
   6.0000000e+00   2.8000000e+01   2.9331138e-15   3.9909375e-01   3.9909375e-01
   7.0000000e+00   2.8000000e+01   3.0231470e-15   4.0540625e-01   4.0540625e-01
   8.0000000e+00   2.8000000e+01   3.2004648e-15   4.2878125e-01   4.2878125e-01
   9.0000000e+00   2.8000000e+01   3.4435317e-15   4.5993750e-01   4.5993750e-01
   1.0000000e+01   2.8000000e+01   3.8733738e-15   5.0628125e-01   5.0628125e-01
   1.1000000e+01   2.8000000e+01   4.0982797e-15   5.4337500e-01   5.4337500e-01
   1.2000000e+01   2.8000000e+01   4.3408472e-15   5.5787500e-01   5.5787500e-01
   1.3000000e+01   2.8000000e+01   4.2094060e-15   5.5984375e-01   5.5984375e-01
   1.4000000e+01   2.8000000e+01   4.1015223e-15   5.3993750e-01   5.3993750e-01
   1.5000000e+01   2.8000000e+01   3.8484253e-15   5.2015625e-01   5.2015625e-01
   1.6000000e+01   2.8000000e+01   3.9646587e-15   4.9384375e-01   4.9384375e-01
   1.7000000e+01   2.8000000e+01   3.6362875e-15   4.7609375e-01   4.7609375e-01
   1.8000000e+01   2.8000000e+01   3.4754046e-15   4.6590625e-01   4.6590625e-01
   1.9000000e+01   2.8000000e+01   3.4588775e-15   4.6215625e-01   4.6215625e-01
   2.0000000e+01   2.8000000e+01   3.2659604e-15   4.4525000e-01   4.4525000e-01
   2.1000000e+01   2.8000000e+01   3.2400609e-15   4.2606250e-01   4.2606250e-01
   2.2000000e+01   2.8000000e+01   2.8985718e-15   4.0312500e-01   4.0312500e-01
   2.3000000e+01   2.8000000e+01   2.9735153e-15   3.9325000e-01   3.9325000e-01
   2.4000000e+01   2.8000000e+01   3.0554033e-15   4.0746875e-01   4.0746875e-01
   2.5000000e+01   2.8000000e+01   3.3593893e-15   4.4218750e-01   4.4218750e-01
   2.6000000e+01   2.8000000e+01   3.5690133e-15   4.8262500e-01   4.8262500e-01
   2.7000000e+01   2.8000000e+01   4.1528089e-15   5.2778125e-01   5.2778125e-01
   2.8000000e+01   2.8000000e+01   4.2280003e-15   5.5284375e-01   5.5284375e-01
   2.9000000e+01   2.8000000e+01   4.1849758e-15   5.5228125e-01   5.5228125e-01
   3.0000000e+01   2.8000000e+01   4.1193969e-15   5.4540625e-01   5.4540625e-01
   3.1000000e+01   2.8000000e+01   4.1327989e-15   5.2540625e-01   5.2540625e-01
   3.2000000e+01   2.8000000e+01   3.8843628e-15   5.0106250e-01   5.0106250e-01
   3.3000000e+01   2.8000000e+01   3.5600161e-15   4.7834375e-01   4.7834375e-01
   3.4000000e+01   2.8000000e+01   3.5121690e-15   4.6906250e-01   4.6906250e-01
   3.5000000e+01   2.8000000e+01   3.4569372e-15   4.6025000e-01   4.6025000e-01
   1.0000000e+00   2.9000000e+01   3.6363236e-15   4.6843750e-01   4.6843750e-01
   2.0000000e+00   2.9000000e+01   3.7465497e-15   4.7709375e-01   4.7709375e-01
   3.0000000e+00   2.9000000e+01   3.4973899e-15   4.7240625e-01   4.7240625e-01
   4.0000000e+00   2.9000000e+01   3.3600740e-15   4.5456250e-01   4.5456250e-01
   5.0000000e+00   2.9000000e+01   3.1803382e-15   4.3215625e-01   4.3215625e-01
   6.0000000e+00   2.9000000e+01   3.1641250e-15   4.0950000e-01   4.0950000e-01
   7.0000000e+00   2.9000000e+01   3.1066777e-15   4.0950000e-01   4.0950000e-01
   8.0000000e+00   2.9000000e+01   3.2200622e-15   4.2896875e-01   4.2896875e-01
   9.0000000e+00   2.9000000e+01   3.5492529e-15   4.6453125e-01   4.6453125e-01
   1.0000000e+01   2.9000000e+01   4.0553830e-15   5.1887500e-01   5.1887500e-01
   1.1000000e+01   2.9000000e+01   4.3240566e-15   5.6203125e-01   5.6203125e-01
   1.2000000e+01   2.9000000e+01   4.2639180e-15   5.7828125e-01   5.7828125e-01
   1.3000000e+01   2.9000000e+01   4.3476519e-15   5.7515625e-01   5.7515625e-01
   1.4000000e+01   2.9000000e+01   4.3445494e-15   5.5350000e-01   5.5350000e-01
   1.5000000e+01   2.9000000e+01   4.0706669e-15   5.3303125e-01   5.3303125e-01
   1.6000000e+01   2.9000000e+01   3.6975496e-15   5.0131250e-01   5.0131250e-01
   1.7000000e+01   2.9000000e+01   3.5353824e-15   4.8234375e-01   4.8234375e-01
   1.8000000e+01   2.9000000e+01   3.7052423e-15   4.7568750e-01   4.7568750e-01
   1.9000000e+01   2.9000000e+01   3.6383918e-15   4.7887500e-01   4.7887500e-01
   2.0000000e+01   2.9000000e+01   3.5939912e-15   4.6728125e-01   4.6728125e-01
   2.1000000e+01   2.9000000e+01   3.2686587e-15   4.4546875e-01   4.4546875e-01
   2.2000000e+01   2.9000000e+01   3.2874979e-15   4.1937500e-01   4.1937500e-01
   2.3000000e+01   2.9000000e+01   3.0872197e-15   4.1078125e-01   4.1078125e-01
   2.4000000e+01   2.9000000e+01   3.2315824e-15   4.1856250e-01   4.1856250e-01
   2.5000000e+01   2.9000000e+01   3.3560354e-15   4.4496875e-01   4.4496875e-01
   2.6000000e+01   2.9000000e+01   3.7872269e-15   4.9540625e-01   4.9540625e-01
   2.7000000e+01   2.9000000e+01   4.1722728e-15   5.4331250e-01   5.4331250e-01
   2.8000000e+01   2.9000000e+01   4.4603342e-15   5.7500000e-01   5.7500000e-01
   2.9000000e+01   2.9000000e+01   4.4710857e-15   5.7787500e-01   5.7787500e-01
   3.0000000e+01   2.9000000e+01   4.2389695e-15   5.6221875e-01   5.6221875e-01
   3.1000000e+01   2.9000000e+01   4.0272997e-15   5.4156250e-01   5.4156250e-01
   3.2000000e+01   2.9000000e+01   3.9174175e-15   5.0668750e-01   5.0668750e-01
   3.3000000e+01   2.9000000e+01   3.6618040e-15   4.7962500e-01   4.7962500e-01
   3.4000000e+01   2.9000000e+01   3.5061638e-15   4.7175000e-01   4.7175000e-01
   3.5000000e+01   2.9000000e+01   3.4908492e-15   4.7181250e-01   4.7181250e-01
   1.0000000e+00   3.0000000e+01   3.7645105e-15   4.8496875e-01   4.8496875e-01
   2.0000000e+00   3.0000000e+01   3.6104364e-15   4.8550000e-01   4.8550000e-01
   3.0000000e+00   3.0000000e+01   3.6081499e-15   4.8618750e-01   4.8618750e-01
   4.0000000e+00   3.0000000e+01   3.6680622e-15   4.7556250e-01   4.7556250e-01
   5.0000000e+00   3.0000000e+01   3.3940692e-15   4.4706250e-01   4.4706250e-01
   6.0000000e+00   3.0000000e+01   3.1838395e-15   4.2984375e-01   4.2984375e-01
   7.0000000e+00   3.0000000e+01   3.1913059e-15   4.3137500e-01   4.3137500e-01
   8.0000000e+00   3.0000000e+01   3.4043785e-15   4.5778125e-01   4.5778125e-01
   9.0000000e+00   3.0000000e+01   3.7005704e-15   4.8968750e-01   4.8968750e-01
   1.0000000e+01   3.0000000e+01   4.0892619e-15   5.3831250e-01   5.3831250e-01
   1.1000000e+01   3.0000000e+01   4.4292166e-15   5.7743750e-01   5.7743750e-01
   1.2000000e+01   3.0000000e+01   4.4769063e-15   5.9543750e-01   5.9543750e-01
   1.3000000e+01   3.0000000e+01   4.5658790e-15   5.8859375e-01   5.8859375e-01
   1.4000000e+01   3.0000000e+01   4.5139126e-15   5.8484375e-01   5.8484375e-01
   1.5000000e+01   3.0000000e+01   4.1590340e-15   5.5596875e-01   5.5596875e-01
   1.6000000e+01   3.0000000e+01   3.9238847e-15   5.1596875e-01   5.1596875e-01
   1.7000000e+01   3.0000000e+01   3.8340192e-15   5.0687500e-01   5.0687500e-01
   1.8000000e+01   3.0000000e+01   3.7327093e-15   4.8981250e-01   4.8981250e-01
   1.9000000e+01   3.0000000e+01   3.8403340e-15   4.9181250e-01   4.9181250e-01
   2.0000000e+01   3.0000000e+01   3.6743437e-15   4.8246875e-01   4.8246875e-01
   2.1000000e+01   3.0000000e+01   3.4732574e-15   4.6031250e-01   4.6031250e-01
   2.2000000e+01   3.0000000e+01   3.3348669e-15   4.3900000e-01   4.3900000e-01
   2.3000000e+01   3.0000000e+01   3.1295816e-15   4.3187500e-01   4.3187500e-01
   2.4000000e+01   3.0000000e+01   3.4211512e-15   4.4562500e-01   4.4562500e-01
   2.5000000e+01   3.0000000e+01   3.5700138e-15   4.7768750e-01   4.7768750e-01
   2.6000000e+01   3.0000000e+01   3.9629373e-15   5.1237500e-01   5.1237500e-01
   2.7000000e+01   3.0000000e+01   4.3868569e-15   5.6353125e-01   5.6353125e-01
   2.8000000e+01   3.0000000e+01   4.4042616e-15   5.9065625e-01   5.9065625e-01
   2.9000000e+01   3.0000000e+01   4.6381735e-15   5.8896875e-01   5.8896875e-01
   3.0000000e+01   3.0000000e+01   4.4037420e-15   5.8059375e-01   5.8059375e-01
   3.1000000e+01   3.0000000e+01   4.2639862e-15   5.6162500e-01   5.6162500e-01
   3.2000000e+01   3.0000000e+01   3.9973363e-15   5.2696875e-01   5.2696875e-01
   3.3000000e+01   3.0000000e+01   3.7872717e-15   5.0550000e-01   5.0550000e-01
   3.4000000e+01   3.0000000e+01   3.7358398e-15   4.8665625e-01   4.8665625e-01
   3.5000000e+01   3.0000000e+01   3.6595113e-15   4.8371875e-01   4.8371875e-01
   1.0000000e+00   3.1000000e+01   3.9245697e-15   5.1171875e-01   5.1171875e-01
   2.0000000e+00   3.1000000e+01   3.7329775e-15   4.9612500e-01   4.9612500e-01
   3.0000000e+00   3.1000000e+01   3.6993757e-15   4.8859375e-01   4.8859375e-01
   4.0000000e+00   3.1000000e+01   3.6844616e-15   4.7843750e-01   4.7843750e-01
   5.0000000e+00   3.1000000e+01   3.5678252e-15   4.6078125e-01   4.6078125e-01
   6.0000000e+00   3.1000000e+01   3.2405921e-15   4.4837500e-01   4.4837500e-01
   7.0000000e+00   3.1000000e+01   3.4171170e-15   4.5531250e-01   4.5531250e-01
   8.0000000e+00   3.1000000e+01   3.8043804e-15   4.8337500e-01   4.8337500e-01
   9.0000000e+00   3.1000000e+01   3.9582320e-15   5.1743750e-01   5.1743750e-01
   1.0000000e+01   3.1000000e+01   4.3331120e-15   5.6500000e-01   5.6500000e-01
   1.1000000e+01   3.1000000e+01   4.4788945e-15   5.9331250e-01   5.9331250e-01
   1.2000000e+01   3.1000000e+01   4.8066159e-15   6.1740625e-01   6.1740625e-01
   1.3000000e+01   3.1000000e+01   4.7216171e-15   6.1312500e-01   6.1312500e-01
   1.4000000e+01   3.1000000e+01   4.5960790e-15   6.0243750e-01   6.0243750e-01
   1.5000000e+01   3.1000000e+01   4.3282211e-15   5.7928125e-01   5.7928125e-01
   1.6000000e+01   3.1000000e+01   4.2145933e-15   5.4659375e-01   5.4659375e-01
   1.7000000e+01   3.1000000e+01   4.0125853e-15   5.2828125e-01   5.2828125e-01
   1.8000000e+01   3.1000000e+01   3.8733828e-15   5.1387500e-01   5.1387500e-01
   1.9000000e+01   3.1000000e+01   3.7906490e-15   4.9703125e-01   4.9703125e-01
   2.0000000e+01   3.1000000e+01   3.6964501e-15   4.9356250e-01   4.9356250e-01
   2.1000000e+01   3.1000000e+01   3.5124684e-15   4.7478125e-01   4.7478125e-01
   2.2000000e+01   3.1000000e+01   3.3763190e-15   4.5396875e-01   4.5396875e-01
   2.3000000e+01   3.1000000e+01   3.4008651e-15   4.4578125e-01   4.4578125e-01
   2.4000000e+01   3.1000000e+01   3.5533179e-15   4.6121875e-01   4.6121875e-01
   2.5000000e+01   3.1000000e+01   3.7756437e-15   4.9737500e-01   4.9737500e-01
   2.6000000e+01   3.1000000e+01   4.1207091e-15   5.4125000e-01   5.4125000e-01
   2.7000000e+01   3.1000000e+01   4.3056816e-15   5.8384375e-01   5.8384375e-01
   2.8000000e+01   3.1000000e+01   4.6530925e-15   6.0437500e-01   6.0437500e-01
   2.9000000e+01   3.1000000e+01   4.6388933e-15   6.1071875e-01   6.1071875e-01
   3.0000000e+01   3.1000000e+01   4.6557297e-15   5.9968750e-01   5.9968750e-01
   3.1000000e+01   3.1000000e+01   4.3581148e-15   5.7853125e-01   5.7853125e-01
   3.2000000e+01   3.1000000e+01   4.0806383e-15   5.5640625e-01   5.5640625e-01
   3.3000000e+01   3.1000000e+01   3.9767298e-15   5.2734375e-01   5.2734375e-01
   3.4000000e+01   3.1000000e+01   3.9119717e-15   5.1165625e-01   5.1165625e-01
   3.5000000e+01   3.1000000e+01   3.7503274e-15   4.9278125e-01   4.9278125e-01
   1.0000000e+00   3.2000000e+01   4.0984037e-15   5.3512500e-01   5.3512500e-01
   2.0000000e+00   3.2000000e+01   3.8946753e-15   5.1693750e-01   5.1693750e-01
   3.0000000e+00   3.2000000e+01   3.8103063e-15   5.0381250e-01   5.0381250e-01
   4.0000000e+00   3.2000000e+01   3.7835109e-15   4.8825000e-01   4.8825000e-01
   5.0000000e+00   3.2000000e+01   3.5303997e-15   4.7925000e-01   4.7925000e-01
   6.0000000e+00   3.2000000e+01   3.4735202e-15   4.6587500e-01   4.6587500e-01
   7.0000000e+00   3.2000000e+01   3.6624962e-15   4.7228125e-01   4.7228125e-01
   8.0000000e+00   3.2000000e+01   3.8411238e-15   5.0100000e-01   5.0100000e-01
   9.0000000e+00   3.2000000e+01   4.0226353e-15   5.3534375e-01   5.3534375e-01
   1.0000000e+01   3.2000000e+01   4.2890450e-15   5.8218750e-01   5.8218750e-01
   1.1000000e+01   3.2000000e+01   4.7012632e-15   6.2025000e-01   6.2025000e-01
   1.2000000e+01   3.2000000e+01   4.8825924e-15   6.3896875e-01   6.3896875e-01
   1.3000000e+01   3.2000000e+01   4.8663498e-15   6.3978125e-01   6.3978125e-01
   1.4000000e+01   3.2000000e+01   4.7378137e-15   6.2884375e-01   6.2884375e-01
   1.5000000e+01   3.2000000e+01   4.6203611e-15   6.0118750e-01   6.0118750e-01
   1.6000000e+01   3.2000000e+01   4.3526876e-15   5.6603125e-01   5.6603125e-01
   1.7000000e+01   3.2000000e+01   4.0125609e-15   5.5065625e-01   5.5065625e-01
   1.8000000e+01   3.2000000e+01   3.9647376e-15   5.3071875e-01   5.3071875e-01
   1.9000000e+01   3.2000000e+01   4.1342266e-15   5.1996875e-01   5.1996875e-01
   2.0000000e+01   3.2000000e+01   3.7912771e-15   4.9668750e-01   4.9668750e-01
   2.1000000e+01   3.2000000e+01   3.6491168e-15   4.8765625e-01   4.8765625e-01
   2.2000000e+01   3.2000000e+01   3.4514567e-15   4.7234375e-01   4.7234375e-01
   2.3000000e+01   3.2000000e+01   3.4439106e-15   4.6690625e-01   4.6690625e-01
   2.4000000e+01   3.2000000e+01   3.5699355e-15   4.8356250e-01   4.8356250e-01
   2.5000000e+01   3.2000000e+01   3.7997505e-15   5.1365625e-01   5.1365625e-01
   2.6000000e+01   3.2000000e+01   4.1869795e-15   5.6146875e-01   5.6146875e-01
   2.7000000e+01   3.2000000e+01   4.6665450e-15   5.9546875e-01   5.9546875e-01
   2.8000000e+01   3.2000000e+01   4.7980417e-15   6.2831250e-01   6.2831250e-01
   2.9000000e+01   3.2000000e+01   4.8409643e-15   6.3303125e-01   6.3303125e-01
   3.0000000e+01   3.2000000e+01   4.6509198e-15   6.2356250e-01   6.2356250e-01
   3.1000000e+01   3.2000000e+01   4.5375263e-15   6.1140625e-01   6.1140625e-01
   3.2000000e+01   3.2000000e+01   4.3392929e-15   5.8165625e-01   5.8165625e-01
   3.3000000e+01   3.2000000e+01   4.1133632e-15   5.5131250e-01   5.5131250e-01
   3.4000000e+01   3.2000000e+01   4.0212944e-15   5.3287500e-01   5.3287500e-01
   3.5000000e+01   3.2000000e+01   3.8196040e-15   5.1303125e-01   5.1303125e-01
   1.0000000e+00   3.3000000e+01   4.0692069e-15   5.5471875e-01   5.5471875e-01
   2.0000000e+00   3.3000000e+01   4.0984517e-15   5.4437500e-01   5.4437500e-01
   3.0000000e+00   3.3000000e+01   3.9896456e-15   5.2881250e-01   5.2881250e-01
   4.0000000e+00   3.3000000e+01   3.8528363e-15   5.1112500e-01   5.1112500e-01
   5.0000000e+00   3.3000000e+01   3.7743778e-15   5.0378125e-01   5.0378125e-01
   6.0000000e+00   3.3000000e+01   3.6806003e-15   4.8521875e-01   4.8521875e-01
   7.0000000e+00   3.3000000e+01   3.5577496e-15   4.9221875e-01   4.9221875e-01
   8.0000000e+00   3.3000000e+01   3.9008664e-15   5.1512500e-01   5.1512500e-01
   9.0000000e+00   3.3000000e+01   4.2944877e-15   5.6200000e-01   5.6200000e-01
   1.0000000e+01   3.3000000e+01   4.6074947e-15   6.0950000e-01   6.0950000e-01
   1.1000000e+01   3.3000000e+01   4.9422061e-15   6.4953125e-01   6.4953125e-01
   1.2000000e+01   3.3000000e+01   5.0376471e-15   6.6975000e-01   6.6975000e-01
   1.3000000e+01   3.3000000e+01   5.2283133e-15   6.6737500e-01   6.6737500e-01
   1.4000000e+01   3.3000000e+01   4.8760331e-15   6.5478125e-01   6.5478125e-01
   1.5000000e+01   3.3000000e+01   4.8070859e-15   6.2800000e-01   6.2800000e-01
   1.6000000e+01   3.3000000e+01   4.5922838e-15   6.0200000e-01   6.0200000e-01
   1.7000000e+01   3.3000000e+01   4.2240143e-15   5.7109375e-01   5.7109375e-01
   1.8000000e+01   3.3000000e+01   4.2272361e-15   5.5243750e-01   5.5243750e-01
   1.9000000e+01   3.3000000e+01   4.1114013e-15   5.4325000e-01   5.4325000e-01
   2.0000000e+01   3.3000000e+01   3.9367036e-15   5.3012500e-01   5.3012500e-01
   2.1000000e+01   3.3000000e+01   3.9290457e-15   5.0946875e-01   5.0946875e-01
   2.2000000e+01   3.3000000e+01   3.6757789e-15   4.9496875e-01   4.9496875e-01
   2.3000000e+01   3.3000000e+01   3.7588630e-15   4.8575000e-01   4.8575000e-01
   2.4000000e+01   3.3000000e+01   3.6969574e-15   4.9606250e-01   4.9606250e-01
   2.5000000e+01   3.3000000e+01   4.0355552e-15   5.3187500e-01   5.3187500e-01
   2.6000000e+01   3.3000000e+01   4.3517629e-15   5.8100000e-01   5.8100000e-01
   2.7000000e+01   3.3000000e+01   4.7547012e-15   6.2028125e-01   6.2028125e-01
   2.8000000e+01   3.3000000e+01   4.9223736e-15   6.5328125e-01   6.5328125e-01
   2.9000000e+01   3.3000000e+01   5.1163456e-15   6.6165625e-01   6.6165625e-01
   3.0000000e+01   3.3000000e+01   4.9637672e-15   6.5231250e-01   6.5231250e-01
   3.1000000e+01   3.3000000e+01   4.8247630e-15   6.2531250e-01   6.2531250e-01
   3.2000000e+01   3.3000000e+01   4.5201893e-15   6.1171875e-01   6.1171875e-01
   3.3000000e+01   3.3000000e+01   4.3961384e-15   5.7528125e-01   5.7528125e-01
   3.4000000e+01   3.3000000e+01   4.2023639e-15   5.4562500e-01   5.4562500e-01
   3.5000000e+01   3.3000000e+01   4.0013080e-15   5.3903125e-01   5.3903125e-01
   1.0000000e+00   3.4000000e+01   4.2749828e-15   5.7778125e-01   5.7778125e-01
   2.0000000e+00   3.4000000e+01   4.1952546e-15   5.5568750e-01   5.5568750e-01
   3.0000000e+00   3.4000000e+01   4.2082217e-15   5.5034375e-01   5.5034375e-01
   4.0000000e+00   3.4000000e+01   4.0187249e-15   5.3828125e-01   5.3828125e-01
   5.0000000e+00   3.4000000e+01   3.9341444e-15   5.1562500e-01   5.1562500e-01
   6.0000000e+00   3.4000000e+01   3.9062300e-15   4.9546875e-01   4.9546875e-01
   7.0000000e+00   3.4000000e+01   3.7634927e-15   5.0165625e-01   5.0165625e-01
   8.0000000e+00   3.4000000e+01   3.9469347e-15   5.3990625e-01   5.3990625e-01
   9.0000000e+00   3.4000000e+01   4.2825974e-15   5.8303125e-01   5.8303125e-01
   1.0000000e+01   3.4000000e+01   4.8856626e-15   6.3484375e-01   6.3484375e-01
   1.1000000e+01   3.4000000e+01   5.1610981e-15   6.7081250e-01   6.7081250e-01
   1.2000000e+01   3.4000000e+01   5.3170405e-15   6.9221875e-01   6.9221875e-01
   1.3000000e+01   3.4000000e+01   5.2761403e-15   6.9456250e-01   6.9456250e-01
   1.4000000e+01   3.4000000e+01   5.0762755e-15   6.7521875e-01   6.7521875e-01
   1.5000000e+01   3.4000000e+01   4.8451822e-15   6.4975000e-01   6.4975000e-01
   1.6000000e+01   3.4000000e+01   4.6526662e-15   6.2184375e-01   6.2184375e-01
   1.7000000e+01   3.4000000e+01   4.6304878e-15   6.0409375e-01   6.0409375e-01
   1.8000000e+01   3.4000000e+01   4.4258277e-15   5.7762500e-01   5.7762500e-01
   1.9000000e+01   3.4000000e+01   4.2020008e-15   5.6150000e-01   5.6150000e-01
   2.0000000e+01   3.4000000e+01   4.0642545e-15   5.4556250e-01   5.4556250e-01
   2.1000000e+01   3.4000000e+01   3.9533125e-15   5.3225000e-01   5.3225000e-01
   2.2000000e+01   3.4000000e+01   3.7398128e-15   5.0643750e-01   5.0643750e-01
   2.3000000e+01   3.4000000e+01   3.7772991e-15   4.9750000e-01   4.9750000e-01
   2.4000000e+01   3.4000000e+01   3.9702023e-15   5.0909375e-01   5.0909375e-01
   2.5000000e+01   3.4000000e+01   4.2704428e-15   5.5609375e-01   5.5609375e-01
   2.6000000e+01   3.4000000e+01   4.5012153e-15   6.0668750e-01   6.0668750e-01
   2.7000000e+01   3.4000000e+01   5.0059683e-15   6.5287500e-01   6.5287500e-01
   2.8000000e+01   3.4000000e+01   5.2475693e-15   6.7909375e-01   6.7909375e-01
   2.9000000e+01   3.4000000e+01   5.3173318e-15   6.8781250e-01   6.8781250e-01
   3.0000000e+01   3.4000000e+01   5.2832150e-15   6.7493750e-01   6.7493750e-01
   3.1000000e+01   3.4000000e+01   4.9550991e-15   6.5515625e-01   6.5515625e-01
   3.2000000e+01   3.4000000e+01   4.7064787e-15   6.2675000e-01   6.2675000e-01
   3.3000000e+01   3.4000000e+01   4.4027946e-15   5.9915625e-01   5.9915625e-01
   3.4000000e+01   3.4000000e+01   4.2758523e-15   5.7034375e-01   5.7034375e-01
   3.5000000e+01   3.4000000e+01   4.2117390e-15   5.5718750e-01   5.5718750e-01
   1.0000000e+00   3.5000000e+01   4.4759532e-15   6.0115625e-01   6.0115625e-01
   2.0000000e+00   3.5000000e+01   4.3758767e-15   5.8896875e-01   5.8896875e-01
   3.0000000e+00   3.5000000e+01   4.2096038e-15   5.6440625e-01   5.6440625e-01
   4.0000000e+00   3.5000000e+01   4.0997197e-15   5.5525000e-01   5.5525000e-01
   5.0000000e+00   3.5000000e+01   3.9208726e-15   5.3493750e-01   5.3493750e-01
   6.0000000e+00   3.5000000e+01   3.8375387e-15   5.1268750e-01   5.1268750e-01
   7.0000000e+00   3.5000000e+01   3.9449063e-15   5.1781250e-01   5.1781250e-01
   8.0000000e+00   3.5000000e+01   4.2022328e-15   5.5593750e-01   5.5593750e-01
   9.0000000e+00   3.5000000e+01   4.6306292e-15   6.1328125e-01   6.1328125e-01
   1.0000000e+01   3.5000000e+01   4.9237177e-15   6.5834375e-01   6.5834375e-01
   1.1000000e+01   3.5000000e+01   5.2678921e-15   6.9506250e-01   6.9506250e-01
   1.2000000e+01   3.5000000e+01   5.3399507e-15   7.1390625e-01   7.1390625e-01
   1.3000000e+01   3.5000000e+01   5.2707451e-15   7.0368750e-01   7.0368750e-01
   1.4000000e+01   3.5000000e+01   5.3030903e-15   6.8750000e-01   6.8750000e-01
   1.5000000e+01   3.5000000e+01   5.1334843e-15   6.6540625e-01   6.6540625e-01
   1.6000000e+01   3.5000000e+01   4.9966766e-15   6.4590625e-01   6.4590625e-01
   1.7000000e+01   3.5000000e+01   4.9303121e-15   6.2503125e-01   6.2503125e-01
   1.8000000e+01   3.5000000e+01   4.6081255e-15   6.0265625e-01   6.0265625e-01
   1.9000000e+01   3.5000000e+01   4.4332273e-15   5.8103125e-01   5.8103125e-01
   2.0000000e+01   3.5000000e+01   4.3376590e-15   5.6859375e-01   5.6859375e-01
   2.1000000e+01   3.5000000e+01   4.2040617e-15   5.5040625e-01   5.5040625e-01
   2.2000000e+01   3.5000000e+01   3.9615267e-15   5.2462500e-01   5.2462500e-01
   2.3000000e+01   3.5000000e+01   3.7791735e-15   5.0587500e-01   5.0587500e-01
   2.4000000e+01   3.5000000e+01   4.0477856e-15   5.3525000e-01   5.3525000e-01
   2.5000000e+01   3.5000000e+01   4.5161247e-15   5.8815625e-01   5.8815625e-01
   2.6000000e+01   3.5000000e+01   4.8204126e-15   6.4025000e-01   6.4025000e-01
   2.7000000e+01   3.5000000e+01   5.2312097e-15   6.7978125e-01   6.7978125e-01
   2.8000000e+01   3.5000000e+01   5.2627285e-15   6.9575000e-01   6.9575000e-01
   2.9000000e+01   3.5000000e+01   5.1879650e-15   7.0359375e-01   7.0359375e-01
   3.0000000e+01   3.5000000e+01   5.1832564e-15   6.8956250e-01   6.8956250e-01
   3.1000000e+01   3.5000000e+01   4.9705094e-15   6.6403125e-01   6.6403125e-01
   3.2000000e+01   3.5000000e+01   4.9686255e-15   6.4446875e-01   6.4446875e-01
   3.3000000e+01   3.5000000e+01   4.8232253e-15   6.2037500e-01   6.2037500e-01
   3.4000000e+01   3.5000000e+01   4.5951604e-15   5.9937500e-01   5.9937500e-01
   3.5000000e+01   3.5000000e+01   4.4331466e-15   5.7400000e-01   5.7400000e-01
