   1.0000000e+00   1.0000000e+00   2.7121624e-15   3.8196875e-01   3.8196875e-01
   2.0000000e+00   1.0000000e+00   2.5098111e-15   3.5568750e-01   3.5568750e-01
   3.0000000e+00   1.0000000e+00   2.4992926e-15   3.4790625e-01   3.4790625e-01
   4.0000000e+00   1.0000000e+00   2.3698659e-15   3.3203125e-01   3.3203125e-01
   5.0000000e+00   1.0000000e+00   2.2856944e-15   3.2106250e-01   3.2106250e-01
   6.0000000e+00   1.0000000e+00   2.1494582e-15   3.1065625e-01   3.1065625e-01
   7.0000000e+00   1.0000000e+00   2.1119371e-15   3.0778125e-01   3.0778125e-01
   8.0000000e+00   1.0000000e+00   2.3974106e-15   3.3112500e-01   3.3112500e-01
   9.0000000e+00   1.0000000e+00   2.7788966e-15   3.6684375e-01   3.6684375e-01
   1.0000000e+01   1.0000000e+00   3.1068349e-15   4.1246875e-01   4.1246875e-01
   1.1000000e+01   1.0000000e+00   3.2997725e-15   4.4268750e-01   4.4268750e-01
   1.2000000e+01   1.0000000e+00   3.4436792e-15   4.6396875e-01   4.6396875e-01
   1.3000000e+01   1.0000000e+00   3.3902680e-15   4.6212500e-01   4.6212500e-01
   1.4000000e+01   1.0000000e+00   3.3865943e-15   4.4928125e-01   4.4928125e-01
   1.5000000e+01   1.0000000e+00   3.3215686e-15   4.3159375e-01   4.3159375e-01
   1.6000000e+01   1.0000000e+00   3.0822254e-15   4.0881250e-01   4.0881250e-01
   1.7000000e+01   1.0000000e+00   3.0121885e-15   3.9350000e-01   3.9350000e-01
   1.8000000e+01   1.0000000e+00   2.9074976e-15   3.7209375e-01   3.7209375e-01
   1.9000000e+01   1.0000000e+00   2.6390999e-15   3.5200000e-01   3.5200000e-01
   2.0000000e+01   1.0000000e+00   2.5549836e-15   3.3196875e-01   3.3196875e-01
   2.1000000e+01   1.0000000e+00   2.4034031e-15   3.2181250e-01   3.2181250e-01
   2.2000000e+01   1.0000000e+00   2.2600197e-15   3.1331250e-01   3.1331250e-01
   2.3000000e+01   1.0000000e+00   2.1908589e-15   3.0228125e-01   3.0228125e-01
   2.4000000e+01   1.0000000e+00   2.2969760e-15   3.1825000e-01   3.1825000e-01
   2.5000000e+01   1.0000000e+00   2.4697620e-15   3.4978125e-01   3.4978125e-01
   2.6000000e+01   1.0000000e+00   2.8012203e-15   3.9406250e-01   3.9406250e-01
   2.7000000e+01   1.0000000e+00   3.1519512e-15   4.2778125e-01   4.2778125e-01
   2.8000000e+01   1.0000000e+00   3.3540175e-15   4.5140625e-01   4.5140625e-01
   2.9000000e+01   1.0000000e+00   3.4279268e-15   4.5746875e-01   4.5746875e-01
   3.0000000e+01   1.0000000e+00   3.3371080e-15   4.5062500e-01   4.5062500e-01
   3.1000000e+01   1.0000000e+00   3.2022412e-15   4.3584375e-01   4.3584375e-01
   3.2000000e+01   1.0000000e+00   3.1221663e-15   4.1359375e-01   4.1359375e-01
   3.3000000e+01   1.0000000e+00   2.9244998e-15   3.9528125e-01   3.9528125e-01
   3.4000000e+01   1.0000000e+00   2.7206700e-15   3.7921875e-01   3.7921875e-01
   3.5000000e+01   1.0000000e+00   2.5966862e-15   3.5596875e-01   3.5596875e-01
   1.0000000e+00   2.0000000e+00   2.8951451e-15   3.8937500e-01   3.8937500e-01
   2.0000000e+00   2.0000000e+00   2.7121846e-15   3.6650000e-01   3.6650000e-01
   3.0000000e+00   2.0000000e+00   2.6673753e-15   3.5215625e-01   3.5215625e-01
   4.0000000e+00   2.0000000e+00   2.4694080e-15   3.3165625e-01   3.3165625e-01
   5.0000000e+00   2.0000000e+00   2.3699038e-15   3.2740625e-01   3.2740625e-01
   6.0000000e+00   2.0000000e+00   2.1297771e-15   3.1009375e-01   3.1009375e-01
   7.0000000e+00   2.0000000e+00   2.1473465e-15   3.1006250e-01   3.1006250e-01
   8.0000000e+00   2.0000000e+00   2.4600399e-15   3.4015625e-01   3.4015625e-01
   9.0000000e+00   2.0000000e+00   2.7504604e-15   3.7515625e-01   3.7515625e-01
   1.0000000e+01   2.0000000e+00   3.1257860e-15   4.2100000e-01   4.2100000e-01
   1.1000000e+01   2.0000000e+00   3.3770804e-15   4.4409375e-01   4.4409375e-01
   1.2000000e+01   2.0000000e+00   3.5189555e-15   4.6471875e-01   4.6471875e-01
   1.3000000e+01   2.0000000e+00   3.4814930e-15   4.7243750e-01   4.7243750e-01
   1.4000000e+01   2.0000000e+00   3.3931220e-15   4.6256250e-01   4.6256250e-01
   1.5000000e+01   2.0000000e+00   3.4291368e-15   4.4290625e-01   4.4290625e-01
   1.6000000e+01   2.0000000e+00   3.2861706e-15   4.2400000e-01   4.2400000e-01
   1.7000000e+01   2.0000000e+00   2.9331009e-15   4.0456250e-01   4.0456250e-01
   1.8000000e+01   2.0000000e+00   2.9352535e-15   3.8121875e-01   3.8121875e-01
   1.9000000e+01   2.0000000e+00   2.8066712e-15   3.6450000e-01   3.6450000e-01
   2.0000000e+01   2.0000000e+00   2.5645802e-15   3.3915625e-01   3.3915625e-01
   2.1000000e+01   2.0000000e+00   2.3674264e-15   3.2912500e-01   3.2912500e-01
   2.2000000e+01   2.0000000e+00   2.3112788e-15   3.1850000e-01   3.1850000e-01
   2.3000000e+01   2.0000000e+00   2.4147236e-15   3.0856250e-01   3.0856250e-01
   2.4000000e+01   2.0000000e+00   2.3612724e-15   3.2250000e-01   3.2250000e-01
   2.5000000e+01   2.0000000e+00   2.7340943e-15   3.6334375e-01   3.6334375e-01
   2.6000000e+01   2.0000000e+00   3.0089586e-15   4.0243750e-01   4.0243750e-01
   2.7000000e+01   2.0000000e+00   3.1976711e-15   4.3668750e-01   4.3668750e-01
   2.8000000e+01   2.0000000e+00   3.4056436e-15   4.6275000e-01   4.6275000e-01
   2.9000000e+01   2.0000000e+00   3.5472415e-15   4.6775000e-01   4.6775000e-01
   3.0000000e+01   2.0000000e+00   3.5588368e-15   4.6525000e-01   4.6525000e-01
   3.1000000e+01   2.0000000e+00   3.4166132e-15   4.4909375e-01   4.4909375e-01
   3.2000000e+01   2.0000000e+00   3.2916462e-15   4.3056250e-01   4.3056250e-01
   3.3000000e+01   2.0000000e+00   3.1566144e-15   4.0181250e-01   4.0181250e-01
   3.4000000e+01   2.0000000e+00   2.9185680e-15   3.8628125e-01   3.8628125e-01
   3.5000000e+01   2.0000000e+00   2.8125902e-15   3.7100000e-01   3.7100000e-01
   1.0000000e+00   3.0000000e+00   2.9779013e-15   3.9640625e-01   3.9640625e-01
   2.0000000e+00   3.0000000e+00   2.7203269e-15   3.7890625e-01   3.7890625e-01
   3.0000000e+00   3.0000000e+00   2.6760908e-15   3.6312500e-01   3.6312500e-01
   4.0000000e+00   3.0000000e+00   2.5731055e-15   3.3831250e-01   3.3831250e-01
   5.0000000e+00   3.0000000e+00   2.4461740e-15   3.2834375e-01   3.2834375e-01
   6.0000000e+00   3.0000000e+00   2.3079181e-15   3.1190625e-01   3.1190625e-01
   7.0000000e+00   3.0000000e+00   2.3849383e-15   3.1743750e-01   3.1743750e-01
   8.0000000e+00   3.0000000e+00   2.6285766e-15   3.5140625e-01   3.5140625e-01
   9.0000000e+00   3.0000000e+00   2.8597184e-15   3.8768750e-01   3.8768750e-01
   1.0000000e+01   3.0000000e+00   3.2102999e-15   4.1884375e-01   4.1884375e-01
   1.1000000e+01   3.0000000e+00   3.3814132e-15   4.3937500e-01   4.3937500e-01
   1.2000000e+01   3.0000000e+00   3.4464171e-15   4.6203125e-01   4.6203125e-01
   1.3000000e+01   3.0000000e+00   3.4831293e-15   4.6771875e-01   4.6771875e-01
   1.4000000e+01   3.0000000e+00   3.5480510e-15   4.6359375e-01   4.6359375e-01
   1.5000000e+01   3.0000000e+00   3.4185350e-15   4.5259375e-01   4.5259375e-01
   1.6000000e+01   3.0000000e+00   3.1453829e-15   4.2768750e-01   4.2768750e-01
   1.7000000e+01   3.0000000e+00   2.9941746e-15   4.1253125e-01   4.1253125e-01
   1.8000000e+01   3.0000000e+00   2.9376781e-15   3.8853125e-01   3.8853125e-01
   1.9000000e+01   3.0000000e+00   2.8476311e-15   3.7259375e-01   3.7259375e-01
   2.0000000e+01   3.0000000e+00   2.6574632e-15   3.4900000e-01   3.4900000e-01
   2.1000000e+01   3.0000000e+00   2.3705179e-15   3.3306250e-01   3.3306250e-01
   2.2000000e+01   3.0000000e+00   2.4302392e-15   3.1521875e-01   3.1521875e-01
   2.3000000e+01   3.0000000e+00   2.3649472e-15   3.1806250e-01   3.1806250e-01
   2.4000000e+01   3.0000000e+00   2.3883670e-15   3.3396875e-01   3.3396875e-01
   2.5000000e+01   3.0000000e+00   2.7806227e-15   3.7340625e-01   3.7340625e-01
   2.6000000e+01   3.0000000e+00   2.9765872e-15   4.0956250e-01   4.0956250e-01
   2.7000000e+01   3.0000000e+00   3.2346029e-15   4.3359375e-01   4.3359375e-01
   2.8000000e+01   3.0000000e+00   3.4205380e-15   4.5115625e-01   4.5115625e-01
   2.9000000e+01   3.0000000e+00   3.5330046e-15   4.7100000e-01   4.7100000e-01
   3.0000000e+01   3.0000000e+00   3.4523465e-15   4.6884375e-01   4.6884375e-01
   3.1000000e+01   3.0000000e+00   3.5892829e-15   4.5528125e-01   4.5528125e-01
   3.2000000e+01   3.0000000e+00   3.3053874e-15   4.3671875e-01   4.3671875e-01
   3.3000000e+01   3.0000000e+00   3.0743111e-15   4.1837500e-01   4.1837500e-01
   3.4000000e+01   3.0000000e+00   3.0784807e-15   3.9321875e-01   3.9321875e-01
   3.5000000e+01   3.0000000e+00   2.7883496e-15   3.7462500e-01   3.7462500e-01
   1.0000000e+00   4.0000000e+00   3.1176912e-15   4.0734375e-01   4.0734375e-01
   2.0000000e+00   4.0000000e+00   2.8189868e-15   3.8334375e-01   3.8334375e-01
   3.0000000e+00   4.0000000e+00   2.7584619e-15   3.6862500e-01   3.6862500e-01
   4.0000000e+00   4.0000000e+00   2.7539139e-15   3.4962500e-01   3.4962500e-01
   5.0000000e+00   4.0000000e+00   2.4009055e-15   3.3087500e-01   3.3087500e-01
   6.0000000e+00   4.0000000e+00   2.3327350e-15   3.2334375e-01   3.2334375e-01
   7.0000000e+00   4.0000000e+00   2.5469429e-15   3.3031250e-01   3.3031250e-01
   8.0000000e+00   4.0000000e+00   2.6436548e-15   3.5406250e-01   3.5406250e-01
   9.0000000e+00   4.0000000e+00   2.9078434e-15   3.9434375e-01   3.9434375e-01
   1.0000000e+01   4.0000000e+00   3.1243749e-15   4.1540625e-01   4.1540625e-01
   1.1000000e+01   4.0000000e+00   3.2320892e-15   4.3403125e-01   4.3403125e-01
   1.2000000e+01   4.0000000e+00   3.3380453e-15   4.4843750e-01   4.4843750e-01
   1.3000000e+01   4.0000000e+00   3.4650286e-15   4.6253125e-01   4.6253125e-01
   1.4000000e+01   4.0000000e+00   3.5171857e-15   4.6287500e-01   4.6287500e-01
   1.5000000e+01   4.0000000e+00   3.5200149e-15   4.5084375e-01   4.5084375e-01
   1.6000000e+01   4.0000000e+00   3.3222596e-15   4.3768750e-01   4.3768750e-01
   1.7000000e+01   4.0000000e+00   3.1036095e-15   4.1671875e-01   4.1671875e-01
   1.8000000e+01   4.0000000e+00   2.9718584e-15   4.0028125e-01   4.0028125e-01
   1.9000000e+01   4.0000000e+00   2.8105524e-15   3.7440625e-01   3.7440625e-01
   2.0000000e+01   4.0000000e+00   2.7172167e-15   3.5475000e-01   3.5475000e-01
   2.1000000e+01   4.0000000e+00   2.4953439e-15   3.3728125e-01   3.3728125e-01
   2.2000000e+01   4.0000000e+00   2.3061850e-15   3.2600000e-01   3.2600000e-01
   2.3000000e+01   4.0000000e+00   2.3140096e-15   3.2365625e-01   3.2365625e-01
   2.4000000e+01   4.0000000e+00   2.5354101e-15   3.4115625e-01   3.4115625e-01
   2.5000000e+01   4.0000000e+00   2.8388405e-15   3.7578125e-01   3.7578125e-01
   2.6000000e+01   4.0000000e+00   3.1407632e-15   4.0418750e-01   4.0418750e-01
   2.7000000e+01   4.0000000e+00   3.2546633e-15   4.2912500e-01   4.2912500e-01
   2.8000000e+01   4.0000000e+00   3.4207215e-15   4.4362500e-01   4.4362500e-01
   2.9000000e+01   4.0000000e+00   3.5054856e-15   4.6456250e-01   4.6456250e-01
   3.0000000e+01   4.0000000e+00   3.4483579e-15   4.6421875e-01   4.6421875e-01
   3.1000000e+01   4.0000000e+00   3.4367736e-15   4.5734375e-01   4.5734375e-01
   3.2000000e+01   4.0000000e+00   3.2312297e-15   4.3940625e-01   4.3940625e-01
   3.3000000e+01   4.0000000e+00   3.1930510e-15   4.2615625e-01   4.2615625e-01
   3.4000000e+01   4.0000000e+00   3.0134649e-15   4.0428125e-01   4.0428125e-01
   3.5000000e+01   4.0000000e+00   2.7722413e-15   3.8371875e-01   3.8371875e-01
   1.0000000e+00   5.0000000e+00   3.1319773e-15   4.0768750e-01   4.0768750e-01
   2.0000000e+00   5.0000000e+00   2.8963815e-15   3.8606250e-01   3.8606250e-01
   3.0000000e+00   5.0000000e+00   2.7090892e-15   3.7337500e-01   3.7337500e-01
   4.0000000e+00   5.0000000e+00   2.6508047e-15   3.5553125e-01   3.5553125e-01
   5.0000000e+00   5.0000000e+00   2.5733995e-15   3.4203125e-01   3.4203125e-01
   6.0000000e+00   5.0000000e+00   2.3739928e-15   3.3071875e-01   3.3071875e-01
   7.0000000e+00   5.0000000e+00   2.5236781e-15   3.3218750e-01   3.3218750e-01
   8.0000000e+00   5.0000000e+00   2.7240193e-15   3.6287500e-01   3.6287500e-01
   9.0000000e+00   5.0000000e+00   2.8607642e-15   3.8853125e-01   3.8853125e-01
   1.0000000e+01   5.0000000e+00   3.0781687e-15   4.1050000e-01   4.1050000e-01
   1.1000000e+01   5.0000000e+00   3.1093634e-15   4.2221875e-01   4.2221875e-01
   1.2000000e+01   5.0000000e+00   3.3376982e-15   4.3496875e-01   4.3496875e-01
   1.3000000e+01   5.0000000e+00   3.3981820e-15   4.4231250e-01   4.4231250e-01
   1.4000000e+01   5.0000000e+00   3.5084541e-15   4.4875000e-01   4.4875000e-01
   1.5000000e+01   5.0000000e+00   3.4455039e-15   4.4387500e-01   4.4387500e-01
   1.6000000e+01   5.0000000e+00   3.4058372e-15   4.3162500e-01   4.3162500e-01
   1.7000000e+01   5.0000000e+00   3.0979007e-15   4.1640625e-01   4.1640625e-01
   1.8000000e+01   5.0000000e+00   2.9282166e-15   3.9721875e-01   3.9721875e-01
   1.9000000e+01   5.0000000e+00   2.7120529e-15   3.8400000e-01   3.8400000e-01
   2.0000000e+01   5.0000000e+00   2.6562620e-15   3.6468750e-01   3.6468750e-01
   2.1000000e+01   5.0000000e+00   2.5636261e-15   3.4959375e-01   3.4959375e-01
   2.2000000e+01   5.0000000e+00   2.5692273e-15   3.3196875e-01   3.3196875e-01
   2.3000000e+01   5.0000000e+00   2.5908055e-15   3.2718750e-01   3.2718750e-01
   2.4000000e+01   5.0000000e+00   2.6392892e-15   3.4793750e-01   3.4793750e-01
   2.5000000e+01   5.0000000e+00   2.8719274e-15   3.7825000e-01   3.7825000e-01
   2.6000000e+01   5.0000000e+00   2.9009709e-15   4.0200000e-01   4.0200000e-01
   2.7000000e+01   5.0000000e+00   3.1784997e-15   4.2453125e-01   4.2453125e-01
   2.8000000e+01   5.0000000e+00   3.3032755e-15   4.3784375e-01   4.3784375e-01
   2.9000000e+01   5.0000000e+00   3.4592455e-15   4.4881250e-01   4.4881250e-01
   3.0000000e+01   5.0000000e+00   3.4892366e-15   4.5656250e-01   4.5656250e-01
   3.1000000e+01   5.0000000e+00   3.2644420e-15   4.5012500e-01   4.5012500e-01
   3.2000000e+01   5.0000000e+00   3.2987541e-15   4.3643750e-01   4.3643750e-01
   3.3000000e+01   5.0000000e+00   3.2798585e-15   4.2196875e-01   4.2196875e-01
   3.4000000e+01   5.0000000e+00   3.0630880e-15   4.0528125e-01   4.0528125e-01
   3.5000000e+01   5.0000000e+00   2.7679288e-15   3.8659375e-01   3.8659375e-01
   1.0000000e+00   6.0000000e+00   3.0299588e-15   3.9993750e-01   3.9993750e-01
   2.0000000e+00   6.0000000e+00   2.8518562e-15   3.8359375e-01   3.8359375e-01
   3.0000000e+00   6.0000000e+00   2.7462643e-15   3.7703125e-01   3.7703125e-01
   4.0000000e+00   6.0000000e+00   2.7022376e-15   3.6671875e-01   3.6671875e-01
   5.0000000e+00   6.0000000e+00   2.7229901e-15   3.5303125e-01   3.5303125e-01
   6.0000000e+00   6.0000000e+00   2.4584098e-15   3.3159375e-01   3.3159375e-01
   7.0000000e+00   6.0000000e+00   2.3089288e-15   3.3062500e-01   3.3062500e-01
   8.0000000e+00   6.0000000e+00   2.7069216e-15   3.6071875e-01   3.6071875e-01
   9.0000000e+00   6.0000000e+00   2.9021215e-15   3.8231250e-01   3.8231250e-01
   1.0000000e+01   6.0000000e+00   3.0125258e-15   4.0868750e-01   4.0868750e-01
   1.1000000e+01   6.0000000e+00   3.1613730e-15   4.2181250e-01   4.2181250e-01
   1.2000000e+01   6.0000000e+00   3.2314648e-15   4.2484375e-01   4.2484375e-01
   1.3000000e+01   6.0000000e+00   3.1623197e-15   4.3259375e-01   4.3259375e-01
   1.4000000e+01   6.0000000e+00   3.3058096e-15   4.3171875e-01   4.3171875e-01
   1.5000000e+01   6.0000000e+00   3.1889404e-15   4.2275000e-01   4.2275000e-01
   1.6000000e+01   6.0000000e+00   3.0124566e-15   4.2075000e-01   4.2075000e-01
   1.7000000e+01   6.0000000e+00   2.9424740e-15   4.0787500e-01   4.0787500e-01
   1.8000000e+01   6.0000000e+00   2.9976357e-15   3.8959375e-01   3.8959375e-01
   1.9000000e+01   6.0000000e+00   2.7924753e-15   3.8037500e-01   3.8037500e-01
   2.0000000e+01   6.0000000e+00   2.6947312e-15   3.6350000e-01   3.6350000e-01
   2.1000000e+01   6.0000000e+00   2.6192611e-15   3.5590625e-01   3.5590625e-01
   2.2000000e+01   6.0000000e+00   2.4554944e-15   3.3756250e-01   3.3756250e-01
   2.3000000e+01   6.0000000e+00   2.4046002e-15   3.2140625e-01   3.2140625e-01
   2.4000000e+01   6.0000000e+00   2.5562755e-15   3.4293750e-01   3.4293750e-01
   2.5000000e+01   6.0000000e+00   2.7249560e-15   3.7612500e-01   3.7612500e-01
   2.6000000e+01   6.0000000e+00   2.8390371e-15   4.0096875e-01   4.0096875e-01
   2.7000000e+01   6.0000000e+00   3.0840319e-15   4.1840625e-01   4.1840625e-01
   2.8000000e+01   6.0000000e+00   3.2245696e-15   4.2853125e-01   4.2853125e-01
   2.9000000e+01   6.0000000e+00   3.3505267e-15   4.3715625e-01   4.3715625e-01
   3.0000000e+01   6.0000000e+00   3.2791715e-15   4.3878125e-01   4.3878125e-01
   3.1000000e+01   6.0000000e+00   3.2573272e-15   4.2959375e-01   4.2959375e-01
   3.2000000e+01   6.0000000e+00   3.2128692e-15   4.2412500e-01   4.2412500e-01
   3.3000000e+01   6.0000000e+00   3.1645119e-15   4.1375000e-01   4.1375000e-01
   3.4000000e+01   6.0000000e+00   2.9768806e-15   3.9796875e-01   3.9796875e-01
   3.5000000e+01   6.0000000e+00   2.9533688e-15   3.8346875e-01   3.8346875e-01
   1.0000000e+00   7.0000000e+00   2.8601564e-15   3.8621875e-01   3.8621875e-01
   2.0000000e+00   7.0000000e+00   2.8374865e-15   3.7596875e-01   3.7596875e-01
   3.0000000e+00   7.0000000e+00   2.8197316e-15   3.6287500e-01   3.6287500e-01
   4.0000000e+00   7.0000000e+00   2.7142325e-15   3.5900000e-01   3.5900000e-01
   5.0000000e+00   7.0000000e+00   2.6314140e-15   3.3856250e-01   3.3856250e-01
   6.0000000e+00   7.0000000e+00   2.4856497e-15   3.1887500e-01   3.1887500e-01
   7.0000000e+00   7.0000000e+00   2.4000238e-15   3.1765625e-01   3.1765625e-01
   8.0000000e+00   7.0000000e+00   2.6319049e-15   3.4550000e-01   3.4550000e-01
   9.0000000e+00   7.0000000e+00   2.8334919e-15   3.7221875e-01   3.7221875e-01
   1.0000000e+01   7.0000000e+00   3.0052795e-15   3.9540625e-01   3.9540625e-01
   1.1000000e+01   7.0000000e+00   3.0144741e-15   4.0906250e-01   4.0906250e-01
   1.2000000e+01   7.0000000e+00   3.1490050e-15   4.2131250e-01   4.2131250e-01
   1.3000000e+01   7.0000000e+00   3.1505579e-15   4.2406250e-01   4.2406250e-01
   1.4000000e+01   7.0000000e+00   3.0736286e-15   4.1906250e-01   4.1906250e-01
   1.5000000e+01   7.0000000e+00   3.1958731e-15   4.0931250e-01   4.0931250e-01
   1.6000000e+01   7.0000000e+00   3.0294079e-15   4.0465625e-01   4.0465625e-01
   1.7000000e+01   7.0000000e+00   2.7847177e-15   3.8959375e-01   3.8959375e-01
   1.8000000e+01   7.0000000e+00   2.8027142e-15   3.7846875e-01   3.7846875e-01
   1.9000000e+01   7.0000000e+00   2.8014737e-15   3.6762500e-01   3.6762500e-01
   2.0000000e+01   7.0000000e+00   2.6819273e-15   3.5537500e-01   3.5537500e-01
   2.1000000e+01   7.0000000e+00   2.3965477e-15   3.4115625e-01   3.4115625e-01
   2.2000000e+01   7.0000000e+00   2.3867329e-15   3.2540625e-01   3.2540625e-01
   2.3000000e+01   7.0000000e+00   2.3151676e-15   3.0990625e-01   3.0990625e-01
   2.4000000e+01   7.0000000e+00   2.3737118e-15   3.2725000e-01   3.2725000e-01
   2.5000000e+01   7.0000000e+00   2.7903840e-15   3.6465625e-01   3.6465625e-01
   2.6000000e+01   7.0000000e+00   2.8477305e-15   3.8521875e-01   3.8521875e-01
   2.7000000e+01   7.0000000e+00   2.8875789e-15   4.0756250e-01   4.0756250e-01
   2.8000000e+01   7.0000000e+00   3.2352955e-15   4.1903125e-01   4.1903125e-01
   2.9000000e+01   7.0000000e+00   3.1177698e-15   4.1996875e-01   4.1996875e-01
   3.0000000e+01   7.0000000e+00   3.1258024e-15   4.2325000e-01   4.2325000e-01
   3.1000000e+01   7.0000000e+00   3.1611027e-15   4.1356250e-01   4.1356250e-01
   3.2000000e+01   7.0000000e+00   3.0035222e-15   4.0678125e-01   4.0678125e-01
   3.3000000e+01   7.0000000e+00   2.9879105e-15   4.0140625e-01   4.0140625e-01
   3.4000000e+01   7.0000000e+00   2.8904015e-15   3.8518750e-01   3.8518750e-01
   3.5000000e+01   7.0000000e+00   2.7375322e-15   3.6950000e-01   3.6950000e-01
   1.0000000e+00   8.0000000e+00   2.6250523e-15   3.6431250e-01   3.6431250e-01
   2.0000000e+00   8.0000000e+00   2.5601936e-15   3.5528125e-01   3.5528125e-01
   3.0000000e+00   8.0000000e+00   2.5645184e-15   3.4821875e-01   3.4821875e-01
   4.0000000e+00   8.0000000e+00   2.5494010e-15   3.3078125e-01   3.3078125e-01
   5.0000000e+00   8.0000000e+00   2.4197093e-15   3.2834375e-01   3.2834375e-01
   6.0000000e+00   8.0000000e+00   2.1370561e-15   3.0306250e-01   3.0306250e-01
   7.0000000e+00   8.0000000e+00   2.1321736e-15   2.9662500e-01   2.9662500e-01
   8.0000000e+00   8.0000000e+00   2.4135899e-15   3.2103125e-01   3.2103125e-01
   9.0000000e+00   8.0000000e+00   2.6376669e-15   3.4500000e-01   3.4500000e-01
   1.0000000e+01   8.0000000e+00   2.6828448e-15   3.7025000e-01   3.7025000e-01
   1.1000000e+01   8.0000000e+00   2.9242748e-15   3.8962500e-01   3.8962500e-01
   1.2000000e+01   8.0000000e+00   2.9677574e-15   3.9709375e-01   3.9709375e-01
   1.3000000e+01   8.0000000e+00   2.9083542e-15   3.9865625e-01   3.9865625e-01
   1.4000000e+01   8.0000000e+00   2.9009236e-15   3.9534375e-01   3.9534375e-01
   1.5000000e+01   8.0000000e+00   2.8466081e-15   3.7931250e-01   3.7931250e-01
   1.6000000e+01   8.0000000e+00   2.8239691e-15   3.7062500e-01   3.7062500e-01
   1.7000000e+01   8.0000000e+00   2.6364468e-15   3.5821875e-01   3.5821875e-01
   1.8000000e+01   8.0000000e+00   2.5836636e-15   3.5053125e-01   3.5053125e-01
   1.9000000e+01   8.0000000e+00   2.5571230e-15   3.5165625e-01   3.5165625e-01
   2.0000000e+01   8.0000000e+00   2.5831501e-15   3.3746875e-01   3.3746875e-01
   2.1000000e+01   8.0000000e+00   2.3961347e-15   3.2284375e-01   3.2284375e-01
   2.2000000e+01   8.0000000e+00   2.2187221e-15   3.1037500e-01   3.1037500e-01
   2.3000000e+01   8.0000000e+00   2.0797668e-15   2.9353125e-01   2.9353125e-01
   2.4000000e+01   8.0000000e+00   2.2464571e-15   3.0506250e-01   3.0506250e-01
   2.5000000e+01   8.0000000e+00   2.5291077e-15   3.3418750e-01   3.3418750e-01
   2.6000000e+01   8.0000000e+00   2.7868938e-15   3.6618750e-01   3.6618750e-01
   2.7000000e+01   8.0000000e+00   2.9146214e-15   3.8803125e-01   3.8803125e-01
   2.8000000e+01   8.0000000e+00   2.9876398e-15   4.0087500e-01   4.0087500e-01
   2.9000000e+01   8.0000000e+00   2.9853482e-15   4.0325000e-01   4.0325000e-01
   3.0000000e+01   8.0000000e+00   2.9458386e-15   3.9803125e-01   3.9803125e-01
   3.1000000e+01   8.0000000e+00   2.9601407e-15   3.9075000e-01   3.9075000e-01
   3.2000000e+01   8.0000000e+00   2.7762999e-15   3.7943750e-01   3.7943750e-01
   3.3000000e+01   8.0000000e+00   2.7118111e-15   3.7393750e-01   3.7393750e-01
   3.4000000e+01   8.0000000e+00   2.6409895e-15   3.5625000e-01   3.5625000e-01
   3.5000000e+01   8.0000000e+00   2.5657199e-15   3.4737500e-01   3.4737500e-01
   1.0000000e+00   9.0000000e+00   2.3542402e-15   3.3431250e-01   3.3431250e-01
   2.0000000e+00   9.0000000e+00   2.3708389e-15   3.3134375e-01   3.3134375e-01
   3.0000000e+00   9.0000000e+00   2.4103266e-15   3.1825000e-01   3.1825000e-01
   4.0000000e+00   9.0000000e+00   2.3119033e-15   3.1071875e-01   3.1071875e-01
   5.0000000e+00   9.0000000e+00   2.2383660e-15   2.9946875e-01   2.9946875e-01
   6.0000000e+00   9.0000000e+00   1.9836377e-15   2.8834375e-01   2.8834375e-01
   7.0000000e+00   9.0000000e+00   2.1147035e-15   2.7593750e-01   2.7593750e-01
   8.0000000e+00   9.0000000e+00   2.1103469e-15   2.8871875e-01   2.8871875e-01
   9.0000000e+00   9.0000000e+00   2.3055375e-15   3.1950000e-01   3.1950000e-01
   1.0000000e+01   9.0000000e+00   2.4909627e-15   3.3993750e-01   3.3993750e-01
   1.1000000e+01   9.0000000e+00   2.7763480e-15   3.5887500e-01   3.5887500e-01
   1.2000000e+01   9.0000000e+00   2.7060764e-15   3.6100000e-01   3.6100000e-01
   1.3000000e+01   9.0000000e+00   2.6702397e-15   3.6034375e-01   3.6034375e-01
   1.4000000e+01   9.0000000e+00   2.6624092e-15   3.6034375e-01   3.6034375e-01
   1.5000000e+01   9.0000000e+00   2.5109361e-15   3.3790625e-01   3.3790625e-01
   1.6000000e+01   9.0000000e+00   2.4670427e-15   3.3293750e-01   3.3293750e-01
   1.7000000e+01   9.0000000e+00   2.5119802e-15   3.3231250e-01   3.3231250e-01
   1.8000000e+01   9.0000000e+00   2.4231742e-15   3.2296875e-01   3.2296875e-01
   1.9000000e+01   9.0000000e+00   2.3762232e-15   3.1921875e-01   3.1921875e-01
   2.0000000e+01   9.0000000e+00   2.2123946e-15   3.0900000e-01   3.0900000e-01
   2.1000000e+01   9.0000000e+00   2.1723274e-15   3.0200000e-01   3.0200000e-01
   2.2000000e+01   9.0000000e+00   2.0817826e-15   2.8090625e-01   2.8090625e-01
   2.3000000e+01   9.0000000e+00   2.1161061e-15   2.7878125e-01   2.7878125e-01
   2.4000000e+01   9.0000000e+00   2.0251193e-15   2.8100000e-01   2.8100000e-01
   2.5000000e+01   9.0000000e+00   2.3263364e-15   3.0500000e-01   3.0500000e-01
   2.6000000e+01   9.0000000e+00   2.4589852e-15   3.3418750e-01   3.3418750e-01
   2.7000000e+01   9.0000000e+00   2.5726166e-15   3.5250000e-01   3.5250000e-01
   2.8000000e+01   9.0000000e+00   2.6730379e-15   3.6718750e-01   3.6718750e-01
   2.9000000e+01   9.0000000e+00   2.6321646e-15   3.6309375e-01   3.6309375e-01
   3.0000000e+01   9.0000000e+00   2.6675755e-15   3.5812500e-01   3.5812500e-01
   3.1000000e+01   9.0000000e+00   2.6833699e-15   3.4893750e-01   3.4893750e-01
   3.2000000e+01   9.0000000e+00   2.6042081e-15   3.4115625e-01   3.4115625e-01
   3.3000000e+01   9.0000000e+00   2.5907962e-15   3.3871875e-01   3.3871875e-01
   3.4000000e+01   9.0000000e+00   2.3273791e-15   3.2890625e-01   3.2890625e-01
   3.5000000e+01   9.0000000e+00   2.4353512e-15   3.1906250e-01   3.1906250e-01
   1.0000000e+00   1.0000000e+01   2.2637906e-15   2.9946875e-01   2.9946875e-01
   2.0000000e+00   1.0000000e+01   2.1193559e-15   2.9231250e-01   2.9231250e-01
   3.0000000e+00   1.0000000e+01   2.2442331e-15   2.8843750e-01   2.8843750e-01
   4.0000000e+00   1.0000000e+01   2.1076060e-15   2.8040625e-01   2.8040625e-01
   5.0000000e+00   1.0000000e+01   2.0353046e-15   2.7437500e-01   2.7437500e-01
   6.0000000e+00   1.0000000e+01   1.9626041e-15   2.6681250e-01   2.6681250e-01
   7.0000000e+00   1.0000000e+01   2.0122848e-15   2.6793750e-01   2.6793750e-01
   8.0000000e+00   1.0000000e+01   2.1374559e-15   2.7950000e-01   2.7950000e-01
   9.0000000e+00   1.0000000e+01   2.1821986e-15   2.9709375e-01   2.9709375e-01
   1.0000000e+01   1.0000000e+01   2.2896898e-15   3.1456250e-01   3.1456250e-01
   1.1000000e+01   1.0000000e+01   2.3635510e-15   3.2981250e-01   3.2981250e-01
   1.2000000e+01   1.0000000e+01   2.4716546e-15   3.3068750e-01   3.3068750e-01
   1.3000000e+01   1.0000000e+01   2.4130593e-15   3.2571875e-01   3.2571875e-01
   1.4000000e+01   1.0000000e+01   2.3560586e-15   3.1612500e-01   3.1612500e-01
   1.5000000e+01   1.0000000e+01   2.2392177e-15   3.0978125e-01   3.0978125e-01
   1.6000000e+01   1.0000000e+01   2.2552093e-15   3.0031250e-01   3.0031250e-01
   1.7000000e+01   1.0000000e+01   2.2929840e-15   2.9500000e-01   2.9500000e-01
   1.8000000e+01   1.0000000e+01   2.0258996e-15   2.8525000e-01   2.8525000e-01
   1.9000000e+01   1.0000000e+01   2.0889192e-15   2.8331250e-01   2.8331250e-01
   2.0000000e+01   1.0000000e+01   2.0459544e-15   2.7918750e-01   2.7918750e-01
   2.1000000e+01   1.0000000e+01   2.0086249e-15   2.7250000e-01   2.7250000e-01
   2.2000000e+01   1.0000000e+01   2.0403784e-15   2.6468750e-01   2.6468750e-01
   2.3000000e+01   1.0000000e+01   1.9592842e-15   2.6718750e-01   2.6718750e-01
   2.4000000e+01   1.0000000e+01   1.8937673e-15   2.7125000e-01   2.7125000e-01
   2.5000000e+01   1.0000000e+01   2.1093377e-15   2.9365625e-01   2.9365625e-01
   2.6000000e+01   1.0000000e+01   2.2643182e-15   3.0790625e-01   3.0790625e-01
   2.7000000e+01   1.0000000e+01   2.3001235e-15   3.2175000e-01   3.2175000e-01
   2.8000000e+01   1.0000000e+01   2.6271391e-15   3.3390625e-01   3.3390625e-01
   2.9000000e+01   1.0000000e+01   2.4079145e-15   3.2712500e-01   3.2712500e-01
   3.0000000e+01   1.0000000e+01   2.3220475e-15   3.2325000e-01   3.2325000e-01
   3.1000000e+01   1.0000000e+01   2.3788428e-15   3.1153125e-01   3.1153125e-01
   3.2000000e+01   1.0000000e+01   2.1288341e-15   3.0971875e-01   3.0971875e-01
   3.3000000e+01   1.0000000e+01   2.2743594e-15   2.9968750e-01   2.9968750e-01
   3.4000000e+01   1.0000000e+01   2.1475173e-15   2.9515625e-01   2.9515625e-01
   3.5000000e+01   1.0000000e+01   2.2220756e-15   2.9165625e-01   2.9165625e-01
   1.0000000e+00   1.1000000e+01   2.0090668e-15   2.7750000e-01   2.7750000e-01
   2.0000000e+00   1.1000000e+01   2.0115275e-15   2.7678125e-01   2.7678125e-01
   3.0000000e+00   1.1000000e+01   2.0899859e-15   2.6978125e-01   2.6978125e-01
   4.0000000e+00   1.1000000e+01   1.9236555e-15   2.6712500e-01   2.6712500e-01
   5.0000000e+00   1.1000000e+01   1.8429978e-15   2.5671875e-01   2.5671875e-01
   6.0000000e+00   1.1000000e+01   1.7395373e-15   2.5384375e-01   2.5384375e-01
   7.0000000e+00   1.1000000e+01   1.9599591e-15   2.6540625e-01   2.6540625e-01
   8.0000000e+00   1.1000000e+01   2.0399768e-15   2.7940625e-01   2.7940625e-01
   9.0000000e+00   1.1000000e+01   2.1973577e-15   2.9787500e-01   2.9787500e-01
   1.0000000e+01   1.1000000e+01   2.4227810e-15   3.1862500e-01   3.1862500e-01
   1.1000000e+01   1.1000000e+01   2.4569261e-15   3.2581250e-01   3.2581250e-01
   1.2000000e+01   1.1000000e+01   2.4603935e-15   3.2734375e-01   3.2734375e-01
   1.3000000e+01   1.1000000e+01   2.2972813e-15   3.1218750e-01   3.1218750e-01
   1.4000000e+01   1.1000000e+01   2.1520275e-15   3.0259375e-01   3.0259375e-01
   1.5000000e+01   1.1000000e+01   2.1870009e-15   2.9306250e-01   2.9306250e-01
   1.6000000e+01   1.1000000e+01   2.0520765e-15   2.8375000e-01   2.8375000e-01
   1.7000000e+01   1.1000000e+01   1.9723830e-15   2.7881250e-01   2.7881250e-01
   1.8000000e+01   1.1000000e+01   2.0860680e-15   2.7840625e-01   2.7840625e-01
   1.9000000e+01   1.1000000e+01   2.0737958e-15   2.7678125e-01   2.7678125e-01
   2.0000000e+01   1.1000000e+01   1.9071705e-15   2.7218750e-01   2.7218750e-01
   2.1000000e+01   1.1000000e+01   1.8925197e-15   2.5568750e-01   2.5568750e-01
   2.2000000e+01   1.1000000e+01   1.7815727e-15   2.4334375e-01   2.4334375e-01
   2.3000000e+01   1.1000000e+01   1.9064329e-15   2.5040625e-01   2.5040625e-01
   2.4000000e+01   1.1000000e+01   1.9212664e-15   2.6818750e-01   2.6818750e-01
   2.5000000e+01   1.1000000e+01   2.1608560e-15   2.8759375e-01   2.8759375e-01
   2.6000000e+01   1.1000000e+01   2.3025589e-15   3.1371875e-01   3.1371875e-01
   2.7000000e+01   1.1000000e+01   2.3152809e-15   3.2662500e-01   3.2662500e-01
   2.8000000e+01   1.1000000e+01   2.4846012e-15   3.2890625e-01   3.2890625e-01
   2.9000000e+01   1.1000000e+01   2.2562370e-15   3.1725000e-01   3.1725000e-01
   3.0000000e+01   1.1000000e+01   2.1651954e-15   3.0709375e-01   3.0709375e-01
   3.1000000e+01   1.1000000e+01   2.2859430e-15   2.9628125e-01   2.9628125e-01
   3.2000000e+01   1.1000000e+01   2.1125788e-15   2.8371875e-01   2.8371875e-01
   3.3000000e+01   1.1000000e+01   1.9651387e-15   2.8418750e-01   2.8418750e-01
   3.4000000e+01   1.1000000e+01   2.1216098e-15   2.7603125e-01   2.7603125e-01
   3.5000000e+01   1.1000000e+01   1.9770373e-15   2.7037500e-01   2.7037500e-01
   1.0000000e+00   1.2000000e+01   2.0203452e-15   2.8353125e-01   2.8353125e-01
   2.0000000e+00   1.2000000e+01   2.1856523e-15   2.8756250e-01   2.8756250e-01
   3.0000000e+00   1.2000000e+01   1.9902383e-15   2.7812500e-01   2.7812500e-01
   4.0000000e+00   1.2000000e+01   1.9139097e-15   2.6834375e-01   2.6834375e-01
   5.0000000e+00   1.2000000e+01   1.9247173e-15   2.5728125e-01   2.5728125e-01
   6.0000000e+00   1.2000000e+01   1.8524448e-15   2.5253125e-01   2.5253125e-01
   7.0000000e+00   1.2000000e+01   1.8096788e-15   2.6331250e-01   2.6331250e-01
   8.0000000e+00   1.2000000e+01   2.1116987e-15   2.8050000e-01   2.8050000e-01
   9.0000000e+00   1.2000000e+01   2.2278032e-15   3.0531250e-01   3.0531250e-01
   1.0000000e+01   1.2000000e+01   2.3920941e-15   3.4200000e-01   3.4200000e-01
   1.1000000e+01   1.2000000e+01   2.6647870e-15   3.4965625e-01   3.4965625e-01
   1.2000000e+01   1.2000000e+01   2.4364902e-15   3.3425000e-01   3.3425000e-01
   1.3000000e+01   1.2000000e+01   2.3805313e-15   3.2221875e-01   3.2221875e-01
   1.4000000e+01   1.2000000e+01   2.3277939e-15   3.0993750e-01   3.0993750e-01
   1.5000000e+01   1.2000000e+01   2.1347871e-15   2.9465625e-01   2.9465625e-01
   1.6000000e+01   1.2000000e+01   2.1033349e-15   2.8568750e-01   2.8568750e-01
   1.7000000e+01   1.2000000e+01   1.9890928e-15   2.7790625e-01   2.7790625e-01
   1.8000000e+01   1.2000000e+01   2.0988555e-15   2.8215625e-01   2.8215625e-01
   1.9000000e+01   1.2000000e+01   2.1413691e-15   2.8956250e-01   2.8956250e-01
   2.0000000e+01   1.2000000e+01   1.9940080e-15   2.7500000e-01   2.7500000e-01
   2.1000000e+01   1.2000000e+01   1.9038912e-15   2.5959375e-01   2.5959375e-01
   2.2000000e+01   1.2000000e+01   1.8625939e-15   2.5115625e-01   2.5115625e-01
   2.3000000e+01   1.2000000e+01   1.8323830e-15   2.4959375e-01   2.4959375e-01
   2.4000000e+01   1.2000000e+01   1.9775624e-15   2.6668750e-01   2.6668750e-01
   2.5000000e+01   1.2000000e+01   2.2300128e-15   2.9853125e-01   2.9853125e-01
   2.6000000e+01   1.2000000e+01   2.4266526e-15   3.2818750e-01   3.2818750e-01
   2.7000000e+01   1.2000000e+01   2.5656846e-15   3.4646875e-01   3.4646875e-01
   2.8000000e+01   1.2000000e+01   2.4995186e-15   3.4656250e-01   3.4656250e-01
   2.9000000e+01   1.2000000e+01   2.4261974e-15   3.2615625e-01   3.2615625e-01
   3.0000000e+01   1.2000000e+01   2.3497785e-15   3.1296875e-01   3.1296875e-01
   3.1000000e+01   1.2000000e+01   2.0230486e-15   2.9478125e-01   2.9478125e-01
   3.2000000e+01   1.2000000e+01   2.1252233e-15   2.8428125e-01   2.8428125e-01
   3.3000000e+01   1.2000000e+01   2.0239796e-15   2.7471875e-01   2.7471875e-01
   3.4000000e+01   1.2000000e+01   2.0309195e-15   2.7896875e-01   2.7896875e-01
   3.5000000e+01   1.2000000e+01   1.9704187e-15   2.7971875e-01   2.7971875e-01
   1.0000000e+00   1.3000000e+01   2.1228822e-15   2.8546875e-01   2.8546875e-01
   2.0000000e+00   1.3000000e+01   2.1575453e-15   2.9540625e-01   2.9540625e-01
   3.0000000e+00   1.3000000e+01   2.0935504e-15   2.9431250e-01   2.9431250e-01
   4.0000000e+00   1.3000000e+01   1.9445573e-15   2.8193750e-01   2.8193750e-01
   5.0000000e+00   1.3000000e+01   1.9169036e-15   2.6740625e-01   2.6740625e-01
   6.0000000e+00   1.3000000e+01   1.9677058e-15   2.6581250e-01   2.6581250e-01
   7.0000000e+00   1.3000000e+01   1.9363953e-15   2.6768750e-01   2.6768750e-01
   8.0000000e+00   1.3000000e+01   2.0863993e-15   2.8871875e-01   2.8871875e-01
   9.0000000e+00   1.3000000e+01   2.3521124e-15   3.2034375e-01   3.2034375e-01
   1.0000000e+01   1.3000000e+01   2.5545728e-15   3.4778125e-01   3.4778125e-01
   1.1000000e+01   1.3000000e+01   2.6656509e-15   3.6359375e-01   3.6359375e-01
   1.2000000e+01   1.3000000e+01   2.5193252e-15   3.5659375e-01   3.5659375e-01
   1.3000000e+01   1.3000000e+01   2.4900204e-15   3.3712500e-01   3.3712500e-01
   1.4000000e+01   1.3000000e+01   2.4060728e-15   3.1868750e-01   3.1868750e-01
   1.5000000e+01   1.3000000e+01   2.2381448e-15   3.0268750e-01   3.0268750e-01
   1.6000000e+01   1.3000000e+01   2.1031405e-15   2.8993750e-01   2.8993750e-01
   1.7000000e+01   1.3000000e+01   1.9686470e-15   2.7893750e-01   2.7893750e-01
   1.8000000e+01   1.3000000e+01   2.0706932e-15   2.9146875e-01   2.9146875e-01
   1.9000000e+01   1.3000000e+01   2.2107605e-15   2.9606250e-01   2.9606250e-01
   2.0000000e+01   1.3000000e+01   2.0962679e-15   2.8659375e-01   2.8659375e-01
   2.1000000e+01   1.3000000e+01   1.9073737e-15   2.6834375e-01   2.6834375e-01
   2.2000000e+01   1.3000000e+01   1.8605890e-15   2.6318750e-01   2.6318750e-01
   2.3000000e+01   1.3000000e+01   1.8906280e-15   2.6521875e-01   2.6521875e-01
   2.4000000e+01   1.3000000e+01   2.0068565e-15   2.7565625e-01   2.7565625e-01
   2.5000000e+01   1.3000000e+01   2.1937950e-15   3.0950000e-01   3.0950000e-01
   2.6000000e+01   1.3000000e+01   2.3339777e-15   3.3871875e-01   3.3871875e-01
   2.7000000e+01   1.3000000e+01   2.7266831e-15   3.5812500e-01   3.5812500e-01
   2.8000000e+01   1.3000000e+01   2.6754708e-15   3.5796875e-01   3.5796875e-01
   2.9000000e+01   1.3000000e+01   2.5488540e-15   3.4156250e-01   3.4156250e-01
   3.0000000e+01   1.3000000e+01   2.2762194e-15   3.2553125e-01   3.2553125e-01
   3.1000000e+01   1.3000000e+01   2.2241503e-15   3.0603125e-01   3.0603125e-01
   3.2000000e+01   1.3000000e+01   2.1026485e-15   2.8543750e-01   2.8543750e-01
   3.3000000e+01   1.3000000e+01   1.9219428e-15   2.7103125e-01   2.7103125e-01
   3.4000000e+01   1.3000000e+01   1.9654874e-15   2.8540625e-01   2.8540625e-01
   3.5000000e+01   1.3000000e+01   2.1704789e-15   2.8915625e-01   2.8915625e-01
   1.0000000e+00   1.4000000e+01   2.0226696e-15   2.9490625e-01   2.9490625e-01
   2.0000000e+00   1.4000000e+01   2.1614983e-15   3.0353125e-01   3.0353125e-01
   3.0000000e+00   1.4000000e+01   2.2701881e-15   3.0696875e-01   3.0696875e-01
   4.0000000e+00   1.4000000e+01   2.1156371e-15   2.9050000e-01   2.9050000e-01
   5.0000000e+00   1.4000000e+01   1.9534296e-15   2.7287500e-01   2.7287500e-01
   6.0000000e+00   1.4000000e+01   2.0621288e-15   2.7334375e-01   2.7334375e-01
   7.0000000e+00   1.4000000e+01   2.0492259e-15   2.8621875e-01   2.8621875e-01
   8.0000000e+00   1.4000000e+01   2.2384318e-15   3.1256250e-01   3.1256250e-01
   9.0000000e+00   1.4000000e+01   2.5062538e-15   3.3946875e-01   3.3946875e-01
   1.0000000e+01   1.4000000e+01   2.6820755e-15   3.6428125e-01   3.6428125e-01
   1.1000000e+01   1.4000000e+01   2.7783838e-15   3.7612500e-01   3.7612500e-01
   1.2000000e+01   1.4000000e+01   2.6725454e-15   3.6740625e-01   3.6740625e-01
   1.3000000e+01   1.4000000e+01   2.5979331e-15   3.5981250e-01   3.5981250e-01
   1.4000000e+01   1.4000000e+01   2.5451408e-15   3.4643750e-01   3.4643750e-01
   1.5000000e+01   1.4000000e+01   2.5255394e-15   3.3478125e-01   3.3478125e-01
   1.6000000e+01   1.4000000e+01   2.2901602e-15   3.0975000e-01   3.0975000e-01
   1.7000000e+01   1.4000000e+01   2.1593851e-15   3.0337500e-01   3.0337500e-01
   1.8000000e+01   1.4000000e+01   2.1103264e-15   2.9634375e-01   2.9634375e-01
   1.9000000e+01   1.4000000e+01   2.2073449e-15   2.9840625e-01   2.9840625e-01
   2.0000000e+01   1.4000000e+01   2.1692993e-15   2.9678125e-01   2.9678125e-01
   2.1000000e+01   1.4000000e+01   1.9288050e-15   2.8000000e-01   2.8000000e-01
   2.2000000e+01   1.4000000e+01   2.1000474e-15   2.6950000e-01   2.6950000e-01
   2.3000000e+01   1.4000000e+01   2.0175688e-15   2.7746875e-01   2.7746875e-01
   2.4000000e+01   1.4000000e+01   2.1335025e-15   2.9496875e-01   2.9496875e-01
   2.5000000e+01   1.4000000e+01   2.2949265e-15   3.2409375e-01   3.2409375e-01
   2.6000000e+01   1.4000000e+01   2.6355060e-15   3.5318750e-01   3.5318750e-01
   2.7000000e+01   1.4000000e+01   2.7917426e-15   3.6953125e-01   3.6953125e-01
   2.8000000e+01   1.4000000e+01   2.7596668e-15   3.7475000e-01   3.7475000e-01
   2.9000000e+01   1.4000000e+01   2.6527831e-15   3.5962500e-01   3.5962500e-01
   3.0000000e+01   1.4000000e+01   2.6433527e-15   3.4256250e-01   3.4256250e-01
   3.1000000e+01   1.4000000e+01   2.4350100e-15   3.2259375e-01   3.2259375e-01
   3.2000000e+01   1.4000000e+01   2.1982184e-15   3.1187500e-01   3.1187500e-01
   3.3000000e+01   1.4000000e+01   2.1314459e-15   2.9687500e-01   2.9687500e-01
   3.4000000e+01   1.4000000e+01   2.2429536e-15   2.8906250e-01   2.8906250e-01
   3.5000000e+01   1.4000000e+01   2.1403261e-15   2.9028125e-01   2.9028125e-01
   1.0000000e+00   1.5000000e+01   2.2108253e-15   3.1556250e-01   3.1556250e-01
   2.0000000e+00   1.5000000e+01   2.2551078e-15   3.0268750e-01   3.0268750e-01
   3.0000000e+00   1.5000000e+01   2.2076960e-15   2.9909375e-01   2.9909375e-01
   4.0000000e+00   1.5000000e+01   2.2360170e-15   2.9553125e-01   2.9553125e-01
   5.0000000e+00   1.5000000e+01   1.9329861e-15   2.7884375e-01   2.7884375e-01
   6.0000000e+00   1.5000000e+01   2.0516429e-15   2.8137500e-01   2.8137500e-01
   7.0000000e+00   1.5000000e+01   2.2298368e-15   3.0118750e-01   3.0118750e-01
   8.0000000e+00   1.5000000e+01   2.4587880e-15   3.3368750e-01   3.3368750e-01
   9.0000000e+00   1.5000000e+01   2.6644523e-15   3.6146875e-01   3.6146875e-01
   1.0000000e+01   1.5000000e+01   2.8825563e-15   3.7790625e-01   3.7790625e-01
   1.1000000e+01   1.5000000e+01   2.9551416e-15   3.8896875e-01   3.8896875e-01
   1.2000000e+01   1.5000000e+01   2.8234646e-15   3.8781250e-01   3.8781250e-01
   1.3000000e+01   1.5000000e+01   2.9363453e-15   3.8034375e-01   3.8034375e-01
   1.4000000e+01   1.5000000e+01   2.6982346e-15   3.6990625e-01   3.6990625e-01
   1.5000000e+01   1.5000000e+01   2.5127400e-15   3.5578125e-01   3.5578125e-01
   1.6000000e+01   1.5000000e+01   2.4777694e-15   3.4300000e-01   3.4300000e-01
   1.7000000e+01   1.5000000e+01   2.4573466e-15   3.2743750e-01   3.2743750e-01
   1.8000000e+01   1.5000000e+01   2.3833044e-15   3.1046875e-01   3.1046875e-01
   1.9000000e+01   1.5000000e+01   2.1136015e-15   3.0221875e-01   3.0221875e-01
   2.0000000e+01   1.5000000e+01   2.0743893e-15   2.9393750e-01   2.9393750e-01
   2.1000000e+01   1.5000000e+01   2.0676500e-15   2.8534375e-01   2.8534375e-01
   2.2000000e+01   1.5000000e+01   2.0980864e-15   2.7546875e-01   2.7546875e-01
   2.3000000e+01   1.5000000e+01   2.1098542e-15   2.8984375e-01   2.8984375e-01
   2.4000000e+01   1.5000000e+01   2.2729658e-15   3.0959375e-01   3.0959375e-01
   2.5000000e+01   1.5000000e+01   2.5155659e-15   3.4412500e-01   3.4412500e-01
   2.6000000e+01   1.5000000e+01   2.6925864e-15   3.7003125e-01   3.7003125e-01
   2.7000000e+01   1.5000000e+01   2.8961605e-15   3.8578125e-01   3.8578125e-01
   2.8000000e+01   1.5000000e+01   2.8322666e-15   3.8406250e-01   3.8406250e-01
   2.9000000e+01   1.5000000e+01   2.8278700e-15   3.8153125e-01   3.8153125e-01
   3.0000000e+01   1.5000000e+01   2.6937750e-15   3.7434375e-01   3.7434375e-01
   3.1000000e+01   1.5000000e+01   2.6165937e-15   3.5090625e-01   3.5090625e-01
   3.2000000e+01   1.5000000e+01   2.5978942e-15   3.3937500e-01   3.3937500e-01
   3.3000000e+01   1.5000000e+01   2.3419501e-15   3.1903125e-01   3.1903125e-01
   3.4000000e+01   1.5000000e+01   2.1607958e-15   3.0587500e-01   3.0587500e-01
   3.5000000e+01   1.5000000e+01   2.1009201e-15   2.9943750e-01   2.9943750e-01
   1.0000000e+00   1.6000000e+01   2.5620783e-15   3.3240625e-01   3.3240625e-01
   2.0000000e+00   1.6000000e+01   2.3238768e-15   3.2034375e-01   3.2034375e-01
   3.0000000e+00   1.6000000e+01   2.2253484e-15   3.0381250e-01   3.0381250e-01
   4.0000000e+00   1.6000000e+01   2.1294540e-15   2.9878125e-01   2.9878125e-01
   5.0000000e+00   1.6000000e+01   2.0753877e-15   2.9150000e-01   2.9150000e-01
   6.0000000e+00   1.6000000e+01   2.1701726e-15   2.9543750e-01   2.9543750e-01
   7.0000000e+00   1.6000000e+01   2.2783747e-15   3.1465625e-01   3.1465625e-01
   8.0000000e+00   1.6000000e+01   2.4670708e-15   3.4312500e-01   3.4312500e-01
   9.0000000e+00   1.6000000e+01   2.7353999e-15   3.7662500e-01   3.7662500e-01
   1.0000000e+01   1.6000000e+01   2.8713353e-15   4.0234375e-01   4.0234375e-01
   1.1000000e+01   1.6000000e+01   3.1123509e-15   4.1881250e-01   4.1881250e-01
   1.2000000e+01   1.6000000e+01   3.0052924e-15   4.1793750e-01   4.1793750e-01
   1.3000000e+01   1.6000000e+01   3.0697011e-15   4.0821875e-01   4.0821875e-01
   1.4000000e+01   1.6000000e+01   3.0121441e-15   3.9396875e-01   3.9396875e-01
   1.5000000e+01   1.6000000e+01   2.8709556e-15   3.7703125e-01   3.7703125e-01
   1.6000000e+01   1.6000000e+01   2.7298623e-15   3.5990625e-01   3.5990625e-01
   1.7000000e+01   1.6000000e+01   2.5023791e-15   3.4165625e-01   3.4165625e-01
   1.8000000e+01   1.6000000e+01   2.4019361e-15   3.3228125e-01   3.3228125e-01
   1.9000000e+01   1.6000000e+01   2.2045699e-15   3.1418750e-01   3.1418750e-01
   2.0000000e+01   1.6000000e+01   2.1089211e-15   3.0237500e-01   3.0237500e-01
   2.1000000e+01   1.6000000e+01   2.0797487e-15   2.9159375e-01   2.9159375e-01
   2.2000000e+01   1.6000000e+01   2.0710413e-15   2.8143750e-01   2.8143750e-01
   2.3000000e+01   1.6000000e+01   2.2398125e-15   2.9956250e-01   2.9956250e-01
   2.4000000e+01   1.6000000e+01   2.3732563e-15   3.1750000e-01   3.1750000e-01
   2.5000000e+01   1.6000000e+01   2.5942032e-15   3.5509375e-01   3.5509375e-01
   2.6000000e+01   1.6000000e+01   2.9170611e-15   3.8793750e-01   3.8793750e-01
   2.7000000e+01   1.6000000e+01   2.9459986e-15   4.1228125e-01   4.1228125e-01
   2.8000000e+01   1.6000000e+01   3.0257629e-15   4.1806250e-01   4.1806250e-01
   2.9000000e+01   1.6000000e+01   3.0483332e-15   4.0893750e-01   4.0893750e-01
   3.0000000e+01   1.6000000e+01   2.9550648e-15   3.9462500e-01   3.9462500e-01
   3.1000000e+01   1.6000000e+01   2.9067721e-15   3.7996875e-01   3.7996875e-01
   3.2000000e+01   1.6000000e+01   2.6251290e-15   3.5918750e-01   3.5918750e-01
   3.3000000e+01   1.6000000e+01   2.3897629e-15   3.4259375e-01   3.4259375e-01
   3.4000000e+01   1.6000000e+01   2.3243229e-15   3.3003125e-01   3.3003125e-01
   3.5000000e+01   1.6000000e+01   2.1771162e-15   3.0915625e-01   3.0915625e-01
   1.0000000e+00   1.7000000e+01   2.5785194e-15   3.4659375e-01   3.4659375e-01
   2.0000000e+00   1.7000000e+01   2.5978217e-15   3.3681250e-01   3.3681250e-01
   3.0000000e+00   1.7000000e+01   2.3717581e-15   3.2221875e-01   3.2221875e-01
   4.0000000e+00   1.7000000e+01   2.2603016e-15   3.1296875e-01   3.1296875e-01
   5.0000000e+00   1.7000000e+01   2.1107344e-15   3.0168750e-01   3.0168750e-01
   6.0000000e+00   1.7000000e+01   2.1587464e-15   3.0390625e-01   3.0390625e-01
   7.0000000e+00   1.7000000e+01   2.3371890e-15   3.2159375e-01   3.2159375e-01
   8.0000000e+00   1.7000000e+01   2.6551293e-15   3.5031250e-01   3.5031250e-01
   9.0000000e+00   1.7000000e+01   2.9893070e-15   3.9621875e-01   3.9621875e-01
   1.0000000e+01   1.7000000e+01   3.1340635e-15   4.2700000e-01   4.2700000e-01
   1.1000000e+01   1.7000000e+01   3.4240588e-15   4.4112500e-01   4.4112500e-01
   1.2000000e+01   1.7000000e+01   3.2649371e-15   4.3737500e-01   4.3737500e-01
   1.3000000e+01   1.7000000e+01   3.2435502e-15   4.2484375e-01   4.2484375e-01
   1.4000000e+01   1.7000000e+01   3.1359938e-15   4.0578125e-01   4.0578125e-01
   1.5000000e+01   1.7000000e+01   3.0002185e-15   3.9100000e-01   3.9100000e-01
   1.6000000e+01   1.7000000e+01   2.9191416e-15   3.7368750e-01   3.7368750e-01
   1.7000000e+01   1.7000000e+01   2.6962761e-15   3.5500000e-01   3.5500000e-01
   1.8000000e+01   1.7000000e+01   2.6020470e-15   3.4796875e-01   3.4796875e-01
   1.9000000e+01   1.7000000e+01   2.4806762e-15   3.2787500e-01   3.2787500e-01
   2.0000000e+01   1.7000000e+01   2.2757925e-15   3.1200000e-01   3.1200000e-01
   2.1000000e+01   1.7000000e+01   2.0261942e-15   3.0309375e-01   3.0309375e-01
   2.2000000e+01   1.7000000e+01   2.0970516e-15   2.9425000e-01   2.9425000e-01
   2.3000000e+01   1.7000000e+01   2.2128717e-15   3.0940625e-01   3.0940625e-01
   2.4000000e+01   1.7000000e+01   2.4733315e-15   3.3287500e-01   3.3287500e-01
   2.5000000e+01   1.7000000e+01   2.7833197e-15   3.7859375e-01   3.7859375e-01
   2.6000000e+01   1.7000000e+01   3.0214593e-15   4.0775000e-01   4.0775000e-01
   2.7000000e+01   1.7000000e+01   3.2487409e-15   4.3415625e-01   4.3415625e-01
   2.8000000e+01   1.7000000e+01   3.3074392e-15   4.3518750e-01   4.3518750e-01
   2.9000000e+01   1.7000000e+01   3.3957219e-15   4.2921875e-01   4.2921875e-01
   3.0000000e+01   1.7000000e+01   3.1070112e-15   4.0834375e-01   4.0834375e-01
   3.1000000e+01   1.7000000e+01   2.9702540e-15   3.9446875e-01   3.9446875e-01
   3.2000000e+01   1.7000000e+01   2.8122760e-15   3.7987500e-01   3.7987500e-01
   3.3000000e+01   1.7000000e+01   2.6610912e-15   3.5393750e-01   3.5393750e-01
   3.4000000e+01   1.7000000e+01   2.5900331e-15   3.3918750e-01   3.3918750e-01
   3.5000000e+01   1.7000000e+01   2.4514082e-15   3.2356250e-01   3.2356250e-01
   1.0000000e+00   1.8000000e+01   2.7681204e-15   3.5571875e-01   3.5571875e-01
   2.0000000e+00   1.8000000e+01   2.5923636e-15   3.4246875e-01   3.4246875e-01
   3.0000000e+00   1.8000000e+01   2.6098295e-15   3.3206250e-01   3.3206250e-01
   4.0000000e+00   1.8000000e+01   2.3852441e-15   3.1403125e-01   3.1403125e-01
   5.0000000e+00   1.8000000e+01   2.3035492e-15   3.0693750e-01   3.0693750e-01
   6.0000000e+00   1.8000000e+01   2.3043699e-15   3.0053125e-01   3.0053125e-01
   7.0000000e+00   1.8000000e+01   2.5074144e-15   3.3734375e-01   3.3734375e-01
   8.0000000e+00   1.8000000e+01   2.7054874e-15   3.7512500e-01   3.7512500e-01
   9.0000000e+00   1.8000000e+01   3.2177646e-15   4.1959375e-01   4.1959375e-01
   1.0000000e+01   1.8000000e+01   3.4040687e-15   4.4184375e-01   4.4184375e-01
   1.1000000e+01   1.8000000e+01   3.5240355e-15   4.5915625e-01   4.5915625e-01
   1.2000000e+01   1.8000000e+01   3.5399395e-15   4.6218750e-01   4.6218750e-01
   1.3000000e+01   1.8000000e+01   3.3896833e-15   4.4450000e-01   4.4450000e-01
   1.4000000e+01   1.8000000e+01   3.2034513e-15   4.2362500e-01   4.2362500e-01
   1.5000000e+01   1.8000000e+01   3.0399375e-15   4.0559375e-01   4.0559375e-01
   1.6000000e+01   1.8000000e+01   2.8876293e-15   3.9125000e-01   3.9125000e-01
   1.7000000e+01   1.8000000e+01   2.5924075e-15   3.6668750e-01   3.6668750e-01
   1.8000000e+01   1.8000000e+01   2.6067185e-15   3.5781250e-01   3.5781250e-01
   1.9000000e+01   1.8000000e+01   2.5344845e-15   3.3437500e-01   3.3437500e-01
   2.0000000e+01   1.8000000e+01   2.4453230e-15   3.2118750e-01   3.2118750e-01
   2.1000000e+01   1.8000000e+01   2.3100427e-15   3.0862500e-01   3.0862500e-01
   2.2000000e+01   1.8000000e+01   2.0778854e-15   2.9456250e-01   2.9456250e-01
   2.3000000e+01   1.8000000e+01   2.3371280e-15   3.1331250e-01   3.1331250e-01
   2.4000000e+01   1.8000000e+01   2.5665798e-15   3.5300000e-01   3.5300000e-01
   2.5000000e+01   1.8000000e+01   2.9521478e-15   3.9540625e-01   3.9540625e-01
   2.6000000e+01   1.8000000e+01   3.2058229e-15   4.2425000e-01   4.2425000e-01
   2.7000000e+01   1.8000000e+01   3.3764665e-15   4.5328125e-01   4.5328125e-01
   2.8000000e+01   1.8000000e+01   3.4647558e-15   4.5740625e-01   4.5740625e-01
   2.9000000e+01   1.8000000e+01   3.3461899e-15   4.4903125e-01   4.4903125e-01
   3.0000000e+01   1.8000000e+01   3.1886999e-15   4.3125000e-01   4.3125000e-01
   3.1000000e+01   1.8000000e+01   2.9621759e-15   4.0815625e-01   4.0815625e-01
   3.2000000e+01   1.8000000e+01   2.7414345e-15   3.9109375e-01   3.9109375e-01
   3.3000000e+01   1.8000000e+01   2.6445410e-15   3.7059375e-01   3.7059375e-01
   3.4000000e+01   1.8000000e+01   2.6038317e-15   3.4500000e-01   3.4500000e-01
   3.5000000e+01   1.8000000e+01   2.5595822e-15   3.3493750e-01   3.3493750e-01
   1.0000000e+00   1.9000000e+01   2.6827258e-15   3.6753125e-01   3.6753125e-01
   2.0000000e+00   1.9000000e+01   2.5102679e-15   3.4706250e-01   3.4706250e-01
   3.0000000e+00   1.9000000e+01   2.5460546e-15   3.3228125e-01   3.3228125e-01
   4.0000000e+00   1.9000000e+01   2.4280862e-15   3.2412500e-01   3.2412500e-01
   5.0000000e+00   1.9000000e+01   2.2029276e-15   3.1221875e-01   3.1221875e-01
   6.0000000e+00   1.9000000e+01   2.3038206e-15   3.1009375e-01   3.1009375e-01
   7.0000000e+00   1.9000000e+01   2.6080660e-15   3.4940625e-01   3.4940625e-01
   8.0000000e+00   1.9000000e+01   2.9877545e-15   3.8771875e-01   3.8771875e-01
   9.0000000e+00   1.9000000e+01   3.1958980e-15   4.2478125e-01   4.2478125e-01
   1.0000000e+01   1.9000000e+01   3.4773808e-15   4.5375000e-01   4.5375000e-01
   1.1000000e+01   1.9000000e+01   3.6206571e-15   4.7412500e-01   4.7412500e-01
   1.2000000e+01   1.9000000e+01   3.6060790e-15   4.7709375e-01   4.7709375e-01
   1.3000000e+01   1.9000000e+01   3.4196891e-15   4.5650000e-01   4.5650000e-01
   1.4000000e+01   1.9000000e+01   3.2946461e-15   4.4025000e-01   4.4025000e-01
   1.5000000e+01   1.9000000e+01   3.0905045e-15   4.1640625e-01   4.1640625e-01
   1.6000000e+01   1.9000000e+01   3.0204098e-15   4.0200000e-01   4.0200000e-01
   1.7000000e+01   1.9000000e+01   2.8786976e-15   3.7762500e-01   3.7762500e-01
   1.8000000e+01   1.9000000e+01   2.7502798e-15   3.6056250e-01   3.6056250e-01
   1.9000000e+01   1.9000000e+01   2.5614845e-15   3.3512500e-01   3.3512500e-01
   2.0000000e+01   1.9000000e+01   2.4363762e-15   3.2525000e-01   3.2525000e-01
   2.1000000e+01   1.9000000e+01   2.2616435e-15   3.1240625e-01   3.1240625e-01
   2.2000000e+01   1.9000000e+01   2.2880311e-15   3.0203125e-01   3.0203125e-01
   2.3000000e+01   1.9000000e+01   2.4800148e-15   3.2556250e-01   3.2556250e-01
   2.4000000e+01   1.9000000e+01   2.7104185e-15   3.6403125e-01   3.6403125e-01
   2.5000000e+01   1.9000000e+01   3.1245014e-15   4.1378125e-01   4.1378125e-01
   2.6000000e+01   1.9000000e+01   3.4579553e-15   4.4312500e-01   4.4312500e-01
   2.7000000e+01   1.9000000e+01   3.4533530e-15   4.6140625e-01   4.6140625e-01
   2.8000000e+01   1.9000000e+01   3.5717127e-15   4.6637500e-01   4.6637500e-01
   2.9000000e+01   1.9000000e+01   3.4656113e-15   4.5978125e-01   4.5978125e-01
   3.0000000e+01   1.9000000e+01   3.4460976e-15   4.4390625e-01   4.4390625e-01
   3.1000000e+01   1.9000000e+01   3.1518575e-15   4.2015625e-01   4.2015625e-01
   3.2000000e+01   1.9000000e+01   2.9681552e-15   4.0165625e-01   4.0165625e-01
   3.3000000e+01   1.9000000e+01   2.8282373e-15   3.8156250e-01   3.8156250e-01
   3.4000000e+01   1.9000000e+01   2.6997900e-15   3.6409375e-01   3.6409375e-01
   3.5000000e+01   1.9000000e+01   2.5683082e-15   3.4312500e-01   3.4312500e-01
   1.0000000e+00   2.0000000e+01   2.8431219e-15   3.7565625e-01   3.7565625e-01
   2.0000000e+00   2.0000000e+01   2.6526130e-15   3.5353125e-01   3.5353125e-01
   3.0000000e+00   2.0000000e+01   2.4821904e-15   3.3381250e-01   3.3381250e-01
   4.0000000e+00   2.0000000e+01   2.3840267e-15   3.2300000e-01   3.2300000e-01
   5.0000000e+00   2.0000000e+01   2.2131232e-15   3.1221875e-01   3.1221875e-01
   6.0000000e+00   2.0000000e+01   2.2976902e-15   3.2084375e-01   3.2084375e-01
   7.0000000e+00   2.0000000e+01   2.6347962e-15   3.6212500e-01   3.6212500e-01
   8.0000000e+00   2.0000000e+01   2.8679761e-15   3.9481250e-01   3.9481250e-01
   9.0000000e+00   2.0000000e+01   3.1161041e-15   4.2796875e-01   4.2796875e-01
   1.0000000e+01   2.0000000e+01   3.3473153e-15   4.4571875e-01   4.4571875e-01
   1.1000000e+01   2.0000000e+01   3.6024965e-15   4.6400000e-01   4.6400000e-01
   1.2000000e+01   2.0000000e+01   3.4995558e-15   4.6771875e-01   4.6771875e-01
   1.3000000e+01   2.0000000e+01   3.3319244e-15   4.6303125e-01   4.6303125e-01
   1.4000000e+01   2.0000000e+01   3.3262228e-15   4.5075000e-01   4.5075000e-01
   1.5000000e+01   2.0000000e+01   3.1784087e-15   4.2287500e-01   4.2287500e-01
   1.6000000e+01   2.0000000e+01   3.0262951e-15   4.1140625e-01   4.1140625e-01
   1.7000000e+01   2.0000000e+01   2.7947653e-15   3.9184375e-01   3.9184375e-01
   1.8000000e+01   2.0000000e+01   2.7412565e-15   3.6484375e-01   3.6484375e-01
   1.9000000e+01   2.0000000e+01   2.5463808e-15   3.4603125e-01   3.4603125e-01
   2.0000000e+01   2.0000000e+01   2.3627433e-15   3.2415625e-01   3.2415625e-01
   2.1000000e+01   2.0000000e+01   2.2229927e-15   3.1165625e-01   3.1165625e-01
   2.2000000e+01   2.0000000e+01   2.1779947e-15   3.0778125e-01   3.0778125e-01
   2.3000000e+01   2.0000000e+01   2.5064708e-15   3.3300000e-01   3.3300000e-01
   2.4000000e+01   2.0000000e+01   2.8600138e-15   3.7318750e-01   3.7318750e-01
   2.5000000e+01   2.0000000e+01   3.0362429e-15   4.1184375e-01   4.1184375e-01
   2.6000000e+01   2.0000000e+01   3.2005821e-15   4.3503125e-01   4.3503125e-01
   2.7000000e+01   2.0000000e+01   3.4592753e-15   4.6037500e-01   4.6037500e-01
   2.8000000e+01   2.0000000e+01   3.4808933e-15   4.6853125e-01   4.6853125e-01
   2.9000000e+01   2.0000000e+01   3.4416383e-15   4.6815625e-01   4.6815625e-01
   3.0000000e+01   2.0000000e+01   3.2979731e-15   4.5265625e-01   4.5265625e-01
   3.1000000e+01   2.0000000e+01   3.1135560e-15   4.3162500e-01   4.3162500e-01
   3.2000000e+01   2.0000000e+01   3.1118859e-15   4.1137500e-01   4.1137500e-01
   3.3000000e+01   2.0000000e+01   2.9796848e-15   3.9159375e-01   3.9159375e-01
   3.4000000e+01   2.0000000e+01   2.7095890e-15   3.7018750e-01   3.7018750e-01
   3.5000000e+01   2.0000000e+01   2.6960309e-15   3.4496875e-01   3.4496875e-01
   1.0000000e+00   2.1000000e+01   2.9343917e-15   3.8065625e-01   3.8065625e-01
   2.0000000e+00   2.1000000e+01   2.6839279e-15   3.5621875e-01   3.5621875e-01
   3.0000000e+00   2.1000000e+01   2.4889921e-15   3.3515625e-01   3.3515625e-01
   4.0000000e+00   2.1000000e+01   2.3940473e-15   3.2596875e-01   3.2596875e-01
   5.0000000e+00   2.1000000e+01   2.3142244e-15   3.1556250e-01   3.1556250e-01
   6.0000000e+00   2.1000000e+01   2.4652788e-15   3.3403125e-01   3.3403125e-01
   7.0000000e+00   2.1000000e+01   2.6342263e-15   3.6896875e-01   3.6896875e-01
   8.0000000e+00   2.1000000e+01   2.9241334e-15   3.9775000e-01   3.9775000e-01
   9.0000000e+00   2.1000000e+01   3.1930615e-15   4.2471875e-01   4.2471875e-01
   1.0000000e+01   2.1000000e+01   3.3493507e-15   4.3734375e-01   4.3734375e-01
   1.1000000e+01   2.1000000e+01   3.4151179e-15   4.5856250e-01   4.5856250e-01
   1.2000000e+01   2.1000000e+01   3.4819426e-15   4.6709375e-01   4.6709375e-01
   1.3000000e+01   2.1000000e+01   3.4927150e-15   4.6996875e-01   4.6996875e-01
   1.4000000e+01   2.1000000e+01   3.3974161e-15   4.5075000e-01   4.5075000e-01
   1.5000000e+01   2.1000000e+01   3.2380854e-15   4.3362500e-01   4.3362500e-01
   1.6000000e+01   2.1000000e+01   3.1065678e-15   4.1381250e-01   4.1381250e-01
   1.7000000e+01   2.1000000e+01   2.8514260e-15   3.9075000e-01   3.9075000e-01
   1.8000000e+01   2.1000000e+01   2.6582936e-15   3.7296875e-01   3.7296875e-01
   1.9000000e+01   2.1000000e+01   2.6116604e-15   3.4693750e-01   3.4693750e-01
   2.0000000e+01   2.1000000e+01   2.3532407e-15   3.2843750e-01   3.2843750e-01
   2.1000000e+01   2.1000000e+01   2.2260851e-15   3.1212500e-01   3.1212500e-01
   2.2000000e+01   2.1000000e+01   2.2094000e-15   3.1903125e-01   3.1903125e-01
   2.3000000e+01   2.1000000e+01   2.5582270e-15   3.4175000e-01   3.4175000e-01
   2.4000000e+01   2.1000000e+01   2.7767889e-15   3.7671875e-01   3.7671875e-01
   2.5000000e+01   2.1000000e+01   3.0570418e-15   4.0590625e-01   4.0590625e-01
   2.6000000e+01   2.1000000e+01   3.1511947e-15   4.2834375e-01   4.2834375e-01
   2.7000000e+01   2.1000000e+01   3.2439008e-15   4.4834375e-01   4.4834375e-01
   2.8000000e+01   2.1000000e+01   3.4570123e-15   4.6268750e-01   4.6268750e-01
   2.9000000e+01   2.1000000e+01   3.5828894e-15   4.6571875e-01   4.6571875e-01
   3.0000000e+01   2.1000000e+01   3.4114982e-15   4.5818750e-01   4.5818750e-01
   3.1000000e+01   2.1000000e+01   3.2325640e-15   4.3165625e-01   4.3165625e-01
   3.2000000e+01   2.1000000e+01   3.0156098e-15   4.2109375e-01   4.2109375e-01
   3.3000000e+01   2.1000000e+01   2.8537651e-15   3.9915625e-01   3.9915625e-01
   3.4000000e+01   2.1000000e+01   2.8388218e-15   3.7415625e-01   3.7415625e-01
   3.5000000e+01   2.1000000e+01   2.6467618e-15   3.5206250e-01   3.5206250e-01
   1.0000000e+00   2.2000000e+01   2.7690364e-15   3.8706250e-01   3.8706250e-01
   2.0000000e+00   2.2000000e+01   2.6825997e-15   3.6068750e-01   3.6068750e-01
   3.0000000e+00   2.2000000e+01   2.6882959e-15   3.4887500e-01   3.4887500e-01
   4.0000000e+00   2.2000000e+01   2.4767965e-15   3.3450000e-01   3.3450000e-01
   5.0000000e+00   2.2000000e+01   2.3487685e-15   3.1984375e-01   3.1984375e-01
   6.0000000e+00   2.2000000e+01   2.4349867e-15   3.3596875e-01   3.3596875e-01
   7.0000000e+00   2.2000000e+01   2.6432650e-15   3.7356250e-01   3.7356250e-01
   8.0000000e+00   2.2000000e+01   2.9768113e-15   3.9418750e-01   3.9418750e-01
   9.0000000e+00   2.2000000e+01   3.1998234e-15   4.1193750e-01   4.1193750e-01
   1.0000000e+01   2.2000000e+01   3.1904769e-15   4.2996875e-01   4.2996875e-01
   1.1000000e+01   2.2000000e+01   3.3434344e-15   4.4393750e-01   4.4393750e-01
   1.2000000e+01   2.2000000e+01   3.2404716e-15   4.4337500e-01   4.4337500e-01
   1.3000000e+01   2.2000000e+01   3.3340149e-15   4.5271875e-01   4.5271875e-01
   1.4000000e+01   2.2000000e+01   3.3238708e-15   4.4628125e-01   4.4628125e-01
   1.5000000e+01   2.2000000e+01   3.3475866e-15   4.3237500e-01   4.3237500e-01
   1.6000000e+01   2.2000000e+01   3.1246219e-15   4.1587500e-01   4.1587500e-01
   1.7000000e+01   2.2000000e+01   2.9141022e-15   3.9331250e-01   3.9331250e-01
   1.8000000e+01   2.2000000e+01   2.6799990e-15   3.7550000e-01   3.7550000e-01
   1.9000000e+01   2.2000000e+01   2.4750390e-15   3.5200000e-01   3.5200000e-01
   2.0000000e+01   2.2000000e+01   2.5059056e-15   3.4350000e-01   3.4350000e-01
   2.1000000e+01   2.2000000e+01   2.4267471e-15   3.2503125e-01   3.2503125e-01
   2.2000000e+01   2.2000000e+01   2.3514944e-15   3.2134375e-01   3.2134375e-01
   2.3000000e+01   2.2000000e+01   2.4803815e-15   3.4918750e-01   3.4918750e-01
   2.4000000e+01   2.2000000e+01   2.6996337e-15   3.8200000e-01   3.8200000e-01
   2.5000000e+01   2.2000000e+01   2.9671189e-15   4.0343750e-01   4.0343750e-01
   2.6000000e+01   2.2000000e+01   3.2911417e-15   4.2275000e-01   4.2275000e-01
   2.7000000e+01   2.2000000e+01   3.3440010e-15   4.3787500e-01   4.3787500e-01
   2.8000000e+01   2.2000000e+01   3.3806722e-15   4.4840625e-01   4.4840625e-01
   2.9000000e+01   2.2000000e+01   3.4019746e-15   4.5921875e-01   4.5921875e-01
   3.0000000e+01   2.2000000e+01   3.1789833e-15   4.4484375e-01   4.4484375e-01
   3.1000000e+01   2.2000000e+01   3.2798157e-15   4.3303125e-01   4.3303125e-01
   3.2000000e+01   2.2000000e+01   3.2340232e-15   4.2196875e-01   4.2196875e-01
   3.3000000e+01   2.2000000e+01   2.9844344e-15   4.0240625e-01   4.0240625e-01
   3.4000000e+01   2.2000000e+01   2.7328351e-15   3.8443750e-01   3.8443750e-01
   3.5000000e+01   2.2000000e+01   2.7136817e-15   3.6068750e-01   3.6068750e-01
   1.0000000e+00   2.3000000e+01   2.8017913e-15   3.8356250e-01   3.8356250e-01
   2.0000000e+00   2.3000000e+01   2.6892021e-15   3.6687500e-01   3.6687500e-01
   3.0000000e+00   2.3000000e+01   2.6925793e-15   3.5356250e-01   3.5356250e-01
   4.0000000e+00   2.3000000e+01   2.5553335e-15   3.4396875e-01   3.4396875e-01
   5.0000000e+00   2.3000000e+01   2.3864840e-15   3.2465625e-01   3.2465625e-01
   6.0000000e+00   2.3000000e+01   2.5207161e-15   3.4078125e-01   3.4078125e-01
   7.0000000e+00   2.3000000e+01   2.6950787e-15   3.6603125e-01   3.6603125e-01
   8.0000000e+00   2.3000000e+01   2.9478301e-15   3.9537500e-01   3.9537500e-01
   9.0000000e+00   2.3000000e+01   3.1479499e-15   4.0812500e-01   4.0812500e-01
   1.0000000e+01   2.3000000e+01   3.2663711e-15   4.2284375e-01   4.2284375e-01
   1.1000000e+01   2.3000000e+01   3.2312479e-15   4.3071875e-01   4.3071875e-01
   1.2000000e+01   2.3000000e+01   3.2662772e-15   4.3315625e-01   4.3315625e-01
   1.3000000e+01   2.3000000e+01   3.1923868e-15   4.3468750e-01   4.3468750e-01
   1.4000000e+01   2.3000000e+01   3.1127970e-15   4.2956250e-01   4.2956250e-01
   1.5000000e+01   2.3000000e+01   3.1486818e-15   4.2331250e-01   4.2331250e-01
   1.6000000e+01   2.3000000e+01   3.0934888e-15   4.0443750e-01   4.0443750e-01
   1.7000000e+01   2.3000000e+01   2.8493577e-15   3.8646875e-01   3.8646875e-01
   1.8000000e+01   2.3000000e+01   2.8172037e-15   3.7525000e-01   3.7525000e-01
   1.9000000e+01   2.3000000e+01   2.5784647e-15   3.6125000e-01   3.6125000e-01
   2.0000000e+01   2.3000000e+01   2.5896548e-15   3.4806250e-01   3.4806250e-01
   2.1000000e+01   2.3000000e+01   2.4634594e-15   3.2578125e-01   3.2578125e-01
   2.2000000e+01   2.3000000e+01   2.4139365e-15   3.2296875e-01   3.2296875e-01
   2.3000000e+01   2.3000000e+01   2.6367985e-15   3.4515625e-01   3.4515625e-01
   2.4000000e+01   2.3000000e+01   2.7442624e-15   3.7303125e-01   3.7303125e-01
   2.5000000e+01   2.3000000e+01   2.8957335e-15   3.9893750e-01   3.9893750e-01
   2.6000000e+01   2.3000000e+01   3.0049817e-15   4.1528125e-01   4.1528125e-01
   2.7000000e+01   2.3000000e+01   3.2144953e-15   4.2593750e-01   4.2593750e-01
   2.8000000e+01   2.3000000e+01   3.3704389e-15   4.3068750e-01   4.3068750e-01
   2.9000000e+01   2.3000000e+01   3.3430239e-15   4.3687500e-01   4.3687500e-01
   3.0000000e+01   2.3000000e+01   3.2504043e-15   4.2821875e-01   4.2821875e-01
   3.1000000e+01   2.3000000e+01   3.1921987e-15   4.2787500e-01   4.2787500e-01
   3.2000000e+01   2.3000000e+01   3.0720228e-15   4.1675000e-01   4.1675000e-01
   3.3000000e+01   2.3000000e+01   2.9315984e-15   3.9475000e-01   3.9475000e-01
   3.4000000e+01   2.3000000e+01   2.9144555e-15   3.7946875e-01   3.7946875e-01
   3.5000000e+01   2.3000000e+01   2.7047532e-15   3.6450000e-01   3.6450000e-01
   1.0000000e+00   2.4000000e+01   2.7014169e-15   3.7512500e-01   3.7512500e-01
   2.0000000e+00   2.4000000e+01   2.6639367e-15   3.6078125e-01   3.6078125e-01
   3.0000000e+00   2.4000000e+01   2.5910953e-15   3.4896875e-01   3.4896875e-01
   4.0000000e+00   2.4000000e+01   2.4930922e-15   3.3103125e-01   3.3103125e-01
   5.0000000e+00   2.4000000e+01   2.3551427e-15   3.1146875e-01   3.1146875e-01
   6.0000000e+00   2.4000000e+01   2.4924376e-15   3.2284375e-01   3.2284375e-01
   7.0000000e+00   2.4000000e+01   2.6488656e-15   3.4918750e-01   3.4918750e-01
   8.0000000e+00   2.4000000e+01   2.8457623e-15   3.8284375e-01   3.8284375e-01
   9.0000000e+00   2.4000000e+01   3.0029278e-15   4.0053125e-01   4.0053125e-01
   1.0000000e+01   2.4000000e+01   3.0315421e-15   4.1234375e-01   4.1234375e-01
   1.1000000e+01   2.4000000e+01   3.1255491e-15   4.1659375e-01   4.1659375e-01
   1.2000000e+01   2.4000000e+01   3.1124518e-15   4.1487500e-01   4.1487500e-01
   1.3000000e+01   2.4000000e+01   3.0853987e-15   4.1087500e-01   4.1087500e-01
   1.4000000e+01   2.4000000e+01   3.0018919e-15   4.0765625e-01   4.0765625e-01
   1.5000000e+01   2.4000000e+01   2.9918996e-15   4.0878125e-01   4.0878125e-01
   1.6000000e+01   2.4000000e+01   3.0035875e-15   3.9006250e-01   3.9006250e-01
   1.7000000e+01   2.4000000e+01   2.7764618e-15   3.7075000e-01   3.7075000e-01
   1.8000000e+01   2.4000000e+01   2.7676999e-15   3.6075000e-01   3.6075000e-01
   1.9000000e+01   2.4000000e+01   2.6740996e-15   3.4959375e-01   3.4959375e-01
   2.0000000e+01   2.4000000e+01   2.5083533e-15   3.4571875e-01   3.4571875e-01
   2.1000000e+01   2.4000000e+01   2.3024290e-15   3.1925000e-01   3.1925000e-01
   2.2000000e+01   2.4000000e+01   2.3636486e-15   3.0865625e-01   3.0865625e-01
   2.3000000e+01   2.4000000e+01   2.5364700e-15   3.3325000e-01   3.3325000e-01
   2.4000000e+01   2.4000000e+01   2.7064535e-15   3.6215625e-01   3.6215625e-01
   2.5000000e+01   2.4000000e+01   2.8506809e-15   3.9096875e-01   3.9096875e-01
   2.6000000e+01   2.4000000e+01   3.0029423e-15   4.0859375e-01   4.0859375e-01
   2.7000000e+01   2.4000000e+01   3.0587481e-15   4.1093750e-01   4.1093750e-01
   2.8000000e+01   2.4000000e+01   3.2295551e-15   4.1818750e-01   4.1818750e-01
   2.9000000e+01   2.4000000e+01   3.1319072e-15   4.1375000e-01   4.1375000e-01
   3.0000000e+01   2.4000000e+01   2.9977251e-15   4.0909375e-01   4.0909375e-01
   3.1000000e+01   2.4000000e+01   2.9893733e-15   4.0784375e-01   4.0784375e-01
   3.2000000e+01   2.4000000e+01   2.9023484e-15   4.0028125e-01   4.0028125e-01
   3.3000000e+01   2.4000000e+01   2.7497211e-15   3.8156250e-01   3.8156250e-01
   3.4000000e+01   2.4000000e+01   2.7438287e-15   3.7175000e-01   3.7175000e-01
   3.5000000e+01   2.4000000e+01   2.6125687e-15   3.5612500e-01   3.5612500e-01
   1.0000000e+00   2.5000000e+01   2.6307589e-15   3.5193750e-01   3.5193750e-01
   2.0000000e+00   2.5000000e+01   2.6448006e-15   3.4003125e-01   3.4003125e-01
   3.0000000e+00   2.5000000e+01   2.4724162e-15   3.2856250e-01   3.2856250e-01
   4.0000000e+00   2.5000000e+01   2.2995408e-15   3.1718750e-01   3.1718750e-01
   5.0000000e+00   2.5000000e+01   2.2293228e-15   2.9946875e-01   2.9946875e-01
   6.0000000e+00   2.5000000e+01   2.2151649e-15   2.9893750e-01   2.9893750e-01
   7.0000000e+00   2.5000000e+01   2.4869663e-15   3.2596875e-01   3.2596875e-01
   8.0000000e+00   2.5000000e+01   2.7318563e-15   3.5937500e-01   3.5937500e-01
   9.0000000e+00   2.5000000e+01   2.9087068e-15   3.7478125e-01   3.7478125e-01
   1.0000000e+01   2.5000000e+01   2.9114180e-15   3.9293750e-01   3.9293750e-01
   1.1000000e+01   2.5000000e+01   3.0764104e-15   3.9787500e-01   3.9787500e-01
   1.2000000e+01   2.5000000e+01   3.0090110e-15   3.9415625e-01   3.9415625e-01
   1.3000000e+01   2.5000000e+01   2.9534134e-15   3.8528125e-01   3.8528125e-01
   1.4000000e+01   2.5000000e+01   2.9030508e-15   3.7421875e-01   3.7421875e-01
   1.5000000e+01   2.5000000e+01   2.7782693e-15   3.6303125e-01   3.6303125e-01
   1.6000000e+01   2.5000000e+01   2.7062304e-15   3.5768750e-01   3.5768750e-01
   1.7000000e+01   2.5000000e+01   2.6403357e-15   3.5037500e-01   3.5037500e-01
   1.8000000e+01   2.5000000e+01   2.5579754e-15   3.4484375e-01   3.4484375e-01
   1.9000000e+01   2.5000000e+01   2.4789432e-15   3.3400000e-01   3.3400000e-01
   2.0000000e+01   2.5000000e+01   2.3842715e-15   3.2553125e-01   3.2553125e-01
   2.1000000e+01   2.5000000e+01   2.1250663e-15   3.0596875e-01   3.0596875e-01
   2.2000000e+01   2.5000000e+01   2.0623713e-15   2.9296875e-01   2.9296875e-01
   2.3000000e+01   2.5000000e+01   2.2171677e-15   3.0912500e-01   3.0912500e-01
   2.4000000e+01   2.5000000e+01   2.5202029e-15   3.4406250e-01   3.4406250e-01
   2.5000000e+01   2.5000000e+01   2.7419587e-15   3.6759375e-01   3.6759375e-01
   2.6000000e+01   2.5000000e+01   2.9308400e-15   3.8662500e-01   3.8662500e-01
   2.7000000e+01   2.5000000e+01   3.0787817e-15   3.9243750e-01   3.9243750e-01
   2.8000000e+01   2.5000000e+01   3.0150808e-15   3.9531250e-01   3.9531250e-01
   2.9000000e+01   2.5000000e+01   2.9611508e-15   3.9243750e-01   3.9243750e-01
   3.0000000e+01   2.5000000e+01   2.9537542e-15   3.8181250e-01   3.8181250e-01
   3.1000000e+01   2.5000000e+01   2.8328703e-15   3.7821875e-01   3.7821875e-01
   3.2000000e+01   2.5000000e+01   2.6564002e-15   3.6928125e-01   3.6928125e-01
   3.3000000e+01   2.5000000e+01   2.6335380e-15   3.5878125e-01   3.5878125e-01
   3.4000000e+01   2.5000000e+01   2.5789066e-15   3.4840625e-01   3.4840625e-01
   3.5000000e+01   2.5000000e+01   2.5811503e-15   3.4618750e-01   3.4618750e-01
   1.0000000e+00   2.6000000e+01   2.4301204e-15   3.2003125e-01   3.2003125e-01
   2.0000000e+00   2.6000000e+01   2.3422447e-15   3.1146875e-01   3.1146875e-01
   3.0000000e+00   2.6000000e+01   2.3213525e-15   3.0240625e-01   3.0240625e-01
   4.0000000e+00   2.6000000e+01   2.0616639e-15   2.9062500e-01   2.9062500e-01
   5.0000000e+00   2.6000000e+01   2.0499062e-15   2.7687500e-01   2.7687500e-01
   6.0000000e+00   2.6000000e+01   1.9965888e-15   2.7806250e-01   2.7806250e-01
   7.0000000e+00   2.6000000e+01   2.1558202e-15   2.9553125e-01   2.9553125e-01
   8.0000000e+00   2.6000000e+01   2.3648442e-15   3.2581250e-01   3.2581250e-01
   9.0000000e+00   2.6000000e+01   2.5887815e-15   3.4503125e-01   3.4503125e-01
   1.0000000e+01   2.6000000e+01   2.6031608e-15   3.5896875e-01   3.5896875e-01
   1.1000000e+01   2.6000000e+01   2.6223010e-15   3.5809375e-01   3.5809375e-01
   1.2000000e+01   2.6000000e+01   2.5494463e-15   3.5278125e-01   3.5278125e-01
   1.3000000e+01   2.6000000e+01   2.4762240e-15   3.4568750e-01   3.4568750e-01
   1.4000000e+01   2.6000000e+01   2.3880176e-15   3.3456250e-01   3.3456250e-01
   1.5000000e+01   2.6000000e+01   2.3514270e-15   3.2965625e-01   3.2965625e-01
   1.6000000e+01   2.6000000e+01   2.3890008e-15   3.2731250e-01   3.2731250e-01
   1.7000000e+01   2.6000000e+01   2.3719417e-15   3.1503125e-01   3.1503125e-01
   1.8000000e+01   2.6000000e+01   2.4648262e-15   3.1490625e-01   3.1490625e-01
   1.9000000e+01   2.6000000e+01   2.1865960e-15   3.0300000e-01   3.0300000e-01
   2.0000000e+01   2.6000000e+01   2.1532225e-15   2.9531250e-01   2.9531250e-01
   2.1000000e+01   2.6000000e+01   2.0164601e-15   2.8271875e-01   2.8271875e-01
   2.2000000e+01   2.6000000e+01   2.1561298e-15   2.7637500e-01   2.7637500e-01
   2.3000000e+01   2.6000000e+01   2.0898138e-15   2.8293750e-01   2.8293750e-01
   2.4000000e+01   2.6000000e+01   2.1486037e-15   3.0525000e-01   3.0525000e-01
   2.5000000e+01   2.6000000e+01   2.3621569e-15   3.3793750e-01   3.3793750e-01
   2.6000000e+01   2.6000000e+01   2.5639092e-15   3.5006250e-01   3.5006250e-01
   2.7000000e+01   2.6000000e+01   2.6056382e-15   3.5834375e-01   3.5834375e-01
   2.8000000e+01   2.6000000e+01   2.6830096e-15   3.5325000e-01   3.5325000e-01
   2.9000000e+01   2.6000000e+01   2.7026899e-15   3.4443750e-01   3.4443750e-01
   3.0000000e+01   2.6000000e+01   2.6361354e-15   3.4259375e-01   3.4259375e-01
   3.1000000e+01   2.6000000e+01   2.4293597e-15   3.3681250e-01   3.3681250e-01
   3.2000000e+01   2.6000000e+01   2.3963143e-15   3.2818750e-01   3.2818750e-01
   3.3000000e+01   2.6000000e+01   2.4044688e-15   3.2534375e-01   3.2534375e-01
   3.4000000e+01   2.6000000e+01   2.2803246e-15   3.1693750e-01   3.1693750e-01
   3.5000000e+01   2.6000000e+01   2.2527803e-15   3.0950000e-01   3.0950000e-01
   1.0000000e+00   2.7000000e+01   2.1375039e-15   2.9193750e-01   2.9193750e-01
   2.0000000e+00   2.7000000e+01   2.0973509e-15   2.8390625e-01   2.8390625e-01
   3.0000000e+00   2.7000000e+01   2.0878150e-15   2.7562500e-01   2.7562500e-01
   4.0000000e+00   2.7000000e+01   1.9364431e-15   2.6771875e-01   2.6771875e-01
   5.0000000e+00   2.7000000e+01   1.8769970e-15   2.6609375e-01   2.6609375e-01
   6.0000000e+00   2.7000000e+01   1.9040412e-15   2.7275000e-01   2.7275000e-01
   7.0000000e+00   2.7000000e+01   2.0094531e-15   2.8787500e-01   2.8787500e-01
   8.0000000e+00   2.7000000e+01   2.2517025e-15   3.0693750e-01   3.0693750e-01
   9.0000000e+00   2.7000000e+01   2.3322999e-15   3.1478125e-01   3.1478125e-01
   1.0000000e+01   2.7000000e+01   2.4174406e-15   3.3012500e-01   3.3012500e-01
   1.1000000e+01   2.7000000e+01   2.2518172e-15   3.2912500e-01   3.2912500e-01
   1.2000000e+01   2.7000000e+01   2.3630856e-15   3.1918750e-01   3.1918750e-01
   1.3000000e+01   2.7000000e+01   2.2817870e-15   3.1275000e-01   3.1275000e-01
   1.4000000e+01   2.7000000e+01   2.1604784e-15   3.0540625e-01   3.0540625e-01
   1.5000000e+01   2.7000000e+01   2.1632540e-15   3.0078125e-01   3.0078125e-01
   1.6000000e+01   2.7000000e+01   2.2403769e-15   2.9709375e-01   2.9709375e-01
   1.7000000e+01   2.7000000e+01   2.1403523e-15   2.9018750e-01   2.9018750e-01
   1.8000000e+01   2.7000000e+01   2.0262111e-15   2.8409375e-01   2.8409375e-01
   1.9000000e+01   2.7000000e+01   1.9836691e-15   2.7856250e-01   2.7856250e-01
   2.0000000e+01   2.7000000e+01   1.8532885e-15   2.6753125e-01   2.6753125e-01
   2.1000000e+01   2.7000000e+01   1.8227696e-15   2.6393750e-01   2.6393750e-01
   2.2000000e+01   2.7000000e+01   1.9066939e-15   2.6496875e-01   2.6496875e-01
   2.3000000e+01   2.7000000e+01   2.0363291e-15   2.7509375e-01   2.7509375e-01
   2.4000000e+01   2.7000000e+01   2.1294801e-15   2.9678125e-01   2.9678125e-01
   2.5000000e+01   2.7000000e+01   2.2114866e-15   3.1209375e-01   3.1209375e-01
   2.6000000e+01   2.7000000e+01   2.3944896e-15   3.2731250e-01   3.2731250e-01
   2.7000000e+01   2.7000000e+01   2.5259972e-15   3.2781250e-01   3.2781250e-01
   2.8000000e+01   2.7000000e+01   2.3534625e-15   3.2640625e-01   3.2640625e-01
   2.9000000e+01   2.7000000e+01   2.2025262e-15   3.1846875e-01   3.1846875e-01
   3.0000000e+01   2.7000000e+01   2.3079101e-15   3.0818750e-01   3.0818750e-01
   3.1000000e+01   2.7000000e+01   2.1939538e-15   3.0212500e-01   3.0212500e-01
   3.2000000e+01   2.7000000e+01   2.0964766e-15   2.9465625e-01   2.9465625e-01
   3.3000000e+01   2.7000000e+01   2.1827102e-15   2.8871875e-01   2.8871875e-01
   3.4000000e+01   2.7000000e+01   2.0903719e-15   2.9040625e-01   2.9040625e-01
   3.5000000e+01   2.7000000e+01   1.9323949e-15   2.7990625e-01   2.7990625e-01
   1.0000000e+00   2.8000000e+01   2.0435818e-15   2.7106250e-01   2.7106250e-01
   2.0000000e+00   2.8000000e+01   1.8995518e-15   2.6884375e-01   2.6884375e-01
   3.0000000e+00   2.8000000e+01   1.7742012e-15   2.5781250e-01   2.5781250e-01
   4.0000000e+00   2.8000000e+01   1.7794785e-15   2.4675000e-01   2.4675000e-01
   5.0000000e+00   2.8000000e+01   1.7755345e-15   2.4834375e-01   2.4834375e-01
   6.0000000e+00   2.8000000e+01   1.7813698e-15   2.6853125e-01   2.6853125e-01
   7.0000000e+00   2.8000000e+01   2.1762287e-15   2.8912500e-01   2.8912500e-01
   8.0000000e+00   2.8000000e+01   2.2150739e-15   3.0528125e-01   3.0528125e-01
   9.0000000e+00   2.8000000e+01   2.2451538e-15   3.2662500e-01   3.2662500e-01
   1.0000000e+01   2.8000000e+01   2.3350578e-15   3.2281250e-01   3.2281250e-01
   1.1000000e+01   2.8000000e+01   2.3886120e-15   3.1846875e-01   3.1846875e-01
   1.2000000e+01   2.8000000e+01   2.2173485e-15   3.0303125e-01   3.0303125e-01
   1.3000000e+01   2.8000000e+01   2.0998334e-15   2.9434375e-01   2.9434375e-01
   1.4000000e+01   2.8000000e+01   2.0652668e-15   2.9078125e-01   2.9078125e-01
   1.5000000e+01   2.8000000e+01   2.0166039e-15   2.8259375e-01   2.8259375e-01
   1.6000000e+01   2.8000000e+01   1.9928063e-15   2.8209375e-01   2.8209375e-01
   1.7000000e+01   2.8000000e+01   1.8688782e-15   2.7503125e-01   2.7503125e-01
   1.8000000e+01   2.8000000e+01   1.9993855e-15   2.7193750e-01   2.7193750e-01
   1.9000000e+01   2.8000000e+01   1.8847807e-15   2.6437500e-01   2.6437500e-01
   2.0000000e+01   2.8000000e+01   1.6954913e-15   2.4475000e-01   2.4475000e-01
   2.1000000e+01   2.8000000e+01   1.6923407e-15   2.4465625e-01   2.4465625e-01
   2.2000000e+01   2.8000000e+01   1.8023987e-15   2.5856250e-01   2.5856250e-01
   2.3000000e+01   2.8000000e+01   1.9692638e-15   2.6871875e-01   2.6871875e-01
   2.4000000e+01   2.8000000e+01   2.2240131e-15   2.9850000e-01   2.9850000e-01
   2.5000000e+01   2.8000000e+01   2.1778502e-15   3.1459375e-01   3.1459375e-01
   2.6000000e+01   2.8000000e+01   2.2344572e-15   3.2856250e-01   3.2856250e-01
   2.7000000e+01   2.8000000e+01   2.2962647e-15   3.1878125e-01   3.1878125e-01
   2.8000000e+01   2.8000000e+01   2.2304194e-15   3.1012500e-01   3.1012500e-01
   2.9000000e+01   2.8000000e+01   2.0874181e-15   2.9706250e-01   2.9706250e-01
   3.0000000e+01   2.8000000e+01   2.0394089e-15   2.8843750e-01   2.8843750e-01
   3.1000000e+01   2.8000000e+01   2.1091148e-15   2.8087500e-01   2.8087500e-01
   3.2000000e+01   2.8000000e+01   2.0015391e-15   2.7462500e-01   2.7462500e-01
   3.3000000e+01   2.8000000e+01   2.0680510e-15   2.7640625e-01   2.7640625e-01
   3.4000000e+01   2.8000000e+01   1.9098572e-15   2.6853125e-01   2.6853125e-01
   3.5000000e+01   2.8000000e+01   1.8529025e-15   2.6409375e-01   2.6409375e-01
   1.0000000e+00   2.9000000e+01   2.0706239e-15   2.8181250e-01   2.8181250e-01
   2.0000000e+00   2.9000000e+01   1.8582497e-15   2.6978125e-01   2.6978125e-01
   3.0000000e+00   2.9000000e+01   1.9199528e-15   2.5618750e-01   2.5618750e-01
   4.0000000e+00   2.9000000e+01   1.8505461e-15   2.4909375e-01   2.4909375e-01
   5.0000000e+00   2.9000000e+01   1.7754118e-15   2.5178125e-01   2.5178125e-01
   6.0000000e+00   2.9000000e+01   1.8913468e-15   2.6290625e-01   2.6290625e-01
   7.0000000e+00   2.9000000e+01   2.1047044e-15   2.8790625e-01   2.8790625e-01
   8.0000000e+00   2.9000000e+01   2.4053976e-15   3.2193750e-01   3.2193750e-01
   9.0000000e+00   2.9000000e+01   2.4812650e-15   3.4150000e-01   3.4150000e-01
   1.0000000e+01   2.9000000e+01   2.4614807e-15   3.4400000e-01   3.4400000e-01
   1.1000000e+01   2.9000000e+01   2.4499882e-15   3.3378125e-01   3.3378125e-01
   1.2000000e+01   2.9000000e+01   2.3408951e-15   3.0553125e-01   3.0553125e-01
   1.3000000e+01   2.9000000e+01   2.1322742e-15   2.9806250e-01   2.9806250e-01
   1.4000000e+01   2.9000000e+01   1.9850731e-15   2.8250000e-01   2.8250000e-01
   1.5000000e+01   2.9000000e+01   1.9026514e-15   2.7700000e-01   2.7700000e-01
   1.6000000e+01   2.9000000e+01   2.0535785e-15   2.7921875e-01   2.7921875e-01
   1.7000000e+01   2.9000000e+01   2.0949640e-15   2.8234375e-01   2.8234375e-01
   1.8000000e+01   2.9000000e+01   2.1182210e-15   2.8181250e-01   2.8181250e-01
   1.9000000e+01   2.9000000e+01   1.8635193e-15   2.6534375e-01   2.6534375e-01
   2.0000000e+01   2.9000000e+01   1.7414152e-15   2.5256250e-01   2.5256250e-01
   2.1000000e+01   2.9000000e+01   1.7642850e-15   2.4803125e-01   2.4803125e-01
   2.2000000e+01   2.9000000e+01   1.9267311e-15   2.5090625e-01   2.5090625e-01
   2.3000000e+01   2.9000000e+01   1.9555679e-15   2.7209375e-01   2.7209375e-01
   2.4000000e+01   2.9000000e+01   2.2080230e-15   3.0318750e-01   3.0318750e-01
   2.5000000e+01   2.9000000e+01   2.4301302e-15   3.3540625e-01   3.3540625e-01
   2.6000000e+01   2.9000000e+01   2.5431279e-15   3.4403125e-01   3.4403125e-01
   2.7000000e+01   2.9000000e+01   2.5165342e-15   3.3121875e-01   3.3121875e-01
   2.8000000e+01   2.9000000e+01   2.2561441e-15   3.1959375e-01   3.1959375e-01
   2.9000000e+01   2.9000000e+01   2.1918222e-15   3.0396875e-01   3.0396875e-01
   3.0000000e+01   2.9000000e+01   2.0492002e-15   2.8965625e-01   2.8965625e-01
   3.1000000e+01   2.9000000e+01   2.0111468e-15   2.7521875e-01   2.7521875e-01
   3.2000000e+01   2.9000000e+01   1.9403044e-15   2.7115625e-01   2.7115625e-01
   3.3000000e+01   2.9000000e+01   1.9539290e-15   2.7928125e-01   2.7928125e-01
   3.4000000e+01   2.9000000e+01   2.1514532e-15   2.7831250e-01   2.7831250e-01
   3.5000000e+01   2.9000000e+01   1.9480097e-15   2.6559375e-01   2.6559375e-01
   1.0000000e+00   3.0000000e+01   2.0715645e-15   2.9684375e-01   2.9684375e-01
   2.0000000e+00   3.0000000e+01   2.0615434e-15   2.8634375e-01   2.8634375e-01
   3.0000000e+00   3.0000000e+01   2.0080493e-15   2.6603125e-01   2.6603125e-01
   4.0000000e+00   3.0000000e+01   1.9425220e-15   2.6340625e-01   2.6340625e-01
   5.0000000e+00   3.0000000e+01   1.8453672e-15   2.6221875e-01   2.6221875e-01
   6.0000000e+00   3.0000000e+01   1.8808654e-15   2.7500000e-01   2.7500000e-01
   7.0000000e+00   3.0000000e+01   2.0828160e-15   2.9587500e-01   2.9587500e-01
   8.0000000e+00   3.0000000e+01   2.3999441e-15   3.2725000e-01   3.2725000e-01
   9.0000000e+00   3.0000000e+01   2.6675186e-15   3.5428125e-01   3.5428125e-01
   1.0000000e+01   3.0000000e+01   2.7130305e-15   3.5956250e-01   3.5956250e-01
   1.1000000e+01   3.0000000e+01   2.4592068e-15   3.4353125e-01   3.4353125e-01
   1.2000000e+01   3.0000000e+01   2.4099197e-15   3.3359375e-01   3.3359375e-01
   1.3000000e+01   3.0000000e+01   2.1966212e-15   3.1328125e-01   3.1328125e-01
   1.4000000e+01   3.0000000e+01   2.2099589e-15   3.0037500e-01   3.0037500e-01
   1.5000000e+01   3.0000000e+01   2.1299941e-15   2.8315625e-01   2.8315625e-01
   1.6000000e+01   3.0000000e+01   2.0304136e-15   2.8031250e-01   2.8031250e-01
   1.7000000e+01   3.0000000e+01   2.0896489e-15   2.9556250e-01   2.9556250e-01
   1.8000000e+01   3.0000000e+01   2.1101834e-15   2.9775000e-01   2.9775000e-01
   1.9000000e+01   3.0000000e+01   2.0879730e-15   2.8281250e-01   2.8281250e-01
   2.0000000e+01   3.0000000e+01   1.9742444e-15   2.6306250e-01   2.6306250e-01
   2.1000000e+01   3.0000000e+01   1.9052024e-15   2.6071875e-01   2.6071875e-01
   2.2000000e+01   3.0000000e+01   1.8416362e-15   2.6565625e-01   2.6565625e-01
   2.3000000e+01   3.0000000e+01   2.0061594e-15   2.8337500e-01   2.8337500e-01
   2.4000000e+01   3.0000000e+01   2.1664658e-15   3.1162500e-01   3.1162500e-01
   2.5000000e+01   3.0000000e+01   2.4945144e-15   3.4500000e-01   3.4500000e-01
   2.6000000e+01   3.0000000e+01   2.6817818e-15   3.5784375e-01   3.5784375e-01
   2.7000000e+01   3.0000000e+01   2.6043212e-15   3.5231250e-01   3.5231250e-01
   2.8000000e+01   3.0000000e+01   2.4898755e-15   3.4243750e-01   3.4243750e-01
   2.9000000e+01   3.0000000e+01   2.4304031e-15   3.1668750e-01   3.1668750e-01
   3.0000000e+01   3.0000000e+01   2.2721293e-15   3.0209375e-01   3.0209375e-01
   3.1000000e+01   3.0000000e+01   1.9712221e-15   2.8190625e-01   2.8190625e-01
   3.2000000e+01   3.0000000e+01   2.0829155e-15   2.7590625e-01   2.7590625e-01
   3.3000000e+01   3.0000000e+01   2.1672965e-15   2.8131250e-01   2.8131250e-01
   3.4000000e+01   3.0000000e+01   2.1617411e-15   2.9021875e-01   2.9021875e-01
   3.5000000e+01   3.0000000e+01   1.9862098e-15   2.8421875e-01   2.8421875e-01
   1.0000000e+00   3.1000000e+01   2.2573850e-15   2.9971875e-01   2.9971875e-01
   2.0000000e+00   3.1000000e+01   2.1255736e-15   2.9412500e-01   2.9412500e-01
   3.0000000e+00   3.1000000e+01   2.0275347e-15   2.7737500e-01   2.7737500e-01
   4.0000000e+00   3.1000000e+01   2.0171224e-15   2.7190625e-01   2.7190625e-01
   5.0000000e+00   3.1000000e+01   2.0243312e-15   2.7459375e-01   2.7459375e-01
   6.0000000e+00   3.1000000e+01   2.2410997e-15   2.9237500e-01   2.9237500e-01
   7.0000000e+00   3.1000000e+01   2.3967123e-15   3.1637500e-01   3.1637500e-01
   8.0000000e+00   3.1000000e+01   2.5937289e-15   3.5275000e-01   3.5275000e-01
   9.0000000e+00   3.1000000e+01   2.8398229e-15   3.6531250e-01   3.6531250e-01
   1.0000000e+01   3.1000000e+01   2.7425934e-15   3.7709375e-01   3.7709375e-01
   1.1000000e+01   3.1000000e+01   2.6561887e-15   3.6728125e-01   3.6728125e-01
   1.2000000e+01   3.1000000e+01   2.7627382e-15   3.5700000e-01   3.5700000e-01
   1.3000000e+01   3.1000000e+01   2.5288499e-15   3.4009375e-01   3.4009375e-01
   1.4000000e+01   3.1000000e+01   2.3775449e-15   3.2700000e-01   3.2700000e-01
   1.5000000e+01   3.1000000e+01   2.2894743e-15   3.1581250e-01   3.1581250e-01
   1.6000000e+01   3.1000000e+01   2.3253012e-15   3.0412500e-01   3.0412500e-01
   1.7000000e+01   3.1000000e+01   2.2448657e-15   3.0150000e-01   3.0150000e-01
   1.8000000e+01   3.1000000e+01   2.1662388e-15   2.9912500e-01   2.9912500e-01
   1.9000000e+01   3.1000000e+01   2.2060437e-15   2.8550000e-01   2.8550000e-01
   2.0000000e+01   3.1000000e+01   2.0578696e-15   2.7859375e-01   2.7859375e-01
   2.1000000e+01   3.1000000e+01   1.9466841e-15   2.6971875e-01   2.6971875e-01
   2.2000000e+01   3.1000000e+01   2.0634951e-15   2.8271875e-01   2.8271875e-01
   2.3000000e+01   3.1000000e+01   2.2395331e-15   3.0428125e-01   3.0428125e-01
   2.4000000e+01   3.1000000e+01   2.6589590e-15   3.3512500e-01   3.3512500e-01
   2.5000000e+01   3.1000000e+01   2.7328160e-15   3.6459375e-01   3.6459375e-01
   2.6000000e+01   3.1000000e+01   2.6345481e-15   3.7159375e-01   3.7159375e-01
   2.7000000e+01   3.1000000e+01   2.7732173e-15   3.6843750e-01   3.6843750e-01
   2.8000000e+01   3.1000000e+01   2.7940872e-15   3.6015625e-01   3.6015625e-01
   2.9000000e+01   3.1000000e+01   2.6492951e-15   3.4715625e-01   3.4715625e-01
   3.0000000e+01   3.1000000e+01   2.4653402e-15   3.3259375e-01   3.3259375e-01
   3.1000000e+01   3.1000000e+01   2.3730250e-15   3.1437500e-01   3.1437500e-01
   3.2000000e+01   3.1000000e+01   2.3720500e-15   3.0190625e-01   3.0190625e-01
   3.3000000e+01   3.1000000e+01   2.0915011e-15   2.8987500e-01   2.8987500e-01
   3.4000000e+01   3.1000000e+01   2.2803930e-15   2.9212500e-01   2.9212500e-01
   3.5000000e+01   3.1000000e+01   2.1509205e-15   2.9171875e-01   2.9171875e-01
   1.0000000e+00   3.2000000e+01   2.2902440e-15   2.9853125e-01   2.9853125e-01
   2.0000000e+00   3.2000000e+01   2.3136566e-15   2.9843750e-01   2.9843750e-01
   3.0000000e+00   3.2000000e+01   2.1484614e-15   2.8606250e-01   2.8606250e-01
   4.0000000e+00   3.2000000e+01   1.9385637e-15   2.7912500e-01   2.7912500e-01
   5.0000000e+00   3.2000000e+01   2.0779254e-15   2.8075000e-01   2.8075000e-01
   6.0000000e+00   3.2000000e+01   2.2669288e-15   3.0843750e-01   3.0843750e-01
   7.0000000e+00   3.2000000e+01   2.5323809e-15   3.4393750e-01   3.4393750e-01
   8.0000000e+00   3.2000000e+01   2.6158885e-15   3.6525000e-01   3.6525000e-01
   9.0000000e+00   3.2000000e+01   2.8512947e-15   3.8471875e-01   3.8471875e-01
   1.0000000e+01   3.2000000e+01   3.0150366e-15   3.9800000e-01   3.9800000e-01
   1.1000000e+01   3.2000000e+01   3.1154240e-15   3.9400000e-01   3.9400000e-01
   1.2000000e+01   3.2000000e+01   2.9306415e-15   3.7709375e-01   3.7709375e-01
   1.3000000e+01   3.2000000e+01   2.8412422e-15   3.6653125e-01   3.6653125e-01
   1.4000000e+01   3.2000000e+01   2.7367306e-15   3.5496875e-01   3.5496875e-01
   1.5000000e+01   3.2000000e+01   2.5584900e-15   3.4593750e-01   3.4593750e-01
   1.6000000e+01   3.2000000e+01   2.4411660e-15   3.2850000e-01   3.2850000e-01
   1.7000000e+01   3.2000000e+01   2.3879370e-15   3.1337500e-01   3.1337500e-01
   1.8000000e+01   3.2000000e+01   2.2409073e-15   2.9925000e-01   2.9925000e-01
   1.9000000e+01   3.2000000e+01   2.2063959e-15   3.0043750e-01   3.0043750e-01
   2.0000000e+01   3.2000000e+01   2.1341572e-15   2.8818750e-01   2.8818750e-01
   2.1000000e+01   3.2000000e+01   2.0741667e-15   2.8128125e-01   2.8128125e-01
   2.2000000e+01   3.2000000e+01   2.1414303e-15   2.8762500e-01   2.8762500e-01
   2.3000000e+01   3.2000000e+01   2.2119625e-15   3.0459375e-01   3.0459375e-01
   2.4000000e+01   3.2000000e+01   2.5867621e-15   3.4118750e-01   3.4118750e-01
   2.5000000e+01   3.2000000e+01   2.7537374e-15   3.7034375e-01   3.7034375e-01
   2.6000000e+01   3.2000000e+01   2.8369196e-15   3.7887500e-01   3.7887500e-01
   2.7000000e+01   3.2000000e+01   2.9520546e-15   3.8418750e-01   3.8418750e-01
   2.8000000e+01   3.2000000e+01   2.9984443e-15   3.8143750e-01   3.8143750e-01
   2.9000000e+01   3.2000000e+01   2.8884206e-15   3.7196875e-01   3.7196875e-01
   3.0000000e+01   3.2000000e+01   2.6781360e-15   3.5662500e-01   3.5662500e-01
   3.1000000e+01   3.2000000e+01   2.5259475e-15   3.3975000e-01   3.3975000e-01
   3.2000000e+01   3.2000000e+01   2.5008769e-15   3.3365625e-01   3.3365625e-01
   3.3000000e+01   3.2000000e+01   2.3145883e-15   3.0831250e-01   3.0831250e-01
   3.4000000e+01   3.2000000e+01   2.3335938e-15   2.9825000e-01   2.9825000e-01
   3.5000000e+01   3.2000000e+01   2.2094240e-15   2.9687500e-01   2.9687500e-01
   1.0000000e+00   3.3000000e+01   2.3486448e-15   3.1703125e-01   3.1703125e-01
   2.0000000e+00   3.3000000e+01   2.2137434e-15   3.0265625e-01   3.0265625e-01
   3.0000000e+00   3.3000000e+01   2.2010529e-15   2.9687500e-01   2.9687500e-01
   4.0000000e+00   3.3000000e+01   2.1480911e-15   2.8921875e-01   2.8921875e-01
   5.0000000e+00   3.3000000e+01   2.1170940e-15   2.8734375e-01   2.8734375e-01
   6.0000000e+00   3.3000000e+01   2.3180766e-15   3.0996875e-01   3.0996875e-01
   7.0000000e+00   3.3000000e+01   2.4389831e-15   3.3484375e-01   3.3484375e-01
   8.0000000e+00   3.3000000e+01   2.7054277e-15   3.7128125e-01   3.7128125e-01
   9.0000000e+00   3.3000000e+01   2.9414590e-15   3.9678125e-01   3.9678125e-01
   1.0000000e+01   3.3000000e+01   3.2359901e-15   4.1615625e-01   4.1615625e-01
   1.1000000e+01   3.3000000e+01   3.2347586e-15   4.1896875e-01   4.1896875e-01
   1.2000000e+01   3.3000000e+01   3.0604578e-15   4.0562500e-01   4.0562500e-01
   1.3000000e+01   3.3000000e+01   2.9532168e-15   3.9490625e-01   3.9490625e-01
   1.4000000e+01   3.3000000e+01   2.7440499e-15   3.7596875e-01   3.7596875e-01
   1.5000000e+01   3.3000000e+01   2.6603936e-15   3.6737500e-01   3.6737500e-01
   1.6000000e+01   3.3000000e+01   2.6221648e-15   3.5312500e-01   3.5312500e-01
   1.7000000e+01   3.3000000e+01   2.3140161e-15   3.3437500e-01   3.3437500e-01
   1.8000000e+01   3.3000000e+01   2.3011768e-15   3.1671875e-01   3.1671875e-01
   1.9000000e+01   3.3000000e+01   2.1394362e-15   3.0121875e-01   3.0121875e-01
   2.0000000e+01   3.3000000e+01   2.2144179e-15   2.9321875e-01   2.9321875e-01
   2.1000000e+01   3.3000000e+01   2.2111297e-15   2.8503125e-01   2.8503125e-01
   2.2000000e+01   3.3000000e+01   2.1784582e-15   2.9159375e-01   2.9159375e-01
   2.3000000e+01   3.3000000e+01   2.4584729e-15   3.2015625e-01   3.2015625e-01
   2.4000000e+01   3.3000000e+01   2.5496822e-15   3.4993750e-01   3.4993750e-01
   2.5000000e+01   3.3000000e+01   2.7641302e-15   3.8309375e-01   3.8309375e-01
   2.6000000e+01   3.3000000e+01   3.1318379e-15   4.0431250e-01   4.0431250e-01
   2.7000000e+01   3.3000000e+01   3.1350566e-15   4.1331250e-01   4.1331250e-01
   2.8000000e+01   3.3000000e+01   2.9925452e-15   4.0909375e-01   4.0909375e-01
   2.9000000e+01   3.3000000e+01   2.9223434e-15   3.9384375e-01   3.9384375e-01
   3.0000000e+01   3.3000000e+01   2.7600891e-15   3.8293750e-01   3.8293750e-01
   3.1000000e+01   3.3000000e+01   2.5730615e-15   3.6446875e-01   3.6446875e-01
   3.2000000e+01   3.3000000e+01   2.6167306e-15   3.5262500e-01   3.5262500e-01
   3.3000000e+01   3.3000000e+01   2.4705621e-15   3.3346875e-01   3.3346875e-01
   3.4000000e+01   3.3000000e+01   2.4061620e-15   3.1537500e-01   3.1537500e-01
   3.5000000e+01   3.3000000e+01   2.2634315e-15   3.0009375e-01   3.0009375e-01
   1.0000000e+00   3.4000000e+01   2.5862011e-15   3.3600000e-01   3.3600000e-01
   2.0000000e+00   3.4000000e+01   2.4765548e-15   3.1875000e-01   3.1875000e-01
   3.0000000e+00   3.4000000e+01   2.2917735e-15   3.0621875e-01   3.0621875e-01
   4.0000000e+00   3.4000000e+01   2.1339318e-15   3.0034375e-01   3.0034375e-01
   5.0000000e+00   3.4000000e+01   2.1264220e-15   2.9700000e-01   2.9700000e-01
   6.0000000e+00   3.4000000e+01   2.3139642e-15   3.1053125e-01   3.1053125e-01
   7.0000000e+00   3.4000000e+01   2.6315558e-15   3.4856250e-01   3.4856250e-01
   8.0000000e+00   3.4000000e+01   2.8307823e-15   3.7959375e-01   3.7959375e-01
   9.0000000e+00   3.4000000e+01   3.0897536e-15   4.2396875e-01   4.2396875e-01
   1.0000000e+01   3.4000000e+01   3.3718110e-15   4.3521875e-01   4.3521875e-01
   1.1000000e+01   3.4000000e+01   3.3360447e-15   4.3893750e-01   4.3893750e-01
   1.2000000e+01   3.4000000e+01   3.2780642e-15   4.3131250e-01   4.3131250e-01
   1.3000000e+01   3.4000000e+01   3.0250733e-15   4.1200000e-01   4.1200000e-01
   1.4000000e+01   3.4000000e+01   3.0052819e-15   3.9878125e-01   3.9878125e-01
   1.5000000e+01   3.4000000e+01   2.9174338e-15   3.7725000e-01   3.7725000e-01
   1.6000000e+01   3.4000000e+01   2.6992720e-15   3.6043750e-01   3.6043750e-01
   1.7000000e+01   3.4000000e+01   2.5355799e-15   3.4746875e-01   3.4746875e-01
   1.8000000e+01   3.4000000e+01   2.3702038e-15   3.3481250e-01   3.3481250e-01
   1.9000000e+01   3.4000000e+01   2.3246664e-15   3.1781250e-01   3.1781250e-01
   2.0000000e+01   3.4000000e+01   2.1916663e-15   3.0487500e-01   3.0487500e-01
   2.1000000e+01   3.4000000e+01   2.2031741e-15   2.9906250e-01   2.9906250e-01
   2.2000000e+01   3.4000000e+01   2.2500211e-15   2.9943750e-01   2.9943750e-01
   2.3000000e+01   3.4000000e+01   2.4212638e-15   3.2321875e-01   3.2321875e-01
   2.4000000e+01   3.4000000e+01   2.6942236e-15   3.6062500e-01   3.6062500e-01
   2.5000000e+01   3.4000000e+01   2.9833747e-15   3.9806250e-01   3.9806250e-01
   2.6000000e+01   3.4000000e+01   3.2955882e-15   4.2881250e-01   4.2881250e-01
   2.7000000e+01   3.4000000e+01   3.3613420e-15   4.3600000e-01   4.3600000e-01
   2.8000000e+01   3.4000000e+01   3.2135615e-15   4.3034375e-01   4.3034375e-01
   2.9000000e+01   3.4000000e+01   3.0082149e-15   4.1971875e-01   4.1971875e-01
   3.0000000e+01   3.4000000e+01   2.9548951e-15   4.0134375e-01   4.0134375e-01
   3.1000000e+01   3.4000000e+01   2.8644786e-15   3.8243750e-01   3.8243750e-01
   3.2000000e+01   3.4000000e+01   2.8112886e-15   3.6306250e-01   3.6306250e-01
   3.3000000e+01   3.4000000e+01   2.4586655e-15   3.4412500e-01   3.4412500e-01
   3.4000000e+01   3.4000000e+01   2.3824813e-15   3.3321875e-01   3.3321875e-01
   3.5000000e+01   3.4000000e+01   2.3516540e-15   3.1696875e-01   3.1696875e-01
   1.0000000e+00   3.5000000e+01   2.5819432e-15   3.4559375e-01   3.4559375e-01
   2.0000000e+00   3.5000000e+01   2.3611899e-15   3.2918750e-01   3.2918750e-01
   3.0000000e+00   3.5000000e+01   2.3659172e-15   3.1537500e-01   3.1537500e-01
   4.0000000e+00   3.5000000e+01   2.3670522e-15   3.0378125e-01   3.0378125e-01
   5.0000000e+00   3.5000000e+01   2.1894595e-15   2.9928125e-01   2.9928125e-01
   6.0000000e+00   3.5000000e+01   2.3636054e-15   3.2750000e-01   3.2750000e-01
   7.0000000e+00   3.5000000e+01   2.6360886e-15   3.6350000e-01   3.6350000e-01
   8.0000000e+00   3.5000000e+01   3.1295272e-15   4.0450000e-01   4.0450000e-01
   9.0000000e+00   3.5000000e+01   3.2404365e-15   4.3828125e-01   4.3828125e-01
   1.0000000e+01   3.5000000e+01   3.4341530e-15   4.5718750e-01   4.5718750e-01
   1.1000000e+01   3.5000000e+01   3.4957704e-15   4.5603125e-01   4.5603125e-01
   1.2000000e+01   3.5000000e+01   3.4396373e-15   4.4625000e-01   4.4625000e-01
   1.3000000e+01   3.5000000e+01   3.2102480e-15   4.3409375e-01   4.3409375e-01
   1.4000000e+01   3.5000000e+01   2.9918699e-15   4.0834375e-01   4.0834375e-01
   1.5000000e+01   3.5000000e+01   2.9897632e-15   4.0015625e-01   4.0015625e-01
   1.6000000e+01   3.5000000e+01   2.6925068e-15   3.7043750e-01   3.7043750e-01
   1.7000000e+01   3.5000000e+01   2.6617722e-15   3.5425000e-01   3.5425000e-01
   1.8000000e+01   3.5000000e+01   2.4955339e-15   3.4296875e-01   3.4296875e-01
   1.9000000e+01   3.5000000e+01   2.2787051e-15   3.2512500e-01   3.2512500e-01
   2.0000000e+01   3.5000000e+01   2.1636103e-15   3.1387500e-01   3.1387500e-01
   2.1000000e+01   3.5000000e+01   2.1273636e-15   2.9862500e-01   2.9862500e-01
   2.2000000e+01   3.5000000e+01   2.1793620e-15   3.0818750e-01   3.0818750e-01
   2.3000000e+01   3.5000000e+01   2.4707235e-15   3.3740625e-01   3.3740625e-01
   2.4000000e+01   3.5000000e+01   2.7725633e-15   3.8062500e-01   3.8062500e-01
   2.5000000e+01   3.5000000e+01   3.2015801e-15   4.1734375e-01   4.1734375e-01
   2.6000000e+01   3.5000000e+01   3.2629764e-15   4.4056250e-01   4.4056250e-01
   2.7000000e+01   3.5000000e+01   3.2779159e-15   4.5581250e-01   4.5581250e-01
   2.8000000e+01   3.5000000e+01   3.3691782e-15   4.5293750e-01   4.5293750e-01
   2.9000000e+01   3.5000000e+01   3.2544141e-15   4.3012500e-01   4.3012500e-01
   3.0000000e+01   3.5000000e+01   2.9958887e-15   4.1265625e-01   4.1265625e-01
   3.1000000e+01   3.5000000e+01   2.8771044e-15   3.9559375e-01   3.9559375e-01
   3.2000000e+01   3.5000000e+01   2.7221280e-15   3.7390625e-01   3.7390625e-01
   3.3000000e+01   3.5000000e+01   2.7021752e-15   3.5537500e-01   3.5537500e-01
   3.4000000e+01   3.5000000e+01   2.6083616e-15   3.4296875e-01   3.4296875e-01
   3.5000000e+01   3.5000000e+01   2.3426003e-15   3.2812500e-01   3.2812500e-01
