   1.0000000e+00   1.0000000e+00   7.0905453e-16   6.5703125e-02   6.5703125e-02
   2.0000000e+00   1.0000000e+00   8.9642393e-16   9.9046875e-02   9.9046875e-02
   3.0000000e+00   1.0000000e+00   7.9795975e-16   8.9265625e-02   8.9265625e-02
   4.0000000e+00   1.0000000e+00   7.5807092e-16   7.7046875e-02   7.7046875e-02
   5.0000000e+00   1.0000000e+00   9.6805358e-16   1.1990625e-01   1.1990625e-01
   6.0000000e+00   1.0000000e+00   1.2210572e-15   1.8360937e-01   1.8360937e-01
   7.0000000e+00   1.0000000e+00   1.3731875e-15   2.0582812e-01   2.0582812e-01
   8.0000000e+00   1.0000000e+00   1.4188729e-15   2.1450000e-01   2.1450000e-01
   9.0000000e+00   1.0000000e+00   1.4450372e-15   2.1228125e-01   2.1228125e-01
   1.0000000e+01   1.0000000e+00   1.4427863e-15   2.1523437e-01   2.1523437e-01
   1.1000000e+01   1.0000000e+00   1.4064382e-15   2.0979687e-01   2.0979687e-01
   1.2000000e+01   1.0000000e+00   1.4452315e-15   2.2239062e-01   2.2239062e-01
   1.3000000e+01   1.0000000e+00   1.5010788e-15   2.3810937e-01   2.3810937e-01
   1.4000000e+01   1.0000000e+00   1.6166571e-15   2.5414063e-01   2.5414063e-01
   1.5000000e+01   1.0000000e+00   1.6038028e-15   2.6035937e-01   2.6035937e-01
   1.6000000e+01   1.0000000e+00   1.3925480e-15   2.0748437e-01   2.0748437e-01
   1.7000000e+01   1.0000000e+00   1.0060389e-15   1.2273437e-01   1.2273437e-01
   1.8000000e+01   1.0000000e+00   7.6155200e-16   7.1937500e-02   7.1937500e-02
   1.9000000e+01   1.0000000e+00   7.6265223e-16   7.5406250e-02   7.5406250e-02
   2.0000000e+01   1.0000000e+00   7.6443702e-16   6.5546875e-02   6.5546875e-02
   2.1000000e+01   1.0000000e+00   9.0599042e-16   1.0196875e-01   1.0196875e-01
   2.2000000e+01   1.0000000e+00   1.3327439e-15   1.9278125e-01   1.9278125e-01
   2.3000000e+01   1.0000000e+00   1.6818154e-15   2.7668750e-01   2.7668750e-01
   2.4000000e+01   1.0000000e+00   1.7785097e-15   2.9843750e-01   2.9843750e-01
   2.5000000e+01   1.0000000e+00   1.7978801e-15   2.9289062e-01   2.9289062e-01
   2.6000000e+01   1.0000000e+00   1.7313993e-15   2.7684375e-01   2.7684375e-01
   2.7000000e+01   1.0000000e+00   1.6690046e-15   2.6403125e-01   2.6403125e-01
   2.8000000e+01   1.0000000e+00   1.5558786e-15   2.5271875e-01   2.5271875e-01
   2.9000000e+01   1.0000000e+00   1.7050872e-15   2.6450000e-01   2.6450000e-01
   3.0000000e+01   1.0000000e+00   1.7724414e-15   2.8420313e-01   2.8420313e-01
   3.1000000e+01   1.0000000e+00   1.8762703e-15   3.0318750e-01   3.0318750e-01
   3.2000000e+01   1.0000000e+00   1.8453579e-15   2.9485937e-01   2.9485937e-01
   3.3000000e+01   1.0000000e+00   1.5825212e-15   2.3742187e-01   2.3742187e-01
   3.4000000e+01   1.0000000e+00   1.1691099e-15   1.4878125e-01   1.4878125e-01
   3.5000000e+01   1.0000000e+00   9.2389050e-16   9.5718750e-02   9.5718750e-02
   3.6000000e+01   1.0000000e+00   8.2592866e-16   8.5343750e-02   8.5343750e-02
   3.7000000e+01   1.0000000e+00   8.2934153e-16   8.7828125e-02   8.7828125e-02
   3.8000000e+01   1.0000000e+00   1.1691816e-15   1.5584375e-01   1.5584375e-01
   3.9000000e+01   1.0000000e+00   1.6725339e-15   2.6437500e-01   2.6437500e-01
   4.0000000e+01   1.0000000e+00   1.8848018e-15   3.0962500e-01   3.0962500e-01
   4.1000000e+01   1.0000000e+00   1.9481442e-15   3.2001562e-01   3.2001562e-01
   4.2000000e+01   1.0000000e+00   1.8742353e-15   3.1035937e-01   3.1035937e-01
   4.3000000e+01   1.0000000e+00   1.8329376e-15   2.9664062e-01   2.9664062e-01
   4.4000000e+01   1.0000000e+00   1.7479916e-15   2.7710937e-01   2.7710937e-01
   4.5000000e+01   1.0000000e+00   1.6821381e-15   2.7434375e-01   2.7434375e-01
   4.6000000e+01   1.0000000e+00   1.8560216e-15   3.0510937e-01   3.0510937e-01
   4.7000000e+01   1.0000000e+00   1.9711923e-15   3.2654687e-01   3.2654687e-01
   1.0000000e+00   2.0000000e+00   7.7499757e-16   7.0109375e-02   7.0109375e-02
   2.0000000e+00   2.0000000e+00   1.0457313e-15   1.2201562e-01   1.2201562e-01
   3.0000000e+00   2.0000000e+00   9.8027119e-16   1.1420312e-01   1.1420312e-01
   4.0000000e+00   2.0000000e+00   8.0095911e-16   6.5671875e-02   6.5671875e-02
   5.0000000e+00   2.0000000e+00   8.3806897e-16   7.6609375e-02   7.6609375e-02
   6.0000000e+00   2.0000000e+00   9.6518292e-16   1.1418750e-01   1.1418750e-01
   7.0000000e+00   2.0000000e+00   1.0546040e-15   1.2946875e-01   1.2946875e-01
   8.0000000e+00   2.0000000e+00   1.0734549e-15   1.3129687e-01   1.3129687e-01
   9.0000000e+00   2.0000000e+00   1.0733866e-15   1.2953125e-01   1.2953125e-01
   1.0000000e+01   2.0000000e+00   1.0625745e-15   1.2678125e-01   1.2678125e-01
   1.1000000e+01   2.0000000e+00   1.0088123e-15   1.2789062e-01   1.2789062e-01
   1.2000000e+01   2.0000000e+00   1.0815916e-15   1.3415625e-01   1.3415625e-01
   1.3000000e+01   2.0000000e+00   1.0644776e-15   1.3484375e-01   1.3484375e-01
   1.4000000e+01   2.0000000e+00   1.1176667e-15   1.4682812e-01   1.4682812e-01
   1.5000000e+01   2.0000000e+00   1.0988750e-15   1.4271875e-01   1.4271875e-01
   1.6000000e+01   2.0000000e+00   9.8462678e-16   1.1014062e-01   1.1014062e-01
   1.7000000e+01   2.0000000e+00   7.5689151e-16   7.3218750e-02   7.3218750e-02
   1.8000000e+01   2.0000000e+00   7.3070562e-16   6.5437500e-02   6.5437500e-02
   1.9000000e+01   2.0000000e+00   9.6290484e-16   1.1176562e-01   1.1176562e-01
   2.0000000e+01   2.0000000e+00   9.6762182e-16   1.0659375e-01   1.0659375e-01
   2.1000000e+01   2.0000000e+00   7.5617841e-16   6.3171875e-02   6.3171875e-02
   2.2000000e+01   2.0000000e+00   8.3849527e-16   8.8453125e-02   8.8453125e-02
   2.3000000e+01   2.0000000e+00   1.1346514e-15   1.5107812e-01   1.5107812e-01
   2.4000000e+01   2.0000000e+00   1.2828777e-15   1.7279687e-01   1.7279687e-01
   2.5000000e+01   2.0000000e+00   1.2966550e-15   1.7750000e-01   1.7750000e-01
   2.6000000e+01   2.0000000e+00   1.2865655e-15   1.7884375e-01   1.7884375e-01
   2.7000000e+01   2.0000000e+00   1.1906364e-15   1.6942187e-01   1.6942187e-01
   2.8000000e+01   2.0000000e+00   1.1856289e-15   1.6264062e-01   1.6264062e-01
   2.9000000e+01   2.0000000e+00   1.2393490e-15   1.6959375e-01   1.6959375e-01
   3.0000000e+01   2.0000000e+00   1.3745336e-15   1.9515625e-01   1.9515625e-01
   3.1000000e+01   2.0000000e+00   1.3786714e-15   1.9915625e-01   1.9915625e-01
   3.2000000e+01   2.0000000e+00   1.3587665e-15   1.9403125e-01   1.9403125e-01
   3.3000000e+01   2.0000000e+00   1.1430244e-15   1.5295312e-01   1.5295312e-01
   3.4000000e+01   2.0000000e+00   8.5011699e-16   9.1531250e-02   9.1531250e-02
   3.5000000e+01   2.0000000e+00   9.1554178e-16   1.0251562e-01   1.0251562e-01
   3.6000000e+01   2.0000000e+00   1.1372807e-15   1.3812500e-01   1.3812500e-01
   3.7000000e+01   2.0000000e+00   9.0093480e-16   9.5062500e-02   9.5062500e-02
   3.8000000e+01   2.0000000e+00   8.3996620e-16   8.1250000e-02   8.1250000e-02
   3.9000000e+01   2.0000000e+00   1.2031038e-15   1.6117187e-01   1.6117187e-01
   4.0000000e+01   2.0000000e+00   1.4465473e-15   2.1475000e-01   2.1475000e-01
   4.1000000e+01   2.0000000e+00   1.5423253e-15   2.3754687e-01   2.3754687e-01
   4.2000000e+01   2.0000000e+00   1.4317164e-15   2.2703125e-01   2.2703125e-01
   4.3000000e+01   2.0000000e+00   1.4767270e-15   2.2721875e-01   2.2721875e-01
   4.4000000e+01   2.0000000e+00   1.3763539e-15   2.0809375e-01   2.0809375e-01
   4.5000000e+01   2.0000000e+00   1.4066812e-15   2.1135937e-01   2.1135937e-01
   4.6000000e+01   2.0000000e+00   1.4896517e-15   2.2910937e-01   2.2910937e-01
   4.7000000e+01   2.0000000e+00   1.5876220e-15   2.4200000e-01   2.4200000e-01
   1.0000000e+00   3.0000000e+00   7.1185887e-16   6.0968750e-02   6.0968750e-02
   2.0000000e+00   3.0000000e+00   8.4667725e-16   9.1546875e-02   9.1546875e-02
   3.0000000e+00   3.0000000e+00   8.5051235e-16   9.8531250e-02   9.8531250e-02
   4.0000000e+00   3.0000000e+00   8.0374903e-16   7.9125000e-02   7.9125000e-02
   5.0000000e+00   3.0000000e+00   1.0056151e-15   1.1823437e-01   1.1823437e-01
   6.0000000e+00   3.0000000e+00   1.2361464e-15   1.7190625e-01   1.7190625e-01
   7.0000000e+00   3.0000000e+00   1.3151064e-15   1.8442187e-01   1.8442187e-01
   8.0000000e+00   3.0000000e+00   1.2670805e-15   1.7276562e-01   1.7276562e-01
   9.0000000e+00   3.0000000e+00   1.2292401e-15   1.6903125e-01   1.6903125e-01
   1.0000000e+01   3.0000000e+00   1.1651697e-15   1.5412500e-01   1.5412500e-01
   1.1000000e+01   3.0000000e+00   1.1238751e-15   1.4153125e-01   1.4153125e-01
   1.2000000e+01   3.0000000e+00   1.1356753e-15   1.4790625e-01   1.4790625e-01
   1.3000000e+01   3.0000000e+00   1.1214420e-15   1.5329687e-01   1.5329687e-01
   1.4000000e+01   3.0000000e+00   1.2024709e-15   1.6015625e-01   1.6015625e-01
   1.5000000e+01   3.0000000e+00   1.1012216e-15   1.5189062e-01   1.5189062e-01
   1.6000000e+01   3.0000000e+00   9.3814678e-16   1.0710937e-01   1.0710937e-01
   1.7000000e+01   3.0000000e+00   7.4177971e-16   6.0375000e-02   6.0375000e-02
   1.8000000e+01   3.0000000e+00   7.6771045e-16   6.3578125e-02   6.3578125e-02
   1.9000000e+01   3.0000000e+00   1.0231519e-15   1.2285937e-01   1.2285937e-01
   2.0000000e+01   3.0000000e+00   9.6209006e-16   1.1203125e-01   1.1203125e-01
   2.1000000e+01   3.0000000e+00   7.2510759e-16   6.3125000e-02   6.3125000e-02
   2.2000000e+01   3.0000000e+00   8.3462177e-16   8.4953125e-02   8.4953125e-02
   2.3000000e+01   3.0000000e+00   1.0416651e-15   1.3270312e-01   1.3270312e-01
   2.4000000e+01   3.0000000e+00   1.1245741e-15   1.4125000e-01   1.4125000e-01
   2.5000000e+01   3.0000000e+00   1.0716452e-15   1.3481250e-01   1.3481250e-01
   2.6000000e+01   3.0000000e+00   1.0458470e-15   1.2973437e-01   1.2973437e-01
   2.7000000e+01   3.0000000e+00   1.0119598e-15   1.2123437e-01   1.2123437e-01
   2.8000000e+01   3.0000000e+00   9.9409728e-16   1.1493750e-01   1.1493750e-01
   2.9000000e+01   3.0000000e+00   9.8172600e-16   1.2093750e-01   1.2093750e-01
   3.0000000e+01   3.0000000e+00   1.0166775e-15   1.2884375e-01   1.2884375e-01
   3.1000000e+01   3.0000000e+00   1.0427514e-15   1.2814062e-01   1.2814062e-01
   3.2000000e+01   3.0000000e+00   9.7132103e-16   1.2056250e-01   1.2056250e-01
   3.3000000e+01   3.0000000e+00   8.1067741e-16   8.3515625e-02   8.3515625e-02
   3.4000000e+01   3.0000000e+00   7.2908987e-16   6.4437500e-02   6.4437500e-02
   3.5000000e+01   3.0000000e+00   1.0575940e-15   1.4025000e-01   1.4025000e-01
   3.6000000e+01   3.0000000e+00   1.2760736e-15   1.8618750e-01   1.8618750e-01
   3.7000000e+01   3.0000000e+00   9.3981837e-16   1.1143750e-01   1.1143750e-01
   3.8000000e+01   3.0000000e+00   7.3000366e-16   6.3359375e-02   6.3359375e-02
   3.9000000e+01   3.0000000e+00   9.4177578e-16   1.0539062e-01   1.0539062e-01
   4.0000000e+01   3.0000000e+00   1.0312296e-15   1.3609375e-01   1.3609375e-01
   4.1000000e+01   3.0000000e+00   1.0868144e-15   1.4423437e-01   1.4423437e-01
   4.2000000e+01   3.0000000e+00   1.1332857e-15   1.4337500e-01   1.4337500e-01
   4.3000000e+01   3.0000000e+00   1.0382216e-15   1.3440625e-01   1.3440625e-01
   4.4000000e+01   3.0000000e+00   1.0488571e-15   1.2992187e-01   1.2992187e-01
   4.5000000e+01   3.0000000e+00   1.0257714e-15   1.2359375e-01   1.2359375e-01
   4.6000000e+01   3.0000000e+00   1.0959751e-15   1.3314062e-01   1.3314062e-01
   4.7000000e+01   3.0000000e+00   1.1231219e-15   1.4276562e-01   1.4276562e-01
   1.0000000e+00   4.0000000e+00   8.2825585e-16   8.2437500e-02   8.2437500e-02
   2.0000000e+00   4.0000000e+00   7.2499768e-16   6.1546875e-02   6.1546875e-02
   3.0000000e+00   4.0000000e+00   8.7887214e-16   8.7859375e-02   8.7859375e-02
   4.0000000e+00   4.0000000e+00   1.2008490e-15   1.5917187e-01   1.5917187e-01
   5.0000000e+00   4.0000000e+00   1.6327417e-15   2.5146875e-01   2.5146875e-01
   6.0000000e+00   4.0000000e+00   1.9160361e-15   3.1171875e-01   3.1171875e-01
   7.0000000e+00   4.0000000e+00   2.0322908e-15   3.3348438e-01   3.3348438e-01
   8.0000000e+00   4.0000000e+00   2.0546196e-15   3.4685937e-01   3.4685937e-01
   9.0000000e+00   4.0000000e+00   1.9735330e-15   3.3089062e-01   3.3089062e-01
   1.0000000e+01   4.0000000e+00   1.7626913e-15   2.9200000e-01   2.9200000e-01
   1.1000000e+01   4.0000000e+00   1.6921997e-15   2.7179687e-01   2.7179687e-01
   1.2000000e+01   4.0000000e+00   1.7114136e-15   2.8329688e-01   2.8329688e-01
   1.3000000e+01   4.0000000e+00   1.8648381e-15   3.1175000e-01   3.1175000e-01
   1.4000000e+01   4.0000000e+00   1.9219777e-15   3.2453125e-01   3.2453125e-01
   1.5000000e+01   4.0000000e+00   1.9267323e-15   3.2256250e-01   3.2256250e-01
   1.6000000e+01   4.0000000e+00   1.5456125e-15   2.3679687e-01   2.3679687e-01
   1.7000000e+01   4.0000000e+00   9.9843820e-16   1.1357812e-01   1.1357812e-01
   1.8000000e+01   4.0000000e+00   7.6526675e-16   6.3078125e-02   6.3078125e-02
   1.9000000e+01   4.0000000e+00   7.3270144e-16   6.5921875e-02   6.5921875e-02
   2.0000000e+01   4.0000000e+00   8.0849004e-16   8.8296875e-02   8.8296875e-02
   2.1000000e+01   4.0000000e+00   9.5043904e-16   1.1756250e-01   1.1756250e-01
   2.2000000e+01   4.0000000e+00   1.3817485e-15   1.9817187e-01   1.9817187e-01
   2.3000000e+01   4.0000000e+00   1.6533034e-15   2.6059375e-01   2.6059375e-01
   2.4000000e+01   4.0000000e+00   1.7309655e-15   2.7570312e-01   2.7570312e-01
   2.5000000e+01   4.0000000e+00   1.6121689e-15   2.5304688e-01   2.5304688e-01
   2.6000000e+01   4.0000000e+00   1.6531639e-15   2.6265625e-01   2.6265625e-01
   2.7000000e+01   4.0000000e+00   1.4897479e-15   2.2051562e-01   2.2051562e-01
   2.8000000e+01   4.0000000e+00   1.4788106e-15   2.2492187e-01   2.2492187e-01
   2.9000000e+01   4.0000000e+00   1.5697976e-15   2.4434375e-01   2.4434375e-01
   3.0000000e+01   4.0000000e+00   1.5253426e-15   2.3992187e-01   2.3992187e-01
   3.1000000e+01   4.0000000e+00   1.6312544e-15   2.5314063e-01   2.5314063e-01
   3.2000000e+01   4.0000000e+00   1.5061317e-15   2.4206250e-01   2.4206250e-01
   3.3000000e+01   4.0000000e+00   1.1174952e-15   1.4845312e-01   1.4845312e-01
   3.4000000e+01   4.0000000e+00   7.8606634e-16   7.5140625e-02   7.5140625e-02
   3.5000000e+01   4.0000000e+00   8.5552441e-16   9.7109375e-02   9.7109375e-02
   3.6000000e+01   4.0000000e+00   1.0113507e-15   1.2718750e-01   1.2718750e-01
   3.7000000e+01   4.0000000e+00   8.9427229e-16   9.9062500e-02   9.9062500e-02
   3.8000000e+01   4.0000000e+00   9.1680267e-16   1.1268750e-01   1.1268750e-01
   3.9000000e+01   4.0000000e+00   1.3059057e-15   1.8610937e-01   1.8610937e-01
   4.0000000e+01   4.0000000e+00   1.5153527e-15   2.2934375e-01   2.2934375e-01
   4.1000000e+01   4.0000000e+00   1.3784136e-15   2.1370312e-01   2.1370312e-01
   4.2000000e+01   4.0000000e+00   1.3993358e-15   2.1071875e-01   2.1071875e-01
   4.3000000e+01   4.0000000e+00   1.3253994e-15   1.8964062e-01   1.8964062e-01
   4.4000000e+01   4.0000000e+00   1.3081343e-15   1.8971875e-01   1.8971875e-01
   4.5000000e+01   4.0000000e+00   1.3198449e-15   1.9700000e-01   1.9700000e-01
   4.6000000e+01   4.0000000e+00   1.3870002e-15   2.1160937e-01   2.1160937e-01
   4.7000000e+01   4.0000000e+00   1.3459187e-15   2.0623437e-01   2.0623437e-01
   1.0000000e+00   5.0000000e+00   1.0542066e-15   1.3918750e-01   1.3918750e-01
   2.0000000e+00   5.0000000e+00   7.5542498e-16   7.3500000e-02   7.3500000e-02
   3.0000000e+00   5.0000000e+00   1.0923167e-15   1.4382812e-01   1.4382812e-01
   4.0000000e+00   5.0000000e+00   1.5564415e-15   2.4484375e-01   2.4484375e-01
   5.0000000e+00   5.0000000e+00   1.8511307e-15   3.0837500e-01   3.0837500e-01
   6.0000000e+00   5.0000000e+00   1.9646874e-15   3.4000000e-01   3.4000000e-01
   7.0000000e+00   5.0000000e+00   2.0641426e-15   3.4968750e-01   3.4968750e-01
   8.0000000e+00   5.0000000e+00   2.0610455e-15   3.5273437e-01   3.5273437e-01
   9.0000000e+00   5.0000000e+00   2.0027474e-15   3.4878125e-01   3.4878125e-01
   1.0000000e+01   5.0000000e+00   1.8532126e-15   3.2337500e-01   3.2337500e-01
   1.1000000e+01   5.0000000e+00   1.8274934e-15   3.0807812e-01   3.0807812e-01
   1.2000000e+01   5.0000000e+00   1.8968649e-15   3.2896875e-01   3.2896875e-01
   1.3000000e+01   5.0000000e+00   2.0198912e-15   3.5067187e-01   3.5067187e-01
   1.4000000e+01   5.0000000e+00   2.0644953e-15   3.5467187e-01   3.5467187e-01
   1.5000000e+01   5.0000000e+00   2.0697146e-15   3.5710937e-01   3.5710937e-01
   1.6000000e+01   5.0000000e+00   1.8842086e-15   3.1504687e-01   3.1504687e-01
   1.7000000e+01   5.0000000e+00   1.4033773e-15   2.0437500e-01   2.0437500e-01
   1.8000000e+01   5.0000000e+00   8.4704902e-16   9.2609375e-02   9.2609375e-02
   1.9000000e+01   5.0000000e+00   6.7652088e-16   5.1578125e-02   5.1578125e-02
   2.0000000e+01   5.0000000e+00   8.5329486e-16   9.1859375e-02   9.1859375e-02
   2.1000000e+01   5.0000000e+00   1.2689257e-15   1.8579687e-01   1.8579687e-01
   2.2000000e+01   5.0000000e+00   1.6912551e-15   2.7560937e-01   2.7560937e-01
   2.3000000e+01   5.0000000e+00   1.9921339e-15   3.3090625e-01   3.3090625e-01
   2.4000000e+01   5.0000000e+00   2.0338070e-15   3.3526562e-01   3.3526562e-01
   2.5000000e+01   5.0000000e+00   1.9767552e-15   3.3756250e-01   3.3756250e-01
   2.6000000e+01   5.0000000e+00   1.9767335e-15   3.3343750e-01   3.3343750e-01
   2.7000000e+01   5.0000000e+00   1.7781889e-15   2.9087500e-01   2.9087500e-01
   2.8000000e+01   5.0000000e+00   1.7026966e-15   2.7357813e-01   2.7357813e-01
   2.9000000e+01   5.0000000e+00   1.7722757e-15   3.0389062e-01   3.0389062e-01
   3.0000000e+01   5.0000000e+00   1.9706825e-15   3.2975000e-01   3.2975000e-01
   3.1000000e+01   5.0000000e+00   2.0277617e-15   3.5214062e-01   3.5214062e-01
   3.2000000e+01   5.0000000e+00   2.0602714e-15   3.4610938e-01   3.4610938e-01
   3.3000000e+01   5.0000000e+00   1.6887204e-15   2.7475000e-01   2.7475000e-01
   3.4000000e+01   5.0000000e+00   1.1305807e-15   1.4990625e-01   1.4990625e-01
   3.5000000e+01   5.0000000e+00   7.6394871e-16   7.0406250e-02   7.0406250e-02
   3.6000000e+01   5.0000000e+00   7.3021686e-16   6.8937500e-02   6.8937500e-02
   3.7000000e+01   5.0000000e+00   9.1822530e-16   1.0239062e-01   1.0239062e-01
   3.8000000e+01   5.0000000e+00   1.2783275e-15   1.8264062e-01   1.8264062e-01
   3.9000000e+01   5.0000000e+00   1.7025663e-15   2.7485937e-01   2.7485937e-01
   4.0000000e+01   5.0000000e+00   1.9481636e-15   3.1648437e-01   3.1648437e-01
   4.1000000e+01   5.0000000e+00   1.9440110e-15   3.2290625e-01   3.2290625e-01
   4.2000000e+01   5.0000000e+00   1.9281128e-15   3.1368750e-01   3.1368750e-01
   4.3000000e+01   5.0000000e+00   1.8329258e-15   2.9279687e-01   2.9279687e-01
   4.4000000e+01   5.0000000e+00   1.6556081e-15   2.6909375e-01   2.6909375e-01
   4.5000000e+01   5.0000000e+00   1.6489211e-15   2.7267188e-01   2.7267188e-01
   4.6000000e+01   5.0000000e+00   1.7877403e-15   2.9635937e-01   2.9635937e-01
   4.7000000e+01   5.0000000e+00   1.8416419e-15   3.0560937e-01   3.0560937e-01
   1.0000000e+00   6.0000000e+00   1.2533462e-15   1.8407812e-01   1.8407812e-01
   2.0000000e+00   6.0000000e+00   8.3665102e-16   8.9984375e-02   8.9984375e-02
   3.0000000e+00   6.0000000e+00   1.2456365e-15   1.7529687e-01   1.7529687e-01
   4.0000000e+00   6.0000000e+00   1.7677602e-15   2.8126562e-01   2.8126562e-01
   5.0000000e+00   6.0000000e+00   1.8905540e-15   3.2223437e-01   3.2223437e-01
   6.0000000e+00   6.0000000e+00   2.0476246e-15   3.4384375e-01   3.4384375e-01
   7.0000000e+00   6.0000000e+00   2.0267553e-15   3.3962500e-01   3.3962500e-01
   8.0000000e+00   6.0000000e+00   2.0587024e-15   3.4625000e-01   3.4625000e-01
   9.0000000e+00   6.0000000e+00   2.0732268e-15   3.4851563e-01   3.4851563e-01
   1.0000000e+01   6.0000000e+00   1.9302461e-15   3.2265625e-01   3.2265625e-01
   1.1000000e+01   6.0000000e+00   1.8402617e-15   3.0782813e-01   3.0782813e-01
   1.2000000e+01   6.0000000e+00   1.9648136e-15   3.3239063e-01   3.3239063e-01
   1.3000000e+01   6.0000000e+00   2.1065750e-15   3.6900000e-01   3.6900000e-01
   1.4000000e+01   6.0000000e+00   2.1952645e-15   3.7992187e-01   3.7992187e-01
   1.5000000e+01   6.0000000e+00   2.1496769e-15   3.7701562e-01   3.7701562e-01
   1.6000000e+01   6.0000000e+00   2.1327782e-15   3.6467187e-01   3.6467187e-01
   1.7000000e+01   6.0000000e+00   1.8786227e-15   3.0592187e-01   3.0592187e-01
   1.8000000e+01   6.0000000e+00   1.1581075e-15   1.5706250e-01   1.5706250e-01
   1.9000000e+01   6.0000000e+00   7.9506751e-16   7.5593750e-02   7.5593750e-02
   2.0000000e+01   6.0000000e+00   1.1162505e-15   1.4339062e-01   1.4339062e-01
   2.1000000e+01   6.0000000e+00   1.6126861e-15   2.4739062e-01   2.4739062e-01
   2.2000000e+01   6.0000000e+00   1.9369462e-15   3.1321875e-01   3.1321875e-01
   2.3000000e+01   6.0000000e+00   2.0035348e-15   3.3601562e-01   3.3601562e-01
   2.4000000e+01   6.0000000e+00   2.0545760e-15   3.4484375e-01   3.4484375e-01
   2.5000000e+01   6.0000000e+00   2.0997487e-15   3.5962500e-01   3.5962500e-01
   2.6000000e+01   6.0000000e+00   2.1156816e-15   3.6646875e-01   3.6646875e-01
   2.7000000e+01   6.0000000e+00   1.9034020e-15   3.2053125e-01   3.2053125e-01
   2.8000000e+01   6.0000000e+00   1.6856186e-15   2.7546875e-01   2.7546875e-01
   2.9000000e+01   6.0000000e+00   1.8690983e-15   3.1065625e-01   3.1065625e-01
   3.0000000e+01   6.0000000e+00   2.0900909e-15   3.5385937e-01   3.5385937e-01
   3.1000000e+01   6.0000000e+00   2.1072653e-15   3.5882813e-01   3.5882813e-01
   3.2000000e+01   6.0000000e+00   2.2028921e-15   3.7379687e-01   3.7379687e-01
   3.3000000e+01   6.0000000e+00   2.1145234e-15   3.5871875e-01   3.5871875e-01
   3.4000000e+01   6.0000000e+00   1.6566432e-15   2.6271875e-01   2.6271875e-01
   3.5000000e+01   6.0000000e+00   9.2985179e-16   1.0700000e-01   1.0700000e-01
   3.6000000e+01   6.0000000e+00   7.7290580e-16   6.9796875e-02   6.9796875e-02
   3.7000000e+01   6.0000000e+00   1.0748872e-15   1.3643750e-01   1.3643750e-01
   3.8000000e+01   6.0000000e+00   1.5882797e-15   2.4639062e-01   2.4639062e-01
   3.9000000e+01   6.0000000e+00   1.9460820e-15   3.1809375e-01   3.1809375e-01
   4.0000000e+01   6.0000000e+00   2.1268780e-15   3.6123438e-01   3.6123438e-01
   4.1000000e+01   6.0000000e+00   2.1711413e-15   3.8015625e-01   3.8015625e-01
   4.2000000e+01   6.0000000e+00   2.1612301e-15   3.7490625e-01   3.7490625e-01
   4.3000000e+01   6.0000000e+00   1.9912696e-15   3.3809375e-01   3.3809375e-01
   4.4000000e+01   6.0000000e+00   1.7914204e-15   2.9806250e-01   2.9806250e-01
   4.5000000e+01   6.0000000e+00   1.8314015e-15   2.9809375e-01   2.9809375e-01
   4.6000000e+01   6.0000000e+00   1.9810267e-15   3.3942187e-01   3.3942187e-01
   4.7000000e+01   6.0000000e+00   2.2606754e-15   3.8778125e-01   3.8778125e-01
   1.0000000e+00   7.0000000e+00   1.3820933e-15   2.0421875e-01   2.0421875e-01
   2.0000000e+00   7.0000000e+00   8.7929147e-16   9.6796875e-02   9.6796875e-02
   3.0000000e+00   7.0000000e+00   1.1621292e-15   1.5609375e-01   1.5609375e-01
   4.0000000e+00   7.0000000e+00   1.7847741e-15   2.8557812e-01   2.8557812e-01
   5.0000000e+00   7.0000000e+00   2.0428283e-15   3.3362500e-01   3.3362500e-01
   6.0000000e+00   7.0000000e+00   1.9549345e-15   3.2709375e-01   3.2709375e-01
   7.0000000e+00   7.0000000e+00   2.0055635e-15   3.3693750e-01   3.3693750e-01
   8.0000000e+00   7.0000000e+00   2.0856045e-15   3.5442188e-01   3.5442188e-01
   9.0000000e+00   7.0000000e+00   2.1770061e-15   3.7837500e-01   3.7837500e-01
   1.0000000e+01   7.0000000e+00   1.9934962e-15   3.4375000e-01   3.4375000e-01
   1.1000000e+01   7.0000000e+00   1.9091117e-15   3.2073437e-01   3.2073437e-01
   1.2000000e+01   7.0000000e+00   2.0274544e-15   3.4260937e-01   3.4260937e-01
   1.3000000e+01   7.0000000e+00   2.1250764e-15   3.6709375e-01   3.6709375e-01
   1.4000000e+01   7.0000000e+00   2.2081636e-15   3.7428125e-01   3.7428125e-01
   1.5000000e+01   7.0000000e+00   2.1525577e-15   3.7435937e-01   3.7435937e-01
   1.6000000e+01   7.0000000e+00   2.1591823e-15   3.6610937e-01   3.6610937e-01
   1.7000000e+01   7.0000000e+00   1.9911894e-15   3.2935937e-01   3.2935937e-01
   1.8000000e+01   7.0000000e+00   1.4865971e-15   2.1732812e-01   2.1732812e-01
   1.9000000e+01   7.0000000e+00   8.9158368e-16   9.9765625e-02   9.9765625e-02
   2.0000000e+01   7.0000000e+00   1.2093563e-15   1.6064062e-01   1.6064062e-01
   2.1000000e+01   7.0000000e+00   1.7482669e-15   2.8084375e-01   2.8084375e-01
   2.2000000e+01   7.0000000e+00   2.0292955e-15   3.3146875e-01   3.3146875e-01
   2.3000000e+01   7.0000000e+00   2.0618525e-15   3.4514062e-01   3.4514062e-01
   2.4000000e+01   7.0000000e+00   2.0522024e-15   3.5139062e-01   3.5139062e-01
   2.5000000e+01   7.0000000e+00   2.1037882e-15   3.5057812e-01   3.5057812e-01
   2.6000000e+01   7.0000000e+00   2.1158307e-15   3.6118750e-01   3.6118750e-01
   2.7000000e+01   7.0000000e+00   1.8673561e-15   3.0293750e-01   3.0293750e-01
   2.8000000e+01   7.0000000e+00   1.6642234e-15   2.6200000e-01   2.6200000e-01
   2.9000000e+01   7.0000000e+00   1.9021328e-15   3.1739062e-01   3.1739062e-01
   3.0000000e+01   7.0000000e+00   2.1325777e-15   3.6170312e-01   3.6170312e-01
   3.1000000e+01   7.0000000e+00   2.1005546e-15   3.5332812e-01   3.5332812e-01
   3.2000000e+01   7.0000000e+00   2.0749762e-15   3.4053125e-01   3.4053125e-01
   3.3000000e+01   7.0000000e+00   2.0205448e-15   3.3631250e-01   3.3631250e-01
   3.4000000e+01   7.0000000e+00   1.8267565e-15   2.9800000e-01   2.9800000e-01
   3.5000000e+01   7.0000000e+00   1.1284883e-15   1.5445312e-01   1.5445312e-01
   3.6000000e+01   7.0000000e+00   8.3555709e-16   8.6718750e-02   8.6718750e-02
   3.7000000e+01   7.0000000e+00   1.3187041e-15   1.8965625e-01   1.8965625e-01
   3.8000000e+01   7.0000000e+00   1.8679886e-15   2.9576562e-01   2.9576562e-01
   3.9000000e+01   7.0000000e+00   2.0317194e-15   3.3585937e-01   3.3585937e-01
   4.0000000e+01   7.0000000e+00   2.0278922e-15   3.4037500e-01   3.4037500e-01
   4.1000000e+01   7.0000000e+00   2.0497729e-15   3.4031250e-01   3.4031250e-01
   4.2000000e+01   7.0000000e+00   2.0944193e-15   3.4981250e-01   3.4981250e-01
   4.3000000e+01   7.0000000e+00   2.0278313e-15   3.4426562e-01   3.4426562e-01
   4.4000000e+01   7.0000000e+00   1.8526261e-15   3.0165625e-01   3.0165625e-01
   4.5000000e+01   7.0000000e+00   1.8492792e-15   3.0193750e-01   3.0193750e-01
   4.6000000e+01   7.0000000e+00   1.9894838e-15   3.3921875e-01   3.3921875e-01
   4.7000000e+01   7.0000000e+00   2.1542393e-15   3.6928125e-01   3.6928125e-01
   1.0000000e+00   8.0000000e+00   1.1838900e-15   1.5904687e-01   1.5904687e-01
   2.0000000e+00   8.0000000e+00   8.4152202e-16   7.8812500e-02   7.8812500e-02
   3.0000000e+00   8.0000000e+00   9.7087362e-16   1.1735937e-01   1.1735937e-01
   4.0000000e+00   8.0000000e+00   1.5260643e-15   2.3187500e-01   2.3187500e-01
   5.0000000e+00   8.0000000e+00   1.9090845e-15   3.0678125e-01   3.0678125e-01
   6.0000000e+00   8.0000000e+00   2.0129095e-15   3.3275000e-01   3.3275000e-01
   7.0000000e+00   8.0000000e+00   2.0455168e-15   3.4745312e-01   3.4745312e-01
   8.0000000e+00   8.0000000e+00   2.0291704e-15   3.4829687e-01   3.4829687e-01
   9.0000000e+00   8.0000000e+00   2.0494998e-15   3.5382812e-01   3.5382812e-01
   1.0000000e+01   8.0000000e+00   1.9615369e-15   3.3328125e-01   3.3328125e-01
   1.1000000e+01   8.0000000e+00   1.8787420e-15   3.1070312e-01   3.1070312e-01
   1.2000000e+01   8.0000000e+00   1.9834712e-15   3.3506250e-01   3.3506250e-01
   1.3000000e+01   8.0000000e+00   2.1839123e-15   3.7671875e-01   3.7671875e-01
   1.4000000e+01   8.0000000e+00   2.1929834e-15   3.7684375e-01   3.7684375e-01
   1.5000000e+01   8.0000000e+00   2.1403804e-15   3.6262500e-01   3.6262500e-01
   1.6000000e+01   8.0000000e+00   2.0172484e-15   3.4092187e-01   3.4092187e-01
   1.7000000e+01   8.0000000e+00   1.8243558e-15   2.9506250e-01   2.9506250e-01
   1.8000000e+01   8.0000000e+00   1.3689322e-15   1.9760937e-01   1.9760937e-01
   1.9000000e+01   8.0000000e+00   8.8874711e-16   9.2421875e-02   9.2421875e-02
   2.0000000e+01   8.0000000e+00   1.0515864e-15   1.3504687e-01   1.3504687e-01
   2.1000000e+01   8.0000000e+00   1.6655557e-15   2.6631250e-01   2.6631250e-01
   2.2000000e+01   8.0000000e+00   1.9182029e-15   3.1331250e-01   3.1331250e-01
   2.3000000e+01   8.0000000e+00   1.9886850e-15   3.3248438e-01   3.3248438e-01
   2.4000000e+01   8.0000000e+00   2.0112055e-15   3.4325000e-01   3.4325000e-01
   2.5000000e+01   8.0000000e+00   2.0480818e-15   3.4839062e-01   3.4839062e-01
   2.6000000e+01   8.0000000e+00   2.1432848e-15   3.6112500e-01   3.6112500e-01
   2.7000000e+01   8.0000000e+00   1.9376953e-15   3.2301562e-01   3.2301562e-01
   2.8000000e+01   8.0000000e+00   1.7603708e-15   2.8245312e-01   2.8245312e-01
   2.9000000e+01   8.0000000e+00   1.9470847e-15   3.2087500e-01   3.2087500e-01
   3.0000000e+01   8.0000000e+00   2.1017291e-15   3.6160937e-01   3.6160937e-01
   3.1000000e+01   8.0000000e+00   2.1708766e-15   3.7581250e-01   3.7581250e-01
   3.2000000e+01   8.0000000e+00   2.1537796e-15   3.6798437e-01   3.6798437e-01
   3.3000000e+01   8.0000000e+00   2.0303931e-15   3.4501562e-01   3.4501562e-01
   3.4000000e+01   8.0000000e+00   1.8098711e-15   2.9739062e-01   2.9739062e-01
   3.5000000e+01   8.0000000e+00   1.1652816e-15   1.6909375e-01   1.6909375e-01
   3.6000000e+01   8.0000000e+00   8.6229386e-16   9.8359375e-02   9.8359375e-02
   3.7000000e+01   8.0000000e+00   1.2918209e-15   1.8535937e-01   1.8535937e-01
   3.8000000e+01   8.0000000e+00   1.8040111e-15   2.9282812e-01   2.9282812e-01
   3.9000000e+01   8.0000000e+00   1.9833278e-15   3.3010937e-01   3.3010937e-01
   4.0000000e+01   8.0000000e+00   2.0682940e-15   3.5309375e-01   3.5309375e-01
   4.1000000e+01   8.0000000e+00   2.0908416e-15   3.5665625e-01   3.5665625e-01
   4.2000000e+01   8.0000000e+00   2.0274937e-15   3.4543750e-01   3.4543750e-01
   4.3000000e+01   8.0000000e+00   1.9769344e-15   3.3473437e-01   3.3473437e-01
   4.4000000e+01   8.0000000e+00   1.8424628e-15   3.0178125e-01   3.0178125e-01
   4.5000000e+01   8.0000000e+00   1.8454238e-15   2.9971875e-01   2.9971875e-01
   4.6000000e+01   8.0000000e+00   1.9637832e-15   3.3607813e-01   3.3607813e-01
   4.7000000e+01   8.0000000e+00   2.1294568e-15   3.5910937e-01   3.5910937e-01
   1.0000000e+00   9.0000000e+00   9.4838549e-16   1.1170312e-01   1.1170312e-01
   2.0000000e+00   9.0000000e+00   8.2538303e-16   8.4281250e-02   8.4281250e-02
   3.0000000e+00   9.0000000e+00   7.8763156e-16   8.2390625e-02   8.2390625e-02
   4.0000000e+00   9.0000000e+00   1.1191140e-15   1.5071875e-01   1.5071875e-01
   5.0000000e+00   9.0000000e+00   1.5908503e-15   2.5048437e-01   2.5048437e-01
   6.0000000e+00   9.0000000e+00   1.9580556e-15   3.2562500e-01   3.2562500e-01
   7.0000000e+00   9.0000000e+00   2.0287463e-15   3.4401562e-01   3.4401562e-01
   8.0000000e+00   9.0000000e+00   2.0895738e-15   3.5275000e-01   3.5275000e-01
   9.0000000e+00   9.0000000e+00   2.1125905e-15   3.5457812e-01   3.5457812e-01
   1.0000000e+01   9.0000000e+00   2.0146324e-15   3.3742187e-01   3.3742187e-01
   1.1000000e+01   9.0000000e+00   1.8824196e-15   3.1350000e-01   3.1350000e-01
   1.2000000e+01   9.0000000e+00   2.0242319e-15   3.3734375e-01   3.3734375e-01
   1.3000000e+01   9.0000000e+00   2.1930365e-15   3.7851562e-01   3.7851562e-01
   1.4000000e+01   9.0000000e+00   2.2378645e-15   3.8296875e-01   3.8296875e-01
   1.5000000e+01   9.0000000e+00   2.1665536e-15   3.7104688e-01   3.7104688e-01
   1.6000000e+01   9.0000000e+00   2.0041090e-15   3.3275000e-01   3.3275000e-01
   1.7000000e+01   9.0000000e+00   1.6412706e-15   2.5143750e-01   2.5143750e-01
   1.8000000e+01   9.0000000e+00   1.1840300e-15   1.5165625e-01   1.5165625e-01
   1.9000000e+01   9.0000000e+00   8.2967123e-16   7.7656250e-02   7.7656250e-02
   2.0000000e+01   9.0000000e+00   8.7184776e-16   9.6125000e-02   9.6125000e-02
   2.1000000e+01   9.0000000e+00   1.3597270e-15   2.0446875e-01   2.0446875e-01
   2.2000000e+01   9.0000000e+00   1.8566070e-15   3.0243750e-01   3.0243750e-01
   2.3000000e+01   9.0000000e+00   2.0724854e-15   3.5275000e-01   3.5275000e-01
   2.4000000e+01   9.0000000e+00   2.1094848e-15   3.5231250e-01   3.5231250e-01
   2.5000000e+01   9.0000000e+00   2.0260081e-15   3.3482812e-01   3.3482812e-01
   2.6000000e+01   9.0000000e+00   1.9981524e-15   3.3256250e-01   3.3256250e-01
   2.7000000e+01   9.0000000e+00   1.8755408e-15   3.0635937e-01   3.0635937e-01
   2.8000000e+01   9.0000000e+00   1.8034912e-15   2.9543750e-01   2.9543750e-01
   2.9000000e+01   9.0000000e+00   1.9154380e-15   3.1912500e-01   3.1912500e-01
   3.0000000e+01   9.0000000e+00   2.1155628e-15   3.5985937e-01   3.5985937e-01
   3.1000000e+01   9.0000000e+00   2.1585092e-15   3.7412500e-01   3.7412500e-01
   3.2000000e+01   9.0000000e+00   2.1127102e-15   3.5420312e-01   3.5420312e-01
   3.3000000e+01   9.0000000e+00   1.9527345e-15   3.1706250e-01   3.1706250e-01
   3.4000000e+01   9.0000000e+00   1.5833609e-15   2.4376562e-01   2.4376562e-01
   3.5000000e+01   9.0000000e+00   1.1093176e-15   1.4153125e-01   1.4153125e-01
   3.6000000e+01   9.0000000e+00   8.0445668e-16   7.8031250e-02   7.8031250e-02
   3.7000000e+01   9.0000000e+00   1.0578784e-15   1.3407812e-01   1.3407812e-01
   3.8000000e+01   9.0000000e+00   1.6328498e-15   2.5218750e-01   2.5218750e-01
   3.9000000e+01   9.0000000e+00   2.0352368e-15   3.3550000e-01   3.3550000e-01
   4.0000000e+01   9.0000000e+00   2.1277136e-15   3.5846875e-01   3.5846875e-01
   4.1000000e+01   9.0000000e+00   2.1862342e-15   3.6735937e-01   3.6735937e-01
   4.2000000e+01   9.0000000e+00   2.1497432e-15   3.5829687e-01   3.5829687e-01
   4.3000000e+01   9.0000000e+00   2.0834422e-15   3.4934375e-01   3.4934375e-01
   4.4000000e+01   9.0000000e+00   1.8886694e-15   3.0885937e-01   3.0885937e-01
   4.5000000e+01   9.0000000e+00   1.8545135e-15   2.9690625e-01   2.9690625e-01
   4.6000000e+01   9.0000000e+00   2.0542846e-15   3.3485937e-01   3.3485937e-01
   4.7000000e+01   9.0000000e+00   2.1280060e-15   3.5090625e-01   3.5090625e-01
   1.0000000e+00   1.0000000e+01   1.0003314e-15   1.1023437e-01   1.1023437e-01
   2.0000000e+00   1.0000000e+01   1.1790343e-15   1.4940625e-01   1.4940625e-01
   3.0000000e+00   1.0000000e+01   9.7281269e-16   1.1179687e-01   1.1179687e-01
   4.0000000e+00   1.0000000e+01   8.7396657e-16   8.5187500e-02   8.5187500e-02
   5.0000000e+00   1.0000000e+01   1.0687838e-15   1.3850000e-01   1.3850000e-01
   6.0000000e+00   1.0000000e+01   1.4697699e-15   2.1215625e-01   2.1215625e-01
   7.0000000e+00   1.0000000e+01   1.6700747e-15   2.6067188e-01   2.6067188e-01
   8.0000000e+00   1.0000000e+01   1.8232736e-15   2.8429688e-01   2.8429688e-01
   9.0000000e+00   1.0000000e+01   1.7369340e-15   2.7400000e-01   2.7400000e-01
   1.0000000e+01   1.0000000e+01   1.6453940e-15   2.5793750e-01   2.5793750e-01
   1.1000000e+01   1.0000000e+01   1.6182627e-15   2.4679687e-01   2.4679687e-01
   1.2000000e+01   1.0000000e+01   1.7135004e-15   2.7006250e-01   2.7006250e-01
   1.3000000e+01   1.0000000e+01   1.8078274e-15   2.8773437e-01   2.8773437e-01
   1.4000000e+01   1.0000000e+01   1.8329912e-15   2.8987500e-01   2.8987500e-01
   1.5000000e+01   1.0000000e+01   1.8385984e-15   2.7845312e-01   2.7845312e-01
   1.6000000e+01   1.0000000e+01   1.5506751e-15   2.2801562e-01   2.2801562e-01
   1.7000000e+01   1.0000000e+01   1.1502085e-15   1.5028125e-01   1.5028125e-01
   1.8000000e+01   1.0000000e+01   9.7720423e-16   1.0100000e-01   1.0100000e-01
   1.9000000e+01   1.0000000e+01   9.2207796e-16   9.2359375e-02   9.2359375e-02
   2.0000000e+01   1.0000000e+01   8.2785396e-16   7.5093750e-02   7.5093750e-02
   2.1000000e+01   1.0000000e+01   1.0169701e-15   1.2017187e-01   1.2017187e-01
   2.2000000e+01   1.0000000e+01   1.4829158e-15   2.1821875e-01   2.1821875e-01
   2.3000000e+01   1.0000000e+01   1.8726396e-15   2.9726562e-01   2.9726562e-01
   2.4000000e+01   1.0000000e+01   1.9472340e-15   3.1918750e-01   3.1918750e-01
   2.5000000e+01   1.0000000e+01   1.9178065e-15   3.0410937e-01   3.0410937e-01
   2.6000000e+01   1.0000000e+01   1.8015320e-15   2.8628125e-01   2.8628125e-01
   2.7000000e+01   1.0000000e+01   1.7721186e-15   2.8067187e-01   2.8067187e-01
   2.8000000e+01   1.0000000e+01   1.7646521e-15   2.7835937e-01   2.7835937e-01
   2.9000000e+01   1.0000000e+01   1.7294589e-15   2.7060937e-01   2.7060937e-01
   3.0000000e+01   1.0000000e+01   1.8835452e-15   3.0504688e-01   3.0504688e-01
   3.1000000e+01   1.0000000e+01   2.0238606e-15   3.3553125e-01   3.3553125e-01
   3.2000000e+01   1.0000000e+01   1.9976122e-15   3.2109375e-01   3.2109375e-01
   3.3000000e+01   1.0000000e+01   1.7392746e-15   2.7048438e-01   2.7048438e-01
   3.4000000e+01   1.0000000e+01   1.3515692e-15   1.8942187e-01   1.8942187e-01
   3.5000000e+01   1.0000000e+01   1.0822570e-15   1.2643750e-01   1.2643750e-01
   3.6000000e+01   1.0000000e+01   9.1043363e-16   7.9703125e-02   7.9703125e-02
   3.7000000e+01   1.0000000e+01   8.9405815e-16   9.2328125e-02   9.2328125e-02
   3.8000000e+01   1.0000000e+01   1.2624507e-15   1.7131250e-01   1.7131250e-01
   3.9000000e+01   1.0000000e+01   1.8036220e-15   2.8307812e-01   2.8307812e-01
   4.0000000e+01   1.0000000e+01   2.0959194e-15   3.4796875e-01   3.4796875e-01
   4.1000000e+01   1.0000000e+01   2.0315146e-15   3.3721875e-01   3.3721875e-01
   4.2000000e+01   1.0000000e+01   1.9890812e-15   3.2992187e-01   3.2992187e-01
   4.3000000e+01   1.0000000e+01   2.0012875e-15   3.2901562e-01   3.2901562e-01
   4.4000000e+01   1.0000000e+01   1.8151889e-15   3.0029687e-01   3.0029687e-01
   4.5000000e+01   1.0000000e+01   1.7655583e-15   2.9046875e-01   2.9046875e-01
   4.6000000e+01   1.0000000e+01   1.9741112e-15   3.2470312e-01   3.2470312e-01
   4.7000000e+01   1.0000000e+01   2.0475174e-15   3.4770313e-01   3.4770313e-01
   1.0000000e+00   1.1000000e+01   9.3477330e-16   9.4250000e-02   9.4250000e-02
   2.0000000e+00   1.1000000e+01   1.3106070e-15   1.8392187e-01   1.8392187e-01
   3.0000000e+00   1.1000000e+01   1.1551565e-15   1.4631250e-01   1.4631250e-01
   4.0000000e+00   1.1000000e+01   8.7702747e-16   7.6234375e-02   7.6234375e-02
   5.0000000e+00   1.1000000e+01   8.8457605e-16   8.8093750e-02   8.8093750e-02
   6.0000000e+00   1.1000000e+01   1.0431206e-15   1.3325000e-01   1.3325000e-01
   7.0000000e+00   1.1000000e+01   1.1941742e-15   1.5931250e-01   1.5931250e-01
   8.0000000e+00   1.1000000e+01   1.2687394e-15   1.7904687e-01   1.7904687e-01
   9.0000000e+00   1.1000000e+01   1.3070394e-15   1.8196875e-01   1.8196875e-01
   1.0000000e+01   1.1000000e+01   1.2331455e-15   1.7451562e-01   1.7451562e-01
   1.1000000e+01   1.1000000e+01   1.1812330e-15   1.6523437e-01   1.6523437e-01
   1.2000000e+01   1.1000000e+01   1.1789883e-15   1.5740625e-01   1.5740625e-01
   1.3000000e+01   1.1000000e+01   1.2682356e-15   1.6995312e-01   1.6995312e-01
   1.4000000e+01   1.1000000e+01   1.3745168e-15   1.8734375e-01   1.8734375e-01
   1.5000000e+01   1.1000000e+01   1.3405047e-15   1.8167187e-01   1.8167187e-01
   1.6000000e+01   1.1000000e+01   1.1827898e-15   1.4732812e-01   1.4732812e-01
   1.7000000e+01   1.1000000e+01   9.7425023e-16   9.7765625e-02   9.7765625e-02
   1.8000000e+01   1.1000000e+01   8.4921953e-16   8.7031250e-02   8.7031250e-02
   1.9000000e+01   1.1000000e+01   1.0884392e-15   1.3604687e-01   1.3604687e-01
   2.0000000e+01   1.1000000e+01   9.7383625e-16   1.1151562e-01   1.1151562e-01
   2.1000000e+01   1.1000000e+01   8.4245809e-16   7.4718750e-02   7.4718750e-02
   2.2000000e+01   1.1000000e+01   1.0545169e-15   1.2162500e-01   1.2162500e-01
   2.3000000e+01   1.1000000e+01   1.3878429e-15   1.9917187e-01   1.9917187e-01
   2.4000000e+01   1.1000000e+01   1.5373120e-15   2.2507812e-01   2.2507812e-01
   2.5000000e+01   1.1000000e+01   1.5758395e-15   2.3700000e-01   2.3700000e-01
   2.6000000e+01   1.1000000e+01   1.5218372e-15   2.2948437e-01   2.2948437e-01
   2.7000000e+01   1.1000000e+01   1.3897022e-15   2.0160937e-01   2.0160937e-01
   2.8000000e+01   1.1000000e+01   1.3777437e-15   1.9600000e-01   1.9600000e-01
   2.9000000e+01   1.1000000e+01   1.4603700e-15   2.1818750e-01   2.1818750e-01
   3.0000000e+01   1.1000000e+01   1.5399605e-15   2.4187500e-01   2.4187500e-01
   3.1000000e+01   1.1000000e+01   1.6087335e-15   2.4914062e-01   2.4914062e-01
   3.2000000e+01   1.1000000e+01   1.5485074e-15   2.3682812e-01   2.3682812e-01
   3.3000000e+01   1.1000000e+01   1.3386543e-15   1.8435937e-01   1.8435937e-01
   3.4000000e+01   1.1000000e+01   1.1037889e-15   1.2792187e-01   1.2792187e-01
   3.5000000e+01   1.1000000e+01   1.1091001e-15   1.3959375e-01   1.3959375e-01
   3.6000000e+01   1.1000000e+01   1.0191082e-15   1.3048437e-01   1.3048437e-01
   3.7000000e+01   1.1000000e+01   8.8974680e-16   8.5593750e-02   8.5593750e-02
   3.8000000e+01   1.1000000e+01   9.8932912e-16   1.0921875e-01   1.0921875e-01
   3.9000000e+01   1.1000000e+01   1.4168960e-15   2.0093750e-01   2.0093750e-01
   4.0000000e+01   1.1000000e+01   1.7024474e-15   2.7406250e-01   2.7406250e-01
   4.1000000e+01   1.1000000e+01   1.6888203e-15   2.6435937e-01   2.6435937e-01
   4.2000000e+01   1.1000000e+01   1.6621559e-15   2.5462500e-01   2.5462500e-01
   4.3000000e+01   1.1000000e+01   1.6937843e-15   2.6585938e-01   2.6585938e-01
   4.4000000e+01   1.1000000e+01   1.5864223e-15   2.4239062e-01   2.4239062e-01
   4.5000000e+01   1.1000000e+01   1.4944651e-15   2.2918750e-01   2.2918750e-01
   4.6000000e+01   1.1000000e+01   1.7232208e-15   2.6603125e-01   2.6603125e-01
   4.7000000e+01   1.1000000e+01   1.7032727e-15   2.7300000e-01   2.7300000e-01
   1.0000000e+00   1.2000000e+01   8.9213707e-16   8.8421875e-02   8.8421875e-02
   2.0000000e+00   1.2000000e+01   1.1018760e-15   1.4315625e-01   1.4315625e-01
   3.0000000e+00   1.2000000e+01   1.0176972e-15   1.1915625e-01   1.1915625e-01
   4.0000000e+00   1.2000000e+01   9.7851582e-16   1.0979687e-01   1.0979687e-01
   5.0000000e+00   1.2000000e+01   1.1455090e-15   1.5398437e-01   1.5398437e-01
   6.0000000e+00   1.2000000e+01   1.3063085e-15   1.7835937e-01   1.7835937e-01
   7.0000000e+00   1.2000000e+01   1.3476025e-15   1.9143750e-01   1.9143750e-01
   8.0000000e+00   1.2000000e+01   1.3098361e-15   1.9471875e-01   1.9471875e-01
   9.0000000e+00   1.2000000e+01   1.2282804e-15   1.7957812e-01   1.7957812e-01
   1.0000000e+01   1.2000000e+01   1.1845141e-15   1.5439062e-01   1.5439062e-01
   1.1000000e+01   1.2000000e+01   1.1417159e-15   1.4928125e-01   1.4928125e-01
   1.2000000e+01   1.2000000e+01   1.2001273e-15   1.6121875e-01   1.6121875e-01
   1.3000000e+01   1.2000000e+01   1.1677132e-15   1.6328125e-01   1.6328125e-01
   1.4000000e+01   1.2000000e+01   1.2032058e-15   1.6209375e-01   1.6209375e-01
   1.5000000e+01   1.2000000e+01   1.2117165e-15   1.5578125e-01   1.5578125e-01
   1.6000000e+01   1.2000000e+01   9.3794215e-16   1.0326562e-01   1.0326562e-01
   1.7000000e+01   1.2000000e+01   7.8889662e-16   7.0890625e-02   7.0890625e-02
   1.8000000e+01   1.2000000e+01   8.6746903e-16   9.8343750e-02   9.8343750e-02
   1.9000000e+01   1.2000000e+01   1.1523242e-15   1.5715625e-01   1.5715625e-01
   2.0000000e+01   1.2000000e+01   9.6620975e-16   1.1421875e-01   1.1421875e-01
   2.1000000e+01   1.2000000e+01   7.2871033e-16   6.8843750e-02   6.8843750e-02
   2.2000000e+01   1.2000000e+01   8.6765491e-16   9.1562500e-02   9.1562500e-02
   2.3000000e+01   1.2000000e+01   1.0680200e-15   1.2928125e-01   1.2928125e-01
   2.4000000e+01   1.2000000e+01   1.1424967e-15   1.4412500e-01   1.4412500e-01
   2.5000000e+01   1.2000000e+01   1.0918477e-15   1.4193750e-01   1.4193750e-01
   2.6000000e+01   1.2000000e+01   9.9817195e-16   1.3056250e-01   1.3056250e-01
   2.7000000e+01   1.2000000e+01   9.9044037e-16   1.2139062e-01   1.2139062e-01
   2.8000000e+01   1.2000000e+01   1.0168579e-15   1.2551562e-01   1.2551562e-01
   2.9000000e+01   1.2000000e+01   1.0041510e-15   1.2939062e-01   1.2939062e-01
   3.0000000e+01   1.2000000e+01   1.0071606e-15   1.2753125e-01   1.2753125e-01
   3.1000000e+01   1.2000000e+01   1.0670357e-15   1.4134375e-01   1.4134375e-01
   3.2000000e+01   1.2000000e+01   9.7234636e-16   1.2260937e-01   1.2260937e-01
   3.3000000e+01   1.2000000e+01   8.3156864e-16   8.2375000e-02   8.2375000e-02
   3.4000000e+01   1.2000000e+01   8.4340056e-16   9.7234375e-02   9.7234375e-02
   3.5000000e+01   1.2000000e+01   1.2241701e-15   1.7195312e-01   1.7195312e-01
   3.6000000e+01   1.2000000e+01   1.2763408e-15   1.8767187e-01   1.8767187e-01
   3.7000000e+01   1.2000000e+01   9.0864431e-16   1.0451562e-01   1.0451562e-01
   3.8000000e+01   1.2000000e+01   7.1371675e-16   6.2328125e-02   6.2328125e-02
   3.9000000e+01   1.2000000e+01   9.3145464e-16   1.0326562e-01   1.0326562e-01
   4.0000000e+01   1.2000000e+01   1.0378702e-15   1.3164062e-01   1.3164062e-01
   4.1000000e+01   1.2000000e+01   1.0947963e-15   1.4523437e-01   1.4523437e-01
   4.2000000e+01   1.2000000e+01   1.0474753e-15   1.2937500e-01   1.2937500e-01
   4.3000000e+01   1.2000000e+01   1.0670613e-15   1.4181250e-01   1.4181250e-01
   4.4000000e+01   1.2000000e+01   1.0327209e-15   1.2829687e-01   1.2829687e-01
   4.5000000e+01   1.2000000e+01   1.0082636e-15   1.3565625e-01   1.3565625e-01
   4.6000000e+01   1.2000000e+01   1.0341747e-15   1.3262500e-01   1.3262500e-01
   4.7000000e+01   1.2000000e+01   1.0953826e-15   1.4918750e-01   1.4918750e-01
   1.0000000e+00   1.3000000e+01   9.7651461e-16   1.0996875e-01   1.0996875e-01
   2.0000000e+00   1.3000000e+01   8.1642065e-16   9.7343750e-02   9.7343750e-02
   3.0000000e+00   1.3000000e+01   9.8243033e-16   1.1714062e-01   1.1714062e-01
   4.0000000e+00   1.3000000e+01   1.3152501e-15   1.9318750e-01   1.9318750e-01
   5.0000000e+00   1.3000000e+01   1.6842094e-15   2.6446875e-01   2.6446875e-01
   6.0000000e+00   1.3000000e+01   1.9609228e-15   3.3126562e-01   3.3126562e-01
   7.0000000e+00   1.3000000e+01   2.0182010e-15   3.3550000e-01   3.3550000e-01
   8.0000000e+00   1.3000000e+01   1.9027680e-15   3.2585937e-01   3.2585937e-01
   9.0000000e+00   1.3000000e+01   1.9482671e-15   3.3137500e-01   3.3137500e-01
   1.0000000e+01   1.3000000e+01   1.7328304e-15   2.7739063e-01   2.7739063e-01
   1.1000000e+01   1.3000000e+01   1.7080891e-15   2.7801562e-01   2.7801562e-01
   1.2000000e+01   1.3000000e+01   1.7334580e-15   2.8690625e-01   2.8690625e-01
   1.3000000e+01   1.3000000e+01   1.9170938e-15   3.1834375e-01   3.1834375e-01
   1.4000000e+01   1.3000000e+01   1.8821001e-15   3.1848437e-01   3.1848437e-01
   1.5000000e+01   1.3000000e+01   1.8413367e-15   3.0075000e-01   3.0075000e-01
   1.6000000e+01   1.3000000e+01   1.4644252e-15   2.2190625e-01   2.2190625e-01
   1.7000000e+01   1.3000000e+01   9.4699027e-16   1.0556250e-01   1.0556250e-01
   1.8000000e+01   1.3000000e+01   7.4865904e-16   6.5843750e-02   6.5843750e-02
   1.9000000e+01   1.3000000e+01   7.9446210e-16   7.2953125e-02   7.2953125e-02
   2.0000000e+01   1.3000000e+01   8.4455055e-16   8.8312500e-02   8.8312500e-02
   2.1000000e+01   1.3000000e+01   1.0045930e-15   1.1960937e-01   1.1960937e-01
   2.2000000e+01   1.3000000e+01   1.4375059e-15   2.1498437e-01   2.1498437e-01
   2.3000000e+01   1.3000000e+01   1.6647192e-15   2.7084375e-01   2.7084375e-01
   2.4000000e+01   1.3000000e+01   1.6948561e-15   2.6718750e-01   2.6718750e-01
   2.5000000e+01   1.3000000e+01   1.7256669e-15   2.7889062e-01   2.7889062e-01
   2.6000000e+01   1.3000000e+01   1.5797486e-15   2.4757812e-01   2.4757812e-01
   2.7000000e+01   1.3000000e+01   1.4685592e-15   2.2339062e-01   2.2339062e-01
   2.8000000e+01   1.3000000e+01   1.4867446e-15   2.3021875e-01   2.3021875e-01
   2.9000000e+01   1.3000000e+01   1.5826258e-15   2.5123438e-01   2.5123438e-01
   3.0000000e+01   1.3000000e+01   1.5919912e-15   2.4798437e-01   2.4798437e-01
   3.1000000e+01   1.3000000e+01   1.5517731e-15   2.4320312e-01   2.4320312e-01
   3.2000000e+01   1.3000000e+01   1.5310235e-15   2.3328125e-01   2.3328125e-01
   3.3000000e+01   1.3000000e+01   1.1813321e-15   1.5793750e-01   1.5793750e-01
   3.4000000e+01   1.3000000e+01   8.1331063e-16   8.5078125e-02   8.5078125e-02
   3.5000000e+01   1.3000000e+01   9.1820287e-16   9.7406250e-02   9.7406250e-02
   3.6000000e+01   1.3000000e+01   1.0378290e-15   1.2609375e-01   1.2609375e-01
   3.7000000e+01   1.3000000e+01   8.3306375e-16   9.9687500e-02   9.9687500e-02
   3.8000000e+01   1.3000000e+01   9.3880308e-16   1.0717187e-01   1.0717187e-01
   3.9000000e+01   1.3000000e+01   1.2686478e-15   1.8650000e-01   1.8650000e-01
   4.0000000e+01   1.3000000e+01   1.3964973e-15   2.1745312e-01   2.1745312e-01
   4.1000000e+01   1.3000000e+01   1.3821399e-15   2.0342187e-01   2.0342187e-01
   4.2000000e+01   1.3000000e+01   1.4407767e-15   2.1309375e-01   2.1309375e-01
   4.3000000e+01   1.3000000e+01   1.3870694e-15   2.0920312e-01   2.0920312e-01
   4.4000000e+01   1.3000000e+01   1.2654347e-15   1.9445312e-01   1.9445312e-01
   4.5000000e+01   1.3000000e+01   1.2831804e-15   1.8267187e-01   1.8267187e-01
   4.6000000e+01   1.3000000e+01   1.3802807e-15   1.9929687e-01   1.9929687e-01
   4.7000000e+01   1.3000000e+01   1.4365733e-15   2.1640625e-01   2.1640625e-01
   1.0000000e+00   1.4000000e+01   1.2306607e-15   1.7096875e-01   1.7096875e-01
   2.0000000e+00   1.4000000e+01   8.8443854e-16   9.8703125e-02   9.8703125e-02
   3.0000000e+00   1.4000000e+01   1.2051481e-15   1.5735937e-01   1.5735937e-01
   4.0000000e+00   1.4000000e+01   1.6153033e-15   2.5443750e-01   2.5443750e-01
   5.0000000e+00   1.4000000e+01   1.8975113e-15   3.1465625e-01   3.1465625e-01
   6.0000000e+00   1.4000000e+01   2.0800752e-15   3.4579688e-01   3.4579688e-01
   7.0000000e+00   1.4000000e+01   2.1021182e-15   3.5504687e-01   3.5504687e-01
   8.0000000e+00   1.4000000e+01   2.1561484e-15   3.6995312e-01   3.6995312e-01
   9.0000000e+00   1.4000000e+01   2.1428123e-15   3.7731250e-01   3.7731250e-01
   1.0000000e+01   1.4000000e+01   1.9317839e-15   3.3300000e-01   3.3300000e-01
   1.1000000e+01   1.4000000e+01   1.8254091e-15   3.0198437e-01   3.0198437e-01
   1.2000000e+01   1.4000000e+01   2.0435722e-15   3.4478125e-01   3.4478125e-01
   1.3000000e+01   1.4000000e+01   2.1673435e-15   3.8290625e-01   3.8290625e-01
   1.4000000e+01   1.4000000e+01   2.2009821e-15   3.8445312e-01   3.8445312e-01
   1.5000000e+01   1.4000000e+01   2.1401383e-15   3.7134375e-01   3.7134375e-01
   1.6000000e+01   1.4000000e+01   1.9115321e-15   3.1954687e-01   3.1954687e-01
   1.7000000e+01   1.4000000e+01   1.4077981e-15   2.0498437e-01   2.0498437e-01
   1.8000000e+01   1.4000000e+01   8.4765702e-16   9.4593750e-02   9.4593750e-02
   1.9000000e+01   1.4000000e+01   7.0102598e-16   6.3218750e-02   6.3218750e-02
   2.0000000e+01   1.4000000e+01   9.4484343e-16   1.1701562e-01   1.1701562e-01
   2.1000000e+01   1.4000000e+01   1.4207812e-15   2.1989062e-01   2.1989062e-01
   2.2000000e+01   1.4000000e+01   1.8084539e-15   3.0321875e-01   3.0321875e-01
   2.3000000e+01   1.4000000e+01   1.9763651e-15   3.3606250e-01   3.3606250e-01
   2.4000000e+01   1.4000000e+01   2.0400619e-15   3.4454687e-01   3.4454687e-01
   2.5000000e+01   1.4000000e+01   2.0473800e-15   3.4856250e-01   3.4856250e-01
   2.6000000e+01   1.4000000e+01   2.0600849e-15   3.5014062e-01   3.5014062e-01
   2.7000000e+01   1.4000000e+01   1.9296772e-15   3.2646875e-01   3.2646875e-01
   2.8000000e+01   1.4000000e+01   1.7419206e-15   2.9476562e-01   2.9476562e-01
   2.9000000e+01   1.4000000e+01   1.8827032e-15   3.1612500e-01   3.1612500e-01
   3.0000000e+01   1.4000000e+01   2.0911523e-15   3.5937500e-01   3.5937500e-01
   3.1000000e+01   1.4000000e+01   2.1427786e-15   3.6576562e-01   3.6576562e-01
   3.2000000e+01   1.4000000e+01   1.9945067e-15   3.4853125e-01   3.4853125e-01
   3.3000000e+01   1.4000000e+01   1.6608594e-15   2.7554687e-01   2.7554687e-01
   3.4000000e+01   1.4000000e+01   1.0973063e-15   1.5420312e-01   1.5420312e-01
   3.5000000e+01   1.4000000e+01   7.3476863e-16   6.7531250e-02   6.7531250e-02
   3.6000000e+01   1.4000000e+01   7.5315507e-16   7.2953125e-02   7.2953125e-02
   3.7000000e+01   1.4000000e+01   9.6282184e-16   1.1571875e-01   1.1571875e-01
   3.8000000e+01   1.4000000e+01   1.4167032e-15   2.1715625e-01   2.1715625e-01
   3.9000000e+01   1.4000000e+01   1.7978592e-15   2.9815625e-01   2.9815625e-01
   4.0000000e+01   1.4000000e+01   1.9349472e-15   3.3425000e-01   3.3425000e-01
   4.1000000e+01   1.4000000e+01   1.9586250e-15   3.3840625e-01   3.3840625e-01
   4.2000000e+01   1.4000000e+01   1.9175298e-15   3.2400000e-01   3.2400000e-01
   4.3000000e+01   1.4000000e+01   1.8573856e-15   3.0725000e-01   3.0725000e-01
   4.4000000e+01   1.4000000e+01   1.7534215e-15   2.8832812e-01   2.8832812e-01
   4.5000000e+01   1.4000000e+01   1.8324034e-15   3.0751562e-01   3.0751562e-01
   4.6000000e+01   1.4000000e+01   1.9401506e-15   3.4209375e-01   3.4209375e-01
   4.7000000e+01   1.4000000e+01   1.9745495e-15   3.4348437e-01   3.4348437e-01
   1.0000000e+00   1.5000000e+01   1.2569477e-15   1.8635937e-01   1.8635937e-01
   2.0000000e+00   1.5000000e+01   9.1229393e-16   1.0515625e-01   1.0515625e-01
   3.0000000e+00   1.5000000e+01   1.3037244e-15   1.9164062e-01   1.9164062e-01
   4.0000000e+00   1.5000000e+01   1.7158714e-15   2.7598437e-01   2.7598437e-01
   5.0000000e+00   1.5000000e+01   1.9386381e-15   3.3165625e-01   3.3165625e-01
   6.0000000e+00   1.5000000e+01   1.9854597e-15   3.4192187e-01   3.4192187e-01
   7.0000000e+00   1.5000000e+01   1.9759473e-15   3.3460937e-01   3.3460937e-01
   8.0000000e+00   1.5000000e+01   2.0596096e-15   3.4928125e-01   3.4928125e-01
   9.0000000e+00   1.5000000e+01   2.1078220e-15   3.6112500e-01   3.6112500e-01
   1.0000000e+01   1.5000000e+01   1.8501236e-15   3.1154688e-01   3.1154688e-01
   1.1000000e+01   1.5000000e+01   1.6445494e-15   2.7173437e-01   2.7173437e-01
   1.2000000e+01   1.5000000e+01   1.9076827e-15   3.2629687e-01   3.2629687e-01
   1.3000000e+01   1.5000000e+01   2.0800514e-15   3.6648437e-01   3.6648437e-01
   1.4000000e+01   1.5000000e+01   2.0311454e-15   3.5962500e-01   3.5962500e-01
   1.5000000e+01   1.5000000e+01   2.0565940e-15   3.4739062e-01   3.4739062e-01
   1.6000000e+01   1.5000000e+01   1.9986360e-15   3.3284375e-01   3.3284375e-01
   1.7000000e+01   1.5000000e+01   1.7877445e-15   2.8878125e-01   2.8878125e-01
   1.8000000e+01   1.5000000e+01   1.2295411e-15   1.6281250e-01   1.6281250e-01
   1.9000000e+01   1.5000000e+01   8.3837099e-16   8.4859375e-02   8.4859375e-02
   2.0000000e+01   1.5000000e+01   1.2139766e-15   1.7165625e-01   1.7165625e-01
   2.1000000e+01   1.5000000e+01   1.7185516e-15   2.8096875e-01   2.8096875e-01
   2.2000000e+01   1.5000000e+01   1.9328310e-15   3.2754687e-01   3.2754687e-01
   2.3000000e+01   1.5000000e+01   1.9833061e-15   3.2881250e-01   3.2881250e-01
   2.4000000e+01   1.5000000e+01   2.0664888e-15   3.4757812e-01   3.4757812e-01
   2.5000000e+01   1.5000000e+01   2.1659121e-15   3.6945312e-01   3.6945312e-01
   2.6000000e+01   1.5000000e+01   2.1073530e-15   3.6428125e-01   3.6428125e-01
   2.7000000e+01   1.5000000e+01   1.9901796e-15   3.3873437e-01   3.3873437e-01
   2.8000000e+01   1.5000000e+01   1.9128036e-15   3.2046875e-01   3.2046875e-01
   2.9000000e+01   1.5000000e+01   2.0120261e-15   3.4487500e-01   3.4487500e-01
   3.0000000e+01   1.5000000e+01   2.1541370e-15   3.6978125e-01   3.6978125e-01
   3.1000000e+01   1.5000000e+01   2.1274957e-15   3.6467187e-01   3.6467187e-01
   3.2000000e+01   1.5000000e+01   2.0901288e-15   3.5207812e-01   3.5207812e-01
   3.3000000e+01   1.5000000e+01   2.0027209e-15   3.3490625e-01   3.3490625e-01
   3.4000000e+01   1.5000000e+01   1.5155873e-15   2.3026562e-01   2.3026562e-01
   3.5000000e+01   1.5000000e+01   9.8114298e-16   1.1167187e-01   1.1167187e-01
   3.6000000e+01   1.5000000e+01   8.3987810e-16   8.1296875e-02   8.1296875e-02
   3.7000000e+01   1.5000000e+01   1.2429491e-15   1.7046875e-01   1.7046875e-01
   3.8000000e+01   1.5000000e+01   1.7186817e-15   2.8146875e-01   2.8146875e-01
   3.9000000e+01   1.5000000e+01   1.9869695e-15   3.3568750e-01   3.3568750e-01
   4.0000000e+01   1.5000000e+01   2.0476152e-15   3.3981250e-01   3.3981250e-01
   4.1000000e+01   1.5000000e+01   2.0215433e-15   3.4846875e-01   3.4846875e-01
   4.2000000e+01   1.5000000e+01   2.1255233e-15   3.6590625e-01   3.6590625e-01
   4.3000000e+01   1.5000000e+01   2.0578767e-15   3.5960937e-01   3.5960937e-01
   4.4000000e+01   1.5000000e+01   1.8854946e-15   3.2037500e-01   3.2037500e-01
   4.5000000e+01   1.5000000e+01   1.8436841e-15   3.0987500e-01   3.0987500e-01
   4.6000000e+01   1.5000000e+01   2.0384890e-15   3.4182812e-01   3.4182812e-01
   4.7000000e+01   1.5000000e+01   2.2320969e-15   3.8442187e-01   3.8442187e-01
   1.0000000e+00   1.6000000e+01   1.2219889e-15   1.7109375e-01   1.7109375e-01
   2.0000000e+00   1.6000000e+01   8.6741920e-16   9.0515625e-02   9.0515625e-02
   3.0000000e+00   1.6000000e+01   1.2422108e-15   1.7528125e-01   1.7528125e-01
   4.0000000e+00   1.6000000e+01   1.7536086e-15   2.8148438e-01   2.8148438e-01
   5.0000000e+00   1.6000000e+01   1.8858296e-15   3.1164063e-01   3.1164063e-01
   6.0000000e+00   1.6000000e+01   1.9703471e-15   3.2714062e-01   3.2714062e-01
   7.0000000e+00   1.6000000e+01   2.0660936e-15   3.4556250e-01   3.4556250e-01
   8.0000000e+00   1.6000000e+01   2.1286904e-15   3.6360937e-01   3.6360937e-01
   9.0000000e+00   1.6000000e+01   2.0781359e-15   3.6828125e-01   3.6828125e-01
   1.0000000e+01   1.6000000e+01   1.8279006e-15   3.0921875e-01   3.0921875e-01
   1.1000000e+01   1.6000000e+01   1.7241311e-15   2.7532812e-01   2.7532812e-01
   1.2000000e+01   1.6000000e+01   1.9169275e-15   3.3232812e-01   3.3232812e-01
   1.3000000e+01   1.6000000e+01   2.0433898e-15   3.5368750e-01   3.5368750e-01
   1.4000000e+01   1.6000000e+01   2.1866968e-15   3.7298437e-01   3.7298437e-01
   1.5000000e+01   1.6000000e+01   2.1613093e-15   3.7901562e-01   3.7901562e-01
   1.6000000e+01   1.6000000e+01   2.0013107e-15   3.4367187e-01   3.4367187e-01
   1.7000000e+01   1.6000000e+01   1.8345566e-15   2.9607812e-01   2.9607812e-01
   1.8000000e+01   1.6000000e+01   1.4025201e-15   2.0968750e-01   2.0968750e-01
   1.9000000e+01   1.6000000e+01   8.9224609e-16   9.9171875e-02   9.9171875e-02
   2.0000000e+01   1.6000000e+01   1.1913866e-15   1.6835937e-01   1.6835937e-01
   2.1000000e+01   1.6000000e+01   1.7165550e-15   2.7684375e-01   2.7684375e-01
   2.2000000e+01   1.6000000e+01   1.9399087e-15   3.2815625e-01   3.2815625e-01
   2.3000000e+01   1.6000000e+01   1.9841338e-15   3.3432812e-01   3.3432812e-01
   2.4000000e+01   1.6000000e+01   2.0995433e-15   3.4687500e-01   3.4687500e-01
   2.5000000e+01   1.6000000e+01   2.1075089e-15   3.6768750e-01   3.6768750e-01
   2.6000000e+01   1.6000000e+01   2.0017665e-15   3.4281250e-01   3.4281250e-01
   2.7000000e+01   1.6000000e+01   1.9012440e-15   3.1214062e-01   3.1214062e-01
   2.8000000e+01   1.6000000e+01   1.8940525e-15   3.1390625e-01   3.1390625e-01
   2.9000000e+01   1.6000000e+01   1.9562357e-15   3.4787500e-01   3.4787500e-01
   3.0000000e+01   1.6000000e+01   2.0367830e-15   3.5400000e-01   3.5400000e-01
   3.1000000e+01   1.6000000e+01   2.1820016e-15   3.8673437e-01   3.8673437e-01
   3.2000000e+01   1.6000000e+01   2.0410143e-15   3.5231250e-01   3.5231250e-01
   3.3000000e+01   1.6000000e+01   1.9959096e-15   3.3537500e-01   3.3537500e-01
   3.4000000e+01   1.6000000e+01   1.8194011e-15   3.0150000e-01   3.0150000e-01
   3.5000000e+01   1.6000000e+01   1.2140095e-15   1.6306250e-01   1.6306250e-01
   3.6000000e+01   1.6000000e+01   8.8267586e-16   1.0121875e-01   1.0121875e-01
   3.7000000e+01   1.6000000e+01   1.3599283e-15   1.9762500e-01   1.9762500e-01
   3.8000000e+01   1.6000000e+01   1.8276477e-15   2.9396875e-01   2.9396875e-01
   3.9000000e+01   1.6000000e+01   1.9718395e-15   3.2348437e-01   3.2348437e-01
   4.0000000e+01   1.6000000e+01   1.9980113e-15   3.3264062e-01   3.3264062e-01
   4.1000000e+01   1.6000000e+01   1.9949750e-15   3.3748438e-01   3.3748438e-01
   4.2000000e+01   1.6000000e+01   2.0692774e-15   3.5396875e-01   3.5396875e-01
   4.3000000e+01   1.6000000e+01   2.0392116e-15   3.5270312e-01   3.5270312e-01
   4.4000000e+01   1.6000000e+01   1.9049985e-15   3.2018750e-01   3.2018750e-01
   4.5000000e+01   1.6000000e+01   1.8221804e-15   3.0882812e-01   3.0882812e-01
   4.6000000e+01   1.6000000e+01   1.9770274e-15   3.4331250e-01   3.4331250e-01
   4.7000000e+01   1.6000000e+01   2.1308681e-15   3.6668750e-01   3.6668750e-01
   1.0000000e+00   1.7000000e+01   1.0152686e-15   1.3282812e-01   1.3282812e-01
   2.0000000e+00   1.7000000e+01   7.6456383e-16   7.4015625e-02   7.4015625e-02
   3.0000000e+00   1.7000000e+01   9.4855980e-16   1.1059375e-01   1.1059375e-01
   4.0000000e+00   1.7000000e+01   1.5468452e-15   2.3453125e-01   2.3453125e-01
   5.0000000e+00   1.7000000e+01   1.8474646e-15   3.0581250e-01   3.0581250e-01
   6.0000000e+00   1.7000000e+01   2.0017131e-15   3.4262500e-01   3.4262500e-01
   7.0000000e+00   1.7000000e+01   2.0330311e-15   3.4875000e-01   3.4875000e-01
   8.0000000e+00   1.7000000e+01   2.0427089e-15   3.4940625e-01   3.4940625e-01
   9.0000000e+00   1.7000000e+01   2.0055163e-15   3.4610938e-01   3.4610938e-01
   1.0000000e+01   1.7000000e+01   1.9160209e-15   3.2273437e-01   3.2273437e-01
   1.1000000e+01   1.7000000e+01   1.8019187e-15   3.0193750e-01   3.0193750e-01
   1.2000000e+01   1.7000000e+01   1.9092477e-15   3.2410937e-01   3.2410937e-01
   1.3000000e+01   1.7000000e+01   2.0712306e-15   3.5575000e-01   3.5575000e-01
   1.4000000e+01   1.7000000e+01   2.1627774e-15   3.7579687e-01   3.7579687e-01
   1.5000000e+01   1.7000000e+01   2.1595883e-15   3.7300000e-01   3.7300000e-01
   1.6000000e+01   1.7000000e+01   2.1217164e-15   3.5132812e-01   3.5132812e-01
   1.7000000e+01   1.7000000e+01   1.8374491e-15   2.9389062e-01   2.9389062e-01
   1.8000000e+01   1.7000000e+01   1.2981557e-15   1.8332812e-01   1.8332812e-01
   1.9000000e+01   1.7000000e+01   8.7207335e-16   9.1265625e-02   9.1265625e-02
   2.0000000e+01   1.7000000e+01   1.0976471e-15   1.3990625e-01   1.3990625e-01
   2.1000000e+01   1.7000000e+01   1.6559280e-15   2.5351562e-01   2.5351562e-01
   2.2000000e+01   1.7000000e+01   1.9765295e-15   3.1857812e-01   3.1857812e-01
   2.3000000e+01   1.7000000e+01   2.0416005e-15   3.3681250e-01   3.3681250e-01
   2.4000000e+01   1.7000000e+01   2.0811058e-15   3.5518750e-01   3.5518750e-01
   2.5000000e+01   1.7000000e+01   1.9886982e-15   3.3689063e-01   3.3689063e-01
   2.6000000e+01   1.7000000e+01   2.0003925e-15   3.3715625e-01   3.3715625e-01
   2.7000000e+01   1.7000000e+01   1.9236333e-15   3.2025000e-01   3.2025000e-01
   2.8000000e+01   1.7000000e+01   1.8306867e-15   3.1467187e-01   3.1467187e-01
   2.9000000e+01   1.7000000e+01   1.9601001e-15   3.2914062e-01   3.2914062e-01
   3.0000000e+01   1.7000000e+01   2.0650786e-15   3.4935937e-01   3.4935937e-01
   3.1000000e+01   1.7000000e+01   2.0627758e-15   3.4832812e-01   3.4832812e-01
   3.2000000e+01   1.7000000e+01   2.0767090e-15   3.4667187e-01   3.4667187e-01
   3.3000000e+01   1.7000000e+01   1.9801701e-15   3.2820312e-01   3.2820312e-01
   3.4000000e+01   1.7000000e+01   1.7044193e-15   2.7017187e-01   2.7017187e-01
   3.5000000e+01   1.7000000e+01   1.1136397e-15   1.4601562e-01   1.4601562e-01
   3.6000000e+01   1.7000000e+01   8.4384100e-16   8.8250000e-02   8.8250000e-02
   3.7000000e+01   1.7000000e+01   1.2346382e-15   1.6954687e-01   1.6954687e-01
   3.8000000e+01   1.7000000e+01   1.7224893e-15   2.7417187e-01   2.7417187e-01
   3.9000000e+01   1.7000000e+01   1.9447045e-15   3.1760937e-01   3.1760937e-01
   4.0000000e+01   1.7000000e+01   2.0231775e-15   3.3278125e-01   3.3278125e-01
   4.1000000e+01   1.7000000e+01   2.0679379e-15   3.5620312e-01   3.5620312e-01
   4.2000000e+01   1.7000000e+01   2.1297923e-15   3.6621875e-01   3.6621875e-01
   4.3000000e+01   1.7000000e+01   1.9848203e-15   3.4178125e-01   3.4178125e-01
   4.4000000e+01   1.7000000e+01   1.7710990e-15   2.9420312e-01   2.9420312e-01
   4.5000000e+01   1.7000000e+01   1.8697168e-15   3.1096875e-01   3.1096875e-01
   4.6000000e+01   1.7000000e+01   2.1191278e-15   3.6143750e-01   3.6143750e-01
   4.7000000e+01   1.7000000e+01   2.1302177e-15   3.7393750e-01   3.7393750e-01
   1.0000000e+00   1.8000000e+01   8.3799847e-16   8.9046875e-02   8.9046875e-02
   2.0000000e+00   1.8000000e+01   8.3884576e-16   8.3687500e-02   8.3687500e-02
   3.0000000e+00   1.8000000e+01   8.1086506e-16   7.4703125e-02   7.4703125e-02
   4.0000000e+00   1.8000000e+01   9.9426562e-16   1.2395312e-01   1.2395312e-01
   5.0000000e+00   1.8000000e+01   1.4940545e-15   2.2048437e-01   2.2048437e-01
   6.0000000e+00   1.8000000e+01   1.8443449e-15   2.9710937e-01   2.9710937e-01
   7.0000000e+00   1.8000000e+01   1.8993756e-15   3.0610937e-01   3.0610937e-01
   8.0000000e+00   1.8000000e+01   1.8627393e-15   3.0185937e-01   3.0185937e-01
   9.0000000e+00   1.8000000e+01   1.8386765e-15   2.9507812e-01   2.9507812e-01
   1.0000000e+01   1.8000000e+01   1.7498516e-15   2.8654687e-01   2.8654687e-01
   1.1000000e+01   1.8000000e+01   1.6532093e-15   2.7156250e-01   2.7156250e-01
   1.2000000e+01   1.8000000e+01   1.7528896e-15   2.9006250e-01   2.9006250e-01
   1.3000000e+01   1.8000000e+01   1.8939501e-15   3.1706250e-01   3.1706250e-01
   1.4000000e+01   1.8000000e+01   1.9720797e-15   3.2968750e-01   3.2968750e-01
   1.5000000e+01   1.8000000e+01   2.0523442e-15   3.4148437e-01   3.4148437e-01
   1.6000000e+01   1.8000000e+01   1.8227001e-15   2.9357812e-01   2.9357812e-01
   1.7000000e+01   1.8000000e+01   1.4213005e-15   2.1310937e-01   2.1310937e-01
   1.8000000e+01   1.8000000e+01   1.0789085e-15   1.3793750e-01   1.3793750e-01
   1.9000000e+01   1.8000000e+01   8.9141711e-16   1.0001562e-01   1.0001562e-01
   2.0000000e+01   1.8000000e+01   9.1784012e-16   1.0021875e-01   1.0021875e-01
   2.1000000e+01   1.8000000e+01   1.3167520e-15   1.8914062e-01   1.8914062e-01
   2.2000000e+01   1.8000000e+01   1.7603942e-15   2.8625000e-01   2.8625000e-01
   2.3000000e+01   1.8000000e+01   1.9970431e-15   3.3582812e-01   3.3582812e-01
   2.4000000e+01   1.8000000e+01   2.0179471e-15   3.4107812e-01   3.4107812e-01
   2.5000000e+01   1.8000000e+01   2.0012356e-15   3.3989063e-01   3.3989063e-01
   2.6000000e+01   1.8000000e+01   1.9160667e-15   3.1971875e-01   3.1971875e-01
   2.7000000e+01   1.8000000e+01   1.8397097e-15   2.9851562e-01   2.9851562e-01
   2.8000000e+01   1.8000000e+01   1.7663656e-15   2.8645312e-01   2.8645312e-01
   2.9000000e+01   1.8000000e+01   1.8793540e-15   3.0193750e-01   3.0193750e-01
   3.0000000e+01   1.8000000e+01   2.0148169e-15   3.3460937e-01   3.3460937e-01
   3.1000000e+01   1.8000000e+01   2.0288715e-15   3.4476562e-01   3.4476562e-01
   3.2000000e+01   1.8000000e+01   2.0447028e-15   3.4714062e-01   3.4714062e-01
   3.3000000e+01   1.8000000e+01   1.8772618e-15   3.0470312e-01   3.0470312e-01
   3.4000000e+01   1.8000000e+01   1.4952131e-15   2.1504687e-01   2.1504687e-01
   3.5000000e+01   1.8000000e+01   1.0381894e-15   1.1495312e-01   1.1495312e-01
   3.6000000e+01   1.8000000e+01   8.0968156e-16   7.0671875e-02   7.0671875e-02
   3.7000000e+01   1.8000000e+01   1.0042672e-15   1.1523437e-01   1.1523437e-01
   3.8000000e+01   1.8000000e+01   1.5172751e-15   2.2665625e-01   2.2665625e-01
   3.9000000e+01   1.8000000e+01   1.9475605e-15   3.1946875e-01   3.1946875e-01
   4.0000000e+01   1.8000000e+01   2.0857929e-15   3.6057812e-01   3.6057812e-01
   4.1000000e+01   1.8000000e+01   2.1256419e-15   3.6123438e-01   3.6123438e-01
   4.2000000e+01   1.8000000e+01   2.1327052e-15   3.5789062e-01   3.5789062e-01
   4.3000000e+01   1.8000000e+01   1.9961860e-15   3.3946875e-01   3.3946875e-01
   4.4000000e+01   1.8000000e+01   1.7868853e-15   2.9821875e-01   2.9821875e-01
   4.5000000e+01   1.8000000e+01   1.7985665e-15   2.8909375e-01   2.8909375e-01
   4.6000000e+01   1.8000000e+01   1.9889393e-15   3.2628125e-01   3.2628125e-01
   4.7000000e+01   1.8000000e+01   2.1170082e-15   3.5125000e-01   3.5125000e-01
   1.0000000e+00   1.9000000e+01   8.3982895e-16   8.1765625e-02   8.1765625e-02
   2.0000000e+00   1.9000000e+01   1.1100011e-15   1.3634375e-01   1.3634375e-01
   3.0000000e+00   1.9000000e+01   1.0294002e-15   1.2168750e-01   1.2168750e-01
   4.0000000e+00   1.9000000e+01   8.1963765e-16   7.2906250e-02   7.2906250e-02
   5.0000000e+00   1.9000000e+01   1.0338840e-15   1.1179687e-01   1.1179687e-01
   6.0000000e+00   1.9000000e+01   1.3184150e-15   1.7779687e-01   1.7779687e-01
   7.0000000e+00   1.9000000e+01   1.4156125e-15   1.9903125e-01   1.9903125e-01
   8.0000000e+00   1.9000000e+01   1.4508684e-15   2.1004687e-01   2.1004687e-01
   9.0000000e+00   1.9000000e+01   1.4557044e-15   2.0623437e-01   2.0623437e-01
   1.0000000e+01   1.9000000e+01   1.4538855e-15   2.0768750e-01   2.0768750e-01
   1.1000000e+01   1.9000000e+01   1.4095435e-15   2.0121875e-01   2.0121875e-01
   1.2000000e+01   1.9000000e+01   1.4403885e-15   2.1601562e-01   2.1601562e-01
   1.3000000e+01   1.9000000e+01   1.5079105e-15   2.2554687e-01   2.2554687e-01
   1.4000000e+01   1.9000000e+01   1.5911344e-15   2.4410937e-01   2.4410937e-01
   1.5000000e+01   1.9000000e+01   1.5886445e-15   2.3931250e-01   2.3931250e-01
   1.6000000e+01   1.9000000e+01   1.4851639e-15   2.1896875e-01   2.1896875e-01
   1.7000000e+01   1.9000000e+01   1.1653320e-15   1.5176562e-01   1.5176562e-01
   1.8000000e+01   1.9000000e+01   1.1070176e-15   1.3573437e-01   1.3573437e-01
   1.9000000e+01   1.9000000e+01   1.2064180e-15   1.5656250e-01   1.5656250e-01
   2.0000000e+01   1.9000000e+01   1.0300555e-15   1.1615625e-01   1.1615625e-01
   2.1000000e+01   1.9000000e+01   9.5705482e-16   1.0782812e-01   1.0782812e-01
   2.2000000e+01   1.9000000e+01   1.2925052e-15   1.8256250e-01   1.8256250e-01
   2.3000000e+01   1.9000000e+01   1.7053636e-15   2.5975000e-01   2.5975000e-01
   2.4000000e+01   1.9000000e+01   1.8455956e-15   3.0503125e-01   3.0503125e-01
   2.5000000e+01   1.9000000e+01   1.8048355e-15   2.9193750e-01   2.9193750e-01
   2.6000000e+01   1.9000000e+01   1.7439482e-15   2.6539062e-01   2.6539062e-01
   2.7000000e+01   1.9000000e+01   1.7390138e-15   2.7045312e-01   2.7045312e-01
   2.8000000e+01   1.9000000e+01   1.6710292e-15   2.5998437e-01   2.5998437e-01
   2.9000000e+01   1.9000000e+01   1.7357653e-15   2.7068750e-01   2.7068750e-01
   3.0000000e+01   1.9000000e+01   1.8036561e-15   2.8842187e-01   2.8842187e-01
   3.1000000e+01   1.9000000e+01   1.8743641e-15   2.9635937e-01   2.9635937e-01
   3.2000000e+01   1.9000000e+01   1.8417143e-15   2.9156250e-01   2.9156250e-01
   3.3000000e+01   1.9000000e+01   1.6104957e-15   2.3426562e-01   2.3426562e-01
   3.4000000e+01   1.9000000e+01   1.2199375e-15   1.4792187e-01   1.4792187e-01
   3.5000000e+01   1.9000000e+01   9.5868493e-16   9.6062500e-02   9.6062500e-02
   3.6000000e+01   1.9000000e+01   8.8883707e-16   8.6062500e-02   8.6062500e-02
   3.7000000e+01   1.9000000e+01   8.6284653e-16   8.2453125e-02   8.2453125e-02
   3.8000000e+01   1.9000000e+01   1.1711899e-15   1.5089062e-01   1.5089062e-01
   3.9000000e+01   1.9000000e+01   1.7457068e-15   2.7448438e-01   2.7448438e-01
   4.0000000e+01   1.9000000e+01   2.0249733e-15   3.3182812e-01   3.3182812e-01
   4.1000000e+01   1.9000000e+01   1.9886215e-15   3.2640625e-01   3.2640625e-01
   4.2000000e+01   1.9000000e+01   1.9226583e-15   3.1115625e-01   3.1115625e-01
   4.3000000e+01   1.9000000e+01   1.8193356e-15   2.9535937e-01   2.9535937e-01
   4.4000000e+01   1.9000000e+01   1.7239597e-15   2.7637500e-01   2.7637500e-01
   4.5000000e+01   1.9000000e+01   1.8159142e-15   2.8796875e-01   2.8796875e-01
   4.6000000e+01   1.9000000e+01   1.8683628e-15   3.0971875e-01   3.0971875e-01
   4.7000000e+01   1.9000000e+01   1.9443361e-15   3.1493750e-01   3.1493750e-01
   1.0000000e+00   2.0000000e+01   8.4279406e-16   8.1593750e-02   8.1593750e-02
   2.0000000e+00   2.0000000e+01   1.1390653e-15   1.5714062e-01   1.5714062e-01
   3.0000000e+00   2.0000000e+01   1.1335954e-15   1.4535937e-01   1.4535937e-01
   4.0000000e+00   2.0000000e+01   7.8563699e-16   7.3484375e-02   7.3484375e-02
   5.0000000e+00   2.0000000e+01   8.0711502e-16   7.5750000e-02   7.5750000e-02
   6.0000000e+00   2.0000000e+01   1.0492529e-15   1.1951562e-01   1.1951562e-01
   7.0000000e+00   2.0000000e+01   1.0952653e-15   1.3760937e-01   1.3760937e-01
   8.0000000e+00   2.0000000e+01   1.0594335e-15   1.4095312e-01   1.4095312e-01
   9.0000000e+00   2.0000000e+01   1.0503596e-15   1.3442187e-01   1.3442187e-01
   1.0000000e+01   2.0000000e+01   1.0569732e-15   1.2937500e-01   1.2937500e-01
   1.1000000e+01   2.0000000e+01   1.0870385e-15   1.2893750e-01   1.2893750e-01
   1.2000000e+01   2.0000000e+01   1.0469242e-15   1.2945312e-01   1.2945312e-01
   1.3000000e+01   2.0000000e+01   1.0926986e-15   1.3184375e-01   1.3184375e-01
   1.4000000e+01   2.0000000e+01   1.0879715e-15   1.4285937e-01   1.4285937e-01
   1.5000000e+01   2.0000000e+01   1.0502119e-15   1.3420312e-01   1.3420312e-01
   1.6000000e+01   2.0000000e+01   9.2263312e-16   1.0101562e-01   1.0101562e-01
   1.7000000e+01   2.0000000e+01   8.9335943e-16   8.9953125e-02   8.9953125e-02
   1.8000000e+01   2.0000000e+01   1.1732472e-15   1.4982812e-01   1.4982812e-01
   1.9000000e+01   2.0000000e+01   1.4718307e-15   2.1289062e-01   2.1289062e-01
   2.0000000e+01   2.0000000e+01   1.1002680e-15   1.4298437e-01   1.4298437e-01
   2.1000000e+01   2.0000000e+01   8.0738349e-16   7.5281250e-02   7.5281250e-02
   2.2000000e+01   2.0000000e+01   9.4516774e-16   9.9062500e-02   9.9062500e-02
   2.3000000e+01   2.0000000e+01   1.1081030e-15   1.4081250e-01   1.4081250e-01
   2.4000000e+01   2.0000000e+01   1.2576392e-15   1.7079687e-01   1.7079687e-01
   2.5000000e+01   2.0000000e+01   1.2407052e-15   1.6800000e-01   1.6800000e-01
   2.6000000e+01   2.0000000e+01   1.2117905e-15   1.6896875e-01   1.6896875e-01
   2.7000000e+01   2.0000000e+01   1.1446596e-15   1.5107812e-01   1.5107812e-01
   2.8000000e+01   2.0000000e+01   1.1366495e-15   1.4956250e-01   1.4956250e-01
   2.9000000e+01   2.0000000e+01   1.1891364e-15   1.6103125e-01   1.6103125e-01
   3.0000000e+01   2.0000000e+01   1.2489937e-15   1.7940625e-01   1.7940625e-01
   3.1000000e+01   2.0000000e+01   1.2359267e-15   1.7432812e-01   1.7432812e-01
   3.2000000e+01   2.0000000e+01   1.2039011e-15   1.6346875e-01   1.6346875e-01
   3.3000000e+01   2.0000000e+01   9.9633328e-16   1.1895312e-01   1.1895312e-01
   3.4000000e+01   2.0000000e+01   7.7722067e-16   7.7093750e-02   7.7093750e-02
   3.5000000e+01   2.0000000e+01   9.5106196e-16   1.1253125e-01   1.1253125e-01
   3.6000000e+01   2.0000000e+01   1.1124646e-15   1.4132812e-01   1.4132812e-01
   3.7000000e+01   2.0000000e+01   8.5241234e-16   8.6343750e-02   8.6343750e-02
   3.8000000e+01   2.0000000e+01   8.2025562e-16   7.5781250e-02   7.5781250e-02
   3.9000000e+01   2.0000000e+01   1.1350071e-15   1.4750000e-01   1.4750000e-01
   4.0000000e+01   2.0000000e+01   1.3531655e-15   1.8832812e-01   1.8832812e-01
   4.1000000e+01   2.0000000e+01   1.4003559e-15   2.0610937e-01   2.0610937e-01
   4.2000000e+01   2.0000000e+01   1.4297422e-15   2.0559375e-01   2.0559375e-01
   4.3000000e+01   2.0000000e+01   1.3985074e-15   1.9992187e-01   1.9992187e-01
   4.4000000e+01   2.0000000e+01   1.3258269e-15   1.9271875e-01   1.9271875e-01
   4.5000000e+01   2.0000000e+01   1.2900199e-15   1.8803125e-01   1.8803125e-01
   4.6000000e+01   2.0000000e+01   1.3497884e-15   1.9957812e-01   1.9957812e-01
   4.7000000e+01   2.0000000e+01   1.3440565e-15   2.0104687e-01   2.0104687e-01
   1.0000000e+00   2.1000000e+01   7.1815700e-16   7.0843750e-02   7.0843750e-02
   2.0000000e+00   2.1000000e+01   8.6779547e-16   9.6031250e-02   9.6031250e-02
   3.0000000e+00   2.1000000e+01   8.9738928e-16   1.0251562e-01   1.0251562e-01
   4.0000000e+00   2.1000000e+01   1.0038971e-15   1.1523437e-01   1.1523437e-01
   5.0000000e+00   2.1000000e+01   1.2642951e-15   1.8031250e-01   1.8031250e-01
   6.0000000e+00   2.1000000e+01   1.6120725e-15   2.4414062e-01   2.4414062e-01
   7.0000000e+00   2.1000000e+01   1.6717075e-15   2.6095313e-01   2.6095313e-01
   8.0000000e+00   2.1000000e+01   1.6156622e-15   2.6132812e-01   2.6132812e-01
   9.0000000e+00   2.1000000e+01   1.5849654e-15   2.5095313e-01   2.5095313e-01
   1.0000000e+01   2.1000000e+01   1.4577083e-15   2.2267187e-01   2.2267187e-01
   1.1000000e+01   2.1000000e+01   1.2882366e-15   1.9993750e-01   1.9993750e-01
   1.2000000e+01   2.1000000e+01   1.3802852e-15   2.0342187e-01   2.0342187e-01
   1.3000000e+01   2.1000000e+01   1.4156215e-15   2.1131250e-01   2.1131250e-01
   1.4000000e+01   2.1000000e+01   1.4673945e-15   2.2356250e-01   2.2356250e-01
   1.5000000e+01   2.1000000e+01   1.3926772e-15   2.1348437e-01   2.1348437e-01
   1.6000000e+01   2.1000000e+01   1.0527527e-15   1.4039062e-01   1.4039062e-01
   1.7000000e+01   2.1000000e+01   8.1342092e-16   8.7546875e-02   8.7546875e-02
   1.8000000e+01   2.1000000e+01   9.5391427e-16   1.1476562e-01   1.1476562e-01
   1.9000000e+01   2.1000000e+01   1.2054027e-15   1.6268750e-01   1.6268750e-01
   2.0000000e+01   2.1000000e+01   9.5188113e-16   1.2032812e-01   1.2032812e-01
   2.1000000e+01   2.1000000e+01   7.8046141e-16   8.4109375e-02   8.4109375e-02
   2.2000000e+01   2.1000000e+01   1.0085224e-15   1.2598437e-01   1.2598437e-01
   2.3000000e+01   2.1000000e+01   1.1988529e-15   1.6812500e-01   1.6812500e-01
   2.4000000e+01   2.1000000e+01   1.2427676e-15   1.7237500e-01   1.7237500e-01
   2.5000000e+01   2.1000000e+01   1.2089318e-15   1.7048437e-01   1.7048437e-01
   2.6000000e+01   2.1000000e+01   1.2275049e-15   1.6343750e-01   1.6343750e-01
   2.7000000e+01   2.1000000e+01   1.1331089e-15   1.4976562e-01   1.4976562e-01
   2.8000000e+01   2.1000000e+01   1.0766793e-15   1.4114062e-01   1.4114062e-01
   2.9000000e+01   2.1000000e+01   1.1057372e-15   1.4967187e-01   1.4967187e-01
   3.0000000e+01   2.1000000e+01   1.1220532e-15   1.4881250e-01   1.4881250e-01
   3.1000000e+01   2.1000000e+01   1.1015477e-15   1.5095312e-01   1.5095312e-01
   3.2000000e+01   2.1000000e+01   1.0543163e-15   1.3696875e-01   1.3696875e-01
   3.3000000e+01   2.1000000e+01   8.6024406e-16   8.8218750e-02   8.8218750e-02
   3.4000000e+01   2.1000000e+01   7.0302999e-16   5.7531250e-02   5.7531250e-02
   3.5000000e+01   2.1000000e+01   9.5824883e-16   1.0523437e-01   1.0523437e-01
   3.6000000e+01   2.1000000e+01   1.1874268e-15   1.5618750e-01   1.5618750e-01
   3.7000000e+01   2.1000000e+01   9.0301434e-16   1.0331250e-01   1.0331250e-01
   3.8000000e+01   2.1000000e+01   7.6245837e-16   7.0968750e-02   7.0968750e-02
   3.9000000e+01   2.1000000e+01   8.7516746e-16   1.0687500e-01   1.0687500e-01
   4.0000000e+01   2.1000000e+01   1.0234064e-15   1.3415625e-01   1.3415625e-01
   4.1000000e+01   2.1000000e+01   1.0499920e-15   1.3821875e-01   1.3821875e-01
   4.2000000e+01   2.1000000e+01   1.1022880e-15   1.3554687e-01   1.3554687e-01
   4.3000000e+01   2.1000000e+01   1.0194889e-15   1.3301562e-01   1.3301562e-01
   4.4000000e+01   2.1000000e+01   9.9887453e-16   1.3043750e-01   1.3043750e-01
   4.5000000e+01   2.1000000e+01   9.8756891e-16   1.1798437e-01   1.1798437e-01
   4.6000000e+01   2.1000000e+01   1.0240402e-15   1.2879687e-01   1.2879687e-01
   4.7000000e+01   2.1000000e+01   1.0570433e-15   1.4123437e-01   1.4123437e-01
