   1.0000000e+00   1.0000000e+00   7.1250791e-16   4.9609375e-02   4.9609375e-02
   2.0000000e+00   1.0000000e+00   7.1153218e-16   5.1812500e-02   5.1812500e-02
   3.0000000e+00   1.0000000e+00   5.7328576e-16   3.1046875e-02   3.1046875e-02
   4.0000000e+00   1.0000000e+00   6.8621684e-16   4.5328125e-02   4.5328125e-02
   5.0000000e+00   1.0000000e+00   7.6583924e-16   6.9140625e-02   6.9140625e-02
   6.0000000e+00   1.0000000e+00   8.1989818e-16   8.9109375e-02   8.9109375e-02
   7.0000000e+00   1.0000000e+00   8.7692939e-16   9.0343750e-02   9.0343750e-02
   8.0000000e+00   1.0000000e+00   8.7274032e-16   8.2609375e-02   8.2609375e-02
   9.0000000e+00   1.0000000e+00   8.3688670e-16   8.0937500e-02   8.0937500e-02
   1.0000000e+01   1.0000000e+00   7.9433890e-16   7.7015625e-02   7.7015625e-02
   1.1000000e+01   1.0000000e+00   8.6383786e-16   8.1156250e-02   8.1156250e-02
   1.2000000e+01   1.0000000e+00   9.0900882e-16   9.1515625e-02   9.1515625e-02
   1.3000000e+01   1.0000000e+00   9.6138638e-16   1.0954687e-01   1.0954687e-01
   1.4000000e+01   1.0000000e+00   9.8800007e-16   1.0734375e-01   1.0734375e-01
   1.5000000e+01   1.0000000e+00   8.6981536e-16   9.3875000e-02   9.3875000e-02
   1.6000000e+01   1.0000000e+00   6.8106779e-16   4.4437500e-02   4.4437500e-02
   1.7000000e+01   1.0000000e+00   6.0257524e-16   3.0062500e-02   3.0062500e-02
   1.8000000e+01   1.0000000e+00   6.4663083e-16   4.0984375e-02   4.0984375e-02
   1.9000000e+01   1.0000000e+00   6.4794453e-16   3.7859375e-02   3.7859375e-02
   2.0000000e+01   1.0000000e+00   6.2800612e-16   3.8484375e-02   3.8484375e-02
   2.1000000e+01   1.0000000e+00   7.5977908e-16   7.1593750e-02   7.1593750e-02
   2.2000000e+01   1.0000000e+00   9.5133878e-16   1.0842187e-01   1.0842187e-01
   2.3000000e+01   1.0000000e+00   9.9461551e-16   1.1534375e-01   1.1534375e-01
   2.4000000e+01   1.0000000e+00   1.0062004e-15   1.2115625e-01   1.2115625e-01
   2.5000000e+01   1.0000000e+00   9.8067731e-16   1.0937500e-01   1.0937500e-01
   2.6000000e+01   1.0000000e+00   9.6161032e-16   1.0903125e-01   1.0903125e-01
   2.7000000e+01   1.0000000e+00   9.3154630e-16   1.0028125e-01   1.0028125e-01
   2.8000000e+01   1.0000000e+00   9.5077773e-16   9.8828125e-02   9.8828125e-02
   2.9000000e+01   1.0000000e+00   1.0834706e-15   1.2889062e-01   1.2889062e-01
   3.0000000e+01   1.0000000e+00   1.0748117e-15   1.3404687e-01   1.3404687e-01
   3.1000000e+01   1.0000000e+00   1.0843767e-15   1.3301562e-01   1.3301562e-01
   3.2000000e+01   1.0000000e+00   1.0078560e-15   1.1690625e-01   1.1690625e-01
   3.3000000e+01   1.0000000e+00   7.3400422e-16   5.9281250e-02   5.9281250e-02
   3.4000000e+01   1.0000000e+00   6.5091332e-16   4.0140625e-02   4.0140625e-02
   3.5000000e+01   1.0000000e+00   6.7731391e-16   4.7781250e-02   4.7781250e-02
   3.6000000e+01   1.0000000e+00   6.5860716e-16   4.1734375e-02   4.1734375e-02
   3.7000000e+01   1.0000000e+00   7.5096301e-16   5.6906250e-02   5.6906250e-02
   3.8000000e+01   1.0000000e+00   9.6605530e-16   1.0665625e-01   1.0665625e-01
   3.9000000e+01   1.0000000e+00   1.0859538e-15   1.4062500e-01   1.4062500e-01
   4.0000000e+01   1.0000000e+00   1.1072302e-15   1.3229687e-01   1.3229687e-01
   4.1000000e+01   1.0000000e+00   1.0897224e-15   1.3451562e-01   1.3451562e-01
   4.2000000e+01   1.0000000e+00   1.0560805e-15   1.3337500e-01   1.3337500e-01
   4.3000000e+01   1.0000000e+00   9.9716785e-16   1.1657812e-01   1.1657812e-01
   4.4000000e+01   1.0000000e+00   1.0144657e-15   1.1093750e-01   1.1093750e-01
   4.5000000e+01   1.0000000e+00   1.0783581e-15   1.2696875e-01   1.2696875e-01
   4.6000000e+01   1.0000000e+00   1.1540059e-15   1.4478125e-01   1.4478125e-01
   4.7000000e+01   1.0000000e+00   1.2360713e-15   1.6087500e-01   1.6087500e-01
   1.0000000e+00   2.0000000e+00   6.9244110e-16   5.3750000e-02   5.3750000e-02
   2.0000000e+00   2.0000000e+00   7.5286665e-16   5.7421875e-02   5.7421875e-02
   3.0000000e+00   2.0000000e+00   6.2228157e-16   3.6640625e-02   3.6640625e-02
   4.0000000e+00   2.0000000e+00   6.6698607e-16   3.9640625e-02   3.9640625e-02
   5.0000000e+00   2.0000000e+00   6.9235788e-16   5.6015625e-02   5.6015625e-02
   6.0000000e+00   2.0000000e+00   7.8365774e-16   6.3593750e-02   6.3593750e-02
   7.0000000e+00   2.0000000e+00   8.2883511e-16   6.7250000e-02   6.7250000e-02
   8.0000000e+00   2.0000000e+00   7.6312901e-16   6.3390625e-02   6.3390625e-02
   9.0000000e+00   2.0000000e+00   7.6420199e-16   5.8187500e-02   5.8187500e-02
   1.0000000e+01   2.0000000e+00   7.6353808e-16   5.5046875e-02   5.5046875e-02
   1.1000000e+01   2.0000000e+00   7.4522098e-16   5.9765625e-02   5.9765625e-02
   1.2000000e+01   2.0000000e+00   7.5995279e-16   6.0640625e-02   6.0640625e-02
   1.3000000e+01   2.0000000e+00   8.4607371e-16   6.6812500e-02   6.6812500e-02
   1.4000000e+01   2.0000000e+00   7.9069069e-16   6.6750000e-02   6.6750000e-02
   1.5000000e+01   2.0000000e+00   7.2678903e-16   5.4421875e-02   5.4421875e-02
   1.6000000e+01   2.0000000e+00   6.5722242e-16   2.9328125e-02   2.9328125e-02
   1.7000000e+01   2.0000000e+00   6.1882934e-16   2.8500000e-02   2.8500000e-02
   1.8000000e+01   2.0000000e+00   7.0626718e-16   5.4890625e-02   5.4890625e-02
   1.9000000e+01   2.0000000e+00   7.4707571e-16   5.8296875e-02   5.8296875e-02
   2.0000000e+01   2.0000000e+00   6.5209200e-16   3.2078125e-02   3.2078125e-02
   2.1000000e+01   2.0000000e+00   5.9940495e-16   3.3640625e-02   3.3640625e-02
   2.2000000e+01   2.0000000e+00   7.2157908e-16   5.2078125e-02   5.2078125e-02
   2.3000000e+01   2.0000000e+00   7.8065452e-16   6.7062500e-02   6.7062500e-02
   2.4000000e+01   2.0000000e+00   7.8900572e-16   7.3796875e-02   7.3796875e-02
   2.5000000e+01   2.0000000e+00   7.3637630e-16   6.8234375e-02   6.8234375e-02
   2.6000000e+01   2.0000000e+00   7.2524596e-16   6.0671875e-02   6.0671875e-02
   2.7000000e+01   2.0000000e+00   7.5424191e-16   5.7125000e-02   5.7125000e-02
   2.8000000e+01   2.0000000e+00   7.6144308e-16   6.5453125e-02   6.5453125e-02
   2.9000000e+01   2.0000000e+00   7.6690200e-16   7.0750000e-02   7.0750000e-02
   3.0000000e+01   2.0000000e+00   8.0123032e-16   7.4437500e-02   7.4437500e-02
   3.1000000e+01   2.0000000e+00   8.4510383e-16   7.2609375e-02   7.2609375e-02
   3.2000000e+01   2.0000000e+00   7.9648956e-16   5.8296875e-02   5.8296875e-02
   3.3000000e+01   2.0000000e+00   6.8307467e-16   3.5734375e-02   3.5734375e-02
   3.4000000e+01   2.0000000e+00   7.0910747e-16   4.4671875e-02   4.4671875e-02
   3.5000000e+01   2.0000000e+00   8.1124313e-16   8.3500000e-02   8.3500000e-02
   3.6000000e+01   2.0000000e+00   7.6524355e-16   6.3500000e-02   6.3500000e-02
   3.7000000e+01   2.0000000e+00   6.2243215e-16   3.4140625e-02   3.4140625e-02
   3.8000000e+01   2.0000000e+00   6.9444262e-16   4.6765625e-02   4.6765625e-02
   3.9000000e+01   2.0000000e+00   8.2599450e-16   7.9859375e-02   7.9859375e-02
   4.0000000e+01   2.0000000e+00   9.0090339e-16   8.7078125e-02   8.7078125e-02
   4.1000000e+01   2.0000000e+00   8.6701477e-16   8.6734375e-02   8.6734375e-02
   4.2000000e+01   2.0000000e+00   8.1831032e-16   7.5109375e-02   7.5109375e-02
   4.3000000e+01   2.0000000e+00   8.1744872e-16   7.7296875e-02   7.7296875e-02
   4.4000000e+01   2.0000000e+00   8.4733434e-16   6.7687500e-02   6.7687500e-02
   4.5000000e+01   2.0000000e+00   8.3108611e-16   7.7718750e-02   7.7718750e-02
   4.6000000e+01   2.0000000e+00   9.1737475e-16   8.9625000e-02   8.9625000e-02
   4.7000000e+01   2.0000000e+00   9.2928590e-16   9.2359375e-02   9.2359375e-02
   1.0000000e+00   3.0000000e+00   6.7596574e-16   3.2156250e-02   3.2156250e-02
   2.0000000e+00   3.0000000e+00   6.8677849e-16   4.0578125e-02   4.0578125e-02
   3.0000000e+00   3.0000000e+00   6.4803606e-16   3.7968750e-02   3.7968750e-02
   4.0000000e+00   3.0000000e+00   7.5475507e-16   6.3937500e-02   6.3937500e-02
   5.0000000e+00   3.0000000e+00   9.4020548e-16   1.0142187e-01   1.0142187e-01
   6.0000000e+00   3.0000000e+00   1.0612237e-15   1.2650000e-01   1.2650000e-01
   7.0000000e+00   3.0000000e+00   1.0208119e-15   1.1590625e-01   1.1590625e-01
   8.0000000e+00   3.0000000e+00   1.0092005e-15   1.1739062e-01   1.1739062e-01
   9.0000000e+00   3.0000000e+00   9.8259771e-16   1.0131250e-01   1.0131250e-01
   1.0000000e+01   3.0000000e+00   9.2024555e-16   9.6015625e-02   9.6015625e-02
   1.1000000e+01   3.0000000e+00   9.0712366e-16   8.9656250e-02   8.9656250e-02
   1.2000000e+01   3.0000000e+00   9.7134410e-16   1.1103125e-01   1.1103125e-01
   1.3000000e+01   3.0000000e+00   9.9192860e-16   1.1220312e-01   1.1220312e-01
   1.4000000e+01   3.0000000e+00   1.0356910e-15   1.1462500e-01   1.1462500e-01
   1.5000000e+01   3.0000000e+00   9.2776011e-16   1.0028125e-01   1.0028125e-01
   1.6000000e+01   3.0000000e+00   6.9214295e-16   4.9718750e-02   4.9718750e-02
   1.7000000e+01   3.0000000e+00   6.1943708e-16   2.9171875e-02   2.9171875e-02
   1.8000000e+01   3.0000000e+00   6.4872755e-16   4.4140625e-02   4.4140625e-02
   1.9000000e+01   3.0000000e+00   7.0889728e-16   5.7515625e-02   5.7515625e-02
   2.0000000e+01   3.0000000e+00   6.5058774e-16   3.4765625e-02   3.4765625e-02
   2.1000000e+01   3.0000000e+00   6.7958052e-16   4.3625000e-02   4.3625000e-02
   2.2000000e+01   3.0000000e+00   7.6563372e-16   7.0109375e-02   7.0109375e-02
   2.3000000e+01   3.0000000e+00   8.5593915e-16   8.1328125e-02   8.1328125e-02
   2.4000000e+01   3.0000000e+00   8.3798121e-16   8.3218750e-02   8.3218750e-02
   2.5000000e+01   3.0000000e+00   8.4484498e-16   7.5750000e-02   7.5750000e-02
   2.6000000e+01   3.0000000e+00   7.9900587e-16   7.7890625e-02   7.7890625e-02
   2.7000000e+01   3.0000000e+00   7.5764425e-16   6.0187500e-02   6.0187500e-02
   2.8000000e+01   3.0000000e+00   8.0329136e-16   6.6640625e-02   6.6640625e-02
   2.9000000e+01   3.0000000e+00   8.3873984e-16   7.4937500e-02   7.4937500e-02
   3.0000000e+01   3.0000000e+00   8.7158361e-16   8.0968750e-02   8.0968750e-02
   3.1000000e+01   3.0000000e+00   8.0497217e-16   7.7125000e-02   7.7125000e-02
   3.2000000e+01   3.0000000e+00   7.9603182e-16   6.0515625e-02   6.0515625e-02
   3.3000000e+01   3.0000000e+00   6.6530623e-16   3.6437500e-02   3.6437500e-02
   3.4000000e+01   3.0000000e+00   7.0903193e-16   3.9765625e-02   3.9765625e-02
   3.5000000e+01   3.0000000e+00   8.8852097e-16   8.7546875e-02   8.7546875e-02
   3.6000000e+01   3.0000000e+00   8.4002653e-16   7.5031250e-02   7.5031250e-02
   3.7000000e+01   3.0000000e+00   6.7058728e-16   3.3281250e-02   3.3281250e-02
   3.8000000e+01   3.0000000e+00   6.4393178e-16   3.6812500e-02   3.6812500e-02
   3.9000000e+01   3.0000000e+00   7.6084010e-16   5.4171875e-02   5.4171875e-02
   4.0000000e+01   3.0000000e+00   8.3649422e-16   6.9484375e-02   6.9484375e-02
   4.1000000e+01   3.0000000e+00   7.9256682e-16   6.5859375e-02   6.5859375e-02
   4.2000000e+01   3.0000000e+00   8.2256788e-16   6.6671875e-02   6.6671875e-02
   4.3000000e+01   3.0000000e+00   7.6555130e-16   5.4765625e-02   5.4765625e-02
   4.4000000e+01   3.0000000e+00   7.2826727e-16   5.6109375e-02   5.6109375e-02
   4.5000000e+01   3.0000000e+00   7.6446876e-16   5.6515625e-02   5.6515625e-02
   4.6000000e+01   3.0000000e+00   8.2677334e-16   6.3937500e-02   6.3937500e-02
   4.7000000e+01   3.0000000e+00   7.8340281e-16   7.3734375e-02   7.3734375e-02
   1.0000000e+00   4.0000000e+00   6.2605660e-16   3.3781250e-02   3.3781250e-02
   2.0000000e+00   4.0000000e+00   6.2550998e-16   3.0000000e-02   3.0000000e-02
   3.0000000e+00   4.0000000e+00   7.2579306e-16   5.6421875e-02   5.6421875e-02
   4.0000000e+00   4.0000000e+00   9.8933674e-16   1.0464062e-01   1.0464062e-01
   5.0000000e+00   4.0000000e+00   1.1822161e-15   1.5932812e-01   1.5932812e-01
   6.0000000e+00   4.0000000e+00   1.2728603e-15   1.6950000e-01   1.6950000e-01
   7.0000000e+00   4.0000000e+00   1.3084672e-15   1.8234375e-01   1.8234375e-01
   8.0000000e+00   4.0000000e+00   1.2676046e-15   1.7020312e-01   1.7020312e-01
   9.0000000e+00   4.0000000e+00   1.2668163e-15   1.7226562e-01   1.7226562e-01
   1.0000000e+01   4.0000000e+00   1.1034167e-15   1.4060937e-01   1.4060937e-01
   1.1000000e+01   4.0000000e+00   1.1150961e-15   1.3493750e-01   1.3493750e-01
   1.2000000e+01   4.0000000e+00   1.2342876e-15   1.6857812e-01   1.6857812e-01
   1.3000000e+01   4.0000000e+00   1.3134321e-15   1.7943750e-01   1.7943750e-01
   1.4000000e+01   4.0000000e+00   1.3845559e-15   1.9682812e-01   1.9682812e-01
   1.5000000e+01   4.0000000e+00   1.2798638e-15   1.7082812e-01   1.7082812e-01
   1.6000000e+01   4.0000000e+00   1.0806036e-15   1.2684375e-01   1.2684375e-01
   1.7000000e+01   4.0000000e+00   7.4634392e-16   5.4437500e-02   5.4437500e-02
   1.8000000e+01   4.0000000e+00   6.2297918e-16   2.9203125e-02   2.9203125e-02
   1.9000000e+01   4.0000000e+00   5.9831657e-16   2.8125000e-02   2.8125000e-02
   2.0000000e+01   4.0000000e+00   6.9619541e-16   3.7609375e-02   3.7609375e-02
   2.1000000e+01   4.0000000e+00   8.3666116e-16   8.3078125e-02   8.3078125e-02
   2.2000000e+01   4.0000000e+00   1.0459318e-15   1.3103125e-01   1.3103125e-01
   2.3000000e+01   4.0000000e+00   1.1371592e-15   1.4510937e-01   1.4510937e-01
   2.4000000e+01   4.0000000e+00   1.2171824e-15   1.5581250e-01   1.5581250e-01
   2.5000000e+01   4.0000000e+00   1.1657863e-15   1.4540625e-01   1.4540625e-01
   2.6000000e+01   4.0000000e+00   1.1444711e-15   1.4032812e-01   1.4032812e-01
   2.7000000e+01   4.0000000e+00   1.0144981e-15   1.1960937e-01   1.1960937e-01
   2.8000000e+01   4.0000000e+00   1.0250011e-15   1.1582812e-01   1.1582812e-01
   2.9000000e+01   4.0000000e+00   1.1688819e-15   1.4775000e-01   1.4775000e-01
   3.0000000e+01   4.0000000e+00   1.1600824e-15   1.5564062e-01   1.5564062e-01
   3.1000000e+01   4.0000000e+00   1.2060627e-15   1.5050000e-01   1.5050000e-01
   3.2000000e+01   4.0000000e+00   1.1482476e-15   1.4193750e-01   1.4193750e-01
   3.3000000e+01   4.0000000e+00   8.6097577e-16   7.9812500e-02   7.9812500e-02
   3.4000000e+01   4.0000000e+00   6.9080760e-16   4.2937500e-02   4.2937500e-02
   3.5000000e+01   4.0000000e+00   6.7347595e-16   4.2218750e-02   4.2218750e-02
   3.6000000e+01   4.0000000e+00   7.1725720e-16   4.7703125e-02   4.7703125e-02
   3.7000000e+01   4.0000000e+00   6.1652814e-16   3.4796875e-02   3.4796875e-02
   3.8000000e+01   4.0000000e+00   8.0530140e-16   6.5203125e-02   6.5203125e-02
   3.9000000e+01   4.0000000e+00   1.0384732e-15   1.1496875e-01   1.1496875e-01
   4.0000000e+01   4.0000000e+00   1.0918543e-15   1.3134375e-01   1.3134375e-01
   4.1000000e+01   4.0000000e+00   1.1221727e-15   1.2248437e-01   1.2248437e-01
   4.2000000e+01   4.0000000e+00   1.0591699e-15   1.2567187e-01   1.2567187e-01
   4.3000000e+01   4.0000000e+00   1.0163560e-15   1.0904687e-01   1.0904687e-01
   4.4000000e+01   4.0000000e+00   9.5750090e-16   1.0051562e-01   1.0051562e-01
   4.5000000e+01   4.0000000e+00   1.0172752e-15   1.0521875e-01   1.0521875e-01
   4.6000000e+01   4.0000000e+00   1.0680959e-15   1.2667187e-01   1.2667187e-01
   4.7000000e+01   4.0000000e+00   1.0810087e-15   1.2678125e-01   1.2678125e-01
   1.0000000e+00   5.0000000e+00   6.9730229e-16   5.9343750e-02   5.9343750e-02
   2.0000000e+00   5.0000000e+00   6.5778599e-16   3.1750000e-02   3.1750000e-02
   3.0000000e+00   5.0000000e+00   8.0839605e-16   7.2015625e-02   7.2015625e-02
   4.0000000e+00   5.0000000e+00   1.0684142e-15   1.1771875e-01   1.1771875e-01
   5.0000000e+00   5.0000000e+00   1.1954672e-15   1.5790625e-01   1.5790625e-01
   6.0000000e+00   5.0000000e+00   1.2834143e-15   1.6931250e-01   1.6931250e-01
   7.0000000e+00   5.0000000e+00   1.3115637e-15   1.7654687e-01   1.7654687e-01
   8.0000000e+00   5.0000000e+00   1.3249269e-15   1.8954687e-01   1.8954687e-01
   9.0000000e+00   5.0000000e+00   1.3687725e-15   1.8196875e-01   1.8196875e-01
   1.0000000e+01   5.0000000e+00   1.1523451e-15   1.4517187e-01   1.4517187e-01
   1.1000000e+01   5.0000000e+00   1.1258456e-15   1.4629687e-01   1.4629687e-01
   1.2000000e+01   5.0000000e+00   1.2709629e-15   1.6759375e-01   1.6759375e-01
   1.3000000e+01   5.0000000e+00   1.4125567e-15   2.0139062e-01   2.0139062e-01
   1.4000000e+01   5.0000000e+00   1.4757574e-15   2.0823437e-01   2.0823437e-01
   1.5000000e+01   5.0000000e+00   1.3851456e-15   1.9884375e-01   1.9884375e-01
   1.6000000e+01   5.0000000e+00   1.2933761e-15   1.6095312e-01   1.6095312e-01
   1.7000000e+01   5.0000000e+00   9.6783987e-16   1.0084375e-01   1.0084375e-01
   1.8000000e+01   5.0000000e+00   7.1475959e-16   4.4140625e-02   4.4140625e-02
   1.9000000e+01   5.0000000e+00   5.9345759e-16   2.2328125e-02   2.2328125e-02
   2.0000000e+01   5.0000000e+00   7.2324550e-16   5.1250000e-02   5.1250000e-02
   2.1000000e+01   5.0000000e+00   9.2103225e-16   1.0634375e-01   1.0634375e-01
   2.2000000e+01   5.0000000e+00   1.1536708e-15   1.4832812e-01   1.4832812e-01
   2.3000000e+01   5.0000000e+00   1.2529894e-15   1.7232812e-01   1.7232812e-01
   2.4000000e+01   5.0000000e+00   1.2770735e-15   1.7570312e-01   1.7570312e-01
   2.5000000e+01   5.0000000e+00   1.3295804e-15   1.7562500e-01   1.7562500e-01
   2.6000000e+01   5.0000000e+00   1.2978495e-15   1.6860937e-01   1.6860937e-01
   2.7000000e+01   5.0000000e+00   1.1499154e-15   1.4112500e-01   1.4112500e-01
   2.8000000e+01   5.0000000e+00   1.0466711e-15   1.2960937e-01   1.2960937e-01
   2.9000000e+01   5.0000000e+00   1.2348049e-15   1.7145312e-01   1.7145312e-01
   3.0000000e+01   5.0000000e+00   1.3320103e-15   1.8481250e-01   1.8481250e-01
   3.1000000e+01   5.0000000e+00   1.3463150e-15   1.9671875e-01   1.9671875e-01
   3.2000000e+01   5.0000000e+00   1.3281292e-15   1.8035937e-01   1.8035937e-01
   3.3000000e+01   5.0000000e+00   1.1023725e-15   1.4021875e-01   1.4021875e-01
   3.4000000e+01   5.0000000e+00   8.4025230e-16   7.3687500e-02   7.3687500e-02
   3.5000000e+01   5.0000000e+00   6.1816349e-16   3.2406250e-02   3.2406250e-02
   3.6000000e+01   5.0000000e+00   6.3968380e-16   2.8515625e-02   2.8515625e-02
   3.7000000e+01   5.0000000e+00   6.6926678e-16   4.9171875e-02   4.9171875e-02
   3.8000000e+01   5.0000000e+00   9.4371360e-16   9.8000000e-02   9.8000000e-02
   3.9000000e+01   5.0000000e+00   1.1571155e-15   1.5718750e-01   1.5718750e-01
   4.0000000e+01   5.0000000e+00   1.2166260e-15   1.6485937e-01   1.6485937e-01
   4.1000000e+01   5.0000000e+00   1.2884293e-15   1.7293750e-01   1.7293750e-01
   4.2000000e+01   5.0000000e+00   1.2500445e-15   1.6300000e-01   1.6300000e-01
   4.3000000e+01   5.0000000e+00   1.1967471e-15   1.6040625e-01   1.6040625e-01
   4.4000000e+01   5.0000000e+00   1.0401494e-15   1.2693750e-01   1.2693750e-01
   4.5000000e+01   5.0000000e+00   1.1392811e-15   1.4459375e-01   1.4459375e-01
   4.6000000e+01   5.0000000e+00   1.2736643e-15   1.6407812e-01   1.6407812e-01
   4.7000000e+01   5.0000000e+00   1.3436228e-15   1.8579687e-01   1.8579687e-01
   1.0000000e+00   6.0000000e+00   8.3158818e-16   8.4484375e-02   8.4484375e-02
   2.0000000e+00   6.0000000e+00   6.8957143e-16   3.9031250e-02   3.9031250e-02
   3.0000000e+00   6.0000000e+00   8.2795284e-16   8.1062500e-02   8.1062500e-02
   4.0000000e+00   6.0000000e+00   9.9318317e-16   1.2550000e-01   1.2550000e-01
   5.0000000e+00   6.0000000e+00   1.1550781e-15   1.4951562e-01   1.4951562e-01
   6.0000000e+00   6.0000000e+00   1.2093222e-15   1.5514062e-01   1.5514062e-01
   7.0000000e+00   6.0000000e+00   1.3068868e-15   1.7795312e-01   1.7795312e-01
   8.0000000e+00   6.0000000e+00   1.3143860e-15   1.8135937e-01   1.8135937e-01
   9.0000000e+00   6.0000000e+00   1.3920639e-15   1.8784375e-01   1.8784375e-01
   1.0000000e+01   6.0000000e+00   1.1860119e-15   1.6448437e-01   1.6448437e-01
   1.1000000e+01   6.0000000e+00   1.1939595e-15   1.5592187e-01   1.5592187e-01
   1.2000000e+01   6.0000000e+00   1.2905460e-15   1.7232812e-01   1.7232812e-01
   1.3000000e+01   6.0000000e+00   1.3944259e-15   2.0082812e-01   2.0082812e-01
   1.4000000e+01   6.0000000e+00   1.3779762e-15   1.9518750e-01   1.9518750e-01
   1.5000000e+01   6.0000000e+00   1.3749348e-15   1.9520312e-01   1.9520312e-01
   1.6000000e+01   6.0000000e+00   1.2479542e-15   1.6853125e-01   1.6853125e-01
   1.7000000e+01   6.0000000e+00   1.1128833e-15   1.3918750e-01   1.3918750e-01
   1.8000000e+01   6.0000000e+00   8.3498701e-16   7.9328125e-02   7.9328125e-02
   1.9000000e+01   6.0000000e+00   6.2546707e-16   3.1000000e-02   3.1000000e-02
   2.0000000e+01   6.0000000e+00   7.6398669e-16   7.0968750e-02   7.0968750e-02
   2.1000000e+01   6.0000000e+00   9.9639268e-16   1.1956250e-01   1.1956250e-01
   2.2000000e+01   6.0000000e+00   1.1429096e-15   1.5450000e-01   1.5450000e-01
   2.3000000e+01   6.0000000e+00   1.1545997e-15   1.5304687e-01   1.5304687e-01
   2.4000000e+01   6.0000000e+00   1.2850089e-15   1.7425000e-01   1.7425000e-01
   2.5000000e+01   6.0000000e+00   1.3203122e-15   1.8190625e-01   1.8190625e-01
   2.6000000e+01   6.0000000e+00   1.3063615e-15   1.8239062e-01   1.8239062e-01
   2.7000000e+01   6.0000000e+00   1.1110751e-15   1.3546875e-01   1.3546875e-01
   2.8000000e+01   6.0000000e+00   1.0327693e-15   1.2243750e-01   1.2243750e-01
   2.9000000e+01   6.0000000e+00   1.1730320e-15   1.5321875e-01   1.5321875e-01
   3.0000000e+01   6.0000000e+00   1.3514236e-15   2.0157812e-01   2.0157812e-01
   3.1000000e+01   6.0000000e+00   1.3457866e-15   1.9143750e-01   1.9143750e-01
   3.2000000e+01   6.0000000e+00   1.3442613e-15   1.9289062e-01   1.9289062e-01
   3.3000000e+01   6.0000000e+00   1.2670440e-15   1.6923437e-01   1.6923437e-01
   3.4000000e+01   6.0000000e+00   1.0506414e-15   1.2096875e-01   1.2096875e-01
   3.5000000e+01   6.0000000e+00   6.9919391e-16   5.3718750e-02   5.3718750e-02
   3.6000000e+01   6.0000000e+00   6.4550835e-16   3.0796875e-02   3.0796875e-02
   3.7000000e+01   6.0000000e+00   7.7350282e-16   6.9390625e-02   6.9390625e-02
   3.8000000e+01   6.0000000e+00   1.1049978e-15   1.2890625e-01   1.2890625e-01
   3.9000000e+01   6.0000000e+00   1.2123407e-15   1.5829687e-01   1.5829687e-01
   4.0000000e+01   6.0000000e+00   1.3061319e-15   1.7671875e-01   1.7671875e-01
   4.1000000e+01   6.0000000e+00   1.2908399e-15   1.7651562e-01   1.7651562e-01
   4.2000000e+01   6.0000000e+00   1.3574387e-15   1.9329687e-01   1.9329687e-01
   4.3000000e+01   6.0000000e+00   1.2608459e-15   1.7010937e-01   1.7010937e-01
   4.4000000e+01   6.0000000e+00   1.1118173e-15   1.4535937e-01   1.4535937e-01
   4.5000000e+01   6.0000000e+00   1.1926567e-15   1.5223437e-01   1.5223437e-01
   4.6000000e+01   6.0000000e+00   1.2998406e-15   1.7709375e-01   1.7709375e-01
   4.7000000e+01   6.0000000e+00   1.4902649e-15   2.1268750e-01   2.1268750e-01
   1.0000000e+00   7.0000000e+00   9.2103459e-16   8.8875000e-02   8.8875000e-02
   2.0000000e+00   7.0000000e+00   6.5831100e-16   3.5609375e-02   3.5609375e-02
   3.0000000e+00   7.0000000e+00   8.3053613e-16   7.3562500e-02   7.3562500e-02
   4.0000000e+00   7.0000000e+00   1.0086573e-15   1.1782812e-01   1.1782812e-01
   5.0000000e+00   7.0000000e+00   1.1398058e-15   1.3670312e-01   1.3670312e-01
   6.0000000e+00   7.0000000e+00   1.1591963e-15   1.4868750e-01   1.4868750e-01
   7.0000000e+00   7.0000000e+00   1.2842871e-15   1.6478125e-01   1.6478125e-01
   8.0000000e+00   7.0000000e+00   1.3167747e-15   1.7426562e-01   1.7426562e-01
   9.0000000e+00   7.0000000e+00   1.3681291e-15   1.8853125e-01   1.8853125e-01
   1.0000000e+01   7.0000000e+00   1.2415270e-15   1.6989062e-01   1.6989062e-01
   1.1000000e+01   7.0000000e+00   1.2143498e-15   1.5281250e-01   1.5281250e-01
   1.2000000e+01   7.0000000e+00   1.2968491e-15   1.7771875e-01   1.7771875e-01
   1.3000000e+01   7.0000000e+00   1.3521233e-15   1.8712500e-01   1.8712500e-01
   1.4000000e+01   7.0000000e+00   1.4240699e-15   2.1151562e-01   2.1151562e-01
   1.5000000e+01   7.0000000e+00   1.3859585e-15   1.8750000e-01   1.8750000e-01
   1.6000000e+01   7.0000000e+00   1.2856173e-15   1.7540625e-01   1.7540625e-01
   1.7000000e+01   7.0000000e+00   1.1222246e-15   1.3975000e-01   1.3975000e-01
   1.8000000e+01   7.0000000e+00   8.8736869e-16   9.1265625e-02   9.1265625e-02
   1.9000000e+01   7.0000000e+00   6.7484754e-16   4.0484375e-02   4.0484375e-02
   2.0000000e+01   7.0000000e+00   8.1003367e-16   7.4609375e-02   7.4609375e-02
   2.1000000e+01   7.0000000e+00   1.0266033e-15   1.2003125e-01   1.2003125e-01
   2.2000000e+01   7.0000000e+00   1.1288516e-15   1.4476562e-01   1.4476562e-01
   2.3000000e+01   7.0000000e+00   1.1182466e-15   1.4596875e-01   1.4596875e-01
   2.4000000e+01   7.0000000e+00   1.2100713e-15   1.6009375e-01   1.6009375e-01
   2.5000000e+01   7.0000000e+00   1.3127533e-15   1.9003125e-01   1.9003125e-01
   2.6000000e+01   7.0000000e+00   1.2819789e-15   1.8309375e-01   1.8309375e-01
   2.7000000e+01   7.0000000e+00   1.1119616e-15   1.4223437e-01   1.4223437e-01
   2.8000000e+01   7.0000000e+00   1.0086378e-15   1.2398437e-01   1.2398437e-01
   2.9000000e+01   7.0000000e+00   1.1589893e-15   1.4498437e-01   1.4498437e-01
   3.0000000e+01   7.0000000e+00   1.4164239e-15   2.0006250e-01   2.0006250e-01
   3.1000000e+01   7.0000000e+00   1.3756509e-15   1.9915625e-01   1.9915625e-01
   3.2000000e+01   7.0000000e+00   1.3120072e-15   1.8004687e-01   1.8004687e-01
   3.3000000e+01   7.0000000e+00   1.2330348e-15   1.7359375e-01   1.7359375e-01
   3.4000000e+01   7.0000000e+00   1.1113521e-15   1.3884375e-01   1.3884375e-01
   3.5000000e+01   7.0000000e+00   8.3843335e-16   7.1656250e-02   7.1656250e-02
   3.6000000e+01   7.0000000e+00   6.5025227e-16   3.9750000e-02   3.9750000e-02
   3.7000000e+01   7.0000000e+00   8.1736842e-16   7.6031250e-02   7.6031250e-02
   3.8000000e+01   7.0000000e+00   1.0641127e-15   1.3065625e-01   1.3065625e-01
   3.9000000e+01   7.0000000e+00   1.1697037e-15   1.4876562e-01   1.4876562e-01
   4.0000000e+01   7.0000000e+00   1.2070571e-15   1.6317187e-01   1.6317187e-01
   4.1000000e+01   7.0000000e+00   1.2969011e-15   1.7415625e-01   1.7415625e-01
   4.2000000e+01   7.0000000e+00   1.4015365e-15   1.9854687e-01   1.9854687e-01
   4.3000000e+01   7.0000000e+00   1.2835147e-15   1.8104687e-01   1.8104687e-01
   4.4000000e+01   7.0000000e+00   1.1584392e-15   1.4489062e-01   1.4489062e-01
   4.5000000e+01   7.0000000e+00   1.1993248e-15   1.4715625e-01   1.4715625e-01
   4.6000000e+01   7.0000000e+00   1.3066460e-15   1.8485937e-01   1.8485937e-01
   4.7000000e+01   7.0000000e+00   1.4125610e-15   2.0407812e-01   2.0407812e-01
   1.0000000e+00   8.0000000e+00   8.5262692e-16   7.2125000e-02   7.2125000e-02
   2.0000000e+00   8.0000000e+00   6.0241765e-16   3.4234375e-02   3.4234375e-02
   3.0000000e+00   8.0000000e+00   7.2110830e-16   4.5343750e-02   4.5343750e-02
   4.0000000e+00   8.0000000e+00   9.0412749e-16   1.0242187e-01   1.0242187e-01
   5.0000000e+00   8.0000000e+00   1.1006116e-15   1.3470312e-01   1.3470312e-01
   6.0000000e+00   8.0000000e+00   1.2060066e-15   1.5840625e-01   1.5840625e-01
   7.0000000e+00   8.0000000e+00   1.1873169e-15   1.5054687e-01   1.5054687e-01
   8.0000000e+00   8.0000000e+00   1.2890114e-15   1.8093750e-01   1.8093750e-01
   9.0000000e+00   8.0000000e+00   1.2865857e-15   1.7632812e-01   1.7632812e-01
   1.0000000e+01   8.0000000e+00   1.2274251e-15   1.6959375e-01   1.6959375e-01
   1.1000000e+01   8.0000000e+00   1.1048924e-15   1.3690625e-01   1.3690625e-01
   1.2000000e+01   8.0000000e+00   1.1943257e-15   1.6015625e-01   1.6015625e-01
   1.3000000e+01   8.0000000e+00   1.2852895e-15   1.7934375e-01   1.7934375e-01
   1.4000000e+01   8.0000000e+00   1.4238282e-15   2.0348437e-01   2.0348437e-01
   1.5000000e+01   8.0000000e+00   1.3581305e-15   1.9250000e-01   1.9250000e-01
   1.6000000e+01   8.0000000e+00   1.2434271e-15   1.6559375e-01   1.6559375e-01
   1.7000000e+01   8.0000000e+00   1.1245745e-15   1.4284375e-01   1.4284375e-01
   1.8000000e+01   8.0000000e+00   8.8321913e-16   9.3484375e-02   9.3484375e-02
   1.9000000e+01   8.0000000e+00   6.6406962e-16   3.8953125e-02   3.8953125e-02
   2.0000000e+01   8.0000000e+00   7.5779228e-16   5.2890625e-02   5.2890625e-02
   2.1000000e+01   8.0000000e+00   9.5806689e-16   1.1426562e-01   1.1426562e-01
   2.2000000e+01   8.0000000e+00   1.1000539e-15   1.3128125e-01   1.3128125e-01
   2.3000000e+01   8.0000000e+00   1.1732180e-15   1.4953125e-01   1.4953125e-01
   2.4000000e+01   8.0000000e+00   1.1995278e-15   1.5204687e-01   1.5204687e-01
   2.5000000e+01   8.0000000e+00   1.3413502e-15   1.7837500e-01   1.7837500e-01
   2.6000000e+01   8.0000000e+00   1.2709984e-15   1.7898437e-01   1.7898437e-01
   2.7000000e+01   8.0000000e+00   1.1740202e-15   1.5057812e-01   1.5057812e-01
   2.8000000e+01   8.0000000e+00   1.0462820e-15   1.3025000e-01   1.3025000e-01
   2.9000000e+01   8.0000000e+00   1.1389903e-15   1.4142187e-01   1.4142187e-01
   3.0000000e+01   8.0000000e+00   1.3636794e-15   1.8500000e-01   1.8500000e-01
   3.1000000e+01   8.0000000e+00   1.4014599e-15   1.9676562e-01   1.9676562e-01
   3.2000000e+01   8.0000000e+00   1.3391414e-15   1.8920312e-01   1.8920312e-01
   3.3000000e+01   8.0000000e+00   1.2568398e-15   1.6876562e-01   1.6876562e-01
   3.4000000e+01   8.0000000e+00   1.0914437e-15   1.3732812e-01   1.3732812e-01
   3.5000000e+01   8.0000000e+00   8.3458210e-16   8.2781250e-02   8.2781250e-02
   3.6000000e+01   8.0000000e+00   6.2559319e-16   3.6234375e-02   3.6234375e-02
   3.7000000e+01   8.0000000e+00   7.8680884e-16   6.7640625e-02   6.7640625e-02
   3.8000000e+01   8.0000000e+00   9.8341524e-16   1.1682812e-01   1.1682812e-01
   3.9000000e+01   8.0000000e+00   1.1090364e-15   1.3854687e-01   1.3854687e-01
   4.0000000e+01   8.0000000e+00   1.2079986e-15   1.5910937e-01   1.5910937e-01
   4.1000000e+01   8.0000000e+00   1.2847681e-15   1.8004687e-01   1.8004687e-01
   4.2000000e+01   8.0000000e+00   1.3326959e-15   1.9059375e-01   1.9059375e-01
   4.3000000e+01   8.0000000e+00   1.2767525e-15   1.7164062e-01   1.7164062e-01
   4.4000000e+01   8.0000000e+00   1.2181728e-15   1.5117187e-01   1.5117187e-01
   4.5000000e+01   8.0000000e+00   1.1262053e-15   1.4710937e-01   1.4710937e-01
   4.6000000e+01   8.0000000e+00   1.2861067e-15   1.7275000e-01   1.7275000e-01
   4.7000000e+01   8.0000000e+00   1.3836967e-15   1.9845312e-01   1.9845312e-01
   1.0000000e+00   9.0000000e+00   7.4723582e-16   5.0265625e-02   5.0265625e-02
   2.0000000e+00   9.0000000e+00   6.4139611e-16   3.7859375e-02   3.7859375e-02
   3.0000000e+00   9.0000000e+00   6.9401883e-16   3.7343750e-02   3.7343750e-02
   4.0000000e+00   9.0000000e+00   8.0461109e-16   6.3406250e-02   6.3406250e-02
   5.0000000e+00   9.0000000e+00   1.0026024e-15   1.1653125e-01   1.1653125e-01
   6.0000000e+00   9.0000000e+00   1.1389723e-15   1.4887500e-01   1.4887500e-01
   7.0000000e+00   9.0000000e+00   1.1578432e-15   1.4810937e-01   1.4810937e-01
   8.0000000e+00   9.0000000e+00   1.2216381e-15   1.5528125e-01   1.5528125e-01
   9.0000000e+00   9.0000000e+00   1.2615750e-15   1.6307812e-01   1.6307812e-01
   1.0000000e+01   9.0000000e+00   1.2336661e-15   1.5684375e-01   1.5684375e-01
   1.1000000e+01   9.0000000e+00   1.1383068e-15   1.5053125e-01   1.5053125e-01
   1.2000000e+01   9.0000000e+00   1.1838080e-15   1.5750000e-01   1.5750000e-01
   1.3000000e+01   9.0000000e+00   1.2634135e-15   1.7350000e-01   1.7350000e-01
   1.4000000e+01   9.0000000e+00   1.3473092e-15   1.7875000e-01   1.7875000e-01
   1.5000000e+01   9.0000000e+00   1.3377450e-15   1.7856250e-01   1.7856250e-01
   1.6000000e+01   9.0000000e+00   1.2582779e-15   1.7157812e-01   1.7157812e-01
   1.7000000e+01   9.0000000e+00   1.0728436e-15   1.2485937e-01   1.2485937e-01
   1.8000000e+01   9.0000000e+00   8.1198902e-16   6.8968750e-02   6.8968750e-02
   1.9000000e+01   9.0000000e+00   6.2365278e-16   3.3609375e-02   3.3609375e-02
   2.0000000e+01   9.0000000e+00   6.5255568e-16   3.5187500e-02   3.5187500e-02
   2.1000000e+01   9.0000000e+00   8.5611100e-16   7.8828125e-02   7.8828125e-02
   2.2000000e+01   9.0000000e+00   1.0676693e-15   1.2601562e-01   1.2601562e-01
   2.3000000e+01   9.0000000e+00   1.2068706e-15   1.4871875e-01   1.4871875e-01
   2.4000000e+01   9.0000000e+00   1.1626714e-15   1.4776562e-01   1.4776562e-01
   2.5000000e+01   9.0000000e+00   1.2170550e-15   1.5531250e-01   1.5531250e-01
   2.6000000e+01   9.0000000e+00   1.2040461e-15   1.5706250e-01   1.5706250e-01
   2.7000000e+01   9.0000000e+00   1.1788596e-15   1.5137500e-01   1.5137500e-01
   2.8000000e+01   9.0000000e+00   1.0353922e-15   1.3268750e-01   1.3268750e-01
   2.9000000e+01   9.0000000e+00   1.1068386e-15   1.3845312e-01   1.3845312e-01
   3.0000000e+01   9.0000000e+00   1.2430328e-15   1.7665625e-01   1.7665625e-01
   3.1000000e+01   9.0000000e+00   1.3279069e-15   1.7692187e-01   1.7692187e-01
   3.2000000e+01   9.0000000e+00   1.3019016e-15   1.7415625e-01   1.7415625e-01
   3.3000000e+01   9.0000000e+00   1.1895084e-15   1.6250000e-01   1.6250000e-01
   3.4000000e+01   9.0000000e+00   1.0854961e-15   1.2462500e-01   1.2462500e-01
   3.5000000e+01   9.0000000e+00   8.5247808e-16   7.1796875e-02   7.1796875e-02
   3.6000000e+01   9.0000000e+00   6.6189913e-16   3.5843750e-02   3.5843750e-02
   3.7000000e+01   9.0000000e+00   7.0010587e-16   5.0171875e-02   5.0171875e-02
   3.8000000e+01   9.0000000e+00   9.4487189e-16   9.7218750e-02   9.7218750e-02
   3.9000000e+01   9.0000000e+00   1.1304467e-15   1.4317187e-01   1.4317187e-01
   4.0000000e+01   9.0000000e+00   1.2450763e-15   1.6348437e-01   1.6348437e-01
   4.1000000e+01   9.0000000e+00   1.2495427e-15   1.6160937e-01   1.6160937e-01
   4.2000000e+01   9.0000000e+00   1.2424682e-15   1.6223437e-01   1.6223437e-01
   4.3000000e+01   9.0000000e+00   1.3219221e-15   1.7278125e-01   1.7278125e-01
   4.4000000e+01   9.0000000e+00   1.1563595e-15   1.5529687e-01   1.5529687e-01
   4.5000000e+01   9.0000000e+00   1.0727317e-15   1.3210937e-01   1.3210937e-01
   4.6000000e+01   9.0000000e+00   1.1854899e-15   1.5120312e-01   1.5120312e-01
   4.7000000e+01   9.0000000e+00   1.3654273e-15   1.8848437e-01   1.8848437e-01
   1.0000000e+00   1.0000000e+01   7.0237014e-16   3.8171875e-02   3.8171875e-02
   2.0000000e+00   1.0000000e+01   7.9261078e-16   6.8140625e-02   6.8140625e-02
   3.0000000e+00   1.0000000e+01   7.6049242e-16   6.5359375e-02   6.5359375e-02
   4.0000000e+00   1.0000000e+01   6.6963629e-16   4.1203125e-02   4.1203125e-02
   5.0000000e+00   1.0000000e+01   7.2142008e-16   5.8312500e-02   5.8312500e-02
   6.0000000e+00   1.0000000e+01   9.4336536e-16   9.5671875e-02   9.5671875e-02
   7.0000000e+00   1.0000000e+01   9.6834369e-16   1.1668750e-01   1.1668750e-01
   8.0000000e+00   1.0000000e+01   1.0201924e-15   1.1723437e-01   1.1723437e-01
   9.0000000e+00   1.0000000e+01   1.0457209e-15   1.2237500e-01   1.2237500e-01
   1.0000000e+01   1.0000000e+01   9.4788464e-16   1.1657812e-01   1.1657812e-01
   1.1000000e+01   1.0000000e+01   9.4819815e-16   1.0285937e-01   1.0285937e-01
   1.2000000e+01   1.0000000e+01   9.3801452e-16   1.1212500e-01   1.1212500e-01
   1.3000000e+01   1.0000000e+01   9.7502198e-16   1.1912500e-01   1.1912500e-01
   1.4000000e+01   1.0000000e+01   1.1073026e-15   1.3460937e-01   1.3460937e-01
   1.5000000e+01   1.0000000e+01   1.1368558e-15   1.4571875e-01   1.4571875e-01
   1.6000000e+01   1.0000000e+01   1.0067509e-15   1.1934375e-01   1.1934375e-01
   1.7000000e+01   1.0000000e+01   8.3874615e-16   8.1765625e-02   8.1765625e-02
   1.8000000e+01   1.0000000e+01   6.2279510e-16   4.0500000e-02   4.0500000e-02
   1.9000000e+01   1.0000000e+01   7.0700597e-16   4.3859375e-02   4.3859375e-02
   2.0000000e+01   1.0000000e+01   6.9135230e-16   4.3687500e-02   4.3687500e-02
   2.1000000e+01   1.0000000e+01   6.5039014e-16   4.4812500e-02   4.4812500e-02
   2.2000000e+01   1.0000000e+01   8.2841321e-16   7.6921875e-02   7.6921875e-02
   2.3000000e+01   1.0000000e+01   1.0741438e-15   1.2453125e-01   1.2453125e-01
   2.4000000e+01   1.0000000e+01   1.0995196e-15   1.4071875e-01   1.4071875e-01
   2.5000000e+01   1.0000000e+01   1.0910321e-15   1.3340625e-01   1.3340625e-01
   2.6000000e+01   1.0000000e+01   1.0391356e-15   1.2598437e-01   1.2598437e-01
   2.7000000e+01   1.0000000e+01   1.0277965e-15   1.1885937e-01   1.1885937e-01
   2.8000000e+01   1.0000000e+01   1.0138268e-15   1.1479687e-01   1.1479687e-01
   2.9000000e+01   1.0000000e+01   1.0362171e-15   1.2629687e-01   1.2629687e-01
   3.0000000e+01   1.0000000e+01   1.0744078e-15   1.3546875e-01   1.3546875e-01
   3.1000000e+01   1.0000000e+01   1.1690403e-15   1.4706250e-01   1.4706250e-01
   3.2000000e+01   1.0000000e+01   1.2150457e-15   1.5468750e-01   1.5468750e-01
   3.3000000e+01   1.0000000e+01   1.1340808e-15   1.4392187e-01   1.4392187e-01
   3.4000000e+01   1.0000000e+01   9.3355319e-16   9.4437500e-02   9.4437500e-02
   3.5000000e+01   1.0000000e+01   7.2280245e-16   5.9062500e-02   5.9062500e-02
   3.6000000e+01   1.0000000e+01   6.7669585e-16   4.3328125e-02   4.3328125e-02
   3.7000000e+01   1.0000000e+01   6.7194516e-16   3.9218750e-02   3.9218750e-02
   3.8000000e+01   1.0000000e+01   7.4808412e-16   6.4203125e-02   6.4203125e-02
   3.9000000e+01   1.0000000e+01   1.0052041e-15   1.2128125e-01   1.2128125e-01
   4.0000000e+01   1.0000000e+01   1.1160894e-15   1.5259375e-01   1.5259375e-01
   4.1000000e+01   1.0000000e+01   1.1707183e-15   1.4803125e-01   1.4803125e-01
   4.2000000e+01   1.0000000e+01   1.1603752e-15   1.5421875e-01   1.5421875e-01
   4.3000000e+01   1.0000000e+01   1.1248801e-15   1.4656250e-01   1.4656250e-01
   4.4000000e+01   1.0000000e+01   1.0988935e-15   1.4275000e-01   1.4275000e-01
   4.5000000e+01   1.0000000e+01   1.0514066e-15   1.2387500e-01   1.2387500e-01
   4.6000000e+01   1.0000000e+01   1.1291013e-15   1.4476562e-01   1.4476562e-01
   4.7000000e+01   1.0000000e+01   1.2288036e-15   1.5843750e-01   1.5843750e-01
   1.0000000e+00   1.1000000e+01   6.4944041e-16   3.5281250e-02   3.5281250e-02
   2.0000000e+00   1.1000000e+01   8.0562723e-16   7.7140625e-02   7.7140625e-02
   3.0000000e+00   1.1000000e+01   9.0516354e-16   8.8796875e-02   8.8796875e-02
   4.0000000e+00   1.1000000e+01   7.0285454e-16   4.9781250e-02   4.9781250e-02
   5.0000000e+00   1.1000000e+01   6.6150469e-16   3.3812500e-02   3.3812500e-02
   6.0000000e+00   1.1000000e+01   6.8130584e-16   5.3687500e-02   5.3687500e-02
   7.0000000e+00   1.1000000e+01   7.6605732e-16   6.2046875e-02   6.2046875e-02
   8.0000000e+00   1.1000000e+01   8.3401286e-16   7.3828125e-02   7.3828125e-02
   9.0000000e+00   1.1000000e+01   7.8341893e-16   6.4921875e-02   6.4921875e-02
   1.0000000e+01   1.1000000e+01   8.0457103e-16   6.7093750e-02   6.7093750e-02
   1.1000000e+01   1.1000000e+01   7.5156141e-16   5.8718750e-02   5.8718750e-02
   1.2000000e+01   1.1000000e+01   7.6519216e-16   5.9656250e-02   5.9656250e-02
   1.3000000e+01   1.1000000e+01   7.7716493e-16   6.6187500e-02   6.6187500e-02
   1.4000000e+01   1.1000000e+01   8.3798380e-16   7.2359375e-02   7.2359375e-02
   1.5000000e+01   1.1000000e+01   8.8953094e-16   7.7203125e-02   7.7203125e-02
   1.6000000e+01   1.1000000e+01   7.8223893e-16   6.9046875e-02   6.9046875e-02
   1.7000000e+01   1.1000000e+01   6.4801803e-16   4.2250000e-02   4.2250000e-02
   1.8000000e+01   1.1000000e+01   6.4710853e-16   3.3312500e-02   3.3312500e-02
   1.9000000e+01   1.1000000e+01   7.9957133e-16   6.6406250e-02   6.6406250e-02
   2.0000000e+01   1.1000000e+01   8.2031244e-16   7.8859375e-02   7.8859375e-02
   2.1000000e+01   1.1000000e+01   6.0178493e-16   3.4312500e-02   3.4312500e-02
   2.2000000e+01   1.1000000e+01   6.7525674e-16   3.5062500e-02   3.5062500e-02
   2.3000000e+01   1.1000000e+01   7.3807914e-16   6.7718750e-02   6.7718750e-02
   2.4000000e+01   1.1000000e+01   8.3317680e-16   8.3625000e-02   8.3625000e-02
   2.5000000e+01   1.1000000e+01   8.9424608e-16   8.0421875e-02   8.0421875e-02
   2.6000000e+01   1.1000000e+01   8.7353016e-16   8.3609375e-02   8.3609375e-02
   2.7000000e+01   1.1000000e+01   8.3703150e-16   7.7484375e-02   7.7484375e-02
   2.8000000e+01   1.1000000e+01   8.0689574e-16   7.1828125e-02   7.1828125e-02
   2.9000000e+01   1.1000000e+01   8.3079065e-16   7.6625000e-02   7.6625000e-02
   3.0000000e+01   1.1000000e+01   8.8078408e-16   8.6484375e-02   8.6484375e-02
   3.1000000e+01   1.1000000e+01   9.2306422e-16   9.5750000e-02   9.5750000e-02
   3.2000000e+01   1.1000000e+01   9.3771524e-16   9.5515625e-02   9.5515625e-02
   3.3000000e+01   1.1000000e+01   8.7389497e-16   8.8156250e-02   8.8156250e-02
   3.4000000e+01   1.1000000e+01   7.5024856e-16   5.3171875e-02   5.3171875e-02
   3.5000000e+01   1.1000000e+01   7.9710331e-16   5.6281250e-02   5.6281250e-02
   3.6000000e+01   1.1000000e+01   8.6888245e-16   8.2656250e-02   8.2656250e-02
   3.7000000e+01   1.1000000e+01   8.0493010e-16   6.3031250e-02   6.3031250e-02
   3.8000000e+01   1.1000000e+01   6.6149686e-16   3.7750000e-02   3.7750000e-02
   3.9000000e+01   1.1000000e+01   7.4955843e-16   6.2968750e-02   6.2968750e-02
   4.0000000e+01   1.1000000e+01   9.3877604e-16   1.0162500e-01   1.0162500e-01
   4.1000000e+01   1.1000000e+01   9.9369088e-16   1.1312500e-01   1.1312500e-01
   4.2000000e+01   1.1000000e+01   9.6140225e-16   1.0582812e-01   1.0582812e-01
   4.3000000e+01   1.1000000e+01   9.3467111e-16   1.0160937e-01   1.0160937e-01
   4.4000000e+01   1.1000000e+01   9.3779159e-16   9.3078125e-02   9.3078125e-02
   4.5000000e+01   1.1000000e+01   9.3516714e-16   9.2953125e-02   9.2953125e-02
   4.6000000e+01   1.1000000e+01   9.4104312e-16   9.8593750e-02   9.8593750e-02
   4.7000000e+01   1.1000000e+01   1.0056186e-15   1.0614062e-01   1.0614062e-01
   1.0000000e+00   1.2000000e+01   7.1727839e-16   4.6000000e-02   4.6000000e-02
   2.0000000e+00   1.2000000e+01   7.6277756e-16   5.6281250e-02   5.6281250e-02
   3.0000000e+00   1.2000000e+01   7.8841614e-16   6.2437500e-02   6.2437500e-02
   4.0000000e+00   1.2000000e+01   7.2231640e-16   4.9687500e-02   4.9687500e-02
   5.0000000e+00   1.2000000e+01   7.6318496e-16   5.6625000e-02   5.6625000e-02
   6.0000000e+00   1.2000000e+01   9.2910431e-16   8.4718750e-02   8.4718750e-02
   7.0000000e+00   1.2000000e+01   9.5366993e-16   9.8578125e-02   9.8578125e-02
   8.0000000e+00   1.2000000e+01   1.0132806e-15   1.0020312e-01   1.0020312e-01
   9.0000000e+00   1.2000000e+01   9.7398105e-16   1.0510937e-01   1.0510937e-01
   1.0000000e+01   1.2000000e+01   9.7996067e-16   9.8031250e-02   9.8031250e-02
   1.1000000e+01   1.2000000e+01   8.8653262e-16   8.3828125e-02   8.3828125e-02
   1.2000000e+01   1.2000000e+01   8.3789718e-16   8.0734375e-02   8.0734375e-02
   1.3000000e+01   1.2000000e+01   9.1072622e-16   8.5015625e-02   8.5015625e-02
   1.4000000e+01   1.2000000e+01   9.8145520e-16   9.7843750e-02   9.7843750e-02
   1.5000000e+01   1.2000000e+01   9.2750944e-16   9.6640625e-02   9.6640625e-02
   1.6000000e+01   1.2000000e+01   8.8891585e-16   7.7562500e-02   7.7562500e-02
   1.7000000e+01   1.2000000e+01   7.5726539e-16   5.0187500e-02   5.0187500e-02
   1.8000000e+01   1.2000000e+01   6.2325836e-16   3.0734375e-02   3.0734375e-02
   1.9000000e+01   1.2000000e+01   7.2399729e-16   5.2500000e-02   5.2500000e-02
   2.0000000e+01   1.2000000e+01   8.5550960e-16   7.5140625e-02   7.5140625e-02
   2.1000000e+01   1.2000000e+01   6.9353805e-16   4.2687500e-02   4.2687500e-02
   2.2000000e+01   1.2000000e+01   6.2481809e-16   3.1687500e-02   3.1687500e-02
   2.3000000e+01   1.2000000e+01   7.4917376e-16   5.2203125e-02   5.2203125e-02
   2.4000000e+01   1.2000000e+01   8.3779112e-16   6.9140625e-02   6.9140625e-02
   2.5000000e+01   1.2000000e+01   8.3360612e-16   7.3421875e-02   7.3421875e-02
   2.6000000e+01   1.2000000e+01   8.1058044e-16   6.5187500e-02   6.5187500e-02
   2.7000000e+01   1.2000000e+01   7.9587072e-16   6.5343750e-02   6.5343750e-02
   2.8000000e+01   1.2000000e+01   7.5308518e-16   5.8562500e-02   5.8562500e-02
   2.9000000e+01   1.2000000e+01   7.6785789e-16   5.6328125e-02   5.6328125e-02
   3.0000000e+01   1.2000000e+01   8.1450034e-16   6.5078125e-02   6.5078125e-02
   3.1000000e+01   1.2000000e+01   8.4370536e-16   7.3875000e-02   7.3875000e-02
   3.2000000e+01   1.2000000e+01   8.5922710e-16   7.1218750e-02   7.1218750e-02
   3.3000000e+01   1.2000000e+01   8.2414754e-16   5.8437500e-02   5.8437500e-02
   3.4000000e+01   1.2000000e+01   6.6266878e-16   3.9781250e-02   3.9781250e-02
   3.5000000e+01   1.2000000e+01   7.4247387e-16   5.1437500e-02   5.1437500e-02
   3.6000000e+01   1.2000000e+01   8.6091912e-16   8.9625000e-02   8.9625000e-02
   3.7000000e+01   1.2000000e+01   8.5919508e-16   8.4875000e-02   8.4875000e-02
   3.8000000e+01   1.2000000e+01   7.0091547e-16   4.2546875e-02   4.2546875e-02
   3.9000000e+01   1.2000000e+01   6.4771651e-16   3.3406250e-02   3.3406250e-02
   4.0000000e+01   1.2000000e+01   7.2266053e-16   5.3296875e-02   5.3296875e-02
   4.1000000e+01   1.2000000e+01   7.8686492e-16   6.3265625e-02   6.3265625e-02
   4.2000000e+01   1.2000000e+01   8.2336141e-16   6.0375000e-02   6.0375000e-02
   4.3000000e+01   1.2000000e+01   8.0013751e-16   6.1453125e-02   6.1453125e-02
   4.4000000e+01   1.2000000e+01   7.8664559e-16   5.8140625e-02   5.8140625e-02
   4.5000000e+01   1.2000000e+01   7.7348102e-16   5.4750000e-02   5.4750000e-02
   4.6000000e+01   1.2000000e+01   7.6947646e-16   5.8750000e-02   5.8750000e-02
   4.7000000e+01   1.2000000e+01   7.7301335e-16   6.4093750e-02   6.4093750e-02
   1.0000000e+00   1.3000000e+01   9.2888330e-16   9.1734375e-02   9.1734375e-02
   2.0000000e+00   1.3000000e+01   7.6175290e-16   4.7187500e-02   4.7187500e-02
   3.0000000e+00   1.3000000e+01   7.3008261e-16   4.0203125e-02   4.0203125e-02
   4.0000000e+00   1.3000000e+01   7.3216848e-16   5.7468750e-02   5.7468750e-02
   5.0000000e+00   1.3000000e+01   9.0152212e-16   9.3203125e-02   9.3203125e-02
   6.0000000e+00   1.3000000e+01   1.1171411e-15   1.4165625e-01   1.4165625e-01
   7.0000000e+00   1.3000000e+01   1.2385747e-15   1.6043750e-01   1.6043750e-01
   8.0000000e+00   1.3000000e+01   1.2873778e-15   1.6878125e-01   1.6878125e-01
   9.0000000e+00   1.3000000e+01   1.3093178e-15   1.7245312e-01   1.7245312e-01
   1.0000000e+01   1.3000000e+01   1.2243340e-15   1.5367187e-01   1.5367187e-01
   1.1000000e+01   1.3000000e+01   1.1531232e-15   1.4007812e-01   1.4007812e-01
   1.2000000e+01   1.3000000e+01   1.0599816e-15   1.3254687e-01   1.3254687e-01
   1.3000000e+01   1.3000000e+01   1.1999975e-15   1.4706250e-01   1.4706250e-01
   1.4000000e+01   1.3000000e+01   1.3459576e-15   1.7759375e-01   1.7759375e-01
   1.5000000e+01   1.3000000e+01   1.3418483e-15   1.8407812e-01   1.8407812e-01
   1.6000000e+01   1.3000000e+01   1.2126299e-15   1.5784375e-01   1.5784375e-01
   1.7000000e+01   1.3000000e+01   1.0799677e-15   1.2437500e-01   1.2437500e-01
   1.8000000e+01   1.3000000e+01   7.5831079e-16   6.0750000e-02   6.0750000e-02
   1.9000000e+01   1.3000000e+01   6.5028217e-16   3.2234375e-02   3.2234375e-02
   2.0000000e+01   1.3000000e+01   6.5966652e-16   3.3656250e-02   3.3656250e-02
   2.1000000e+01   1.3000000e+01   6.9109319e-16   3.6625000e-02   3.6625000e-02
   2.2000000e+01   1.3000000e+01   7.9678179e-16   6.6031250e-02   6.6031250e-02
   2.3000000e+01   1.3000000e+01   9.8518366e-16   1.1712500e-01   1.1712500e-01
   2.4000000e+01   1.3000000e+01   1.1514869e-15   1.4123437e-01   1.4123437e-01
   2.5000000e+01   1.3000000e+01   1.1533470e-15   1.4820312e-01   1.4820312e-01
   2.6000000e+01   1.3000000e+01   1.1177520e-15   1.3617187e-01   1.3617187e-01
   2.7000000e+01   1.3000000e+01   1.1379963e-15   1.3307812e-01   1.3307812e-01
   2.8000000e+01   1.3000000e+01   9.9931711e-16   1.2151562e-01   1.2151562e-01
   2.9000000e+01   1.3000000e+01   1.0042823e-15   1.1298437e-01   1.1298437e-01
   3.0000000e+01   1.3000000e+01   1.0986464e-15   1.3529687e-01   1.3529687e-01
   3.1000000e+01   1.3000000e+01   1.1191867e-15   1.4056250e-01   1.4056250e-01
   3.2000000e+01   1.3000000e+01   1.1712982e-15   1.4348437e-01   1.4348437e-01
   3.3000000e+01   1.3000000e+01   1.1089033e-15   1.3890625e-01   1.3890625e-01
   3.4000000e+01   1.3000000e+01   8.5206821e-16   8.2531250e-02   8.2531250e-02
   3.5000000e+01   1.3000000e+01   7.0872529e-16   4.1609375e-02   4.1609375e-02
   3.6000000e+01   1.3000000e+01   6.8415390e-16   4.8843750e-02   4.8843750e-02
   3.7000000e+01   1.3000000e+01   7.0836573e-16   5.3781250e-02   5.3781250e-02
   3.8000000e+01   1.3000000e+01   6.7519146e-16   3.9015625e-02   3.9015625e-02
   3.9000000e+01   1.3000000e+01   7.9612191e-16   5.9578125e-02   5.9578125e-02
   4.0000000e+01   1.3000000e+01   9.9325490e-16   1.0428125e-01   1.0428125e-01
   4.1000000e+01   1.3000000e+01   1.0298693e-15   1.1875000e-01   1.1875000e-01
   4.2000000e+01   1.3000000e+01   1.0242085e-15   1.1920312e-01   1.1920312e-01
   4.3000000e+01   1.3000000e+01   9.4411698e-16   1.1159375e-01   1.1159375e-01
   4.4000000e+01   1.3000000e+01   9.3743930e-16   1.0109375e-01   1.0109375e-01
   4.5000000e+01   1.3000000e+01   9.3043544e-16   9.1218750e-02   9.1218750e-02
   4.6000000e+01   1.3000000e+01   9.3130025e-16   9.1921875e-02   9.1921875e-02
   4.7000000e+01   1.3000000e+01   1.0116354e-15   1.1062500e-01   1.1062500e-01
   1.0000000e+00   1.4000000e+01   1.1487770e-15   1.3581250e-01   1.3581250e-01
   2.0000000e+00   1.4000000e+01   8.2670161e-16   7.2859375e-02   7.2859375e-02
   3.0000000e+00   1.4000000e+01   6.6637084e-16   4.0109375e-02   4.0109375e-02
   4.0000000e+00   1.4000000e+01   8.1774257e-16   6.9203125e-02   6.9203125e-02
   5.0000000e+00   1.4000000e+01   9.7882855e-16   1.1671875e-01   1.1671875e-01
   6.0000000e+00   1.4000000e+01   1.2201375e-15   1.6262500e-01   1.6262500e-01
   7.0000000e+00   1.4000000e+01   1.2320161e-15   1.6087500e-01   1.6087500e-01
   8.0000000e+00   1.4000000e+01   1.2953152e-15   1.6931250e-01   1.6931250e-01
   9.0000000e+00   1.4000000e+01   1.3688530e-15   1.9068750e-01   1.9068750e-01
   1.0000000e+01   1.4000000e+01   1.3158626e-15   1.7557812e-01   1.7557812e-01
   1.1000000e+01   1.4000000e+01   1.1836059e-15   1.5260937e-01   1.5260937e-01
   1.2000000e+01   1.4000000e+01   1.0691499e-15   1.2689062e-01   1.2689062e-01
   1.3000000e+01   1.4000000e+01   1.1995371e-15   1.5900000e-01   1.5900000e-01
   1.4000000e+01   1.4000000e+01   1.3832883e-15   1.9245312e-01   1.9245312e-01
   1.5000000e+01   1.4000000e+01   1.4691195e-15   2.1028125e-01   2.1028125e-01
   1.6000000e+01   1.4000000e+01   1.3324054e-15   1.8373437e-01   1.8373437e-01
   1.7000000e+01   1.4000000e+01   1.2919915e-15   1.6828125e-01   1.6828125e-01
   1.8000000e+01   1.4000000e+01   9.3204002e-16   1.0940625e-01   1.0940625e-01
   1.9000000e+01   1.4000000e+01   6.9650900e-16   4.9187500e-02   4.9187500e-02
   2.0000000e+01   1.4000000e+01   5.9381106e-16   2.7125000e-02   2.7125000e-02
   2.1000000e+01   1.4000000e+01   7.2757373e-16   5.3359375e-02   5.3359375e-02
   2.2000000e+01   1.4000000e+01   9.9853087e-16   1.1228125e-01   1.1228125e-01
   2.3000000e+01   1.4000000e+01   1.1520011e-15   1.5518750e-01   1.5518750e-01
   2.4000000e+01   1.4000000e+01   1.2808555e-15   1.7553125e-01   1.7553125e-01
   2.5000000e+01   1.4000000e+01   1.2761585e-15   1.8185937e-01   1.8185937e-01
   2.6000000e+01   1.4000000e+01   1.2621126e-15   1.7290625e-01   1.7290625e-01
   2.7000000e+01   1.4000000e+01   1.3250055e-15   1.7335937e-01   1.7335937e-01
   2.8000000e+01   1.4000000e+01   1.1875597e-15   1.5051562e-01   1.5051562e-01
   2.9000000e+01   1.4000000e+01   1.1260957e-15   1.4451562e-01   1.4451562e-01
   3.0000000e+01   1.4000000e+01   1.2261764e-15   1.6356250e-01   1.6356250e-01
   3.1000000e+01   1.4000000e+01   1.3973206e-15   2.0296875e-01   2.0296875e-01
   3.2000000e+01   1.4000000e+01   1.3409973e-15   1.9071875e-01   1.9071875e-01
   3.3000000e+01   1.4000000e+01   1.3761260e-15   1.8570312e-01   1.8570312e-01
   3.4000000e+01   1.4000000e+01   1.1803650e-15   1.5153125e-01   1.5153125e-01
   3.5000000e+01   1.4000000e+01   8.5888770e-16   7.6140625e-02   7.6140625e-02
   3.6000000e+01   1.4000000e+01   6.6221186e-16   3.7062500e-02   3.7062500e-02
   3.7000000e+01   1.4000000e+01   6.3783536e-16   2.7234375e-02   2.7234375e-02
   3.8000000e+01   1.4000000e+01   7.2461654e-16   5.4328125e-02   5.4328125e-02
   3.9000000e+01   1.4000000e+01   9.2837030e-16   1.0478125e-01   1.0478125e-01
   4.0000000e+01   1.4000000e+01   1.1774760e-15   1.5228125e-01   1.5228125e-01
   4.1000000e+01   1.4000000e+01   1.2304554e-15   1.7168750e-01   1.7168750e-01
   4.2000000e+01   1.4000000e+01   1.2106334e-15   1.5726562e-01   1.5726562e-01
   4.3000000e+01   1.4000000e+01   1.2931779e-15   1.7640625e-01   1.7640625e-01
   4.4000000e+01   1.4000000e+01   1.2077177e-15   1.5059375e-01   1.5059375e-01
   4.5000000e+01   1.4000000e+01   1.0820940e-15   1.3612500e-01   1.3612500e-01
   4.6000000e+01   1.4000000e+01   1.1026687e-15   1.3475000e-01   1.3475000e-01
   4.7000000e+01   1.4000000e+01   1.3240349e-15   1.7607812e-01   1.7607812e-01
   1.0000000e+00   1.5000000e+01   1.1213604e-15   1.4265625e-01   1.4265625e-01
   2.0000000e+00   1.5000000e+01   8.7286410e-16   7.8921875e-02   7.8921875e-02
   3.0000000e+00   1.5000000e+01   7.6486417e-16   4.4031250e-02   4.4031250e-02
   4.0000000e+00   1.5000000e+01   8.4297450e-16   7.6093750e-02   7.6093750e-02
   5.0000000e+00   1.5000000e+01   1.0748192e-15   1.2517187e-01   1.2517187e-01
   6.0000000e+00   1.5000000e+01   1.1639253e-15   1.4850000e-01   1.4850000e-01
   7.0000000e+00   1.5000000e+01   1.1883404e-15   1.4548437e-01   1.4548437e-01
   8.0000000e+00   1.5000000e+01   1.3233769e-15   1.7329687e-01   1.7329687e-01
   9.0000000e+00   1.5000000e+01   1.3120250e-15   1.8045312e-01   1.8045312e-01
   1.0000000e+01   1.5000000e+01   1.3293974e-15   1.8262500e-01   1.8262500e-01
   1.1000000e+01   1.5000000e+01   1.2179093e-15   1.5595312e-01   1.5595312e-01
   1.2000000e+01   1.5000000e+01   1.0524267e-15   1.2462500e-01   1.2462500e-01
   1.3000000e+01   1.5000000e+01   1.1943434e-15   1.5370312e-01   1.5370312e-01
   1.4000000e+01   1.5000000e+01   1.3459800e-15   1.9076562e-01   1.9076562e-01
   1.5000000e+01   1.5000000e+01   1.4077178e-15   1.9582812e-01   1.9582812e-01
   1.6000000e+01   1.5000000e+01   1.3475887e-15   1.8589062e-01   1.8589062e-01
   1.7000000e+01   1.5000000e+01   1.2769521e-15   1.7329687e-01   1.7329687e-01
   1.8000000e+01   1.5000000e+01   1.1592564e-15   1.4318750e-01   1.4318750e-01
   1.9000000e+01   1.5000000e+01   8.1407752e-16   7.6812500e-02   7.6812500e-02
   2.0000000e+01   1.5000000e+01   6.4499228e-16   3.2781250e-02   3.2781250e-02
   2.1000000e+01   1.5000000e+01   8.8194780e-16   7.5734375e-02   7.5734375e-02
   2.2000000e+01   1.5000000e+01   1.0313809e-15   1.1998437e-01   1.1998437e-01
   2.3000000e+01   1.5000000e+01   1.2192752e-15   1.4832812e-01   1.4832812e-01
   2.4000000e+01   1.5000000e+01   1.2605249e-15   1.6571875e-01   1.6571875e-01
   2.5000000e+01   1.5000000e+01   1.2645494e-15   1.7448437e-01   1.7448437e-01
   2.6000000e+01   1.5000000e+01   1.3481376e-15   1.7918750e-01   1.7918750e-01
   2.7000000e+01   1.5000000e+01   1.2962913e-15   1.7526562e-01   1.7526562e-01
   2.8000000e+01   1.5000000e+01   1.2273358e-15   1.6387500e-01   1.6387500e-01
   2.9000000e+01   1.5000000e+01   1.1719736e-15   1.5068750e-01   1.5068750e-01
   3.0000000e+01   1.5000000e+01   1.3009301e-15   1.7279687e-01   1.7279687e-01
   3.1000000e+01   1.5000000e+01   1.4065222e-15   2.0312500e-01   2.0312500e-01
   3.2000000e+01   1.5000000e+01   1.4233659e-15   2.0134375e-01   2.0134375e-01
   3.3000000e+01   1.5000000e+01   1.3479876e-15   1.8639062e-01   1.8639062e-01
   3.4000000e+01   1.5000000e+01   1.2296113e-15   1.6845312e-01   1.6845312e-01
   3.5000000e+01   1.5000000e+01   1.0094942e-15   1.1701562e-01   1.1701562e-01
   3.6000000e+01   1.5000000e+01   7.4887129e-16   5.5437500e-02   5.5437500e-02
   3.7000000e+01   1.5000000e+01   6.5264257e-16   3.0281250e-02   3.0281250e-02
   3.8000000e+01   1.5000000e+01   8.8148703e-16   7.7718750e-02   7.7718750e-02
   3.9000000e+01   1.5000000e+01   1.0966570e-15   1.3562500e-01   1.3562500e-01
   4.0000000e+01   1.5000000e+01   1.1410310e-15   1.5237500e-01   1.5237500e-01
   4.1000000e+01   1.5000000e+01   1.2299634e-15   1.5721875e-01   1.5721875e-01
   4.2000000e+01   1.5000000e+01   1.2597906e-15   1.6964062e-01   1.6964062e-01
   4.3000000e+01   1.5000000e+01   1.3410425e-15   1.8695312e-01   1.8695312e-01
   4.4000000e+01   1.5000000e+01   1.2849161e-15   1.7057812e-01   1.7057812e-01
   4.5000000e+01   1.5000000e+01   1.1496737e-15   1.4807812e-01   1.4807812e-01
   4.6000000e+01   1.5000000e+01   1.1623946e-15   1.5262500e-01   1.5262500e-01
   4.7000000e+01   1.5000000e+01   1.3157670e-15   1.8906250e-01   1.8906250e-01
   1.0000000e+00   1.6000000e+01   1.1044186e-15   1.3285937e-01   1.3285937e-01
   2.0000000e+00   1.6000000e+01   8.6523957e-16   7.8687500e-02   7.8687500e-02
   3.0000000e+00   1.6000000e+01   6.8252314e-16   4.1718750e-02   4.1718750e-02
   4.0000000e+00   1.6000000e+01   7.9085377e-16   7.2750000e-02   7.2750000e-02
   5.0000000e+00   1.6000000e+01   1.0135720e-15   1.2378125e-01   1.2378125e-01
   6.0000000e+00   1.6000000e+01   1.1258011e-15   1.4232812e-01   1.4232812e-01
   7.0000000e+00   1.6000000e+01   1.1787063e-15   1.5396875e-01   1.5396875e-01
   8.0000000e+00   1.6000000e+01   1.1999914e-15   1.5948437e-01   1.5948437e-01
   9.0000000e+00   1.6000000e+01   1.2538653e-15   1.6970312e-01   1.6970312e-01
   1.0000000e+01   1.6000000e+01   1.3473980e-15   1.8734375e-01   1.8734375e-01
   1.1000000e+01   1.6000000e+01   1.1425171e-15   1.5365625e-01   1.5365625e-01
   1.2000000e+01   1.6000000e+01   1.0326678e-15   1.2010937e-01   1.2010937e-01
   1.3000000e+01   1.6000000e+01   1.1941343e-15   1.5025000e-01   1.5025000e-01
   1.4000000e+01   1.6000000e+01   1.3875271e-15   1.9881250e-01   1.9881250e-01
   1.5000000e+01   1.6000000e+01   1.3873932e-15   2.0517187e-01   2.0517187e-01
   1.6000000e+01   1.6000000e+01   1.2960611e-15   1.7929687e-01   1.7929687e-01
   1.7000000e+01   1.6000000e+01   1.1719792e-15   1.5414062e-01   1.5414062e-01
   1.8000000e+01   1.6000000e+01   1.1146334e-15   1.3823437e-01   1.3823437e-01
   1.9000000e+01   1.6000000e+01   8.7103022e-16   9.3406250e-02   9.3406250e-02
   2.0000000e+01   1.6000000e+01   6.6184277e-16   4.1546875e-02   4.1546875e-02
   2.1000000e+01   1.6000000e+01   8.0714471e-16   7.9453125e-02   7.9453125e-02
   2.2000000e+01   1.6000000e+01   9.8112461e-16   1.1946875e-01   1.1946875e-01
   2.3000000e+01   1.6000000e+01   1.0874919e-15   1.3553125e-01   1.3553125e-01
   2.4000000e+01   1.6000000e+01   1.1064956e-15   1.4576562e-01   1.4576562e-01
   2.5000000e+01   1.6000000e+01   1.2340756e-15   1.6142187e-01   1.6142187e-01
   2.6000000e+01   1.6000000e+01   1.3387074e-15   1.7909375e-01   1.7909375e-01
   2.7000000e+01   1.6000000e+01   1.3152744e-15   1.8689062e-01   1.8689062e-01
   2.8000000e+01   1.6000000e+01   1.1678601e-15   1.5335937e-01   1.5335937e-01
   2.9000000e+01   1.6000000e+01   1.1517050e-15   1.4635937e-01   1.4635937e-01
   3.0000000e+01   1.6000000e+01   1.2814882e-15   1.7614062e-01   1.7614062e-01
   3.1000000e+01   1.6000000e+01   1.3515271e-15   1.9382812e-01   1.9382812e-01
   3.2000000e+01   1.6000000e+01   1.3909426e-15   1.9639062e-01   1.9639062e-01
   3.3000000e+01   1.6000000e+01   1.3196851e-15   1.8687500e-01   1.8687500e-01
   3.4000000e+01   1.6000000e+01   1.1739945e-15   1.6123437e-01   1.6123437e-01
   3.5000000e+01   1.6000000e+01   1.0672666e-15   1.2768750e-01   1.2768750e-01
   3.6000000e+01   1.6000000e+01   8.6274968e-16   7.4203125e-02   7.4203125e-02
   3.7000000e+01   1.6000000e+01   6.6454137e-16   4.0203125e-02   4.0203125e-02
   3.8000000e+01   1.6000000e+01   8.9025305e-16   9.1734375e-02   9.1734375e-02
   3.9000000e+01   1.6000000e+01   1.0334949e-15   1.2737500e-01   1.2737500e-01
   4.0000000e+01   1.6000000e+01   1.1157127e-15   1.3543750e-01   1.3543750e-01
   4.1000000e+01   1.6000000e+01   1.2090709e-15   1.5782812e-01   1.5782812e-01
   4.2000000e+01   1.6000000e+01   1.2188414e-15   1.6068750e-01   1.6068750e-01
   4.3000000e+01   1.6000000e+01   1.3779703e-15   1.8992187e-01   1.8992187e-01
   4.4000000e+01   1.6000000e+01   1.2726942e-15   1.7775000e-01   1.7775000e-01
   4.5000000e+01   1.6000000e+01   1.1361322e-15   1.4282812e-01   1.4282812e-01
   4.6000000e+01   1.6000000e+01   1.2016505e-15   1.5250000e-01   1.5250000e-01
   4.7000000e+01   1.6000000e+01   1.2827950e-15   1.7918750e-01   1.7918750e-01
   1.0000000e+00   1.7000000e+01   1.0167987e-15   1.1531250e-01   1.1531250e-01
   2.0000000e+00   1.7000000e+01   7.3298717e-16   5.4328125e-02   5.4328125e-02
   3.0000000e+00   1.7000000e+01   6.7184212e-16   3.1640625e-02   3.1640625e-02
   4.0000000e+00   1.7000000e+01   7.0685643e-16   5.1921875e-02   5.1921875e-02
   5.0000000e+00   1.7000000e+01   8.8459864e-16   8.7343750e-02   8.7343750e-02
   6.0000000e+00   1.7000000e+01   1.1910248e-15   1.5000000e-01   1.5000000e-01
   7.0000000e+00   1.7000000e+01   1.1849457e-15   1.5306250e-01   1.5306250e-01
   8.0000000e+00   1.7000000e+01   1.1842330e-15   1.4993750e-01   1.4993750e-01
   9.0000000e+00   1.7000000e+01   1.2203724e-15   1.6092187e-01   1.6092187e-01
   1.0000000e+01   1.7000000e+01   1.2825813e-15   1.7279687e-01   1.7279687e-01
   1.1000000e+01   1.7000000e+01   1.2093433e-15   1.5815625e-01   1.5815625e-01
   1.2000000e+01   1.7000000e+01   1.1147367e-15   1.4045312e-01   1.4045312e-01
   1.3000000e+01   1.7000000e+01   1.1433554e-15   1.5107812e-01   1.5107812e-01
   1.4000000e+01   1.7000000e+01   1.2803968e-15   1.7359375e-01   1.7359375e-01
   1.5000000e+01   1.7000000e+01   1.3327699e-15   1.8425000e-01   1.8425000e-01
   1.6000000e+01   1.7000000e+01   1.3497770e-15   1.8290625e-01   1.8290625e-01
   1.7000000e+01   1.7000000e+01   1.2095656e-15   1.6695312e-01   1.6695312e-01
   1.8000000e+01   1.7000000e+01   1.0535880e-15   1.2714062e-01   1.2714062e-01
   1.9000000e+01   1.7000000e+01   7.9701906e-16   7.7718750e-02   7.7718750e-02
   2.0000000e+01   1.7000000e+01   6.3908501e-16   3.5718750e-02   3.5718750e-02
   2.1000000e+01   1.7000000e+01   7.6378267e-16   5.9656250e-02   5.9656250e-02
   2.2000000e+01   1.7000000e+01   1.0291853e-15   1.1114062e-01   1.1114062e-01
   2.3000000e+01   1.7000000e+01   1.0962084e-15   1.4359375e-01   1.4359375e-01
   2.4000000e+01   1.7000000e+01   1.1100439e-15   1.4535937e-01   1.4535937e-01
   2.5000000e+01   1.7000000e+01   1.1852030e-15   1.5132812e-01   1.5132812e-01
   2.6000000e+01   1.7000000e+01   1.2789441e-15   1.6860937e-01   1.6860937e-01
   2.7000000e+01   1.7000000e+01   1.2904194e-15   1.7825000e-01   1.7825000e-01
   2.8000000e+01   1.7000000e+01   1.1946507e-15   1.5659375e-01   1.5659375e-01
   2.9000000e+01   1.7000000e+01   1.0614175e-15   1.3285937e-01   1.3285937e-01
   3.0000000e+01   1.7000000e+01   1.1842734e-15   1.5026562e-01   1.5026562e-01
   3.1000000e+01   1.7000000e+01   1.3487039e-15   1.8292187e-01   1.8292187e-01
   3.2000000e+01   1.7000000e+01   1.3704442e-15   1.8420312e-01   1.8420312e-01
   3.3000000e+01   1.7000000e+01   1.3391474e-15   1.8020312e-01   1.8020312e-01
   3.4000000e+01   1.7000000e+01   1.2711574e-15   1.6396875e-01   1.6396875e-01
   3.5000000e+01   1.7000000e+01   1.0498037e-15   1.2600000e-01   1.2600000e-01
   3.6000000e+01   1.7000000e+01   7.6530507e-16   6.7984375e-02   6.7984375e-02
   3.7000000e+01   1.7000000e+01   6.4031490e-16   3.5437500e-02   3.5437500e-02
   3.8000000e+01   1.7000000e+01   8.2401082e-16   7.3156250e-02   7.3156250e-02
   3.9000000e+01   1.7000000e+01   1.0378869e-15   1.2364062e-01   1.2364062e-01
   4.0000000e+01   1.7000000e+01   1.1222413e-15   1.4196875e-01   1.4196875e-01
   4.1000000e+01   1.7000000e+01   1.1363194e-15   1.4526562e-01   1.4526562e-01
   4.2000000e+01   1.7000000e+01   1.2057895e-15   1.5389062e-01   1.5389062e-01
   4.3000000e+01   1.7000000e+01   1.3040940e-15   1.8225000e-01   1.8225000e-01
   4.4000000e+01   1.7000000e+01   1.2191853e-15   1.7209375e-01   1.7209375e-01
   4.5000000e+01   1.7000000e+01   1.0916309e-15   1.3807812e-01   1.3807812e-01
   4.6000000e+01   1.7000000e+01   1.1070518e-15   1.3900000e-01   1.3900000e-01
   4.7000000e+01   1.7000000e+01   1.2642891e-15   1.6665625e-01   1.6665625e-01
   1.0000000e+00   1.8000000e+01   7.6790384e-16   6.4343750e-02   6.4343750e-02
   2.0000000e+00   1.8000000e+01   6.6133689e-16   3.3671875e-02   3.3671875e-02
   3.0000000e+00   1.8000000e+01   6.6067725e-16   3.7312500e-02   3.7312500e-02
   4.0000000e+00   1.8000000e+01   6.5802185e-16   3.3093750e-02   3.3093750e-02
   5.0000000e+00   1.8000000e+01   6.9231481e-16   4.8750000e-02   4.8750000e-02
   6.0000000e+00   1.8000000e+01   9.6161633e-16   9.9671875e-02   9.9671875e-02
   7.0000000e+00   1.8000000e+01   1.1182841e-15   1.3884375e-01   1.3884375e-01
   8.0000000e+00   1.8000000e+01   1.1372159e-15   1.3984375e-01   1.3984375e-01
   9.0000000e+00   1.8000000e+01   1.1157925e-15   1.3937500e-01   1.3937500e-01
   1.0000000e+01   1.8000000e+01   1.1015913e-15   1.3817187e-01   1.3817187e-01
   1.1000000e+01   1.8000000e+01   1.0768822e-15   1.2435937e-01   1.2435937e-01
   1.2000000e+01   1.8000000e+01   1.0738152e-15   1.2484375e-01   1.2484375e-01
   1.3000000e+01   1.8000000e+01   1.1198576e-15   1.3409375e-01   1.3409375e-01
   1.4000000e+01   1.8000000e+01   1.1759387e-15   1.4801562e-01   1.4801562e-01
   1.5000000e+01   1.8000000e+01   1.3019067e-15   1.6570312e-01   1.6570312e-01
   1.6000000e+01   1.8000000e+01   1.3000857e-15   1.6646875e-01   1.6646875e-01
   1.7000000e+01   1.8000000e+01   1.1481455e-15   1.4537500e-01   1.4537500e-01
   1.8000000e+01   1.8000000e+01   9.5789198e-16   9.4875000e-02   9.4875000e-02
   1.9000000e+01   1.8000000e+01   7.5953752e-16   5.7109375e-02   5.7109375e-02
   2.0000000e+01   1.8000000e+01   7.1990518e-16   5.1421875e-02   5.1421875e-02
   2.1000000e+01   1.8000000e+01   7.0123790e-16   4.8843750e-02   4.8843750e-02
   2.2000000e+01   1.8000000e+01   8.4128894e-16   7.7750000e-02   7.7750000e-02
   2.3000000e+01   1.8000000e+01   1.0796998e-15   1.2584375e-01   1.2584375e-01
   2.4000000e+01   1.8000000e+01   1.1870616e-15   1.4848437e-01   1.4848437e-01
   2.5000000e+01   1.8000000e+01   1.1590523e-15   1.4254687e-01   1.4254687e-01
   2.6000000e+01   1.8000000e+01   1.1735409e-15   1.4464062e-01   1.4464062e-01
   2.7000000e+01   1.8000000e+01   1.2272737e-15   1.5809375e-01   1.5809375e-01
   2.8000000e+01   1.8000000e+01   1.1927797e-15   1.5020312e-01   1.5020312e-01
   2.9000000e+01   1.8000000e+01   1.1258329e-15   1.3651562e-01   1.3651562e-01
   3.0000000e+01   1.8000000e+01   1.2033109e-15   1.5381250e-01   1.5381250e-01
   3.1000000e+01   1.8000000e+01   1.2545507e-15   1.6754687e-01   1.6754687e-01
   3.2000000e+01   1.8000000e+01   1.2959927e-15   1.7150000e-01   1.7150000e-01
   3.3000000e+01   1.8000000e+01   1.2668203e-15   1.6760937e-01   1.6760937e-01
   3.4000000e+01   1.8000000e+01   1.1666633e-15   1.4414062e-01   1.4414062e-01
   3.5000000e+01   1.8000000e+01   9.3970449e-16   9.6468750e-02   9.6468750e-02
   3.6000000e+01   1.8000000e+01   7.0309246e-16   4.5593750e-02   4.5593750e-02
   3.7000000e+01   1.8000000e+01   6.9292891e-16   3.0546875e-02   3.0546875e-02
   3.8000000e+01   1.8000000e+01   7.2990036e-16   5.3390625e-02   5.3390625e-02
   3.9000000e+01   1.8000000e+01   9.7055611e-16   1.0879687e-01   1.0879687e-01
   4.0000000e+01   1.8000000e+01   1.0958948e-15   1.4214062e-01   1.4214062e-01
   4.1000000e+01   1.8000000e+01   1.1550844e-15   1.4673437e-01   1.4673437e-01
   4.2000000e+01   1.8000000e+01   1.2058649e-15   1.5329687e-01   1.5329687e-01
   4.3000000e+01   1.8000000e+01   1.2857192e-15   1.6237500e-01   1.6237500e-01
   4.4000000e+01   1.8000000e+01   1.2135408e-15   1.5271875e-01   1.5271875e-01
   4.5000000e+01   1.8000000e+01   1.1558109e-15   1.3840625e-01   1.3840625e-01
   4.6000000e+01   1.8000000e+01   1.1224511e-15   1.3987500e-01   1.3987500e-01
   4.7000000e+01   1.8000000e+01   1.2371550e-15   1.5901562e-01   1.5901562e-01
   1.0000000e+00   1.9000000e+01   6.5041247e-16   3.2812500e-02   3.2812500e-02
   2.0000000e+00   1.9000000e+01   6.8090209e-16   3.2687500e-02   3.2687500e-02
   3.0000000e+00   1.9000000e+01   8.1445603e-16   6.4562500e-02   6.4562500e-02
   4.0000000e+00   1.9000000e+01   8.2961735e-16   6.2000000e-02   6.2000000e-02
   5.0000000e+00   1.9000000e+01   6.6685369e-16   3.2000000e-02   3.2000000e-02
   6.0000000e+00   1.9000000e+01   7.0775275e-16   4.3734375e-02   4.3734375e-02
   7.0000000e+00   1.9000000e+01   8.4588915e-16   7.1546875e-02   7.1546875e-02
   8.0000000e+00   1.9000000e+01   8.8507378e-16   8.6312500e-02   8.6312500e-02
   9.0000000e+00   1.9000000e+01   8.7053903e-16   8.6140625e-02   8.6140625e-02
   1.0000000e+01   1.9000000e+01   9.1595417e-16   8.7234375e-02   8.7234375e-02
   1.1000000e+01   1.9000000e+01   8.5691891e-16   7.9296875e-02   7.9296875e-02
   1.2000000e+01   1.9000000e+01   8.3330233e-16   7.3890625e-02   7.3890625e-02
   1.3000000e+01   1.9000000e+01   8.4101500e-16   7.6781250e-02   7.6781250e-02
   1.4000000e+01   1.9000000e+01   8.7922271e-16   9.1390625e-02   9.1390625e-02
   1.5000000e+01   1.9000000e+01   9.6262388e-16   1.0045312e-01   1.0045312e-01
   1.6000000e+01   1.9000000e+01   9.8932645e-16   1.0334375e-01   1.0334375e-01
   1.7000000e+01   1.9000000e+01   9.0971121e-16   8.1906250e-02   8.1906250e-02
   1.8000000e+01   1.9000000e+01   7.9554795e-16   5.3484375e-02   5.3484375e-02
   1.9000000e+01   1.9000000e+01   8.1259407e-16   5.9343750e-02   5.9343750e-02
   2.0000000e+01   1.9000000e+01   8.8924793e-16   8.2859375e-02   8.2859375e-02
   2.1000000e+01   1.9000000e+01   8.1834886e-16   6.3312500e-02   6.3312500e-02
   2.2000000e+01   1.9000000e+01   7.0322063e-16   4.2968750e-02   4.2968750e-02
   2.3000000e+01   1.9000000e+01   8.3661251e-16   7.4015625e-02   7.4015625e-02
   2.4000000e+01   1.9000000e+01   9.9787396e-16   1.0626562e-01   1.0626562e-01
   2.5000000e+01   1.9000000e+01   1.0419492e-15   1.1921875e-01   1.1921875e-01
   2.6000000e+01   1.9000000e+01   1.0375187e-15   1.1560937e-01   1.1560937e-01
   2.7000000e+01   1.9000000e+01   1.0417664e-15   1.1318750e-01   1.1318750e-01
   2.8000000e+01   1.9000000e+01   9.6608841e-16   1.0307812e-01   1.0307812e-01
   2.9000000e+01   1.9000000e+01   9.3927310e-16   9.5765625e-02   9.5765625e-02
   3.0000000e+01   1.9000000e+01   9.8193437e-16   1.0073437e-01   1.0073437e-01
   3.1000000e+01   1.9000000e+01   1.1004871e-15   1.2203125e-01   1.2203125e-01
   3.2000000e+01   1.9000000e+01   1.1463054e-15   1.3618750e-01   1.3618750e-01
   3.3000000e+01   1.9000000e+01   1.0908283e-15   1.3228125e-01   1.3228125e-01
   3.4000000e+01   1.9000000e+01   9.8013379e-16   9.5843750e-02   9.5843750e-02
   3.5000000e+01   1.9000000e+01   8.0098953e-16   5.5359375e-02   5.5359375e-02
   3.6000000e+01   1.9000000e+01   6.7167108e-16   3.6812500e-02   3.6812500e-02
   3.7000000e+01   1.9000000e+01   7.4154910e-16   4.3796875e-02   4.3796875e-02
   3.8000000e+01   1.9000000e+01   7.2822828e-16   3.9000000e-02   3.9000000e-02
   3.9000000e+01   1.9000000e+01   7.6861261e-16   5.7671875e-02   5.7671875e-02
   4.0000000e+01   1.9000000e+01   9.6623663e-16   1.0403125e-01   1.0403125e-01
   4.1000000e+01   1.9000000e+01   1.1367003e-15   1.2862500e-01   1.2862500e-01
   4.2000000e+01   1.9000000e+01   1.1472471e-15   1.2893750e-01   1.2893750e-01
   4.3000000e+01   1.9000000e+01   1.1677792e-15   1.3737500e-01   1.3737500e-01
   4.4000000e+01   1.9000000e+01   1.0709791e-15   1.2084375e-01   1.2084375e-01
   4.5000000e+01   1.9000000e+01   1.0484176e-15   1.1490625e-01   1.1490625e-01
   4.6000000e+01   1.9000000e+01   1.0150355e-15   1.1868750e-01   1.1868750e-01
   4.7000000e+01   1.9000000e+01   1.1103972e-15   1.2500000e-01   1.2500000e-01
   1.0000000e+00   2.0000000e+01   7.0053662e-16   3.9875000e-02   3.9875000e-02
   2.0000000e+00   2.0000000e+01   6.6740645e-16   3.4812500e-02   3.4812500e-02
   3.0000000e+00   2.0000000e+01   8.7547793e-16   7.0359375e-02   7.0359375e-02
   4.0000000e+00   2.0000000e+01   9.3079123e-16   8.1296875e-02   8.1296875e-02
   5.0000000e+00   2.0000000e+01   6.6561637e-16   4.2468750e-02   4.2468750e-02
   6.0000000e+00   2.0000000e+01   6.6800236e-16   3.5750000e-02   3.5750000e-02
   7.0000000e+00   2.0000000e+01   7.7574186e-16   5.3109375e-02   5.3109375e-02
   8.0000000e+00   2.0000000e+01   7.9347298e-16   6.7546875e-02   6.7546875e-02
   9.0000000e+00   2.0000000e+01   8.1078608e-16   6.1343750e-02   6.1343750e-02
   1.0000000e+01   2.0000000e+01   8.1405052e-16   6.2796875e-02   6.2796875e-02
   1.1000000e+01   2.0000000e+01   7.9804740e-16   6.2046875e-02   6.2046875e-02
   1.2000000e+01   2.0000000e+01   7.7413186e-16   5.2968750e-02   5.2968750e-02
   1.3000000e+01   2.0000000e+01   7.8855598e-16   5.4828125e-02   5.4828125e-02
   1.4000000e+01   2.0000000e+01   7.7667973e-16   6.2812500e-02   6.2812500e-02
   1.5000000e+01   2.0000000e+01   7.7304600e-16   6.5328125e-02   6.5328125e-02
   1.6000000e+01   2.0000000e+01   8.3379008e-16   6.7125000e-02   6.7125000e-02
   1.7000000e+01   2.0000000e+01   7.2367165e-16   5.0343750e-02   5.0343750e-02
   1.8000000e+01   2.0000000e+01   7.0705269e-16   3.3984375e-02   3.3984375e-02
   1.9000000e+01   2.0000000e+01   7.8082282e-16   6.3921875e-02   6.3921875e-02
   2.0000000e+01   2.0000000e+01   9.6007372e-16   1.0525000e-01   1.0525000e-01
   2.1000000e+01   2.0000000e+01   8.7513993e-16   7.4968750e-02   7.4968750e-02
   2.2000000e+01   2.0000000e+01   7.0307233e-16   3.4109375e-02   3.4109375e-02
   2.3000000e+01   2.0000000e+01   6.8353376e-16   3.7828125e-02   3.7828125e-02
   2.4000000e+01   2.0000000e+01   7.5156820e-16   5.5437500e-02   5.5437500e-02
   2.5000000e+01   2.0000000e+01   8.0346082e-16   6.3765625e-02   6.3765625e-02
   2.6000000e+01   2.0000000e+01   8.3286237e-16   7.1750000e-02   7.1750000e-02
   2.7000000e+01   2.0000000e+01   7.8045248e-16   6.6703125e-02   6.6703125e-02
   2.8000000e+01   2.0000000e+01   8.0926091e-16   5.9781250e-02   5.9781250e-02
   2.9000000e+01   2.0000000e+01   7.8818696e-16   5.6531250e-02   5.6531250e-02
   3.0000000e+01   2.0000000e+01   7.9337838e-16   6.3562500e-02   6.3562500e-02
   3.1000000e+01   2.0000000e+01   8.6104141e-16   7.4453125e-02   7.4453125e-02
   3.2000000e+01   2.0000000e+01   8.3220360e-16   7.1171875e-02   7.1171875e-02
   3.3000000e+01   2.0000000e+01   8.5973922e-16   7.1640625e-02   7.1640625e-02
   3.4000000e+01   2.0000000e+01   7.4579369e-16   5.3046875e-02   5.3046875e-02
   3.5000000e+01   2.0000000e+01   6.8709955e-16   3.1000000e-02   3.1000000e-02
   3.6000000e+01   2.0000000e+01   7.4256261e-16   4.5781250e-02   4.5781250e-02
   3.7000000e+01   2.0000000e+01   8.5819374e-16   7.9906250e-02   7.9906250e-02
   3.8000000e+01   2.0000000e+01   7.5327682e-16   5.2812500e-02   5.2812500e-02
   3.9000000e+01   2.0000000e+01   6.7681227e-16   2.8812500e-02   2.8812500e-02
   4.0000000e+01   2.0000000e+01   7.6040153e-16   5.0328125e-02   5.0328125e-02
   4.1000000e+01   2.0000000e+01   8.7176444e-16   7.9015625e-02   7.9015625e-02
   4.2000000e+01   2.0000000e+01   8.9429199e-16   8.5546875e-02   8.5546875e-02
   4.3000000e+01   2.0000000e+01   8.4947018e-16   7.8140625e-02   7.8140625e-02
   4.4000000e+01   2.0000000e+01   8.9050280e-16   7.9484375e-02   7.9484375e-02
   4.5000000e+01   2.0000000e+01   8.5990264e-16   7.7015625e-02   7.7015625e-02
   4.6000000e+01   2.0000000e+01   8.2967670e-16   6.8218750e-02   6.8218750e-02
   4.7000000e+01   2.0000000e+01   8.7452698e-16   7.3562500e-02   7.3562500e-02
   1.0000000e+00   2.1000000e+01   9.0742518e-16   8.4078125e-02   8.4078125e-02
   2.0000000e+00   2.1000000e+01   6.7823344e-16   3.8703125e-02   3.8703125e-02
   3.0000000e+00   2.1000000e+01   6.7852070e-16   3.9515625e-02   3.9515625e-02
   4.0000000e+00   2.1000000e+01   7.3609107e-16   4.8000000e-02   4.8000000e-02
   5.0000000e+00   2.1000000e+01   7.0555611e-16   4.9562500e-02   4.9562500e-02
   6.0000000e+00   2.1000000e+01   8.2616295e-16   8.0406250e-02   8.0406250e-02
   7.0000000e+00   2.1000000e+01   1.0103170e-15   1.1509375e-01   1.1509375e-01
   8.0000000e+00   2.1000000e+01   1.1205192e-15   1.2665625e-01   1.2665625e-01
   9.0000000e+00   2.1000000e+01   1.1190758e-15   1.3504687e-01   1.3504687e-01
   1.0000000e+01   2.1000000e+01   1.0707250e-15   1.2673437e-01   1.2673437e-01
   1.1000000e+01   2.1000000e+01   1.0264547e-15   1.1701562e-01   1.1701562e-01
   1.2000000e+01   2.1000000e+01   9.3215885e-16   1.0175000e-01   1.0175000e-01
   1.3000000e+01   2.1000000e+01   9.4763002e-16   1.0545312e-01   1.0545312e-01
   1.4000000e+01   2.1000000e+01   1.0345126e-15   1.1442187e-01   1.1442187e-01
   1.5000000e+01   2.1000000e+01   1.0940993e-15   1.2812500e-01   1.2812500e-01
   1.6000000e+01   2.1000000e+01   1.0342299e-15   1.2357812e-01   1.2357812e-01
   1.7000000e+01   2.1000000e+01   9.4992362e-16   9.7015625e-02   9.7015625e-02
   1.8000000e+01   2.1000000e+01   7.2990824e-16   5.3640625e-02   5.3640625e-02
   1.9000000e+01   2.1000000e+01   6.9010217e-16   4.3734375e-02   4.3734375e-02
   2.0000000e+01   2.1000000e+01   7.7440894e-16   6.9734375e-02   6.9734375e-02
   2.1000000e+01   2.1000000e+01   7.2686917e-16   6.0312500e-02   6.0312500e-02
   2.2000000e+01   2.1000000e+01   6.4506961e-16   3.7375000e-02   3.7375000e-02
   2.3000000e+01   2.1000000e+01   7.5002025e-16   5.6796875e-02   5.6796875e-02
   2.4000000e+01   2.1000000e+01   8.6681635e-16   8.6296875e-02   8.6296875e-02
   2.5000000e+01   2.1000000e+01   8.9452805e-16   8.8375000e-02   8.8375000e-02
   2.6000000e+01   2.1000000e+01   9.7970473e-16   9.6343750e-02   9.6343750e-02
   2.7000000e+01   2.1000000e+01   9.1508531e-16   9.3421875e-02   9.3421875e-02
   2.8000000e+01   2.1000000e+01   9.0350015e-16   8.6218750e-02   8.6218750e-02
   2.9000000e+01   2.1000000e+01   8.2300536e-16   7.4031250e-02   7.4031250e-02
   3.0000000e+01   2.1000000e+01   8.3577108e-16   7.8921875e-02   7.8921875e-02
   3.1000000e+01   2.1000000e+01   8.6694208e-16   8.4968750e-02   8.4968750e-02
   3.2000000e+01   2.1000000e+01   9.6260425e-16   9.4843750e-02   9.4843750e-02
   3.3000000e+01   2.1000000e+01   9.1418046e-16   8.7156250e-02   8.7156250e-02
   3.4000000e+01   2.1000000e+01   7.8132195e-16   5.7000000e-02   5.7000000e-02
   3.5000000e+01   2.1000000e+01   6.9183179e-16   3.3250000e-02   3.3250000e-02
   3.6000000e+01   2.1000000e+01   6.6275521e-16   3.9109375e-02   3.9109375e-02
   3.7000000e+01   2.1000000e+01   7.8502899e-16   7.2515625e-02   7.2515625e-02
   3.8000000e+01   2.1000000e+01   7.5858816e-16   5.6734375e-02   5.6734375e-02
   3.9000000e+01   2.1000000e+01   6.3156362e-16   3.0734375e-02   3.0734375e-02
   4.0000000e+01   2.1000000e+01   7.1452565e-16   4.5609375e-02   4.5609375e-02
   4.1000000e+01   2.1000000e+01   7.8848651e-16   6.5031250e-02   6.5031250e-02
   4.2000000e+01   2.1000000e+01   8.3512583e-16   7.1109375e-02   7.1109375e-02
   4.3000000e+01   2.1000000e+01   8.6242912e-16   6.7234375e-02   6.7234375e-02
   4.4000000e+01   2.1000000e+01   7.9944786e-16   6.7703125e-02   6.7703125e-02
   4.5000000e+01   2.1000000e+01   8.1070844e-16   5.7328125e-02   5.7328125e-02
   4.6000000e+01   2.1000000e+01   7.9488575e-16   5.7140625e-02   5.7140625e-02
   4.7000000e+01   2.1000000e+01   7.9828683e-16   6.5765625e-02   6.5765625e-02
