   1.0000000e+00   1.0000000e+00   3.3418988e-15   4.2546875e-01   4.2546875e-01
   2.0000000e+00   1.0000000e+00   3.3063957e-15   4.2184375e-01   4.2184375e-01
   3.0000000e+00   1.0000000e+00   3.3620193e-15   4.2953125e-01   4.2953125e-01
   4.0000000e+00   1.0000000e+00   3.4023480e-15   4.3590625e-01   4.3590625e-01
   5.0000000e+00   1.0000000e+00   3.2804107e-15   4.1921875e-01   4.1921875e-01
   6.0000000e+00   1.0000000e+00   3.2733059e-15   4.1478125e-01   4.1478125e-01
   7.0000000e+00   1.0000000e+00   3.4068086e-15   4.2859375e-01   4.2859375e-01
   8.0000000e+00   1.0000000e+00   3.4761515e-15   4.3793750e-01   4.3793750e-01
   9.0000000e+00   1.0000000e+00   3.4005870e-15   4.2753125e-01   4.2753125e-01
   1.0000000e+01   1.0000000e+00   3.2643179e-15   4.1568750e-01   4.1568750e-01
   1.1000000e+01   1.0000000e+00   3.2870632e-15   4.2137500e-01   4.2137500e-01
   1.2000000e+01   1.0000000e+00   3.3149626e-15   4.1968750e-01   4.1968750e-01
   1.3000000e+01   1.0000000e+00   3.2896759e-15   3.9950000e-01   3.9950000e-01
   1.4000000e+01   1.0000000e+00   3.3320016e-15   4.0037500e-01   4.0037500e-01
   1.5000000e+01   1.0000000e+00   3.3889611e-15   4.1775000e-01   4.1775000e-01
   1.6000000e+01   1.0000000e+00   3.4193297e-15   4.2887500e-01   4.2887500e-01
   1.7000000e+01   1.0000000e+00   3.2846796e-15   4.1925000e-01   4.1925000e-01
   1.8000000e+01   1.0000000e+00   3.2074508e-15   4.0946875e-01   4.0946875e-01
   1.9000000e+01   1.0000000e+00   3.2814649e-15   3.9937500e-01   3.9937500e-01
   1.0000000e+00   2.0000000e+00   3.3076995e-15   4.2068750e-01   4.2068750e-01
   2.0000000e+00   2.0000000e+00   3.2989271e-15   4.2250000e-01   4.2250000e-01
   3.0000000e+00   2.0000000e+00   3.2885992e-15   4.1265625e-01   4.1265625e-01
   4.0000000e+00   2.0000000e+00   3.5486428e-15   4.2856250e-01   4.2856250e-01
   5.0000000e+00   2.0000000e+00   3.3310473e-15   4.2128125e-01   4.2128125e-01
   6.0000000e+00   2.0000000e+00   3.2063078e-15   4.1325000e-01   4.1325000e-01
   7.0000000e+00   2.0000000e+00   3.3100757e-15   4.2690625e-01   4.2690625e-01
   8.0000000e+00   2.0000000e+00   3.3573687e-15   4.2518750e-01   4.2518750e-01
   9.0000000e+00   2.0000000e+00   3.4596862e-15   4.1868750e-01   4.1868750e-01
   1.0000000e+01   2.0000000e+00   3.2687568e-15   4.1187500e-01   4.1187500e-01
   1.1000000e+01   2.0000000e+00   3.2151504e-15   4.1650000e-01   4.1650000e-01
   1.2000000e+01   2.0000000e+00   3.2912341e-15   4.1943750e-01   4.1943750e-01
   1.3000000e+01   2.0000000e+00   3.3845311e-15   4.1375000e-01   4.1375000e-01
   1.4000000e+01   2.0000000e+00   3.1858752e-15   4.0415625e-01   4.0415625e-01
   1.5000000e+01   2.0000000e+00   3.2268202e-15   4.1109375e-01   4.1109375e-01
   1.6000000e+01   2.0000000e+00   3.3054095e-15   4.2056250e-01   4.2056250e-01
   1.7000000e+01   2.0000000e+00   3.3239567e-15   4.0975000e-01   4.0975000e-01
   1.8000000e+01   2.0000000e+00   3.0906894e-15   3.9987500e-01   3.9987500e-01
   1.9000000e+01   2.0000000e+00   3.2495004e-15   3.9393750e-01   3.9393750e-01
   1.0000000e+00   3.0000000e+00   3.4075494e-15   4.1143750e-01   4.1143750e-01
   2.0000000e+00   3.0000000e+00   3.2810900e-15   4.1415625e-01   4.1415625e-01
   3.0000000e+00   3.0000000e+00   3.4642144e-15   4.1746875e-01   4.1746875e-01
   4.0000000e+00   3.0000000e+00   3.3228402e-15   4.2743750e-01   4.2743750e-01
   5.0000000e+00   3.0000000e+00   3.3475455e-15   4.0371875e-01   4.0371875e-01
   6.0000000e+00   3.0000000e+00   3.1886535e-15   4.0759375e-01   4.0759375e-01
   7.0000000e+00   3.0000000e+00   3.2227869e-15   4.0918750e-01   4.0918750e-01
   8.0000000e+00   3.0000000e+00   3.3547690e-15   4.2606250e-01   4.2606250e-01
   9.0000000e+00   3.0000000e+00   3.1703665e-15   4.1600000e-01   4.1600000e-01
   1.0000000e+01   3.0000000e+00   3.2840149e-15   3.9506250e-01   3.9506250e-01
   1.1000000e+01   3.0000000e+00   3.2513168e-15   4.1175000e-01   4.1175000e-01
   1.2000000e+01   3.0000000e+00   3.2607316e-15   4.0946875e-01   4.0946875e-01
   1.3000000e+01   3.0000000e+00   3.2657641e-15   4.1159375e-01   4.1159375e-01
   1.4000000e+01   3.0000000e+00   3.1313151e-15   4.0375000e-01   4.0375000e-01
   1.5000000e+01   3.0000000e+00   3.2637009e-15   3.9950000e-01   3.9950000e-01
   1.6000000e+01   3.0000000e+00   3.2185572e-15   4.1631250e-01   4.1631250e-01
   1.7000000e+01   3.0000000e+00   3.1667275e-15   3.8603125e-01   3.8603125e-01
   1.8000000e+01   3.0000000e+00   3.1665087e-15   3.9421875e-01   3.9421875e-01
   1.9000000e+01   3.0000000e+00   3.0845530e-15   3.9846875e-01   3.9846875e-01
   1.0000000e+00   4.0000000e+00   3.3262856e-15   4.0850000e-01   4.0850000e-01
   2.0000000e+00   4.0000000e+00   3.2502712e-15   4.0865625e-01   4.0865625e-01
   3.0000000e+00   4.0000000e+00   3.2487596e-15   4.1543750e-01   4.1543750e-01
   4.0000000e+00   4.0000000e+00   3.3609093e-15   4.2418750e-01   4.2418750e-01
   5.0000000e+00   4.0000000e+00   3.3145878e-15   4.0225000e-01   4.0225000e-01
   6.0000000e+00   4.0000000e+00   3.2191488e-15   4.0637500e-01   4.0637500e-01
   7.0000000e+00   4.0000000e+00   3.2556555e-15   4.1359375e-01   4.1359375e-01
   8.0000000e+00   4.0000000e+00   3.2913432e-15   4.2106250e-01   4.2106250e-01
   9.0000000e+00   4.0000000e+00   3.2490601e-15   4.1515625e-01   4.1515625e-01
   1.0000000e+01   4.0000000e+00   3.0917620e-15   3.9143750e-01   3.9143750e-01
   1.1000000e+01   4.0000000e+00   3.3551195e-15   4.0109375e-01   4.0109375e-01
   1.2000000e+01   4.0000000e+00   3.4149501e-15   4.2303125e-01   4.2303125e-01
   1.3000000e+01   4.0000000e+00   3.3193259e-15   4.1875000e-01   4.1875000e-01
   1.4000000e+01   4.0000000e+00   3.1485380e-15   4.0609375e-01   4.0609375e-01
   1.5000000e+01   4.0000000e+00   3.2197413e-15   4.0728125e-01   4.0728125e-01
   1.6000000e+01   4.0000000e+00   3.2485934e-15   4.1521875e-01   4.1521875e-01
   1.7000000e+01   4.0000000e+00   3.2794781e-15   4.1081250e-01   4.1081250e-01
   1.8000000e+01   4.0000000e+00   3.1747050e-15   3.9721875e-01   3.9721875e-01
   1.9000000e+01   4.0000000e+00   3.1584504e-15   4.0565625e-01   4.0565625e-01
   1.0000000e+00   5.0000000e+00   3.0940366e-15   3.9262500e-01   3.9262500e-01
   2.0000000e+00   5.0000000e+00   3.1251029e-15   3.8390625e-01   3.8390625e-01
   3.0000000e+00   5.0000000e+00   3.2227486e-15   4.0843750e-01   4.0843750e-01
   4.0000000e+00   5.0000000e+00   3.4378783e-15   4.3468750e-01   4.3468750e-01
   5.0000000e+00   5.0000000e+00   3.3037382e-15   4.2562500e-01   4.2562500e-01
   6.0000000e+00   5.0000000e+00   3.2651242e-15   4.1803125e-01   4.1803125e-01
   7.0000000e+00   5.0000000e+00   3.1903551e-15   3.9915625e-01   3.9915625e-01
   8.0000000e+00   5.0000000e+00   3.5071240e-15   4.2503125e-01   4.2503125e-01
   9.0000000e+00   5.0000000e+00   3.3306549e-15   4.1781250e-01   4.1781250e-01
   1.0000000e+01   5.0000000e+00   3.2084817e-15   4.0650000e-01   4.0650000e-01
   1.1000000e+01   5.0000000e+00   3.2665069e-15   4.2109375e-01   4.2109375e-01
   1.2000000e+01   5.0000000e+00   3.4222804e-15   4.3331250e-01   4.3331250e-01
   1.3000000e+01   5.0000000e+00   3.3181803e-15   3.9646875e-01   3.9646875e-01
   1.4000000e+01   5.0000000e+00   3.3895839e-15   4.0571875e-01   4.0571875e-01
   1.5000000e+01   5.0000000e+00   3.3842721e-15   4.0943750e-01   4.0943750e-01
   1.6000000e+01   5.0000000e+00   3.4378688e-15   4.0796875e-01   4.0796875e-01
   1.7000000e+01   5.0000000e+00   3.4273327e-15   4.0206250e-01   4.0206250e-01
   1.8000000e+01   5.0000000e+00   3.2957148e-15   3.9200000e-01   3.9200000e-01
   1.9000000e+01   5.0000000e+00   3.3876173e-15   4.0315625e-01   4.0315625e-01
   1.0000000e+00   6.0000000e+00   3.4560538e-15   4.0971875e-01   4.0971875e-01
   2.0000000e+00   6.0000000e+00   3.3871382e-15   4.1290625e-01   4.1290625e-01
   3.0000000e+00   6.0000000e+00   3.5004067e-15   4.3009375e-01   4.3009375e-01
   4.0000000e+00   6.0000000e+00   3.5113201e-15   4.4059375e-01   4.4059375e-01
   5.0000000e+00   6.0000000e+00   3.4042152e-15   4.3071875e-01   4.3071875e-01
   6.0000000e+00   6.0000000e+00   3.3258343e-15   4.1834375e-01   4.1834375e-01
   7.0000000e+00   6.0000000e+00   3.3984574e-15   4.2315625e-01   4.2315625e-01
   8.0000000e+00   6.0000000e+00   3.3990915e-15   4.3090625e-01   4.3090625e-01
   9.0000000e+00   6.0000000e+00   3.4367586e-15   4.2415625e-01   4.2415625e-01
   1.0000000e+01   6.0000000e+00   3.3910602e-15   4.0834375e-01   4.0834375e-01
   1.1000000e+01   6.0000000e+00   3.4571478e-15   4.2209375e-01   4.2209375e-01
   1.2000000e+01   6.0000000e+00   3.5173525e-15   4.3571875e-01   4.3571875e-01
   1.3000000e+01   6.0000000e+00   3.3608170e-15   4.2687500e-01   4.2687500e-01
   1.4000000e+01   6.0000000e+00   3.2383163e-15   4.1259375e-01   4.1259375e-01
   1.5000000e+01   6.0000000e+00   3.2727194e-15   4.1562500e-01   4.1562500e-01
   1.6000000e+01   6.0000000e+00   3.2954628e-15   4.2090625e-01   4.2090625e-01
   1.7000000e+01   6.0000000e+00   3.2162006e-15   4.1637500e-01   4.1637500e-01
   1.8000000e+01   6.0000000e+00   3.1413292e-15   4.0418750e-01   4.0418750e-01
   1.9000000e+01   6.0000000e+00   3.2138826e-15   4.1371875e-01   4.1371875e-01
   1.0000000e+00   7.0000000e+00   3.2135910e-15   4.1578125e-01   4.1578125e-01
   2.0000000e+00   7.0000000e+00   3.1324509e-15   3.9206250e-01   3.9206250e-01
   3.0000000e+00   7.0000000e+00   3.5348091e-15   4.2734375e-01   4.2734375e-01
   4.0000000e+00   7.0000000e+00   3.4539054e-15   4.3553125e-01   4.3553125e-01
   5.0000000e+00   7.0000000e+00   3.3402277e-15   4.2215625e-01   4.2215625e-01
   6.0000000e+00   7.0000000e+00   3.2228370e-15   4.1212500e-01   4.1212500e-01
   7.0000000e+00   7.0000000e+00   3.2638515e-15   4.1668750e-01   4.1668750e-01
   8.0000000e+00   7.0000000e+00   3.3493933e-15   4.2503125e-01   4.2503125e-01
   9.0000000e+00   7.0000000e+00   3.4007227e-15   4.1618750e-01   4.1618750e-01
   1.0000000e+01   7.0000000e+00   3.1446901e-15   3.8256250e-01   3.8256250e-01
   1.1000000e+01   7.0000000e+00   3.2456280e-15   4.1671875e-01   4.1671875e-01
   1.2000000e+01   7.0000000e+00   3.3712320e-15   4.2703125e-01   4.2703125e-01
   1.3000000e+01   7.0000000e+00   3.2701610e-15   4.1734375e-01   4.1734375e-01
   1.4000000e+01   7.0000000e+00   3.2421983e-15   4.0278125e-01   4.0278125e-01
   1.5000000e+01   7.0000000e+00   3.3512198e-15   4.0453125e-01   4.0453125e-01
   1.6000000e+01   7.0000000e+00   3.3655932e-15   4.1306250e-01   4.1306250e-01
   1.7000000e+01   7.0000000e+00   3.3397128e-15   4.0837500e-01   4.0837500e-01
   1.8000000e+01   7.0000000e+00   3.2790976e-15   3.9746875e-01   3.9746875e-01
   1.9000000e+01   7.0000000e+00   3.2491787e-15   3.9165625e-01   3.9165625e-01
   1.0000000e+00   8.0000000e+00   3.2418576e-15   4.1312500e-01   4.1312500e-01
   2.0000000e+00   8.0000000e+00   3.1437796e-15   4.0853125e-01   4.0853125e-01
   3.0000000e+00   8.0000000e+00   3.2942776e-15   4.1831250e-01   4.1831250e-01
   4.0000000e+00   8.0000000e+00   3.3295467e-15   4.2306250e-01   4.2306250e-01
   5.0000000e+00   8.0000000e+00   3.3174194e-15   4.1728125e-01   4.1728125e-01
   6.0000000e+00   8.0000000e+00   3.1329766e-15   4.0159375e-01   4.0159375e-01
   7.0000000e+00   8.0000000e+00   3.2296303e-15   4.0846875e-01   4.0846875e-01
   8.0000000e+00   8.0000000e+00   3.3791569e-15   4.2040625e-01   4.2040625e-01
   9.0000000e+00   8.0000000e+00   3.3376677e-15   4.1550000e-01   4.1550000e-01
   1.0000000e+01   8.0000000e+00   3.2729874e-15   4.0178125e-01   4.0178125e-01
   1.1000000e+01   8.0000000e+00   3.1642786e-15   3.8590625e-01   3.8590625e-01
   1.2000000e+01   8.0000000e+00   3.3143400e-15   4.2150000e-01   4.2150000e-01
   1.3000000e+01   8.0000000e+00   3.2069276e-15   4.1409375e-01   4.1409375e-01
   1.4000000e+01   8.0000000e+00   3.1669997e-15   4.0131250e-01   4.0131250e-01
   1.5000000e+01   8.0000000e+00   3.1330811e-15   4.0268750e-01   4.0268750e-01
   1.6000000e+01   8.0000000e+00   3.2100734e-15   4.1378125e-01   4.1378125e-01
   1.7000000e+01   8.0000000e+00   3.2208038e-15   4.1084375e-01   4.1084375e-01
   1.8000000e+01   8.0000000e+00   3.1267950e-15   3.9990625e-01   3.9990625e-01
   1.9000000e+01   8.0000000e+00   3.1248178e-15   4.0318750e-01   4.0318750e-01
   1.0000000e+00   9.0000000e+00   3.0797039e-15   3.9118750e-01   3.9118750e-01
   2.0000000e+00   9.0000000e+00   3.2592179e-15   4.1434375e-01   4.1434375e-01
   3.0000000e+00   9.0000000e+00   3.2515824e-15   4.1756250e-01   4.1756250e-01
   4.0000000e+00   9.0000000e+00   3.3080988e-15   4.2456250e-01   4.2456250e-01
   5.0000000e+00   9.0000000e+00   3.2460163e-15   4.1300000e-01   4.1300000e-01
   6.0000000e+00   9.0000000e+00   3.1073054e-15   4.0521875e-01   4.0521875e-01
   7.0000000e+00   9.0000000e+00   3.2485444e-15   4.1365625e-01   4.1365625e-01
   8.0000000e+00   9.0000000e+00   3.3896673e-15   4.2803125e-01   4.2803125e-01
   9.0000000e+00   9.0000000e+00   3.3262888e-15   4.2203125e-01   4.2203125e-01
   1.0000000e+01   9.0000000e+00   3.2929752e-15   4.0896875e-01   4.0896875e-01
   1.1000000e+01   9.0000000e+00   3.3791624e-15   4.0956250e-01   4.0956250e-01
   1.2000000e+01   9.0000000e+00   3.4730040e-15   4.1562500e-01   4.1562500e-01
   1.3000000e+01   9.0000000e+00   3.4131347e-15   4.0146875e-01   4.0146875e-01
   1.4000000e+01   9.0000000e+00   3.2362191e-15   3.8462500e-01   3.8462500e-01
   1.5000000e+01   9.0000000e+00   3.2041692e-15   3.8584375e-01   3.8584375e-01
   1.6000000e+01   9.0000000e+00   3.2204867e-15   3.9715625e-01   3.9715625e-01
   1.7000000e+01   9.0000000e+00   3.2580715e-15   4.1740625e-01   4.1740625e-01
   1.8000000e+01   9.0000000e+00   3.1967321e-15   4.0875000e-01   4.0875000e-01
   1.9000000e+01   9.0000000e+00   3.1170895e-15   3.9690625e-01   3.9690625e-01
   1.0000000e+00   1.0000000e+01   3.4846200e-15   4.2281250e-01   4.2281250e-01
   2.0000000e+00   1.0000000e+01   3.3244668e-15   4.1887500e-01   4.1887500e-01
   3.0000000e+00   1.0000000e+01   3.3041952e-15   4.2184375e-01   4.2184375e-01
   4.0000000e+00   1.0000000e+01   3.3776543e-15   4.2853125e-01   4.2853125e-01
   5.0000000e+00   1.0000000e+01   3.2251552e-15   3.9959375e-01   3.9959375e-01
   6.0000000e+00   1.0000000e+01   3.3309287e-15   3.9493750e-01   3.9493750e-01
   7.0000000e+00   1.0000000e+01   3.4546849e-15   4.1800000e-01   4.1800000e-01
   8.0000000e+00   1.0000000e+01   3.5299573e-15   4.3265625e-01   4.3265625e-01
   9.0000000e+00   1.0000000e+01   3.4431099e-15   4.2568750e-01   4.2568750e-01
   1.0000000e+01   1.0000000e+01   3.3090436e-15   4.1543750e-01   4.1543750e-01
   1.1000000e+01   1.0000000e+01   3.2800508e-15   4.1571875e-01   4.1571875e-01
   1.2000000e+01   1.0000000e+01   3.3679375e-15   4.2728125e-01   4.2728125e-01
   1.3000000e+01   1.0000000e+01   3.3122004e-15   4.1900000e-01   4.1900000e-01
   1.4000000e+01   1.0000000e+01   3.2257886e-15   4.0668750e-01   4.0668750e-01
   1.5000000e+01   1.0000000e+01   3.2850654e-15   4.1443750e-01   4.1443750e-01
   1.6000000e+01   1.0000000e+01   3.3343214e-15   4.2671875e-01   4.2671875e-01
   1.7000000e+01   1.0000000e+01   3.3696344e-15   4.2503125e-01   4.2503125e-01
   1.8000000e+01   1.0000000e+01   3.1948204e-15   4.0943750e-01   4.0943750e-01
   1.9000000e+01   1.0000000e+01   3.2983810e-15   4.1187500e-01   4.1187500e-01
   1.0000000e+00   1.1000000e+01   3.3669895e-15   4.2634375e-01   4.2634375e-01
   2.0000000e+00   1.1000000e+01   3.2567733e-15   4.1778125e-01   4.1778125e-01
   3.0000000e+00   1.1000000e+01   3.3035470e-15   4.1993750e-01   4.1993750e-01
   4.0000000e+00   1.1000000e+01   3.2943130e-15   4.0075000e-01   4.0075000e-01
   5.0000000e+00   1.1000000e+01   3.4614597e-15   4.0578125e-01   4.0578125e-01
   6.0000000e+00   1.1000000e+01   3.3680939e-15   4.0665625e-01   4.0665625e-01
   7.0000000e+00   1.1000000e+01   3.4790280e-15   4.1940625e-01   4.1940625e-01
   8.0000000e+00   1.1000000e+01   3.4985959e-15   4.3037500e-01   4.3037500e-01
   9.0000000e+00   1.1000000e+01   3.4601351e-15   4.1875000e-01   4.1875000e-01
   1.0000000e+01   1.1000000e+01   3.2755638e-15   3.8906250e-01   3.8906250e-01
   1.1000000e+01   1.1000000e+01   3.1465377e-15   3.8181250e-01   3.8181250e-01
   1.2000000e+01   1.1000000e+01   3.2484951e-15   3.9281250e-01   3.9281250e-01
   1.3000000e+01   1.1000000e+01   3.3080486e-15   3.9871875e-01   3.9871875e-01
   1.4000000e+01   1.1000000e+01   3.3293170e-15   4.0528125e-01   4.0528125e-01
   1.5000000e+01   1.1000000e+01   3.3647119e-15   4.1078125e-01   4.1078125e-01
   1.6000000e+01   1.1000000e+01   3.4906337e-15   4.1203125e-01   4.1203125e-01
   1.7000000e+01   1.1000000e+01   3.1429895e-15   3.8478125e-01   3.8478125e-01
   1.8000000e+01   1.1000000e+01   3.0312309e-15   3.8137500e-01   3.8137500e-01
   1.9000000e+01   1.1000000e+01   3.0359197e-15   3.8831250e-01   3.8831250e-01
   1.0000000e+00   1.2000000e+01   3.1282640e-15   3.8850000e-01   3.8850000e-01
   2.0000000e+00   1.2000000e+01   3.0739780e-15   3.8721875e-01   3.8721875e-01
   3.0000000e+00   1.2000000e+01   3.2968700e-15   4.1875000e-01   4.1875000e-01
   4.0000000e+00   1.2000000e+01   3.3215122e-15   4.2268750e-01   4.2268750e-01
   5.0000000e+00   1.2000000e+01   3.2645468e-15   4.1603125e-01   4.1603125e-01
   6.0000000e+00   1.2000000e+01   3.1849588e-15   4.0378125e-01   4.0378125e-01
   7.0000000e+00   1.2000000e+01   3.2581994e-15   4.1431250e-01   4.1431250e-01
   8.0000000e+00   1.2000000e+01   3.3107366e-15   4.2153125e-01   4.2153125e-01
   9.0000000e+00   1.2000000e+01   3.2795726e-15   4.1415625e-01   4.1415625e-01
   1.0000000e+01   1.2000000e+01   3.1428509e-15   4.0246875e-01   4.0246875e-01
   1.1000000e+01   1.2000000e+01   3.2636672e-15   4.0843750e-01   4.0843750e-01
   1.2000000e+01   1.2000000e+01   3.1680709e-15   3.9031250e-01   3.9031250e-01
   1.3000000e+01   1.2000000e+01   3.2731381e-15   4.1568750e-01   4.1568750e-01
   1.4000000e+01   1.2000000e+01   3.1459858e-15   4.0071875e-01   4.0071875e-01
   1.5000000e+01   1.2000000e+01   3.2341252e-15   4.0728125e-01   4.0728125e-01
   1.6000000e+01   1.2000000e+01   3.2955578e-15   4.1603125e-01   4.1603125e-01
   1.7000000e+01   1.2000000e+01   3.2195583e-15   4.0837500e-01   4.0837500e-01
   1.8000000e+01   1.2000000e+01   3.1661378e-15   3.9503125e-01   3.9503125e-01
   1.9000000e+01   1.2000000e+01   3.2375818e-15   4.0018750e-01   4.0018750e-01
   1.0000000e+00   1.3000000e+01   3.3595137e-15   4.1087500e-01   4.1087500e-01
   2.0000000e+00   1.3000000e+01   3.3059873e-15   3.9575000e-01   3.9575000e-01
   3.0000000e+00   1.3000000e+01   3.2528880e-15   3.8909375e-01   3.8909375e-01
   4.0000000e+00   1.3000000e+01   3.1900730e-15   4.0112500e-01   4.0112500e-01
   5.0000000e+00   1.3000000e+01   3.1724698e-15   4.0831250e-01   4.0831250e-01
   6.0000000e+00   1.3000000e+01   3.1390100e-15   4.0193750e-01   4.0193750e-01
   7.0000000e+00   1.3000000e+01   3.2711219e-15   4.1406250e-01   4.1406250e-01
   8.0000000e+00   1.3000000e+01   3.1521186e-15   3.9809375e-01   3.9809375e-01
   9.0000000e+00   1.3000000e+01   3.2900579e-15   3.9231250e-01   3.9231250e-01
   1.0000000e+01   1.3000000e+01   3.2259277e-15   3.9940625e-01   3.9940625e-01
   1.1000000e+01   1.3000000e+01   3.3287663e-15   4.1343750e-01   4.1343750e-01
   1.2000000e+01   1.3000000e+01   3.3965384e-15   4.2515625e-01   4.2515625e-01
   1.3000000e+01   1.3000000e+01   3.3500955e-15   4.1443750e-01   4.1443750e-01
   1.4000000e+01   1.3000000e+01   3.3403470e-15   3.9890625e-01   3.9890625e-01
   1.5000000e+01   1.3000000e+01   3.0509845e-15   3.8456250e-01   3.8456250e-01
   1.6000000e+01   1.3000000e+01   3.3375347e-15   4.2018750e-01   4.2018750e-01
   1.7000000e+01   1.3000000e+01   3.1858082e-15   4.1228125e-01   4.1228125e-01
   1.8000000e+01   1.3000000e+01   3.1011330e-15   3.9725000e-01   3.9725000e-01
   1.9000000e+01   1.3000000e+01   3.1823770e-15   4.0525000e-01   4.0525000e-01
   1.0000000e+00   1.4000000e+01   3.2940246e-15   4.1453125e-01   4.1453125e-01
   2.0000000e+00   1.4000000e+01   3.2065810e-15   4.1096875e-01   4.1096875e-01
   3.0000000e+00   1.4000000e+01   3.3403876e-15   4.2218750e-01   4.2218750e-01
   4.0000000e+00   1.4000000e+01   3.4469774e-15   4.3465625e-01   4.3465625e-01
   5.0000000e+00   1.4000000e+01   3.3371278e-15   4.2543750e-01   4.2543750e-01
   6.0000000e+00   1.4000000e+01   3.2896561e-15   4.1762500e-01   4.1762500e-01
   7.0000000e+00   1.4000000e+01   3.2285059e-15   4.0675000e-01   4.0675000e-01
   8.0000000e+00   1.4000000e+01   3.2110164e-15   4.0612500e-01   4.0612500e-01
   9.0000000e+00   1.4000000e+01   3.1877194e-15   4.0568750e-01   4.0568750e-01
   1.0000000e+01   1.4000000e+01   3.1858811e-15   4.0434375e-01   4.0434375e-01
   1.1000000e+01   1.4000000e+01   3.1943909e-15   3.9553125e-01   3.9553125e-01
   1.2000000e+01   1.4000000e+01   3.4694266e-15   4.1859375e-01   4.1859375e-01
   1.3000000e+01   1.4000000e+01   3.4076834e-15   4.2209375e-01   4.2209375e-01
   1.4000000e+01   1.4000000e+01   3.3456312e-15   4.1287500e-01   4.1287500e-01
   1.5000000e+01   1.4000000e+01   3.2643013e-15   4.1281250e-01   4.1281250e-01
   1.6000000e+01   1.4000000e+01   3.4574178e-15   4.2221875e-01   4.2221875e-01
   1.7000000e+01   1.4000000e+01   3.3579349e-15   4.0637500e-01   4.0637500e-01
   1.8000000e+01   1.4000000e+01   3.1592573e-15   3.7715625e-01   3.7715625e-01
   1.9000000e+01   1.4000000e+01   3.1946419e-15   3.8471875e-01   3.8471875e-01
   1.0000000e+00   1.5000000e+01   3.1774975e-15   3.8812500e-01   3.8812500e-01
   2.0000000e+00   1.5000000e+01   3.2019070e-15   3.8612500e-01   3.8612500e-01
   3.0000000e+00   1.5000000e+01   3.3523681e-15   4.0121875e-01   4.0121875e-01
   4.0000000e+00   1.5000000e+01   3.3686102e-15   4.1821875e-01   4.1821875e-01
   5.0000000e+00   1.5000000e+01   3.3639434e-15   4.2659375e-01   4.2659375e-01
   6.0000000e+00   1.5000000e+01   3.2692797e-15   4.1828125e-01   4.1828125e-01
   7.0000000e+00   1.5000000e+01   3.3110484e-15   4.2165625e-01   4.2165625e-01
   8.0000000e+00   1.5000000e+01   3.3932523e-15   4.2850000e-01   4.2850000e-01
   9.0000000e+00   1.5000000e+01   3.3451687e-15   4.2246875e-01   4.2246875e-01
   1.0000000e+01   1.5000000e+01   3.2890800e-15   4.1096875e-01   4.1096875e-01
   1.1000000e+01   1.5000000e+01   3.3971702e-15   4.1968750e-01   4.1968750e-01
   1.2000000e+01   1.5000000e+01   3.4496238e-15   4.1437500e-01   4.1437500e-01
   1.3000000e+01   1.5000000e+01   3.2689356e-15   4.0668750e-01   4.0668750e-01
   1.4000000e+01   1.5000000e+01   3.2381916e-15   4.1112500e-01   4.1112500e-01
   1.5000000e+01   1.5000000e+01   3.2329885e-15   4.1415625e-01   4.1415625e-01
   1.6000000e+01   1.5000000e+01   3.3133587e-15   4.2143750e-01   4.2143750e-01
   1.7000000e+01   1.5000000e+01   3.2338427e-15   4.1468750e-01   4.1468750e-01
   1.8000000e+01   1.5000000e+01   3.2119261e-15   4.0168750e-01   4.0168750e-01
   1.9000000e+01   1.5000000e+01   3.2826361e-15   4.0693750e-01   4.0693750e-01
   1.0000000e+00   1.6000000e+01   3.2769064e-15   4.1568750e-01   4.1568750e-01
   2.0000000e+00   1.6000000e+01   3.2414994e-15   4.1231250e-01   4.1231250e-01
   3.0000000e+00   1.6000000e+01   3.4921192e-15   4.1303125e-01   4.1303125e-01
   4.0000000e+00   1.6000000e+01   3.3620161e-15   4.3237500e-01   4.3237500e-01
   5.0000000e+00   1.6000000e+01   3.3514112e-15   4.2284375e-01   4.2284375e-01
   6.0000000e+00   1.6000000e+01   3.2076527e-15   4.0812500e-01   4.0812500e-01
   7.0000000e+00   1.6000000e+01   3.2772135e-15   4.1253125e-01   4.1253125e-01
   8.0000000e+00   1.6000000e+01   3.4164352e-15   4.2025000e-01   4.2025000e-01
   9.0000000e+00   1.6000000e+01   3.3097617e-15   3.9400000e-01   3.9400000e-01
   1.0000000e+01   1.6000000e+01   3.0830656e-15   3.7381250e-01   3.7381250e-01
   1.1000000e+01   1.6000000e+01   3.2920072e-15   3.9290625e-01   3.9290625e-01
   1.2000000e+01   1.6000000e+01   3.4725534e-15   4.2046875e-01   4.2046875e-01
   1.3000000e+01   1.6000000e+01   3.4347738e-15   4.1587500e-01   4.1587500e-01
   1.4000000e+01   1.6000000e+01   3.2966415e-15   3.9884375e-01   3.9884375e-01
   1.5000000e+01   1.6000000e+01   3.2545191e-15   3.9425000e-01   3.9425000e-01
   1.6000000e+01   1.6000000e+01   3.1832183e-15   3.8618750e-01   3.8618750e-01
   1.7000000e+01   1.6000000e+01   3.0971083e-15   3.9896875e-01   3.9896875e-01
   1.8000000e+01   1.6000000e+01   3.1092312e-15   3.9943750e-01   3.9943750e-01
   1.9000000e+01   1.6000000e+01   3.1310031e-15   4.0103125e-01   4.0103125e-01
   1.0000000e+00   1.7000000e+01   3.1328525e-15   3.8225000e-01   3.8225000e-01
   2.0000000e+00   1.7000000e+01   3.3136730e-15   4.0281250e-01   4.0281250e-01
   3.0000000e+00   1.7000000e+01   3.3358541e-15   4.1903125e-01   4.1903125e-01
   4.0000000e+00   1.7000000e+01   3.3790470e-15   4.2515625e-01   4.2515625e-01
   5.0000000e+00   1.7000000e+01   3.2290494e-15   4.1437500e-01   4.1437500e-01
   6.0000000e+00   1.7000000e+01   3.1390720e-15   4.0375000e-01   4.0375000e-01
   7.0000000e+00   1.7000000e+01   3.1821777e-15   4.1018750e-01   4.1018750e-01
   8.0000000e+00   1.7000000e+01   3.1721299e-15   4.0956250e-01   4.0956250e-01
   9.0000000e+00   1.7000000e+01   3.3217444e-15   3.9750000e-01   3.9750000e-01
   1.0000000e+01   1.7000000e+01   3.2577092e-15   4.0559375e-01   4.0559375e-01
   1.1000000e+01   1.7000000e+01   3.2832520e-15   4.1134375e-01   4.1134375e-01
   1.2000000e+01   1.7000000e+01   3.2997632e-15   4.2134375e-01   4.2134375e-01
   1.3000000e+01   1.7000000e+01   3.1793684e-15   4.0806250e-01   4.0806250e-01
   1.4000000e+01   1.7000000e+01   3.0608439e-15   3.9809375e-01   3.9809375e-01
   1.5000000e+01   1.7000000e+01   3.1353314e-15   4.0546875e-01   4.0546875e-01
   1.6000000e+01   1.7000000e+01   3.1904570e-15   4.0509375e-01   4.0509375e-01
   1.7000000e+01   1.7000000e+01   3.2210271e-15   3.8334375e-01   3.8334375e-01
   1.8000000e+01   1.7000000e+01   3.2265101e-15   3.9365625e-01   3.9365625e-01
   1.9000000e+01   1.7000000e+01   3.2892583e-15   4.0209375e-01   4.0209375e-01
   1.0000000e+00   1.8000000e+01   3.2776463e-15   3.9325000e-01   3.9325000e-01
   2.0000000e+00   1.8000000e+01   3.1479812e-15   3.8068750e-01   3.8068750e-01
   3.0000000e+00   1.8000000e+01   3.1057099e-15   3.9221875e-01   3.9221875e-01
   4.0000000e+00   1.8000000e+01   3.2158393e-15   4.1359375e-01   4.1359375e-01
   5.0000000e+00   1.8000000e+01   3.2483584e-15   4.1293750e-01   4.1293750e-01
   6.0000000e+00   1.8000000e+01   3.1345147e-15   4.0640625e-01   4.0640625e-01
   7.0000000e+00   1.8000000e+01   3.2249252e-15   4.1075000e-01   4.1075000e-01
   8.0000000e+00   1.8000000e+01   3.3410122e-15   4.2343750e-01   4.2343750e-01
   9.0000000e+00   1.8000000e+01   3.3397399e-15   4.1525000e-01   4.1525000e-01
   1.0000000e+01   1.8000000e+01   3.3513109e-15   4.0159375e-01   4.0159375e-01
   1.1000000e+01   1.8000000e+01   3.1975778e-15   3.8537500e-01   3.8537500e-01
   1.2000000e+01   1.8000000e+01   3.2541300e-15   3.9143750e-01   3.9143750e-01
   1.3000000e+01   1.8000000e+01   3.0848778e-15   3.8381250e-01   3.8381250e-01
   1.4000000e+01   1.8000000e+01   3.1572573e-15   4.0209375e-01   4.0209375e-01
   1.5000000e+01   1.8000000e+01   3.2002323e-15   4.0853125e-01   4.0853125e-01
   1.6000000e+01   1.8000000e+01   3.2918181e-15   4.1915625e-01   4.1915625e-01
   1.7000000e+01   1.8000000e+01   3.2293238e-15   4.1425000e-01   4.1425000e-01
   1.8000000e+01   1.8000000e+01   3.1659819e-15   4.0412500e-01   4.0412500e-01
   1.9000000e+01   1.8000000e+01   3.1728901e-15   4.0390625e-01   4.0390625e-01
   1.0000000e+00   1.9000000e+01   3.3750636e-15   4.1862500e-01   4.1862500e-01
   2.0000000e+00   1.9000000e+01   3.3403253e-15   4.1156250e-01   4.1156250e-01
   3.0000000e+00   1.9000000e+01   3.3410711e-15   4.0331250e-01   4.0331250e-01
   4.0000000e+00   1.9000000e+01   3.2104394e-15   3.9521875e-01   3.9521875e-01
   5.0000000e+00   1.9000000e+01   3.2436374e-15   4.1506250e-01   4.1506250e-01
   6.0000000e+00   1.9000000e+01   3.1837210e-15   4.0890625e-01   4.0890625e-01
   7.0000000e+00   1.9000000e+01   3.2888489e-15   4.1796875e-01   4.1796875e-01
   8.0000000e+00   1.9000000e+01   3.4040365e-15   4.3090625e-01   4.3090625e-01
   9.0000000e+00   1.9000000e+01   3.3008961e-15   4.2271875e-01   4.2271875e-01
   1.0000000e+01   1.9000000e+01   3.2228599e-15   4.1418750e-01   4.1418750e-01
   1.1000000e+01   1.9000000e+01   3.2549738e-15   4.1662500e-01   4.1662500e-01
   1.2000000e+01   1.9000000e+01   3.3124391e-15   4.2587500e-01   4.2587500e-01
   1.3000000e+01   1.9000000e+01   3.2071578e-15   4.1390625e-01   4.1390625e-01
   1.4000000e+01   1.9000000e+01   3.1728285e-15   4.0431250e-01   4.0431250e-01
   1.5000000e+01   1.9000000e+01   3.2396899e-15   4.1425000e-01   4.1425000e-01
   1.6000000e+01   1.9000000e+01   3.3212450e-15   4.2481250e-01   4.2481250e-01
   1.7000000e+01   1.9000000e+01   3.2778784e-15   4.1675000e-01   4.1675000e-01
   1.8000000e+01   1.9000000e+01   3.2087972e-15   4.0578125e-01   4.0578125e-01
   1.9000000e+01   1.9000000e+01   3.1842752e-15   4.0612500e-01   4.0612500e-01
