   1.0000000e+00   1.0000000e+00   9.0009408e-15   9.4828125e-01   9.4828125e-01
   2.0000000e+00   1.0000000e+00   8.7916742e-15   9.1914063e-01   9.1914063e-01
   3.0000000e+00   1.0000000e+00   8.5565787e-15   8.9367188e-01   8.9367188e-01
   4.0000000e+00   1.0000000e+00   8.3387054e-15   8.6351563e-01   8.6351563e-01
   5.0000000e+00   1.0000000e+00   8.3050371e-15   8.6507813e-01   8.6507813e-01
   6.0000000e+00   1.0000000e+00   8.6647360e-15   8.9468750e-01   8.9468750e-01
   7.0000000e+00   1.0000000e+00   8.8249766e-15   9.1359375e-01   9.1359375e-01
   8.0000000e+00   1.0000000e+00   8.9740518e-15   9.3359375e-01   9.3359375e-01
   9.0000000e+00   1.0000000e+00   8.9068385e-15   9.2773438e-01   9.2773438e-01
   1.0000000e+01   1.0000000e+00   8.7930553e-15   9.0242188e-01   9.0242188e-01
   1.1000000e+01   1.0000000e+00   8.5063576e-15   8.7585938e-01   8.7585938e-01
   1.2000000e+01   1.0000000e+00   8.3015080e-15   8.4734375e-01   8.4734375e-01
   1.3000000e+01   1.0000000e+00   8.1914344e-15   8.5546875e-01   8.5546875e-01
   1.4000000e+01   1.0000000e+00   8.6368839e-15   8.8984375e-01   8.8984375e-01
   1.5000000e+01   1.0000000e+00   8.8394001e-15   9.2210938e-01   9.2210938e-01
   1.6000000e+01   1.0000000e+00   9.0911428e-15   9.5226563e-01   9.5226563e-01
   1.7000000e+01   1.0000000e+00   9.1305753e-15   9.5640625e-01   9.5640625e-01
   1.8000000e+01   1.0000000e+00   8.9559812e-15   9.4085938e-01   9.4085938e-01
   1.9000000e+01   1.0000000e+00   8.6753387e-15   9.0906250e-01   9.0906250e-01
   2.0000000e+01   1.0000000e+00   8.3744465e-15   8.7000000e-01   8.7000000e-01
   2.1000000e+01   1.0000000e+00   8.2599347e-15   8.5437500e-01   8.5437500e-01
   2.2000000e+01   1.0000000e+00   8.3755050e-15   8.6992188e-01   8.6992188e-01
   2.3000000e+01   1.0000000e+00   8.6391043e-15   8.9757813e-01   8.9757813e-01
   2.4000000e+01   1.0000000e+00   8.7669307e-15   9.2156250e-01   9.2156250e-01
   2.5000000e+01   1.0000000e+00   8.8902354e-15   9.2734375e-01   9.2734375e-01
   2.6000000e+01   1.0000000e+00   8.6910590e-15   9.1062500e-01   9.1062500e-01
   2.7000000e+01   1.0000000e+00   8.5722298e-15   8.9273438e-01   8.9273438e-01
   2.8000000e+01   1.0000000e+00   8.2949445e-15   8.5718750e-01   8.5718750e-01
   2.9000000e+01   1.0000000e+00   8.1228073e-15   8.3984375e-01   8.3984375e-01
   3.0000000e+01   1.0000000e+00   8.3308428e-15   8.6656250e-01   8.6656250e-01
   3.1000000e+01   1.0000000e+00   8.6037873e-15   9.0250000e-01   9.0250000e-01
   3.2000000e+01   1.0000000e+00   8.9557852e-15   9.3773438e-01   9.3773438e-01
   3.3000000e+01   1.0000000e+00   9.0885078e-15   9.5421875e-01   9.5421875e-01
   3.4000000e+01   1.0000000e+00   9.0146051e-15   9.4570313e-01   9.4570313e-01
   3.5000000e+01   1.0000000e+00   8.8048393e-15   9.2085938e-01   9.2085938e-01
   1.0000000e+00   2.0000000e+00   9.0509571e-15   9.4429688e-01   9.4429688e-01
   2.0000000e+00   2.0000000e+00   8.7739620e-15   9.1656250e-01   9.1656250e-01
   3.0000000e+00   2.0000000e+00   8.5986264e-15   8.8820313e-01   8.8820313e-01
   4.0000000e+00   2.0000000e+00   8.3608013e-15   8.6539063e-01   8.6539063e-01
   5.0000000e+00   2.0000000e+00   8.4707379e-15   8.7093750e-01   8.7093750e-01
   6.0000000e+00   2.0000000e+00   8.6210309e-15   9.0046875e-01   9.0046875e-01
   7.0000000e+00   2.0000000e+00   8.8323624e-15   9.1890625e-01   9.1890625e-01
   8.0000000e+00   2.0000000e+00   9.0032424e-15   9.3195313e-01   9.3195313e-01
   9.0000000e+00   2.0000000e+00   8.9007026e-15   9.2625000e-01   9.2625000e-01
   1.0000000e+01   2.0000000e+00   8.6962401e-15   9.0125000e-01   9.0125000e-01
   1.1000000e+01   2.0000000e+00   8.4014688e-15   8.7273438e-01   8.7273438e-01
   1.2000000e+01   2.0000000e+00   8.2432998e-15   8.4976563e-01   8.4976563e-01
   1.3000000e+01   2.0000000e+00   8.2988760e-15   8.5796875e-01   8.5796875e-01
   1.4000000e+01   2.0000000e+00   8.6313964e-15   8.9492188e-01   8.9492188e-01
   1.5000000e+01   2.0000000e+00   8.9544910e-15   9.2789063e-01   9.2789063e-01
   1.6000000e+01   2.0000000e+00   9.1580254e-15   9.5718750e-01   9.5718750e-01
   1.7000000e+01   2.0000000e+00   9.2213005e-15   9.5406250e-01   9.5406250e-01
   1.8000000e+01   2.0000000e+00   8.9987923e-15   9.3648438e-01   9.3648438e-01
   1.9000000e+01   2.0000000e+00   8.7133534e-15   9.0703125e-01   9.0703125e-01
   2.0000000e+01   2.0000000e+00   8.3959391e-15   8.7046875e-01   8.7046875e-01
   2.1000000e+01   2.0000000e+00   8.2236557e-15   8.6156250e-01   8.6156250e-01
   2.2000000e+01   2.0000000e+00   8.4093823e-15   8.7390625e-01   8.7390625e-01
   2.3000000e+01   2.0000000e+00   8.7085267e-15   9.0523438e-01   9.0523438e-01
   2.4000000e+01   2.0000000e+00   8.9097036e-15   9.2515625e-01   9.2515625e-01
   2.5000000e+01   2.0000000e+00   8.9971563e-15   9.2992188e-01   9.2992188e-01
   2.6000000e+01   2.0000000e+00   8.7345458e-15   9.1195313e-01   9.1195313e-01
   2.7000000e+01   2.0000000e+00   8.5817968e-15   8.8898438e-01   8.8898438e-01
   2.8000000e+01   2.0000000e+00   8.2713620e-15   8.5515625e-01   8.5515625e-01
   2.9000000e+01   2.0000000e+00   8.2141876e-15   8.4289063e-01   8.4289063e-01
   3.0000000e+01   2.0000000e+00   8.5052145e-15   8.7656250e-01   8.7656250e-01
   3.1000000e+01   2.0000000e+00   8.7022503e-15   9.0398438e-01   9.0398438e-01
   3.2000000e+01   2.0000000e+00   9.0894012e-15   9.4796875e-01   9.4796875e-01
   3.3000000e+01   2.0000000e+00   9.0934817e-15   9.5640625e-01   9.5640625e-01
   3.4000000e+01   2.0000000e+00   9.0431770e-15   9.4312500e-01   9.4312500e-01
   3.5000000e+01   2.0000000e+00   8.7702293e-15   9.1796875e-01   9.1796875e-01
   1.0000000e+00   3.0000000e+00   8.9738021e-15   9.4226563e-01   9.4226563e-01
   2.0000000e+00   3.0000000e+00   8.8265582e-15   9.1335938e-01   9.1335938e-01
   3.0000000e+00   3.0000000e+00   8.5861251e-15   8.8273438e-01   8.8273438e-01
   4.0000000e+00   3.0000000e+00   8.3942582e-15   8.6242188e-01   8.6242188e-01
   5.0000000e+00   3.0000000e+00   8.4243769e-15   8.7742188e-01   8.7742188e-01
   6.0000000e+00   3.0000000e+00   8.8077473e-15   9.0500000e-01   9.0500000e-01
   7.0000000e+00   3.0000000e+00   8.9386223e-15   9.2351563e-01   9.2351563e-01
   8.0000000e+00   3.0000000e+00   8.9993257e-15   9.3585938e-01   9.3585938e-01
   9.0000000e+00   3.0000000e+00   8.8504812e-15   9.2515625e-01   9.2515625e-01
   1.0000000e+01   3.0000000e+00   8.5925333e-15   8.9539063e-01   8.9539063e-01
   1.1000000e+01   3.0000000e+00   8.4948573e-15   8.6796875e-01   8.6796875e-01
   1.2000000e+01   3.0000000e+00   8.3274073e-15   8.4890625e-01   8.4890625e-01
   1.3000000e+01   3.0000000e+00   8.3453140e-15   8.6195313e-01   8.6195313e-01
   1.4000000e+01   3.0000000e+00   8.6313339e-15   8.9609375e-01   8.9609375e-01
   1.5000000e+01   3.0000000e+00   8.8716021e-15   9.3335938e-01   9.3335938e-01
   1.6000000e+01   3.0000000e+00   9.1263376e-15   9.5882813e-01   9.5882813e-01
   1.7000000e+01   3.0000000e+00   9.0611088e-15   9.5445313e-01   9.5445313e-01
   1.8000000e+01   3.0000000e+00   8.9910676e-15   9.3812500e-01   9.3812500e-01
   1.9000000e+01   3.0000000e+00   8.6571816e-15   8.9953125e-01   8.9953125e-01
   2.0000000e+01   3.0000000e+00   8.3974605e-15   8.7351563e-01   8.7351563e-01
   2.1000000e+01   3.0000000e+00   8.3560078e-15   8.6421875e-01   8.6421875e-01
   2.2000000e+01   3.0000000e+00   8.4162379e-15   8.8429688e-01   8.8429688e-01
   2.3000000e+01   3.0000000e+00   8.6735731e-15   9.1039063e-01   9.1039063e-01
   2.4000000e+01   3.0000000e+00   8.7938268e-15   9.2898438e-01   9.2898438e-01
   2.5000000e+01   3.0000000e+00   8.8616855e-15   9.2687500e-01   9.2687500e-01
   2.6000000e+01   3.0000000e+00   8.7573788e-15   9.1625000e-01   9.1625000e-01
   2.7000000e+01   3.0000000e+00   8.5384241e-15   8.8593750e-01   8.8593750e-01
   2.8000000e+01   3.0000000e+00   8.2156244e-15   8.5179688e-01   8.5179688e-01
   2.9000000e+01   3.0000000e+00   8.2420689e-15   8.5070313e-01   8.5070313e-01
   3.0000000e+01   3.0000000e+00   8.4580275e-15   8.7632813e-01   8.7632813e-01
   3.1000000e+01   3.0000000e+00   8.6845513e-15   9.0968750e-01   9.0968750e-01
   3.2000000e+01   3.0000000e+00   9.0791406e-15   9.4945313e-01   9.4945313e-01
   3.3000000e+01   3.0000000e+00   9.1665535e-15   9.5828125e-01   9.5828125e-01
   3.4000000e+01   3.0000000e+00   9.1030363e-15   9.4125000e-01   9.4125000e-01
   3.5000000e+01   3.0000000e+00   8.8012493e-15   9.1695313e-01   9.1695313e-01
   1.0000000e+00   4.0000000e+00   9.0097549e-15   9.4312500e-01   9.4312500e-01
   2.0000000e+00   4.0000000e+00   8.8228941e-15   9.1390625e-01   9.1390625e-01
   3.0000000e+00   4.0000000e+00   8.5315543e-15   8.8218750e-01   8.8218750e-01
   4.0000000e+00   4.0000000e+00   8.3633830e-15   8.6835938e-01   8.6835938e-01
   5.0000000e+00   4.0000000e+00   8.5541481e-15   8.8507813e-01   8.8507813e-01
   6.0000000e+00   4.0000000e+00   8.7242376e-15   9.0937500e-01   9.0937500e-01
   7.0000000e+00   4.0000000e+00   8.9081312e-15   9.3007813e-01   9.3007813e-01
   8.0000000e+00   4.0000000e+00   8.9583249e-15   9.3851563e-01   9.3851563e-01
   9.0000000e+00   4.0000000e+00   8.8770071e-15   9.2250000e-01   9.2250000e-01
   1.0000000e+01   4.0000000e+00   8.5679192e-15   8.9406250e-01   8.9406250e-01
   1.1000000e+01   4.0000000e+00   8.2520992e-15   8.6460938e-01   8.6460938e-01
   1.2000000e+01   4.0000000e+00   8.1336215e-15   8.4554688e-01   8.4554688e-01
   1.3000000e+01   4.0000000e+00   8.3301446e-15   8.5976563e-01   8.5976563e-01
   1.4000000e+01   4.0000000e+00   8.6388900e-15   8.9789063e-01   8.9789063e-01
   1.5000000e+01   4.0000000e+00   8.9537064e-15   9.3718750e-01   9.3718750e-01
   1.6000000e+01   4.0000000e+00   9.1544633e-15   9.5921875e-01   9.5921875e-01
   1.7000000e+01   4.0000000e+00   9.1684534e-15   9.5273438e-01   9.5273438e-01
   1.8000000e+01   4.0000000e+00   8.9723035e-15   9.3046875e-01   9.3046875e-01
   1.9000000e+01   4.0000000e+00   8.6345382e-15   8.9882813e-01   8.9882813e-01
   2.0000000e+01   4.0000000e+00   8.3515173e-15   8.6992188e-01   8.6992188e-01
   2.1000000e+01   4.0000000e+00   8.4573096e-15   8.6703125e-01   8.6703125e-01
   2.2000000e+01   4.0000000e+00   8.5485764e-15   8.8953125e-01   8.8953125e-01
   2.3000000e+01   4.0000000e+00   8.7134731e-15   9.1031250e-01   9.1031250e-01
   2.4000000e+01   4.0000000e+00   9.0036266e-15   9.3351563e-01   9.3351563e-01
   2.5000000e+01   4.0000000e+00   9.0139089e-15   9.3171875e-01   9.3171875e-01
   2.6000000e+01   4.0000000e+00   8.8316998e-15   9.1343750e-01   9.1343750e-01
   2.7000000e+01   4.0000000e+00   8.6168692e-15   8.8226563e-01   8.8226563e-01
   2.8000000e+01   4.0000000e+00   8.3052188e-15   8.5148438e-01   8.5148438e-01
   2.9000000e+01   4.0000000e+00   8.1946670e-15   8.5031250e-01   8.5031250e-01
   3.0000000e+01   4.0000000e+00   8.5646746e-15   8.7890625e-01   8.7890625e-01
   3.1000000e+01   4.0000000e+00   8.7673779e-15   9.1492188e-01   9.1492188e-01
   3.2000000e+01   4.0000000e+00   9.0835524e-15   9.4914063e-01   9.4914063e-01
   3.3000000e+01   4.0000000e+00   9.2255814e-15   9.6132813e-01   9.6132813e-01
   3.4000000e+01   4.0000000e+00   8.9270568e-15   9.3796875e-01   9.3796875e-01
   3.5000000e+01   4.0000000e+00   8.7235166e-15   9.1679688e-01   9.1679688e-01
   1.0000000e+00   5.0000000e+00   8.9613043e-15   9.3773438e-01   9.3773438e-01
   2.0000000e+00   5.0000000e+00   8.6878636e-15   9.0968750e-01   9.0968750e-01
   3.0000000e+00   5.0000000e+00   8.5586331e-15   8.8445313e-01   8.8445313e-01
   4.0000000e+00   5.0000000e+00   8.3656092e-15   8.6648438e-01   8.6648438e-01
   5.0000000e+00   5.0000000e+00   8.5453532e-15   8.8828125e-01   8.8828125e-01
   6.0000000e+00   5.0000000e+00   8.7092714e-15   9.0921875e-01   9.0921875e-01
   7.0000000e+00   5.0000000e+00   8.9335155e-15   9.3445313e-01   9.3445313e-01
   8.0000000e+00   5.0000000e+00   8.9867608e-15   9.3726563e-01   9.3726563e-01
   9.0000000e+00   5.0000000e+00   8.8455870e-15   9.2437500e-01   9.2437500e-01
   1.0000000e+01   5.0000000e+00   8.5869868e-15   8.9421875e-01   8.9421875e-01
   1.1000000e+01   5.0000000e+00   8.3312827e-15   8.6210938e-01   8.6210938e-01
   1.2000000e+01   5.0000000e+00   8.1818258e-15   8.4726563e-01   8.4726563e-01
   1.3000000e+01   5.0000000e+00   8.2863938e-15   8.6054688e-01   8.6054688e-01
   1.4000000e+01   5.0000000e+00   8.7060642e-15   9.0093750e-01   9.0093750e-01
   1.5000000e+01   5.0000000e+00   8.9627751e-15   9.3210938e-01   9.3210938e-01
   1.6000000e+01   5.0000000e+00   9.2153904e-15   9.5500000e-01   9.5500000e-01
   1.7000000e+01   5.0000000e+00   9.1320265e-15   9.5117188e-01   9.5117188e-01
   1.8000000e+01   5.0000000e+00   8.8511703e-15   9.3125000e-01   9.3125000e-01
   1.9000000e+01   5.0000000e+00   8.6025523e-15   8.9570313e-01   8.9570313e-01
   2.0000000e+01   5.0000000e+00   8.4687426e-15   8.6945313e-01   8.6945313e-01
   2.1000000e+01   5.0000000e+00   8.4436833e-15   8.7007813e-01   8.7007813e-01
   2.2000000e+01   5.0000000e+00   8.5894946e-15   8.9054688e-01   8.9054688e-01
   2.3000000e+01   5.0000000e+00   8.8024419e-15   9.1515625e-01   9.1515625e-01
   2.4000000e+01   5.0000000e+00   9.0436866e-15   9.3203125e-01   9.3203125e-01
   2.5000000e+01   5.0000000e+00   9.0519134e-15   9.3234375e-01   9.3234375e-01
   2.6000000e+01   5.0000000e+00   8.8426767e-15   9.1179688e-01   9.1179688e-01
   2.7000000e+01   5.0000000e+00   8.5008227e-15   8.7515625e-01   8.7515625e-01
   2.8000000e+01   5.0000000e+00   8.3573245e-15   8.4929688e-01   8.4929688e-01
   2.9000000e+01   5.0000000e+00   8.2870172e-15   8.4523438e-01   8.4523438e-01
   3.0000000e+01   5.0000000e+00   8.5347858e-15   8.7632813e-01   8.7632813e-01
   3.1000000e+01   5.0000000e+00   8.7773191e-15   9.1320313e-01   9.1320313e-01
   3.2000000e+01   5.0000000e+00   9.0113725e-15   9.4968750e-01   9.4968750e-01
   3.3000000e+01   5.0000000e+00   9.1479775e-15   9.5523438e-01   9.5523438e-01
   3.4000000e+01   5.0000000e+00   9.0301274e-15   9.4109375e-01   9.4109375e-01
   3.5000000e+01   5.0000000e+00   8.7725605e-15   9.0859375e-01   9.0859375e-01
   1.0000000e+00   6.0000000e+00   8.9768068e-15   9.3125000e-01   9.3125000e-01
   2.0000000e+00   6.0000000e+00   8.6818134e-15   9.0250000e-01   9.0250000e-01
   3.0000000e+00   6.0000000e+00   8.4749888e-15   8.7531250e-01   8.7531250e-01
   4.0000000e+00   6.0000000e+00   8.4117651e-15   8.6710938e-01   8.6710938e-01
   5.0000000e+00   6.0000000e+00   8.5835049e-15   8.9023438e-01   8.9023438e-01
   6.0000000e+00   6.0000000e+00   8.7930404e-15   9.1656250e-01   9.1656250e-01
   7.0000000e+00   6.0000000e+00   8.9933779e-15   9.4132813e-01   9.4132813e-01
   8.0000000e+00   6.0000000e+00   8.9214114e-15   9.4031250e-01   9.4031250e-01
   9.0000000e+00   6.0000000e+00   8.8611368e-15   9.2515625e-01   9.2515625e-01
   1.0000000e+01   6.0000000e+00   8.5396678e-15   8.8875000e-01   8.8875000e-01
   1.1000000e+01   6.0000000e+00   8.3619483e-15   8.6156250e-01   8.6156250e-01
   1.2000000e+01   6.0000000e+00   8.1733794e-15   8.4664063e-01   8.4664063e-01
   1.3000000e+01   6.0000000e+00   8.3164387e-15   8.6179688e-01   8.6179688e-01
   1.4000000e+01   6.0000000e+00   8.6938404e-15   8.9976563e-01   8.9976563e-01
   1.5000000e+01   6.0000000e+00   9.0133312e-15   9.3437500e-01   9.3437500e-01
   1.6000000e+01   6.0000000e+00   9.2158711e-15   9.5796875e-01   9.5796875e-01
   1.7000000e+01   6.0000000e+00   9.0838173e-15   9.4546875e-01   9.4546875e-01
   1.8000000e+01   6.0000000e+00   8.9584583e-15   9.2625000e-01   9.2625000e-01
   1.9000000e+01   6.0000000e+00   8.7194344e-15   8.9570313e-01   8.9570313e-01
   2.0000000e+01   6.0000000e+00   8.4868821e-15   8.6906250e-01   8.6906250e-01
   2.1000000e+01   6.0000000e+00   8.5829224e-15   8.7187500e-01   8.7187500e-01
   2.2000000e+01   6.0000000e+00   8.6861697e-15   8.9554688e-01   8.9554688e-01
   2.3000000e+01   6.0000000e+00   8.9064259e-15   9.1710938e-01   9.1710938e-01
   2.4000000e+01   6.0000000e+00   9.0564789e-15   9.3750000e-01   9.3750000e-01
   2.5000000e+01   6.0000000e+00   9.0250051e-15   9.3429688e-01   9.3429688e-01
   2.6000000e+01   6.0000000e+00   8.7684589e-15   9.0617188e-01   9.0617188e-01
   2.7000000e+01   6.0000000e+00   8.5544036e-15   8.7703125e-01   8.7703125e-01
   2.8000000e+01   6.0000000e+00   8.3483009e-15   8.4367188e-01   8.4367188e-01
   2.9000000e+01   6.0000000e+00   8.2697066e-15   8.4476563e-01   8.4476563e-01
   3.0000000e+01   6.0000000e+00   8.5908489e-15   8.8062500e-01   8.8062500e-01
   3.1000000e+01   6.0000000e+00   8.8096863e-15   9.1210938e-01   9.1210938e-01
   3.2000000e+01   6.0000000e+00   9.1082241e-15   9.5460938e-01   9.5460938e-01
   3.3000000e+01   6.0000000e+00   9.1167032e-15   9.5289063e-01   9.5289063e-01
   3.4000000e+01   6.0000000e+00   9.0231755e-15   9.3617188e-01   9.3617188e-01
   3.5000000e+01   6.0000000e+00   8.7824602e-15   9.1250000e-01   9.1250000e-01
   1.0000000e+00   7.0000000e+00   8.8345185e-15   9.2031250e-01   9.2031250e-01
   2.0000000e+00   7.0000000e+00   8.6479637e-15   8.9500000e-01   8.9500000e-01
   3.0000000e+00   7.0000000e+00   8.4570529e-15   8.7359375e-01   8.7359375e-01
   4.0000000e+00   7.0000000e+00   8.3854597e-15   8.6421875e-01   8.6421875e-01
   5.0000000e+00   7.0000000e+00   8.6356441e-15   8.9351563e-01   8.9351563e-01
   6.0000000e+00   7.0000000e+00   8.8125720e-15   9.1250000e-01   9.1250000e-01
   7.0000000e+00   7.0000000e+00   8.9838510e-15   9.4382813e-01   9.4382813e-01
   8.0000000e+00   7.0000000e+00   9.0081374e-15   9.4398438e-01   9.4398438e-01
   9.0000000e+00   7.0000000e+00   8.8988622e-15   9.2640625e-01   9.2640625e-01
   1.0000000e+01   7.0000000e+00   8.5401998e-15   8.9187500e-01   8.9187500e-01
   1.1000000e+01   7.0000000e+00   8.2931054e-15   8.6265625e-01   8.6265625e-01
   1.2000000e+01   7.0000000e+00   8.1964847e-15   8.4773438e-01   8.4773438e-01
   1.3000000e+01   7.0000000e+00   8.2689482e-15   8.6117188e-01   8.6117188e-01
   1.4000000e+01   7.0000000e+00   8.6612292e-15   8.9914063e-01   8.9914063e-01
   1.5000000e+01   7.0000000e+00   8.9322228e-15   9.3265625e-01   9.3265625e-01
   1.6000000e+01   7.0000000e+00   9.0318091e-15   9.5414063e-01   9.5414063e-01
   1.7000000e+01   7.0000000e+00   9.0316232e-15   9.4460938e-01   9.4460938e-01
   1.8000000e+01   7.0000000e+00   8.7492858e-15   9.2304688e-01   9.2304688e-01
   1.9000000e+01   7.0000000e+00   8.5236762e-15   8.9406250e-01   8.9406250e-01
   2.0000000e+01   7.0000000e+00   8.3039893e-15   8.6992188e-01   8.6992188e-01
   2.1000000e+01   7.0000000e+00   8.3882141e-15   8.7414063e-01   8.7414063e-01
   2.2000000e+01   7.0000000e+00   8.5571937e-15   8.9640625e-01   8.9640625e-01
   2.3000000e+01   7.0000000e+00   8.7998343e-15   9.1953125e-01   9.1953125e-01
   2.4000000e+01   7.0000000e+00   8.9887676e-15   9.4375000e-01   9.4375000e-01
   2.5000000e+01   7.0000000e+00   8.9538861e-15   9.3406250e-01   9.3406250e-01
   2.6000000e+01   7.0000000e+00   8.6545216e-15   9.0835938e-01   9.0835938e-01
   2.7000000e+01   7.0000000e+00   8.5243965e-15   8.7820313e-01   8.7820313e-01
   2.8000000e+01   7.0000000e+00   8.2069732e-15   8.4695313e-01   8.4695313e-01
   2.9000000e+01   7.0000000e+00   8.1998226e-15   8.4570313e-01   8.4570313e-01
   3.0000000e+01   7.0000000e+00   8.4905685e-15   8.7882813e-01   8.7882813e-01
   3.1000000e+01   7.0000000e+00   8.6817775e-15   9.1265625e-01   9.1265625e-01
   3.2000000e+01   7.0000000e+00   9.1593169e-15   9.4906250e-01   9.4906250e-01
   3.3000000e+01   7.0000000e+00   9.0462206e-15   9.4828125e-01   9.4828125e-01
   3.4000000e+01   7.0000000e+00   8.9877261e-15   9.3671875e-01   9.3671875e-01
   3.5000000e+01   7.0000000e+00   8.8352766e-15   9.0820313e-01   9.0820313e-01
   1.0000000e+00   8.0000000e+00   8.7259739e-15   9.1000000e-01   9.1000000e-01
   2.0000000e+00   8.0000000e+00   8.5144669e-15   8.8742188e-01   8.8742188e-01
   3.0000000e+00   8.0000000e+00   8.4012478e-15   8.6687500e-01   8.6687500e-01
   4.0000000e+00   8.0000000e+00   8.3561275e-15   8.6195313e-01   8.6195313e-01
   5.0000000e+00   8.0000000e+00   8.4926711e-15   8.9062500e-01   8.9062500e-01
   6.0000000e+00   8.0000000e+00   8.7998266e-15   9.1851563e-01   9.1851563e-01
   7.0000000e+00   8.0000000e+00   9.1165875e-15   9.4453125e-01   9.4453125e-01
   8.0000000e+00   8.0000000e+00   9.0324728e-15   9.4562500e-01   9.4562500e-01
   9.0000000e+00   8.0000000e+00   8.9009064e-15   9.2359375e-01   9.2359375e-01
   1.0000000e+01   8.0000000e+00   8.5962849e-15   8.9023438e-01   8.9023438e-01
   1.1000000e+01   8.0000000e+00   8.3191189e-15   8.6093750e-01   8.6093750e-01
   1.2000000e+01   8.0000000e+00   8.2486279e-15   8.4570313e-01   8.4570313e-01
   1.3000000e+01   8.0000000e+00   8.3484532e-15   8.6250000e-01   8.6250000e-01
   1.4000000e+01   8.0000000e+00   8.7944719e-15   8.9945313e-01   8.9945313e-01
   1.5000000e+01   8.0000000e+00   8.9424867e-15   9.2898438e-01   9.2898438e-01
   1.6000000e+01   8.0000000e+00   9.0456018e-15   9.4742188e-01   9.4742188e-01
   1.7000000e+01   8.0000000e+00   8.8643945e-15   9.3421875e-01   9.3421875e-01
   1.8000000e+01   8.0000000e+00   8.6928807e-15   9.1171875e-01   9.1171875e-01
   1.9000000e+01   8.0000000e+00   8.5099970e-15   8.8562500e-01   8.8562500e-01
   2.0000000e+01   8.0000000e+00   8.3407664e-15   8.6593750e-01   8.6593750e-01
   2.1000000e+01   8.0000000e+00   8.4143947e-15   8.7125000e-01   8.7125000e-01
   2.2000000e+01   8.0000000e+00   8.6008305e-15   8.9585938e-01   8.9585938e-01
   2.3000000e+01   8.0000000e+00   8.8132328e-15   9.2375000e-01   9.2375000e-01
   2.4000000e+01   8.0000000e+00   9.0631785e-15   9.4710938e-01   9.4710938e-01
   2.5000000e+01   8.0000000e+00   9.0016425e-15   9.3281250e-01   9.3281250e-01
   2.6000000e+01   8.0000000e+00   8.7342585e-15   9.1101563e-01   9.1101563e-01
   2.7000000e+01   8.0000000e+00   8.5274471e-15   8.7781250e-01   8.7781250e-01
   2.8000000e+01   8.0000000e+00   8.1250527e-15   8.4476563e-01   8.4476563e-01
   2.9000000e+01   8.0000000e+00   8.1483833e-15   8.4523438e-01   8.4523438e-01
   3.0000000e+01   8.0000000e+00   8.4329273e-15   8.8093750e-01   8.8093750e-01
   3.1000000e+01   8.0000000e+00   8.6268100e-15   9.0992188e-01   9.0992188e-01
   3.2000000e+01   8.0000000e+00   9.0284139e-15   9.5093750e-01   9.5093750e-01
   3.3000000e+01   8.0000000e+00   8.9521511e-15   9.4953125e-01   9.4953125e-01
   3.4000000e+01   8.0000000e+00   8.8591434e-15   9.2945313e-01   9.2945313e-01
   3.5000000e+01   8.0000000e+00   8.6121818e-15   9.0500000e-01   9.0500000e-01
   1.0000000e+00   9.0000000e+00   8.5483726e-15   9.0085938e-01   9.0085938e-01
   2.0000000e+00   9.0000000e+00   8.4405496e-15   8.7164063e-01   8.7164063e-01
   3.0000000e+00   9.0000000e+00   8.2114775e-15   8.5007813e-01   8.5007813e-01
   4.0000000e+00   9.0000000e+00   8.2300911e-15   8.5781250e-01   8.5781250e-01
   5.0000000e+00   9.0000000e+00   8.5650801e-15   8.8406250e-01   8.8406250e-01
   6.0000000e+00   9.0000000e+00   8.7923210e-15   9.2148438e-01   9.2148438e-01
   7.0000000e+00   9.0000000e+00   9.0235732e-15   9.4601563e-01   9.4601563e-01
   8.0000000e+00   9.0000000e+00   9.0298148e-15   9.4710938e-01   9.4710938e-01
   9.0000000e+00   9.0000000e+00   8.8351924e-15   9.2578125e-01   9.2578125e-01
   1.0000000e+01   9.0000000e+00   8.6154515e-15   8.9320313e-01   8.9320313e-01
   1.1000000e+01   9.0000000e+00   8.3047988e-15   8.6210938e-01   8.6210938e-01
   1.2000000e+01   9.0000000e+00   8.1567393e-15   8.4804688e-01   8.4804688e-01
   1.3000000e+01   9.0000000e+00   8.3522182e-15   8.6585938e-01   8.6585938e-01
   1.4000000e+01   9.0000000e+00   8.6295090e-15   8.9468750e-01   8.9468750e-01
   1.5000000e+01   9.0000000e+00   8.8767373e-15   9.2828125e-01   9.2828125e-01
   1.6000000e+01   9.0000000e+00   8.9822317e-15   9.3445313e-01   9.3445313e-01
   1.7000000e+01   9.0000000e+00   8.8657986e-15   9.2460938e-01   9.2460938e-01
   1.8000000e+01   9.0000000e+00   8.6766370e-15   9.0210938e-01   9.0210938e-01
   1.9000000e+01   9.0000000e+00   8.4509697e-15   8.7593750e-01   8.7593750e-01
   2.0000000e+01   9.0000000e+00   8.2466229e-15   8.5937500e-01   8.5937500e-01
   2.1000000e+01   9.0000000e+00   8.3606273e-15   8.6992188e-01   8.6992188e-01
   2.2000000e+01   9.0000000e+00   8.5891991e-15   9.0234375e-01   9.0234375e-01
   2.3000000e+01   9.0000000e+00   8.8026106e-15   9.2507813e-01   9.2507813e-01
   2.4000000e+01   9.0000000e+00   9.0292459e-15   9.4742188e-01   9.4742188e-01
   2.5000000e+01   9.0000000e+00   8.8866633e-15   9.3390625e-01   9.3390625e-01
   2.6000000e+01   9.0000000e+00   8.6624504e-15   9.0828125e-01   9.0828125e-01
   2.7000000e+01   9.0000000e+00   8.4736281e-15   8.7570313e-01   8.7570313e-01
   2.8000000e+01   9.0000000e+00   8.2118517e-15   8.4703125e-01   8.4703125e-01
   2.9000000e+01   9.0000000e+00   8.3253978e-15   8.4843750e-01   8.4843750e-01
   3.0000000e+01   9.0000000e+00   8.5303941e-15   8.8718750e-01   8.8718750e-01
   3.1000000e+01   9.0000000e+00   8.7893430e-15   9.0976563e-01   9.0976563e-01
   3.2000000e+01   9.0000000e+00   9.0667981e-15   9.4484375e-01   9.4484375e-01
   3.3000000e+01   9.0000000e+00   9.0557047e-15   9.4359375e-01   9.4359375e-01
   3.4000000e+01   9.0000000e+00   8.8392725e-15   9.2046875e-01   9.2046875e-01
   3.5000000e+01   9.0000000e+00   8.6638234e-15   8.9468750e-01   8.9468750e-01
   1.0000000e+00   1.0000000e+01   8.6432742e-15   8.9250000e-01   8.9250000e-01
   2.0000000e+00   1.0000000e+01   8.3397286e-15   8.6210938e-01   8.6210938e-01
   3.0000000e+00   1.0000000e+01   8.1682890e-15   8.3953125e-01   8.3953125e-01
   4.0000000e+00   1.0000000e+01   8.2388020e-15   8.5023438e-01   8.5023438e-01
   5.0000000e+00   1.0000000e+01   8.5110953e-15   8.8210938e-01   8.8210938e-01
   6.0000000e+00   1.0000000e+01   8.8508157e-15   9.2320313e-01   9.2320313e-01
   7.0000000e+00   1.0000000e+01   9.0502408e-15   9.4921875e-01   9.4921875e-01
   8.0000000e+00   1.0000000e+01   9.0762153e-15   9.4960938e-01   9.4960938e-01
   9.0000000e+00   1.0000000e+01   8.8123093e-15   9.2804688e-01   9.2804688e-01
   1.0000000e+01   1.0000000e+01   8.6537911e-15   8.9359375e-01   8.9359375e-01
   1.1000000e+01   1.0000000e+01   8.3735836e-15   8.6515625e-01   8.6515625e-01
   1.2000000e+01   1.0000000e+01   8.2420161e-15   8.4890625e-01   8.4890625e-01
   1.3000000e+01   1.0000000e+01   8.4472000e-15   8.6929688e-01   8.6929688e-01
   1.4000000e+01   1.0000000e+01   8.5859513e-15   8.9343750e-01   8.9343750e-01
   1.5000000e+01   1.0000000e+01   8.8575867e-15   9.2085938e-01   9.2085938e-01
   1.6000000e+01   1.0000000e+01   8.8850310e-15   9.3023438e-01   9.3023438e-01
   1.7000000e+01   1.0000000e+01   8.7508793e-15   9.0976563e-01   9.0976563e-01
   1.8000000e+01   1.0000000e+01   8.5966114e-15   8.8453125e-01   8.8453125e-01
   1.9000000e+01   1.0000000e+01   8.3164974e-15   8.5929688e-01   8.5929688e-01
   2.0000000e+01   1.0000000e+01   8.2739766e-15   8.4718750e-01   8.4718750e-01
   2.1000000e+01   1.0000000e+01   8.4209766e-15   8.6734375e-01   8.6734375e-01
   2.2000000e+01   1.0000000e+01   8.6533917e-15   8.9875000e-01   8.9875000e-01
   2.3000000e+01   1.0000000e+01   8.8589034e-15   9.2843750e-01   9.2843750e-01
   2.4000000e+01   1.0000000e+01   9.0104233e-15   9.4968750e-01   9.4968750e-01
   2.5000000e+01   1.0000000e+01   8.9033277e-15   9.3351563e-01   9.3351563e-01
   2.6000000e+01   1.0000000e+01   8.7524734e-15   9.1093750e-01   9.1093750e-01
   2.7000000e+01   1.0000000e+01   8.5281610e-15   8.7593750e-01   8.7593750e-01
   2.8000000e+01   1.0000000e+01   8.2618214e-15   8.4992188e-01   8.4992188e-01
   2.9000000e+01   1.0000000e+01   8.2602231e-15   8.5156250e-01   8.5156250e-01
   3.0000000e+01   1.0000000e+01   8.5012582e-15   8.8632813e-01   8.8632813e-01
   3.1000000e+01   1.0000000e+01   8.7146775e-15   9.0992188e-01   9.0992188e-01
   3.2000000e+01   1.0000000e+01   8.8766349e-15   9.3625000e-01   9.3625000e-01
   3.3000000e+01   1.0000000e+01   8.9816544e-15   9.3250000e-01   9.3250000e-01
   3.4000000e+01   1.0000000e+01   8.7349839e-15   9.0984375e-01   9.0984375e-01
   3.5000000e+01   1.0000000e+01   8.6162270e-15   8.8687500e-01   8.8687500e-01
   1.0000000e+00   1.1000000e+01   8.6577881e-15   8.9179688e-01   8.9179688e-01
   2.0000000e+00   1.1000000e+01   8.3930624e-15   8.6351563e-01   8.6351563e-01
   3.0000000e+00   1.1000000e+01   8.1651865e-15   8.3984375e-01   8.3984375e-01
   4.0000000e+00   1.1000000e+01   8.2745031e-15   8.5562500e-01   8.5562500e-01
   5.0000000e+00   1.1000000e+01   8.4889660e-15   8.7992188e-01   8.7992188e-01
   6.0000000e+00   1.1000000e+01   8.8270581e-15   9.2257813e-01   9.2257813e-01
   7.0000000e+00   1.1000000e+01   9.1506937e-15   9.5085938e-01   9.5085938e-01
   8.0000000e+00   1.1000000e+01   9.0943592e-15   9.5046875e-01   9.5046875e-01
   9.0000000e+00   1.1000000e+01   8.8813996e-15   9.3218750e-01   9.3218750e-01
   1.0000000e+01   1.1000000e+01   8.7103601e-15   8.9812500e-01   8.9812500e-01
   1.1000000e+01   1.1000000e+01   8.4251449e-15   8.6695313e-01   8.6695313e-01
   1.2000000e+01   1.1000000e+01   8.1840410e-15   8.4703125e-01   8.4703125e-01
   1.3000000e+01   1.1000000e+01   8.4457306e-15   8.6750000e-01   8.6750000e-01
   1.4000000e+01   1.1000000e+01   8.6147399e-15   8.9585938e-01   8.9585938e-01
   1.5000000e+01   1.1000000e+01   8.8082281e-15   9.2257813e-01   9.2257813e-01
   1.6000000e+01   1.1000000e+01   8.9400640e-15   9.2492188e-01   9.2492188e-01
   1.7000000e+01   1.1000000e+01   8.8012513e-15   9.0820313e-01   9.0820313e-01
   1.8000000e+01   1.1000000e+01   8.5858537e-15   8.8265625e-01   8.8265625e-01
   1.9000000e+01   1.1000000e+01   8.2913874e-15   8.5046875e-01   8.5046875e-01
   2.0000000e+01   1.1000000e+01   8.2273010e-15   8.4375000e-01   8.4375000e-01
   2.1000000e+01   1.1000000e+01   8.3343646e-15   8.6335938e-01   8.6335938e-01
   2.2000000e+01   1.1000000e+01   8.6091648e-15   8.9312500e-01   8.9312500e-01
   2.3000000e+01   1.1000000e+01   8.8966100e-15   9.3296875e-01   9.3296875e-01
   2.4000000e+01   1.1000000e+01   9.0685544e-15   9.4796875e-01   9.4796875e-01
   2.5000000e+01   1.1000000e+01   8.9827107e-15   9.3851563e-01   9.3851563e-01
   2.6000000e+01   1.1000000e+01   8.7144506e-15   9.0828125e-01   9.0828125e-01
   2.7000000e+01   1.1000000e+01   8.5422975e-15   8.8210938e-01   8.8210938e-01
   2.8000000e+01   1.1000000e+01   8.3567550e-15   8.5273438e-01   8.5273438e-01
   2.9000000e+01   1.1000000e+01   8.3537660e-15   8.5289063e-01   8.5289063e-01
   3.0000000e+01   1.1000000e+01   8.5269972e-15   8.8273438e-01   8.8273438e-01
   3.1000000e+01   1.1000000e+01   8.7373309e-15   9.1031250e-01   9.1031250e-01
   3.2000000e+01   1.1000000e+01   8.9921639e-15   9.3484375e-01   9.3484375e-01
   3.3000000e+01   1.1000000e+01   8.9852918e-15   9.2203125e-01   9.2203125e-01
   3.4000000e+01   1.1000000e+01   8.8156473e-15   9.0062500e-01   9.0062500e-01
   3.5000000e+01   1.1000000e+01   8.4650964e-15   8.6937500e-01   8.6937500e-01
   1.0000000e+00   1.2000000e+01   8.6298545e-15   8.9085938e-01   8.9085938e-01
   2.0000000e+00   1.2000000e+01   8.3746916e-15   8.5796875e-01   8.5796875e-01
   3.0000000e+00   1.2000000e+01   8.2549050e-15   8.3945313e-01   8.3945313e-01
   4.0000000e+00   1.2000000e+01   8.3856944e-15   8.5226563e-01   8.5226563e-01
   5.0000000e+00   1.2000000e+01   8.5463092e-15   8.8125000e-01   8.8125000e-01
   6.0000000e+00   1.2000000e+01   8.9350230e-15   9.2500000e-01   9.2500000e-01
   7.0000000e+00   1.2000000e+01   9.2088894e-15   9.5484375e-01   9.5484375e-01
   8.0000000e+00   1.2000000e+01   9.0393403e-15   9.4851563e-01   9.4851563e-01
   9.0000000e+00   1.2000000e+01   8.9266412e-15   9.3140625e-01   9.3140625e-01
   1.0000000e+01   1.2000000e+01   8.6856737e-15   8.9742188e-01   8.9742188e-01
   1.1000000e+01   1.2000000e+01   8.4375304e-15   8.6695313e-01   8.6695313e-01
   1.2000000e+01   1.2000000e+01   8.3208419e-15   8.5210938e-01   8.5210938e-01
   1.3000000e+01   1.2000000e+01   8.4594423e-15   8.6960938e-01   8.6960938e-01
   1.4000000e+01   1.2000000e+01   8.7538204e-15   8.9656250e-01   8.9656250e-01
   1.5000000e+01   1.2000000e+01   8.8660396e-15   9.1804688e-01   9.1804688e-01
   1.6000000e+01   1.2000000e+01   8.9340355e-15   9.2320313e-01   9.2320313e-01
   1.7000000e+01   1.2000000e+01   8.7507564e-15   9.0664063e-01   9.0664063e-01
   1.8000000e+01   1.2000000e+01   8.5010640e-15   8.7359375e-01   8.7359375e-01
   1.9000000e+01   1.2000000e+01   8.2006479e-15   8.4804688e-01   8.4804688e-01
   2.0000000e+01   1.2000000e+01   8.1463862e-15   8.3750000e-01   8.3750000e-01
   2.1000000e+01   1.2000000e+01   8.3636236e-15   8.6203125e-01   8.6203125e-01
   2.2000000e+01   1.2000000e+01   8.6561109e-15   8.9687500e-01   8.9687500e-01
   2.3000000e+01   1.2000000e+01   8.9474299e-15   9.3250000e-01   9.3250000e-01
   2.4000000e+01   1.2000000e+01   9.0490000e-15   9.5273438e-01   9.5273438e-01
   2.5000000e+01   1.2000000e+01   9.0422086e-15   9.3742188e-01   9.3742188e-01
   2.6000000e+01   1.2000000e+01   8.8680125e-15   9.1062500e-01   9.1062500e-01
   2.7000000e+01   1.2000000e+01   8.5341456e-15   8.8156250e-01   8.8156250e-01
   2.8000000e+01   1.2000000e+01   8.3899309e-15   8.5070313e-01   8.5070313e-01
   2.9000000e+01   1.2000000e+01   8.4296611e-15   8.5437500e-01   8.5437500e-01
   3.0000000e+01   1.2000000e+01   8.6500716e-15   8.8101563e-01   8.8101563e-01
   3.1000000e+01   1.2000000e+01   8.7726325e-15   9.0453125e-01   9.0453125e-01
   3.2000000e+01   1.2000000e+01   8.9869573e-15   9.2937500e-01   9.2937500e-01
   3.3000000e+01   1.2000000e+01   8.8580630e-15   9.1601563e-01   9.1601563e-01
   3.4000000e+01   1.2000000e+01   8.6295212e-15   8.8929688e-01   8.8929688e-01
   3.5000000e+01   1.2000000e+01   8.4310035e-15   8.6335938e-01   8.6335938e-01
   1.0000000e+00   1.3000000e+01   8.6716095e-15   8.9015625e-01   8.9015625e-01
   2.0000000e+00   1.3000000e+01   8.3621410e-15   8.5609375e-01   8.5609375e-01
   3.0000000e+00   1.3000000e+01   8.1623277e-15   8.4492188e-01   8.4492188e-01
   4.0000000e+00   1.3000000e+01   8.2723043e-15   8.6132813e-01   8.6132813e-01
   5.0000000e+00   1.3000000e+01   8.5329178e-15   8.8882813e-01   8.8882813e-01
   6.0000000e+00   1.3000000e+01   8.9332064e-15   9.3226563e-01   9.3226563e-01
   7.0000000e+00   1.3000000e+01   9.0617097e-15   9.5257813e-01   9.5257813e-01
   8.0000000e+00   1.3000000e+01   9.0733338e-15   9.5171875e-01   9.5171875e-01
   9.0000000e+00   1.3000000e+01   8.8912316e-15   9.2812500e-01   9.2812500e-01
   1.0000000e+01   1.3000000e+01   8.5931824e-15   8.9148438e-01   8.9148438e-01
   1.1000000e+01   1.3000000e+01   8.3077850e-15   8.6132813e-01   8.6132813e-01
   1.2000000e+01   1.3000000e+01   8.2270580e-15   8.5500000e-01   8.5500000e-01
   1.3000000e+01   1.3000000e+01   8.3530580e-15   8.7062500e-01   8.7062500e-01
   1.4000000e+01   1.3000000e+01   8.6564308e-15   9.0445313e-01   9.0445313e-01
   1.5000000e+01   1.3000000e+01   8.7492926e-15   9.2039063e-01   9.2039063e-01
   1.6000000e+01   1.3000000e+01   8.7934662e-15   9.2289063e-01   9.2289063e-01
   1.7000000e+01   1.3000000e+01   8.7666267e-15   9.0734375e-01   9.0734375e-01
   1.8000000e+01   1.3000000e+01   8.4441110e-15   8.7734375e-01   8.7734375e-01
   1.9000000e+01   1.3000000e+01   8.1564488e-15   8.4492188e-01   8.4492188e-01
   2.0000000e+01   1.3000000e+01   8.2000691e-15   8.4078125e-01   8.4078125e-01
   2.1000000e+01   1.3000000e+01   8.2861879e-15   8.6406250e-01   8.6406250e-01
   2.2000000e+01   1.3000000e+01   8.6168854e-15   8.9851563e-01   8.9851563e-01
   2.3000000e+01   1.3000000e+01   8.9949314e-15   9.3546875e-01   9.3546875e-01
   2.4000000e+01   1.3000000e+01   9.1573517e-15   9.4812500e-01   9.4812500e-01
   2.5000000e+01   1.3000000e+01   8.9689990e-15   9.3507813e-01   9.3507813e-01
   2.6000000e+01   1.3000000e+01   8.7153080e-15   9.0929688e-01   9.0929688e-01
   2.7000000e+01   1.3000000e+01   8.5578177e-15   8.8320313e-01   8.8320313e-01
   2.8000000e+01   1.3000000e+01   8.2574971e-15   8.4953125e-01   8.4953125e-01
   2.9000000e+01   1.3000000e+01   8.3283108e-15   8.5421875e-01   8.5421875e-01
   3.0000000e+01   1.3000000e+01   8.5292304e-15   8.8195313e-01   8.8195313e-01
   3.1000000e+01   1.3000000e+01   8.7677003e-15   9.0781250e-01   9.0781250e-01
   3.2000000e+01   1.3000000e+01   8.9931655e-15   9.2882813e-01   9.2882813e-01
   3.3000000e+01   1.3000000e+01   8.7871763e-15   9.1164063e-01   9.1164063e-01
   3.4000000e+01   1.3000000e+01   8.6518995e-15   8.8921875e-01   8.8921875e-01
   3.5000000e+01   1.3000000e+01   8.3999356e-15   8.5812500e-01   8.5812500e-01
   1.0000000e+00   1.4000000e+01   8.5187667e-15   8.8406250e-01   8.8406250e-01
   2.0000000e+00   1.4000000e+01   8.3016075e-15   8.5429688e-01   8.5429688e-01
   3.0000000e+00   1.4000000e+01   8.2485101e-15   8.4148438e-01   8.4148438e-01
   4.0000000e+00   1.4000000e+01   8.3806204e-15   8.5796875e-01   8.5796875e-01
   5.0000000e+00   1.4000000e+01   8.7073116e-15   8.9226563e-01   8.9226563e-01
   6.0000000e+00   1.4000000e+01   9.0006268e-15   9.3273438e-01   9.3273438e-01
   7.0000000e+00   1.4000000e+01   9.1521534e-15   9.4976563e-01   9.4976563e-01
   8.0000000e+00   1.4000000e+01   9.1225584e-15   9.4601563e-01   9.4601563e-01
   9.0000000e+00   1.4000000e+01   8.8646608e-15   9.2445313e-01   9.2445313e-01
   1.0000000e+01   1.4000000e+01   8.6464779e-15   8.9304688e-01   8.9304688e-01
   1.1000000e+01   1.4000000e+01   8.3748107e-15   8.6414063e-01   8.6414063e-01
   1.2000000e+01   1.4000000e+01   8.3442867e-15   8.5898438e-01   8.5898438e-01
   1.3000000e+01   1.4000000e+01   8.5553716e-15   8.7648438e-01   8.7648438e-01
   1.4000000e+01   1.4000000e+01   8.8204343e-15   9.0554688e-01   9.0554688e-01
   1.5000000e+01   1.4000000e+01   8.8829439e-15   9.2078125e-01   9.2078125e-01
   1.6000000e+01   1.4000000e+01   8.9406607e-15   9.2406250e-01   9.2406250e-01
   1.7000000e+01   1.4000000e+01   8.7558746e-15   9.0382813e-01   9.0382813e-01
   1.8000000e+01   1.4000000e+01   8.4942120e-15   8.6968750e-01   8.6968750e-01
   1.9000000e+01   1.4000000e+01   8.3240711e-15   8.4593750e-01   8.4593750e-01
   2.0000000e+01   1.4000000e+01   8.2290725e-15   8.4054688e-01   8.4054688e-01
   2.1000000e+01   1.4000000e+01   8.4781294e-15   8.7117188e-01   8.7117188e-01
   2.2000000e+01   1.4000000e+01   8.7693266e-15   9.0281250e-01   9.0281250e-01
   2.3000000e+01   1.4000000e+01   8.9925829e-15   9.3820313e-01   9.3820313e-01
   2.4000000e+01   1.4000000e+01   9.1474237e-15   9.4750000e-01   9.4750000e-01
   2.5000000e+01   1.4000000e+01   8.9533473e-15   9.3695313e-01   9.3695313e-01
   2.6000000e+01   1.4000000e+01   8.7366539e-15   9.0781250e-01   9.0781250e-01
   2.7000000e+01   1.4000000e+01   8.4342527e-15   8.7710938e-01   8.7710938e-01
   2.8000000e+01   1.4000000e+01   8.2882379e-15   8.5375000e-01   8.5375000e-01
   2.9000000e+01   1.4000000e+01   8.3321470e-15   8.5929688e-01   8.5929688e-01
   3.0000000e+01   1.4000000e+01   8.6207861e-15   8.9406250e-01   8.9406250e-01
   3.1000000e+01   1.4000000e+01   8.6877121e-15   9.0867188e-01   9.0867188e-01
   3.2000000e+01   1.4000000e+01   8.8161970e-15   9.2273438e-01   9.2273438e-01
   3.3000000e+01   1.4000000e+01   8.7819438e-15   9.1335938e-01   9.1335938e-01
   3.4000000e+01   1.4000000e+01   8.5008519e-15   8.8468750e-01   8.8468750e-01
   3.5000000e+01   1.4000000e+01   8.2595702e-15   8.5968750e-01   8.5968750e-01
   1.0000000e+00   1.5000000e+01   8.5722335e-15   8.8898438e-01   8.8898438e-01
   2.0000000e+00   1.5000000e+01   8.3173230e-15   8.5460938e-01   8.5460938e-01
   3.0000000e+00   1.5000000e+01   8.2682982e-15   8.4710938e-01   8.4710938e-01
   4.0000000e+00   1.5000000e+01   8.2687471e-15   8.5976563e-01   8.5976563e-01
   5.0000000e+00   1.5000000e+01   8.6274900e-15   8.9804688e-01   8.9804688e-01
   6.0000000e+00   1.5000000e+01   8.9515499e-15   9.3546875e-01   9.3546875e-01
   7.0000000e+00   1.5000000e+01   9.1203848e-15   9.5328125e-01   9.5328125e-01
   8.0000000e+00   1.5000000e+01   9.0602821e-15   9.4453125e-01   9.4453125e-01
   9.0000000e+00   1.5000000e+01   8.8921703e-15   9.2445313e-01   9.2445313e-01
   1.0000000e+01   1.5000000e+01   8.6470431e-15   8.9304688e-01   8.9304688e-01
   1.1000000e+01   1.5000000e+01   8.3213318e-15   8.6195313e-01   8.6195313e-01
   1.2000000e+01   1.5000000e+01   8.3533156e-15   8.6125000e-01   8.6125000e-01
   1.3000000e+01   1.5000000e+01   8.5153486e-15   8.8226563e-01   8.8226563e-01
   1.4000000e+01   1.5000000e+01   8.7326541e-15   9.1218750e-01   9.1218750e-01
   1.5000000e+01   1.5000000e+01   8.9194294e-15   9.2914063e-01   9.2914063e-01
   1.6000000e+01   1.5000000e+01   8.8753710e-15   9.2531250e-01   9.2531250e-01
   1.7000000e+01   1.5000000e+01   8.6986149e-15   9.0531250e-01   9.0531250e-01
   1.8000000e+01   1.5000000e+01   8.3786880e-15   8.7015625e-01   8.7015625e-01
   1.9000000e+01   1.5000000e+01   8.2410014e-15   8.4710938e-01   8.4710938e-01
   2.0000000e+01   1.5000000e+01   8.1134082e-15   8.4304688e-01   8.4304688e-01
   2.1000000e+01   1.5000000e+01   8.3964404e-15   8.6960938e-01   8.6960938e-01
   2.2000000e+01   1.5000000e+01   8.6640262e-15   9.0265625e-01   9.0265625e-01
   2.3000000e+01   1.5000000e+01   9.0040258e-15   9.4367188e-01   9.4367188e-01
   2.4000000e+01   1.5000000e+01   9.1242656e-15   9.4984375e-01   9.4984375e-01
   2.5000000e+01   1.5000000e+01   8.9326153e-15   9.3664063e-01   9.3664063e-01
   2.6000000e+01   1.5000000e+01   8.6782176e-15   9.0687500e-01   9.0687500e-01
   2.7000000e+01   1.5000000e+01   8.4572654e-15   8.7109375e-01   8.7109375e-01
   2.8000000e+01   1.5000000e+01   8.2808889e-15   8.5382813e-01   8.5382813e-01
   2.9000000e+01   1.5000000e+01   8.3269197e-15   8.6125000e-01   8.6125000e-01
   3.0000000e+01   1.5000000e+01   8.7221574e-15   8.9695313e-01   8.9695313e-01
   3.1000000e+01   1.5000000e+01   8.7502577e-15   9.1445313e-01   9.1445313e-01
   3.2000000e+01   1.5000000e+01   8.8800153e-15   9.2789063e-01   9.2789063e-01
   3.3000000e+01   1.5000000e+01   8.7616177e-15   9.1718750e-01   9.1718750e-01
   3.4000000e+01   1.5000000e+01   8.4683804e-15   8.8765625e-01   8.8765625e-01
   3.5000000e+01   1.5000000e+01   8.2560288e-15   8.6179688e-01   8.6179688e-01
   1.0000000e+00   1.6000000e+01   8.5354270e-15   8.8507813e-01   8.8507813e-01
   2.0000000e+00   1.6000000e+01   8.3244153e-15   8.5328125e-01   8.5328125e-01
   3.0000000e+00   1.6000000e+01   8.2244673e-15   8.4140625e-01   8.4140625e-01
   4.0000000e+00   1.6000000e+01   8.4168765e-15   8.6117188e-01   8.6117188e-01
   5.0000000e+00   1.6000000e+01   8.7156608e-15   8.9492188e-01   8.9492188e-01
   6.0000000e+00   1.6000000e+01   8.9716883e-15   9.3781250e-01   9.3781250e-01
   7.0000000e+00   1.6000000e+01   9.1596387e-15   9.5445313e-01   9.5445313e-01
   8.0000000e+00   1.6000000e+01   9.0171132e-15   9.4156250e-01   9.4156250e-01
   9.0000000e+00   1.6000000e+01   8.9206648e-15   9.1835938e-01   9.1835938e-01
   1.0000000e+01   1.6000000e+01   8.6021211e-15   8.8585938e-01   8.8585938e-01
   1.1000000e+01   1.6000000e+01   8.4121807e-15   8.6132813e-01   8.6132813e-01
   1.2000000e+01   1.6000000e+01   8.4683298e-15   8.7101563e-01   8.7101563e-01
   1.3000000e+01   1.6000000e+01   8.5726747e-15   8.8765625e-01   8.8765625e-01
   1.4000000e+01   1.6000000e+01   8.8661395e-15   9.1929688e-01   9.1929688e-01
   1.5000000e+01   1.6000000e+01   8.9672272e-15   9.3421875e-01   9.3421875e-01
   1.6000000e+01   1.6000000e+01   8.8171965e-15   9.2460938e-01   9.2460938e-01
   1.7000000e+01   1.6000000e+01   8.6411201e-15   9.0390625e-01   9.0390625e-01
   1.8000000e+01   1.6000000e+01   8.4297860e-15   8.7031250e-01   8.7031250e-01
   1.9000000e+01   1.6000000e+01   8.1340627e-15   8.4460938e-01   8.4460938e-01
   2.0000000e+01   1.6000000e+01   8.1759126e-15   8.3984375e-01   8.3984375e-01
   2.1000000e+01   1.6000000e+01   8.4943930e-15   8.7273438e-01   8.7273438e-01
   2.2000000e+01   1.6000000e+01   8.7483693e-15   9.1007813e-01   9.1007813e-01
   2.3000000e+01   1.6000000e+01   8.9899863e-15   9.4039063e-01   9.4039063e-01
   2.4000000e+01   1.6000000e+01   9.0750745e-15   9.5101563e-01   9.5101563e-01
   2.5000000e+01   1.6000000e+01   9.0443186e-15   9.2953125e-01   9.2953125e-01
   2.6000000e+01   1.6000000e+01   8.7893554e-15   9.0101563e-01   9.0101563e-01
   2.7000000e+01   1.6000000e+01   8.4278432e-15   8.6773438e-01   8.6773438e-01
   2.8000000e+01   1.6000000e+01   8.3564835e-15   8.5414063e-01   8.5414063e-01
   2.9000000e+01   1.6000000e+01   8.5348668e-15   8.7789063e-01   8.7789063e-01
   3.0000000e+01   1.6000000e+01   8.7471711e-15   8.9898438e-01   8.9898438e-01
   3.1000000e+01   1.6000000e+01   8.8613038e-15   9.2281250e-01   9.2281250e-01
   3.2000000e+01   1.6000000e+01   9.0054531e-15   9.2992188e-01   9.2992188e-01
   3.3000000e+01   1.6000000e+01   8.9066395e-15   9.0851563e-01   9.0851563e-01
   3.4000000e+01   1.6000000e+01   8.5459459e-15   8.8554688e-01   8.8554688e-01
   3.5000000e+01   1.6000000e+01   8.2998806e-15   8.5312500e-01   8.5312500e-01
   1.0000000e+00   1.7000000e+01   8.6107551e-15   8.8367188e-01   8.8367188e-01
   2.0000000e+00   1.7000000e+01   8.3029147e-15   8.5359375e-01   8.5359375e-01
   3.0000000e+00   1.7000000e+01   8.2683405e-15   8.4242188e-01   8.4242188e-01
   4.0000000e+00   1.7000000e+01   8.3321862e-15   8.6468750e-01   8.6468750e-01
   5.0000000e+00   1.7000000e+01   8.6619973e-15   8.9492188e-01   8.9492188e-01
   6.0000000e+00   1.7000000e+01   9.1256052e-15   9.4085938e-01   9.4085938e-01
   7.0000000e+00   1.7000000e+01   9.1769432e-15   9.4781250e-01   9.4781250e-01
   8.0000000e+00   1.7000000e+01   9.1019165e-15   9.3640625e-01   9.3640625e-01
   9.0000000e+00   1.7000000e+01   8.8776358e-15   9.1625000e-01   9.1625000e-01
   1.0000000e+01   1.7000000e+01   8.6228653e-15   8.8335938e-01   8.8335938e-01
   1.1000000e+01   1.7000000e+01   8.4292746e-15   8.6492188e-01   8.6492188e-01
   1.2000000e+01   1.7000000e+01   8.5068230e-15   8.7500000e-01   8.7500000e-01
   1.3000000e+01   1.7000000e+01   8.7411302e-15   8.9328125e-01   8.9328125e-01
   1.4000000e+01   1.7000000e+01   8.9718505e-15   9.2367188e-01   9.2367188e-01
   1.5000000e+01   1.7000000e+01   9.1663610e-15   9.4171875e-01   9.4171875e-01
   1.6000000e+01   1.7000000e+01   8.9665375e-15   9.2414063e-01   9.2414063e-01
   1.7000000e+01   1.7000000e+01   8.7564063e-15   9.0015625e-01   9.0015625e-01
   1.8000000e+01   1.7000000e+01   8.5180635e-15   8.6382813e-01   8.6382813e-01
   1.9000000e+01   1.7000000e+01   8.3363025e-15   8.3960938e-01   8.3960938e-01
   2.0000000e+01   1.7000000e+01   8.3327482e-15   8.3898438e-01   8.3898438e-01
   2.1000000e+01   1.7000000e+01   8.5863887e-15   8.7570313e-01   8.7570313e-01
   2.2000000e+01   1.7000000e+01   8.7639085e-15   9.0851563e-01   9.0851563e-01
   2.3000000e+01   1.7000000e+01   9.1560144e-15   9.4593750e-01   9.4593750e-01
   2.4000000e+01   1.7000000e+01   9.0888338e-15   9.4367188e-01   9.4367188e-01
   2.5000000e+01   1.7000000e+01   8.9490525e-15   9.2695313e-01   9.2695313e-01
   2.6000000e+01   1.7000000e+01   8.7994812e-15   8.9726563e-01   8.9726563e-01
   2.7000000e+01   1.7000000e+01   8.5064486e-15   8.6968750e-01   8.6968750e-01
   2.8000000e+01   1.7000000e+01   8.3489524e-15   8.5812500e-01   8.5812500e-01
   2.9000000e+01   1.7000000e+01   8.5366656e-15   8.7851563e-01   8.7851563e-01
   3.0000000e+01   1.7000000e+01   8.6642332e-15   9.0640625e-01   9.0640625e-01
   3.1000000e+01   1.7000000e+01   8.9983658e-15   9.2882813e-01   9.2882813e-01
   3.2000000e+01   1.7000000e+01   8.9612285e-15   9.3203125e-01   9.3203125e-01
   3.3000000e+01   1.7000000e+01   8.9213519e-15   9.1703125e-01   9.1703125e-01
   3.4000000e+01   1.7000000e+01   8.5445520e-15   8.8031250e-01   8.8031250e-01
   3.5000000e+01   1.7000000e+01   8.3392713e-15   8.5804688e-01   8.5804688e-01
   1.0000000e+00   1.8000000e+01   8.6013553e-15   8.8523438e-01   8.8523438e-01
   2.0000000e+00   1.8000000e+01   8.3436753e-15   8.5312500e-01   8.5312500e-01
   3.0000000e+00   1.8000000e+01   8.2603961e-15   8.4257813e-01   8.4257813e-01
   4.0000000e+00   1.8000000e+01   8.5169924e-15   8.7078125e-01   8.7078125e-01
   5.0000000e+00   1.8000000e+01   8.7213723e-15   9.0125000e-01   9.0125000e-01
   6.0000000e+00   1.8000000e+01   9.0062275e-15   9.4000000e-01   9.4000000e-01
   7.0000000e+00   1.8000000e+01   9.0582352e-15   9.4406250e-01   9.4406250e-01
   8.0000000e+00   1.8000000e+01   8.8579881e-15   9.1968750e-01   9.1968750e-01
   9.0000000e+00   1.8000000e+01   8.7364106e-15   8.9835938e-01   8.9835938e-01
   1.0000000e+01   1.8000000e+01   8.4962740e-15   8.7359375e-01   8.7359375e-01
   1.1000000e+01   1.8000000e+01   8.4457520e-15   8.6117188e-01   8.6117188e-01
   1.2000000e+01   1.8000000e+01   8.6018454e-15   8.7617188e-01   8.7617188e-01
   1.3000000e+01   1.8000000e+01   8.8023535e-15   9.0359375e-01   9.0359375e-01
   1.4000000e+01   1.8000000e+01   9.0695131e-15   9.3312500e-01   9.3312500e-01
   1.5000000e+01   1.8000000e+01   9.1806550e-15   9.4679688e-01   9.4679688e-01
   1.6000000e+01   1.8000000e+01   8.9832297e-15   9.2468750e-01   9.2468750e-01
   1.7000000e+01   1.8000000e+01   8.7737029e-15   9.0437500e-01   9.0437500e-01
   1.8000000e+01   1.8000000e+01   8.3996386e-15   8.6265625e-01   8.6265625e-01
   1.9000000e+01   1.8000000e+01   8.2242984e-15   8.3843750e-01   8.3843750e-01
   2.0000000e+01   1.8000000e+01   8.3288099e-15   8.4835938e-01   8.4835938e-01
   2.1000000e+01   1.8000000e+01   8.5011045e-15   8.7875000e-01   8.7875000e-01
   2.2000000e+01   1.8000000e+01   8.8355322e-15   9.1835938e-01   9.1835938e-01
   2.3000000e+01   1.8000000e+01   9.0696497e-15   9.4710938e-01   9.4710938e-01
   2.4000000e+01   1.8000000e+01   9.0293164e-15   9.3898438e-01   9.3898438e-01
   2.5000000e+01   1.8000000e+01   8.7652158e-15   9.1789063e-01   9.1789063e-01
   2.6000000e+01   1.8000000e+01   8.6296849e-15   8.9156250e-01   8.9156250e-01
   2.7000000e+01   1.8000000e+01   8.4001800e-15   8.6531250e-01   8.6531250e-01
   2.8000000e+01   1.8000000e+01   8.3612969e-15   8.6187500e-01   8.6187500e-01
   2.9000000e+01   1.8000000e+01   8.6115450e-15   8.8726563e-01   8.8726563e-01
   3.0000000e+01   1.8000000e+01   8.7337032e-15   9.1507813e-01   9.1507813e-01
   3.1000000e+01   1.8000000e+01   9.0105008e-15   9.4132813e-01   9.4132813e-01
   3.2000000e+01   1.8000000e+01   8.8826209e-15   9.3437500e-01   9.3437500e-01
   3.3000000e+01   1.8000000e+01   8.7331934e-15   9.1210938e-01   9.1210938e-01
   3.4000000e+01   1.8000000e+01   8.4639787e-15   8.8304688e-01   8.8304688e-01
   3.5000000e+01   1.8000000e+01   8.2191132e-15   8.5460938e-01   8.5460938e-01
   1.0000000e+00   1.9000000e+01   8.5622759e-15   8.8421875e-01   8.8421875e-01
   2.0000000e+00   1.9000000e+01   8.3517140e-15   8.5398438e-01   8.5398438e-01
   3.0000000e+00   1.9000000e+01   8.2486533e-15   8.4960938e-01   8.4960938e-01
   4.0000000e+00   1.9000000e+01   8.4282587e-15   8.7671875e-01   8.7671875e-01
   5.0000000e+00   1.9000000e+01   8.6627005e-15   8.9984375e-01   8.9984375e-01
   6.0000000e+00   1.9000000e+01   8.9921814e-15   9.3312500e-01   9.3312500e-01
   7.0000000e+00   1.9000000e+01   8.9890883e-15   9.3320313e-01   9.3320313e-01
   8.0000000e+00   1.9000000e+01   8.8226340e-15   9.1562500e-01   9.1562500e-01
   9.0000000e+00   1.9000000e+01   8.7000542e-15   8.9132813e-01   8.9132813e-01
   1.0000000e+01   1.9000000e+01   8.4062577e-15   8.6414063e-01   8.6414063e-01
   1.1000000e+01   1.9000000e+01   8.3613383e-15   8.5500000e-01   8.5500000e-01
   1.2000000e+01   1.9000000e+01   8.4471515e-15   8.7515625e-01   8.7515625e-01
   1.3000000e+01   1.9000000e+01   8.7582916e-15   9.0937500e-01   9.0937500e-01
   1.4000000e+01   1.9000000e+01   8.9296753e-15   9.3484375e-01   9.3484375e-01
   1.5000000e+01   1.9000000e+01   9.0750959e-15   9.4734375e-01   9.4734375e-01
   1.6000000e+01   1.9000000e+01   8.8904671e-15   9.2968750e-01   9.2968750e-01
   1.7000000e+01   1.9000000e+01   8.7658512e-15   9.0648438e-01   9.0648438e-01
   1.8000000e+01   1.9000000e+01   8.5455147e-15   8.7070313e-01   8.7070313e-01
   1.9000000e+01   1.9000000e+01   8.1838312e-15   8.4335938e-01   8.4335938e-01
   2.0000000e+01   1.9000000e+01   8.3514024e-15   8.5062500e-01   8.5062500e-01
   2.1000000e+01   1.9000000e+01   8.5998001e-15   8.8328125e-01   8.8328125e-01
   2.2000000e+01   1.9000000e+01   8.8252442e-15   9.1085938e-01   9.1085938e-01
   2.3000000e+01   1.9000000e+01   9.0569397e-15   9.4164063e-01   9.4164063e-01
   2.4000000e+01   1.9000000e+01   8.9252835e-15   9.3164063e-01   9.3164063e-01
   2.5000000e+01   1.9000000e+01   8.8671648e-15   9.1250000e-01   9.1250000e-01
   2.6000000e+01   1.9000000e+01   8.5646549e-15   8.8500000e-01   8.8500000e-01
   2.7000000e+01   1.9000000e+01   8.3299660e-15   8.6484375e-01   8.6484375e-01
   2.8000000e+01   1.9000000e+01   8.3604153e-15   8.6046875e-01   8.6046875e-01
   2.9000000e+01   1.9000000e+01   8.5850777e-15   8.9187500e-01   8.9187500e-01
   3.0000000e+01   1.9000000e+01   8.8026529e-15   9.1687500e-01   9.1687500e-01
   3.1000000e+01   1.9000000e+01   9.0103571e-15   9.4578125e-01   9.4578125e-01
   3.2000000e+01   1.9000000e+01   8.9627250e-15   9.3796875e-01   9.3796875e-01
   3.3000000e+01   1.9000000e+01   8.7120765e-15   9.1156250e-01   9.1156250e-01
   3.4000000e+01   1.9000000e+01   8.5403991e-15   8.8515625e-01   8.8515625e-01
   3.5000000e+01   1.9000000e+01   8.2714937e-15   8.5257813e-01   8.5257813e-01
   1.0000000e+00   2.0000000e+01   8.6012941e-15   8.8882813e-01   8.8882813e-01
   2.0000000e+00   2.0000000e+01   8.3110644e-15   8.5945313e-01   8.5945313e-01
   3.0000000e+00   2.0000000e+01   8.2710062e-15   8.5460938e-01   8.5460938e-01
   4.0000000e+00   2.0000000e+01   8.4381690e-15   8.7937500e-01   8.7937500e-01
   5.0000000e+00   2.0000000e+01   8.7381321e-15   9.0171875e-01   9.0171875e-01
   6.0000000e+00   2.0000000e+01   8.9055487e-15   9.3039063e-01   9.3039063e-01
   7.0000000e+00   2.0000000e+01   8.7980473e-15   9.2812500e-01   9.2812500e-01
   8.0000000e+00   2.0000000e+01   8.7390182e-15   9.1015625e-01   9.1015625e-01
   9.0000000e+00   2.0000000e+01   8.4109586e-15   8.8328125e-01   8.8328125e-01
   1.0000000e+01   2.0000000e+01   8.2255076e-15   8.5148438e-01   8.5148438e-01
   1.1000000e+01   2.0000000e+01   8.1618251e-15   8.4828125e-01   8.4828125e-01
   1.2000000e+01   2.0000000e+01   8.3568384e-15   8.7656250e-01   8.7656250e-01
   1.3000000e+01   2.0000000e+01   8.6848028e-15   9.1195313e-01   9.1195313e-01
   1.4000000e+01   2.0000000e+01   9.0459203e-15   9.5007813e-01   9.5007813e-01
   1.5000000e+01   2.0000000e+01   9.1199183e-15   9.5921875e-01   9.5921875e-01
   1.6000000e+01   2.0000000e+01   8.9573447e-15   9.3382813e-01   9.3382813e-01
   1.7000000e+01   2.0000000e+01   8.6714231e-15   9.0742188e-01   9.0742188e-01
   1.8000000e+01   2.0000000e+01   8.4167641e-15   8.7257813e-01   8.7257813e-01
   1.9000000e+01   2.0000000e+01   8.1935875e-15   8.4625000e-01   8.4625000e-01
   2.0000000e+01   2.0000000e+01   8.2948935e-15   8.5937500e-01   8.5937500e-01
   2.1000000e+01   2.0000000e+01   8.5520952e-15   8.8562500e-01   8.8562500e-01
   2.2000000e+01   2.0000000e+01   8.7567852e-15   9.1429688e-01   9.1429688e-01
   2.3000000e+01   2.0000000e+01   8.8993655e-15   9.3695313e-01   9.3695313e-01
   2.4000000e+01   2.0000000e+01   8.7439683e-15   9.2179688e-01   9.2179688e-01
   2.5000000e+01   2.0000000e+01   8.6393045e-15   9.0039063e-01   9.0039063e-01
   2.6000000e+01   2.0000000e+01   8.3808014e-15   8.7171875e-01   8.7171875e-01
   2.7000000e+01   2.0000000e+01   8.1782320e-15   8.5367188e-01   8.5367188e-01
   2.8000000e+01   2.0000000e+01   8.2142159e-15   8.5968750e-01   8.5968750e-01
   2.9000000e+01   2.0000000e+01   8.5333063e-15   8.9734375e-01   8.9734375e-01
   3.0000000e+01   2.0000000e+01   8.7243562e-15   9.2617188e-01   9.2617188e-01
   3.1000000e+01   2.0000000e+01   9.0168612e-15   9.5171875e-01   9.5171875e-01
   3.2000000e+01   2.0000000e+01   8.8933028e-15   9.4117188e-01   9.4117188e-01
   3.3000000e+01   2.0000000e+01   8.6888064e-15   9.1593750e-01   9.1593750e-01
   3.4000000e+01   2.0000000e+01   8.4756788e-15   8.8328125e-01   8.8328125e-01
   3.5000000e+01   2.0000000e+01   8.1902613e-15   8.5296875e-01   8.5296875e-01
   1.0000000e+00   2.1000000e+01   8.5771126e-15   8.9304688e-01   8.9304688e-01
   2.0000000e+00   2.1000000e+01   8.2610268e-15   8.6945313e-01   8.6945313e-01
   3.0000000e+00   2.1000000e+01   8.2778832e-15   8.5867188e-01   8.5867188e-01
   4.0000000e+00   2.1000000e+01   8.4662867e-15   8.8476563e-01   8.8476563e-01
   5.0000000e+00   2.1000000e+01   8.6991921e-15   9.0953125e-01   9.0953125e-01
   6.0000000e+00   2.1000000e+01   8.9102994e-15   9.3515625e-01   9.3515625e-01
   7.0000000e+00   2.1000000e+01   8.8278568e-15   9.2835938e-01   9.2835938e-01
   8.0000000e+00   2.1000000e+01   8.6771801e-15   9.0679688e-01   9.0679688e-01
   9.0000000e+00   2.1000000e+01   8.4012418e-15   8.8062500e-01   8.8062500e-01
   1.0000000e+01   2.1000000e+01   8.1498148e-15   8.4296875e-01   8.4296875e-01
   1.1000000e+01   2.1000000e+01   8.1874531e-15   8.4992188e-01   8.4992188e-01
   1.2000000e+01   2.1000000e+01   8.3922075e-15   8.7765625e-01   8.7765625e-01
   1.3000000e+01   2.1000000e+01   8.7133403e-15   9.1554688e-01   9.1554688e-01
   1.4000000e+01   2.1000000e+01   9.0211360e-15   9.5250000e-01   9.5250000e-01
   1.5000000e+01   2.1000000e+01   9.1343825e-15   9.5953125e-01   9.5953125e-01
   1.6000000e+01   2.1000000e+01   8.9905721e-15   9.3882813e-01   9.3882813e-01
   1.7000000e+01   2.1000000e+01   8.7413841e-15   9.1148438e-01   9.1148438e-01
   1.8000000e+01   2.1000000e+01   8.3891250e-15   8.7515625e-01   8.7515625e-01
   1.9000000e+01   2.1000000e+01   8.2302653e-15   8.5039063e-01   8.5039063e-01
   2.0000000e+01   2.1000000e+01   8.2678829e-15   8.5898438e-01   8.5898438e-01
   2.1000000e+01   2.1000000e+01   8.5340419e-15   8.8843750e-01   8.8843750e-01
   2.2000000e+01   2.1000000e+01   8.8333947e-15   9.1585938e-01   9.1585938e-01
   2.3000000e+01   2.1000000e+01   8.8137627e-15   9.2882813e-01   9.2882813e-01
   2.4000000e+01   2.1000000e+01   8.8097988e-15   9.1937500e-01   9.1937500e-01
   2.5000000e+01   2.1000000e+01   8.6132746e-15   8.9375000e-01   8.9375000e-01
   2.6000000e+01   2.1000000e+01   8.4019701e-15   8.6562500e-01   8.6562500e-01
   2.7000000e+01   2.1000000e+01   8.1843312e-15   8.4445313e-01   8.4445313e-01
   2.8000000e+01   2.1000000e+01   8.2783999e-15   8.5718750e-01   8.5718750e-01
   2.9000000e+01   2.1000000e+01   8.5911835e-15   8.9250000e-01   8.9250000e-01
   3.0000000e+01   2.1000000e+01   8.8861299e-15   9.3234375e-01   9.3234375e-01
   3.1000000e+01   2.1000000e+01   9.1040732e-15   9.5562500e-01   9.5562500e-01
   3.2000000e+01   2.1000000e+01   8.9654945e-15   9.4117188e-01   9.4117188e-01
   3.3000000e+01   2.1000000e+01   8.6515544e-15   9.1695313e-01   9.1695313e-01
   3.4000000e+01   2.1000000e+01   8.4309644e-15   8.8710938e-01   8.8710938e-01
   3.5000000e+01   2.1000000e+01   8.1970879e-15   8.5921875e-01   8.5921875e-01
   1.0000000e+00   2.2000000e+01   8.5236084e-15   8.9109375e-01   8.9109375e-01
   2.0000000e+00   2.2000000e+01   8.2708819e-15   8.6632813e-01   8.6632813e-01
   3.0000000e+00   2.2000000e+01   8.3582065e-15   8.6726563e-01   8.6726563e-01
   4.0000000e+00   2.2000000e+01   8.5516581e-15   8.8781250e-01   8.8781250e-01
   5.0000000e+00   2.2000000e+01   8.7689755e-15   9.1578125e-01   9.1578125e-01
   6.0000000e+00   2.2000000e+01   8.9568694e-15   9.3609375e-01   9.3609375e-01
   7.0000000e+00   2.2000000e+01   8.8852448e-15   9.2632813e-01   9.2632813e-01
   8.0000000e+00   2.2000000e+01   8.6499384e-15   9.0226563e-01   9.0226563e-01
   9.0000000e+00   2.2000000e+01   8.3960859e-15   8.7437500e-01   8.7437500e-01
   1.0000000e+01   2.2000000e+01   8.2242030e-15   8.5062500e-01   8.5062500e-01
   1.1000000e+01   2.2000000e+01   8.3031871e-15   8.5281250e-01   8.5281250e-01
   1.2000000e+01   2.2000000e+01   8.5518880e-15   8.8320313e-01   8.8320313e-01
   1.3000000e+01   2.2000000e+01   8.7910428e-15   9.1750000e-01   9.1750000e-01
   1.4000000e+01   2.2000000e+01   9.0849835e-15   9.5609375e-01   9.5609375e-01
   1.5000000e+01   2.2000000e+01   9.1333055e-15   9.6156250e-01   9.6156250e-01
   1.6000000e+01   2.2000000e+01   8.8855371e-15   9.3804688e-01   9.3804688e-01
   1.7000000e+01   2.2000000e+01   8.6761484e-15   9.1273438e-01   9.1273438e-01
   1.8000000e+01   2.2000000e+01   8.3907240e-15   8.7398438e-01   8.7398438e-01
   1.9000000e+01   2.2000000e+01   8.1843491e-15   8.4664063e-01   8.4664063e-01
   2.0000000e+01   2.2000000e+01   8.3813592e-15   8.6703125e-01   8.6703125e-01
   2.1000000e+01   2.2000000e+01   8.5696700e-15   8.9726563e-01   8.9726563e-01
   2.2000000e+01   2.2000000e+01   8.7223296e-15   9.2203125e-01   9.2203125e-01
   2.3000000e+01   2.2000000e+01   8.8638182e-15   9.3281250e-01   9.3281250e-01
   2.4000000e+01   2.2000000e+01   8.7451637e-15   9.1968750e-01   9.1968750e-01
   2.5000000e+01   2.2000000e+01   8.5535796e-15   8.9335938e-01   8.9335938e-01
   2.6000000e+01   2.2000000e+01   8.2505113e-15   8.6390625e-01   8.6390625e-01
   2.7000000e+01   2.2000000e+01   8.0224903e-15   8.3671875e-01   8.3671875e-01
   2.8000000e+01   2.2000000e+01   8.2209055e-15   8.6210938e-01   8.6210938e-01
   2.9000000e+01   2.2000000e+01   8.5091664e-15   9.0445313e-01   9.0445313e-01
   3.0000000e+01   2.2000000e+01   8.8050720e-15   9.3648438e-01   9.3648438e-01
   3.1000000e+01   2.2000000e+01   8.9645503e-15   9.6257813e-01   9.6257813e-01
   3.2000000e+01   2.2000000e+01   8.9773199e-15   9.5382813e-01   9.5382813e-01
   3.3000000e+01   2.2000000e+01   8.7341480e-15   9.1984375e-01   9.1984375e-01
   3.4000000e+01   2.2000000e+01   8.3769233e-15   8.8898438e-01   8.8898438e-01
   3.5000000e+01   2.2000000e+01   8.1435900e-15   8.5906250e-01   8.5906250e-01
   1.0000000e+00   2.3000000e+01   8.5157856e-15   8.9187500e-01   8.9187500e-01
   2.0000000e+00   2.3000000e+01   8.2998230e-15   8.6679688e-01   8.6679688e-01
   3.0000000e+00   2.3000000e+01   8.3059053e-15   8.6710938e-01   8.6710938e-01
   4.0000000e+00   2.3000000e+01   8.5253476e-15   8.9382813e-01   8.9382813e-01
   5.0000000e+00   2.3000000e+01   8.7746804e-15   9.2281250e-01   9.2281250e-01
   6.0000000e+00   2.3000000e+01   8.8548303e-15   9.3445313e-01   9.3445313e-01
   7.0000000e+00   2.3000000e+01   8.8116578e-15   9.2687500e-01   9.2687500e-01
   8.0000000e+00   2.3000000e+01   8.6607718e-15   9.0234375e-01   9.0234375e-01
   9.0000000e+00   2.3000000e+01   8.3734133e-15   8.7976563e-01   8.7976563e-01
   1.0000000e+01   2.3000000e+01   8.0963532e-15   8.5242188e-01   8.5242188e-01
   1.1000000e+01   2.3000000e+01   8.2621543e-15   8.6031250e-01   8.6031250e-01
   1.2000000e+01   2.3000000e+01   8.5101701e-15   8.9226563e-01   8.9226563e-01
   1.3000000e+01   2.3000000e+01   8.8138037e-15   9.2835938e-01   9.2835938e-01
   1.4000000e+01   2.3000000e+01   9.0537810e-15   9.6015625e-01   9.6015625e-01
   1.5000000e+01   2.3000000e+01   9.1076131e-15   9.5703125e-01   9.5703125e-01
   1.6000000e+01   2.3000000e+01   8.9760312e-15   9.3687500e-01   9.3687500e-01
   1.7000000e+01   2.3000000e+01   8.6343106e-15   9.0531250e-01   9.0531250e-01
   1.8000000e+01   2.3000000e+01   8.3720900e-15   8.6976563e-01   8.6976563e-01
   1.9000000e+01   2.3000000e+01   8.1786442e-15   8.5476563e-01   8.5476563e-01
   2.0000000e+01   2.3000000e+01   8.3203184e-15   8.6921875e-01   8.6921875e-01
   2.1000000e+01   2.3000000e+01   8.6042874e-15   9.0250000e-01   9.0250000e-01
   2.2000000e+01   2.3000000e+01   8.7300195e-15   9.2757813e-01   9.2757813e-01
   2.3000000e+01   2.3000000e+01   8.8341255e-15   9.3789063e-01   9.3789063e-01
   2.4000000e+01   2.3000000e+01   8.6087766e-15   9.1281250e-01   9.1281250e-01
   2.5000000e+01   2.3000000e+01   8.4428758e-15   8.8906250e-01   8.8906250e-01
   2.6000000e+01   2.3000000e+01   8.2587955e-15   8.5843750e-01   8.5843750e-01
   2.7000000e+01   2.3000000e+01   8.0389342e-15   8.4312500e-01   8.4312500e-01
   2.8000000e+01   2.3000000e+01   8.2539650e-15   8.6843750e-01   8.6843750e-01
   2.9000000e+01   2.3000000e+01   8.5400065e-15   8.9953125e-01   8.9953125e-01
   3.0000000e+01   2.3000000e+01   8.8354610e-15   9.4445313e-01   9.4445313e-01
   3.1000000e+01   2.3000000e+01   9.0373883e-15   9.5960938e-01   9.5960938e-01
   3.2000000e+01   2.3000000e+01   8.9826710e-15   9.5218750e-01   9.5218750e-01
   3.3000000e+01   2.3000000e+01   8.6968147e-15   9.2507813e-01   9.2507813e-01
   3.4000000e+01   2.3000000e+01   8.4287185e-15   8.8632813e-01   8.8632813e-01
   3.5000000e+01   2.3000000e+01   8.1642319e-15   8.6117188e-01   8.6117188e-01
   1.0000000e+00   2.4000000e+01   8.3832218e-15   8.8515625e-01   8.8515625e-01
   2.0000000e+00   2.4000000e+01   8.2489765e-15   8.6687500e-01   8.6687500e-01
   3.0000000e+00   2.4000000e+01   8.2740269e-15   8.7500000e-01   8.7500000e-01
   4.0000000e+00   2.4000000e+01   8.5884864e-15   9.0226563e-01   9.0226563e-01
   5.0000000e+00   2.4000000e+01   8.7567506e-15   9.2617188e-01   9.2617188e-01
   6.0000000e+00   2.4000000e+01   8.9323059e-15   9.3757813e-01   9.3757813e-01
   7.0000000e+00   2.4000000e+01   8.7827631e-15   9.2710938e-01   9.2710938e-01
   8.0000000e+00   2.4000000e+01   8.6474721e-15   9.0054688e-01   9.0054688e-01
   9.0000000e+00   2.4000000e+01   8.4563989e-15   8.7218750e-01   8.7218750e-01
   1.0000000e+01   2.4000000e+01   8.2827267e-15   8.5031250e-01   8.5031250e-01
   1.1000000e+01   2.4000000e+01   8.3140492e-15   8.5929688e-01   8.5929688e-01
   1.2000000e+01   2.4000000e+01   8.6065002e-15   8.9250000e-01   8.9250000e-01
   1.3000000e+01   2.4000000e+01   8.8092369e-15   9.3078125e-01   9.3078125e-01
   1.4000000e+01   2.4000000e+01   9.1754308e-15   9.5812500e-01   9.5812500e-01
   1.5000000e+01   2.4000000e+01   8.9983411e-15   9.5281250e-01   9.5281250e-01
   1.6000000e+01   2.4000000e+01   8.8601130e-15   9.3476563e-01   9.3476563e-01
   1.7000000e+01   2.4000000e+01   8.7125803e-15   9.0585938e-01   9.0585938e-01
   1.8000000e+01   2.4000000e+01   8.3518209e-15   8.7773438e-01   8.7773438e-01
   1.9000000e+01   2.4000000e+01   8.2177235e-15   8.6031250e-01   8.6031250e-01
   2.0000000e+01   2.4000000e+01   8.4774436e-15   8.7679688e-01   8.7679688e-01
   2.1000000e+01   2.4000000e+01   8.5977893e-15   9.1242188e-01   9.1242188e-01
   2.2000000e+01   2.4000000e+01   8.8023949e-15   9.2898438e-01   9.2898438e-01
   2.3000000e+01   2.4000000e+01   8.8961828e-15   9.3078125e-01   9.3078125e-01
   2.4000000e+01   2.4000000e+01   8.7114886e-15   9.1656250e-01   9.1656250e-01
   2.5000000e+01   2.4000000e+01   8.5044773e-15   8.8632813e-01   8.8632813e-01
   2.6000000e+01   2.4000000e+01   8.3527142e-15   8.6117188e-01   8.6117188e-01
   2.7000000e+01   2.4000000e+01   8.2600790e-15   8.4804688e-01   8.4804688e-01
   2.8000000e+01   2.4000000e+01   8.3909919e-15   8.7406250e-01   8.7406250e-01
   2.9000000e+01   2.4000000e+01   8.6011832e-15   9.0539063e-01   9.0539063e-01
   3.0000000e+01   2.4000000e+01   9.0229852e-15   9.5328125e-01   9.5328125e-01
   3.1000000e+01   2.4000000e+01   9.1602916e-15   9.6093750e-01   9.6093750e-01
   3.2000000e+01   2.4000000e+01   8.8780589e-15   9.3867188e-01   9.3867188e-01
   3.3000000e+01   2.4000000e+01   8.7757086e-15   9.2125000e-01   9.2125000e-01
   3.4000000e+01   2.4000000e+01   8.4287716e-15   8.8296875e-01   8.8296875e-01
   3.5000000e+01   2.4000000e+01   8.3016432e-15   8.6265625e-01   8.6265625e-01
   1.0000000e+00   2.5000000e+01   8.4482354e-15   8.8585938e-01   8.8585938e-01
   2.0000000e+00   2.5000000e+01   8.4027172e-15   8.6890625e-01   8.6890625e-01
   3.0000000e+00   2.5000000e+01   8.3975976e-15   8.7867188e-01   8.7867188e-01
   4.0000000e+00   2.5000000e+01   8.5669647e-15   9.0328125e-01   9.0328125e-01
   5.0000000e+00   2.5000000e+01   8.8740728e-15   9.3421875e-01   9.3421875e-01
   6.0000000e+00   2.5000000e+01   8.9071784e-15   9.4203125e-01   9.4203125e-01
   7.0000000e+00   2.5000000e+01   8.7948541e-15   9.3171875e-01   9.3171875e-01
   8.0000000e+00   2.5000000e+01   8.6187678e-15   9.0140625e-01   9.0140625e-01
   9.0000000e+00   2.5000000e+01   8.3767899e-15   8.7250000e-01   8.7250000e-01
   1.0000000e+01   2.5000000e+01   8.1288667e-15   8.4953125e-01   8.4953125e-01
   1.1000000e+01   2.5000000e+01   8.2595856e-15   8.6007813e-01   8.6007813e-01
   1.2000000e+01   2.5000000e+01   8.5082836e-15   8.9554688e-01   8.9554688e-01
   1.3000000e+01   2.5000000e+01   8.9195912e-15   9.3132813e-01   9.3132813e-01
   1.4000000e+01   2.5000000e+01   9.0828601e-15   9.6351563e-01   9.6351563e-01
   1.5000000e+01   2.5000000e+01   9.0456428e-15   9.5351563e-01   9.5351563e-01
   1.6000000e+01   2.5000000e+01   8.8544403e-15   9.2906250e-01   9.2906250e-01
   1.7000000e+01   2.5000000e+01   8.6508716e-15   9.0609375e-01   9.0609375e-01
   1.8000000e+01   2.5000000e+01   8.3791379e-15   8.7296875e-01   8.7296875e-01
   1.9000000e+01   2.5000000e+01   8.2579530e-15   8.6515625e-01   8.6515625e-01
   2.0000000e+01   2.5000000e+01   8.4370162e-15   8.8578125e-01   8.8578125e-01
   2.1000000e+01   2.5000000e+01   8.6823619e-15   9.1625000e-01   9.1625000e-01
   2.2000000e+01   2.5000000e+01   8.8599860e-15   9.3453125e-01   9.3453125e-01
   2.3000000e+01   2.5000000e+01   8.8440541e-15   9.2882813e-01   9.2882813e-01
   2.4000000e+01   2.5000000e+01   8.7073488e-15   9.1929688e-01   9.1929688e-01
   2.5000000e+01   2.5000000e+01   8.4547047e-15   8.8867188e-01   8.8867188e-01
   2.6000000e+01   2.5000000e+01   8.2355833e-15   8.6070313e-01   8.6070313e-01
   2.7000000e+01   2.5000000e+01   8.1592653e-15   8.4695313e-01   8.4695313e-01
   2.8000000e+01   2.5000000e+01   8.3570325e-15   8.7281250e-01   8.7281250e-01
   2.9000000e+01   2.5000000e+01   8.7575318e-15   9.0968750e-01   9.0968750e-01
   3.0000000e+01   2.5000000e+01   8.9101655e-15   9.4929688e-01   9.4929688e-01
   3.1000000e+01   2.5000000e+01   9.1143427e-15   9.6007813e-01   9.6007813e-01
   3.2000000e+01   2.5000000e+01   9.0129785e-15   9.4210938e-01   9.4210938e-01
   3.3000000e+01   2.5000000e+01   8.7360669e-15   9.1687500e-01   9.1687500e-01
   3.4000000e+01   2.5000000e+01   8.4971254e-15   8.8015625e-01   8.8015625e-01
   3.5000000e+01   2.5000000e+01   8.4109431e-15   8.6156250e-01   8.6156250e-01
   1.0000000e+00   2.6000000e+01   8.4684795e-15   8.7882813e-01   8.7882813e-01
   2.0000000e+00   2.6000000e+01   8.3823719e-15   8.7414063e-01   8.7414063e-01
   3.0000000e+00   2.6000000e+01   8.4383116e-15   8.8750000e-01   8.8750000e-01
   4.0000000e+00   2.6000000e+01   8.6893041e-15   9.1148438e-01   9.1148438e-01
   5.0000000e+00   2.6000000e+01   8.9385859e-15   9.3906250e-01   9.3906250e-01
   6.0000000e+00   2.6000000e+01   8.9688673e-15   9.4343750e-01   9.4343750e-01
   7.0000000e+00   2.6000000e+01   8.9543697e-15   9.2843750e-01   9.2843750e-01
   8.0000000e+00   2.6000000e+01   8.5983350e-15   8.9617188e-01   8.9617188e-01
   9.0000000e+00   2.6000000e+01   8.3215104e-15   8.6531250e-01   8.6531250e-01
   1.0000000e+01   2.6000000e+01   8.1335879e-15   8.4328125e-01   8.4328125e-01
   1.1000000e+01   2.6000000e+01   8.2961723e-15   8.6250000e-01   8.6250000e-01
   1.2000000e+01   2.6000000e+01   8.6942720e-15   8.9945313e-01   8.9945313e-01
   1.3000000e+01   2.6000000e+01   8.9231163e-15   9.3265625e-01   9.3265625e-01
   1.4000000e+01   2.6000000e+01   9.1470703e-15   9.5843750e-01   9.5843750e-01
   1.5000000e+01   2.6000000e+01   9.0850286e-15   9.5125000e-01   9.5125000e-01
   1.6000000e+01   2.6000000e+01   8.8745523e-15   9.2570313e-01   9.2570313e-01
   1.7000000e+01   2.6000000e+01   8.6669388e-15   8.9867188e-01   8.9867188e-01
   1.8000000e+01   2.6000000e+01   8.4191672e-15   8.7351563e-01   8.7351563e-01
   1.9000000e+01   2.6000000e+01   8.3945882e-15   8.6867188e-01   8.6867188e-01
   2.0000000e+01   2.6000000e+01   8.6091892e-15   8.9234375e-01   8.9234375e-01
   2.1000000e+01   2.6000000e+01   8.7314918e-15   9.1390625e-01   9.1390625e-01
   2.2000000e+01   2.6000000e+01   9.0323959e-15   9.4312500e-01   9.4312500e-01
   2.3000000e+01   2.6000000e+01   8.8948318e-15   9.3250000e-01   9.3250000e-01
   2.4000000e+01   2.6000000e+01   8.7037647e-15   9.0640625e-01   9.0640625e-01
   2.5000000e+01   2.6000000e+01   8.4765913e-15   8.8195313e-01   8.8195313e-01
   2.6000000e+01   2.6000000e+01   8.1524641e-15   8.5132813e-01   8.5132813e-01
   2.7000000e+01   2.6000000e+01   8.1601199e-15   8.4703125e-01   8.4703125e-01
   2.8000000e+01   2.6000000e+01   8.3453211e-15   8.8007813e-01   8.8007813e-01
   2.9000000e+01   2.6000000e+01   8.7590385e-15   9.1140625e-01   9.1140625e-01
   3.0000000e+01   2.6000000e+01   9.0534894e-15   9.4984375e-01   9.4984375e-01
   3.1000000e+01   2.6000000e+01   9.0752519e-15   9.5578125e-01   9.5578125e-01
   3.2000000e+01   2.6000000e+01   8.9077805e-15   9.3695313e-01   9.3695313e-01
   3.3000000e+01   2.6000000e+01   8.7030376e-15   9.1757813e-01   9.1757813e-01
   3.4000000e+01   2.6000000e+01   8.4426295e-15   8.7781250e-01   8.7781250e-01
   3.5000000e+01   2.6000000e+01   8.2731664e-15   8.6031250e-01   8.6031250e-01
   1.0000000e+00   2.7000000e+01   8.3274902e-15   8.7312500e-01   8.7312500e-01
   2.0000000e+00   2.7000000e+01   8.3601763e-15   8.7046875e-01   8.7046875e-01
   3.0000000e+00   2.7000000e+01   8.4534975e-15   8.9218750e-01   8.9218750e-01
   4.0000000e+00   2.7000000e+01   8.7043901e-15   9.1851563e-01   9.1851563e-01
   5.0000000e+00   2.7000000e+01   8.9886022e-15   9.4796875e-01   9.4796875e-01
   6.0000000e+00   2.7000000e+01   8.9162040e-15   9.4187500e-01   9.4187500e-01
   7.0000000e+00   2.7000000e+01   8.7985893e-15   9.2476563e-01   9.2476563e-01
   8.0000000e+00   2.7000000e+01   8.5087558e-15   8.9500000e-01   8.9500000e-01
   9.0000000e+00   2.7000000e+01   8.3072028e-15   8.6570313e-01   8.6570313e-01
   1.0000000e+01   2.7000000e+01   8.0958900e-15   8.4367188e-01   8.4367188e-01
   1.1000000e+01   2.7000000e+01   8.3208363e-15   8.6445313e-01   8.6445313e-01
   1.2000000e+01   2.7000000e+01   8.6320973e-15   9.0039063e-01   9.0039063e-01
   1.3000000e+01   2.7000000e+01   8.8820584e-15   9.3367188e-01   9.3367188e-01
   1.4000000e+01   2.7000000e+01   9.0097572e-15   9.5570313e-01   9.5570313e-01
   1.5000000e+01   2.7000000e+01   8.9888291e-15   9.4398438e-01   9.4398438e-01
   1.6000000e+01   2.7000000e+01   8.8108461e-15   9.1765625e-01   9.1765625e-01
   1.7000000e+01   2.7000000e+01   8.6147655e-15   8.9507813e-01   8.9507813e-01
   1.8000000e+01   2.7000000e+01   8.4356088e-15   8.6593750e-01   8.6593750e-01
   1.9000000e+01   2.7000000e+01   8.3952791e-15   8.7226563e-01   8.7226563e-01
   2.0000000e+01   2.7000000e+01   8.6212018e-15   8.9789063e-01   8.9789063e-01
   2.1000000e+01   2.7000000e+01   8.7543544e-15   9.1593750e-01   9.1593750e-01
   2.2000000e+01   2.7000000e+01   8.9248635e-15   9.4070313e-01   9.4070313e-01
   2.3000000e+01   2.7000000e+01   8.8720737e-15   9.2921875e-01   9.2921875e-01
   2.4000000e+01   2.7000000e+01   8.7463856e-15   9.0687500e-01   9.0687500e-01
   2.5000000e+01   2.7000000e+01   8.5853427e-15   8.8140625e-01   8.8140625e-01
   2.6000000e+01   2.7000000e+01   8.1493309e-15   8.4664063e-01   8.4664063e-01
   2.7000000e+01   2.7000000e+01   8.1268504e-15   8.4585938e-01   8.4585938e-01
   2.8000000e+01   2.7000000e+01   8.3779582e-15   8.7851563e-01   8.7851563e-01
   2.9000000e+01   2.7000000e+01   8.7254851e-15   9.1210938e-01   9.1210938e-01
   3.0000000e+01   2.7000000e+01   9.0483719e-15   9.5156250e-01   9.5156250e-01
   3.1000000e+01   2.7000000e+01   8.9580363e-15   9.5414063e-01   9.5414063e-01
   3.2000000e+01   2.7000000e+01   8.8510062e-15   9.3125000e-01   9.3125000e-01
   3.3000000e+01   2.7000000e+01   8.7169896e-15   9.1070313e-01   9.1070313e-01
   3.4000000e+01   2.7000000e+01   8.4119664e-15   8.7867188e-01   8.7867188e-01
   3.5000000e+01   2.7000000e+01   8.3873186e-15   8.6273438e-01   8.6273438e-01
   1.0000000e+00   2.8000000e+01   8.2480889e-15   8.5945313e-01   8.5945313e-01
   2.0000000e+00   2.8000000e+01   8.3395117e-15   8.6585938e-01   8.6585938e-01
   3.0000000e+00   2.8000000e+01   8.5548455e-15   8.9312500e-01   8.9312500e-01
   4.0000000e+00   2.8000000e+01   8.8910631e-15   9.2578125e-01   9.2578125e-01
   5.0000000e+00   2.8000000e+01   9.0812966e-15   9.5640625e-01   9.5640625e-01
   6.0000000e+00   2.8000000e+01   9.0190810e-15   9.4601563e-01   9.4601563e-01
   7.0000000e+00   2.8000000e+01   8.8590894e-15   9.2554688e-01   9.2554688e-01
   8.0000000e+00   2.8000000e+01   8.5284256e-15   8.9015625e-01   8.9015625e-01
   9.0000000e+00   2.8000000e+01   8.3510975e-15   8.6445313e-01   8.6445313e-01
   1.0000000e+01   2.8000000e+01   8.1832326e-15   8.4843750e-01   8.4843750e-01
   1.1000000e+01   2.8000000e+01   8.3872888e-15   8.7234375e-01   8.7234375e-01
   1.2000000e+01   2.8000000e+01   8.6424222e-15   9.0312500e-01   9.0312500e-01
   1.3000000e+01   2.8000000e+01   8.8993790e-15   9.3062500e-01   9.3062500e-01
   1.4000000e+01   2.8000000e+01   8.9358193e-15   9.4179688e-01   9.4179688e-01
   1.5000000e+01   2.8000000e+01   8.8491169e-15   9.2781250e-01   9.2781250e-01
   1.6000000e+01   2.8000000e+01   8.5902017e-15   9.0210938e-01   9.0210938e-01
   1.7000000e+01   2.8000000e+01   8.4405044e-15   8.7593750e-01   8.7593750e-01
   1.8000000e+01   2.8000000e+01   8.3229262e-15   8.5953125e-01   8.5953125e-01
   1.9000000e+01   2.8000000e+01   8.4057677e-15   8.6937500e-01   8.6937500e-01
   2.0000000e+01   2.8000000e+01   8.6607781e-15   9.0046875e-01   9.0046875e-01
   2.1000000e+01   2.8000000e+01   8.8918712e-15   9.3031250e-01   9.3031250e-01
   2.2000000e+01   2.8000000e+01   9.0620498e-15   9.4664063e-01   9.4664063e-01
   2.3000000e+01   2.8000000e+01   8.8572747e-15   9.2937500e-01   9.2937500e-01
   2.4000000e+01   2.8000000e+01   8.6256854e-15   9.0179688e-01   9.0179688e-01
   2.5000000e+01   2.8000000e+01   8.3688343e-15   8.7187500e-01   8.7187500e-01
   2.6000000e+01   2.8000000e+01   8.2022073e-15   8.4984375e-01   8.4984375e-01
   2.7000000e+01   2.8000000e+01   8.1760193e-15   8.4445313e-01   8.4445313e-01
   2.8000000e+01   2.8000000e+01   8.4685957e-15   8.7890625e-01   8.7890625e-01
   2.9000000e+01   2.8000000e+01   8.7871183e-15   9.1414063e-01   9.1414063e-01
   3.0000000e+01   2.8000000e+01   8.9746463e-15   9.4593750e-01   9.4593750e-01
   3.1000000e+01   2.8000000e+01   8.9769543e-15   9.4164063e-01   9.4164063e-01
   3.2000000e+01   2.8000000e+01   8.8029018e-15   9.2437500e-01   9.2437500e-01
   3.3000000e+01   2.8000000e+01   8.6677559e-15   8.9250000e-01   8.9250000e-01
   3.4000000e+01   2.8000000e+01   8.3667996e-15   8.6476563e-01   8.6476563e-01
   3.5000000e+01   2.8000000e+01   8.3280587e-15   8.6156250e-01   8.6156250e-01
   1.0000000e+00   2.9000000e+01   8.1503504e-15   8.4664063e-01   8.4664063e-01
   2.0000000e+00   2.9000000e+01   8.2972389e-15   8.6164063e-01   8.6164063e-01
   3.0000000e+00   2.9000000e+01   8.5948046e-15   8.8671875e-01   8.8671875e-01
   4.0000000e+00   2.9000000e+01   8.8400541e-15   9.2968750e-01   9.2968750e-01
   5.0000000e+00   2.9000000e+01   9.1185856e-15   9.5804688e-01   9.5804688e-01
   6.0000000e+00   2.9000000e+01   9.0533697e-15   9.4726563e-01   9.4726563e-01
   7.0000000e+00   2.9000000e+01   8.8587132e-15   9.2539063e-01   9.2539063e-01
   8.0000000e+00   2.9000000e+01   8.6041209e-15   8.9625000e-01   8.9625000e-01
   9.0000000e+00   2.9000000e+01   8.3275478e-15   8.6304688e-01   8.6304688e-01
   1.0000000e+01   2.9000000e+01   8.2558580e-15   8.4984375e-01   8.4984375e-01
   1.1000000e+01   2.9000000e+01   8.3928709e-15   8.6960938e-01   8.6960938e-01
   1.2000000e+01   2.9000000e+01   8.6481088e-15   8.9710938e-01   8.9710938e-01
   1.3000000e+01   2.9000000e+01   8.8652038e-15   9.2804688e-01   9.2804688e-01
   1.4000000e+01   2.9000000e+01   8.9319149e-15   9.3320313e-01   9.3320313e-01
   1.5000000e+01   2.9000000e+01   8.7661110e-15   9.1585938e-01   9.1585938e-01
   1.6000000e+01   2.9000000e+01   8.5065482e-15   8.8343750e-01   8.8343750e-01
   1.7000000e+01   2.9000000e+01   8.3199916e-15   8.6390625e-01   8.6390625e-01
   1.8000000e+01   2.9000000e+01   8.2121378e-15   8.4929688e-01   8.4929688e-01
   1.9000000e+01   2.9000000e+01   8.3391054e-15   8.7007813e-01   8.7007813e-01
   2.0000000e+01   2.9000000e+01   8.6224331e-15   9.0320313e-01   9.0320313e-01
   2.1000000e+01   2.9000000e+01   8.8305476e-15   9.3562500e-01   9.3562500e-01
   2.2000000e+01   2.9000000e+01   8.9326047e-15   9.5164063e-01   9.5164063e-01
   2.3000000e+01   2.9000000e+01   8.8335511e-15   9.3351563e-01   9.3351563e-01
   2.4000000e+01   2.9000000e+01   8.6030925e-15   9.0125000e-01   9.0125000e-01
   2.5000000e+01   2.9000000e+01   8.3616756e-15   8.7265625e-01   8.7265625e-01
   2.6000000e+01   2.9000000e+01   8.1192376e-15   8.4843750e-01   8.4843750e-01
   2.7000000e+01   2.9000000e+01   8.0967409e-15   8.4960938e-01   8.4960938e-01
   2.8000000e+01   2.9000000e+01   8.3528741e-15   8.8164063e-01   8.8164063e-01
   2.9000000e+01   2.9000000e+01   8.7615578e-15   9.1257813e-01   9.1257813e-01
   3.0000000e+01   2.9000000e+01   8.9074974e-15   9.3726563e-01   9.3726563e-01
   3.1000000e+01   2.9000000e+01   8.8758295e-15   9.3296875e-01   9.3296875e-01
   3.2000000e+01   2.9000000e+01   8.6757543e-15   9.0937500e-01   9.0937500e-01
   3.3000000e+01   2.9000000e+01   8.4443226e-15   8.8234375e-01   8.8234375e-01
   3.4000000e+01   2.9000000e+01   8.2761883e-15   8.6093750e-01   8.6093750e-01
   3.5000000e+01   2.9000000e+01   8.1994814e-15   8.5757813e-01   8.5757813e-01
   1.0000000e+00   3.0000000e+01   8.1510739e-15   8.4242188e-01   8.4242188e-01
   2.0000000e+00   3.0000000e+01   8.3064126e-15   8.5921875e-01   8.5921875e-01
   3.0000000e+00   3.0000000e+01   8.6062469e-15   8.8804688e-01   8.8804688e-01
   4.0000000e+00   3.0000000e+01   8.8967733e-15   9.3164063e-01   9.3164063e-01
   5.0000000e+00   3.0000000e+01   9.1587565e-15   9.5757813e-01   9.5757813e-01
   6.0000000e+00   3.0000000e+01   9.0838769e-15   9.5039063e-01   9.5039063e-01
   7.0000000e+00   3.0000000e+01   8.9203040e-15   9.3132813e-01   9.3132813e-01
   8.0000000e+00   3.0000000e+01   8.6435153e-15   8.9335938e-01   8.9335938e-01
   9.0000000e+00   3.0000000e+01   8.3684070e-15   8.6476563e-01   8.6476563e-01
   1.0000000e+01   3.0000000e+01   8.2360177e-15   8.5468750e-01   8.5468750e-01
   1.1000000e+01   3.0000000e+01   8.3834282e-15   8.7859375e-01   8.7859375e-01
   1.2000000e+01   3.0000000e+01   8.6413417e-15   9.0523438e-01   9.0523438e-01
   1.3000000e+01   3.0000000e+01   8.8458850e-15   9.3195313e-01   9.3195313e-01
   1.4000000e+01   3.0000000e+01   8.7828245e-15   9.2296875e-01   9.2296875e-01
   1.5000000e+01   3.0000000e+01   8.6512069e-15   9.0328125e-01   9.0328125e-01
   1.6000000e+01   3.0000000e+01   8.4679405e-15   8.7718750e-01   8.7718750e-01
   1.7000000e+01   3.0000000e+01   8.2404524e-15   8.5164063e-01   8.5164063e-01
   1.8000000e+01   3.0000000e+01   8.1854031e-15   8.4585938e-01   8.4585938e-01
   1.9000000e+01   3.0000000e+01   8.3096570e-15   8.7101563e-01   8.7101563e-01
   2.0000000e+01   3.0000000e+01   8.7062707e-15   9.0664063e-01   9.0664063e-01
   2.1000000e+01   3.0000000e+01   8.9514311e-15   9.3976563e-01   9.3976563e-01
   2.2000000e+01   3.0000000e+01   9.1077581e-15   9.5054688e-01   9.5054688e-01
   2.3000000e+01   3.0000000e+01   8.9050075e-15   9.3281250e-01   9.3281250e-01
   2.4000000e+01   3.0000000e+01   8.7542969e-15   9.0484375e-01   9.0484375e-01
   2.5000000e+01   3.0000000e+01   8.4579061e-15   8.7320313e-01   8.7320313e-01
   2.6000000e+01   3.0000000e+01   8.1796612e-15   8.4328125e-01   8.4328125e-01
   2.7000000e+01   3.0000000e+01   8.2110064e-15   8.5429688e-01   8.5429688e-01
   2.8000000e+01   3.0000000e+01   8.5304162e-15   8.8304688e-01   8.8304688e-01
   2.9000000e+01   3.0000000e+01   8.8087030e-15   9.0992188e-01   9.0992188e-01
   3.0000000e+01   3.0000000e+01   8.8265768e-15   9.2835938e-01   9.2835938e-01
   3.1000000e+01   3.0000000e+01   8.7402083e-15   9.1226563e-01   9.1226563e-01
   3.2000000e+01   3.0000000e+01   8.6518849e-15   8.9226563e-01   8.9226563e-01
   3.3000000e+01   3.0000000e+01   8.4050976e-15   8.6265625e-01   8.6265625e-01
   3.4000000e+01   3.0000000e+01   8.2409084e-15   8.4070313e-01   8.4070313e-01
   3.5000000e+01   3.0000000e+01   8.3380517e-15   8.5320313e-01   8.5320313e-01
   1.0000000e+00   3.1000000e+01   8.1634523e-15   8.4320313e-01   8.4320313e-01
   2.0000000e+00   3.1000000e+01   8.3203785e-15   8.6148438e-01   8.6148438e-01
   3.0000000e+00   3.1000000e+01   8.5540058e-15   8.9179688e-01   8.9179688e-01
   4.0000000e+00   3.1000000e+01   8.8808056e-15   9.3257813e-01   9.3257813e-01
   5.0000000e+00   3.1000000e+01   9.1434109e-15   9.5804688e-01   9.5804688e-01
   6.0000000e+00   3.1000000e+01   9.0288064e-15   9.4726563e-01   9.4726563e-01
   7.0000000e+00   3.1000000e+01   8.8371179e-15   9.2406250e-01   9.2406250e-01
   8.0000000e+00   3.1000000e+01   8.6853896e-15   8.9234375e-01   8.9234375e-01
   9.0000000e+00   3.1000000e+01   8.4255420e-15   8.6492188e-01   8.6492188e-01
   1.0000000e+01   3.1000000e+01   8.2855881e-15   8.5421875e-01   8.5421875e-01
   1.1000000e+01   3.1000000e+01   8.5722587e-15   8.8031250e-01   8.8031250e-01
   1.2000000e+01   3.1000000e+01   8.7633311e-15   9.1187500e-01   9.1187500e-01
   1.3000000e+01   3.1000000e+01   8.8646841e-15   9.2281250e-01   9.2281250e-01
   1.4000000e+01   3.1000000e+01   8.8555825e-15   9.2937500e-01   9.2937500e-01
   1.5000000e+01   3.1000000e+01   8.6762763e-15   9.0382813e-01   9.0382813e-01
   1.6000000e+01   3.1000000e+01   8.4131028e-15   8.7804688e-01   8.7804688e-01
   1.7000000e+01   3.1000000e+01   8.1227074e-15   8.4679688e-01   8.4679688e-01
   1.8000000e+01   3.1000000e+01   8.1188890e-15   8.4578125e-01   8.4578125e-01
   1.9000000e+01   3.1000000e+01   8.3297740e-15   8.7000000e-01   8.7000000e-01
   2.0000000e+01   3.1000000e+01   8.6094066e-15   9.0656250e-01   9.0656250e-01
   2.1000000e+01   3.1000000e+01   8.9346579e-15   9.4570313e-01   9.4570313e-01
   2.2000000e+01   3.1000000e+01   9.0859540e-15   9.5734375e-01   9.5734375e-01
   2.3000000e+01   3.1000000e+01   8.8777564e-15   9.3359375e-01   9.3359375e-01
   2.4000000e+01   3.1000000e+01   8.6435786e-15   9.0828125e-01   9.0828125e-01
   2.5000000e+01   3.1000000e+01   8.4027013e-15   8.7093750e-01   8.7093750e-01
   2.6000000e+01   3.1000000e+01   8.1540940e-15   8.4617188e-01   8.4617188e-01
   2.7000000e+01   3.1000000e+01   8.2636646e-15   8.5890625e-01   8.5890625e-01
   2.8000000e+01   3.1000000e+01   8.3694822e-15   8.8187500e-01   8.8187500e-01
   2.9000000e+01   3.1000000e+01   8.7057412e-15   9.1859375e-01   9.1859375e-01
   3.0000000e+01   3.1000000e+01   8.8557363e-15   9.2820313e-01   9.2820313e-01
   3.1000000e+01   3.1000000e+01   8.6684994e-15   9.1257813e-01   9.1257813e-01
   3.2000000e+01   3.1000000e+01   8.5493490e-15   8.9515625e-01   8.9515625e-01
   3.3000000e+01   3.1000000e+01   8.2362281e-15   8.5539063e-01   8.5539063e-01
   3.4000000e+01   3.1000000e+01   8.0721831e-15   8.3625000e-01   8.3625000e-01
   3.5000000e+01   3.1000000e+01   8.1699156e-15   8.5203125e-01   8.5203125e-01
   1.0000000e+00   3.2000000e+01   8.1359157e-15   8.4601563e-01   8.4601563e-01
   2.0000000e+00   3.2000000e+01   8.2855523e-15   8.6992188e-01   8.6992188e-01
   3.0000000e+00   3.2000000e+01   8.5642470e-15   9.0093750e-01   9.0093750e-01
   4.0000000e+00   3.2000000e+01   8.9035810e-15   9.4289063e-01   9.4289063e-01
   5.0000000e+00   3.2000000e+01   9.0555697e-15   9.5750000e-01   9.5750000e-01
   6.0000000e+00   3.2000000e+01   8.9211235e-15   9.4085938e-01   9.4085938e-01
   7.0000000e+00   3.2000000e+01   8.8299836e-15   9.2078125e-01   9.2078125e-01
   8.0000000e+00   3.2000000e+01   8.5470647e-15   8.8578125e-01   8.8578125e-01
   9.0000000e+00   3.2000000e+01   8.3543269e-15   8.6460938e-01   8.6460938e-01
   1.0000000e+01   3.2000000e+01   8.3045919e-15   8.6179688e-01   8.6179688e-01
   1.1000000e+01   3.2000000e+01   8.5071815e-15   8.8656250e-01   8.8656250e-01
   1.2000000e+01   3.2000000e+01   8.7371069e-15   9.1210938e-01   9.1210938e-01
   1.3000000e+01   3.2000000e+01   8.8171543e-15   9.2851563e-01   9.2851563e-01
   1.4000000e+01   3.2000000e+01   8.7848744e-15   9.2578125e-01   9.2578125e-01
   1.5000000e+01   3.2000000e+01   8.5653082e-15   9.0109375e-01   9.0109375e-01
   1.6000000e+01   3.2000000e+01   8.3331008e-15   8.7414063e-01   8.7414063e-01
   1.7000000e+01   3.2000000e+01   8.1423362e-15   8.4859375e-01   8.4859375e-01
   1.8000000e+01   3.2000000e+01   8.1964502e-15   8.5007813e-01   8.5007813e-01
   1.9000000e+01   3.2000000e+01   8.3515373e-15   8.7570313e-01   8.7570313e-01
   2.0000000e+01   3.2000000e+01   8.6935651e-15   9.1562500e-01   9.1562500e-01
   2.1000000e+01   3.2000000e+01   8.9426380e-15   9.4718750e-01   9.4718750e-01
   2.2000000e+01   3.2000000e+01   8.9943811e-15   9.5359375e-01   9.5359375e-01
   2.3000000e+01   3.2000000e+01   8.8275068e-15   9.3398438e-01   9.3398438e-01
   2.4000000e+01   3.2000000e+01   8.6469031e-15   9.0328125e-01   9.0328125e-01
   2.5000000e+01   3.2000000e+01   8.2906515e-15   8.7156250e-01   8.7156250e-01
   2.6000000e+01   3.2000000e+01   8.1342978e-15   8.4945313e-01   8.4945313e-01
   2.7000000e+01   3.2000000e+01   8.2710490e-15   8.6101563e-01   8.6101563e-01
   2.8000000e+01   3.2000000e+01   8.4936495e-15   8.9351563e-01   8.9351563e-01
   2.9000000e+01   3.2000000e+01   8.7076490e-15   9.1593750e-01   9.1593750e-01
   3.0000000e+01   3.2000000e+01   8.8233552e-15   9.2554688e-01   9.2554688e-01
   3.1000000e+01   3.2000000e+01   8.6485592e-15   9.1101563e-01   9.1101563e-01
   3.2000000e+01   3.2000000e+01   8.4785626e-15   8.8289063e-01   8.8289063e-01
   3.3000000e+01   3.2000000e+01   8.1494801e-15   8.5453125e-01   8.5453125e-01
   3.4000000e+01   3.2000000e+01   8.0272168e-15   8.3781250e-01   8.3781250e-01
   3.5000000e+01   3.2000000e+01   8.2455804e-15   8.5421875e-01   8.5421875e-01
   1.0000000e+00   3.3000000e+01   8.1925517e-15   8.5062500e-01   8.5062500e-01
   2.0000000e+00   3.3000000e+01   8.3468482e-15   8.7015625e-01   8.7015625e-01
   3.0000000e+00   3.3000000e+01   8.5986218e-15   8.9820313e-01   8.9820313e-01
   4.0000000e+00   3.3000000e+01   9.0480130e-15   9.4140625e-01   9.4140625e-01
   5.0000000e+00   3.3000000e+01   9.1062478e-15   9.6085938e-01   9.6085938e-01
   6.0000000e+00   3.3000000e+01   8.9640697e-15   9.4250000e-01   9.4250000e-01
   7.0000000e+00   3.3000000e+01   8.7706523e-15   9.2453125e-01   9.2453125e-01
   8.0000000e+00   3.3000000e+01   8.4004283e-15   8.8812500e-01   8.8812500e-01
   9.0000000e+00   3.3000000e+01   8.2624068e-15   8.6062500e-01   8.6062500e-01
   1.0000000e+01   3.3000000e+01   8.2862899e-15   8.6718750e-01   8.6718750e-01
   1.1000000e+01   3.3000000e+01   8.5441549e-15   8.9296875e-01   8.9296875e-01
   1.2000000e+01   3.3000000e+01   8.7594001e-15   9.2093750e-01   9.2093750e-01
   1.3000000e+01   3.3000000e+01   8.8391280e-15   9.3109375e-01   9.3109375e-01
   1.4000000e+01   3.3000000e+01   8.8316835e-15   9.2898438e-01   9.2898438e-01
   1.5000000e+01   3.3000000e+01   8.6065111e-15   8.9906250e-01   8.9906250e-01
   1.6000000e+01   3.3000000e+01   8.3504400e-15   8.6640625e-01   8.6640625e-01
   1.7000000e+01   3.3000000e+01   8.1715704e-15   8.4976563e-01   8.4976563e-01
   1.8000000e+01   3.3000000e+01   8.2136616e-15   8.5070313e-01   8.5070313e-01
   1.9000000e+01   3.3000000e+01   8.3711942e-15   8.7601563e-01   8.7601563e-01
   2.0000000e+01   3.3000000e+01   8.7608487e-15   9.1679688e-01   9.1679688e-01
   2.1000000e+01   3.3000000e+01   8.9942563e-15   9.4968750e-01   9.4968750e-01
   2.2000000e+01   3.3000000e+01   9.0202104e-15   9.4781250e-01   9.4781250e-01
   2.3000000e+01   3.3000000e+01   8.8892315e-15   9.3093750e-01   9.3093750e-01
   2.4000000e+01   3.3000000e+01   8.6367213e-15   8.9921875e-01   8.9921875e-01
   2.5000000e+01   3.3000000e+01   8.3712754e-15   8.7343750e-01   8.7343750e-01
   2.6000000e+01   3.3000000e+01   8.1456726e-15   8.4875000e-01   8.4875000e-01
   2.7000000e+01   3.3000000e+01   8.3158204e-15   8.6468750e-01   8.6468750e-01
   2.8000000e+01   3.3000000e+01   8.5145875e-15   8.9226563e-01   8.9226563e-01
   2.9000000e+01   3.3000000e+01   8.7483752e-15   9.1804688e-01   9.1804688e-01
   3.0000000e+01   3.3000000e+01   8.8187297e-15   9.2375000e-01   9.2375000e-01
   3.1000000e+01   3.3000000e+01   8.6447523e-15   9.0859375e-01   9.0859375e-01
   3.2000000e+01   3.3000000e+01   8.4390483e-15   8.7851563e-01   8.7851563e-01
   3.3000000e+01   3.3000000e+01   8.1664035e-15   8.5265625e-01   8.5265625e-01
   3.4000000e+01   3.3000000e+01   8.0434048e-15   8.3953125e-01   8.3953125e-01
   3.5000000e+01   3.3000000e+01   8.2244182e-15   8.5976563e-01   8.5976563e-01
   1.0000000e+00   3.4000000e+01   8.1138652e-15   8.4921875e-01   8.4921875e-01
   2.0000000e+00   3.4000000e+01   8.3731835e-15   8.7828125e-01   8.7828125e-01
   3.0000000e+00   3.4000000e+01   8.5507810e-15   9.0890625e-01   9.0890625e-01
   4.0000000e+00   3.4000000e+01   8.9929947e-15   9.4679688e-01   9.4679688e-01
   5.0000000e+00   3.4000000e+01   9.0281475e-15   9.5648438e-01   9.5648438e-01
   6.0000000e+00   3.4000000e+01   8.9086223e-15   9.3562500e-01   9.3562500e-01
   7.0000000e+00   3.4000000e+01   8.6920049e-15   9.1679688e-01   9.1679688e-01
   8.0000000e+00   3.4000000e+01   8.4063414e-15   8.8359375e-01   8.8359375e-01
   9.0000000e+00   3.4000000e+01   8.2350332e-15   8.6468750e-01   8.6468750e-01
   1.0000000e+01   3.4000000e+01   8.3673246e-15   8.7851563e-01   8.7851563e-01
   1.1000000e+01   3.4000000e+01   8.5130644e-15   8.9757813e-01   8.9757813e-01
   1.2000000e+01   3.4000000e+01   8.8595259e-15   9.2648438e-01   9.2648438e-01
   1.3000000e+01   3.4000000e+01   8.8659635e-15   9.3578125e-01   9.3578125e-01
   1.4000000e+01   3.4000000e+01   8.7114885e-15   9.2265625e-01   9.2265625e-01
   1.5000000e+01   3.4000000e+01   8.5409182e-15   8.9726563e-01   8.9726563e-01
   1.6000000e+01   3.4000000e+01   8.3157488e-15   8.7070313e-01   8.7070313e-01
   1.7000000e+01   3.4000000e+01   8.0542392e-15   8.4546875e-01   8.4546875e-01
   1.8000000e+01   3.4000000e+01   8.2350017e-15   8.5367188e-01   8.5367188e-01
   1.9000000e+01   3.4000000e+01   8.4795095e-15   8.8750000e-01   8.8750000e-01
   2.0000000e+01   3.4000000e+01   8.6907312e-15   9.1890625e-01   9.1890625e-01
   2.1000000e+01   3.4000000e+01   9.0498672e-15   9.5242188e-01   9.5242188e-01
   2.2000000e+01   3.4000000e+01   8.9433203e-15   9.4664063e-01   9.4664063e-01
   2.3000000e+01   3.4000000e+01   8.7719441e-15   9.2585938e-01   9.2585938e-01
   2.4000000e+01   3.4000000e+01   8.5086631e-15   8.9210938e-01   8.9210938e-01
   2.5000000e+01   3.4000000e+01   8.3512582e-15   8.6664063e-01   8.6664063e-01
   2.6000000e+01   3.4000000e+01   8.1591042e-15   8.5523438e-01   8.5523438e-01
   2.7000000e+01   3.4000000e+01   8.3249867e-15   8.7539063e-01   8.7539063e-01
   2.8000000e+01   3.4000000e+01   8.5433420e-15   8.9906250e-01   8.9906250e-01
   2.9000000e+01   3.4000000e+01   8.7979958e-15   9.2507813e-01   9.2507813e-01
   3.0000000e+01   3.4000000e+01   8.6680199e-15   9.2007813e-01   9.2007813e-01
   3.1000000e+01   3.4000000e+01   8.5499765e-15   9.0601563e-01   9.0601563e-01
   3.2000000e+01   3.4000000e+01   8.3147507e-15   8.7992188e-01   8.7992188e-01
   3.3000000e+01   3.4000000e+01   8.0455264e-15   8.5023438e-01   8.5023438e-01
   3.4000000e+01   3.4000000e+01   8.0223948e-15   8.4367188e-01   8.4367188e-01
   3.5000000e+01   3.4000000e+01   8.1873350e-15   8.6718750e-01   8.6718750e-01
   1.0000000e+00   3.5000000e+01   8.0499766e-15   8.4500000e-01   8.4500000e-01
   2.0000000e+00   3.5000000e+01   8.3681678e-15   8.7992188e-01   8.7992188e-01
   3.0000000e+00   3.5000000e+01   8.5703970e-15   9.1125000e-01   9.1125000e-01
   4.0000000e+00   3.5000000e+01   8.9515764e-15   9.4937500e-01   9.4937500e-01
   5.0000000e+00   3.5000000e+01   8.9262931e-15   9.4898438e-01   9.4898438e-01
   6.0000000e+00   3.5000000e+01   8.8165815e-15   9.3351563e-01   9.3351563e-01
   7.0000000e+00   3.5000000e+01   8.6338708e-15   9.0773438e-01   9.0773438e-01
   8.0000000e+00   3.5000000e+01   8.3228834e-15   8.7757813e-01   8.7757813e-01
   9.0000000e+00   3.5000000e+01   8.3211435e-15   8.6750000e-01   8.6750000e-01
   1.0000000e+01   3.5000000e+01   8.4081908e-15   8.8328125e-01   8.8328125e-01
   1.1000000e+01   3.5000000e+01   8.6492665e-15   9.0507813e-01   9.0507813e-01
   1.2000000e+01   3.5000000e+01   8.7958952e-15   9.3062500e-01   9.3062500e-01
   1.3000000e+01   3.5000000e+01   8.9018278e-15   9.4390625e-01   9.4390625e-01
   1.4000000e+01   3.5000000e+01   8.7257179e-15   9.2351563e-01   9.2351563e-01
   1.5000000e+01   3.5000000e+01   8.5342948e-15   8.9898438e-01   8.9898438e-01
   1.6000000e+01   3.5000000e+01   8.2502601e-15   8.6265625e-01   8.6265625e-01
   1.7000000e+01   3.5000000e+01   8.0766456e-15   8.4070313e-01   8.4070313e-01
   1.8000000e+01   3.5000000e+01   8.1807416e-15   8.5406250e-01   8.5406250e-01
   1.9000000e+01   3.5000000e+01   8.4340979e-15   8.8742188e-01   8.8742188e-01
   2.0000000e+01   3.5000000e+01   8.7875789e-15   9.2765625e-01   9.2765625e-01
   2.1000000e+01   3.5000000e+01   8.9978788e-15   9.5171875e-01   9.5171875e-01
   2.2000000e+01   3.5000000e+01   8.9123026e-15   9.4656250e-01   9.4656250e-01
   2.3000000e+01   3.5000000e+01   8.6772940e-15   9.2304688e-01   9.2304688e-01
   2.4000000e+01   3.5000000e+01   8.5331549e-15   8.9328125e-01   8.9328125e-01
   2.5000000e+01   3.5000000e+01   8.2230498e-15   8.6984375e-01   8.6984375e-01
   2.6000000e+01   3.5000000e+01   8.1305685e-15   8.6062500e-01   8.6062500e-01
   2.7000000e+01   3.5000000e+01   8.3627403e-15   8.8070313e-01   8.8070313e-01
   2.8000000e+01   3.5000000e+01   8.4908075e-15   9.0492188e-01   9.0492188e-01
   2.9000000e+01   3.5000000e+01   8.7558744e-15   9.3289063e-01   9.3289063e-01
   3.0000000e+01   3.5000000e+01   8.6627774e-15   9.2390625e-01   9.2390625e-01
   3.1000000e+01   3.5000000e+01   8.4719798e-15   9.0265625e-01   9.0265625e-01
   3.2000000e+01   3.5000000e+01   8.4167377e-15   8.8007813e-01   8.8007813e-01
   3.3000000e+01   3.5000000e+01   8.0445924e-15   8.4953125e-01   8.4953125e-01
   3.4000000e+01   3.5000000e+01   8.0028385e-15   8.3859375e-01   8.3859375e-01
   3.5000000e+01   3.5000000e+01   8.2587493e-15   8.6601563e-01   8.6601563e-01
