   1.0000000e+00   1.0000000e+00   8.5601015e-15   9.1789063e-01   9.1789063e-01
   2.0000000e+00   1.0000000e+00   8.5930622e-15   9.2148438e-01   9.2148438e-01
   3.0000000e+00   1.0000000e+00   8.4057270e-15   9.0101563e-01   9.0101563e-01
   4.0000000e+00   1.0000000e+00   8.2032180e-15   8.7343750e-01   8.7343750e-01
   5.0000000e+00   1.0000000e+00   7.9342338e-15   8.4117188e-01   8.4117188e-01
   6.0000000e+00   1.0000000e+00   7.8760295e-15   8.3945313e-01   8.3945313e-01
   7.0000000e+00   1.0000000e+00   8.1938704e-15   8.7406250e-01   8.7406250e-01
   8.0000000e+00   1.0000000e+00   8.4235211e-15   9.0554688e-01   9.0554688e-01
   9.0000000e+00   1.0000000e+00   8.7028822e-15   9.4226563e-01   9.4226563e-01
   1.0000000e+01   1.0000000e+00   8.8205397e-15   9.4554688e-01   9.4554688e-01
   1.1000000e+01   1.0000000e+00   8.7399546e-15   9.3828125e-01   9.3828125e-01
   1.2000000e+01   1.0000000e+00   8.5388776e-15   9.1273438e-01   9.1273438e-01
   1.3000000e+01   1.0000000e+00   8.2371234e-15   8.7171875e-01   8.7171875e-01
   1.4000000e+01   1.0000000e+00   8.1083592e-15   8.5015625e-01   8.5015625e-01
   1.5000000e+01   1.0000000e+00   8.1111031e-15   8.5710938e-01   8.5710938e-01
   1.6000000e+01   1.0000000e+00   8.2896875e-15   8.8648438e-01   8.8648438e-01
   1.7000000e+01   1.0000000e+00   8.3731758e-15   9.0281250e-01   9.0281250e-01
   1.8000000e+01   1.0000000e+00   8.5154148e-15   9.1554688e-01   9.1554688e-01
   1.9000000e+01   1.0000000e+00   8.5325367e-15   9.1289063e-01   9.1289063e-01
   2.0000000e+01   1.0000000e+00   8.3779628e-15   8.8960938e-01   8.8960938e-01
   2.1000000e+01   1.0000000e+00   8.1054820e-15   8.5632813e-01   8.5632813e-01
   2.2000000e+01   1.0000000e+00   7.7913413e-15   8.2640625e-01   8.2640625e-01
   2.3000000e+01   1.0000000e+00   7.9914623e-15   8.4328125e-01   8.4328125e-01
   2.4000000e+01   1.0000000e+00   8.2645714e-15   8.8609375e-01   8.8609375e-01
   2.5000000e+01   1.0000000e+00   8.5478887e-15   9.1843750e-01   9.1843750e-01
   2.6000000e+01   1.0000000e+00   8.8589440e-15   9.4382813e-01   9.4382813e-01
   2.7000000e+01   1.0000000e+00   8.7815753e-15   9.3773438e-01   9.3773438e-01
   2.8000000e+01   1.0000000e+00   8.7008365e-15   9.2820313e-01   9.2820313e-01
   2.9000000e+01   1.0000000e+00   8.3456760e-15   8.8898438e-01   8.8898438e-01
   3.0000000e+01   1.0000000e+00   8.0918504e-15   8.5195313e-01   8.5195313e-01
   3.1000000e+01   1.0000000e+00   8.0814473e-15   8.4898438e-01   8.4898438e-01
   3.2000000e+01   1.0000000e+00   8.2648873e-15   8.7140625e-01   8.7140625e-01
   3.3000000e+01   1.0000000e+00   8.4493964e-15   8.9375000e-01   8.9375000e-01
   3.4000000e+01   1.0000000e+00   8.5800571e-15   9.1679688e-01   9.1679688e-01
   3.5000000e+01   1.0000000e+00   8.5477450e-15   9.1796875e-01   9.1796875e-01
   1.0000000e+00   2.0000000e+00   8.5145869e-15   9.1828125e-01   9.1828125e-01
   2.0000000e+00   2.0000000e+00   8.4814983e-15   9.1726563e-01   9.1726563e-01
   3.0000000e+00   2.0000000e+00   8.3925837e-15   9.0710938e-01   9.0710938e-01
   4.0000000e+00   2.0000000e+00   8.1057585e-15   8.7195313e-01   8.7195313e-01
   5.0000000e+00   2.0000000e+00   7.8661408e-15   8.4289063e-01   8.4289063e-01
   6.0000000e+00   2.0000000e+00   7.9129357e-15   8.3945313e-01   8.3945313e-01
   7.0000000e+00   2.0000000e+00   8.2484526e-15   8.7312500e-01   8.7312500e-01
   8.0000000e+00   2.0000000e+00   8.5341293e-15   9.1007813e-01   9.1007813e-01
   9.0000000e+00   2.0000000e+00   8.7195556e-15   9.3312500e-01   9.3312500e-01
   1.0000000e+01   2.0000000e+00   8.8502583e-15   9.5000000e-01   9.5000000e-01
   1.1000000e+01   2.0000000e+00   8.7524101e-15   9.3804688e-01   9.3804688e-01
   1.2000000e+01   2.0000000e+00   8.5389193e-15   9.1507813e-01   9.1507813e-01
   1.3000000e+01   2.0000000e+00   8.2418113e-15   8.7804688e-01   8.7804688e-01
   1.4000000e+01   2.0000000e+00   8.0458189e-15   8.5226563e-01   8.5226563e-01
   1.5000000e+01   2.0000000e+00   8.0689821e-15   8.5906250e-01   8.5906250e-01
   1.6000000e+01   2.0000000e+00   8.3685053e-15   8.8835938e-01   8.8835938e-01
   1.7000000e+01   2.0000000e+00   8.5257636e-15   9.0257813e-01   9.0257813e-01
   1.8000000e+01   2.0000000e+00   8.6742413e-15   9.1789063e-01   9.1789063e-01
   1.9000000e+01   2.0000000e+00   8.6337849e-15   9.1351563e-01   9.1351563e-01
   2.0000000e+01   2.0000000e+00   8.3890002e-15   8.8656250e-01   8.8656250e-01
   2.1000000e+01   2.0000000e+00   8.1236078e-15   8.5867188e-01   8.5867188e-01
   2.2000000e+01   2.0000000e+00   7.9382208e-15   8.2921875e-01   8.2921875e-01
   2.3000000e+01   2.0000000e+00   7.9914860e-15   8.4117188e-01   8.4117188e-01
   2.4000000e+01   2.0000000e+00   8.3818308e-15   8.8687500e-01   8.8687500e-01
   2.5000000e+01   2.0000000e+00   8.6849161e-15   9.1742188e-01   9.1742188e-01
   2.6000000e+01   2.0000000e+00   8.8492197e-15   9.4320313e-01   9.4320313e-01
   2.7000000e+01   2.0000000e+00   8.8661313e-15   9.4734375e-01   9.4734375e-01
   2.8000000e+01   2.0000000e+00   8.7743461e-15   9.2773438e-01   9.2773438e-01
   2.9000000e+01   2.0000000e+00   8.4009623e-15   8.9421875e-01   8.9421875e-01
   3.0000000e+01   2.0000000e+00   8.0688733e-15   8.5476563e-01   8.5476563e-01
   3.1000000e+01   2.0000000e+00   8.0191716e-15   8.5093750e-01   8.5093750e-01
   3.2000000e+01   2.0000000e+00   8.3282914e-15   8.7414063e-01   8.7414063e-01
   3.3000000e+01   2.0000000e+00   8.4661112e-15   8.9406250e-01   8.9406250e-01
   3.4000000e+01   2.0000000e+00   8.5872975e-15   9.1617188e-01   9.1617188e-01
   3.5000000e+01   2.0000000e+00   8.6519656e-15   9.1929688e-01   9.1929688e-01
   1.0000000e+00   3.0000000e+00   8.6568494e-15   9.1554688e-01   9.1554688e-01
   2.0000000e+00   3.0000000e+00   8.6334563e-15   9.1828125e-01   9.1828125e-01
   3.0000000e+00   3.0000000e+00   8.5147215e-15   9.0710938e-01   9.0710938e-01
   4.0000000e+00   3.0000000e+00   8.2157253e-15   8.7351563e-01   8.7351563e-01
   5.0000000e+00   3.0000000e+00   8.0485660e-15   8.4226563e-01   8.4226563e-01
   6.0000000e+00   3.0000000e+00   8.0329983e-15   8.4156250e-01   8.4156250e-01
   7.0000000e+00   3.0000000e+00   8.2577565e-15   8.7031250e-01   8.7031250e-01
   8.0000000e+00   3.0000000e+00   8.5422862e-15   9.0539063e-01   9.0539063e-01
   9.0000000e+00   3.0000000e+00   8.8423471e-15   9.3640625e-01   9.3640625e-01
   1.0000000e+01   3.0000000e+00   8.9333563e-15   9.4734375e-01   9.4734375e-01
   1.1000000e+01   3.0000000e+00   8.8533381e-15   9.3640625e-01   9.3640625e-01
   1.2000000e+01   3.0000000e+00   8.6776794e-15   9.1757813e-01   9.1757813e-01
   1.3000000e+01   3.0000000e+00   8.3249824e-15   8.7757813e-01   8.7757813e-01
   1.4000000e+01   3.0000000e+00   8.1349533e-15   8.5484375e-01   8.5484375e-01
   1.5000000e+01   3.0000000e+00   8.1397168e-15   8.6007813e-01   8.6007813e-01
   1.6000000e+01   3.0000000e+00   8.3946403e-15   8.8671875e-01   8.8671875e-01
   1.7000000e+01   3.0000000e+00   8.4671880e-15   9.0250000e-01   9.0250000e-01
   1.8000000e+01   3.0000000e+00   8.7220285e-15   9.2046875e-01   9.2046875e-01
   1.9000000e+01   3.0000000e+00   8.6655130e-15   9.1343750e-01   9.1343750e-01
   2.0000000e+01   3.0000000e+00   8.4498059e-15   8.9203125e-01   8.9203125e-01
   2.1000000e+01   3.0000000e+00   8.1870339e-15   8.6085938e-01   8.6085938e-01
   2.2000000e+01   3.0000000e+00   7.9129026e-15   8.3125000e-01   8.3125000e-01
   2.3000000e+01   3.0000000e+00   8.0153305e-15   8.4093750e-01   8.4093750e-01
   2.4000000e+01   3.0000000e+00   8.3694574e-15   8.8234375e-01   8.8234375e-01
   2.5000000e+01   3.0000000e+00   8.5723106e-15   9.1304688e-01   9.1304688e-01
   2.6000000e+01   3.0000000e+00   8.8426227e-15   9.4523438e-01   9.4523438e-01
   2.7000000e+01   3.0000000e+00   8.8497899e-15   9.4578125e-01   9.4578125e-01
   2.8000000e+01   3.0000000e+00   8.8411500e-15   9.3273438e-01   9.3273438e-01
   2.9000000e+01   3.0000000e+00   8.4910568e-15   9.0226563e-01   9.0226563e-01
   3.0000000e+01   3.0000000e+00   8.1752348e-15   8.6257813e-01   8.6257813e-01
   3.1000000e+01   3.0000000e+00   8.0700522e-15   8.4953125e-01   8.4953125e-01
   3.2000000e+01   3.0000000e+00   8.3070113e-15   8.6875000e-01   8.6875000e-01
   3.3000000e+01   3.0000000e+00   8.5095247e-15   8.9320313e-01   8.9320313e-01
   3.4000000e+01   3.0000000e+00   8.6561034e-15   9.1335938e-01   9.1335938e-01
   3.5000000e+01   3.0000000e+00   8.7345177e-15   9.1695313e-01   9.1695313e-01
   1.0000000e+00   4.0000000e+00   8.6822941e-15   9.1382813e-01   9.1382813e-01
   2.0000000e+00   4.0000000e+00   8.7366949e-15   9.1859375e-01   9.1859375e-01
   3.0000000e+00   4.0000000e+00   8.6587064e-15   9.0867188e-01   9.0867188e-01
   4.0000000e+00   4.0000000e+00   8.3893821e-15   8.8054688e-01   8.8054688e-01
   5.0000000e+00   4.0000000e+00   8.1375023e-15   8.4562500e-01   8.4562500e-01
   6.0000000e+00   4.0000000e+00   8.0806219e-15   8.3796875e-01   8.3796875e-01
   7.0000000e+00   4.0000000e+00   8.3540091e-15   8.7148438e-01   8.7148438e-01
   8.0000000e+00   4.0000000e+00   8.5504457e-15   8.9890625e-01   8.9890625e-01
   9.0000000e+00   4.0000000e+00   8.8938107e-15   9.2960938e-01   9.2960938e-01
   1.0000000e+01   4.0000000e+00   8.9779883e-15   9.4507813e-01   9.4507813e-01
   1.1000000e+01   4.0000000e+00   8.8968665e-15   9.3835938e-01   9.3835938e-01
   1.2000000e+01   4.0000000e+00   8.6598796e-15   9.1531250e-01   9.1531250e-01
   1.3000000e+01   4.0000000e+00   8.3489779e-15   8.8265625e-01   8.8265625e-01
   1.4000000e+01   4.0000000e+00   8.1315161e-15   8.5406250e-01   8.5406250e-01
   1.5000000e+01   4.0000000e+00   8.1650404e-15   8.5796875e-01   8.5796875e-01
   1.6000000e+01   4.0000000e+00   8.4021089e-15   8.8429688e-01   8.8429688e-01
   1.7000000e+01   4.0000000e+00   8.5301372e-15   8.9843750e-01   8.9843750e-01
   1.8000000e+01   4.0000000e+00   8.6940191e-15   9.1851563e-01   9.1851563e-01
   1.9000000e+01   4.0000000e+00   8.6974185e-15   9.1156250e-01   9.1156250e-01
   2.0000000e+01   4.0000000e+00   8.5195882e-15   8.9343750e-01   8.9343750e-01
   2.1000000e+01   4.0000000e+00   8.2227828e-15   8.6257813e-01   8.6257813e-01
   2.2000000e+01   4.0000000e+00   8.0479508e-15   8.3031250e-01   8.3031250e-01
   2.3000000e+01   4.0000000e+00   8.1071533e-15   8.4171875e-01   8.4171875e-01
   2.4000000e+01   4.0000000e+00   8.3952370e-15   8.7953125e-01   8.7953125e-01
   2.5000000e+01   4.0000000e+00   8.7402988e-15   9.1007813e-01   9.1007813e-01
   2.6000000e+01   4.0000000e+00   8.8854201e-15   9.4156250e-01   9.4156250e-01
   2.7000000e+01   4.0000000e+00   8.9065730e-15   9.4726563e-01   9.4726563e-01
   2.8000000e+01   4.0000000e+00   8.8095313e-15   9.3273438e-01   9.3273438e-01
   2.9000000e+01   4.0000000e+00   8.5166618e-15   8.9781250e-01   8.9781250e-01
   3.0000000e+01   4.0000000e+00   8.1738889e-15   8.6234375e-01   8.6234375e-01
   3.1000000e+01   4.0000000e+00   8.0843564e-15   8.4656250e-01   8.4656250e-01
   3.2000000e+01   4.0000000e+00   8.2723241e-15   8.6523438e-01   8.6523438e-01
   3.3000000e+01   4.0000000e+00   8.4440846e-15   8.9320313e-01   8.9320313e-01
   3.4000000e+01   4.0000000e+00   8.6289297e-15   9.0976563e-01   9.0976563e-01
   3.5000000e+01   4.0000000e+00   8.7659113e-15   9.1835938e-01   9.1835938e-01
   1.0000000e+00   5.0000000e+00   8.6697285e-15   9.1351563e-01   9.1351563e-01
   2.0000000e+00   5.0000000e+00   8.7210745e-15   9.1445313e-01   9.1445313e-01
   3.0000000e+00   5.0000000e+00   8.6620160e-15   9.0632813e-01   9.0632813e-01
   4.0000000e+00   5.0000000e+00   8.4578414e-15   8.7914063e-01   8.7914063e-01
   5.0000000e+00   5.0000000e+00   8.1178578e-15   8.4031250e-01   8.4031250e-01
   6.0000000e+00   5.0000000e+00   7.9977737e-15   8.3476563e-01   8.3476563e-01
   7.0000000e+00   5.0000000e+00   8.2859081e-15   8.6656250e-01   8.6656250e-01
   8.0000000e+00   5.0000000e+00   8.6254265e-15   9.0156250e-01   9.0156250e-01
   9.0000000e+00   5.0000000e+00   8.8629926e-15   9.3093750e-01   9.3093750e-01
   1.0000000e+01   5.0000000e+00   8.9364648e-15   9.4875000e-01   9.4875000e-01
   1.1000000e+01   5.0000000e+00   8.8190517e-15   9.4148438e-01   9.4148438e-01
   1.2000000e+01   5.0000000e+00   8.6634253e-15   9.1914063e-01   9.1914063e-01
   1.3000000e+01   5.0000000e+00   8.3619923e-15   8.8406250e-01   8.8406250e-01
   1.4000000e+01   5.0000000e+00   8.0721928e-15   8.5195313e-01   8.5195313e-01
   1.5000000e+01   5.0000000e+00   8.2111870e-15   8.5648438e-01   8.5648438e-01
   1.6000000e+01   5.0000000e+00   8.3356640e-15   8.8390625e-01   8.8390625e-01
   1.7000000e+01   5.0000000e+00   8.4760643e-15   9.0242188e-01   9.0242188e-01
   1.8000000e+01   5.0000000e+00   8.6200557e-15   9.1625000e-01   9.1625000e-01
   1.9000000e+01   5.0000000e+00   8.6019091e-15   9.1414063e-01   9.1414063e-01
   2.0000000e+01   5.0000000e+00   8.4950792e-15   8.9398438e-01   8.9398438e-01
   2.1000000e+01   5.0000000e+00   8.2325752e-15   8.6203125e-01   8.6203125e-01
   2.2000000e+01   5.0000000e+00   8.0035278e-15   8.3578125e-01   8.3578125e-01
   2.3000000e+01   5.0000000e+00   8.0282411e-15   8.4078125e-01   8.4078125e-01
   2.4000000e+01   5.0000000e+00   8.2642689e-15   8.7820313e-01   8.7820313e-01
   2.5000000e+01   5.0000000e+00   8.6263998e-15   9.1046875e-01   9.1046875e-01
   2.6000000e+01   5.0000000e+00   8.9162844e-15   9.4015625e-01   9.4015625e-01
   2.7000000e+01   5.0000000e+00   8.9467967e-15   9.4929688e-01   9.4929688e-01
   2.8000000e+01   5.0000000e+00   8.7952326e-15   9.3250000e-01   9.3250000e-01
   2.9000000e+01   5.0000000e+00   8.5301117e-15   9.0179688e-01   9.0179688e-01
   3.0000000e+01   5.0000000e+00   8.1499858e-15   8.6078125e-01   8.6078125e-01
   3.1000000e+01   5.0000000e+00   8.1849718e-15   8.5593750e-01   8.5593750e-01
   3.2000000e+01   5.0000000e+00   8.2705818e-15   8.6656250e-01   8.6656250e-01
   3.3000000e+01   5.0000000e+00   8.4831642e-15   8.9234375e-01   8.9234375e-01
   3.4000000e+01   5.0000000e+00   8.6689408e-15   9.1171875e-01   9.1171875e-01
   3.5000000e+01   5.0000000e+00   8.7481010e-15   9.1843750e-01   9.1843750e-01
   1.0000000e+00   6.0000000e+00   8.7377609e-15   9.1835938e-01   9.1835938e-01
   2.0000000e+00   6.0000000e+00   8.7862823e-15   9.2140625e-01   9.2140625e-01
   3.0000000e+00   6.0000000e+00   8.6457755e-15   9.0875000e-01   9.0875000e-01
   4.0000000e+00   6.0000000e+00   8.4592415e-15   8.8179688e-01   8.8179688e-01
   5.0000000e+00   6.0000000e+00   8.0759338e-15   8.4148438e-01   8.4148438e-01
   6.0000000e+00   6.0000000e+00   8.0417371e-15   8.3578125e-01   8.3578125e-01
   7.0000000e+00   6.0000000e+00   8.2155348e-15   8.5906250e-01   8.5906250e-01
   8.0000000e+00   6.0000000e+00   8.5416599e-15   8.9617188e-01   8.9617188e-01
   9.0000000e+00   6.0000000e+00   8.9032559e-15   9.3289063e-01   9.3289063e-01
   1.0000000e+01   6.0000000e+00   8.9655749e-15   9.4585938e-01   9.4585938e-01
   1.1000000e+01   6.0000000e+00   8.8395165e-15   9.4406250e-01   9.4406250e-01
   1.2000000e+01   6.0000000e+00   8.7037486e-15   9.1984375e-01   9.1984375e-01
   1.3000000e+01   6.0000000e+00   8.4194016e-15   8.8203125e-01   8.8203125e-01
   1.4000000e+01   6.0000000e+00   8.1705943e-15   8.5335938e-01   8.5335938e-01
   1.5000000e+01   6.0000000e+00   8.1525685e-15   8.5789063e-01   8.5789063e-01
   1.6000000e+01   6.0000000e+00   8.3982075e-15   8.8507813e-01   8.8507813e-01
   1.7000000e+01   6.0000000e+00   8.5215902e-15   8.9789063e-01   8.9789063e-01
   1.8000000e+01   6.0000000e+00   8.5915066e-15   9.1304688e-01   9.1304688e-01
   1.9000000e+01   6.0000000e+00   8.7221473e-15   9.1765625e-01   9.1765625e-01
   2.0000000e+01   6.0000000e+00   8.5380018e-15   9.0085938e-01   9.0085938e-01
   2.1000000e+01   6.0000000e+00   8.2053253e-15   8.6625000e-01   8.6625000e-01
   2.2000000e+01   6.0000000e+00   7.9816376e-15   8.3710938e-01   8.3710938e-01
   2.3000000e+01   6.0000000e+00   8.0146081e-15   8.4257813e-01   8.4257813e-01
   2.4000000e+01   6.0000000e+00   8.2822245e-15   8.7906250e-01   8.7906250e-01
   2.5000000e+01   6.0000000e+00   8.5926879e-15   9.0820313e-01   9.0820313e-01
   2.6000000e+01   6.0000000e+00   8.8150960e-15   9.4140625e-01   9.4140625e-01
   2.7000000e+01   6.0000000e+00   8.8896428e-15   9.4460938e-01   9.4460938e-01
   2.8000000e+01   6.0000000e+00   8.7692073e-15   9.3289063e-01   9.3289063e-01
   2.9000000e+01   6.0000000e+00   8.5325424e-15   9.0695313e-01   9.0695313e-01
   3.0000000e+01   6.0000000e+00   8.1232072e-15   8.6593750e-01   8.6593750e-01
   3.1000000e+01   6.0000000e+00   8.1104626e-15   8.5359375e-01   8.5359375e-01
   3.2000000e+01   6.0000000e+00   8.2636400e-15   8.6679688e-01   8.6679688e-01
   3.3000000e+01   6.0000000e+00   8.4709035e-15   8.9031250e-01   8.9031250e-01
   3.4000000e+01   6.0000000e+00   8.6128106e-15   9.1117188e-01   9.1117188e-01
   3.5000000e+01   6.0000000e+00   8.6855519e-15   9.2062500e-01   9.2062500e-01
   1.0000000e+00   7.0000000e+00   8.6885064e-15   9.2726563e-01   9.2726563e-01
   2.0000000e+00   7.0000000e+00   8.6889929e-15   9.2648438e-01   9.2648438e-01
   3.0000000e+00   7.0000000e+00   8.4972393e-15   9.1273438e-01   9.1273438e-01
   4.0000000e+00   7.0000000e+00   8.3065217e-15   8.8195313e-01   8.8195313e-01
   5.0000000e+00   7.0000000e+00   7.9961604e-15   8.4710938e-01   8.4710938e-01
   6.0000000e+00   7.0000000e+00   7.9638119e-15   8.3453125e-01   8.3453125e-01
   7.0000000e+00   7.0000000e+00   8.1926768e-15   8.5882813e-01   8.5882813e-01
   8.0000000e+00   7.0000000e+00   8.5493477e-15   8.9984375e-01   8.9984375e-01
   9.0000000e+00   7.0000000e+00   8.7310087e-15   9.2812500e-01   9.2812500e-01
   1.0000000e+01   7.0000000e+00   8.8698816e-15   9.4726563e-01   9.4726563e-01
   1.1000000e+01   7.0000000e+00   8.8011891e-15   9.3992188e-01   9.3992188e-01
   1.2000000e+01   7.0000000e+00   8.5629649e-15   9.1882813e-01   9.1882813e-01
   1.3000000e+01   7.0000000e+00   8.3544072e-15   8.8054688e-01   8.8054688e-01
   1.4000000e+01   7.0000000e+00   8.1178040e-15   8.5171875e-01   8.5171875e-01
   1.5000000e+01   7.0000000e+00   8.2244492e-15   8.6367188e-01   8.6367188e-01
   1.6000000e+01   7.0000000e+00   8.3836491e-15   8.8703125e-01   8.8703125e-01
   1.7000000e+01   7.0000000e+00   8.5525456e-15   9.0492188e-01   9.0492188e-01
   1.8000000e+01   7.0000000e+00   8.7175046e-15   9.2164063e-01   9.2164063e-01
   1.9000000e+01   7.0000000e+00   8.6452577e-15   9.1546875e-01   9.1546875e-01
   2.0000000e+01   7.0000000e+00   8.5007957e-15   8.9859375e-01   8.9859375e-01
   2.1000000e+01   7.0000000e+00   8.2091462e-15   8.6375000e-01   8.6375000e-01
   2.2000000e+01   7.0000000e+00   7.9934411e-15   8.3296875e-01   8.3296875e-01
   2.3000000e+01   7.0000000e+00   8.0479746e-15   8.4171875e-01   8.4171875e-01
   2.4000000e+01   7.0000000e+00   8.2869766e-15   8.7781250e-01   8.7781250e-01
   2.5000000e+01   7.0000000e+00   8.5410080e-15   9.1265625e-01   9.1265625e-01
   2.6000000e+01   7.0000000e+00   8.8275990e-15   9.4484375e-01   9.4484375e-01
   2.7000000e+01   7.0000000e+00   8.8212245e-15   9.5078125e-01   9.5078125e-01
   2.8000000e+01   7.0000000e+00   8.7004690e-15   9.3203125e-01   9.3203125e-01
   2.9000000e+01   7.0000000e+00   8.4433591e-15   9.0656250e-01   9.0656250e-01
   3.0000000e+01   7.0000000e+00   8.0489800e-15   8.6609375e-01   8.6609375e-01
   3.1000000e+01   7.0000000e+00   7.9724262e-15   8.5476563e-01   8.5476563e-01
   3.2000000e+01   7.0000000e+00   8.2543508e-15   8.7671875e-01   8.7671875e-01
   3.3000000e+01   7.0000000e+00   8.3233803e-15   8.9812500e-01   8.9812500e-01
   3.4000000e+01   7.0000000e+00   8.5919966e-15   9.1406250e-01   9.1406250e-01
   3.5000000e+01   7.0000000e+00   8.5889137e-15   9.1945313e-01   9.1945313e-01
   1.0000000e+00   8.0000000e+00   8.7402171e-15   9.2882813e-01   9.2882813e-01
   2.0000000e+00   8.0000000e+00   8.6392421e-15   9.2671875e-01   9.2671875e-01
   3.0000000e+00   8.0000000e+00   8.5408661e-15   9.1070313e-01   9.1070313e-01
   4.0000000e+00   8.0000000e+00   8.3331848e-15   8.8015625e-01   8.8015625e-01
   5.0000000e+00   8.0000000e+00   8.0348325e-15   8.4398438e-01   8.4398438e-01
   6.0000000e+00   8.0000000e+00   8.0042687e-15   8.3898438e-01   8.3898438e-01
   7.0000000e+00   8.0000000e+00   8.1284917e-15   8.5851563e-01   8.5851563e-01
   8.0000000e+00   8.0000000e+00   8.4853933e-15   8.9484375e-01   8.9484375e-01
   9.0000000e+00   8.0000000e+00   8.7507330e-15   9.2625000e-01   9.2625000e-01
   1.0000000e+01   8.0000000e+00   8.8425141e-15   9.4171875e-01   9.4171875e-01
   1.1000000e+01   8.0000000e+00   8.8230561e-15   9.3750000e-01   9.3750000e-01
   1.2000000e+01   8.0000000e+00   8.6507444e-15   9.1632813e-01   9.1632813e-01
   1.3000000e+01   8.0000000e+00   8.3448018e-15   8.8250000e-01   8.8250000e-01
   1.4000000e+01   8.0000000e+00   8.1553453e-15   8.5523438e-01   8.5523438e-01
   1.5000000e+01   8.0000000e+00   8.2324471e-15   8.6125000e-01   8.6125000e-01
   1.6000000e+01   8.0000000e+00   8.4596088e-15   8.8890625e-01   8.8890625e-01
   1.7000000e+01   8.0000000e+00   8.6203537e-15   9.0851563e-01   9.0851563e-01
   1.8000000e+01   8.0000000e+00   8.7051081e-15   9.2664063e-01   9.2664063e-01
   1.9000000e+01   8.0000000e+00   8.6156675e-15   9.1664063e-01   9.1664063e-01
   2.0000000e+01   8.0000000e+00   8.4343546e-15   8.9804688e-01   8.9804688e-01
   2.1000000e+01   8.0000000e+00   8.1651504e-15   8.6164063e-01   8.6164063e-01
   2.2000000e+01   8.0000000e+00   7.9286776e-15   8.3343750e-01   8.3343750e-01
   2.3000000e+01   8.0000000e+00   8.0080672e-15   8.3968750e-01   8.3968750e-01
   2.4000000e+01   8.0000000e+00   8.2200565e-15   8.7710938e-01   8.7710938e-01
   2.5000000e+01   8.0000000e+00   8.5903671e-15   9.1187500e-01   9.1187500e-01
   2.6000000e+01   8.0000000e+00   8.8215327e-15   9.3968750e-01   9.3968750e-01
   2.7000000e+01   8.0000000e+00   8.8934828e-15   9.4132813e-01   9.4132813e-01
   2.8000000e+01   8.0000000e+00   8.8222067e-15   9.3664063e-01   9.3664063e-01
   2.9000000e+01   8.0000000e+00   8.5259800e-15   9.0273438e-01   9.0273438e-01
   3.0000000e+01   8.0000000e+00   8.2215851e-15   8.6335938e-01   8.6335938e-01
   3.1000000e+01   8.0000000e+00   8.1534867e-15   8.5468750e-01   8.5468750e-01
   3.2000000e+01   8.0000000e+00   8.3651117e-15   8.7609375e-01   8.7609375e-01
   3.3000000e+01   8.0000000e+00   8.4687045e-15   8.9593750e-01   8.9593750e-01
   3.4000000e+01   8.0000000e+00   8.6745047e-15   9.1484375e-01   9.1484375e-01
   3.5000000e+01   8.0000000e+00   8.6972681e-15   9.1820313e-01   9.1820313e-01
   1.0000000e+00   9.0000000e+00   8.8997026e-15   9.3000000e-01   9.3000000e-01
   2.0000000e+00   9.0000000e+00   8.8318465e-15   9.2898438e-01   9.2898438e-01
   3.0000000e+00   9.0000000e+00   8.7052867e-15   9.1429688e-01   9.1429688e-01
   4.0000000e+00   9.0000000e+00   8.3578099e-15   8.7906250e-01   8.7906250e-01
   5.0000000e+00   9.0000000e+00   8.0428577e-15   8.4117188e-01   8.4117188e-01
   6.0000000e+00   9.0000000e+00   8.0890309e-15   8.3562500e-01   8.3562500e-01
   7.0000000e+00   9.0000000e+00   8.2310573e-15   8.6039063e-01   8.6039063e-01
   8.0000000e+00   9.0000000e+00   8.5189510e-15   8.9414063e-01   8.9414063e-01
   9.0000000e+00   9.0000000e+00   8.8147741e-15   9.2773438e-01   9.2773438e-01
   1.0000000e+01   9.0000000e+00   8.9784932e-15   9.4382813e-01   9.4382813e-01
   1.1000000e+01   9.0000000e+00   8.9492635e-15   9.3507813e-01   9.3507813e-01
   1.2000000e+01   9.0000000e+00   8.7450039e-15   9.1406250e-01   9.1406250e-01
   1.3000000e+01   9.0000000e+00   8.3630707e-15   8.7789063e-01   8.7789063e-01
   1.4000000e+01   9.0000000e+00   8.1662774e-15   8.5992188e-01   8.5992188e-01
   1.5000000e+01   9.0000000e+00   8.2505789e-15   8.6664063e-01   8.6664063e-01
   1.6000000e+01   9.0000000e+00   8.4624479e-15   8.9265625e-01   8.9265625e-01
   1.7000000e+01   9.0000000e+00   8.5763045e-15   9.0703125e-01   9.0703125e-01
   1.8000000e+01   9.0000000e+00   8.7611240e-15   9.2609375e-01   9.2609375e-01
   1.9000000e+01   9.0000000e+00   8.7528307e-15   9.2367188e-01   9.2367188e-01
   2.0000000e+01   9.0000000e+00   8.5387005e-15   8.9859375e-01   8.9859375e-01
   2.1000000e+01   9.0000000e+00   8.1779602e-15   8.6117188e-01   8.6117188e-01
   2.2000000e+01   9.0000000e+00   7.9838596e-15   8.3304688e-01   8.3304688e-01
   2.3000000e+01   9.0000000e+00   7.8776587e-15   8.3554688e-01   8.3554688e-01
   2.4000000e+01   9.0000000e+00   8.3008166e-15   8.7789063e-01   8.7789063e-01
   2.5000000e+01   9.0000000e+00   8.5552120e-15   9.0710938e-01   9.0710938e-01
   2.6000000e+01   9.0000000e+00   8.8118651e-15   9.3601563e-01   9.3601563e-01
   2.7000000e+01   9.0000000e+00   8.8841555e-15   9.4531250e-01   9.4531250e-01
   2.8000000e+01   9.0000000e+00   8.8527788e-15   9.2992188e-01   9.2992188e-01
   2.9000000e+01   9.0000000e+00   8.5875251e-15   9.0101563e-01   9.0101563e-01
   3.0000000e+01   9.0000000e+00   8.2799642e-15   8.6335938e-01   8.6335938e-01
   3.1000000e+01   9.0000000e+00   8.1853495e-15   8.5570313e-01   8.5570313e-01
   3.2000000e+01   9.0000000e+00   8.3121870e-15   8.7820313e-01   8.7820313e-01
   3.3000000e+01   9.0000000e+00   8.5063385e-15   8.9601563e-01   8.9601563e-01
   3.4000000e+01   9.0000000e+00   8.7407034e-15   9.1695313e-01   9.1695313e-01
   3.5000000e+01   9.0000000e+00   8.7547072e-15   9.2179688e-01   9.2179688e-01
   1.0000000e+00   1.0000000e+01   8.8258820e-15   9.3242188e-01   9.3242188e-01
   2.0000000e+00   1.0000000e+01   8.7569538e-15   9.2945313e-01   9.2945313e-01
   3.0000000e+00   1.0000000e+01   8.6935385e-15   9.1476563e-01   9.1476563e-01
   4.0000000e+00   1.0000000e+01   8.3200478e-15   8.8265625e-01   8.8265625e-01
   5.0000000e+00   1.0000000e+01   8.0111750e-15   8.4578125e-01   8.4578125e-01
   6.0000000e+00   1.0000000e+01   7.9437761e-15   8.3679688e-01   8.3679688e-01
   7.0000000e+00   1.0000000e+01   8.2220239e-15   8.6390625e-01   8.6390625e-01
   8.0000000e+00   1.0000000e+01   8.5166652e-15   8.9671875e-01   8.9671875e-01
   9.0000000e+00   1.0000000e+01   8.7517977e-15   9.2367188e-01   9.2367188e-01
   1.0000000e+01   1.0000000e+01   8.8273906e-15   9.3843750e-01   9.3843750e-01
   1.1000000e+01   1.0000000e+01   8.6527823e-15   9.2640625e-01   9.2640625e-01
   1.2000000e+01   1.0000000e+01   8.5148965e-15   9.0335938e-01   9.0335938e-01
   1.3000000e+01   1.0000000e+01   8.2600167e-15   8.7132813e-01   8.7132813e-01
   1.4000000e+01   1.0000000e+01   8.1784419e-15   8.5601563e-01   8.5601563e-01
   1.5000000e+01   1.0000000e+01   8.2175535e-15   8.6726563e-01   8.6726563e-01
   1.6000000e+01   1.0000000e+01   8.5325790e-15   8.9726563e-01   8.9726563e-01
   1.7000000e+01   1.0000000e+01   8.6411825e-15   9.1250000e-01   9.1250000e-01
   1.8000000e+01   1.0000000e+01   8.8963367e-15   9.3132813e-01   9.3132813e-01
   1.9000000e+01   1.0000000e+01   8.6940456e-15   9.1726563e-01   9.1726563e-01
   2.0000000e+01   1.0000000e+01   8.5958417e-15   9.0007813e-01   9.0007813e-01
   2.1000000e+01   1.0000000e+01   8.1665350e-15   8.5640625e-01   8.5640625e-01
   2.2000000e+01   1.0000000e+01   7.9332651e-15   8.3031250e-01   8.3031250e-01
   2.3000000e+01   1.0000000e+01   8.1178349e-15   8.4000000e-01   8.4000000e-01
   2.4000000e+01   1.0000000e+01   8.3171417e-15   8.7476563e-01   8.7476563e-01
   2.5000000e+01   1.0000000e+01   8.5979154e-15   9.0625000e-01   9.0625000e-01
   2.6000000e+01   1.0000000e+01   8.8557491e-15   9.3429688e-01   9.3429688e-01
   2.7000000e+01   1.0000000e+01   8.9332532e-15   9.4289063e-01   9.4289063e-01
   2.8000000e+01   1.0000000e+01   8.7191824e-15   9.2820313e-01   9.2820313e-01
   2.9000000e+01   1.0000000e+01   8.4654509e-15   8.9039063e-01   8.9039063e-01
   3.0000000e+01   1.0000000e+01   8.2174115e-15   8.6375000e-01   8.6375000e-01
   3.1000000e+01   1.0000000e+01   8.2245335e-15   8.6179688e-01   8.6179688e-01
   3.2000000e+01   1.0000000e+01   8.3164726e-15   8.8218750e-01   8.8218750e-01
   3.3000000e+01   1.0000000e+01   8.5121223e-15   9.0156250e-01   9.0156250e-01
   3.4000000e+01   1.0000000e+01   8.7038393e-15   9.2140625e-01   9.2140625e-01
   3.5000000e+01   1.0000000e+01   8.7625321e-15   9.2710938e-01   9.2710938e-01
   1.0000000e+00   1.1000000e+01   8.8705421e-15   9.3578125e-01   9.3578125e-01
   2.0000000e+00   1.1000000e+01   8.7709982e-15   9.3281250e-01   9.3281250e-01
   3.0000000e+00   1.1000000e+01   8.7033787e-15   9.1835938e-01   9.1835938e-01
   4.0000000e+00   1.1000000e+01   8.4389765e-15   8.8171875e-01   8.8171875e-01
   5.0000000e+00   1.1000000e+01   8.1038758e-15   8.4882813e-01   8.4882813e-01
   6.0000000e+00   1.1000000e+01   8.0951038e-15   8.4320313e-01   8.4320313e-01
   7.0000000e+00   1.1000000e+01   8.2843802e-15   8.7039063e-01   8.7039063e-01
   8.0000000e+00   1.1000000e+01   8.4548522e-15   8.9390625e-01   8.9390625e-01
   9.0000000e+00   1.1000000e+01   8.7209333e-15   9.1695313e-01   9.1695313e-01
   1.0000000e+01   1.1000000e+01   8.7316684e-15   9.2367188e-01   9.2367188e-01
   1.1000000e+01   1.1000000e+01   8.6541288e-15   9.1023438e-01   9.1023438e-01
   1.2000000e+01   1.1000000e+01   8.4433449e-15   8.8484375e-01   8.8484375e-01
   1.3000000e+01   1.1000000e+01   8.1581740e-15   8.5742188e-01   8.5742188e-01
   1.4000000e+01   1.1000000e+01   8.0974274e-15   8.4578125e-01   8.4578125e-01
   1.5000000e+01   1.1000000e+01   8.2769001e-15   8.6539063e-01   8.6539063e-01
   1.6000000e+01   1.1000000e+01   8.6008490e-15   8.9906250e-01   8.9906250e-01
   1.7000000e+01   1.1000000e+01   8.7247840e-15   9.1945313e-01   9.1945313e-01
   1.8000000e+01   1.1000000e+01   8.8860291e-15   9.3398438e-01   9.3398438e-01
   1.9000000e+01   1.1000000e+01   8.6697334e-15   9.1570313e-01   9.1570313e-01
   2.0000000e+01   1.1000000e+01   8.5406885e-15   8.9984375e-01   8.9984375e-01
   2.1000000e+01   1.1000000e+01   8.2445423e-15   8.5992188e-01   8.5992188e-01
   2.2000000e+01   1.1000000e+01   8.0042565e-15   8.3484375e-01   8.3484375e-01
   2.3000000e+01   1.1000000e+01   8.1798105e-15   8.4773438e-01   8.4773438e-01
   2.4000000e+01   1.1000000e+01   8.4656588e-15   8.8359375e-01   8.8359375e-01
   2.5000000e+01   1.1000000e+01   8.7117542e-15   9.0687500e-01   9.0687500e-01
   2.6000000e+01   1.1000000e+01   8.7815357e-15   9.2914063e-01   9.2914063e-01
   2.7000000e+01   1.1000000e+01   8.7829608e-15   9.2851563e-01   9.2851563e-01
   2.8000000e+01   1.1000000e+01   8.5867807e-15   9.1593750e-01   9.1593750e-01
   2.9000000e+01   1.1000000e+01   8.3753329e-15   8.8703125e-01   8.8703125e-01
   3.0000000e+01   1.1000000e+01   8.1756746e-15   8.5429688e-01   8.5429688e-01
   3.1000000e+01   1.1000000e+01   8.1972943e-15   8.5382813e-01   8.5382813e-01
   3.2000000e+01   1.1000000e+01   8.4659857e-15   8.8632813e-01   8.8632813e-01
   3.3000000e+01   1.1000000e+01   8.6363242e-15   9.0273438e-01   9.0273438e-01
   3.4000000e+01   1.1000000e+01   8.8281712e-15   9.3296875e-01   9.3296875e-01
   3.5000000e+01   1.1000000e+01   8.7751810e-15   9.2992188e-01   9.2992188e-01
   1.0000000e+00   1.2000000e+01   8.8175502e-15   9.3820313e-01   9.3820313e-01
   2.0000000e+00   1.2000000e+01   8.8104381e-15   9.3585938e-01   9.3585938e-01
   3.0000000e+00   1.2000000e+01   8.6820288e-15   9.2078125e-01   9.2078125e-01
   4.0000000e+00   1.2000000e+01   8.3464315e-15   8.8351563e-01   8.8351563e-01
   5.0000000e+00   1.2000000e+01   8.0860536e-15   8.4843750e-01   8.4843750e-01
   6.0000000e+00   1.2000000e+01   8.0456371e-15   8.4187500e-01   8.4187500e-01
   7.0000000e+00   1.2000000e+01   8.2030197e-15   8.6859375e-01   8.6859375e-01
   8.0000000e+00   1.2000000e+01   8.4256200e-15   8.8945313e-01   8.8945313e-01
   9.0000000e+00   1.2000000e+01   8.6667659e-15   9.0929688e-01   9.0929688e-01
   1.0000000e+01   1.2000000e+01   8.6429769e-15   9.1445313e-01   9.1445313e-01
   1.1000000e+01   1.2000000e+01   8.5050772e-15   8.9812500e-01   8.9812500e-01
   1.2000000e+01   1.2000000e+01   8.3129504e-15   8.7203125e-01   8.7203125e-01
   1.3000000e+01   1.2000000e+01   8.0462598e-15   8.4117188e-01   8.4117188e-01
   1.4000000e+01   1.2000000e+01   7.9996515e-15   8.3757813e-01   8.3757813e-01
   1.5000000e+01   1.2000000e+01   8.1590603e-15   8.6210938e-01   8.6210938e-01
   1.6000000e+01   1.2000000e+01   8.5364654e-15   8.9757813e-01   8.9757813e-01
   1.7000000e+01   1.2000000e+01   8.7882060e-15   9.2242188e-01   9.2242188e-01
   1.8000000e+01   1.2000000e+01   8.8845033e-15   9.3859375e-01   9.3859375e-01
   1.9000000e+01   1.2000000e+01   8.6982101e-15   9.2734375e-01   9.2734375e-01
   2.0000000e+01   1.2000000e+01   8.5436279e-15   9.0218750e-01   9.0218750e-01
   2.1000000e+01   1.2000000e+01   8.1734399e-15   8.6125000e-01   8.6125000e-01
   2.2000000e+01   1.2000000e+01   8.0132947e-15   8.4000000e-01   8.4000000e-01
   2.3000000e+01   1.2000000e+01   8.1311857e-15   8.4851563e-01   8.4851563e-01
   2.4000000e+01   1.2000000e+01   8.3606043e-15   8.8117188e-01   8.8117188e-01
   2.5000000e+01   1.2000000e+01   8.5752874e-15   9.0367188e-01   9.0367188e-01
   2.6000000e+01   1.2000000e+01   8.6583499e-15   9.2289063e-01   9.2289063e-01
   2.7000000e+01   1.2000000e+01   8.6867364e-15   9.2132813e-01   9.2132813e-01
   2.8000000e+01   1.2000000e+01   8.5427166e-15   9.0570313e-01   9.0570313e-01
   2.9000000e+01   1.2000000e+01   8.2830210e-15   8.7351563e-01   8.7351563e-01
   3.0000000e+01   1.2000000e+01   8.0261899e-15   8.4421875e-01   8.4421875e-01
   3.1000000e+01   1.2000000e+01   8.0831096e-15   8.4968750e-01   8.4968750e-01
   3.2000000e+01   1.2000000e+01   8.3979022e-15   8.8164063e-01   8.8164063e-01
   3.3000000e+01   1.2000000e+01   8.6074805e-15   9.1093750e-01   9.1093750e-01
   3.4000000e+01   1.2000000e+01   8.8450364e-15   9.3554688e-01   9.3554688e-01
   3.5000000e+01   1.2000000e+01   8.7938052e-15   9.2851563e-01   9.2851563e-01
   1.0000000e+00   1.3000000e+01   8.8857742e-15   9.4023438e-01   9.4023438e-01
   2.0000000e+00   1.3000000e+01   8.8922669e-15   9.3804688e-01   9.3804688e-01
   3.0000000e+00   1.3000000e+01   8.7217537e-15   9.1718750e-01   9.1718750e-01
   4.0000000e+00   1.3000000e+01   8.4620276e-15   8.8539063e-01   8.8539063e-01
   5.0000000e+00   1.3000000e+01   8.0785371e-15   8.4757813e-01   8.4757813e-01
   6.0000000e+00   1.3000000e+01   8.0546122e-15   8.4640625e-01   8.4640625e-01
   7.0000000e+00   1.3000000e+01   8.2467790e-15   8.6562500e-01   8.6562500e-01
   8.0000000e+00   1.3000000e+01   8.4567691e-15   8.9031250e-01   8.9031250e-01
   9.0000000e+00   1.3000000e+01   8.6452356e-15   9.1156250e-01   9.1156250e-01
   1.0000000e+01   1.3000000e+01   8.5991620e-15   9.1085938e-01   9.1085938e-01
   1.1000000e+01   1.3000000e+01   8.4984050e-15   8.9648438e-01   8.9648438e-01
   1.2000000e+01   1.3000000e+01   8.2600628e-15   8.6281250e-01   8.6281250e-01
   1.3000000e+01   1.3000000e+01   8.0322489e-15   8.3078125e-01   8.3078125e-01
   1.4000000e+01   1.3000000e+01   7.9619413e-15   8.2578125e-01   8.2578125e-01
   1.5000000e+01   1.3000000e+01   8.2276757e-15   8.5828125e-01   8.5828125e-01
   1.6000000e+01   1.3000000e+01   8.5320100e-15   8.9382813e-01   8.9382813e-01
   1.7000000e+01   1.3000000e+01   8.7902835e-15   9.2445313e-01   9.2445313e-01
   1.8000000e+01   1.3000000e+01   8.9223743e-15   9.3710938e-01   9.3710938e-01
   1.9000000e+01   1.3000000e+01   8.8570024e-15   9.2617188e-01   9.2617188e-01
   2.0000000e+01   1.3000000e+01   8.5516627e-15   8.9921875e-01   8.9921875e-01
   2.1000000e+01   1.3000000e+01   8.2785302e-15   8.5968750e-01   8.5968750e-01
   2.2000000e+01   1.3000000e+01   8.1520196e-15   8.4015625e-01   8.4015625e-01
   2.3000000e+01   1.3000000e+01   8.1429301e-15   8.4835938e-01   8.4835938e-01
   2.4000000e+01   1.3000000e+01   8.3071217e-15   8.7781250e-01   8.7781250e-01
   2.5000000e+01   1.3000000e+01   8.4889634e-15   8.9953125e-01   8.9953125e-01
   2.6000000e+01   1.3000000e+01   8.6563597e-15   9.1750000e-01   9.1750000e-01
   2.7000000e+01   1.3000000e+01   8.5615702e-15   9.1109375e-01   9.1109375e-01
   2.8000000e+01   1.3000000e+01   8.3936947e-15   8.8984375e-01   8.8984375e-01
   2.9000000e+01   1.3000000e+01   8.0905540e-15   8.5148438e-01   8.5148438e-01
   3.0000000e+01   1.3000000e+01   7.9718244e-15   8.3398438e-01   8.3398438e-01
   3.1000000e+01   1.3000000e+01   8.0027653e-15   8.4437500e-01   8.4437500e-01
   3.2000000e+01   1.3000000e+01   8.4086559e-15   8.7835938e-01   8.7835938e-01
   3.3000000e+01   1.3000000e+01   8.6431818e-15   9.0812500e-01   9.0812500e-01
   3.4000000e+01   1.3000000e+01   8.8377561e-15   9.4210938e-01   9.4210938e-01
   3.5000000e+01   1.3000000e+01   8.8321480e-15   9.3257813e-01   9.3257813e-01
   1.0000000e+00   1.4000000e+01   8.8392321e-15   9.4351563e-01   9.4351563e-01
   2.0000000e+00   1.4000000e+01   8.8333002e-15   9.3492188e-01   9.3492188e-01
   3.0000000e+00   1.4000000e+01   8.5978552e-15   9.1546875e-01   9.1546875e-01
   4.0000000e+00   1.4000000e+01   8.3192726e-15   8.8492188e-01   8.8492188e-01
   5.0000000e+00   1.4000000e+01   8.0905370e-15   8.4867188e-01   8.4867188e-01
   6.0000000e+00   1.4000000e+01   8.1737416e-15   8.4945313e-01   8.4945313e-01
   7.0000000e+00   1.4000000e+01   8.3705882e-15   8.6687500e-01   8.6687500e-01
   8.0000000e+00   1.4000000e+01   8.5210304e-15   8.9078125e-01   8.9078125e-01
   9.0000000e+00   1.4000000e+01   8.6768600e-15   9.0835938e-01   9.0835938e-01
   1.0000000e+01   1.4000000e+01   8.6562972e-15   9.0835938e-01   9.0835938e-01
   1.1000000e+01   1.4000000e+01   8.4734225e-15   8.9265625e-01   8.9265625e-01
   1.2000000e+01   1.4000000e+01   8.0750479e-15   8.5773438e-01   8.5773438e-01
   1.3000000e+01   1.4000000e+01   7.8327943e-15   8.3062500e-01   8.3062500e-01
   1.4000000e+01   1.4000000e+01   7.9964020e-15   8.2734375e-01   8.2734375e-01
   1.5000000e+01   1.4000000e+01   8.2280720e-15   8.6062500e-01   8.6062500e-01
   1.6000000e+01   1.4000000e+01   8.4937126e-15   8.9562500e-01   8.9562500e-01
   1.7000000e+01   1.4000000e+01   8.7353627e-15   9.2398438e-01   9.2398438e-01
   1.8000000e+01   1.4000000e+01   8.8255852e-15   9.3937500e-01   9.3937500e-01
   1.9000000e+01   1.4000000e+01   8.7653374e-15   9.2898438e-01   9.2898438e-01
   2.0000000e+01   1.4000000e+01   8.6256607e-15   8.9960938e-01   8.9960938e-01
   2.1000000e+01   1.4000000e+01   8.1140633e-15   8.5843750e-01   8.5843750e-01
   2.2000000e+01   1.4000000e+01   8.0401955e-15   8.4203125e-01   8.4203125e-01
   2.3000000e+01   1.4000000e+01   8.1138608e-15   8.5390625e-01   8.5390625e-01
   2.4000000e+01   1.4000000e+01   8.2511050e-15   8.7703125e-01   8.7703125e-01
   2.5000000e+01   1.4000000e+01   8.4752544e-15   9.0039063e-01   9.0039063e-01
   2.6000000e+01   1.4000000e+01   8.5605875e-15   9.1117188e-01   9.1117188e-01
   2.7000000e+01   1.4000000e+01   8.5483773e-15   9.0468750e-01   9.0468750e-01
   2.8000000e+01   1.4000000e+01   8.4257210e-15   8.8148438e-01   8.8148438e-01
   2.9000000e+01   1.4000000e+01   8.0210331e-15   8.4375000e-01   8.4375000e-01
   3.0000000e+01   1.4000000e+01   7.8458040e-15   8.2078125e-01   8.2078125e-01
   3.1000000e+01   1.4000000e+01   8.0621658e-15   8.4437500e-01   8.4437500e-01
   3.2000000e+01   1.4000000e+01   8.3274240e-15   8.7351563e-01   8.7351563e-01
   3.3000000e+01   1.4000000e+01   8.6849393e-15   9.1039063e-01   9.1039063e-01
   3.4000000e+01   1.4000000e+01   8.8756330e-15   9.3718750e-01   9.3718750e-01
   3.5000000e+01   1.4000000e+01   8.8860759e-15   9.3289063e-01   9.3289063e-01
   1.0000000e+00   1.5000000e+01   8.8856587e-15   9.3929688e-01   9.3929688e-01
   2.0000000e+00   1.5000000e+01   8.8457311e-15   9.3429688e-01   9.3429688e-01
   3.0000000e+00   1.5000000e+01   8.6322735e-15   9.1539063e-01   9.1539063e-01
   4.0000000e+00   1.5000000e+01   8.3670800e-15   8.7851563e-01   8.7851563e-01
   5.0000000e+00   1.5000000e+01   8.0897086e-15   8.5109375e-01   8.5109375e-01
   6.0000000e+00   1.5000000e+01   8.1200987e-15   8.5164063e-01   8.5164063e-01
   7.0000000e+00   1.5000000e+01   8.3264898e-15   8.7351563e-01   8.7351563e-01
   8.0000000e+00   1.5000000e+01   8.4771880e-15   8.9781250e-01   8.9781250e-01
   9.0000000e+00   1.5000000e+01   8.6010461e-15   9.0867188e-01   9.0867188e-01
   1.0000000e+01   1.5000000e+01   8.6836949e-15   9.1171875e-01   9.1171875e-01
   1.1000000e+01   1.5000000e+01   8.4777679e-15   8.9375000e-01   8.9375000e-01
   1.2000000e+01   1.5000000e+01   8.2750113e-15   8.5796875e-01   8.5796875e-01
   1.3000000e+01   1.5000000e+01   7.9636302e-15   8.3031250e-01   8.3031250e-01
   1.4000000e+01   1.5000000e+01   7.9607039e-15   8.2945313e-01   8.2945313e-01
   1.5000000e+01   1.5000000e+01   8.2404828e-15   8.6617188e-01   8.6617188e-01
   1.6000000e+01   1.5000000e+01   8.4586971e-15   8.9789063e-01   8.9789063e-01
   1.7000000e+01   1.5000000e+01   8.6840435e-15   9.2640625e-01   9.2640625e-01
   1.8000000e+01   1.5000000e+01   8.8525760e-15   9.3953125e-01   9.3953125e-01
   1.9000000e+01   1.5000000e+01   8.7605445e-15   9.2218750e-01   9.2218750e-01
   2.0000000e+01   1.5000000e+01   8.6261245e-15   9.0078125e-01   9.0078125e-01
   2.1000000e+01   1.5000000e+01   8.1692067e-15   8.5914063e-01   8.5914063e-01
   2.2000000e+01   1.5000000e+01   8.0367832e-15   8.4296875e-01   8.4296875e-01
   2.3000000e+01   1.5000000e+01   8.2005160e-15   8.5468750e-01   8.5468750e-01
   2.4000000e+01   1.5000000e+01   8.3201168e-15   8.8007813e-01   8.8007813e-01
   2.5000000e+01   1.5000000e+01   8.6023397e-15   9.0304688e-01   9.0304688e-01
   2.6000000e+01   1.5000000e+01   8.6310913e-15   9.1398438e-01   9.1398438e-01
   2.7000000e+01   1.5000000e+01   8.5180205e-15   9.0500000e-01   9.0500000e-01
   2.8000000e+01   1.5000000e+01   8.3675093e-15   8.8093750e-01   8.8093750e-01
   2.9000000e+01   1.5000000e+01   8.0239368e-15   8.4312500e-01   8.4312500e-01
   3.0000000e+01   1.5000000e+01   7.8173808e-15   8.2000000e-01   8.2000000e-01
   3.1000000e+01   1.5000000e+01   8.0204506e-15   8.4343750e-01   8.4343750e-01
   3.2000000e+01   1.5000000e+01   8.3478966e-15   8.7140625e-01   8.7140625e-01
   3.3000000e+01   1.5000000e+01   8.7049182e-15   9.1296875e-01   9.1296875e-01
   3.4000000e+01   1.5000000e+01   8.7952605e-15   9.3476563e-01   9.3476563e-01
   3.5000000e+01   1.5000000e+01   8.8651956e-15   9.3468750e-01   9.3468750e-01
   1.0000000e+00   1.6000000e+01   8.9126919e-15   9.4312500e-01   9.4312500e-01
   2.0000000e+00   1.6000000e+01   8.8796388e-15   9.3531250e-01   9.3531250e-01
   3.0000000e+00   1.6000000e+01   8.6835946e-15   9.1820313e-01   9.1820313e-01
   4.0000000e+00   1.6000000e+01   8.4299932e-15   8.7648438e-01   8.7648438e-01
   5.0000000e+00   1.6000000e+01   8.1687061e-15   8.5296875e-01   8.5296875e-01
   6.0000000e+00   1.6000000e+01   8.1573817e-15   8.5695313e-01   8.5695313e-01
   7.0000000e+00   1.6000000e+01   8.3389775e-15   8.7976563e-01   8.7976563e-01
   8.0000000e+00   1.6000000e+01   8.6206105e-15   9.0203125e-01   9.0203125e-01
   9.0000000e+00   1.6000000e+01   8.6518648e-15   9.1203125e-01   9.1203125e-01
   1.0000000e+01   1.6000000e+01   8.6864753e-15   9.1187500e-01   9.1187500e-01
   1.1000000e+01   1.6000000e+01   8.4487530e-15   8.8828125e-01   8.8828125e-01
   1.2000000e+01   1.6000000e+01   8.1903941e-15   8.5445313e-01   8.5445313e-01
   1.3000000e+01   1.6000000e+01   7.9722493e-15   8.2875000e-01   8.2875000e-01
   1.4000000e+01   1.6000000e+01   7.9981821e-15   8.3679688e-01   8.3679688e-01
   1.5000000e+01   1.6000000e+01   8.2252337e-15   8.6804688e-01   8.6804688e-01
   1.6000000e+01   1.6000000e+01   8.4588866e-15   9.0695313e-01   9.0695313e-01
   1.7000000e+01   1.6000000e+01   8.8323973e-15   9.3460938e-01   9.3460938e-01
   1.8000000e+01   1.6000000e+01   8.8109975e-15   9.3375000e-01   9.3375000e-01
   1.9000000e+01   1.6000000e+01   8.8014438e-15   9.2531250e-01   9.2531250e-01
   2.0000000e+01   1.6000000e+01   8.5181178e-15   8.9523438e-01   8.9523438e-01
   2.1000000e+01   1.6000000e+01   8.2497703e-15   8.6101563e-01   8.6101563e-01
   2.2000000e+01   1.6000000e+01   8.0450240e-15   8.4250000e-01   8.4250000e-01
   2.3000000e+01   1.6000000e+01   8.1829993e-15   8.5343750e-01   8.5343750e-01
   2.4000000e+01   1.6000000e+01   8.5006919e-15   8.8523438e-01   8.8523438e-01
   2.5000000e+01   1.6000000e+01   8.5067476e-15   9.0187500e-01   9.0187500e-01
   2.6000000e+01   1.6000000e+01   8.6249074e-15   9.1054688e-01   9.1054688e-01
   2.7000000e+01   1.6000000e+01   8.5797990e-15   9.0492188e-01   9.0492188e-01
   2.8000000e+01   1.6000000e+01   8.3092722e-15   8.7796875e-01   8.7796875e-01
   2.9000000e+01   1.6000000e+01   8.0704153e-15   8.4375000e-01   8.4375000e-01
   3.0000000e+01   1.6000000e+01   7.9594044e-15   8.2640625e-01   8.2640625e-01
   3.1000000e+01   1.6000000e+01   8.0754128e-15   8.4570313e-01   8.4570313e-01
   3.2000000e+01   1.6000000e+01   8.3579421e-15   8.8171875e-01   8.8171875e-01
   3.3000000e+01   1.6000000e+01   8.5836761e-15   9.1437500e-01   9.1437500e-01
   3.4000000e+01   1.6000000e+01   8.7599930e-15   9.3750000e-01   9.3750000e-01
   3.5000000e+01   1.6000000e+01   8.8310584e-15   9.3609375e-01   9.3609375e-01
   1.0000000e+00   1.7000000e+01   8.8842786e-15   9.3648438e-01   9.3648438e-01
   2.0000000e+00   1.7000000e+01   8.7892736e-15   9.3296875e-01   9.3296875e-01
   3.0000000e+00   1.7000000e+01   8.7199950e-15   9.1695313e-01   9.1695313e-01
   4.0000000e+00   1.7000000e+01   8.3134980e-15   8.7992188e-01   8.7992188e-01
   5.0000000e+00   1.7000000e+01   8.1525011e-15   8.5195313e-01   8.5195313e-01
   6.0000000e+00   1.7000000e+01   8.1646435e-15   8.6054688e-01   8.6054688e-01
   7.0000000e+00   1.7000000e+01   8.3460994e-15   8.8242188e-01   8.8242188e-01
   8.0000000e+00   1.7000000e+01   8.4862978e-15   9.0351563e-01   9.0351563e-01
   9.0000000e+00   1.7000000e+01   8.6526873e-15   9.1953125e-01   9.1953125e-01
   1.0000000e+01   1.7000000e+01   8.6469219e-15   9.1070313e-01   9.1070313e-01
   1.1000000e+01   1.7000000e+01   8.5279002e-15   8.9265625e-01   8.9265625e-01
   1.2000000e+01   1.7000000e+01   8.1659324e-15   8.5351563e-01   8.5351563e-01
   1.3000000e+01   1.7000000e+01   7.9993989e-15   8.2953125e-01   8.2953125e-01
   1.4000000e+01   1.7000000e+01   7.9794615e-15   8.3171875e-01   8.3171875e-01
   1.5000000e+01   1.7000000e+01   8.2271672e-15   8.6492188e-01   8.6492188e-01
   1.6000000e+01   1.7000000e+01   8.5419745e-15   9.0117188e-01   9.0117188e-01
   1.7000000e+01   1.7000000e+01   8.7701659e-15   9.2828125e-01   9.2828125e-01
   1.8000000e+01   1.7000000e+01   8.8171443e-15   9.3898438e-01   9.3898438e-01
   1.9000000e+01   1.7000000e+01   8.7135285e-15   9.2234375e-01   9.2234375e-01
   2.0000000e+01   1.7000000e+01   8.4944286e-15   8.9437500e-01   8.9437500e-01
   2.1000000e+01   1.7000000e+01   8.2224941e-15   8.6156250e-01   8.6156250e-01
   2.2000000e+01   1.7000000e+01   8.0527901e-15   8.4281250e-01   8.4281250e-01
   2.3000000e+01   1.7000000e+01   8.1546133e-15   8.5890625e-01   8.5890625e-01
   2.4000000e+01   1.7000000e+01   8.4210598e-15   8.8828125e-01   8.8828125e-01
   2.5000000e+01   1.7000000e+01   8.5898413e-15   9.0429688e-01   9.0429688e-01
   2.6000000e+01   1.7000000e+01   8.6477875e-15   9.1179688e-01   9.1179688e-01
   2.7000000e+01   1.7000000e+01   8.6242174e-15   9.0515625e-01   9.0515625e-01
   2.8000000e+01   1.7000000e+01   8.4145741e-15   8.7773438e-01   8.7773438e-01
   2.9000000e+01   1.7000000e+01   8.1515784e-15   8.4851563e-01   8.4851563e-01
   3.0000000e+01   1.7000000e+01   7.9564593e-15   8.2921875e-01   8.2921875e-01
   3.1000000e+01   1.7000000e+01   8.1276924e-15   8.4507813e-01   8.4507813e-01
   3.2000000e+01   1.7000000e+01   8.3798654e-15   8.8093750e-01   8.8093750e-01
   3.3000000e+01   1.7000000e+01   8.6711931e-15   9.0960938e-01   9.0960938e-01
   3.4000000e+01   1.7000000e+01   8.9337344e-15   9.3656250e-01   9.3656250e-01
   3.5000000e+01   1.7000000e+01   8.8269064e-15   9.2828125e-01   9.2828125e-01
   1.0000000e+00   1.8000000e+01   8.8715601e-15   9.3609375e-01   9.3609375e-01
   2.0000000e+00   1.8000000e+01   8.7536114e-15   9.3296875e-01   9.3296875e-01
   3.0000000e+00   1.8000000e+01   8.6871622e-15   9.1000000e-01   9.1000000e-01
   4.0000000e+00   1.8000000e+01   8.3041598e-15   8.7117188e-01   8.7117188e-01
   5.0000000e+00   1.8000000e+01   8.0970912e-15   8.5531250e-01   8.5531250e-01
   6.0000000e+00   1.8000000e+01   8.2227968e-15   8.6585938e-01   8.6585938e-01
   7.0000000e+00   1.8000000e+01   8.4018052e-15   8.9226563e-01   8.9226563e-01
   8.0000000e+00   1.8000000e+01   8.5433763e-15   9.1117188e-01   9.1117188e-01
   9.0000000e+00   1.8000000e+01   8.7231618e-15   9.2640625e-01   9.2640625e-01
   1.0000000e+01   1.8000000e+01   8.6786698e-15   9.1226563e-01   9.1226563e-01
   1.1000000e+01   1.8000000e+01   8.4532377e-15   8.9617188e-01   8.9617188e-01
   1.2000000e+01   1.8000000e+01   8.1026282e-15   8.5023438e-01   8.5023438e-01
   1.3000000e+01   1.8000000e+01   7.9039903e-15   8.2968750e-01   8.2968750e-01
   1.4000000e+01   1.8000000e+01   7.8781453e-15   8.3218750e-01   8.3218750e-01
   1.5000000e+01   1.8000000e+01   8.2189589e-15   8.6203125e-01   8.6203125e-01
   1.6000000e+01   1.8000000e+01   8.6023015e-15   9.0414063e-01   9.0414063e-01
   1.7000000e+01   1.8000000e+01   8.8097009e-15   9.2820313e-01   9.2820313e-01
   1.8000000e+01   1.8000000e+01   8.8272287e-15   9.3460938e-01   9.3460938e-01
   1.9000000e+01   1.8000000e+01   8.6997550e-15   9.2234375e-01   9.2234375e-01
   2.0000000e+01   1.8000000e+01   8.4893940e-15   8.9914063e-01   8.9914063e-01
   2.1000000e+01   1.8000000e+01   8.2461065e-15   8.5898438e-01   8.5898438e-01
   2.2000000e+01   1.8000000e+01   8.1049387e-15   8.4812500e-01   8.4812500e-01
   2.3000000e+01   1.8000000e+01   8.2883447e-15   8.6437500e-01   8.6437500e-01
   2.4000000e+01   1.8000000e+01   8.4754220e-15   8.9234375e-01   8.9234375e-01
   2.5000000e+01   1.8000000e+01   8.6636744e-15   9.1312500e-01   9.1312500e-01
   2.6000000e+01   1.8000000e+01   8.6053486e-15   9.1593750e-01   9.1593750e-01
   2.7000000e+01   1.8000000e+01   8.5903126e-15   9.0632813e-01   9.0632813e-01
   2.8000000e+01   1.8000000e+01   8.3779267e-15   8.7929688e-01   8.7929688e-01
   2.9000000e+01   1.8000000e+01   8.0361713e-15   8.4257813e-01   8.4257813e-01
   3.0000000e+01   1.8000000e+01   8.0112944e-15   8.2953125e-01   8.2953125e-01
   3.1000000e+01   1.8000000e+01   8.1221024e-15   8.4734375e-01   8.4734375e-01
   3.2000000e+01   1.8000000e+01   8.3818486e-15   8.8351563e-01   8.8351563e-01
   3.3000000e+01   1.8000000e+01   8.7123035e-15   9.1562500e-01   9.1562500e-01
   3.4000000e+01   1.8000000e+01   8.9491457e-15   9.4304688e-01   9.4304688e-01
   3.5000000e+01   1.8000000e+01   8.7736136e-15   9.3125000e-01   9.3125000e-01
   1.0000000e+00   1.9000000e+01   8.8559057e-15   9.3914063e-01   9.3914063e-01
   2.0000000e+00   1.9000000e+01   8.7325438e-15   9.3015625e-01   9.3015625e-01
   3.0000000e+00   1.9000000e+01   8.5876420e-15   9.0937500e-01   9.0937500e-01
   4.0000000e+00   1.9000000e+01   8.2483087e-15   8.7195313e-01   8.7195313e-01
   5.0000000e+00   1.9000000e+01   8.0419370e-15   8.5367188e-01   8.5367188e-01
   6.0000000e+00   1.9000000e+01   8.2115582e-15   8.7062500e-01   8.7062500e-01
   7.0000000e+00   1.9000000e+01   8.3691682e-15   8.8929688e-01   8.8929688e-01
   8.0000000e+00   1.9000000e+01   8.5309645e-15   9.1578125e-01   9.1578125e-01
   9.0000000e+00   1.9000000e+01   8.6677354e-15   9.3281250e-01   9.3281250e-01
   1.0000000e+01   1.9000000e+01   8.5791240e-15   9.1718750e-01   9.1718750e-01
   1.1000000e+01   1.9000000e+01   8.4194482e-15   8.9726563e-01   8.9726563e-01
   1.2000000e+01   1.9000000e+01   8.1021644e-15   8.6023438e-01   8.6023438e-01
   1.3000000e+01   1.9000000e+01   7.9439336e-15   8.3015625e-01   8.3015625e-01
   1.4000000e+01   1.9000000e+01   7.9428344e-15   8.3203125e-01   8.3203125e-01
   1.5000000e+01   1.9000000e+01   8.2195485e-15   8.6320313e-01   8.6320313e-01
   1.6000000e+01   1.9000000e+01   8.6307782e-15   9.0554688e-01   9.0554688e-01
   1.7000000e+01   1.9000000e+01   8.8056335e-15   9.2921875e-01   9.2921875e-01
   1.8000000e+01   1.9000000e+01   8.7888585e-15   9.3500000e-01   9.3500000e-01
   1.9000000e+01   1.9000000e+01   8.7039027e-15   9.2242188e-01   9.2242188e-01
   2.0000000e+01   1.9000000e+01   8.4066813e-15   8.8828125e-01   8.8828125e-01
   2.1000000e+01   1.9000000e+01   8.1261948e-15   8.5953125e-01   8.5953125e-01
   2.2000000e+01   1.9000000e+01   8.0454564e-15   8.4890625e-01   8.4890625e-01
   2.3000000e+01   1.9000000e+01   8.2367805e-15   8.6726563e-01   8.6726563e-01
   2.4000000e+01   1.9000000e+01   8.4700389e-15   8.9054688e-01   8.9054688e-01
   2.5000000e+01   1.9000000e+01   8.6626568e-15   9.1351563e-01   9.1351563e-01
   2.6000000e+01   1.9000000e+01   8.7309042e-15   9.2460938e-01   9.2460938e-01
   2.7000000e+01   1.9000000e+01   8.6539617e-15   9.0968750e-01   9.0968750e-01
   2.8000000e+01   1.9000000e+01   8.3706229e-15   8.7992188e-01   8.7992188e-01
   2.9000000e+01   1.9000000e+01   8.0812645e-15   8.4250000e-01   8.4250000e-01
   3.0000000e+01   1.9000000e+01   7.9242757e-15   8.3031250e-01   8.3031250e-01
   3.1000000e+01   1.9000000e+01   8.1300765e-15   8.4539063e-01   8.4539063e-01
   3.2000000e+01   1.9000000e+01   8.3749296e-15   8.8062500e-01   8.8062500e-01
   3.3000000e+01   1.9000000e+01   8.6303046e-15   9.1234375e-01   9.1234375e-01
   3.4000000e+01   1.9000000e+01   8.9088408e-15   9.3953125e-01   9.3953125e-01
   3.5000000e+01   1.9000000e+01   8.7183579e-15   9.3250000e-01   9.3250000e-01
   1.0000000e+00   2.0000000e+01   8.8352585e-15   9.2945313e-01   9.2945313e-01
   2.0000000e+00   2.0000000e+01   8.6598158e-15   9.1500000e-01   9.1500000e-01
   3.0000000e+00   2.0000000e+01   8.4711898e-15   8.9500000e-01   8.9500000e-01
   4.0000000e+00   2.0000000e+01   8.2525164e-15   8.6054688e-01   8.6054688e-01
   5.0000000e+00   2.0000000e+01   8.1081160e-15   8.4531250e-01   8.4531250e-01
   6.0000000e+00   2.0000000e+01   8.3123533e-15   8.6796875e-01   8.6796875e-01
   7.0000000e+00   2.0000000e+01   8.5334796e-15   8.9546875e-01   8.9546875e-01
   8.0000000e+00   2.0000000e+01   8.6865055e-15   9.2085938e-01   9.2085938e-01
   9.0000000e+00   2.0000000e+01   8.8661476e-15   9.3679688e-01   9.3679688e-01
   1.0000000e+01   2.0000000e+01   8.7827611e-15   9.2414063e-01   9.2414063e-01
   1.1000000e+01   2.0000000e+01   8.5197429e-15   9.0312500e-01   9.0312500e-01
   1.2000000e+01   2.0000000e+01   8.0842187e-15   8.5632813e-01   8.5632813e-01
   1.3000000e+01   2.0000000e+01   7.8903908e-15   8.3382813e-01   8.3382813e-01
   1.4000000e+01   2.0000000e+01   7.9290457e-15   8.3796875e-01   8.3796875e-01
   1.5000000e+01   2.0000000e+01   8.2323433e-15   8.7109375e-01   8.7109375e-01
   1.6000000e+01   2.0000000e+01   8.4998448e-15   9.0234375e-01   9.0234375e-01
   1.7000000e+01   2.0000000e+01   8.6868728e-15   9.3039063e-01   9.3039063e-01
   1.8000000e+01   2.0000000e+01   8.6823407e-15   9.3062500e-01   9.3062500e-01
   1.9000000e+01   2.0000000e+01   8.5747980e-15   9.1617188e-01   9.1617188e-01
   2.0000000e+01   2.0000000e+01   8.3524920e-15   8.8703125e-01   8.8703125e-01
   2.1000000e+01   2.0000000e+01   8.0745836e-15   8.5304688e-01   8.5304688e-01
   2.2000000e+01   2.0000000e+01   8.0329546e-15   8.5007813e-01   8.5007813e-01
   2.3000000e+01   2.0000000e+01   8.3620724e-15   8.7671875e-01   8.7671875e-01
   2.4000000e+01   2.0000000e+01   8.6018344e-15   8.9882813e-01   8.9882813e-01
   2.5000000e+01   2.0000000e+01   8.7417197e-15   9.2171875e-01   9.2171875e-01
   2.6000000e+01   2.0000000e+01   8.7597505e-15   9.2429688e-01   9.2429688e-01
   2.7000000e+01   2.0000000e+01   8.6371698e-15   9.1492188e-01   9.1492188e-01
   2.8000000e+01   2.0000000e+01   8.3859439e-15   8.8453125e-01   8.8453125e-01
   2.9000000e+01   2.0000000e+01   8.0197625e-15   8.4453125e-01   8.4453125e-01
   3.0000000e+01   2.0000000e+01   7.9866395e-15   8.3296875e-01   8.3296875e-01
   3.1000000e+01   2.0000000e+01   8.1220746e-15   8.4750000e-01   8.4750000e-01
   3.2000000e+01   2.0000000e+01   8.3684567e-15   8.8031250e-01   8.8031250e-01
   3.3000000e+01   2.0000000e+01   8.6390646e-15   9.1742188e-01   9.1742188e-01
   3.4000000e+01   2.0000000e+01   8.8357468e-15   9.3726563e-01   9.3726563e-01
   3.5000000e+01   2.0000000e+01   8.6810346e-15   9.3039063e-01   9.3039063e-01
   1.0000000e+00   2.1000000e+01   8.6227175e-15   9.1882813e-01   9.1882813e-01
   2.0000000e+00   2.1000000e+01   8.5051458e-15   9.0914063e-01   9.0914063e-01
   3.0000000e+00   2.1000000e+01   8.4423625e-15   8.9101563e-01   8.9101563e-01
   4.0000000e+00   2.1000000e+01   8.0727936e-15   8.4812500e-01   8.4812500e-01
   5.0000000e+00   2.1000000e+01   8.0993139e-15   8.4210938e-01   8.4210938e-01
   6.0000000e+00   2.1000000e+01   8.1916945e-15   8.6578125e-01   8.6578125e-01
   7.0000000e+00   2.1000000e+01   8.4405579e-15   8.9695313e-01   8.9695313e-01
   8.0000000e+00   2.1000000e+01   8.7080276e-15   9.2351563e-01   9.2351563e-01
   9.0000000e+00   2.1000000e+01   8.9021906e-15   9.4460938e-01   9.4460938e-01
   1.0000000e+01   2.1000000e+01   8.7484110e-15   9.2851563e-01   9.2851563e-01
   1.1000000e+01   2.1000000e+01   8.5701030e-15   9.0570313e-01   9.0570313e-01
   1.2000000e+01   2.1000000e+01   8.2301639e-15   8.6421875e-01   8.6421875e-01
   1.3000000e+01   2.1000000e+01   7.9603014e-15   8.4062500e-01   8.4062500e-01
   1.4000000e+01   2.1000000e+01   7.9583309e-15   8.3812500e-01   8.3812500e-01
   1.5000000e+01   2.1000000e+01   8.2425115e-15   8.7148438e-01   8.7148438e-01
   1.6000000e+01   2.1000000e+01   8.5038629e-15   8.9882813e-01   8.9882813e-01
   1.7000000e+01   2.1000000e+01   8.6758166e-15   9.1992188e-01   9.1992188e-01
   1.8000000e+01   2.1000000e+01   8.6762670e-15   9.2375000e-01   9.2375000e-01
   1.9000000e+01   2.1000000e+01   8.5200968e-15   9.0312500e-01   9.0312500e-01
   2.0000000e+01   2.1000000e+01   8.3052998e-15   8.7742188e-01   8.7742188e-01
   2.1000000e+01   2.1000000e+01   8.0777373e-15   8.4984375e-01   8.4984375e-01
   2.2000000e+01   2.1000000e+01   8.0329870e-15   8.4703125e-01   8.4703125e-01
   2.3000000e+01   2.1000000e+01   8.2259767e-15   8.7296875e-01   8.7296875e-01
   2.4000000e+01   2.1000000e+01   8.5547779e-15   9.0710938e-01   9.0710938e-01
   2.5000000e+01   2.1000000e+01   8.7620063e-15   9.2945313e-01   9.2945313e-01
   2.6000000e+01   2.1000000e+01   8.6878334e-15   9.2968750e-01   9.2968750e-01
   2.7000000e+01   2.1000000e+01   8.5743643e-15   9.1828125e-01   9.1828125e-01
   2.8000000e+01   2.1000000e+01   8.3513401e-15   8.8539063e-01   8.8539063e-01
   2.9000000e+01   2.1000000e+01   8.0547191e-15   8.4875000e-01   8.4875000e-01
   3.0000000e+01   2.1000000e+01   7.9873871e-15   8.3296875e-01   8.3296875e-01
   3.1000000e+01   2.1000000e+01   8.0290658e-15   8.4796875e-01   8.4796875e-01
   3.2000000e+01   2.1000000e+01   8.4875943e-15   8.8796875e-01   8.8796875e-01
   3.3000000e+01   2.1000000e+01   8.6500505e-15   9.1265625e-01   9.1265625e-01
   3.4000000e+01   2.1000000e+01   8.7885853e-15   9.3031250e-01   9.3031250e-01
   3.5000000e+01   2.1000000e+01   8.7136853e-15   9.2296875e-01   9.2296875e-01
   1.0000000e+00   2.2000000e+01   8.6466101e-15   9.1414063e-01   9.1414063e-01
   2.0000000e+00   2.2000000e+01   8.5016496e-15   9.0125000e-01   9.0125000e-01
   3.0000000e+00   2.2000000e+01   8.3840599e-15   8.7945313e-01   8.7945313e-01
   4.0000000e+00   2.2000000e+01   8.0608004e-15   8.4109375e-01   8.4109375e-01
   5.0000000e+00   2.2000000e+01   7.9769142e-15   8.2968750e-01   8.2968750e-01
   6.0000000e+00   2.2000000e+01   8.2086090e-15   8.6257813e-01   8.6257813e-01
   7.0000000e+00   2.2000000e+01   8.5455482e-15   8.9367188e-01   8.9367188e-01
   8.0000000e+00   2.2000000e+01   8.7675082e-15   9.2578125e-01   9.2578125e-01
   9.0000000e+00   2.2000000e+01   8.9217690e-15   9.4109375e-01   9.4109375e-01
   1.0000000e+01   2.2000000e+01   8.8345446e-15   9.2968750e-01   9.2968750e-01
   1.1000000e+01   2.2000000e+01   8.6313452e-15   9.1062500e-01   9.1062500e-01
   1.2000000e+01   2.2000000e+01   8.2007263e-15   8.6492188e-01   8.6492188e-01
   1.3000000e+01   2.2000000e+01   8.0851396e-15   8.4242188e-01   8.4242188e-01
   1.4000000e+01   2.2000000e+01   8.0103417e-15   8.4257813e-01   8.4257813e-01
   1.5000000e+01   2.2000000e+01   8.2074992e-15   8.6898438e-01   8.6898438e-01
   1.6000000e+01   2.2000000e+01   8.5422252e-15   8.9195313e-01   8.9195313e-01
   1.7000000e+01   2.2000000e+01   8.5685916e-15   9.1398438e-01   9.1398438e-01
   1.8000000e+01   2.2000000e+01   8.6028545e-15   9.1179688e-01   9.1179688e-01
   1.9000000e+01   2.2000000e+01   8.4641270e-15   8.9765625e-01   8.9765625e-01
   2.0000000e+01   2.2000000e+01   8.1465983e-15   8.6437500e-01   8.6437500e-01
   2.1000000e+01   2.2000000e+01   7.9768474e-15   8.3539063e-01   8.3539063e-01
   2.2000000e+01   2.2000000e+01   7.9730185e-15   8.4312500e-01   8.4312500e-01
   2.3000000e+01   2.2000000e+01   8.2259265e-15   8.7156250e-01   8.7156250e-01
   2.4000000e+01   2.2000000e+01   8.5419811e-15   9.0867188e-01   9.0867188e-01
   2.5000000e+01   2.2000000e+01   8.7727302e-15   9.3945313e-01   9.3945313e-01
   2.6000000e+01   2.2000000e+01   8.7984095e-15   9.3867188e-01   9.3867188e-01
   2.7000000e+01   2.2000000e+01   8.6218040e-15   9.2765625e-01   9.2765625e-01
   2.8000000e+01   2.2000000e+01   8.4001205e-15   8.9187500e-01   8.9187500e-01
   2.9000000e+01   2.2000000e+01   8.1019761e-15   8.5062500e-01   8.5062500e-01
   3.0000000e+01   2.2000000e+01   7.9658439e-15   8.3921875e-01   8.3921875e-01
   3.1000000e+01   2.2000000e+01   8.1135050e-15   8.5515625e-01   8.5515625e-01
   3.2000000e+01   2.2000000e+01   8.3889072e-15   8.8593750e-01   8.8593750e-01
   3.3000000e+01   2.2000000e+01   8.5498072e-15   9.1210938e-01   9.1210938e-01
   3.4000000e+01   2.2000000e+01   8.6713380e-15   9.2250000e-01   9.2250000e-01
   3.5000000e+01   2.2000000e+01   8.5936924e-15   9.1171875e-01   9.1171875e-01
   1.0000000e+00   2.3000000e+01   8.6083944e-15   9.1921875e-01   9.1921875e-01
   2.0000000e+00   2.3000000e+01   8.5018693e-15   9.0117188e-01   9.0117188e-01
   3.0000000e+00   2.3000000e+01   8.3224337e-15   8.7312500e-01   8.7312500e-01
   4.0000000e+00   2.3000000e+01   8.0733460e-15   8.3609375e-01   8.3609375e-01
   5.0000000e+00   2.3000000e+01   8.0430434e-15   8.2726563e-01   8.2726563e-01
   6.0000000e+00   2.3000000e+01   8.3005432e-15   8.6359375e-01   8.6359375e-01
   7.0000000e+00   2.3000000e+01   8.4514936e-15   8.9195313e-01   8.9195313e-01
   8.0000000e+00   2.3000000e+01   8.7912842e-15   9.2687500e-01   9.2687500e-01
   9.0000000e+00   2.3000000e+01   8.9037160e-15   9.4875000e-01   9.4875000e-01
   1.0000000e+01   2.3000000e+01   8.7659028e-15   9.3734375e-01   9.3734375e-01
   1.1000000e+01   2.3000000e+01   8.6179004e-15   9.1281250e-01   9.1281250e-01
   1.2000000e+01   2.3000000e+01   8.2740719e-15   8.7132813e-01   8.7132813e-01
   1.3000000e+01   2.3000000e+01   8.0465637e-15   8.4562500e-01   8.4562500e-01
   1.4000000e+01   2.3000000e+01   7.9894941e-15   8.4445313e-01   8.4445313e-01
   1.5000000e+01   2.3000000e+01   8.2126044e-15   8.7187500e-01   8.7187500e-01
   1.6000000e+01   2.3000000e+01   8.4143816e-15   8.9179688e-01   8.9179688e-01
   1.7000000e+01   2.3000000e+01   8.6637132e-15   9.1695313e-01   9.1695313e-01
   1.8000000e+01   2.3000000e+01   8.5613830e-15   9.1226563e-01   9.1226563e-01
   1.9000000e+01   2.3000000e+01   8.4432672e-15   8.8968750e-01   8.8968750e-01
   2.0000000e+01   2.3000000e+01   8.2112002e-15   8.5976563e-01   8.5976563e-01
   2.1000000e+01   2.3000000e+01   7.9457082e-15   8.2710938e-01   8.2710938e-01
   2.2000000e+01   2.3000000e+01   7.9601971e-15   8.3414063e-01   8.3414063e-01
   2.3000000e+01   2.3000000e+01   8.2883510e-15   8.7234375e-01   8.7234375e-01
   2.4000000e+01   2.3000000e+01   8.5596138e-15   9.0867188e-01   9.0867188e-01
   2.5000000e+01   2.3000000e+01   8.8600591e-15   9.3742188e-01   9.3742188e-01
   2.6000000e+01   2.3000000e+01   8.9569910e-15   9.4296875e-01   9.4296875e-01
   2.7000000e+01   2.3000000e+01   8.7069111e-15   9.2601563e-01   9.2601563e-01
   2.8000000e+01   2.3000000e+01   8.4779373e-15   8.9796875e-01   8.9796875e-01
   2.9000000e+01   2.3000000e+01   8.1339926e-15   8.5562500e-01   8.5562500e-01
   3.0000000e+01   2.3000000e+01   8.0793052e-15   8.4101563e-01   8.4101563e-01
   3.1000000e+01   2.3000000e+01   8.2199107e-15   8.6070313e-01   8.6070313e-01
   3.2000000e+01   2.3000000e+01   8.3637622e-15   8.7921875e-01   8.7921875e-01
   3.3000000e+01   2.3000000e+01   8.6207028e-15   9.0953125e-01   9.0953125e-01
   3.4000000e+01   2.3000000e+01   8.6422912e-15   9.1328125e-01   9.1328125e-01
   3.5000000e+01   2.3000000e+01   8.6242734e-15   9.0359375e-01   9.0359375e-01
   1.0000000e+00   2.4000000e+01   8.6954242e-15   9.2179688e-01   9.2179688e-01
   2.0000000e+00   2.4000000e+01   8.4961309e-15   9.0289063e-01   9.0289063e-01
   3.0000000e+00   2.4000000e+01   8.2826356e-15   8.7625000e-01   8.7625000e-01
   4.0000000e+00   2.4000000e+01   8.0064189e-15   8.4101563e-01   8.4101563e-01
   5.0000000e+00   2.4000000e+01   7.9536135e-15   8.3171875e-01   8.3171875e-01
   6.0000000e+00   2.4000000e+01   8.2237381e-15   8.6898438e-01   8.6898438e-01
   7.0000000e+00   2.4000000e+01   8.4470275e-15   8.9757813e-01   8.9757813e-01
   8.0000000e+00   2.4000000e+01   8.7955708e-15   9.3289063e-01   9.3289063e-01
   9.0000000e+00   2.4000000e+01   8.8742772e-15   9.4695313e-01   9.4695313e-01
   1.0000000e+01   2.4000000e+01   8.7780536e-15   9.3773438e-01   9.3773438e-01
   1.1000000e+01   2.4000000e+01   8.5692905e-15   9.1289063e-01   9.1289063e-01
   1.2000000e+01   2.4000000e+01   8.1899141e-15   8.6804688e-01   8.6804688e-01
   1.3000000e+01   2.4000000e+01   8.0199717e-15   8.4921875e-01   8.4921875e-01
   1.4000000e+01   2.4000000e+01   8.0012797e-15   8.4890625e-01   8.4890625e-01
   1.5000000e+01   2.4000000e+01   8.1456872e-15   8.7296875e-01   8.7296875e-01
   1.6000000e+01   2.4000000e+01   8.4413421e-15   8.9843750e-01   8.9843750e-01
   1.7000000e+01   2.4000000e+01   8.6103464e-15   9.1843750e-01   9.1843750e-01
   1.8000000e+01   2.4000000e+01   8.5914481e-15   9.1421875e-01   9.1421875e-01
   1.9000000e+01   2.4000000e+01   8.3476612e-15   8.9296875e-01   8.9296875e-01
   2.0000000e+01   2.4000000e+01   8.0615529e-15   8.5835938e-01   8.5835938e-01
   2.1000000e+01   2.4000000e+01   7.8064352e-15   8.2742188e-01   8.2742188e-01
   2.2000000e+01   2.4000000e+01   7.9706079e-15   8.3421875e-01   8.3421875e-01
   2.3000000e+01   2.4000000e+01   8.2829309e-15   8.7304688e-01   8.7304688e-01
   2.4000000e+01   2.4000000e+01   8.5455346e-15   9.1125000e-01   9.1125000e-01
   2.5000000e+01   2.4000000e+01   8.7817672e-15   9.3867188e-01   9.3867188e-01
   2.6000000e+01   2.4000000e+01   8.8007941e-15   9.4828125e-01   9.4828125e-01
   2.7000000e+01   2.4000000e+01   8.7880005e-15   9.3312500e-01   9.3312500e-01
   2.8000000e+01   2.4000000e+01   8.5451146e-15   8.9601563e-01   8.9601563e-01
   2.9000000e+01   2.4000000e+01   8.1874951e-15   8.5835938e-01   8.5835938e-01
   3.0000000e+01   2.4000000e+01   8.0182755e-15   8.4281250e-01   8.4281250e-01
   3.1000000e+01   2.4000000e+01   8.2543664e-15   8.6328125e-01   8.6328125e-01
   3.2000000e+01   2.4000000e+01   8.4155356e-15   8.8046875e-01   8.8046875e-01
   3.3000000e+01   2.4000000e+01   8.5692361e-15   9.0851563e-01   9.0851563e-01
   3.4000000e+01   2.4000000e+01   8.6439482e-15   9.1687500e-01   9.1687500e-01
   3.5000000e+01   2.4000000e+01   8.4917903e-15   8.9664063e-01   8.9664063e-01
   1.0000000e+00   2.5000000e+01   8.6897923e-15   9.2328125e-01   9.2328125e-01
   2.0000000e+00   2.5000000e+01   8.5559611e-15   9.0304688e-01   9.0304688e-01
   3.0000000e+00   2.5000000e+01   8.3238192e-15   8.7992188e-01   8.7992188e-01
   4.0000000e+00   2.5000000e+01   8.0181396e-15   8.4312500e-01   8.4312500e-01
   5.0000000e+00   2.5000000e+01   7.9707837e-15   8.3898438e-01   8.3898438e-01
   6.0000000e+00   2.5000000e+01   8.2282425e-15   8.6710938e-01   8.6710938e-01
   7.0000000e+00   2.5000000e+01   8.5477128e-15   9.0164063e-01   9.0164063e-01
   8.0000000e+00   2.5000000e+01   8.8348697e-15   9.3562500e-01   9.3562500e-01
   9.0000000e+00   2.5000000e+01   8.8961007e-15   9.4265625e-01   9.4265625e-01
   1.0000000e+01   2.5000000e+01   8.7771636e-15   9.3226563e-01   9.3226563e-01
   1.1000000e+01   2.5000000e+01   8.6570952e-15   9.1078125e-01   9.1078125e-01
   1.2000000e+01   2.5000000e+01   8.4006907e-15   8.7226563e-01   8.7226563e-01
   1.3000000e+01   2.5000000e+01   8.1351601e-15   8.5078125e-01   8.5078125e-01
   1.4000000e+01   2.5000000e+01   8.1522196e-15   8.5281250e-01   8.5281250e-01
   1.5000000e+01   2.5000000e+01   8.3035345e-15   8.7914063e-01   8.7914063e-01
   1.6000000e+01   2.5000000e+01   8.5212116e-15   9.0125000e-01   9.0125000e-01
   1.7000000e+01   2.5000000e+01   8.5833920e-15   9.1539063e-01   9.1539063e-01
   1.8000000e+01   2.5000000e+01   8.6535342e-15   9.1367188e-01   9.1367188e-01
   1.9000000e+01   2.5000000e+01   8.4684332e-15   8.8882813e-01   8.8882813e-01
   2.0000000e+01   2.5000000e+01   8.1367147e-15   8.5906250e-01   8.5906250e-01
   2.1000000e+01   2.5000000e+01   7.9122098e-15   8.3070313e-01   8.3070313e-01
   2.2000000e+01   2.5000000e+01   8.0152305e-15   8.4156250e-01   8.4156250e-01
   2.3000000e+01   2.5000000e+01   8.2326116e-15   8.7632813e-01   8.7632813e-01
   2.4000000e+01   2.5000000e+01   8.4655969e-15   9.1328125e-01   9.1328125e-01
   2.5000000e+01   2.5000000e+01   8.8337647e-15   9.4476563e-01   9.4476563e-01
   2.6000000e+01   2.5000000e+01   8.8564033e-15   9.4859375e-01   9.4859375e-01
   2.7000000e+01   2.5000000e+01   8.7296716e-15   9.3085938e-01   9.3085938e-01
   2.8000000e+01   2.5000000e+01   8.5063998e-15   8.9867188e-01   8.9867188e-01
   2.9000000e+01   2.5000000e+01   8.1480703e-15   8.6171875e-01   8.6171875e-01
   3.0000000e+01   2.5000000e+01   8.0518390e-15   8.4929688e-01   8.4929688e-01
   3.1000000e+01   2.5000000e+01   8.1844486e-15   8.6390625e-01   8.6390625e-01
   3.2000000e+01   2.5000000e+01   8.3643846e-15   8.8718750e-01   8.8718750e-01
   3.3000000e+01   2.5000000e+01   8.5363965e-15   9.0632813e-01   9.0632813e-01
   3.4000000e+01   2.5000000e+01   8.6320326e-15   9.1890625e-01   9.1890625e-01
   3.5000000e+01   2.5000000e+01   8.5881443e-15   9.0390625e-01   9.0390625e-01
   1.0000000e+00   2.6000000e+01   8.6935273e-15   9.2250000e-01   9.2250000e-01
   2.0000000e+00   2.6000000e+01   8.5896414e-15   9.0664063e-01   9.0664063e-01
   3.0000000e+00   2.6000000e+01   8.2682642e-15   8.7125000e-01   8.7125000e-01
   4.0000000e+00   2.6000000e+01   8.0175892e-15   8.3992188e-01   8.3992188e-01
   5.0000000e+00   2.6000000e+01   7.9941773e-15   8.3937500e-01   8.3937500e-01
   6.0000000e+00   2.6000000e+01   8.2820771e-15   8.6859375e-01   8.6859375e-01
   7.0000000e+00   2.6000000e+01   8.5892648e-15   9.0242188e-01   9.0242188e-01
   8.0000000e+00   2.6000000e+01   8.8198785e-15   9.3492188e-01   9.3492188e-01
   9.0000000e+00   2.6000000e+01   8.9200160e-15   9.4609375e-01   9.4609375e-01
   1.0000000e+01   2.6000000e+01   8.7442442e-15   9.3257813e-01   9.3257813e-01
   1.1000000e+01   2.6000000e+01   8.4651357e-15   9.1093750e-01   9.1093750e-01
   1.2000000e+01   2.6000000e+01   8.1181168e-15   8.7093750e-01   8.7093750e-01
   1.3000000e+01   2.6000000e+01   8.0025146e-15   8.4914063e-01   8.4914063e-01
   1.4000000e+01   2.6000000e+01   8.0788569e-15   8.6109375e-01   8.6109375e-01
   1.5000000e+01   2.6000000e+01   8.3099130e-15   8.8554688e-01   8.8554688e-01
   1.6000000e+01   2.6000000e+01   8.4814825e-15   9.0914063e-01   9.0914063e-01
   1.7000000e+01   2.6000000e+01   8.5527630e-15   9.1812500e-01   9.1812500e-01
   1.8000000e+01   2.6000000e+01   8.5044589e-15   9.1148438e-01   9.1148438e-01
   1.9000000e+01   2.6000000e+01   8.3567588e-15   8.9445313e-01   8.9445313e-01
   2.0000000e+01   2.6000000e+01   8.0548005e-15   8.5437500e-01   8.5437500e-01
   2.1000000e+01   2.6000000e+01   7.9105840e-15   8.3609375e-01   8.3609375e-01
   2.2000000e+01   2.6000000e+01   7.9529759e-15   8.4812500e-01   8.4812500e-01
   2.3000000e+01   2.6000000e+01   8.3146805e-15   8.8328125e-01   8.8328125e-01
   2.4000000e+01   2.6000000e+01   8.6194274e-15   9.2007813e-01   9.2007813e-01
   2.5000000e+01   2.6000000e+01   8.8051069e-15   9.4312500e-01   9.4312500e-01
   2.6000000e+01   2.6000000e+01   8.7645265e-15   9.4125000e-01   9.4125000e-01
   2.7000000e+01   2.6000000e+01   8.5932789e-15   9.2601563e-01   9.2601563e-01
   2.8000000e+01   2.6000000e+01   8.4019130e-15   8.9460938e-01   8.9460938e-01
   2.9000000e+01   2.6000000e+01   8.0954092e-15   8.5890625e-01   8.5890625e-01
   3.0000000e+01   2.6000000e+01   8.0418785e-15   8.5289063e-01   8.5289063e-01
   3.1000000e+01   2.6000000e+01   8.1915114e-15   8.7070313e-01   8.7070313e-01
   3.2000000e+01   2.6000000e+01   8.3332586e-15   8.9234375e-01   8.9234375e-01
   3.3000000e+01   2.6000000e+01   8.5496618e-15   9.0828125e-01   9.0828125e-01
   3.4000000e+01   2.6000000e+01   8.6440952e-15   9.1585938e-01   9.1585938e-01
   3.5000000e+01   2.6000000e+01   8.5479167e-15   9.0429688e-01   9.0429688e-01
   1.0000000e+00   2.7000000e+01   8.6330979e-15   9.2617188e-01   9.2617188e-01
   2.0000000e+00   2.7000000e+01   8.4377366e-15   9.0421875e-01   9.0421875e-01
   3.0000000e+00   2.7000000e+01   8.1593467e-15   8.7289063e-01   8.7289063e-01
   4.0000000e+00   2.7000000e+01   7.9477328e-15   8.3898438e-01   8.3898438e-01
   5.0000000e+00   2.7000000e+01   7.9453404e-15   8.3914063e-01   8.3914063e-01
   6.0000000e+00   2.7000000e+01   8.2102697e-15   8.7148438e-01   8.7148438e-01
   7.0000000e+00   2.7000000e+01   8.4324682e-15   9.0460938e-01   9.0460938e-01
   8.0000000e+00   2.7000000e+01   8.7879341e-15   9.3578125e-01   9.3578125e-01
   9.0000000e+00   2.7000000e+01   8.8291722e-15   9.4578125e-01   9.4578125e-01
   1.0000000e+01   2.7000000e+01   8.6141534e-15   9.3218750e-01   9.3218750e-01
   1.1000000e+01   2.7000000e+01   8.4788409e-15   9.1007813e-01   9.1007813e-01
   1.2000000e+01   2.7000000e+01   8.1565907e-15   8.6984375e-01   8.6984375e-01
   1.3000000e+01   2.7000000e+01   8.0992530e-15   8.5570313e-01   8.5570313e-01
   1.4000000e+01   2.7000000e+01   8.1958480e-15   8.6359375e-01   8.6359375e-01
   1.5000000e+01   2.7000000e+01   8.3961090e-15   8.8906250e-01   8.8906250e-01
   1.6000000e+01   2.7000000e+01   8.5351495e-15   9.0898438e-01   9.0898438e-01
   1.7000000e+01   2.7000000e+01   8.6623952e-15   9.2156250e-01   9.2156250e-01
   1.8000000e+01   2.7000000e+01   8.5635992e-15   9.1203125e-01   9.1203125e-01
   1.9000000e+01   2.7000000e+01   8.3034145e-15   8.8976563e-01   8.8976563e-01
   2.0000000e+01   2.7000000e+01   8.0298341e-15   8.5601563e-01   8.5601563e-01
   2.1000000e+01   2.7000000e+01   7.8389869e-15   8.3523438e-01   8.3523438e-01
   2.2000000e+01   2.7000000e+01   7.9559465e-15   8.4664063e-01   8.4664063e-01
   2.3000000e+01   2.7000000e+01   8.3002363e-15   8.8343750e-01   8.8343750e-01
   2.4000000e+01   2.7000000e+01   8.5743098e-15   9.1890625e-01   9.1890625e-01
   2.5000000e+01   2.7000000e+01   8.7669359e-15   9.4382813e-01   9.4382813e-01
   2.6000000e+01   2.7000000e+01   8.6944951e-15   9.4273438e-01   9.4273438e-01
   2.7000000e+01   2.7000000e+01   8.5625659e-15   9.2984375e-01   9.2984375e-01
   2.8000000e+01   2.7000000e+01   8.3161036e-15   8.9648438e-01   8.9648438e-01
   2.9000000e+01   2.7000000e+01   8.1563444e-15   8.6039063e-01   8.6039063e-01
   3.0000000e+01   2.7000000e+01   7.9942806e-15   8.5203125e-01   8.5203125e-01
   3.1000000e+01   2.7000000e+01   8.2914579e-15   8.7609375e-01   8.7609375e-01
   3.2000000e+01   2.7000000e+01   8.3875272e-15   8.9796875e-01   8.9796875e-01
   3.3000000e+01   2.7000000e+01   8.4934074e-15   9.1343750e-01   9.1343750e-01
   3.4000000e+01   2.7000000e+01   8.5414321e-15   9.1679688e-01   9.1679688e-01
   3.5000000e+01   2.7000000e+01   8.4852756e-15   9.0468750e-01   9.0468750e-01
   1.0000000e+00   2.8000000e+01   8.6183613e-15   9.2726563e-01   9.2726563e-01
   2.0000000e+00   2.8000000e+01   8.4465949e-15   9.0390625e-01   9.0390625e-01
   3.0000000e+00   2.8000000e+01   8.1248749e-15   8.7101563e-01   8.7101563e-01
   4.0000000e+00   2.8000000e+01   7.8915896e-15   8.3828125e-01   8.3828125e-01
   5.0000000e+00   2.8000000e+01   7.9015030e-15   8.3984375e-01   8.3984375e-01
   6.0000000e+00   2.8000000e+01   8.2192854e-15   8.7687500e-01   8.7687500e-01
   7.0000000e+00   2.8000000e+01   8.5005393e-15   9.0437500e-01   9.0437500e-01
   8.0000000e+00   2.8000000e+01   8.7270157e-15   9.3882813e-01   9.3882813e-01
   9.0000000e+00   2.8000000e+01   8.8420048e-15   9.4476563e-01   9.4476563e-01
   1.0000000e+01   2.8000000e+01   8.6507298e-15   9.2718750e-01   9.2718750e-01
   1.1000000e+01   2.8000000e+01   8.4631390e-15   9.0156250e-01   9.0156250e-01
   1.2000000e+01   2.8000000e+01   8.1468104e-15   8.6546875e-01   8.6546875e-01
   1.3000000e+01   2.8000000e+01   8.0558645e-15   8.5312500e-01   8.5312500e-01
   1.4000000e+01   2.8000000e+01   8.2645465e-15   8.7187500e-01   8.7187500e-01
   1.5000000e+01   2.8000000e+01   8.4129799e-15   8.9335938e-01   8.9335938e-01
   1.6000000e+01   2.8000000e+01   8.6661783e-15   9.1671875e-01   9.1671875e-01
   1.7000000e+01   2.8000000e+01   8.6908073e-15   9.2546875e-01   9.2546875e-01
   1.8000000e+01   2.8000000e+01   8.6371812e-15   9.1625000e-01   9.1625000e-01
   1.9000000e+01   2.8000000e+01   8.3438270e-15   8.8648438e-01   8.8648438e-01
   2.0000000e+01   2.8000000e+01   8.0592379e-15   8.4625000e-01   8.4625000e-01
   2.1000000e+01   2.8000000e+01   7.9170903e-15   8.2695313e-01   8.2695313e-01
   2.2000000e+01   2.8000000e+01   8.0781209e-15   8.4375000e-01   8.4375000e-01
   2.3000000e+01   2.8000000e+01   8.3078884e-15   8.8109375e-01   8.8109375e-01
   2.4000000e+01   2.8000000e+01   8.6452775e-15   9.1765625e-01   9.1765625e-01
   2.5000000e+01   2.8000000e+01   8.8740326e-15   9.4531250e-01   9.4531250e-01
   2.6000000e+01   2.8000000e+01   8.8514744e-15   9.3718750e-01   9.3718750e-01
   2.7000000e+01   2.8000000e+01   8.6912341e-15   9.1890625e-01   9.1890625e-01
   2.8000000e+01   2.8000000e+01   8.3969210e-15   8.8484375e-01   8.8484375e-01
   2.9000000e+01   2.8000000e+01   8.1975063e-15   8.6000000e-01   8.6000000e-01
   3.0000000e+01   2.8000000e+01   8.1494306e-15   8.5976563e-01   8.5976563e-01
   3.1000000e+01   2.8000000e+01   8.2872040e-15   8.7546875e-01   8.7546875e-01
   3.2000000e+01   2.8000000e+01   8.5260692e-15   8.9835938e-01   8.9835938e-01
   3.3000000e+01   2.8000000e+01   8.6376210e-15   9.1882813e-01   9.1882813e-01
   3.4000000e+01   2.8000000e+01   8.6062123e-15   9.1757813e-01   9.1757813e-01
   3.5000000e+01   2.8000000e+01   8.5088182e-15   9.0148438e-01   9.0148438e-01
   1.0000000e+00   2.9000000e+01   8.6484029e-15   9.2570313e-01   9.2570313e-01
   2.0000000e+00   2.9000000e+01   8.5412403e-15   9.0328125e-01   9.0328125e-01
   3.0000000e+00   2.9000000e+01   8.2955877e-15   8.6859375e-01   8.6859375e-01
   4.0000000e+00   2.9000000e+01   7.9531066e-15   8.3765625e-01   8.3765625e-01
   5.0000000e+00   2.9000000e+01   8.0078019e-15   8.4140625e-01   8.4140625e-01
   6.0000000e+00   2.9000000e+01   8.3245616e-15   8.7820313e-01   8.7820313e-01
   7.0000000e+00   2.9000000e+01   8.5382138e-15   9.0117188e-01   9.0117188e-01
   8.0000000e+00   2.9000000e+01   8.7895548e-15   9.3429688e-01   9.3429688e-01
   9.0000000e+00   2.9000000e+01   8.8212659e-15   9.2976563e-01   9.2976563e-01
   1.0000000e+01   2.9000000e+01   8.6409123e-15   9.1304688e-01   9.1304688e-01
   1.1000000e+01   2.9000000e+01   8.4781982e-15   8.9140625e-01   8.9140625e-01
   1.2000000e+01   2.9000000e+01   8.2075579e-15   8.5992188e-01   8.5992188e-01
   1.3000000e+01   2.9000000e+01   8.0788730e-15   8.5015625e-01   8.5015625e-01
   1.4000000e+01   2.9000000e+01   8.2953640e-15   8.7320313e-01   8.7320313e-01
   1.5000000e+01   2.9000000e+01   8.4676215e-15   8.9773438e-01   8.9773438e-01
   1.6000000e+01   2.9000000e+01   8.6609234e-15   9.1914063e-01   9.1914063e-01
   1.7000000e+01   2.9000000e+01   8.7243062e-15   9.2804688e-01   9.2804688e-01
   1.8000000e+01   2.9000000e+01   8.5619222e-15   9.1390625e-01   9.1390625e-01
   1.9000000e+01   2.9000000e+01   8.3605594e-15   8.8492188e-01   8.8492188e-01
   2.0000000e+01   2.9000000e+01   8.0261304e-15   8.4625000e-01   8.4625000e-01
   2.1000000e+01   2.9000000e+01   7.9337934e-15   8.2929688e-01   8.2929688e-01
   2.2000000e+01   2.9000000e+01   8.1024576e-15   8.5070313e-01   8.5070313e-01
   2.3000000e+01   2.9000000e+01   8.3336999e-15   8.7976563e-01   8.7976563e-01
   2.4000000e+01   2.9000000e+01   8.5389033e-15   9.1789063e-01   9.1789063e-01
   2.5000000e+01   2.9000000e+01   8.7479826e-15   9.3968750e-01   9.3968750e-01
   2.6000000e+01   2.9000000e+01   8.6594728e-15   9.3187500e-01   9.3187500e-01
   2.7000000e+01   2.9000000e+01   8.6159121e-15   9.1492188e-01   9.1492188e-01
   2.8000000e+01   2.9000000e+01   8.3358289e-15   8.7867188e-01   8.7867188e-01
   2.9000000e+01   2.9000000e+01   8.1306560e-15   8.5304688e-01   8.5304688e-01
   3.0000000e+01   2.9000000e+01   8.1662247e-15   8.6039063e-01   8.6039063e-01
   3.1000000e+01   2.9000000e+01   8.2681221e-15   8.7867188e-01   8.7867188e-01
   3.2000000e+01   2.9000000e+01   8.5068179e-15   9.0648438e-01   9.0648438e-01
   3.3000000e+01   2.9000000e+01   8.7542716e-15   9.2703125e-01   9.2703125e-01
   3.4000000e+01   2.9000000e+01   8.6142617e-15   9.2007813e-01   9.2007813e-01
   3.5000000e+01   2.9000000e+01   8.4998433e-15   9.0507813e-01   9.0507813e-01
   1.0000000e+00   3.0000000e+01   8.6872647e-15   9.2960938e-01   9.2960938e-01
   2.0000000e+00   3.0000000e+01   8.4782635e-15   9.0367188e-01   9.0367188e-01
   3.0000000e+00   3.0000000e+01   8.3019723e-15   8.7078125e-01   8.7078125e-01
   4.0000000e+00   3.0000000e+01   7.9895701e-15   8.4234375e-01   8.4234375e-01
   5.0000000e+00   3.0000000e+01   8.0589027e-15   8.4734375e-01   8.4734375e-01
   6.0000000e+00   3.0000000e+01   8.3026822e-15   8.7476563e-01   8.7476563e-01
   7.0000000e+00   3.0000000e+01   8.4349689e-15   8.9601563e-01   8.9601563e-01
   8.0000000e+00   3.0000000e+01   8.6792502e-15   9.2031250e-01   9.2031250e-01
   9.0000000e+00   3.0000000e+01   8.6139555e-15   9.1359375e-01   9.1359375e-01
   1.0000000e+01   3.0000000e+01   8.4514545e-15   8.9773438e-01   8.9773438e-01
   1.1000000e+01   3.0000000e+01   8.2370346e-15   8.7078125e-01   8.7078125e-01
   1.2000000e+01   3.0000000e+01   8.0225980e-15   8.3750000e-01   8.3750000e-01
   1.3000000e+01   3.0000000e+01   8.1218296e-15   8.4578125e-01   8.4578125e-01
   1.4000000e+01   3.0000000e+01   8.3110134e-15   8.7062500e-01   8.7062500e-01
   1.5000000e+01   3.0000000e+01   8.5487491e-15   9.0148438e-01   9.0148438e-01
   1.6000000e+01   3.0000000e+01   8.8148272e-15   9.2960938e-01   9.2960938e-01
   1.7000000e+01   3.0000000e+01   8.7193307e-15   9.3328125e-01   9.3328125e-01
   1.8000000e+01   3.0000000e+01   8.6601064e-15   9.1718750e-01   9.1718750e-01
   1.9000000e+01   3.0000000e+01   8.3464836e-15   8.8445313e-01   8.8445313e-01
   2.0000000e+01   3.0000000e+01   8.0853989e-15   8.4781250e-01   8.4781250e-01
   2.1000000e+01   3.0000000e+01   8.0591756e-15   8.3343750e-01   8.3343750e-01
   2.2000000e+01   3.0000000e+01   8.0748432e-15   8.4539063e-01   8.4539063e-01
   2.3000000e+01   3.0000000e+01   8.4667085e-15   8.8109375e-01   8.8109375e-01
   2.4000000e+01   3.0000000e+01   8.5847062e-15   9.0781250e-01   9.0781250e-01
   2.5000000e+01   3.0000000e+01   8.6932246e-15   9.2593750e-01   9.2593750e-01
   2.6000000e+01   3.0000000e+01   8.6840670e-15   9.2054688e-01   9.2054688e-01
   2.7000000e+01   3.0000000e+01   8.5323351e-15   8.9960938e-01   8.9960938e-01
   2.8000000e+01   3.0000000e+01   8.2419949e-15   8.6343750e-01   8.6343750e-01
   2.9000000e+01   3.0000000e+01   8.1146926e-15   8.4734375e-01   8.4734375e-01
   3.0000000e+01   3.0000000e+01   8.1815577e-15   8.5703125e-01   8.5703125e-01
   3.1000000e+01   3.0000000e+01   8.4142253e-15   8.8171875e-01   8.8171875e-01
   3.2000000e+01   3.0000000e+01   8.6194023e-15   9.0664063e-01   9.0664063e-01
   3.3000000e+01   3.0000000e+01   8.7554785e-15   9.2601563e-01   9.2601563e-01
   3.4000000e+01   3.0000000e+01   8.6914915e-15   9.2265625e-01   9.2265625e-01
   3.5000000e+01   3.0000000e+01   8.4696451e-15   8.9632813e-01   8.9632813e-01
   1.0000000e+00   3.1000000e+01   8.8059863e-15   9.3351563e-01   9.3351563e-01
   2.0000000e+00   3.1000000e+01   8.6712034e-15   9.0984375e-01   9.0984375e-01
   3.0000000e+00   3.1000000e+01   8.3460949e-15   8.7484375e-01   8.7484375e-01
   4.0000000e+00   3.1000000e+01   8.0395702e-15   8.4570313e-01   8.4570313e-01
   5.0000000e+00   3.1000000e+01   8.1272239e-15   8.4890625e-01   8.4890625e-01
   6.0000000e+00   3.1000000e+01   8.3369245e-15   8.7523438e-01   8.7523438e-01
   7.0000000e+00   3.1000000e+01   8.4689580e-15   8.9554688e-01   8.9554688e-01
   8.0000000e+00   3.1000000e+01   8.6918748e-15   9.1203125e-01   9.1203125e-01
   9.0000000e+00   3.1000000e+01   8.5712936e-15   9.1164063e-01   9.1164063e-01
   1.0000000e+01   3.1000000e+01   8.5071591e-15   8.9367188e-01   8.9367188e-01
   1.1000000e+01   3.1000000e+01   8.2076732e-15   8.5820313e-01   8.5820313e-01
   1.2000000e+01   3.1000000e+01   7.9087371e-15   8.2585938e-01   8.2585938e-01
   1.3000000e+01   3.1000000e+01   7.9993718e-15   8.3554688e-01   8.3554688e-01
   1.4000000e+01   3.1000000e+01   8.2469043e-15   8.6484375e-01   8.6484375e-01
   1.5000000e+01   3.1000000e+01   8.4754340e-15   9.0078125e-01   9.0078125e-01
   1.6000000e+01   3.1000000e+01   8.7581146e-15   9.3148438e-01   9.3148438e-01
   1.7000000e+01   3.1000000e+01   8.7556578e-15   9.3578125e-01   9.3578125e-01
   1.8000000e+01   3.1000000e+01   8.6745517e-15   9.1828125e-01   9.1828125e-01
   1.9000000e+01   3.1000000e+01   8.4274201e-15   8.9171875e-01   8.9171875e-01
   2.0000000e+01   3.1000000e+01   8.0398392e-15   8.5359375e-01   8.5359375e-01
   2.1000000e+01   3.1000000e+01   7.9259418e-15   8.3625000e-01   8.3625000e-01
   2.2000000e+01   3.1000000e+01   8.0918820e-15   8.4625000e-01   8.4625000e-01
   2.3000000e+01   3.1000000e+01   8.2889703e-15   8.7921875e-01   8.7921875e-01
   2.4000000e+01   3.1000000e+01   8.5111135e-15   9.0679688e-01   9.0679688e-01
   2.5000000e+01   3.1000000e+01   8.5525310e-15   9.2289063e-01   9.2289063e-01
   2.6000000e+01   3.1000000e+01   8.4203570e-15   9.0703125e-01   9.0703125e-01
   2.7000000e+01   3.1000000e+01   8.3442751e-15   8.8921875e-01   8.8921875e-01
   2.8000000e+01   3.1000000e+01   8.0416585e-15   8.5093750e-01   8.5093750e-01
   2.9000000e+01   3.1000000e+01   7.8328936e-15   8.3539063e-01   8.3539063e-01
   3.0000000e+01   3.1000000e+01   8.0785961e-15   8.5546875e-01   8.5546875e-01
   3.1000000e+01   3.1000000e+01   8.2477547e-15   8.8031250e-01   8.8031250e-01
   3.2000000e+01   3.1000000e+01   8.5603377e-15   9.1312500e-01   9.1312500e-01
   3.3000000e+01   3.1000000e+01   8.7056814e-15   9.3375000e-01   9.3375000e-01
   3.4000000e+01   3.1000000e+01   8.6382441e-15   9.1890625e-01   9.1890625e-01
   3.5000000e+01   3.1000000e+01   8.5024305e-15   9.0312500e-01   9.0312500e-01
   1.0000000e+00   3.2000000e+01   8.8400955e-15   9.3093750e-01   9.3093750e-01
   2.0000000e+00   3.2000000e+01   8.5915449e-15   9.0820313e-01   9.0820313e-01
   3.0000000e+00   3.2000000e+01   8.2764951e-15   8.7335938e-01   8.7335938e-01
   4.0000000e+00   3.2000000e+01   8.1301918e-15   8.4906250e-01   8.4906250e-01
   5.0000000e+00   3.2000000e+01   8.0332398e-15   8.5093750e-01   8.5093750e-01
   6.0000000e+00   3.2000000e+01   8.3077382e-15   8.8007813e-01   8.8007813e-01
   7.0000000e+00   3.2000000e+01   8.4685101e-15   8.9804688e-01   8.9804688e-01
   8.0000000e+00   3.2000000e+01   8.5716765e-15   9.1296875e-01   9.1296875e-01
   9.0000000e+00   3.2000000e+01   8.4956275e-15   9.0718750e-01   9.0718750e-01
   1.0000000e+01   3.2000000e+01   8.3563639e-15   8.8773438e-01   8.8773438e-01
   1.1000000e+01   3.2000000e+01   8.0854419e-15   8.5585938e-01   8.5585938e-01
   1.2000000e+01   3.2000000e+01   7.9206606e-15   8.2671875e-01   8.2671875e-01
   1.3000000e+01   3.2000000e+01   7.9696235e-15   8.3492188e-01   8.3492188e-01
   1.4000000e+01   3.2000000e+01   8.2183986e-15   8.6734375e-01   8.6734375e-01
   1.5000000e+01   3.2000000e+01   8.4873585e-15   9.0234375e-01   9.0234375e-01
   1.6000000e+01   3.2000000e+01   8.8062049e-15   9.3523438e-01   9.3523438e-01
   1.7000000e+01   3.2000000e+01   8.7798598e-15   9.3945313e-01   9.3945313e-01
   1.8000000e+01   3.2000000e+01   8.6664983e-15   9.2289063e-01   9.2289063e-01
   1.9000000e+01   3.2000000e+01   8.4516154e-15   8.9070313e-01   8.9070313e-01
   2.0000000e+01   3.2000000e+01   8.0059994e-15   8.5101563e-01   8.5101563e-01
   2.1000000e+01   3.2000000e+01   7.9381870e-15   8.3898438e-01   8.3898438e-01
   2.2000000e+01   3.2000000e+01   8.0819818e-15   8.5656250e-01   8.5656250e-01
   2.3000000e+01   3.2000000e+01   8.2643965e-15   8.8093750e-01   8.8093750e-01
   2.4000000e+01   3.2000000e+01   8.4065470e-15   9.0421875e-01   9.0421875e-01
   2.5000000e+01   3.2000000e+01   8.5515165e-15   9.1171875e-01   9.1171875e-01
   2.6000000e+01   3.2000000e+01   8.4518133e-15   8.9882813e-01   8.9882813e-01
   2.7000000e+01   3.2000000e+01   8.2024073e-15   8.7914063e-01   8.7914063e-01
   2.8000000e+01   3.2000000e+01   7.8679131e-15   8.3835938e-01   8.3835938e-01
   2.9000000e+01   3.2000000e+01   7.7569051e-15   8.2484375e-01   8.2484375e-01
   3.0000000e+01   3.2000000e+01   8.0076965e-15   8.4835938e-01   8.4835938e-01
   3.1000000e+01   3.2000000e+01   8.2223183e-15   8.7804688e-01   8.7804688e-01
   3.2000000e+01   3.2000000e+01   8.5878854e-15   9.1679688e-01   9.1679688e-01
   3.3000000e+01   3.2000000e+01   8.7277438e-15   9.3625000e-01   9.3625000e-01
   3.4000000e+01   3.2000000e+01   8.6221759e-15   9.2492188e-01   9.2492188e-01
   3.5000000e+01   3.2000000e+01   8.4803524e-15   9.0273438e-01   9.0273438e-01
   1.0000000e+00   3.3000000e+01   8.6065306e-15   9.3359375e-01   9.3359375e-01
   2.0000000e+00   3.3000000e+01   8.4117869e-15   9.0515625e-01   9.0515625e-01
   3.0000000e+00   3.3000000e+01   8.1165763e-15   8.7140625e-01   8.7140625e-01
   4.0000000e+00   3.3000000e+01   7.9424684e-15   8.4890625e-01   8.4890625e-01
   5.0000000e+00   3.3000000e+01   8.0796964e-15   8.5515625e-01   8.5515625e-01
   6.0000000e+00   3.3000000e+01   8.2531991e-15   8.8328125e-01   8.8328125e-01
   7.0000000e+00   3.3000000e+01   8.4703453e-15   8.9976563e-01   8.9976563e-01
   8.0000000e+00   3.3000000e+01   8.4673788e-15   9.1351563e-01   9.1351563e-01
   9.0000000e+00   3.3000000e+01   8.5328075e-15   9.1476563e-01   9.1476563e-01
   1.0000000e+01   3.3000000e+01   8.3173593e-15   8.8382813e-01   8.8382813e-01
   1.1000000e+01   3.3000000e+01   8.0906198e-15   8.5679688e-01   8.5679688e-01
   1.2000000e+01   3.3000000e+01   7.7786353e-15   8.2960938e-01   8.2960938e-01
   1.3000000e+01   3.3000000e+01   7.8931371e-15   8.3796875e-01   8.3796875e-01
   1.4000000e+01   3.3000000e+01   8.2108346e-15   8.6890625e-01   8.6890625e-01
   1.5000000e+01   3.3000000e+01   8.4471635e-15   8.9890625e-01   8.9890625e-01
   1.6000000e+01   3.3000000e+01   8.6949314e-15   9.3523438e-01   9.3523438e-01
   1.7000000e+01   3.3000000e+01   8.7351408e-15   9.4015625e-01   9.4015625e-01
   1.8000000e+01   3.3000000e+01   8.6115191e-15   9.2085938e-01   9.2085938e-01
   1.9000000e+01   3.3000000e+01   8.4097752e-15   8.8695313e-01   8.8695313e-01
   2.0000000e+01   3.3000000e+01   8.0034596e-15   8.5375000e-01   8.5375000e-01
   2.1000000e+01   3.3000000e+01   7.9408792e-15   8.4234375e-01   8.4234375e-01
   2.2000000e+01   3.3000000e+01   7.9828077e-15   8.5265625e-01   8.5265625e-01
   2.3000000e+01   3.3000000e+01   8.2906074e-15   8.8273438e-01   8.8273438e-01
   2.4000000e+01   3.3000000e+01   8.5476512e-15   9.0171875e-01   9.0171875e-01
   2.5000000e+01   3.3000000e+01   8.5588155e-15   9.1429688e-01   9.1429688e-01
   2.6000000e+01   3.3000000e+01   8.5314874e-15   8.9859375e-01   8.9859375e-01
   2.7000000e+01   3.3000000e+01   8.1214454e-15   8.6898438e-01   8.6898438e-01
   2.8000000e+01   3.3000000e+01   7.8442861e-15   8.3429688e-01   8.3429688e-01
   2.9000000e+01   3.3000000e+01   7.7387550e-15   8.2156250e-01   8.2156250e-01
   3.0000000e+01   3.3000000e+01   7.9075637e-15   8.4578125e-01   8.4578125e-01
   3.1000000e+01   3.3000000e+01   8.1953288e-15   8.7695313e-01   8.7695313e-01
   3.2000000e+01   3.3000000e+01   8.4940737e-15   9.1406250e-01   9.1406250e-01
   3.3000000e+01   3.3000000e+01   8.7545068e-15   9.3664063e-01   9.3664063e-01
   3.4000000e+01   3.3000000e+01   8.6374006e-15   9.3000000e-01   9.3000000e-01
   3.5000000e+01   3.3000000e+01   8.4287636e-15   9.0570313e-01   9.0570313e-01
   1.0000000e+00   3.4000000e+01   8.7176694e-15   9.3203125e-01   9.3203125e-01
   2.0000000e+00   3.4000000e+01   8.4652759e-15   9.0335938e-01   9.0335938e-01
   3.0000000e+00   3.4000000e+01   8.2063502e-15   8.6945313e-01   8.6945313e-01
   4.0000000e+00   3.4000000e+01   8.0419175e-15   8.5031250e-01   8.5031250e-01
   5.0000000e+00   3.4000000e+01   8.1897616e-15   8.6382813e-01   8.6382813e-01
   6.0000000e+00   3.4000000e+01   8.3709339e-15   8.9187500e-01   8.9187500e-01
   7.0000000e+00   3.4000000e+01   8.4508681e-15   9.1000000e-01   9.1000000e-01
   8.0000000e+00   3.4000000e+01   8.6436453e-15   9.1601563e-01   9.1601563e-01
   9.0000000e+00   3.4000000e+01   8.5818439e-15   9.1085938e-01   9.1085938e-01
   1.0000000e+01   3.4000000e+01   8.3880473e-15   8.8203125e-01   8.8203125e-01
   1.1000000e+01   3.4000000e+01   8.1351967e-15   8.4937500e-01   8.4937500e-01
   1.2000000e+01   3.4000000e+01   7.9823797e-15   8.3023438e-01   8.3023438e-01
   1.3000000e+01   3.4000000e+01   8.1241951e-15   8.4937500e-01   8.4937500e-01
   1.4000000e+01   3.4000000e+01   8.2758596e-15   8.8109375e-01   8.8109375e-01
   1.5000000e+01   3.4000000e+01   8.7326991e-15   9.1093750e-01   9.1093750e-01
   1.6000000e+01   3.4000000e+01   8.7882269e-15   9.3554688e-01   9.3554688e-01
   1.7000000e+01   3.4000000e+01   8.7324361e-15   9.3265625e-01   9.3265625e-01
   1.8000000e+01   3.4000000e+01   8.5821992e-15   9.1851563e-01   9.1851563e-01
   1.9000000e+01   3.4000000e+01   8.3490334e-15   8.8585938e-01   8.8585938e-01
   2.0000000e+01   3.4000000e+01   8.1999349e-15   8.5210938e-01   8.5210938e-01
   2.1000000e+01   3.4000000e+01   7.9785512e-15   8.3960938e-01   8.3960938e-01
   2.2000000e+01   3.4000000e+01   8.1990168e-15   8.6070313e-01   8.6070313e-01
   2.3000000e+01   3.4000000e+01   8.4439614e-15   8.8781250e-01   8.8781250e-01
   2.4000000e+01   3.4000000e+01   8.5143127e-15   9.0078125e-01   9.0078125e-01
   2.5000000e+01   3.4000000e+01   8.6464000e-15   9.1828125e-01   9.1828125e-01
   2.6000000e+01   3.4000000e+01   8.3605349e-15   8.9617188e-01   8.9617188e-01
   2.7000000e+01   3.4000000e+01   8.1575880e-15   8.6898438e-01   8.6898438e-01
   2.8000000e+01   3.4000000e+01   7.9103925e-15   8.3265625e-01   8.3265625e-01
   2.9000000e+01   3.4000000e+01   7.7931586e-15   8.2640625e-01   8.2640625e-01
   3.0000000e+01   3.4000000e+01   8.0753799e-15   8.5656250e-01   8.5656250e-01
   3.1000000e+01   3.4000000e+01   8.2833980e-15   8.8226563e-01   8.8226563e-01
   3.2000000e+01   3.4000000e+01   8.6465768e-15   9.2312500e-01   9.2312500e-01
   3.3000000e+01   3.4000000e+01   8.8192244e-15   9.3460938e-01   9.3460938e-01
   3.4000000e+01   3.4000000e+01   8.7421852e-15   9.2593750e-01   9.2593750e-01
   3.5000000e+01   3.4000000e+01   8.4071575e-15   9.0015625e-01   9.0015625e-01
   1.0000000e+00   3.5000000e+01   8.7358671e-15   9.2945313e-01   9.2945313e-01
   2.0000000e+00   3.5000000e+01   8.4125968e-15   9.0031250e-01   9.0031250e-01
   3.0000000e+00   3.5000000e+01   8.2409433e-15   8.7289063e-01   8.7289063e-01
   4.0000000e+00   3.5000000e+01   8.0847173e-15   8.5226563e-01   8.5226563e-01
   5.0000000e+00   3.5000000e+01   8.0005945e-15   8.6445313e-01   8.6445313e-01
   6.0000000e+00   3.5000000e+01   8.3683856e-15   8.9500000e-01   8.9500000e-01
   7.0000000e+00   3.5000000e+01   8.6096824e-15   9.1890625e-01   9.1890625e-01
   8.0000000e+00   3.5000000e+01   8.5050638e-15   9.2117188e-01   9.2117188e-01
   9.0000000e+00   3.5000000e+01   8.5452858e-15   9.1054688e-01   9.1054688e-01
   1.0000000e+01   3.5000000e+01   8.1478414e-15   8.7882813e-01   8.7882813e-01
   1.1000000e+01   3.5000000e+01   8.0676176e-15   8.4953125e-01   8.4953125e-01
   1.2000000e+01   3.5000000e+01   7.8482655e-15   8.3429688e-01   8.3429688e-01
   1.3000000e+01   3.5000000e+01   7.9060210e-15   8.4679688e-01   8.4679688e-01
   1.4000000e+01   3.5000000e+01   8.0968086e-15   8.8390625e-01   8.8390625e-01
   1.5000000e+01   3.5000000e+01   8.3926836e-15   9.0960938e-01   9.0960938e-01
   1.6000000e+01   3.5000000e+01   8.7164258e-15   9.3921875e-01   9.3921875e-01
   1.7000000e+01   3.5000000e+01   8.6947096e-15   9.3523438e-01   9.3523438e-01
   1.8000000e+01   3.5000000e+01   8.4770995e-15   9.1656250e-01   9.1656250e-01
   1.9000000e+01   3.5000000e+01   8.3017068e-15   8.8320313e-01   8.8320313e-01
   2.0000000e+01   3.5000000e+01   8.0102972e-15   8.5015625e-01   8.5015625e-01
   2.1000000e+01   3.5000000e+01   8.0266146e-15   8.4882813e-01   8.4882813e-01
   2.2000000e+01   3.5000000e+01   8.1047619e-15   8.6906250e-01   8.6906250e-01
   2.3000000e+01   3.5000000e+01   8.3214235e-15   8.9203125e-01   8.9203125e-01
   2.4000000e+01   3.5000000e+01   8.3913627e-15   9.0375000e-01   9.0375000e-01
   2.5000000e+01   3.5000000e+01   8.4666384e-15   9.1289063e-01   9.1289063e-01
   2.6000000e+01   3.5000000e+01   8.3369075e-15   8.9671875e-01   8.9671875e-01
   2.7000000e+01   3.5000000e+01   8.1429431e-15   8.6937500e-01   8.6937500e-01
   2.8000000e+01   3.5000000e+01   7.8313385e-15   8.3382813e-01   8.3382813e-01
   2.9000000e+01   3.5000000e+01   7.8199809e-15   8.2921875e-01   8.2921875e-01
   3.0000000e+01   3.5000000e+01   8.0832835e-15   8.5539063e-01   8.5539063e-01
   3.1000000e+01   3.5000000e+01   8.3661457e-15   8.8109375e-01   8.8109375e-01
   3.2000000e+01   3.5000000e+01   8.6667078e-15   9.2687500e-01   9.2687500e-01
   3.3000000e+01   3.5000000e+01   8.7302941e-15   9.3718750e-01   9.3718750e-01
   3.4000000e+01   3.5000000e+01   8.5788962e-15   9.2500000e-01   9.2500000e-01
   3.5000000e+01   3.5000000e+01   8.3649470e-15   9.0039063e-01   9.0039063e-01
