   1.0000000e+00   1.0000000e+00   5.0671144e-16   7.1031250e-02   7.1031250e-02
   2.0000000e+00   1.0000000e+00   4.6683551e-16   6.6468750e-02   6.6468750e-02
   3.0000000e+00   1.0000000e+00   4.2025983e-16   6.0250000e-02   6.0250000e-02
   4.0000000e+00   1.0000000e+00   3.9924418e-16   5.7500000e-02   5.7500000e-02
   5.0000000e+00   1.0000000e+00   4.7488073e-16   5.8343750e-02   5.8343750e-02
   6.0000000e+00   1.0000000e+00   4.7790575e-16   6.1187500e-02   6.1187500e-02
   7.0000000e+00   1.0000000e+00   5.1435713e-16   6.8062500e-02   6.8062500e-02
   8.0000000e+00   1.0000000e+00   4.7682153e-16   7.2250000e-02   7.2250000e-02
   9.0000000e+00   1.0000000e+00   5.3829676e-16   8.0468750e-02   8.0468750e-02
   1.0000000e+01   1.0000000e+00   5.9139379e-16   8.7906250e-02   8.7906250e-02
   1.1000000e+01   1.0000000e+00   5.7378403e-16   9.0593750e-02   9.0593750e-02
   1.2000000e+01   1.0000000e+00   6.6622679e-16   9.5718750e-02   9.5718750e-02
   1.3000000e+01   1.0000000e+00   5.8140769e-16   9.1187500e-02   9.1187500e-02
   1.4000000e+01   1.0000000e+00   6.2902396e-16   9.2281250e-02   9.2281250e-02
   1.5000000e+01   1.0000000e+00   6.6130594e-16   9.2218750e-02   9.2218750e-02
   1.6000000e+01   1.0000000e+00   6.1592310e-16   8.1093750e-02   8.1093750e-02
   1.7000000e+01   1.0000000e+00   5.7282838e-16   7.7531250e-02   7.7531250e-02
   1.8000000e+01   1.0000000e+00   5.2145901e-16   6.8375000e-02   6.8375000e-02
   1.9000000e+01   1.0000000e+00   5.0264156e-16   6.6437500e-02   6.6437500e-02
   2.0000000e+01   1.0000000e+00   4.4496286e-16   6.0781250e-02   6.0781250e-02
   2.1000000e+01   1.0000000e+00   4.5717826e-16   5.9531250e-02   5.9531250e-02
   2.2000000e+01   1.0000000e+00   4.6167257e-16   6.0312500e-02   6.0312500e-02
   2.3000000e+01   1.0000000e+00   4.6060428e-16   6.4281250e-02   6.4281250e-02
   2.4000000e+01   1.0000000e+00   5.3095531e-16   6.9718750e-02   6.9718750e-02
   2.5000000e+01   1.0000000e+00   5.6111652e-16   7.7312500e-02   7.7312500e-02
   2.6000000e+01   1.0000000e+00   5.4337879e-16   7.9750000e-02   7.9750000e-02
   2.7000000e+01   1.0000000e+00   6.2036338e-16   8.7562500e-02   8.7562500e-02
   2.8000000e+01   1.0000000e+00   5.4865306e-16   8.6281250e-02   8.6281250e-02
   2.9000000e+01   1.0000000e+00   6.1067722e-16   8.9687500e-02   8.9687500e-02
   3.0000000e+01   1.0000000e+00   6.5196957e-16   8.7500000e-02   8.7500000e-02
   3.1000000e+01   1.0000000e+00   6.2406462e-16   8.3156250e-02   8.3156250e-02
   3.2000000e+01   1.0000000e+00   6.3794668e-16   7.9937500e-02   7.9937500e-02
   3.3000000e+01   1.0000000e+00   6.6163824e-16   7.3531250e-02   7.3531250e-02
   3.4000000e+01   1.0000000e+00   4.2746984e-16   6.7093750e-02   6.7093750e-02
   3.5000000e+01   1.0000000e+00   4.7881821e-16   6.1750000e-02   6.1750000e-02
   1.0000000e+00   2.0000000e+00   6.1564888e-16   8.0000000e-02   8.0000000e-02
   2.0000000e+00   2.0000000e+00   4.9430985e-16   6.7843750e-02   6.7843750e-02
   3.0000000e+00   2.0000000e+00   4.5050530e-16   6.5625000e-02   6.5625000e-02
   4.0000000e+00   2.0000000e+00   4.0000192e-16   5.7000000e-02   5.7000000e-02
   5.0000000e+00   2.0000000e+00   4.7777065e-16   6.1687500e-02   6.1687500e-02
   6.0000000e+00   2.0000000e+00   5.2205914e-16   6.9906250e-02   6.9906250e-02
   7.0000000e+00   2.0000000e+00   5.4712288e-16   7.2218750e-02   7.2218750e-02
   8.0000000e+00   2.0000000e+00   6.3400722e-16   8.0406250e-02   8.0406250e-02
   9.0000000e+00   2.0000000e+00   6.2121788e-16   8.6500000e-02   8.6500000e-02
   1.0000000e+01   2.0000000e+00   6.8593875e-16   9.2218750e-02   9.2218750e-02
   1.1000000e+01   2.0000000e+00   6.3276089e-16   9.7500000e-02   9.7500000e-02
   1.2000000e+01   2.0000000e+00   6.0786728e-16   9.9125000e-02   9.9125000e-02
   1.3000000e+01   2.0000000e+00   7.5484495e-16   9.9031250e-02   9.9031250e-02
   1.4000000e+01   2.0000000e+00   7.1050964e-16   1.0056250e-01   1.0056250e-01
   1.5000000e+01   2.0000000e+00   6.4685108e-16   1.0000000e-01   1.0000000e-01
   1.6000000e+01   2.0000000e+00   6.2305532e-16   9.2937500e-02   9.2937500e-02
   1.7000000e+01   2.0000000e+00   6.0535615e-16   8.4500000e-02   8.4500000e-02
   1.8000000e+01   2.0000000e+00   5.8647202e-16   7.6500000e-02   7.6500000e-02
   1.9000000e+01   2.0000000e+00   4.7417688e-16   6.8406250e-02   6.8406250e-02
   2.0000000e+01   2.0000000e+00   4.3489760e-16   6.1375000e-02   6.1375000e-02
   2.1000000e+01   2.0000000e+00   5.1964304e-16   5.8656250e-02   5.8656250e-02
   2.2000000e+01   2.0000000e+00   4.1705742e-16   6.1343750e-02   6.1343750e-02
   2.3000000e+01   2.0000000e+00   4.6661957e-16   6.8125000e-02   6.8125000e-02
   2.4000000e+01   2.0000000e+00   5.6865181e-16   7.5218750e-02   7.5218750e-02
   2.5000000e+01   2.0000000e+00   5.1708037e-16   7.6968750e-02   7.6968750e-02
   2.6000000e+01   2.0000000e+00   5.7684100e-16   8.3906250e-02   8.3906250e-02
   2.7000000e+01   2.0000000e+00   6.3146322e-16   9.2187500e-02   9.2187500e-02
   2.8000000e+01   2.0000000e+00   7.4989941e-16   9.5781250e-02   9.5781250e-02
   2.9000000e+01   2.0000000e+00   7.3598198e-16   9.7062500e-02   9.7062500e-02
   3.0000000e+01   2.0000000e+00   7.0189475e-16   9.6187500e-02   9.6187500e-02
   3.1000000e+01   2.0000000e+00   6.5884892e-16   9.7406250e-02   9.7406250e-02
   3.2000000e+01   2.0000000e+00   6.4202078e-16   9.5593750e-02   9.5593750e-02
   3.3000000e+01   2.0000000e+00   6.2279215e-16   8.1343750e-02   8.1343750e-02
   3.4000000e+01   2.0000000e+00   5.7506167e-16   7.9000000e-02   7.9000000e-02
   3.5000000e+01   2.0000000e+00   4.7925620e-16   6.9937500e-02   6.9937500e-02
   1.0000000e+00   3.0000000e+00   5.7664656e-16   8.8656250e-02   8.8656250e-02
   2.0000000e+00   3.0000000e+00   5.7863774e-16   7.7375000e-02   7.7375000e-02
   3.0000000e+00   3.0000000e+00   4.6281905e-16   6.9625000e-02   6.9625000e-02
   4.0000000e+00   3.0000000e+00   3.9664097e-16   6.2375000e-02   6.2375000e-02
   5.0000000e+00   3.0000000e+00   4.9675726e-16   6.5156250e-02   6.5156250e-02
   6.0000000e+00   3.0000000e+00   5.1187442e-16   7.2406250e-02   7.2406250e-02
   7.0000000e+00   3.0000000e+00   4.8591866e-16   7.4250000e-02   7.4250000e-02
   8.0000000e+00   3.0000000e+00   5.4873580e-16   8.5687500e-02   8.5687500e-02
   9.0000000e+00   3.0000000e+00   5.5943052e-16   9.0156250e-02   9.0156250e-02
   1.0000000e+01   3.0000000e+00   7.2959119e-16   9.9781250e-02   9.9781250e-02
   1.1000000e+01   3.0000000e+00   7.4361111e-16   1.0515625e-01   1.0515625e-01
   1.2000000e+01   3.0000000e+00   7.0864941e-16   1.0712500e-01   1.0712500e-01
   1.3000000e+01   3.0000000e+00   7.3639505e-16   1.0950000e-01   1.0950000e-01
   1.4000000e+01   3.0000000e+00   7.2261094e-16   1.0621875e-01   1.0621875e-01
   1.5000000e+01   3.0000000e+00   7.2127582e-16   1.0337500e-01   1.0337500e-01
   1.6000000e+01   3.0000000e+00   6.6208484e-16   9.8781250e-02   9.8781250e-02
   1.7000000e+01   3.0000000e+00   6.3686027e-16   9.3062500e-02   9.3062500e-02
   1.8000000e+01   3.0000000e+00   6.2403763e-16   8.2093750e-02   8.2093750e-02
   1.9000000e+01   3.0000000e+00   4.8842348e-16   7.4750000e-02   7.4750000e-02
   2.0000000e+01   3.0000000e+00   4.7230577e-16   6.4843750e-02   6.4843750e-02
   2.1000000e+01   3.0000000e+00   4.4317962e-16   6.3062500e-02   6.3062500e-02
   2.2000000e+01   3.0000000e+00   4.8991865e-16   6.3625000e-02   6.3625000e-02
   2.3000000e+01   3.0000000e+00   5.3937138e-16   7.2375000e-02   7.2375000e-02
   2.4000000e+01   3.0000000e+00   5.7371283e-16   7.8093750e-02   7.8093750e-02
   2.5000000e+01   3.0000000e+00   5.5651655e-16   8.1562500e-02   8.1562500e-02
   2.6000000e+01   3.0000000e+00   6.9373303e-16   9.3656250e-02   9.3656250e-02
   2.7000000e+01   3.0000000e+00   6.9823023e-16   1.0000000e-01   1.0000000e-01
   2.8000000e+01   3.0000000e+00   6.8843518e-16   1.0331250e-01   1.0331250e-01
   2.9000000e+01   3.0000000e+00   7.1768550e-16   1.0893750e-01   1.0893750e-01
   3.0000000e+01   3.0000000e+00   6.6520687e-16   1.0468750e-01   1.0468750e-01
   3.1000000e+01   3.0000000e+00   7.4142695e-16   1.0509375e-01   1.0509375e-01
   3.2000000e+01   3.0000000e+00   7.4223369e-16   1.0309375e-01   1.0309375e-01
   3.3000000e+01   3.0000000e+00   6.3202960e-16   9.2781250e-02   9.2781250e-02
   3.4000000e+01   3.0000000e+00   5.5756547e-16   8.6843750e-02   8.6843750e-02
   3.5000000e+01   3.0000000e+00   4.6509885e-16   7.5281250e-02   7.5281250e-02
   1.0000000e+00   4.0000000e+00   6.8528949e-16   8.8625000e-02   8.8625000e-02
   2.0000000e+00   4.0000000e+00   5.6144447e-16   8.0656250e-02   8.0656250e-02
   3.0000000e+00   4.0000000e+00   5.5262829e-16   7.5343750e-02   7.5343750e-02
   4.0000000e+00   4.0000000e+00   5.0652869e-16   6.8000000e-02   6.8000000e-02
   5.0000000e+00   4.0000000e+00   5.2869905e-16   6.9406250e-02   6.9406250e-02
   6.0000000e+00   4.0000000e+00   6.0160708e-16   7.6093750e-02   7.6093750e-02
   7.0000000e+00   4.0000000e+00   6.3071237e-16   7.9531250e-02   7.9531250e-02
   8.0000000e+00   4.0000000e+00   6.9616734e-16   9.3500000e-02   9.3500000e-02
   9.0000000e+00   4.0000000e+00   6.4364551e-16   9.6718750e-02   9.6718750e-02
   1.0000000e+01   4.0000000e+00   7.5494100e-16   1.0837500e-01   1.0837500e-01
   1.1000000e+01   4.0000000e+00   7.3136613e-16   1.1393750e-01   1.1393750e-01
   1.2000000e+01   4.0000000e+00   7.1428455e-16   1.1700000e-01   1.1700000e-01
   1.3000000e+01   4.0000000e+00   7.7021016e-16   1.2037500e-01   1.2037500e-01
   1.4000000e+01   4.0000000e+00   7.9775679e-16   1.1987500e-01   1.1987500e-01
   1.5000000e+01   4.0000000e+00   6.6015910e-16   1.1071875e-01   1.1071875e-01
   1.6000000e+01   4.0000000e+00   7.4846592e-16   1.0600000e-01   1.0600000e-01
   1.7000000e+01   4.0000000e+00   6.3772310e-16   9.6062500e-02   9.6062500e-02
   1.8000000e+01   4.0000000e+00   6.2671292e-16   8.7031250e-02   8.7031250e-02
   1.9000000e+01   4.0000000e+00   5.4223200e-16   7.8656250e-02   7.8656250e-02
   2.0000000e+01   4.0000000e+00   5.3034923e-16   6.9218750e-02   6.9218750e-02
   2.1000000e+01   4.0000000e+00   5.0370779e-16   6.8843750e-02   6.8843750e-02
   2.2000000e+01   4.0000000e+00   4.7353239e-16   6.7781250e-02   6.7781250e-02
   2.3000000e+01   4.0000000e+00   5.2493498e-16   7.2875000e-02   7.2875000e-02
   2.4000000e+01   4.0000000e+00   6.4335778e-16   8.2500000e-02   8.2500000e-02
   2.5000000e+01   4.0000000e+00   6.2505541e-16   9.1781250e-02   9.1781250e-02
   2.6000000e+01   4.0000000e+00   6.2839274e-16   9.8468750e-02   9.8468750e-02
   2.7000000e+01   4.0000000e+00   8.0371649e-16   1.0425000e-01   1.0425000e-01
   2.8000000e+01   4.0000000e+00   7.0258826e-16   1.1200000e-01   1.1200000e-01
   2.9000000e+01   4.0000000e+00   6.7434940e-16   1.1328125e-01   1.1328125e-01
   3.0000000e+01   4.0000000e+00   7.7252276e-16   1.1762500e-01   1.1762500e-01
   3.1000000e+01   4.0000000e+00   7.0432720e-16   1.1281250e-01   1.1281250e-01
   3.2000000e+01   4.0000000e+00   7.5876751e-16   1.0768750e-01   1.0768750e-01
   3.3000000e+01   4.0000000e+00   7.2895251e-16   1.0112500e-01   1.0112500e-01
   3.4000000e+01   4.0000000e+00   6.5262704e-16   8.9750000e-02   8.9750000e-02
   3.5000000e+01   4.0000000e+00   5.8287614e-16   8.0562500e-02   8.0562500e-02
   1.0000000e+00   5.0000000e+00   6.8061999e-16   9.3281250e-02   9.3281250e-02
   2.0000000e+00   5.0000000e+00   5.7092963e-16   8.3406250e-02   8.3406250e-02
   3.0000000e+00   5.0000000e+00   5.1887131e-16   7.7968750e-02   7.7968750e-02
   4.0000000e+00   5.0000000e+00   5.3544234e-16   7.4156250e-02   7.4156250e-02
   5.0000000e+00   5.0000000e+00   5.1756902e-16   6.9812500e-02   6.9812500e-02
   6.0000000e+00   5.0000000e+00   5.3302406e-16   7.4531250e-02   7.4531250e-02
   7.0000000e+00   5.0000000e+00   5.8528006e-16   8.6343750e-02   8.6343750e-02
   8.0000000e+00   5.0000000e+00   5.7466995e-16   9.2125000e-02   9.2125000e-02
   9.0000000e+00   5.0000000e+00   7.6611315e-16   1.0312500e-01   1.0312500e-01
   1.0000000e+01   5.0000000e+00   7.2224557e-16   1.1050000e-01   1.1050000e-01
   1.1000000e+01   5.0000000e+00   9.0421800e-16   1.2206250e-01   1.2206250e-01
   1.2000000e+01   5.0000000e+00   8.7057082e-16   1.2375000e-01   1.2375000e-01
   1.3000000e+01   5.0000000e+00   8.7268135e-16   1.2131250e-01   1.2131250e-01
   1.4000000e+01   5.0000000e+00   8.8179896e-16   1.2118750e-01   1.2118750e-01
   1.5000000e+01   5.0000000e+00   7.8585328e-16   1.1753125e-01   1.1753125e-01
   1.6000000e+01   5.0000000e+00   7.5047394e-16   1.1234375e-01   1.1234375e-01
   1.7000000e+01   5.0000000e+00   7.2625248e-16   1.0487500e-01   1.0487500e-01
   1.8000000e+01   5.0000000e+00   7.0444522e-16   9.4468750e-02   9.4468750e-02
   1.9000000e+01   5.0000000e+00   6.7117295e-16   8.3312500e-02   8.3312500e-02
   2.0000000e+01   5.0000000e+00   6.0836869e-16   7.4968750e-02   7.4968750e-02
   2.1000000e+01   5.0000000e+00   5.7079952e-16   6.9968750e-02   6.9968750e-02
   2.2000000e+01   5.0000000e+00   5.4302935e-16   7.1000000e-02   7.1000000e-02
   2.3000000e+01   5.0000000e+00   5.0957358e-16   7.6062500e-02   7.6062500e-02
   2.4000000e+01   5.0000000e+00   6.3092862e-16   8.5375000e-02   8.5375000e-02
   2.5000000e+01   5.0000000e+00   6.5345575e-16   9.7562500e-02   9.7562500e-02
   2.6000000e+01   5.0000000e+00   6.8231401e-16   1.0403125e-01   1.0403125e-01
   2.7000000e+01   5.0000000e+00   8.3595648e-16   1.1306250e-01   1.1306250e-01
   2.8000000e+01   5.0000000e+00   9.0422920e-16   1.1865625e-01   1.1865625e-01
   2.9000000e+01   5.0000000e+00   9.0482756e-16   1.2165625e-01   1.2165625e-01
   3.0000000e+01   5.0000000e+00   9.2149314e-16   1.2178125e-01   1.2178125e-01
   3.1000000e+01   5.0000000e+00   9.0706038e-16   1.1771875e-01   1.1771875e-01
   3.2000000e+01   5.0000000e+00   8.4633187e-16   1.1421875e-01   1.1421875e-01
   3.3000000e+01   5.0000000e+00   7.2286110e-16   1.0318750e-01   1.0318750e-01
   3.4000000e+01   5.0000000e+00   6.6378384e-16   9.5906250e-02   9.5906250e-02
   3.5000000e+01   5.0000000e+00   5.9924868e-16   8.5625000e-02   8.5625000e-02
   1.0000000e+00   6.0000000e+00   6.6088937e-16   9.6937500e-02   9.6937500e-02
   2.0000000e+00   6.0000000e+00   5.3155992e-16   8.4843750e-02   8.4843750e-02
   3.0000000e+00   6.0000000e+00   5.1687623e-16   7.5468750e-02   7.5468750e-02
   4.0000000e+00   6.0000000e+00   4.9427591e-16   7.0156250e-02   7.0156250e-02
   5.0000000e+00   6.0000000e+00   5.4579302e-16   7.3281250e-02   7.3281250e-02
   6.0000000e+00   6.0000000e+00   5.6064551e-16   7.7781250e-02   7.7781250e-02
   7.0000000e+00   6.0000000e+00   5.3720786e-16   8.4781250e-02   8.4781250e-02
   8.0000000e+00   6.0000000e+00   6.6927821e-16   9.6718750e-02   9.6718750e-02
   9.0000000e+00   6.0000000e+00   6.8641808e-16   1.0362500e-01   1.0362500e-01
   1.0000000e+01   6.0000000e+00   7.8754836e-16   1.1100000e-01   1.1100000e-01
   1.1000000e+01   6.0000000e+00   8.2325164e-16   1.1953125e-01   1.1953125e-01
   1.2000000e+01   6.0000000e+00   7.3487135e-16   1.2190625e-01   1.2190625e-01
   1.3000000e+01   6.0000000e+00   8.0322277e-16   1.2203125e-01   1.2203125e-01
   1.4000000e+01   6.0000000e+00   8.1011385e-16   1.2478125e-01   1.2478125e-01
   1.5000000e+01   6.0000000e+00   7.5133867e-16   1.2096875e-01   1.2096875e-01
   1.6000000e+01   6.0000000e+00   7.1715922e-16   1.1387500e-01   1.1387500e-01
   1.7000000e+01   6.0000000e+00   6.8295889e-16   1.0484375e-01   1.0484375e-01
   1.8000000e+01   6.0000000e+00   6.8354240e-16   9.5875000e-02   9.5875000e-02
   1.9000000e+01   6.0000000e+00   6.2894540e-16   8.6687500e-02   8.6687500e-02
   2.0000000e+01   6.0000000e+00   5.0524010e-16   7.4750000e-02   7.4750000e-02
   2.1000000e+01   6.0000000e+00   6.1179438e-16   7.3906250e-02   7.3906250e-02
   2.2000000e+01   6.0000000e+00   5.5995493e-16   7.2437500e-02   7.2437500e-02
   2.3000000e+01   6.0000000e+00   5.7679808e-16   8.0250000e-02   8.0250000e-02
   2.4000000e+01   6.0000000e+00   5.9069883e-16   8.7687500e-02   8.7687500e-02
   2.5000000e+01   6.0000000e+00   7.2290360e-16   9.7281250e-02   9.7281250e-02
   2.6000000e+01   6.0000000e+00   7.0854749e-16   1.0553125e-01   1.0553125e-01
   2.7000000e+01   6.0000000e+00   8.3114500e-16   1.1990625e-01   1.1990625e-01
   2.8000000e+01   6.0000000e+00   8.2065314e-16   1.2712500e-01   1.2712500e-01
   2.9000000e+01   6.0000000e+00   8.7124617e-16   1.2659375e-01   1.2659375e-01
   3.0000000e+01   6.0000000e+00   7.9806161e-16   1.2356250e-01   1.2356250e-01
   3.1000000e+01   6.0000000e+00   7.5509293e-16   1.2228125e-01   1.2228125e-01
   3.2000000e+01   6.0000000e+00   8.1254175e-16   1.2162500e-01   1.2162500e-01
   3.3000000e+01   6.0000000e+00   7.7144200e-16   1.1165625e-01   1.1165625e-01
   3.4000000e+01   6.0000000e+00   7.1528607e-16   1.0215625e-01   1.0215625e-01
   3.5000000e+01   6.0000000e+00   6.5236623e-16   8.7656250e-02   8.7656250e-02
   1.0000000e+00   7.0000000e+00   7.0830624e-16   9.7187500e-02   9.7187500e-02
   2.0000000e+00   7.0000000e+00   6.3930727e-16   8.6937500e-02   8.6937500e-02
   3.0000000e+00   7.0000000e+00   5.9566774e-16   8.1250000e-02   8.1250000e-02
   4.0000000e+00   7.0000000e+00   4.7393585e-16   7.2718750e-02   7.2718750e-02
   5.0000000e+00   7.0000000e+00   4.8478713e-16   7.1625000e-02   7.1625000e-02
   6.0000000e+00   7.0000000e+00   5.0864343e-16   7.4906250e-02   7.4906250e-02
   7.0000000e+00   7.0000000e+00   5.7130920e-16   8.4093750e-02   8.4093750e-02
   8.0000000e+00   7.0000000e+00   6.8736636e-16   9.3062500e-02   9.3062500e-02
   9.0000000e+00   7.0000000e+00   7.1374622e-16   1.0021875e-01   1.0021875e-01
   1.0000000e+01   7.0000000e+00   8.1061036e-16   1.0503125e-01   1.0503125e-01
   1.1000000e+01   7.0000000e+00   9.4180736e-16   1.1637500e-01   1.1637500e-01
   1.2000000e+01   7.0000000e+00   8.1248480e-16   1.1556250e-01   1.1556250e-01
   1.3000000e+01   7.0000000e+00   7.5226287e-16   1.1690625e-01   1.1690625e-01
   1.4000000e+01   7.0000000e+00   7.8533501e-16   1.1975000e-01   1.1975000e-01
   1.5000000e+01   7.0000000e+00   8.2092349e-16   1.2393750e-01   1.2393750e-01
   1.6000000e+01   7.0000000e+00   7.5017894e-16   1.1665625e-01   1.1665625e-01
   1.7000000e+01   7.0000000e+00   6.9572511e-16   1.0687500e-01   1.0687500e-01
   1.8000000e+01   7.0000000e+00   6.7081296e-16   9.6312500e-02   9.6312500e-02
   1.9000000e+01   7.0000000e+00   5.7976156e-16   8.7000000e-02   8.7000000e-02
   2.0000000e+01   7.0000000e+00   5.0711632e-16   7.6312500e-02   7.6312500e-02
   2.1000000e+01   7.0000000e+00   5.1692503e-16   7.2156250e-02   7.2156250e-02
   2.2000000e+01   7.0000000e+00   4.6676984e-16   7.1562500e-02   7.1562500e-02
   2.3000000e+01   7.0000000e+00   5.4381200e-16   7.7968750e-02   7.7968750e-02
   2.4000000e+01   7.0000000e+00   6.5890806e-16   8.7062500e-02   8.7062500e-02
   2.5000000e+01   7.0000000e+00   6.6987385e-16   1.0015625e-01   1.0015625e-01
   2.6000000e+01   7.0000000e+00   7.1339477e-16   1.0715625e-01   1.0715625e-01
   2.7000000e+01   7.0000000e+00   7.2639742e-16   1.1271875e-01   1.1271875e-01
   2.8000000e+01   7.0000000e+00   8.6525932e-16   1.2271875e-01   1.2271875e-01
   2.9000000e+01   7.0000000e+00   8.7422099e-16   1.1878125e-01   1.1878125e-01
   3.0000000e+01   7.0000000e+00   7.9132069e-16   1.1793750e-01   1.1793750e-01
   3.1000000e+01   7.0000000e+00   8.7095901e-16   1.2540625e-01   1.2540625e-01
   3.2000000e+01   7.0000000e+00   8.5063338e-16   1.2418750e-01   1.2418750e-01
   3.3000000e+01   7.0000000e+00   7.2467126e-16   1.1490625e-01   1.1490625e-01
   3.4000000e+01   7.0000000e+00   7.0974227e-16   1.0456250e-01   1.0456250e-01
   3.5000000e+01   7.0000000e+00   5.9965947e-16   9.2593750e-02   9.2593750e-02
   1.0000000e+00   8.0000000e+00   6.5067951e-16   1.0059375e-01   1.0059375e-01
   2.0000000e+00   8.0000000e+00   6.2717549e-16   9.1406250e-02   9.1406250e-02
   3.0000000e+00   8.0000000e+00   5.4389461e-16   8.1906250e-02   8.1906250e-02
   4.0000000e+00   8.0000000e+00   5.4968478e-16   7.6250000e-02   7.6250000e-02
   5.0000000e+00   8.0000000e+00   6.1483974e-16   7.5906250e-02   7.5906250e-02
   6.0000000e+00   8.0000000e+00   5.7204967e-16   7.9062500e-02   7.9062500e-02
   7.0000000e+00   8.0000000e+00   6.0948742e-16   8.7875000e-02   8.7875000e-02
   8.0000000e+00   8.0000000e+00   6.9556360e-16   9.9500000e-02   9.9500000e-02
   9.0000000e+00   8.0000000e+00   6.6703972e-16   1.0071875e-01   1.0071875e-01
   1.0000000e+01   8.0000000e+00   6.8382987e-16   1.0478125e-01   1.0478125e-01
   1.1000000e+01   8.0000000e+00   7.6627185e-16   1.1068750e-01   1.1068750e-01
   1.2000000e+01   8.0000000e+00   7.1706692e-16   1.1528125e-01   1.1528125e-01
   1.3000000e+01   8.0000000e+00   7.8906380e-16   1.1815625e-01   1.1815625e-01
   1.4000000e+01   8.0000000e+00   8.0808714e-16   1.2465625e-01   1.2465625e-01
   1.5000000e+01   8.0000000e+00   7.6475809e-16   1.1931250e-01   1.1931250e-01
   1.6000000e+01   8.0000000e+00   8.0020056e-16   1.1496875e-01   1.1496875e-01
   1.7000000e+01   8.0000000e+00   7.0761192e-16   1.0668750e-01   1.0668750e-01
   1.8000000e+01   8.0000000e+00   6.4909219e-16   9.8937500e-02   9.8937500e-02
   1.9000000e+01   8.0000000e+00   6.0912984e-16   9.0281250e-02   9.0281250e-02
   2.0000000e+01   8.0000000e+00   5.2362510e-16   7.6125000e-02   7.6125000e-02
   2.1000000e+01   8.0000000e+00   5.0913242e-16   7.3718750e-02   7.3718750e-02
   2.2000000e+01   8.0000000e+00   5.5102017e-16   7.3000000e-02   7.3000000e-02
   2.3000000e+01   8.0000000e+00   5.2492541e-16   7.6093750e-02   7.6093750e-02
   2.4000000e+01   8.0000000e+00   6.5233893e-16   8.7750000e-02   8.7750000e-02
   2.5000000e+01   8.0000000e+00   7.2859141e-16   9.6906250e-02   9.6906250e-02
   2.6000000e+01   8.0000000e+00   7.1880406e-16   1.0237500e-01   1.0237500e-01
   2.7000000e+01   8.0000000e+00   7.3101909e-16   1.1275000e-01   1.1275000e-01
   2.8000000e+01   8.0000000e+00   6.9555638e-16   1.1250000e-01   1.1250000e-01
   2.9000000e+01   8.0000000e+00   8.1245248e-16   1.1787500e-01   1.1787500e-01
   3.0000000e+01   8.0000000e+00   9.0255081e-16   1.1962500e-01   1.1962500e-01
   3.1000000e+01   8.0000000e+00   9.0076177e-16   1.2156250e-01   1.2156250e-01
   3.2000000e+01   8.0000000e+00   9.4703125e-16   1.2059375e-01   1.2059375e-01
   3.3000000e+01   8.0000000e+00   8.2221097e-16   1.0887500e-01   1.0887500e-01
   3.4000000e+01   8.0000000e+00   6.8356849e-16   1.0321875e-01   1.0321875e-01
   3.5000000e+01   8.0000000e+00   6.7414615e-16   9.6968750e-02   9.6968750e-02
   1.0000000e+00   9.0000000e+00   7.7814045e-16   1.0490625e-01   1.0490625e-01
   2.0000000e+00   9.0000000e+00   6.1125308e-16   9.0187500e-02   9.0187500e-02
   3.0000000e+00   9.0000000e+00   5.3037032e-16   8.1218750e-02   8.1218750e-02
   4.0000000e+00   9.0000000e+00   5.1624179e-16   7.7125000e-02   7.7125000e-02
   5.0000000e+00   9.0000000e+00   5.6583196e-16   7.5750000e-02   7.5750000e-02
   6.0000000e+00   9.0000000e+00   6.3418128e-16   8.0375000e-02   8.0375000e-02
   7.0000000e+00   9.0000000e+00   5.9206834e-16   8.3093750e-02   8.3093750e-02
   8.0000000e+00   9.0000000e+00   6.7783370e-16   9.2437500e-02   9.2437500e-02
   9.0000000e+00   9.0000000e+00   7.0372205e-16   1.0225000e-01   1.0225000e-01
   1.0000000e+01   9.0000000e+00   6.6108191e-16   1.0403125e-01   1.0403125e-01
   1.1000000e+01   9.0000000e+00   7.0292184e-16   1.0678125e-01   1.0678125e-01
   1.2000000e+01   9.0000000e+00   6.6636118e-16   1.0740625e-01   1.0740625e-01
   1.3000000e+01   9.0000000e+00   8.1704673e-16   1.1371875e-01   1.1371875e-01
   1.4000000e+01   9.0000000e+00   9.0286511e-16   1.1506250e-01   1.1506250e-01
   1.5000000e+01   9.0000000e+00   7.8300927e-16   1.1012500e-01   1.1012500e-01
   1.6000000e+01   9.0000000e+00   7.1442124e-16   1.0762500e-01   1.0762500e-01
   1.7000000e+01   9.0000000e+00   6.8203449e-16   1.0590625e-01   1.0590625e-01
   1.8000000e+01   9.0000000e+00   7.0279148e-16   1.0050000e-01   1.0050000e-01
   1.9000000e+01   9.0000000e+00   6.2403040e-16   9.2531250e-02   9.2531250e-02
   2.0000000e+01   9.0000000e+00   5.8897022e-16   8.2343750e-02   8.2343750e-02
   2.1000000e+01   9.0000000e+00   5.3309541e-16   7.7812500e-02   7.7812500e-02
   2.2000000e+01   9.0000000e+00   5.2059028e-16   7.6000000e-02   7.6000000e-02
   2.3000000e+01   9.0000000e+00   5.4084150e-16   8.0125000e-02   8.0125000e-02
   2.4000000e+01   9.0000000e+00   6.3795404e-16   8.6750000e-02   8.6750000e-02
   2.5000000e+01   9.0000000e+00   6.5115421e-16   9.3343750e-02   9.3343750e-02
   2.6000000e+01   9.0000000e+00   7.4107500e-16   1.0153125e-01   1.0153125e-01
   2.7000000e+01   9.0000000e+00   7.5140897e-16   1.0803125e-01   1.0803125e-01
   2.8000000e+01   9.0000000e+00   7.2502902e-16   1.1100000e-01   1.1100000e-01
   2.9000000e+01   9.0000000e+00   8.2655716e-16   1.1859375e-01   1.1859375e-01
   3.0000000e+01   9.0000000e+00   7.5699302e-16   1.1756250e-01   1.1756250e-01
   3.1000000e+01   9.0000000e+00   9.2845893e-16   1.1987500e-01   1.1987500e-01
   3.2000000e+01   9.0000000e+00   8.0452239e-16   1.1856250e-01   1.1856250e-01
   3.3000000e+01   9.0000000e+00   7.0748473e-16   1.1215625e-01   1.1215625e-01
   3.4000000e+01   9.0000000e+00   7.6115450e-16   1.0890625e-01   1.0890625e-01
   3.5000000e+01   9.0000000e+00   6.5382298e-16   9.5656250e-02   9.5656250e-02
   1.0000000e+00   1.0000000e+01   6.9405707e-16   1.0028125e-01   1.0028125e-01
   2.0000000e+00   1.0000000e+01   5.7227058e-16   8.6812500e-02   8.6812500e-02
   3.0000000e+00   1.0000000e+01   6.5016280e-16   8.2875000e-02   8.2875000e-02
   4.0000000e+00   1.0000000e+01   5.1888692e-16   7.5281250e-02   7.5281250e-02
   5.0000000e+00   1.0000000e+01   5.6654412e-16   7.3437500e-02   7.3437500e-02
   6.0000000e+00   1.0000000e+01   5.5482444e-16   7.7062500e-02   7.7062500e-02
   7.0000000e+00   1.0000000e+01   5.0962591e-16   7.5125000e-02   7.5125000e-02
   8.0000000e+00   1.0000000e+01   5.9070172e-16   8.6593750e-02   8.6593750e-02
   9.0000000e+00   1.0000000e+01   6.1917379e-16   9.1250000e-02   9.1250000e-02
   1.0000000e+01   1.0000000e+01   6.7764640e-16   9.6781250e-02   9.6781250e-02
   1.1000000e+01   1.0000000e+01   7.3918406e-16   1.0609375e-01   1.0609375e-01
   1.2000000e+01   1.0000000e+01   7.0311183e-16   1.0718750e-01   1.0718750e-01
   1.3000000e+01   1.0000000e+01   7.5626578e-16   1.1321875e-01   1.1321875e-01
   1.4000000e+01   1.0000000e+01   7.6680481e-16   1.1303125e-01   1.1303125e-01
   1.5000000e+01   1.0000000e+01   7.1366309e-16   1.1228125e-01   1.1228125e-01
   1.6000000e+01   1.0000000e+01   7.1614904e-16   1.0950000e-01   1.0950000e-01
   1.7000000e+01   1.0000000e+01   6.8072818e-16   1.0734375e-01   1.0734375e-01
   1.8000000e+01   1.0000000e+01   6.5019113e-16   9.6937500e-02   9.6937500e-02
   1.9000000e+01   1.0000000e+01   6.3172705e-16   9.0687500e-02   9.0687500e-02
   2.0000000e+01   1.0000000e+01   6.5194377e-16   8.4875000e-02   8.4875000e-02
   2.1000000e+01   1.0000000e+01   6.1675384e-16   8.0468750e-02   8.0468750e-02
   2.2000000e+01   1.0000000e+01   5.8837062e-16   7.7406250e-02   7.7406250e-02
   2.3000000e+01   1.0000000e+01   6.1478796e-16   7.9812500e-02   7.9812500e-02
   2.4000000e+01   1.0000000e+01   5.7650987e-16   8.3031250e-02   8.3031250e-02
   2.5000000e+01   1.0000000e+01   6.0018542e-16   9.4218750e-02   9.4218750e-02
   2.6000000e+01   1.0000000e+01   6.7892687e-16   1.0271875e-01   1.0271875e-01
   2.7000000e+01   1.0000000e+01   7.6751885e-16   1.0743750e-01   1.0743750e-01
   2.8000000e+01   1.0000000e+01   7.0486072e-16   1.0646875e-01   1.0646875e-01
   2.9000000e+01   1.0000000e+01   7.2489887e-16   1.1037500e-01   1.1037500e-01
   3.0000000e+01   1.0000000e+01   8.0034813e-16   1.1284375e-01   1.1284375e-01
   3.1000000e+01   1.0000000e+01   7.9554500e-16   1.1287500e-01   1.1287500e-01
   3.2000000e+01   1.0000000e+01   7.9355094e-16   1.1296875e-01   1.1296875e-01
   3.3000000e+01   1.0000000e+01   6.9333912e-16   1.0934375e-01   1.0934375e-01
   3.4000000e+01   1.0000000e+01   7.4999694e-16   1.0687500e-01   1.0687500e-01
   3.5000000e+01   1.0000000e+01   6.2538747e-16   9.3125000e-02   9.3125000e-02
   1.0000000e+00   1.1000000e+01   6.4204147e-16   9.3875000e-02   9.3875000e-02
   2.0000000e+00   1.1000000e+01   6.7350269e-16   8.7250000e-02   8.7250000e-02
   3.0000000e+00   1.1000000e+01   5.5162813e-16   7.8531250e-02   7.8531250e-02
   4.0000000e+00   1.1000000e+01   4.8088622e-16   7.1031250e-02   7.1031250e-02
   5.0000000e+00   1.1000000e+01   5.3839451e-16   6.8062500e-02   6.8062500e-02
   6.0000000e+00   1.1000000e+01   6.5695107e-16   6.8093750e-02   6.8093750e-02
   7.0000000e+00   1.1000000e+01   6.0075263e-16   7.3187500e-02   7.3187500e-02
   8.0000000e+00   1.1000000e+01   6.1764365e-16   7.5437500e-02   7.5437500e-02
   9.0000000e+00   1.1000000e+01   5.4241727e-16   8.5812500e-02   8.5812500e-02
   1.0000000e+01   1.1000000e+01   6.4804178e-16   9.0375000e-02   9.0375000e-02
   1.1000000e+01   1.1000000e+01   6.6607593e-16   9.9718750e-02   9.9718750e-02
   1.2000000e+01   1.1000000e+01   7.0426829e-16   1.0278125e-01   1.0278125e-01
   1.3000000e+01   1.1000000e+01   6.8007008e-16   1.0621875e-01   1.0621875e-01
   1.4000000e+01   1.1000000e+01   6.9273805e-16   1.0053125e-01   1.0053125e-01
   1.5000000e+01   1.1000000e+01   7.5503952e-16   1.0815625e-01   1.0815625e-01
   1.6000000e+01   1.1000000e+01   6.9044742e-16   1.0587500e-01   1.0587500e-01
   1.7000000e+01   1.1000000e+01   6.3977951e-16   1.0037500e-01   1.0037500e-01
   1.8000000e+01   1.1000000e+01   7.0835326e-16   9.5312500e-02   9.5312500e-02
   1.9000000e+01   1.1000000e+01   5.8622427e-16   8.5562500e-02   8.5562500e-02
   2.0000000e+01   1.1000000e+01   6.2055575e-16   7.9031250e-02   7.9031250e-02
   2.1000000e+01   1.1000000e+01   5.1661873e-16   7.4843750e-02   7.4843750e-02
   2.2000000e+01   1.1000000e+01   4.5087463e-16   7.0406250e-02   7.0406250e-02
   2.3000000e+01   1.1000000e+01   5.1123728e-16   7.3343750e-02   7.3343750e-02
   2.4000000e+01   1.1000000e+01   6.4347745e-16   7.8156250e-02   7.8156250e-02
   2.5000000e+01   1.1000000e+01   6.0258693e-16   8.7093750e-02   8.7093750e-02
   2.6000000e+01   1.1000000e+01   6.3665318e-16   9.4750000e-02   9.4750000e-02
   2.7000000e+01   1.1000000e+01   6.4501300e-16   9.9906250e-02   9.9906250e-02
   2.8000000e+01   1.1000000e+01   7.0735773e-16   1.0450000e-01   1.0450000e-01
   2.9000000e+01   1.1000000e+01   7.2251733e-16   1.0759375e-01   1.0759375e-01
   3.0000000e+01   1.1000000e+01   7.4559699e-16   1.1343750e-01   1.1343750e-01
   3.1000000e+01   1.1000000e+01   7.4987711e-16   1.0962500e-01   1.0962500e-01
   3.2000000e+01   1.1000000e+01   7.0172089e-16   1.0631250e-01   1.0631250e-01
   3.3000000e+01   1.1000000e+01   7.0509560e-16   1.0662500e-01   1.0662500e-01
   3.4000000e+01   1.1000000e+01   6.4056839e-16   9.9875000e-02   9.9875000e-02
   3.5000000e+01   1.1000000e+01   6.6700105e-16   9.4218750e-02   9.4218750e-02
   1.0000000e+00   1.2000000e+01   6.5583321e-16   8.4343750e-02   8.4343750e-02
   2.0000000e+00   1.2000000e+01   5.2465622e-16   7.7156250e-02   7.7156250e-02
   3.0000000e+00   1.2000000e+01   4.7789745e-16   6.7375000e-02   6.7375000e-02
   4.0000000e+00   1.2000000e+01   4.5368608e-16   6.4687500e-02   6.4687500e-02
   5.0000000e+00   1.2000000e+01   4.8684359e-16   6.0312500e-02   6.0312500e-02
   6.0000000e+00   1.2000000e+01   4.7503645e-16   6.2562500e-02   6.2562500e-02
   7.0000000e+00   1.2000000e+01   5.2303831e-16   6.5625000e-02   6.5625000e-02
   8.0000000e+00   1.2000000e+01   5.9741404e-16   6.8218750e-02   6.8218750e-02
   9.0000000e+00   1.2000000e+01   6.1973431e-16   7.5000000e-02   7.5000000e-02
   1.0000000e+01   1.2000000e+01   5.9319585e-16   8.4031250e-02   8.4031250e-02
   1.1000000e+01   1.2000000e+01   6.0661091e-16   8.7843750e-02   8.7843750e-02
   1.2000000e+01   1.2000000e+01   6.2442596e-16   9.1031250e-02   9.1031250e-02
   1.3000000e+01   1.2000000e+01   6.2898640e-16   9.0656250e-02   9.0656250e-02
   1.4000000e+01   1.2000000e+01   6.2349097e-16   9.4750000e-02   9.4750000e-02
   1.5000000e+01   1.2000000e+01   5.9471821e-16   9.5562500e-02   9.5562500e-02
   1.6000000e+01   1.2000000e+01   6.4857978e-16   9.3843750e-02   9.3843750e-02
   1.7000000e+01   1.2000000e+01   6.8832906e-16   9.4218750e-02   9.4218750e-02
   1.8000000e+01   1.2000000e+01   5.7419251e-16   8.3843750e-02   8.3843750e-02
   1.9000000e+01   1.2000000e+01   5.9062783e-16   7.9593750e-02   7.9593750e-02
   2.0000000e+01   1.2000000e+01   4.8857565e-16   7.4000000e-02   7.4000000e-02
   2.1000000e+01   1.2000000e+01   5.8433667e-16   7.0250000e-02   7.0250000e-02
   2.2000000e+01   1.2000000e+01   5.4326578e-16   6.9593750e-02   6.9593750e-02
   2.3000000e+01   1.2000000e+01   5.1262817e-16   6.7437500e-02   6.7437500e-02
   2.4000000e+01   1.2000000e+01   4.5028705e-16   6.7656250e-02   6.7656250e-02
   2.5000000e+01   1.2000000e+01   5.3627102e-16   7.4656250e-02   7.4656250e-02
   2.6000000e+01   1.2000000e+01   5.2503164e-16   8.3781250e-02   8.3781250e-02
   2.7000000e+01   1.2000000e+01   6.4763591e-16   9.2625000e-02   9.2625000e-02
   2.8000000e+01   1.2000000e+01   6.9451313e-16   9.6812500e-02   9.6812500e-02
   2.9000000e+01   1.2000000e+01   6.4812364e-16   9.8500000e-02   9.8500000e-02
   3.0000000e+01   1.2000000e+01   7.2241632e-16   1.0078125e-01   1.0078125e-01
   3.1000000e+01   1.2000000e+01   6.9365909e-16   1.0103125e-01   1.0103125e-01
   3.2000000e+01   1.2000000e+01   6.8734465e-16   1.0259375e-01   1.0259375e-01
   3.3000000e+01   1.2000000e+01   6.8069937e-16   9.6968750e-02   9.6968750e-02
   3.4000000e+01   1.2000000e+01   5.9384980e-16   9.2375000e-02   9.2375000e-02
   3.5000000e+01   1.2000000e+01   6.4074167e-16   8.7812500e-02   8.7812500e-02
   1.0000000e+00   1.3000000e+01   5.1076276e-16   7.2156250e-02   7.2156250e-02
   2.0000000e+00   1.3000000e+01   4.5422682e-16   6.4250000e-02   6.4250000e-02
   3.0000000e+00   1.3000000e+01   4.2738809e-16   6.0875000e-02   6.0875000e-02
   4.0000000e+00   1.3000000e+01   4.2233697e-16   5.9093750e-02   5.9093750e-02
   5.0000000e+00   1.3000000e+01   4.2175984e-16   5.5906250e-02   5.5906250e-02
   6.0000000e+00   1.3000000e+01   4.6806424e-16   5.6812500e-02   5.6812500e-02
   7.0000000e+00   1.3000000e+01   4.6525498e-16   5.9437500e-02   5.9437500e-02
   8.0000000e+00   1.3000000e+01   4.9630217e-16   5.7187500e-02   5.7187500e-02
   9.0000000e+00   1.3000000e+01   4.4643768e-16   6.5750000e-02   6.5750000e-02
   1.0000000e+01   1.3000000e+01   4.7235349e-16   6.9937500e-02   6.9937500e-02
   1.1000000e+01   1.3000000e+01   5.3874254e-16   7.4500000e-02   7.4500000e-02
   1.2000000e+01   1.3000000e+01   6.1728663e-16   8.2906250e-02   8.2906250e-02
   1.3000000e+01   1.3000000e+01   5.6365807e-16   8.3406250e-02   8.3406250e-02
   1.4000000e+01   1.3000000e+01   6.2572365e-16   8.6375000e-02   8.6375000e-02
   1.5000000e+01   1.3000000e+01   5.6595502e-16   8.5468750e-02   8.5468750e-02
   1.6000000e+01   1.3000000e+01   6.2599517e-16   8.3750000e-02   8.3750000e-02
   1.7000000e+01   1.3000000e+01   5.8747672e-16   8.2687500e-02   8.2687500e-02
   1.8000000e+01   1.3000000e+01   5.3579859e-16   7.6750000e-02   7.6750000e-02
   1.9000000e+01   1.3000000e+01   5.0132056e-16   7.3593750e-02   7.3593750e-02
   2.0000000e+01   1.3000000e+01   4.2368355e-16   6.6531250e-02   6.6531250e-02
   2.1000000e+01   1.3000000e+01   4.3364435e-16   6.0937500e-02   6.0937500e-02
   2.2000000e+01   1.3000000e+01   4.5457934e-16   6.0218750e-02   6.0218750e-02
   2.3000000e+01   1.3000000e+01   4.3306619e-16   5.9687500e-02   5.9687500e-02
   2.4000000e+01   1.3000000e+01   4.9799387e-16   6.1812500e-02   6.1812500e-02
   2.5000000e+01   1.3000000e+01   4.2351189e-16   6.0562500e-02   6.0562500e-02
   2.6000000e+01   1.3000000e+01   5.2224674e-16   7.1656250e-02   7.1656250e-02
   2.7000000e+01   1.3000000e+01   5.5490233e-16   7.9093750e-02   7.9093750e-02
   2.8000000e+01   1.3000000e+01   5.6223965e-16   8.3812500e-02   8.3812500e-02
   2.9000000e+01   1.3000000e+01   6.1233622e-16   8.5687500e-02   8.5687500e-02
   3.0000000e+01   1.3000000e+01   6.2556202e-16   8.6312500e-02   8.6312500e-02
   3.1000000e+01   1.3000000e+01   5.6169015e-16   8.7000000e-02   8.7000000e-02
   3.2000000e+01   1.3000000e+01   5.9280702e-16   9.0468750e-02   9.0468750e-02
   3.3000000e+01   1.3000000e+01   5.7103457e-16   8.8875000e-02   8.8875000e-02
   3.4000000e+01   1.3000000e+01   5.6815992e-16   8.2187500e-02   8.2187500e-02
   3.5000000e+01   1.3000000e+01   5.5427432e-16   7.5593750e-02   7.5593750e-02
   1.0000000e+00   1.4000000e+01   4.7946831e-16   6.4062500e-02   6.4062500e-02
   2.0000000e+00   1.4000000e+01   3.8183035e-16   5.6750000e-02   5.6750000e-02
   3.0000000e+00   1.4000000e+01   4.1633435e-16   5.5093750e-02   5.5093750e-02
   4.0000000e+00   1.4000000e+01   4.6953227e-16   5.5093750e-02   5.5093750e-02
   5.0000000e+00   1.4000000e+01   3.9123455e-16   5.0937500e-02   5.0937500e-02
   6.0000000e+00   1.4000000e+01   4.3979179e-16   5.1343750e-02   5.1343750e-02
   7.0000000e+00   1.4000000e+01   3.9215308e-16   5.3937500e-02   5.3937500e-02
   8.0000000e+00   1.4000000e+01   3.7827888e-16   5.6500000e-02   5.6500000e-02
   9.0000000e+00   1.4000000e+01   4.4345662e-16   5.9531250e-02   5.9531250e-02
   1.0000000e+01   1.4000000e+01   4.4219844e-16   6.7250000e-02   6.7250000e-02
   1.1000000e+01   1.4000000e+01   4.8766663e-16   6.9531250e-02   6.9531250e-02
   1.2000000e+01   1.4000000e+01   6.0502633e-16   7.3281250e-02   7.3281250e-02
   1.3000000e+01   1.4000000e+01   4.6273430e-16   7.3468750e-02   7.3468750e-02
   1.4000000e+01   1.4000000e+01   5.5924975e-16   8.0343750e-02   8.0343750e-02
   1.5000000e+01   1.4000000e+01   5.2602973e-16   7.8062500e-02   7.8062500e-02
   1.6000000e+01   1.4000000e+01   5.0952517e-16   7.4000000e-02   7.4000000e-02
   1.7000000e+01   1.4000000e+01   5.7901484e-16   7.5062500e-02   7.5062500e-02
   1.8000000e+01   1.4000000e+01   4.7955359e-16   6.6062500e-02   6.6062500e-02
   1.9000000e+01   1.4000000e+01   6.4118380e-16   6.1562500e-02   6.1562500e-02
   2.0000000e+01   1.4000000e+01   4.7665178e-16   5.9750000e-02   5.9750000e-02
   2.1000000e+01   1.4000000e+01   4.3630655e-16   5.6062500e-02   5.6062500e-02
   2.2000000e+01   1.4000000e+01   4.1369322e-16   5.5468750e-02   5.5468750e-02
   2.3000000e+01   1.4000000e+01   4.0156231e-16   5.6281250e-02   5.6281250e-02
   2.4000000e+01   1.4000000e+01   4.8498294e-16   5.8656250e-02   5.8656250e-02
   2.5000000e+01   1.4000000e+01   5.4183365e-16   6.1625000e-02   6.1625000e-02
   2.6000000e+01   1.4000000e+01   4.5174827e-16   6.4031250e-02   6.4031250e-02
   2.7000000e+01   1.4000000e+01   5.1681117e-16   7.2593750e-02   7.2593750e-02
   2.8000000e+01   1.4000000e+01   4.6284407e-16   7.2781250e-02   7.2781250e-02
   2.9000000e+01   1.4000000e+01   5.5561301e-16   7.8187500e-02   7.8187500e-02
   3.0000000e+01   1.4000000e+01   5.6621933e-16   8.1562500e-02   8.1562500e-02
   3.1000000e+01   1.4000000e+01   5.6596063e-16   8.1031250e-02   8.1031250e-02
   3.2000000e+01   1.4000000e+01   5.6706526e-16   8.1781250e-02   8.1781250e-02
   3.3000000e+01   1.4000000e+01   5.3233353e-16   7.6718750e-02   7.6718750e-02
   3.4000000e+01   1.4000000e+01   5.2036080e-16   7.7156250e-02   7.7156250e-02
   3.5000000e+01   1.4000000e+01   4.5115946e-16   6.8000000e-02   6.8000000e-02
   1.0000000e+00   1.5000000e+01   5.2183486e-16   5.9968750e-02   5.9968750e-02
   2.0000000e+00   1.5000000e+01   3.6735066e-16   5.2687500e-02   5.2687500e-02
   3.0000000e+00   1.5000000e+01   4.3558692e-16   5.3343750e-02   5.3343750e-02
   4.0000000e+00   1.5000000e+01   4.4298643e-16   5.2750000e-02   5.2750000e-02
   5.0000000e+00   1.5000000e+01   4.2675611e-16   5.3968750e-02   5.3968750e-02
   6.0000000e+00   1.5000000e+01   4.1580836e-16   5.4125000e-02   5.4125000e-02
   7.0000000e+00   1.5000000e+01   3.5330917e-16   5.2343750e-02   5.2343750e-02
   8.0000000e+00   1.5000000e+01   5.0564584e-16   5.7218750e-02   5.7218750e-02
   9.0000000e+00   1.5000000e+01   4.3370443e-16   6.0468750e-02   6.0468750e-02
   1.0000000e+01   1.5000000e+01   5.0534343e-16   6.8500000e-02   6.8500000e-02
   1.1000000e+01   1.5000000e+01   5.2348769e-16   6.9562500e-02   6.9562500e-02
   1.2000000e+01   1.5000000e+01   5.2532160e-16   6.5968750e-02   6.5968750e-02
   1.3000000e+01   1.5000000e+01   5.0480955e-16   7.1656250e-02   7.1656250e-02
   1.4000000e+01   1.5000000e+01   4.3264937e-16   6.8718750e-02   6.8718750e-02
   1.5000000e+01   1.5000000e+01   5.5993057e-16   7.0343750e-02   7.0343750e-02
   1.6000000e+01   1.5000000e+01   5.4608579e-16   7.0218750e-02   7.0218750e-02
   1.7000000e+01   1.5000000e+01   5.0607758e-16   6.6937500e-02   6.6937500e-02
   1.8000000e+01   1.5000000e+01   4.8059604e-16   6.4406250e-02   6.4406250e-02
   1.9000000e+01   1.5000000e+01   3.8346157e-16   5.5718750e-02   5.5718750e-02
   2.0000000e+01   1.5000000e+01   5.3512991e-16   5.9937500e-02   5.9937500e-02
   2.1000000e+01   1.5000000e+01   4.7903335e-16   5.9156250e-02   5.9156250e-02
   2.2000000e+01   1.5000000e+01   3.7059539e-16   5.6062500e-02   5.6062500e-02
   2.3000000e+01   1.5000000e+01   3.8264509e-16   5.4531250e-02   5.4531250e-02
   2.4000000e+01   1.5000000e+01   4.4846617e-16   5.7312500e-02   5.7312500e-02
   2.5000000e+01   1.5000000e+01   4.8940030e-16   6.3062500e-02   6.3062500e-02
   2.6000000e+01   1.5000000e+01   5.0913378e-16   6.4906250e-02   6.4906250e-02
   2.7000000e+01   1.5000000e+01   5.2513094e-16   6.6406250e-02   6.6406250e-02
   2.8000000e+01   1.5000000e+01   4.7774367e-16   6.8156250e-02   6.8156250e-02
   2.9000000e+01   1.5000000e+01   4.8431561e-16   7.0843750e-02   7.0843750e-02
   3.0000000e+01   1.5000000e+01   5.4438204e-16   7.3281250e-02   7.3281250e-02
   3.1000000e+01   1.5000000e+01   4.9712267e-16   7.3593750e-02   7.3593750e-02
   3.2000000e+01   1.5000000e+01   4.8011216e-16   6.9750000e-02   6.9750000e-02
   3.3000000e+01   1.5000000e+01   5.0760548e-16   6.8781250e-02   6.8781250e-02
   3.4000000e+01   1.5000000e+01   5.1630718e-16   6.5687500e-02   6.5687500e-02
   3.5000000e+01   1.5000000e+01   4.5191068e-16   6.0312500e-02   6.0312500e-02
   1.0000000e+00   1.6000000e+01   4.3184719e-16   5.8000000e-02   5.8000000e-02
   2.0000000e+00   1.6000000e+01   4.2328256e-16   5.6500000e-02   5.6500000e-02
   3.0000000e+00   1.6000000e+01   3.9114377e-16   5.3406250e-02   5.3406250e-02
   4.0000000e+00   1.6000000e+01   3.8542509e-16   5.4906250e-02   5.4906250e-02
   5.0000000e+00   1.6000000e+01   3.9883249e-16   5.6781250e-02   5.6781250e-02
   6.0000000e+00   1.6000000e+01   3.9082983e-16   5.4125000e-02   5.4125000e-02
   7.0000000e+00   1.6000000e+01   4.5187033e-16   5.4500000e-02   5.4500000e-02
   8.0000000e+00   1.6000000e+01   4.1133385e-16   5.7750000e-02   5.7750000e-02
   9.0000000e+00   1.6000000e+01   5.2978449e-16   6.4218750e-02   6.4218750e-02
   1.0000000e+01   1.6000000e+01   4.6552405e-16   6.8906250e-02   6.8906250e-02
   1.1000000e+01   1.6000000e+01   4.6578635e-16   6.9187500e-02   6.9187500e-02
   1.2000000e+01   1.6000000e+01   4.8958736e-16   6.7812500e-02   6.7812500e-02
   1.3000000e+01   1.6000000e+01   4.5173578e-16   6.7687500e-02   6.7687500e-02
   1.4000000e+01   1.6000000e+01   4.9645515e-16   6.9250000e-02   6.9250000e-02
   1.5000000e+01   1.6000000e+01   4.7268320e-16   6.7437500e-02   6.7437500e-02
   1.6000000e+01   1.6000000e+01   4.7608556e-16   6.3562500e-02   6.3562500e-02
   1.7000000e+01   1.6000000e+01   4.5222232e-16   6.1625000e-02   6.1625000e-02
   1.8000000e+01   1.6000000e+01   4.5242865e-16   6.2843750e-02   6.2843750e-02
   1.9000000e+01   1.6000000e+01   5.0728214e-16   6.1218750e-02   6.1218750e-02
   2.0000000e+01   1.6000000e+01   4.6064251e-16   6.3593750e-02   6.3593750e-02
   2.1000000e+01   1.6000000e+01   4.5095482e-16   6.3812500e-02   6.3812500e-02
   2.2000000e+01   1.6000000e+01   4.6643848e-16   6.1906250e-02   6.1906250e-02
   2.3000000e+01   1.6000000e+01   4.6519911e-16   5.7718750e-02   5.7718750e-02
   2.4000000e+01   1.6000000e+01   3.6817353e-16   5.6531250e-02   5.6531250e-02
   2.5000000e+01   1.6000000e+01   4.6023476e-16   6.3687500e-02   6.3687500e-02
   2.6000000e+01   1.6000000e+01   3.8230989e-16   6.4125000e-02   6.4125000e-02
   2.7000000e+01   1.6000000e+01   5.3507684e-16   6.8250000e-02   6.8250000e-02
   2.8000000e+01   1.6000000e+01   5.1695267e-16   7.4125000e-02   7.4125000e-02
   2.9000000e+01   1.6000000e+01   4.6961212e-16   6.8906250e-02   6.8906250e-02
   3.0000000e+01   1.6000000e+01   5.6073772e-16   6.8593750e-02   6.8593750e-02
   3.1000000e+01   1.6000000e+01   4.5015378e-16   6.5843750e-02   6.5843750e-02
   3.2000000e+01   1.6000000e+01   4.6686261e-16   6.4750000e-02   6.4750000e-02
   3.3000000e+01   1.6000000e+01   4.4918659e-16   6.2937500e-02   6.2937500e-02
   3.4000000e+01   1.6000000e+01   4.7706505e-16   5.8156250e-02   5.8156250e-02
   3.5000000e+01   1.6000000e+01   4.0440072e-16   5.8062500e-02   5.8062500e-02
   1.0000000e+00   1.7000000e+01   4.3278223e-16   5.8750000e-02   5.8750000e-02
   2.0000000e+00   1.7000000e+01   4.3703634e-16   5.7687500e-02   5.7687500e-02
   3.0000000e+00   1.7000000e+01   4.1933512e-16   5.5781250e-02   5.5781250e-02
   4.0000000e+00   1.7000000e+01   4.5373426e-16   5.7062500e-02   5.7062500e-02
   5.0000000e+00   1.7000000e+01   4.8184296e-16   5.5906250e-02   5.5906250e-02
   6.0000000e+00   1.7000000e+01   4.4634420e-16   5.5625000e-02   5.5625000e-02
   7.0000000e+00   1.7000000e+01   3.8815513e-16   5.7343750e-02   5.7343750e-02
   8.0000000e+00   1.7000000e+01   4.8433658e-16   5.8812500e-02   5.8812500e-02
   9.0000000e+00   1.7000000e+01   5.2287251e-16   6.8312500e-02   6.8312500e-02
   1.0000000e+01   1.7000000e+01   4.7813172e-16   7.0062500e-02   7.0062500e-02
   1.1000000e+01   1.7000000e+01   5.6671160e-16   7.8062500e-02   7.8062500e-02
   1.2000000e+01   1.7000000e+01   6.2137381e-16   7.3531250e-02   7.3531250e-02
   1.3000000e+01   1.7000000e+01   4.6402120e-16   7.0906250e-02   7.0906250e-02
   1.4000000e+01   1.7000000e+01   5.2912109e-16   7.3500000e-02   7.3500000e-02
   1.5000000e+01   1.7000000e+01   4.7512894e-16   6.3031250e-02   6.3031250e-02
   1.6000000e+01   1.7000000e+01   4.3201293e-16   6.1937500e-02   6.1937500e-02
   1.7000000e+01   1.7000000e+01   4.4757701e-16   6.2468750e-02   6.2468750e-02
   1.8000000e+01   1.7000000e+01   4.1717714e-16   5.8968750e-02   5.8968750e-02
   1.9000000e+01   1.7000000e+01   4.6452455e-16   5.9250000e-02   5.9250000e-02
   2.0000000e+01   1.7000000e+01   4.4778526e-16   6.0125000e-02   6.0125000e-02
   2.1000000e+01   1.7000000e+01   4.3148227e-16   6.0468750e-02   6.0468750e-02
   2.2000000e+01   1.7000000e+01   4.1561461e-16   6.1687500e-02   6.1687500e-02
   2.3000000e+01   1.7000000e+01   4.3452599e-16   5.9812500e-02   5.9812500e-02
   2.4000000e+01   1.7000000e+01   4.8271430e-16   6.1375000e-02   6.1375000e-02
   2.5000000e+01   1.7000000e+01   5.4486681e-16   6.6343750e-02   6.6343750e-02
   2.6000000e+01   1.7000000e+01   4.8783630e-16   6.7375000e-02   6.7375000e-02
   2.7000000e+01   1.7000000e+01   4.8477929e-16   7.3093750e-02   7.3093750e-02
   2.8000000e+01   1.7000000e+01   4.7497623e-16   7.0406250e-02   7.0406250e-02
   2.9000000e+01   1.7000000e+01   5.5304734e-16   6.7562500e-02   6.7562500e-02
   3.0000000e+01   1.7000000e+01   4.9056680e-16   6.7937500e-02   6.7937500e-02
   3.1000000e+01   1.7000000e+01   5.3285205e-16   6.6343750e-02   6.6343750e-02
   3.2000000e+01   1.7000000e+01   5.3878851e-16   6.1312500e-02   6.1312500e-02
   3.3000000e+01   1.7000000e+01   3.8934142e-16   5.9250000e-02   5.9250000e-02
   3.4000000e+01   1.7000000e+01   4.4744690e-16   5.9093750e-02   5.9093750e-02
   3.5000000e+01   1.7000000e+01   4.8825970e-16   6.1718750e-02   6.1718750e-02
   1.0000000e+00   1.8000000e+01   4.2845128e-16   6.2687500e-02   6.2687500e-02
   2.0000000e+00   1.8000000e+01   3.7955345e-16   5.6531250e-02   5.6531250e-02
   3.0000000e+00   1.8000000e+01   4.0862774e-16   5.4843750e-02   5.4843750e-02
   4.0000000e+00   1.8000000e+01   4.7497719e-16   5.5843750e-02   5.5843750e-02
   5.0000000e+00   1.8000000e+01   5.7055433e-16   5.7937500e-02   5.7937500e-02
   6.0000000e+00   1.8000000e+01   4.2684803e-16   6.0281250e-02   6.0281250e-02
   7.0000000e+00   1.8000000e+01   4.7844344e-16   6.3437500e-02   6.3437500e-02
   8.0000000e+00   1.8000000e+01   4.9170854e-16   6.5656250e-02   6.5656250e-02
   9.0000000e+00   1.8000000e+01   4.7172222e-16   6.9812500e-02   6.9812500e-02
   1.0000000e+01   1.8000000e+01   5.8748786e-16   8.1343750e-02   8.1343750e-02
   1.1000000e+01   1.8000000e+01   5.8843159e-16   8.3687500e-02   8.3687500e-02
   1.2000000e+01   1.8000000e+01   5.1250641e-16   8.4031250e-02   8.4031250e-02
   1.3000000e+01   1.8000000e+01   5.7902845e-16   8.2750000e-02   8.2750000e-02
   1.4000000e+01   1.8000000e+01   6.2615773e-16   8.3093750e-02   8.3093750e-02
   1.5000000e+01   1.8000000e+01   4.8479744e-16   7.5125000e-02   7.5125000e-02
   1.6000000e+01   1.8000000e+01   4.8201463e-16   6.9375000e-02   6.9375000e-02
   1.7000000e+01   1.8000000e+01   4.2707751e-16   6.3468750e-02   6.3468750e-02
   1.8000000e+01   1.8000000e+01   4.4835136e-16   5.8781250e-02   5.8781250e-02
   1.9000000e+01   1.8000000e+01   5.7392033e-16   6.7031250e-02   6.7031250e-02
   2.0000000e+01   1.8000000e+01   4.6554166e-16   6.1625000e-02   6.1625000e-02
   2.1000000e+01   1.8000000e+01   4.3514610e-16   6.1031250e-02   6.1031250e-02
   2.2000000e+01   1.8000000e+01   3.9839237e-16   5.6687500e-02   5.6687500e-02
   2.3000000e+01   1.8000000e+01   4.3085409e-16   5.9875000e-02   5.9875000e-02
   2.4000000e+01   1.8000000e+01   4.4569835e-16   6.4125000e-02   6.4125000e-02
   2.5000000e+01   1.8000000e+01   4.8317332e-16   6.7937500e-02   6.7937500e-02
   2.6000000e+01   1.8000000e+01   6.0333366e-16   7.3718750e-02   7.3718750e-02
   2.7000000e+01   1.8000000e+01   5.8905255e-16   7.6718750e-02   7.6718750e-02
   2.8000000e+01   1.8000000e+01   6.7949328e-16   7.7812500e-02   7.7812500e-02
   2.9000000e+01   1.8000000e+01   5.0126454e-16   7.4906250e-02   7.4906250e-02
   3.0000000e+01   1.8000000e+01   5.1033942e-16   7.3812500e-02   7.3812500e-02
   3.1000000e+01   1.8000000e+01   5.0693538e-16   7.1656250e-02   7.1656250e-02
   3.2000000e+01   1.8000000e+01   4.9915512e-16   6.5968750e-02   6.5968750e-02
   3.3000000e+01   1.8000000e+01   5.6916141e-16   6.3250000e-02   6.3250000e-02
   3.4000000e+01   1.8000000e+01   4.7635992e-16   6.3406250e-02   6.3406250e-02
   3.5000000e+01   1.8000000e+01   5.0857185e-16   5.8531250e-02   5.8531250e-02
   1.0000000e+00   1.9000000e+01   6.0629838e-16   6.9750000e-02   6.9750000e-02
   2.0000000e+00   1.9000000e+01   5.7005990e-16   6.5375000e-02   6.5375000e-02
   3.0000000e+00   1.9000000e+01   3.7995014e-16   5.7187500e-02   5.7187500e-02
   4.0000000e+00   1.9000000e+01   3.8545264e-16   5.3156250e-02   5.3156250e-02
   5.0000000e+00   1.9000000e+01   4.7452187e-16   6.0500000e-02   6.0500000e-02
   6.0000000e+00   1.9000000e+01   5.2460567e-16   6.3312500e-02   6.3312500e-02
   7.0000000e+00   1.9000000e+01   5.4385856e-16   6.8062500e-02   6.8062500e-02
   8.0000000e+00   1.9000000e+01   5.4242558e-16   7.2968750e-02   7.2968750e-02
   9.0000000e+00   1.9000000e+01   5.6758579e-16   8.0375000e-02   8.0375000e-02
   1.0000000e+01   1.9000000e+01   6.2886644e-16   9.0718750e-02   9.0718750e-02
   1.1000000e+01   1.9000000e+01   6.6543958e-16   9.4062500e-02   9.4062500e-02
   1.2000000e+01   1.9000000e+01   6.5192227e-16   9.3781250e-02   9.3781250e-02
   1.3000000e+01   1.9000000e+01   5.6424528e-16   9.1906250e-02   9.1906250e-02
   1.4000000e+01   1.9000000e+01   6.5140695e-16   9.0468750e-02   9.0468750e-02
   1.5000000e+01   1.9000000e+01   6.2809120e-16   8.7125000e-02   8.7125000e-02
   1.6000000e+01   1.9000000e+01   5.1052586e-16   7.8000000e-02   7.8000000e-02
   1.7000000e+01   1.9000000e+01   4.7911179e-16   7.4281250e-02   7.4281250e-02
   1.8000000e+01   1.9000000e+01   4.6723169e-16   6.6531250e-02   6.6531250e-02
   1.9000000e+01   1.9000000e+01   4.9773849e-16   6.3906250e-02   6.3906250e-02
   2.0000000e+01   1.9000000e+01   5.0008928e-16   6.3250000e-02   6.3250000e-02
   2.1000000e+01   1.9000000e+01   5.5169111e-16   6.1718750e-02   6.1718750e-02
   2.2000000e+01   1.9000000e+01   6.1666087e-16   6.5812500e-02   6.5812500e-02
   2.3000000e+01   1.9000000e+01   4.9611945e-16   6.5718750e-02   6.5718750e-02
   2.4000000e+01   1.9000000e+01   5.2087236e-16   7.2000000e-02   7.2000000e-02
   2.5000000e+01   1.9000000e+01   6.4629051e-16   7.8187500e-02   7.8187500e-02
   2.6000000e+01   1.9000000e+01   5.8539664e-16   8.2562500e-02   8.2562500e-02
   2.7000000e+01   1.9000000e+01   6.0123823e-16   8.7187500e-02   8.7187500e-02
   2.8000000e+01   1.9000000e+01   6.1740913e-16   9.1906250e-02   9.1906250e-02
   2.9000000e+01   1.9000000e+01   6.1694683e-16   9.0843750e-02   9.0843750e-02
   3.0000000e+01   1.9000000e+01   6.5443258e-16   8.9062500e-02   8.9062500e-02
   3.1000000e+01   1.9000000e+01   5.8721518e-16   8.5781250e-02   8.5781250e-02
   3.2000000e+01   1.9000000e+01   5.1613371e-16   7.6750000e-02   7.6750000e-02
   3.3000000e+01   1.9000000e+01   5.2338119e-16   7.2781250e-02   7.2781250e-02
   3.4000000e+01   1.9000000e+01   5.0501102e-16   6.6875000e-02   6.6875000e-02
   3.5000000e+01   1.9000000e+01   4.5941659e-16   6.2843750e-02   6.2843750e-02
   1.0000000e+00   2.0000000e+01   6.1750096e-16   7.8093750e-02   7.8093750e-02
   2.0000000e+00   2.0000000e+01   5.4376116e-16   7.0937500e-02   7.0937500e-02
   3.0000000e+00   2.0000000e+01   4.9029711e-16   6.2906250e-02   6.2906250e-02
   4.0000000e+00   2.0000000e+01   5.3643329e-16   6.0343750e-02   6.0343750e-02
   5.0000000e+00   2.0000000e+01   4.9361434e-16   6.4187500e-02   6.4187500e-02
   6.0000000e+00   2.0000000e+01   5.5391566e-16   6.9250000e-02   6.9250000e-02
   7.0000000e+00   2.0000000e+01   5.9042964e-16   7.5781250e-02   7.5781250e-02
   8.0000000e+00   2.0000000e+01   5.6691945e-16   8.0656250e-02   8.0656250e-02
   9.0000000e+00   2.0000000e+01   6.0278186e-16   8.8906250e-02   8.8906250e-02
   1.0000000e+01   2.0000000e+01   6.7092610e-16   9.9437500e-02   9.9437500e-02
   1.1000000e+01   2.0000000e+01   6.3995582e-16   1.0184375e-01   1.0184375e-01
   1.2000000e+01   2.0000000e+01   7.6574741e-16   1.0021875e-01   1.0021875e-01
   1.3000000e+01   2.0000000e+01   6.8744941e-16   9.9843750e-02   9.9843750e-02
   1.4000000e+01   2.0000000e+01   7.8066113e-16   1.0087500e-01   1.0087500e-01
   1.5000000e+01   2.0000000e+01   7.3603341e-16   9.8656250e-02   9.8656250e-02
   1.6000000e+01   2.0000000e+01   5.8889342e-16   9.1187500e-02   9.1187500e-02
   1.7000000e+01   2.0000000e+01   5.9497272e-16   8.5000000e-02   8.5000000e-02
   1.8000000e+01   2.0000000e+01   4.7173305e-16   7.2718750e-02   7.2718750e-02
   1.9000000e+01   2.0000000e+01   5.0240574e-16   6.9406250e-02   6.9406250e-02
   2.0000000e+01   2.0000000e+01   4.9420213e-16   6.2812500e-02   6.2812500e-02
   2.1000000e+01   2.0000000e+01   4.5337424e-16   6.0000000e-02   6.0000000e-02
   2.2000000e+01   2.0000000e+01   4.8781655e-16   6.4500000e-02   6.4500000e-02
   2.3000000e+01   2.0000000e+01   4.8172132e-16   7.1906250e-02   7.1906250e-02
   2.4000000e+01   2.0000000e+01   5.4147557e-16   7.3187500e-02   7.3187500e-02
   2.5000000e+01   2.0000000e+01   5.9277913e-16   8.3687500e-02   8.3687500e-02
   2.6000000e+01   2.0000000e+01   6.6601529e-16   9.3250000e-02   9.3250000e-02
   2.7000000e+01   2.0000000e+01   6.2182264e-16   9.6593750e-02   9.6593750e-02
   2.8000000e+01   2.0000000e+01   6.6558508e-16   9.9281250e-02   9.9281250e-02
   2.9000000e+01   2.0000000e+01   6.5348708e-16   9.4281250e-02   9.4281250e-02
   3.0000000e+01   2.0000000e+01   7.0143856e-16   9.5937500e-02   9.5937500e-02
   3.1000000e+01   2.0000000e+01   6.7717355e-16   9.5968750e-02   9.5968750e-02
   3.2000000e+01   2.0000000e+01   5.4672844e-16   8.9187500e-02   8.9187500e-02
   3.3000000e+01   2.0000000e+01   6.0950538e-16   8.4750000e-02   8.4750000e-02
   3.4000000e+01   2.0000000e+01   4.7620447e-16   7.4937500e-02   7.4937500e-02
   3.5000000e+01   2.0000000e+01   5.5685268e-16   6.8937500e-02   6.8937500e-02
   1.0000000e+00   2.1000000e+01   6.0368952e-16   8.0906250e-02   8.0906250e-02
   2.0000000e+00   2.1000000e+01   5.2947978e-16   7.1218750e-02   7.1218750e-02
   3.0000000e+00   2.1000000e+01   5.3195268e-16   6.8656250e-02   6.8656250e-02
   4.0000000e+00   2.1000000e+01   5.0669025e-16   6.5718750e-02   6.5718750e-02
   5.0000000e+00   2.1000000e+01   4.7390447e-16   6.8937500e-02   6.8937500e-02
   6.0000000e+00   2.1000000e+01   4.7625531e-16   7.1906250e-02   7.1906250e-02
   7.0000000e+00   2.1000000e+01   5.5710852e-16   7.7468750e-02   7.7468750e-02
   8.0000000e+00   2.1000000e+01   6.4268810e-16   8.6968750e-02   8.6968750e-02
   9.0000000e+00   2.1000000e+01   6.7842633e-16   9.8406250e-02   9.8406250e-02
   1.0000000e+01   2.1000000e+01   6.8207026e-16   1.0593750e-01   1.0593750e-01
   1.1000000e+01   2.1000000e+01   7.5911592e-16   1.0978125e-01   1.0978125e-01
   1.2000000e+01   2.1000000e+01   7.3490794e-16   1.1375000e-01   1.1375000e-01
   1.3000000e+01   2.1000000e+01   7.6439216e-16   1.0971875e-01   1.0971875e-01
   1.4000000e+01   2.1000000e+01   7.1294779e-16   1.1137500e-01   1.1137500e-01
   1.5000000e+01   2.1000000e+01   7.1442749e-16   1.0587500e-01   1.0587500e-01
   1.6000000e+01   2.1000000e+01   6.6922652e-16   9.9250000e-02   9.9250000e-02
   1.7000000e+01   2.1000000e+01   6.4365109e-16   9.2281250e-02   9.2281250e-02
   1.8000000e+01   2.1000000e+01   5.5350460e-16   8.1500000e-02   8.1500000e-02
   1.9000000e+01   2.1000000e+01   5.3700962e-16   7.3250000e-02   7.3250000e-02
   2.0000000e+01   2.1000000e+01   4.8341610e-16   6.6781250e-02   6.6781250e-02
   2.1000000e+01   2.1000000e+01   4.2452170e-16   6.6375000e-02   6.6375000e-02
   2.2000000e+01   2.1000000e+01   4.8845137e-16   7.1093750e-02   7.1093750e-02
   2.3000000e+01   2.1000000e+01   4.6698653e-16   7.2281250e-02   7.2281250e-02
   2.4000000e+01   2.1000000e+01   5.7770218e-16   7.9281250e-02   7.9281250e-02
   2.5000000e+01   2.1000000e+01   6.0534554e-16   8.5593750e-02   8.5593750e-02
   2.6000000e+01   2.1000000e+01   6.4678064e-16   9.4968750e-02   9.4968750e-02
   2.7000000e+01   2.1000000e+01   6.9732072e-16   1.0659375e-01   1.0659375e-01
   2.8000000e+01   2.1000000e+01   6.6096981e-16   1.0718750e-01   1.0718750e-01
   2.9000000e+01   2.1000000e+01   8.2156801e-16   1.1050000e-01   1.1050000e-01
   3.0000000e+01   2.1000000e+01   7.1755878e-16   1.0971875e-01   1.0971875e-01
   3.1000000e+01   2.1000000e+01   6.8832281e-16   1.0662500e-01   1.0662500e-01
   3.2000000e+01   2.1000000e+01   6.6725242e-16   1.0137500e-01   1.0137500e-01
   3.3000000e+01   2.1000000e+01   5.9581488e-16   8.9343750e-02   8.9343750e-02
   3.4000000e+01   2.1000000e+01   6.6577591e-16   8.2625000e-02   8.2625000e-02
   3.5000000e+01   2.1000000e+01   4.6929666e-16   7.3625000e-02   7.3625000e-02
   1.0000000e+00   2.2000000e+01   6.4478970e-16   8.2687500e-02   8.2687500e-02
   2.0000000e+00   2.2000000e+01   5.1101969e-16   7.4218750e-02   7.4218750e-02
   3.0000000e+00   2.2000000e+01   4.7313008e-16   7.1031250e-02   7.1031250e-02
   4.0000000e+00   2.2000000e+01   4.7948539e-16   6.8062500e-02   6.8062500e-02
   5.0000000e+00   2.2000000e+01   5.2882649e-16   7.2281250e-02   7.2281250e-02
   6.0000000e+00   2.2000000e+01   5.9077169e-16   7.9343750e-02   7.9343750e-02
   7.0000000e+00   2.2000000e+01   5.2975766e-16   8.4031250e-02   8.4031250e-02
   8.0000000e+00   2.2000000e+01   7.0905668e-16   9.1531250e-02   9.1531250e-02
   9.0000000e+00   2.2000000e+01   6.4986139e-16   9.6500000e-02   9.6500000e-02
   1.0000000e+01   2.2000000e+01   8.1020590e-16   1.1312500e-01   1.1312500e-01
   1.1000000e+01   2.2000000e+01   8.0826813e-16   1.2153125e-01   1.2153125e-01
   1.2000000e+01   2.2000000e+01   7.8673137e-16   1.2225000e-01   1.2225000e-01
   1.3000000e+01   2.2000000e+01   7.9711152e-16   1.2206250e-01   1.2206250e-01
   1.4000000e+01   2.2000000e+01   8.3296347e-16   1.1668750e-01   1.1668750e-01
   1.5000000e+01   2.2000000e+01   7.5890218e-16   1.1303125e-01   1.1303125e-01
   1.6000000e+01   2.2000000e+01   6.8351221e-16   1.0318750e-01   1.0318750e-01
   1.7000000e+01   2.2000000e+01   6.0728207e-16   9.1906250e-02   9.1906250e-02
   1.8000000e+01   2.2000000e+01   5.8744514e-16   8.3062500e-02   8.3062500e-02
   1.9000000e+01   2.2000000e+01   5.2383777e-16   7.6468750e-02   7.6468750e-02
   2.0000000e+01   2.2000000e+01   4.7781748e-16   7.0062500e-02   7.0062500e-02
   2.1000000e+01   2.2000000e+01   5.1079280e-16   7.0593750e-02   7.0593750e-02
   2.2000000e+01   2.2000000e+01   4.4960976e-16   7.1843750e-02   7.1843750e-02
   2.3000000e+01   2.2000000e+01   5.4920366e-16   7.7843750e-02   7.7843750e-02
   2.4000000e+01   2.2000000e+01   5.8341683e-16   8.6156250e-02   8.6156250e-02
   2.5000000e+01   2.2000000e+01   6.2593693e-16   9.6281250e-02   9.6281250e-02
   2.6000000e+01   2.2000000e+01   7.1531479e-16   1.0375000e-01   1.0375000e-01
   2.7000000e+01   2.2000000e+01   7.1801163e-16   1.1090625e-01   1.1090625e-01
   2.8000000e+01   2.2000000e+01   7.4367378e-16   1.1759375e-01   1.1759375e-01
   2.9000000e+01   2.2000000e+01   7.7143609e-16   1.1971875e-01   1.1971875e-01
   3.0000000e+01   2.2000000e+01   6.9503940e-16   1.1534375e-01   1.1534375e-01
   3.1000000e+01   2.2000000e+01   7.8650165e-16   1.1009375e-01   1.1009375e-01
   3.2000000e+01   2.2000000e+01   7.2408169e-16   1.0668750e-01   1.0668750e-01
   3.3000000e+01   2.2000000e+01   6.0332492e-16   9.4843750e-02   9.4843750e-02
   3.4000000e+01   2.2000000e+01   6.0942561e-16   8.4125000e-02   8.4125000e-02
   3.5000000e+01   2.2000000e+01   5.3516240e-16   7.1687500e-02   7.1687500e-02
   1.0000000e+00   2.3000000e+01   5.7957973e-16   8.9187500e-02   8.9187500e-02
   2.0000000e+00   2.3000000e+01   5.5472148e-16   8.0593750e-02   8.0593750e-02
   3.0000000e+00   2.3000000e+01   5.7911148e-16   7.7218750e-02   7.7218750e-02
   4.0000000e+00   2.3000000e+01   6.0025369e-16   7.0312500e-02   7.0312500e-02
   5.0000000e+00   2.3000000e+01   5.4722477e-16   7.2937500e-02   7.2937500e-02
   6.0000000e+00   2.3000000e+01   5.8365320e-16   8.1531250e-02   8.1531250e-02
   7.0000000e+00   2.3000000e+01   6.0890815e-16   8.8968750e-02   8.8968750e-02
   8.0000000e+00   2.3000000e+01   7.5746492e-16   1.0006250e-01   1.0006250e-01
   9.0000000e+00   2.3000000e+01   6.9771185e-16   1.0431250e-01   1.0431250e-01
   1.0000000e+01   2.3000000e+01   8.1600825e-16   1.1646875e-01   1.1646875e-01
   1.1000000e+01   2.3000000e+01   8.9837053e-16   1.2725000e-01   1.2725000e-01
   1.2000000e+01   2.3000000e+01   8.6689929e-16   1.2184375e-01   1.2184375e-01
   1.3000000e+01   2.3000000e+01   8.5355449e-16   1.2309375e-01   1.2309375e-01
   1.4000000e+01   2.3000000e+01   8.4857236e-16   1.2390625e-01   1.2390625e-01
   1.5000000e+01   2.3000000e+01   7.2635101e-16   1.1940625e-01   1.1940625e-01
   1.6000000e+01   2.3000000e+01   8.1675920e-16   1.1012500e-01   1.1012500e-01
   1.7000000e+01   2.3000000e+01   7.0377680e-16   1.0003125e-01   1.0003125e-01
   1.8000000e+01   2.3000000e+01   6.1858965e-16   9.0718750e-02   9.0718750e-02
   1.9000000e+01   2.3000000e+01   5.8923230e-16   8.2375000e-02   8.2375000e-02
   2.0000000e+01   2.3000000e+01   5.1871270e-16   7.5406250e-02   7.5406250e-02
   2.1000000e+01   2.3000000e+01   4.6377726e-16   6.9781250e-02   6.9781250e-02
   2.2000000e+01   2.3000000e+01   5.2796119e-16   7.3656250e-02   7.3656250e-02
   2.3000000e+01   2.3000000e+01   5.4840834e-16   8.1968750e-02   8.1968750e-02
   2.4000000e+01   2.3000000e+01   6.6386845e-16   9.4750000e-02   9.4750000e-02
   2.5000000e+01   2.3000000e+01   6.3260378e-16   1.0031250e-01   1.0031250e-01
   2.6000000e+01   2.3000000e+01   7.0727382e-16   1.0987500e-01   1.0987500e-01
   2.7000000e+01   2.3000000e+01   8.2189180e-16   1.2503125e-01   1.2503125e-01
   2.8000000e+01   2.3000000e+01   7.8346013e-16   1.2371875e-01   1.2371875e-01
   2.9000000e+01   2.3000000e+01   8.6588069e-16   1.2575000e-01   1.2575000e-01
   3.0000000e+01   2.3000000e+01   8.1826746e-16   1.2409375e-01   1.2409375e-01
   3.1000000e+01   2.3000000e+01   7.6066945e-16   1.1709375e-01   1.1709375e-01
   3.2000000e+01   2.3000000e+01   7.6092569e-16   1.1278125e-01   1.1278125e-01
   3.3000000e+01   2.3000000e+01   6.1875202e-16   1.0203125e-01   1.0203125e-01
   3.4000000e+01   2.3000000e+01   6.2408610e-16   9.1562500e-02   9.1562500e-02
   3.5000000e+01   2.3000000e+01   5.7743757e-16   8.0000000e-02   8.0000000e-02
   1.0000000e+00   2.4000000e+01   5.9768877e-16   8.9812500e-02   8.9812500e-02
   2.0000000e+00   2.4000000e+01   5.6007196e-16   8.3187500e-02   8.3187500e-02
   3.0000000e+00   2.4000000e+01   5.8558554e-16   7.7812500e-02   7.7812500e-02
   4.0000000e+00   2.4000000e+01   5.3173705e-16   7.0250000e-02   7.0250000e-02
   5.0000000e+00   2.4000000e+01   5.5607176e-16   7.4312500e-02   7.4312500e-02
   6.0000000e+00   2.4000000e+01   5.7043208e-16   8.3187500e-02   8.3187500e-02
   7.0000000e+00   2.4000000e+01   6.1729817e-16   9.0218750e-02   9.0218750e-02
   8.0000000e+00   2.4000000e+01   6.9585040e-16   1.0300000e-01   1.0300000e-01
   9.0000000e+00   2.4000000e+01   6.4741793e-16   1.0621875e-01   1.0621875e-01
   1.0000000e+01   2.4000000e+01   7.9345222e-16   1.1890625e-01   1.1890625e-01
   1.1000000e+01   2.4000000e+01   8.4179568e-16   1.2434375e-01   1.2434375e-01
   1.2000000e+01   2.4000000e+01   7.6168627e-16   1.2103125e-01   1.2103125e-01
   1.3000000e+01   2.4000000e+01   8.3526227e-16   1.2271875e-01   1.2271875e-01
   1.4000000e+01   2.4000000e+01   7.9616137e-16   1.2278125e-01   1.2278125e-01
   1.5000000e+01   2.4000000e+01   7.7039603e-16   1.1778125e-01   1.1778125e-01
   1.6000000e+01   2.4000000e+01   8.3216149e-16   1.0887500e-01   1.0887500e-01
   1.7000000e+01   2.4000000e+01   6.9623006e-16   9.7093750e-02   9.7093750e-02
   1.8000000e+01   2.4000000e+01   6.2350980e-16   8.8875000e-02   8.8875000e-02
   1.9000000e+01   2.4000000e+01   6.0148676e-16   8.3156250e-02   8.3156250e-02
   2.0000000e+01   2.4000000e+01   5.2518744e-16   7.2406250e-02   7.2406250e-02
   2.1000000e+01   2.4000000e+01   4.9785648e-16   7.0718750e-02   7.0718750e-02
   2.2000000e+01   2.4000000e+01   4.6885400e-16   7.5125000e-02   7.5125000e-02
   2.3000000e+01   2.4000000e+01   5.5660403e-16   8.5250000e-02   8.5250000e-02
   2.4000000e+01   2.4000000e+01   6.3097447e-16   9.4625000e-02   9.4625000e-02
   2.5000000e+01   2.4000000e+01   7.2949089e-16   1.0703125e-01   1.0703125e-01
   2.6000000e+01   2.4000000e+01   7.3146042e-16   1.1278125e-01   1.1278125e-01
   2.7000000e+01   2.4000000e+01   7.4297732e-16   1.1993750e-01   1.1993750e-01
   2.8000000e+01   2.4000000e+01   8.5759356e-16   1.2046875e-01   1.2046875e-01
   2.9000000e+01   2.4000000e+01   8.3282541e-16   1.1775000e-01   1.1775000e-01
   3.0000000e+01   2.4000000e+01   8.8713603e-16   1.2075000e-01   1.2075000e-01
   3.1000000e+01   2.4000000e+01   8.7763523e-16   1.2096875e-01   1.2096875e-01
   3.2000000e+01   2.4000000e+01   8.5515824e-16   1.1503125e-01   1.1503125e-01
   3.3000000e+01   2.4000000e+01   6.6526284e-16   1.0428125e-01   1.0428125e-01
   3.4000000e+01   2.4000000e+01   6.5778103e-16   9.5156250e-02   9.5156250e-02
   3.5000000e+01   2.4000000e+01   5.6081333e-16   8.3593750e-02   8.3593750e-02
   1.0000000e+00   2.5000000e+01   6.1005894e-16   9.4593750e-02   9.4593750e-02
   2.0000000e+00   2.5000000e+01   5.6861983e-16   8.3281250e-02   8.3281250e-02
   3.0000000e+00   2.5000000e+01   5.4460488e-16   7.8843750e-02   7.8843750e-02
   4.0000000e+00   2.5000000e+01   5.1302065e-16   7.2562500e-02   7.2562500e-02
   5.0000000e+00   2.5000000e+01   5.2368025e-16   7.3406250e-02   7.3406250e-02
   6.0000000e+00   2.5000000e+01   6.3452230e-16   8.4031250e-02   8.4031250e-02
   7.0000000e+00   2.5000000e+01   6.2720596e-16   9.2062500e-02   9.2062500e-02
   8.0000000e+00   2.5000000e+01   6.9479196e-16   1.0140625e-01   1.0140625e-01
   9.0000000e+00   2.5000000e+01   6.7294826e-16   1.0537500e-01   1.0537500e-01
   1.0000000e+01   2.5000000e+01   7.5377501e-16   1.1243750e-01   1.1243750e-01
   1.1000000e+01   2.5000000e+01   8.4000085e-16   1.1831250e-01   1.1831250e-01
   1.2000000e+01   2.5000000e+01   8.4895493e-16   1.1600000e-01   1.1600000e-01
   1.3000000e+01   2.5000000e+01   7.6648840e-16   1.1503125e-01   1.1503125e-01
   1.4000000e+01   2.5000000e+01   7.7478326e-16   1.2246875e-01   1.2246875e-01
   1.5000000e+01   2.5000000e+01   8.3753527e-16   1.2131250e-01   1.2131250e-01
   1.6000000e+01   2.5000000e+01   7.9427438e-16   1.1484375e-01   1.1484375e-01
   1.7000000e+01   2.5000000e+01   6.4524209e-16   1.0062500e-01   1.0062500e-01
   1.8000000e+01   2.5000000e+01   6.3032387e-16   8.6406250e-02   8.6406250e-02
   1.9000000e+01   2.5000000e+01   5.9592066e-16   8.3375000e-02   8.3375000e-02
   2.0000000e+01   2.5000000e+01   5.4497854e-16   7.6000000e-02   7.6000000e-02
   2.1000000e+01   2.5000000e+01   5.4638735e-16   7.2875000e-02   7.2875000e-02
   2.2000000e+01   2.5000000e+01   4.8016572e-16   7.3437500e-02   7.3437500e-02
   2.3000000e+01   2.5000000e+01   5.9963829e-16   8.5500000e-02   8.5500000e-02
   2.4000000e+01   2.5000000e+01   6.5982183e-16   9.6906250e-02   9.6906250e-02
   2.5000000e+01   2.5000000e+01   6.9374087e-16   1.0259375e-01   1.0259375e-01
   2.6000000e+01   2.5000000e+01   6.6814876e-16   1.0881250e-01   1.0881250e-01
   2.7000000e+01   2.5000000e+01   8.2443784e-16   1.2025000e-01   1.2025000e-01
   2.8000000e+01   2.5000000e+01   6.9489446e-16   1.1900000e-01   1.1900000e-01
   2.9000000e+01   2.5000000e+01   8.5904642e-16   1.1981250e-01   1.1981250e-01
   3.0000000e+01   2.5000000e+01   7.7136578e-16   1.2121875e-01   1.2121875e-01
   3.1000000e+01   2.5000000e+01   8.1671129e-16   1.2353125e-01   1.2353125e-01
   3.2000000e+01   2.5000000e+01   8.1685162e-16   1.1793750e-01   1.1793750e-01
   3.3000000e+01   2.5000000e+01   7.2886938e-16   1.0656250e-01   1.0656250e-01
   3.4000000e+01   2.5000000e+01   6.3254928e-16   9.7562500e-02   9.7562500e-02
   3.5000000e+01   2.5000000e+01   5.9784806e-16   8.7281250e-02   8.7281250e-02
   1.0000000e+00   2.6000000e+01   7.2629014e-16   9.7562500e-02   9.7562500e-02
   2.0000000e+00   2.6000000e+01   6.4768701e-16   8.5093750e-02   8.5093750e-02
   3.0000000e+00   2.6000000e+01   5.5936519e-16   7.9687500e-02   7.9687500e-02
   4.0000000e+00   2.6000000e+01   4.6733124e-16   7.4062500e-02   7.4062500e-02
   5.0000000e+00   2.6000000e+01   5.3506468e-16   7.4406250e-02   7.4406250e-02
   6.0000000e+00   2.6000000e+01   5.4560250e-16   7.9968750e-02   7.9968750e-02
   7.0000000e+00   2.6000000e+01   6.0575596e-16   9.2718750e-02   9.2718750e-02
   8.0000000e+00   2.6000000e+01   7.1244808e-16   1.0021875e-01   1.0021875e-01
   9.0000000e+00   2.6000000e+01   6.6305144e-16   1.0225000e-01   1.0225000e-01
   1.0000000e+01   2.6000000e+01   7.3547898e-16   1.0587500e-01   1.0587500e-01
   1.1000000e+01   2.6000000e+01   7.8371759e-16   1.1428125e-01   1.1428125e-01
   1.2000000e+01   2.6000000e+01   7.8999265e-16   1.1581250e-01   1.1581250e-01
   1.3000000e+01   2.6000000e+01   8.9079724e-16   1.1903125e-01   1.1903125e-01
   1.4000000e+01   2.6000000e+01   9.2963277e-16   1.1946875e-01   1.1946875e-01
   1.5000000e+01   2.6000000e+01   8.4295409e-16   1.1468750e-01   1.1468750e-01
   1.6000000e+01   2.6000000e+01   7.3917081e-16   1.0796875e-01   1.0796875e-01
   1.7000000e+01   2.6000000e+01   7.0577137e-16   1.0221875e-01   1.0221875e-01
   1.8000000e+01   2.6000000e+01   6.3144817e-16   9.2937500e-02   9.2937500e-02
   1.9000000e+01   2.6000000e+01   5.7531396e-16   8.5531250e-02   8.5531250e-02
   2.0000000e+01   2.6000000e+01   5.0781347e-16   7.5187500e-02   7.5187500e-02
   2.1000000e+01   2.6000000e+01   4.9183643e-16   7.1187500e-02   7.1187500e-02
   2.2000000e+01   2.6000000e+01   5.5789395e-16   7.5250000e-02   7.5250000e-02
   2.3000000e+01   2.6000000e+01   6.5185030e-16   8.8250000e-02   8.8250000e-02
   2.4000000e+01   2.6000000e+01   6.5553482e-16   9.3906250e-02   9.3906250e-02
   2.5000000e+01   2.6000000e+01   6.7154054e-16   1.0271875e-01   1.0271875e-01
   2.6000000e+01   2.6000000e+01   7.1635568e-16   1.0600000e-01   1.0600000e-01
   2.7000000e+01   2.6000000e+01   7.8201879e-16   1.1037500e-01   1.1037500e-01
   2.8000000e+01   2.6000000e+01   7.0824788e-16   1.1059375e-01   1.1059375e-01
   2.9000000e+01   2.6000000e+01   7.7825824e-16   1.1596875e-01   1.1596875e-01
   3.0000000e+01   2.6000000e+01   8.0204635e-16   1.2078125e-01   1.2078125e-01
   3.1000000e+01   2.6000000e+01   7.9769310e-16   1.2156250e-01   1.2156250e-01
   3.2000000e+01   2.6000000e+01   7.4480148e-16   1.1509375e-01   1.1509375e-01
   3.3000000e+01   2.6000000e+01   7.0399326e-16   1.0918750e-01   1.0918750e-01
   3.4000000e+01   2.6000000e+01   6.7202750e-16   9.9156250e-02   9.9156250e-02
   3.5000000e+01   2.6000000e+01   5.6831881e-16   8.4531250e-02   8.4531250e-02
   1.0000000e+00   2.7000000e+01   6.2846832e-16   9.3937500e-02   9.3937500e-02
   2.0000000e+00   2.7000000e+01   5.7411251e-16   8.5531250e-02   8.5531250e-02
   3.0000000e+00   2.7000000e+01   5.7954898e-16   7.8312500e-02   7.8312500e-02
   4.0000000e+00   2.7000000e+01   5.3882222e-16   7.6500000e-02   7.6500000e-02
   5.0000000e+00   2.7000000e+01   6.4282469e-16   7.7906250e-02   7.7906250e-02
   6.0000000e+00   2.7000000e+01   5.9021242e-16   8.1875000e-02   8.1875000e-02
   7.0000000e+00   2.7000000e+01   5.5996243e-16   8.7250000e-02   8.7250000e-02
   8.0000000e+00   2.7000000e+01   6.5187464e-16   9.9000000e-02   9.9000000e-02
   9.0000000e+00   2.7000000e+01   6.3484080e-16   9.9500000e-02   9.9500000e-02
   1.0000000e+01   2.7000000e+01   6.6501095e-16   1.0181250e-01   1.0181250e-01
   1.1000000e+01   2.7000000e+01   7.3080895e-16   1.0937500e-01   1.0937500e-01
   1.2000000e+01   2.7000000e+01   7.0694038e-16   1.1153125e-01   1.1153125e-01
   1.3000000e+01   2.7000000e+01   7.6536364e-16   1.1834375e-01   1.1834375e-01
   1.4000000e+01   2.7000000e+01   7.5671125e-16   1.1853125e-01   1.1853125e-01
   1.5000000e+01   2.7000000e+01   7.4045797e-16   1.1309375e-01   1.1309375e-01
   1.6000000e+01   2.7000000e+01   7.5404410e-16   1.1025000e-01   1.1025000e-01
   1.7000000e+01   2.7000000e+01   6.5974318e-16   1.0096875e-01   1.0096875e-01
   1.8000000e+01   2.7000000e+01   6.4532891e-16   9.0875000e-02   9.0875000e-02
   1.9000000e+01   2.7000000e+01   6.5413704e-16   8.3968750e-02   8.3968750e-02
   2.0000000e+01   2.7000000e+01   5.9682223e-16   7.6656250e-02   7.6656250e-02
   2.1000000e+01   2.7000000e+01   4.8268311e-16   7.5062500e-02   7.5062500e-02
   2.2000000e+01   2.7000000e+01   5.5414799e-16   7.4500000e-02   7.4500000e-02
   2.3000000e+01   2.7000000e+01   5.9014485e-16   8.4468750e-02   8.4468750e-02
   2.4000000e+01   2.7000000e+01   6.5477316e-16   9.3531250e-02   9.3531250e-02
   2.5000000e+01   2.7000000e+01   6.2667944e-16   1.0000000e-01   1.0000000e-01
   2.6000000e+01   2.7000000e+01   7.2896309e-16   1.0340625e-01   1.0340625e-01
   2.7000000e+01   2.7000000e+01   7.7884979e-16   1.0656250e-01   1.0656250e-01
   2.8000000e+01   2.7000000e+01   7.4705527e-16   1.1228125e-01   1.1228125e-01
   2.9000000e+01   2.7000000e+01   7.9623043e-16   1.1768750e-01   1.1768750e-01
   3.0000000e+01   2.7000000e+01   7.5259878e-16   1.1893750e-01   1.1893750e-01
   3.1000000e+01   2.7000000e+01   8.2579288e-16   1.1709375e-01   1.1709375e-01
   3.2000000e+01   2.7000000e+01   9.1673745e-16   1.1246875e-01   1.1246875e-01
   3.3000000e+01   2.7000000e+01   6.6443744e-16   1.0503125e-01   1.0503125e-01
   3.4000000e+01   2.7000000e+01   6.7338273e-16   1.0012500e-01   1.0012500e-01
   3.5000000e+01   2.7000000e+01   6.8888709e-16   9.0156250e-02   9.0156250e-02
   1.0000000e+00   2.8000000e+01   6.4893416e-16   9.5562500e-02   9.5562500e-02
   2.0000000e+00   2.8000000e+01   5.7241160e-16   8.4468750e-02   8.4468750e-02
   3.0000000e+00   2.8000000e+01   5.1950449e-16   7.9468750e-02   7.9468750e-02
   4.0000000e+00   2.8000000e+01   4.8635719e-16   7.2375000e-02   7.2375000e-02
   5.0000000e+00   2.8000000e+01   5.2669020e-16   7.0250000e-02   7.0250000e-02
   6.0000000e+00   2.8000000e+01   4.8434391e-16   7.5781250e-02   7.5781250e-02
   7.0000000e+00   2.8000000e+01   6.5200783e-16   8.4937500e-02   8.4937500e-02
   8.0000000e+00   2.8000000e+01   6.3522341e-16   9.3187500e-02   9.3187500e-02
   9.0000000e+00   2.8000000e+01   6.5117834e-16   9.9156250e-02   9.9156250e-02
   1.0000000e+01   2.8000000e+01   7.3106880e-16   1.0178125e-01   1.0178125e-01
   1.1000000e+01   2.8000000e+01   6.6727841e-16   1.0062500e-01   1.0062500e-01
   1.2000000e+01   2.8000000e+01   7.1309146e-16   1.1068750e-01   1.1068750e-01
   1.3000000e+01   2.8000000e+01   7.6797084e-16   1.1609375e-01   1.1609375e-01
   1.4000000e+01   2.8000000e+01   6.8853131e-16   1.1159375e-01   1.1159375e-01
   1.5000000e+01   2.8000000e+01   7.9950429e-16   1.1093750e-01   1.1093750e-01
   1.6000000e+01   2.8000000e+01   6.7935128e-16   1.0637500e-01   1.0637500e-01
   1.7000000e+01   2.8000000e+01   7.2875305e-16   9.8218750e-02   9.8218750e-02
   1.8000000e+01   2.8000000e+01   6.0715646e-16   8.9437500e-02   8.9437500e-02
   1.9000000e+01   2.8000000e+01   6.0965688e-16   8.6062500e-02   8.6062500e-02
   2.0000000e+01   2.8000000e+01   6.2864647e-16   8.1031250e-02   8.1031250e-02
   2.1000000e+01   2.8000000e+01   5.1465968e-16   7.4375000e-02   7.4375000e-02
   2.2000000e+01   2.8000000e+01   5.5054152e-16   7.7312500e-02   7.7312500e-02
   2.3000000e+01   2.8000000e+01   5.8968883e-16   8.3062500e-02   8.3062500e-02
   2.4000000e+01   2.8000000e+01   5.6458277e-16   8.6718750e-02   8.6718750e-02
   2.5000000e+01   2.8000000e+01   7.2627567e-16   9.8187500e-02   9.8187500e-02
   2.6000000e+01   2.8000000e+01   6.8483852e-16   1.0237500e-01   1.0237500e-01
   2.7000000e+01   2.8000000e+01   6.9446735e-16   1.0465625e-01   1.0465625e-01
   2.8000000e+01   2.8000000e+01   7.5343175e-16   1.1131250e-01   1.1131250e-01
   2.9000000e+01   2.8000000e+01   7.2993589e-16   1.1503125e-01   1.1503125e-01
   3.0000000e+01   2.8000000e+01   7.6689595e-16   1.1543750e-01   1.1543750e-01
   3.1000000e+01   2.8000000e+01   7.4926132e-16   1.1493750e-01   1.1493750e-01
   3.2000000e+01   2.8000000e+01   7.8452563e-16   1.1375000e-01   1.1375000e-01
   3.3000000e+01   2.8000000e+01   7.7034088e-16   1.1100000e-01   1.1100000e-01
   3.4000000e+01   2.8000000e+01   6.7995438e-16   9.9750000e-02   9.9750000e-02
   3.5000000e+01   2.8000000e+01   6.1798360e-16   9.1406250e-02   9.1406250e-02
   1.0000000e+00   2.9000000e+01   6.5711112e-16   9.2718750e-02   9.2718750e-02
   2.0000000e+00   2.9000000e+01   6.0033064e-16   8.7593750e-02   8.7593750e-02
   3.0000000e+00   2.9000000e+01   5.3674027e-16   7.7437500e-02   7.7437500e-02
   4.0000000e+00   2.9000000e+01   5.9166917e-16   7.3468750e-02   7.3468750e-02
   5.0000000e+00   2.9000000e+01   4.9397267e-16   7.0531250e-02   7.0531250e-02
   6.0000000e+00   2.9000000e+01   5.8277373e-16   7.2406250e-02   7.2406250e-02
   7.0000000e+00   2.9000000e+01   5.8196018e-16   7.9718750e-02   7.9718750e-02
   8.0000000e+00   2.9000000e+01   5.5015944e-16   8.5468750e-02   8.5468750e-02
   9.0000000e+00   2.9000000e+01   6.1546915e-16   9.1218750e-02   9.1218750e-02
   1.0000000e+01   2.9000000e+01   6.0109023e-16   9.8062500e-02   9.8062500e-02
   1.1000000e+01   2.9000000e+01   6.7409880e-16   1.0303125e-01   1.0303125e-01
   1.2000000e+01   2.9000000e+01   7.0619969e-16   1.0681250e-01   1.0681250e-01
   1.3000000e+01   2.9000000e+01   7.5339214e-16   1.0890625e-01   1.0890625e-01
   1.4000000e+01   2.9000000e+01   7.7998299e-16   1.1025000e-01   1.1025000e-01
   1.5000000e+01   2.9000000e+01   7.2283654e-16   1.1275000e-01   1.1275000e-01
   1.6000000e+01   2.9000000e+01   6.6602683e-16   1.0387500e-01   1.0387500e-01
   1.7000000e+01   2.9000000e+01   6.4116635e-16   9.6312500e-02   9.6312500e-02
   1.8000000e+01   2.9000000e+01   6.1761989e-16   9.2031250e-02   9.2031250e-02
   1.9000000e+01   2.9000000e+01   6.0000045e-16   8.4562500e-02   8.4562500e-02
   2.0000000e+01   2.9000000e+01   6.3083787e-16   7.7656250e-02   7.7656250e-02
   2.1000000e+01   2.9000000e+01   5.8958474e-16   7.4750000e-02   7.4750000e-02
   2.2000000e+01   2.9000000e+01   5.2140918e-16   7.1625000e-02   7.1625000e-02
   2.3000000e+01   2.9000000e+01   5.6283691e-16   7.8843750e-02   7.8843750e-02
   2.4000000e+01   2.9000000e+01   5.0835530e-16   8.2218750e-02   8.2218750e-02
   2.5000000e+01   2.9000000e+01   6.8253868e-16   9.1937500e-02   9.1937500e-02
   2.6000000e+01   2.9000000e+01   6.2879866e-16   9.5281250e-02   9.5281250e-02
   2.7000000e+01   2.9000000e+01   6.8357154e-16   1.0250000e-01   1.0250000e-01
   2.8000000e+01   2.9000000e+01   7.7110090e-16   1.0915625e-01   1.0915625e-01
   2.9000000e+01   2.9000000e+01   7.8364907e-16   1.1131250e-01   1.1131250e-01
   3.0000000e+01   2.9000000e+01   8.0814533e-16   1.1565625e-01   1.1565625e-01
   3.1000000e+01   2.9000000e+01   8.2148687e-16   1.1312500e-01   1.1312500e-01
   3.2000000e+01   2.9000000e+01   6.8674066e-16   1.1034375e-01   1.1034375e-01
   3.3000000e+01   2.9000000e+01   7.3001180e-16   1.0878125e-01   1.0878125e-01
   3.4000000e+01   2.9000000e+01   6.3719059e-16   9.8906250e-02   9.8906250e-02
   3.5000000e+01   2.9000000e+01   6.1468755e-16   9.0562500e-02   9.0562500e-02
   1.0000000e+00   3.0000000e+01   6.2350363e-16   8.9093750e-02   8.9093750e-02
   2.0000000e+00   3.0000000e+01   6.0797375e-16   8.3781250e-02   8.3781250e-02
   3.0000000e+00   3.0000000e+01   5.4145756e-16   7.5375000e-02   7.5375000e-02
   4.0000000e+00   3.0000000e+01   4.5162359e-16   6.8937500e-02   6.8937500e-02
   5.0000000e+00   3.0000000e+01   5.0256185e-16   6.4500000e-02   6.4500000e-02
   6.0000000e+00   3.0000000e+01   4.3871953e-16   6.6375000e-02   6.6375000e-02
   7.0000000e+00   3.0000000e+01   5.2318592e-16   7.1312500e-02   7.1312500e-02
   8.0000000e+00   3.0000000e+01   5.7420676e-16   7.8906250e-02   7.8906250e-02
   9.0000000e+00   3.0000000e+01   6.1389190e-16   8.7187500e-02   8.7187500e-02
   1.0000000e+01   3.0000000e+01   6.5305805e-16   9.5031250e-02   9.5031250e-02
   1.1000000e+01   3.0000000e+01   6.2771212e-16   9.3343750e-02   9.3343750e-02
   1.2000000e+01   3.0000000e+01   7.2235110e-16   9.8437500e-02   9.8437500e-02
   1.3000000e+01   3.0000000e+01   6.3072629e-16   1.0146875e-01   1.0146875e-01
   1.4000000e+01   3.0000000e+01   7.2209336e-16   1.0353125e-01   1.0353125e-01
   1.5000000e+01   3.0000000e+01   6.7669031e-16   1.0559375e-01   1.0559375e-01
   1.6000000e+01   3.0000000e+01   6.7163497e-16   1.0121875e-01   1.0121875e-01
   1.7000000e+01   3.0000000e+01   6.5115711e-16   9.6125000e-02   9.6125000e-02
   1.8000000e+01   3.0000000e+01   5.8594616e-16   8.4093750e-02   8.4093750e-02
   1.9000000e+01   3.0000000e+01   5.2170920e-16   7.8343750e-02   7.8343750e-02
   2.0000000e+01   3.0000000e+01   5.2529653e-16   7.5968750e-02   7.5968750e-02
   2.1000000e+01   3.0000000e+01   5.8844217e-16   6.9687500e-02   6.9687500e-02
   2.2000000e+01   3.0000000e+01   5.2970566e-16   6.9093750e-02   6.9093750e-02
   2.3000000e+01   3.0000000e+01   5.9862120e-16   7.1218750e-02   7.1218750e-02
   2.4000000e+01   3.0000000e+01   5.6933208e-16   7.7937500e-02   7.7937500e-02
   2.5000000e+01   3.0000000e+01   6.8666569e-16   8.5906250e-02   8.5906250e-02
   2.6000000e+01   3.0000000e+01   5.9520998e-16   9.1500000e-02   9.1500000e-02
   2.7000000e+01   3.0000000e+01   6.6473535e-16   1.0053125e-01   1.0053125e-01
   2.8000000e+01   3.0000000e+01   6.5162373e-16   1.0140625e-01   1.0140625e-01
   2.9000000e+01   3.0000000e+01   7.1394509e-16   1.0268750e-01   1.0268750e-01
   3.0000000e+01   3.0000000e+01   8.1170054e-16   1.0715625e-01   1.0715625e-01
   3.1000000e+01   3.0000000e+01   6.4578111e-16   1.0718750e-01   1.0718750e-01
   3.2000000e+01   3.0000000e+01   6.8806935e-16   1.0590625e-01   1.0590625e-01
   3.3000000e+01   3.0000000e+01   6.3508391e-16   1.0090625e-01   1.0090625e-01
   3.4000000e+01   3.0000000e+01   7.1675214e-16   9.7156250e-02   9.7156250e-02
   3.5000000e+01   3.0000000e+01   6.1249006e-16   8.8156250e-02   8.8156250e-02
   1.0000000e+00   3.1000000e+01   6.0225823e-16   8.3968750e-02   8.3968750e-02
   2.0000000e+00   3.1000000e+01   6.0110551e-16   7.8968750e-02   7.8968750e-02
   3.0000000e+00   3.1000000e+01   6.1055596e-16   7.3562500e-02   7.3562500e-02
   4.0000000e+00   3.1000000e+01   4.8627719e-16   6.3406250e-02   6.3406250e-02
   5.0000000e+00   3.1000000e+01   4.2237688e-16   6.4343750e-02   6.4343750e-02
   6.0000000e+00   3.1000000e+01   4.9127977e-16   6.4593750e-02   6.4593750e-02
   7.0000000e+00   3.1000000e+01   3.8656391e-16   6.1531250e-02   6.1531250e-02
   8.0000000e+00   3.1000000e+01   5.1832996e-16   6.7750000e-02   6.7750000e-02
   9.0000000e+00   3.1000000e+01   5.3653391e-16   7.5250000e-02   7.5250000e-02
   1.0000000e+01   3.1000000e+01   6.1547458e-16   8.6031250e-02   8.6031250e-02
   1.1000000e+01   3.1000000e+01   6.6693215e-16   9.2781250e-02   9.2781250e-02
   1.2000000e+01   3.1000000e+01   6.0973374e-16   9.2406250e-02   9.2406250e-02
   1.3000000e+01   3.1000000e+01   7.0780200e-16   9.8281250e-02   9.8281250e-02
   1.4000000e+01   3.1000000e+01   6.8038169e-16   9.8281250e-02   9.8281250e-02
   1.5000000e+01   3.1000000e+01   6.4848275e-16   9.6843750e-02   9.6843750e-02
   1.6000000e+01   3.1000000e+01   6.3408286e-16   9.1218750e-02   9.1218750e-02
   1.7000000e+01   3.1000000e+01   6.1341374e-16   8.7718750e-02   8.7718750e-02
   1.8000000e+01   3.1000000e+01   5.2496412e-16   8.2562500e-02   8.2562500e-02
   1.9000000e+01   3.1000000e+01   5.5160823e-16   7.9562500e-02   7.9562500e-02
   2.0000000e+01   3.1000000e+01   5.4056689e-16   7.0375000e-02   7.0375000e-02
   2.1000000e+01   3.1000000e+01   5.0993097e-16   6.7031250e-02   6.7031250e-02
   2.2000000e+01   3.1000000e+01   4.3729376e-16   6.4343750e-02   6.4343750e-02
   2.3000000e+01   3.1000000e+01   4.8035279e-16   6.7156250e-02   6.7156250e-02
   2.4000000e+01   3.1000000e+01   4.7044725e-16   6.9500000e-02   6.9500000e-02
   2.5000000e+01   3.1000000e+01   5.3818521e-16   7.9500000e-02   7.9500000e-02
   2.6000000e+01   3.1000000e+01   5.8209251e-16   8.4406250e-02   8.4406250e-02
   2.7000000e+01   3.1000000e+01   6.3923186e-16   9.4093750e-02   9.4093750e-02
   2.8000000e+01   3.1000000e+01   6.9930568e-16   9.7781250e-02   9.7781250e-02
   2.9000000e+01   3.1000000e+01   7.1458366e-16   1.0321875e-01   1.0321875e-01
   3.0000000e+01   3.1000000e+01   7.0587807e-16   1.0209375e-01   1.0209375e-01
   3.1000000e+01   3.1000000e+01   7.0059368e-16   1.0471875e-01   1.0471875e-01
   3.2000000e+01   3.1000000e+01   6.9883774e-16   1.0003125e-01   1.0003125e-01
   3.3000000e+01   3.1000000e+01   6.5018514e-16   9.2937500e-02   9.2937500e-02
   3.4000000e+01   3.1000000e+01   6.6213768e-16   9.1093750e-02   9.1093750e-02
   3.5000000e+01   3.1000000e+01   5.2201489e-16   8.2218750e-02   8.2218750e-02
   1.0000000e+00   3.2000000e+01   5.1784298e-16   7.3718750e-02   7.3718750e-02
   2.0000000e+00   3.2000000e+01   5.4091497e-16   7.0593750e-02   7.0593750e-02
   3.0000000e+00   3.2000000e+01   4.8196212e-16   6.4468750e-02   6.4468750e-02
   4.0000000e+00   3.2000000e+01   5.4191808e-16   6.3625000e-02   6.3625000e-02
   5.0000000e+00   3.2000000e+01   5.1377954e-16   6.2562500e-02   6.2562500e-02
   6.0000000e+00   3.2000000e+01   5.1412995e-16   5.8593750e-02   5.8593750e-02
   7.0000000e+00   3.2000000e+01   5.6438472e-16   6.2812500e-02   6.2812500e-02
   8.0000000e+00   3.2000000e+01   4.7810636e-16   6.3562500e-02   6.3562500e-02
   9.0000000e+00   3.2000000e+01   5.4604205e-16   7.0500000e-02   7.0500000e-02
   1.0000000e+01   3.2000000e+01   5.3744642e-16   7.6500000e-02   7.6500000e-02
   1.1000000e+01   3.2000000e+01   5.1219697e-16   8.0531250e-02   8.0531250e-02
   1.2000000e+01   3.2000000e+01   5.8293611e-16   8.2406250e-02   8.2406250e-02
   1.3000000e+01   3.2000000e+01   5.5851923e-16   8.5375000e-02   8.5375000e-02
   1.4000000e+01   3.2000000e+01   5.9759327e-16   8.6687500e-02   8.6687500e-02
   1.5000000e+01   3.2000000e+01   5.9243508e-16   8.8406250e-02   8.8406250e-02
   1.6000000e+01   3.2000000e+01   6.1627391e-16   8.6906250e-02   8.6906250e-02
   1.7000000e+01   3.2000000e+01   5.8301875e-16   8.2750000e-02   8.2750000e-02
   1.8000000e+01   3.2000000e+01   4.9280174e-16   7.2937500e-02   7.2937500e-02
   1.9000000e+01   3.2000000e+01   5.1131068e-16   6.9187500e-02   6.9187500e-02
   2.0000000e+01   3.2000000e+01   5.0313886e-16   6.2187500e-02   6.2187500e-02
   2.1000000e+01   3.2000000e+01   4.1060717e-16   5.7968750e-02   5.7968750e-02
   2.2000000e+01   3.2000000e+01   4.6441422e-16   6.0531250e-02   6.0531250e-02
   2.3000000e+01   3.2000000e+01   4.7324665e-16   6.0968750e-02   6.0968750e-02
   2.4000000e+01   3.2000000e+01   5.3672143e-16   6.5781250e-02   6.5781250e-02
   2.5000000e+01   3.2000000e+01   6.0480616e-16   7.0250000e-02   7.0250000e-02
   2.6000000e+01   3.2000000e+01   5.9621443e-16   7.5750000e-02   7.5750000e-02
   2.7000000e+01   3.2000000e+01   6.2277942e-16   8.4093750e-02   8.4093750e-02
   2.8000000e+01   3.2000000e+01   6.1362154e-16   8.7218750e-02   8.7218750e-02
   2.9000000e+01   3.2000000e+01   6.9198029e-16   9.2500000e-02   9.2500000e-02
   3.0000000e+01   3.2000000e+01   6.0906250e-16   8.9750000e-02   8.9750000e-02
   3.1000000e+01   3.2000000e+01   6.6038649e-16   9.0875000e-02   9.0875000e-02
   3.2000000e+01   3.2000000e+01   6.9246896e-16   9.1312500e-02   9.1312500e-02
   3.3000000e+01   3.2000000e+01   5.6005824e-16   8.6406250e-02   8.6406250e-02
   3.4000000e+01   3.2000000e+01   5.8101014e-16   8.5437500e-02   8.5437500e-02
   3.5000000e+01   3.2000000e+01   5.8996706e-16   7.7562500e-02   7.7562500e-02
   1.0000000e+00   3.3000000e+01   5.1647126e-16   7.1437500e-02   7.1437500e-02
   2.0000000e+00   3.3000000e+01   5.3633707e-16   6.5093750e-02   6.5093750e-02
   3.0000000e+00   3.3000000e+01   5.5691318e-16   6.1781250e-02   6.1781250e-02
   4.0000000e+00   3.3000000e+01   4.3550709e-16   6.0343750e-02   6.0343750e-02
   5.0000000e+00   3.3000000e+01   4.1850848e-16   5.5562500e-02   5.5562500e-02
   6.0000000e+00   3.3000000e+01   4.2454057e-16   5.9093750e-02   5.9093750e-02
   7.0000000e+00   3.3000000e+01   4.6076070e-16   5.9937500e-02   5.9937500e-02
   8.0000000e+00   3.3000000e+01   4.4361642e-16   6.1562500e-02   6.1562500e-02
   9.0000000e+00   3.3000000e+01   4.1007934e-16   6.2500000e-02   6.2500000e-02
   1.0000000e+01   3.3000000e+01   4.8154991e-16   6.8218750e-02   6.8218750e-02
   1.1000000e+01   3.3000000e+01   5.4155695e-16   7.3437500e-02   7.3437500e-02
   1.2000000e+01   3.3000000e+01   5.4063492e-16   7.7343750e-02   7.7343750e-02
   1.3000000e+01   3.3000000e+01   6.0884837e-16   7.8156250e-02   7.8156250e-02
   1.4000000e+01   3.3000000e+01   5.7120117e-16   7.8093750e-02   7.8093750e-02
   1.5000000e+01   3.3000000e+01   5.5933664e-16   7.8937500e-02   7.8937500e-02
   1.6000000e+01   3.3000000e+01   5.8131266e-16   7.5375000e-02   7.5375000e-02
   1.7000000e+01   3.3000000e+01   4.5669632e-16   7.1781250e-02   7.1781250e-02
   1.8000000e+01   3.3000000e+01   5.1165998e-16   6.9031250e-02   6.9031250e-02
   1.9000000e+01   3.3000000e+01   4.0941847e-16   6.1343750e-02   6.1343750e-02
   2.0000000e+01   3.3000000e+01   4.3027287e-16   5.7000000e-02   5.7000000e-02
   2.1000000e+01   3.3000000e+01   4.3736712e-16   5.8312500e-02   5.8312500e-02
   2.2000000e+01   3.3000000e+01   4.2774331e-16   5.6968750e-02   5.6968750e-02
   2.3000000e+01   3.3000000e+01   4.2934301e-16   6.0593750e-02   6.0593750e-02
   2.4000000e+01   3.3000000e+01   3.6566820e-16   5.7562500e-02   5.7562500e-02
   2.5000000e+01   3.3000000e+01   4.4351097e-16   6.1156250e-02   6.1156250e-02
   2.6000000e+01   3.3000000e+01   5.0035593e-16   6.9437500e-02   6.9437500e-02
   2.7000000e+01   3.3000000e+01   4.8267680e-16   7.3781250e-02   7.3781250e-02
   2.8000000e+01   3.3000000e+01   5.4476054e-16   7.9062500e-02   7.9062500e-02
   2.9000000e+01   3.3000000e+01   5.7939004e-16   8.2125000e-02   8.2125000e-02
   3.0000000e+01   3.3000000e+01   5.9031820e-16   8.4531250e-02   8.4531250e-02
   3.1000000e+01   3.3000000e+01   6.0814657e-16   8.7593750e-02   8.7593750e-02
   3.2000000e+01   3.3000000e+01   5.9376508e-16   8.5593750e-02   8.5593750e-02
   3.3000000e+01   3.3000000e+01   5.9274922e-16   8.5781250e-02   8.5781250e-02
   3.4000000e+01   3.3000000e+01   4.9498020e-16   7.6531250e-02   7.6531250e-02
   3.5000000e+01   3.3000000e+01   4.9264724e-16   6.9250000e-02   6.9250000e-02
   1.0000000e+00   3.4000000e+01   4.9957492e-16   6.5812500e-02   6.5812500e-02
   2.0000000e+00   3.4000000e+01   5.0700434e-16   6.2125000e-02   6.2125000e-02
   3.0000000e+00   3.4000000e+01   4.5722749e-16   6.1281250e-02   6.1281250e-02
   4.0000000e+00   3.4000000e+01   4.0963735e-16   5.7218750e-02   5.7218750e-02
   5.0000000e+00   3.4000000e+01   4.6026437e-16   5.5562500e-02   5.5562500e-02
   6.0000000e+00   3.4000000e+01   4.3450219e-16   5.6593750e-02   5.6593750e-02
   7.0000000e+00   3.4000000e+01   3.7921759e-16   5.7375000e-02   5.7375000e-02
   8.0000000e+00   3.4000000e+01   4.9385670e-16   6.2156250e-02   6.2156250e-02
   9.0000000e+00   3.4000000e+01   4.9926046e-16   6.4718750e-02   6.4718750e-02
   1.0000000e+01   3.4000000e+01   5.2599162e-16   7.0343750e-02   7.0343750e-02
   1.1000000e+01   3.4000000e+01   5.0371071e-16   7.1906250e-02   7.1906250e-02
   1.2000000e+01   3.4000000e+01   5.2173600e-16   7.1750000e-02   7.1750000e-02
   1.3000000e+01   3.4000000e+01   5.7375405e-16   7.5281250e-02   7.5281250e-02
   1.4000000e+01   3.4000000e+01   5.7690185e-16   7.5062500e-02   7.5062500e-02
   1.5000000e+01   3.4000000e+01   5.6995006e-16   7.4750000e-02   7.4750000e-02
   1.6000000e+01   3.4000000e+01   5.1124003e-16   7.2781250e-02   7.2781250e-02
   1.7000000e+01   3.4000000e+01   5.3199752e-16   7.0281250e-02   7.0281250e-02
   1.8000000e+01   3.4000000e+01   4.7245455e-16   6.4562500e-02   6.4562500e-02
   1.9000000e+01   3.4000000e+01   4.3407426e-16   6.1062500e-02   6.1062500e-02
   2.0000000e+01   3.4000000e+01   4.3437664e-16   5.7937500e-02   5.7937500e-02
   2.1000000e+01   3.4000000e+01   3.9014975e-16   5.7062500e-02   5.7062500e-02
   2.2000000e+01   3.4000000e+01   4.5868856e-16   5.5250000e-02   5.5250000e-02
   2.3000000e+01   3.4000000e+01   4.7588042e-16   5.6500000e-02   5.6500000e-02
   2.4000000e+01   3.4000000e+01   4.6307501e-16   6.2125000e-02   6.2125000e-02
   2.5000000e+01   3.4000000e+01   4.1848786e-16   6.0093750e-02   6.0093750e-02
   2.6000000e+01   3.4000000e+01   4.2564983e-16   6.2531250e-02   6.2531250e-02
   2.7000000e+01   3.4000000e+01   4.9609360e-16   6.6593750e-02   6.6593750e-02
   2.8000000e+01   3.4000000e+01   4.7257505e-16   6.8593750e-02   6.8593750e-02
   2.9000000e+01   3.4000000e+01   6.1521175e-16   7.3562500e-02   7.3562500e-02
   3.0000000e+01   3.4000000e+01   5.5664536e-16   7.7781250e-02   7.7781250e-02
   3.1000000e+01   3.4000000e+01   5.4452168e-16   8.0625000e-02   8.0625000e-02
   3.2000000e+01   3.4000000e+01   5.8725403e-16   7.7468750e-02   7.7468750e-02
   3.3000000e+01   3.4000000e+01   5.5637966e-16   7.6500000e-02   7.6500000e-02
   3.4000000e+01   3.4000000e+01   5.6411616e-16   7.1125000e-02   7.1125000e-02
   3.5000000e+01   3.4000000e+01   4.9064750e-16   6.4968750e-02   6.4968750e-02
   1.0000000e+00   3.5000000e+01   4.8320557e-16   6.2125000e-02   6.2125000e-02
   2.0000000e+00   3.5000000e+01   3.9096093e-16   5.8843750e-02   5.8843750e-02
   3.0000000e+00   3.5000000e+01   4.1698578e-16   5.9468750e-02   5.9468750e-02
   4.0000000e+00   3.5000000e+01   4.1314146e-16   6.2125000e-02   6.2125000e-02
   5.0000000e+00   3.5000000e+01   4.7282559e-16   5.9093750e-02   5.9093750e-02
   6.0000000e+00   3.5000000e+01   4.9592172e-16   5.7406250e-02   5.7406250e-02
   7.0000000e+00   3.5000000e+01   3.6410880e-16   5.5218750e-02   5.5218750e-02
   8.0000000e+00   3.5000000e+01   4.7595274e-16   6.1875000e-02   6.1875000e-02
   9.0000000e+00   3.5000000e+01   5.0681594e-16   6.7937500e-02   6.7937500e-02
   1.0000000e+01   3.5000000e+01   4.4751429e-16   6.5812500e-02   6.5812500e-02
   1.1000000e+01   3.5000000e+01   5.3025508e-16   6.8437500e-02   6.8437500e-02
   1.2000000e+01   3.5000000e+01   4.6299713e-16   6.7906250e-02   6.7906250e-02
   1.3000000e+01   3.5000000e+01   5.6989573e-16   7.0250000e-02   7.0250000e-02
   1.4000000e+01   3.5000000e+01   5.4353136e-16   7.2031250e-02   7.2031250e-02
   1.5000000e+01   3.5000000e+01   4.7171870e-16   6.4156250e-02   6.4156250e-02
   1.6000000e+01   3.5000000e+01   5.4989316e-16   6.6562500e-02   6.6562500e-02
   1.7000000e+01   3.5000000e+01   5.5372437e-16   6.4812500e-02   6.4812500e-02
   1.8000000e+01   3.5000000e+01   4.4895704e-16   5.8968750e-02   5.8968750e-02
   1.9000000e+01   3.5000000e+01   4.3880561e-16   5.7718750e-02   5.7718750e-02
   2.0000000e+01   3.5000000e+01   3.9791707e-16   5.5312500e-02   5.5312500e-02
   2.1000000e+01   3.5000000e+01   5.1553123e-16   5.9750000e-02   5.9750000e-02
   2.2000000e+01   3.5000000e+01   4.5055080e-16   5.6968750e-02   5.6968750e-02
   2.3000000e+01   3.5000000e+01   3.4659956e-16   5.4375000e-02   5.4375000e-02
   2.4000000e+01   3.5000000e+01   5.1592961e-16   5.9281250e-02   5.9281250e-02
   2.5000000e+01   3.5000000e+01   5.1679087e-16   6.3343750e-02   6.3343750e-02
   2.6000000e+01   3.5000000e+01   4.1014415e-16   6.0468750e-02   6.0468750e-02
   2.7000000e+01   3.5000000e+01   5.2719902e-16   6.9218750e-02   6.9218750e-02
   2.8000000e+01   3.5000000e+01   5.3806872e-16   6.8250000e-02   6.8250000e-02
   2.9000000e+01   3.5000000e+01   5.2611304e-16   7.3593750e-02   7.3593750e-02
   3.0000000e+01   3.5000000e+01   5.8275622e-16   7.6375000e-02   7.6375000e-02
   3.1000000e+01   3.5000000e+01   5.1602305e-16   7.0062500e-02   7.0062500e-02
   3.2000000e+01   3.5000000e+01   5.4520251e-16   7.1593750e-02   7.1593750e-02
   3.3000000e+01   3.5000000e+01   4.5577904e-16   6.6781250e-02   6.6781250e-02
   3.4000000e+01   3.5000000e+01   5.5394440e-16   6.9000000e-02   6.9000000e-02
   3.5000000e+01   3.5000000e+01   4.5635616e-16   6.0125000e-02   6.0125000e-02
