   1.0000000e+00   1.0000000e+00   3.1404275e-14   5.4990625e-01   5.4990625e-01
   2.0000000e+00   1.0000000e+00   2.8354952e-14   5.9243750e-01   5.9243750e-01
   3.0000000e+00   1.0000000e+00   3.0186242e-14   6.1325000e-01   6.1325000e-01
   4.0000000e+00   1.0000000e+00   2.0374234e-14   5.6840625e-01   5.6840625e-01
   5.0000000e+00   1.0000000e+00   2.8519557e-14   5.5137500e-01   5.5137500e-01
   6.0000000e+00   1.0000000e+00   2.4890161e-14   5.6443750e-01   5.6443750e-01
   7.0000000e+00   1.0000000e+00   3.4349829e-14   6.5056250e-01   6.5056250e-01
   8.0000000e+00   1.0000000e+00   2.8290603e-14   6.7640625e-01   6.7640625e-01
   9.0000000e+00   1.0000000e+00   1.7175201e-14   5.2556250e-01   5.2556250e-01
   1.0000000e+01   1.0000000e+00   1.3316677e-14   5.8215625e-01   5.8215625e-01
   1.1000000e+01   1.0000000e+00   1.1535770e-14   4.4653125e-01   4.4653125e-01
   1.2000000e+01   1.0000000e+00   1.6983467e-14   6.6550000e-01   6.6550000e-01
   1.3000000e+01   1.0000000e+00   1.1999288e-14   5.6596875e-01   5.6596875e-01
   1.4000000e+01   1.0000000e+00   1.5395393e-14   5.7971875e-01   5.7971875e-01
   1.5000000e+01   1.0000000e+00   1.7505920e-14   6.3834375e-01   6.3834375e-01
   1.6000000e+01   1.0000000e+00   2.9575620e-14   6.2359375e-01   6.2359375e-01
   1.7000000e+01   1.0000000e+00   2.4113980e-14   5.5734375e-01   5.5734375e-01
   1.8000000e+01   1.0000000e+00   2.0290509e-14   5.7681250e-01   5.7681250e-01
   1.9000000e+01   1.0000000e+00   1.6039091e-14   5.1221875e-01   5.1221875e-01
   1.0000000e+00   2.0000000e+00   3.6193950e-14   5.6100000e-01   5.6100000e-01
   2.0000000e+00   2.0000000e+00   3.1813515e-14   6.3990625e-01   6.3990625e-01
   3.0000000e+00   2.0000000e+00   2.6444139e-14   6.1806250e-01   6.1806250e-01
   4.0000000e+00   2.0000000e+00   2.7214446e-14   7.0159375e-01   7.0159375e-01
   5.0000000e+00   2.0000000e+00   2.4375711e-14   6.3290625e-01   6.3290625e-01
   6.0000000e+00   2.0000000e+00   2.6036309e-14   6.3556250e-01   6.3556250e-01
   7.0000000e+00   2.0000000e+00   3.3872449e-14   5.9293750e-01   5.9293750e-01
   8.0000000e+00   2.0000000e+00   3.4471772e-14   5.9621875e-01   5.9621875e-01
   9.0000000e+00   2.0000000e+00   2.5981007e-14   5.5234375e-01   5.5234375e-01
   1.0000000e+01   2.0000000e+00   2.4492866e-14   6.0346875e-01   6.0346875e-01
   1.1000000e+01   2.0000000e+00   3.3747501e-14   5.8940625e-01   5.8940625e-01
   1.2000000e+01   2.0000000e+00   1.9398357e-14   6.0050000e-01   6.0050000e-01
   1.3000000e+01   2.0000000e+00   1.8272317e-14   4.5603125e-01   4.5603125e-01
   1.4000000e+01   2.0000000e+00   3.0449416e-14   6.3396875e-01   6.3396875e-01
   1.5000000e+01   2.0000000e+00   2.4637472e-14   5.3178125e-01   5.3178125e-01
   1.6000000e+01   2.0000000e+00   3.0195905e-14   6.9290625e-01   6.9290625e-01
   1.7000000e+01   2.0000000e+00   2.9768350e-14   6.0690625e-01   6.0690625e-01
   1.8000000e+01   2.0000000e+00   2.6887442e-14   5.7290625e-01   5.7290625e-01
   1.9000000e+01   2.0000000e+00   2.3573366e-14   5.2656250e-01   5.2656250e-01
   1.0000000e+00   3.0000000e+00   1.5152837e-14   4.5518750e-01   4.5518750e-01
   2.0000000e+00   3.0000000e+00   1.6378687e-14   4.9828125e-01   4.9828125e-01
   3.0000000e+00   3.0000000e+00   2.8215274e-14   5.1984375e-01   5.1984375e-01
   4.0000000e+00   3.0000000e+00   2.6025517e-14   4.8825000e-01   4.8825000e-01
   5.0000000e+00   3.0000000e+00   3.0881799e-14   5.9159375e-01   5.9159375e-01
   6.0000000e+00   3.0000000e+00   2.7004217e-14   5.7256250e-01   5.7256250e-01
   7.0000000e+00   3.0000000e+00   2.5925551e-14   5.5181250e-01   5.5181250e-01
   8.0000000e+00   3.0000000e+00   1.8584876e-14   5.0231250e-01   5.0231250e-01
   9.0000000e+00   3.0000000e+00   2.5651800e-14   4.9650000e-01   4.9650000e-01
   1.0000000e+01   3.0000000e+00   1.5390849e-14   5.1115625e-01   5.1115625e-01
   1.1000000e+01   3.0000000e+00   1.4496589e-14   5.4612500e-01   5.4612500e-01
   1.2000000e+01   3.0000000e+00   8.2491260e-15   4.5484375e-01   4.5484375e-01
   1.3000000e+01   3.0000000e+00   7.9702647e-15   4.8834375e-01   4.8834375e-01
   1.4000000e+01   3.0000000e+00   1.6093125e-14   4.9265625e-01   4.9265625e-01
   1.5000000e+01   3.0000000e+00   3.1931145e-14   6.1668750e-01   6.1668750e-01
   1.6000000e+01   3.0000000e+00   1.9609588e-14   4.6909375e-01   4.6909375e-01
   1.7000000e+01   3.0000000e+00   3.4583164e-14   5.4625000e-01   5.4625000e-01
   1.8000000e+01   3.0000000e+00   2.5950233e-14   5.3418750e-01   5.3418750e-01
   1.9000000e+01   3.0000000e+00   1.8632758e-14   4.9090625e-01   4.9090625e-01
   1.0000000e+00   4.0000000e+00   1.8041924e-14   4.6968750e-01   4.6968750e-01
   2.0000000e+00   4.0000000e+00   2.0138699e-14   4.0856250e-01   4.0856250e-01
   3.0000000e+00   4.0000000e+00   1.7519754e-14   3.9390625e-01   3.9390625e-01
   4.0000000e+00   4.0000000e+00   2.6506182e-14   4.7765625e-01   4.7765625e-01
   5.0000000e+00   4.0000000e+00   2.4574061e-14   5.3665625e-01   5.3665625e-01
   6.0000000e+00   4.0000000e+00   2.6776200e-14   5.0175000e-01   5.0175000e-01
   7.0000000e+00   4.0000000e+00   2.9103837e-14   5.8006250e-01   5.8006250e-01
   8.0000000e+00   4.0000000e+00   1.4678439e-14   5.1390625e-01   5.1390625e-01
   9.0000000e+00   4.0000000e+00   1.8574778e-14   4.6500000e-01   4.6500000e-01
   1.0000000e+01   4.0000000e+00   1.0758323e-14   4.4512500e-01   4.4512500e-01
   1.1000000e+01   4.0000000e+00   1.8170016e-14   4.6859375e-01   4.6859375e-01
   1.2000000e+01   4.0000000e+00   2.0604869e-14   4.8662500e-01   4.8662500e-01
   1.3000000e+01   4.0000000e+00   2.5809431e-14   5.1112500e-01   5.1112500e-01
   1.4000000e+01   4.0000000e+00   1.6622805e-14   4.6453125e-01   4.6453125e-01
   1.5000000e+01   4.0000000e+00   2.4077383e-14   5.6225000e-01   5.6225000e-01
   1.6000000e+01   4.0000000e+00   2.1795068e-14   4.0671875e-01   4.0671875e-01
   1.7000000e+01   4.0000000e+00   1.5816302e-14   5.5334375e-01   5.5334375e-01
   1.8000000e+01   4.0000000e+00   1.1550947e-14   4.3518750e-01   4.3518750e-01
   1.9000000e+01   4.0000000e+00   1.6786749e-14   3.6362500e-01   3.6362500e-01
   1.0000000e+00   5.0000000e+00   1.6206845e-14   4.7068750e-01   4.7068750e-01
   2.0000000e+00   5.0000000e+00   1.9163700e-14   4.4450000e-01   4.4450000e-01
   3.0000000e+00   5.0000000e+00   1.7076217e-14   4.1940625e-01   4.1940625e-01
   4.0000000e+00   5.0000000e+00   1.8886916e-14   4.4028125e-01   4.4028125e-01
   5.0000000e+00   5.0000000e+00   9.9868434e-15   4.3371875e-01   4.3371875e-01
   6.0000000e+00   5.0000000e+00   1.3822210e-14   4.6478125e-01   4.6478125e-01
   7.0000000e+00   5.0000000e+00   2.3380751e-14   4.4875000e-01   4.4875000e-01
   8.0000000e+00   5.0000000e+00   1.9156119e-14   4.5478125e-01   4.5478125e-01
   9.0000000e+00   5.0000000e+00   1.2179424e-14   3.5403125e-01   3.5403125e-01
   1.0000000e+01   5.0000000e+00   1.0195983e-14   4.2503125e-01   4.2503125e-01
   1.1000000e+01   5.0000000e+00   2.3420584e-14   4.3584375e-01   4.3584375e-01
   1.2000000e+01   5.0000000e+00   1.8869312e-14   4.4331250e-01   4.4331250e-01
   1.3000000e+01   5.0000000e+00   1.7854330e-14   4.0481250e-01   4.0481250e-01
   1.4000000e+01   5.0000000e+00   2.2992449e-14   4.6271875e-01   4.6271875e-01
   1.5000000e+01   5.0000000e+00   2.3981136e-14   4.3465625e-01   4.3465625e-01
   1.6000000e+01   5.0000000e+00   2.0154395e-14   4.8865625e-01   4.8865625e-01
   1.7000000e+01   5.0000000e+00   2.3445107e-14   4.5525000e-01   4.5525000e-01
   1.8000000e+01   5.0000000e+00   1.7544236e-14   4.9496875e-01   4.9496875e-01
   1.9000000e+01   5.0000000e+00   9.1286237e-15   4.0840625e-01   4.0840625e-01
   1.0000000e+00   6.0000000e+00   9.4298061e-15   3.9975000e-01   3.9975000e-01
   2.0000000e+00   6.0000000e+00   1.1802686e-14   4.0362500e-01   4.0362500e-01
   3.0000000e+00   6.0000000e+00   1.0639500e-14   4.1065625e-01   4.1065625e-01
   4.0000000e+00   6.0000000e+00   2.6939702e-14   4.0146875e-01   4.0146875e-01
   5.0000000e+00   6.0000000e+00   2.1558286e-14   4.3478125e-01   4.3478125e-01
   6.0000000e+00   6.0000000e+00   1.7700711e-14   4.0668750e-01   4.0668750e-01
   7.0000000e+00   6.0000000e+00   1.6350640e-14   4.4500000e-01   4.4500000e-01
   8.0000000e+00   6.0000000e+00   1.2924258e-14   4.5584375e-01   4.5584375e-01
   9.0000000e+00   6.0000000e+00   2.5787877e-14   4.9453125e-01   4.9453125e-01
   1.0000000e+01   6.0000000e+00   2.1123507e-14   4.1162500e-01   4.1162500e-01
   1.1000000e+01   6.0000000e+00   1.7739980e-14   3.7437500e-01   3.7437500e-01
   1.2000000e+01   6.0000000e+00   1.9113220e-14   4.3003125e-01   4.3003125e-01
   1.3000000e+01   6.0000000e+00   6.9262168e-15   3.6696875e-01   3.6696875e-01
   1.4000000e+01   6.0000000e+00   3.1317926e-14   4.5106250e-01   4.5106250e-01
   1.5000000e+01   6.0000000e+00   1.7941076e-14   4.4878125e-01   4.4878125e-01
   1.6000000e+01   6.0000000e+00   2.5858135e-14   4.5003125e-01   4.5003125e-01
   1.7000000e+01   6.0000000e+00   1.4785116e-14   4.6903125e-01   4.6903125e-01
   1.8000000e+01   6.0000000e+00   2.2828398e-14   4.7996875e-01   4.7996875e-01
   1.9000000e+01   6.0000000e+00   1.5294673e-14   4.6250000e-01   4.6250000e-01
   1.0000000e+00   7.0000000e+00   1.0609333e-14   4.3884375e-01   4.3884375e-01
   2.0000000e+00   7.0000000e+00   1.5616930e-14   3.9837500e-01   3.9837500e-01
   3.0000000e+00   7.0000000e+00   2.1497112e-14   4.4234375e-01   4.4234375e-01
   4.0000000e+00   7.0000000e+00   2.2670640e-14   4.4868750e-01   4.4868750e-01
   5.0000000e+00   7.0000000e+00   1.2474155e-14   4.2881250e-01   4.2881250e-01
   6.0000000e+00   7.0000000e+00   2.0011304e-14   4.6200000e-01   4.6200000e-01
   7.0000000e+00   7.0000000e+00   1.9732543e-14   4.5768750e-01   4.5768750e-01
   8.0000000e+00   7.0000000e+00   1.5419325e-14   3.6562500e-01   3.6562500e-01
   9.0000000e+00   7.0000000e+00   1.5495052e-14   3.6025000e-01   3.6025000e-01
   1.0000000e+01   7.0000000e+00   4.5470234e-15   3.7368750e-01   3.7368750e-01
   1.1000000e+01   7.0000000e+00   3.8164191e-15   3.6000000e-01   3.6000000e-01
   1.2000000e+01   7.0000000e+00   4.9983210e-15   3.6465625e-01   3.6465625e-01
   1.3000000e+01   7.0000000e+00   4.2347063e-15   3.9546875e-01   3.9546875e-01
   1.4000000e+01   7.0000000e+00   9.9619172e-15   4.0109375e-01   4.0109375e-01
   1.5000000e+01   7.0000000e+00   1.0310611e-14   4.5453125e-01   4.5453125e-01
   1.6000000e+01   7.0000000e+00   1.1805958e-14   4.0071875e-01   4.0071875e-01
   1.7000000e+01   7.0000000e+00   7.3968240e-15   3.8878125e-01   3.8878125e-01
   1.8000000e+01   7.0000000e+00   6.8648626e-15   3.6134375e-01   3.6134375e-01
   1.9000000e+01   7.0000000e+00   7.4808996e-15   4.0390625e-01   4.0390625e-01
   1.0000000e+00   8.0000000e+00   1.5020830e-14   4.4603125e-01   4.4603125e-01
   2.0000000e+00   8.0000000e+00   2.1417265e-14   3.4053125e-01   3.4053125e-01
   3.0000000e+00   8.0000000e+00   2.4858383e-14   4.6915625e-01   4.6915625e-01
   4.0000000e+00   8.0000000e+00   2.6984887e-14   3.9368750e-01   3.9368750e-01
   5.0000000e+00   8.0000000e+00   1.5741282e-14   3.6340625e-01   3.6340625e-01
   6.0000000e+00   8.0000000e+00   2.1843730e-14   4.2087500e-01   4.2087500e-01
   7.0000000e+00   8.0000000e+00   1.3704299e-14   4.2478125e-01   4.2478125e-01
   8.0000000e+00   8.0000000e+00   2.1063109e-14   4.3746875e-01   4.3746875e-01
   9.0000000e+00   8.0000000e+00   2.0355935e-14   4.2590625e-01   4.2590625e-01
   1.0000000e+01   8.0000000e+00   2.9898407e-14   5.2596875e-01   5.2596875e-01
   1.1000000e+01   8.0000000e+00   2.9094966e-14   4.3981250e-01   4.3981250e-01
   1.2000000e+01   8.0000000e+00   3.1131775e-14   4.7475000e-01   4.7475000e-01
   1.3000000e+01   8.0000000e+00   3.1200128e-14   5.5637500e-01   5.5637500e-01
   1.4000000e+01   8.0000000e+00   2.7352511e-14   5.3143750e-01   5.3143750e-01
   1.5000000e+01   8.0000000e+00   2.9829869e-14   5.0003125e-01   5.0003125e-01
   1.6000000e+01   8.0000000e+00   3.0052088e-14   4.5562500e-01   4.5562500e-01
   1.7000000e+01   8.0000000e+00   2.7417687e-14   3.8978125e-01   3.8978125e-01
   1.8000000e+01   8.0000000e+00   2.9067029e-14   4.7390625e-01   4.7390625e-01
   1.9000000e+01   8.0000000e+00   2.2407145e-14   4.2915625e-01   4.2915625e-01
   1.0000000e+00   9.0000000e+00   3.0615092e-14   5.1203125e-01   5.1203125e-01
   2.0000000e+00   9.0000000e+00   3.2333753e-14   5.6856250e-01   5.6856250e-01
   3.0000000e+00   9.0000000e+00   2.8822828e-14   5.9059375e-01   5.9059375e-01
   4.0000000e+00   9.0000000e+00   2.6277456e-14   4.1718750e-01   4.1718750e-01
   5.0000000e+00   9.0000000e+00   3.0841161e-14   4.7784375e-01   4.7784375e-01
   6.0000000e+00   9.0000000e+00   2.7429601e-14   4.5515625e-01   4.5515625e-01
   7.0000000e+00   9.0000000e+00   2.7052591e-14   4.9168750e-01   4.9168750e-01
   8.0000000e+00   9.0000000e+00   3.0144047e-14   5.4056250e-01   5.4056250e-01
   9.0000000e+00   9.0000000e+00   2.3045528e-14   5.2500000e-01   5.2500000e-01
   1.0000000e+01   9.0000000e+00   2.5677725e-14   4.8656250e-01   4.8656250e-01
   1.1000000e+01   9.0000000e+00   1.6199617e-14   4.1990625e-01   4.1990625e-01
   1.2000000e+01   9.0000000e+00   2.9153314e-14   5.2450000e-01   5.2450000e-01
   1.3000000e+01   9.0000000e+00   2.2017517e-14   4.5690625e-01   4.5690625e-01
   1.4000000e+01   9.0000000e+00   2.7550449e-14   4.5393750e-01   4.5393750e-01
   1.5000000e+01   9.0000000e+00   3.4195541e-14   5.5221875e-01   5.5221875e-01
   1.6000000e+01   9.0000000e+00   2.9233938e-14   5.0946875e-01   5.0946875e-01
   1.7000000e+01   9.0000000e+00   1.7955099e-14   3.9040625e-01   3.9040625e-01
   1.8000000e+01   9.0000000e+00   2.3632226e-14   5.2384375e-01   5.2384375e-01
   1.9000000e+01   9.0000000e+00   1.7687519e-14   4.8503125e-01   4.8503125e-01
   1.0000000e+00   1.0000000e+01   1.6076229e-14   4.5993750e-01   4.5993750e-01
   2.0000000e+00   1.0000000e+01   4.7665673e-15   3.9996875e-01   3.9996875e-01
   3.0000000e+00   1.0000000e+01   4.2615590e-15   4.0665625e-01   4.0665625e-01
   4.0000000e+00   1.0000000e+01   4.1242406e-15   4.4137500e-01   4.4137500e-01
   5.0000000e+00   1.0000000e+01   4.0663281e-15   4.8053125e-01   4.8053125e-01
   6.0000000e+00   1.0000000e+01   5.5269887e-15   4.7590625e-01   4.7590625e-01
   7.0000000e+00   1.0000000e+01   9.3902201e-15   4.4171875e-01   4.4171875e-01
   8.0000000e+00   1.0000000e+01   1.4016836e-14   4.2259375e-01   4.2259375e-01
   9.0000000e+00   1.0000000e+01   2.1019200e-14   4.3406250e-01   4.3406250e-01
   1.0000000e+01   1.0000000e+01   2.7885686e-14   4.6615625e-01   4.6615625e-01
   1.1000000e+01   1.0000000e+01   2.0618462e-14   3.7087500e-01   3.7087500e-01
   1.2000000e+01   1.0000000e+01   2.0696665e-14   4.0621875e-01   4.0621875e-01
   1.3000000e+01   1.0000000e+01   3.2390833e-14   5.2459375e-01   5.2459375e-01
   1.4000000e+01   1.0000000e+01   2.9419990e-14   4.5556250e-01   4.5556250e-01
   1.5000000e+01   1.0000000e+01   2.0973865e-14   4.6787500e-01   4.6787500e-01
   1.6000000e+01   1.0000000e+01   2.1713969e-14   3.7828125e-01   3.7828125e-01
   1.7000000e+01   1.0000000e+01   2.0820148e-14   4.8250000e-01   4.8250000e-01
   1.8000000e+01   1.0000000e+01   1.9469420e-14   4.3665625e-01   4.3665625e-01
   1.9000000e+01   1.0000000e+01   1.9720535e-14   3.8975000e-01   3.8975000e-01
   1.0000000e+00   1.1000000e+01   1.7267568e-14   4.6362500e-01   4.6362500e-01
   2.0000000e+00   1.1000000e+01   2.1164560e-14   4.0900000e-01   4.0900000e-01
   3.0000000e+00   1.1000000e+01   2.0911812e-14   3.5762500e-01   3.5762500e-01
   4.0000000e+00   1.1000000e+01   1.6692683e-14   4.4190625e-01   4.4190625e-01
   5.0000000e+00   1.1000000e+01   1.3670183e-14   4.6887500e-01   4.6887500e-01
   6.0000000e+00   1.1000000e+01   1.2613778e-14   5.0909375e-01   5.0909375e-01
   7.0000000e+00   1.1000000e+01   7.2890433e-15   4.9271875e-01   4.9271875e-01
   8.0000000e+00   1.1000000e+01   2.0389342e-14   4.8368750e-01   4.8368750e-01
   9.0000000e+00   1.1000000e+01   3.4802967e-14   5.7825000e-01   5.7825000e-01
   1.0000000e+01   1.1000000e+01   2.4664272e-14   5.0284375e-01   5.0284375e-01
   1.1000000e+01   1.1000000e+01   3.1212447e-14   5.6293750e-01   5.6293750e-01
   1.2000000e+01   1.1000000e+01   3.0910273e-14   5.3693750e-01   5.3693750e-01
   1.3000000e+01   1.1000000e+01   2.8230749e-14   4.5331250e-01   4.5331250e-01
   1.4000000e+01   1.1000000e+01   2.8761133e-14   4.4800000e-01   4.4800000e-01
   1.5000000e+01   1.1000000e+01   1.7709304e-14   4.5281250e-01   4.5281250e-01
   1.6000000e+01   1.1000000e+01   2.5758540e-14   5.5718750e-01   5.5718750e-01
   1.7000000e+01   1.1000000e+01   3.5432095e-14   5.0050000e-01   5.0050000e-01
   1.8000000e+01   1.1000000e+01   2.1859353e-14   4.8125000e-01   4.8125000e-01
   1.9000000e+01   1.1000000e+01   2.8205818e-14   5.8396875e-01   5.8396875e-01
   1.0000000e+00   1.2000000e+01   2.4952862e-14   4.9465625e-01   4.9465625e-01
   2.0000000e+00   1.2000000e+01   2.8777705e-14   5.5878125e-01   5.5878125e-01
   3.0000000e+00   1.2000000e+01   2.3208169e-14   4.6028125e-01   4.6028125e-01
   4.0000000e+00   1.2000000e+01   2.5941696e-14   5.7028125e-01   5.7028125e-01
   5.0000000e+00   1.2000000e+01   2.3041363e-14   5.2106250e-01   5.2106250e-01
   6.0000000e+00   1.2000000e+01   3.9343632e-14   5.8478125e-01   5.8478125e-01
   7.0000000e+00   1.2000000e+01   2.9466128e-14   5.4209375e-01   5.4209375e-01
   8.0000000e+00   1.2000000e+01   2.8672833e-14   5.4984375e-01   5.4984375e-01
   9.0000000e+00   1.2000000e+01   2.9244293e-14   6.1896875e-01   6.1896875e-01
   1.0000000e+01   1.2000000e+01   2.4362239e-14   4.7709375e-01   4.7709375e-01
   1.1000000e+01   1.2000000e+01   2.5448824e-14   5.0487500e-01   5.0487500e-01
   1.2000000e+01   1.2000000e+01   2.4344977e-14   4.9712500e-01   4.9712500e-01
   1.3000000e+01   1.2000000e+01   3.0929819e-14   5.0443750e-01   5.0443750e-01
   1.4000000e+01   1.2000000e+01   2.6990667e-14   5.3481250e-01   5.3481250e-01
   1.5000000e+01   1.2000000e+01   2.9409581e-14   6.4581250e-01   6.4581250e-01
   1.6000000e+01   1.2000000e+01   3.0107089e-14   4.8940625e-01   4.8940625e-01
   1.7000000e+01   1.2000000e+01   2.5043844e-14   4.4684375e-01   4.4684375e-01
   1.8000000e+01   1.2000000e+01   3.0803244e-14   6.3615625e-01   6.3615625e-01
   1.9000000e+01   1.2000000e+01   2.5394995e-14   4.8187500e-01   4.8187500e-01
   1.0000000e+00   1.3000000e+01   2.9019596e-14   5.7965625e-01   5.7965625e-01
   2.0000000e+00   1.3000000e+01   3.5220977e-14   5.1506250e-01   5.1506250e-01
   3.0000000e+00   1.3000000e+01   3.3369835e-14   5.0268750e-01   5.0268750e-01
   4.0000000e+00   1.3000000e+01   2.4218017e-14   5.7850000e-01   5.7850000e-01
   5.0000000e+00   1.3000000e+01   2.6532695e-14   4.9356250e-01   4.9356250e-01
   6.0000000e+00   1.3000000e+01   2.5506830e-14   6.0637500e-01   6.0637500e-01
   7.0000000e+00   1.3000000e+01   2.3568342e-14   4.2109375e-01   4.2109375e-01
   8.0000000e+00   1.3000000e+01   1.8281123e-14   4.1887500e-01   4.1887500e-01
   9.0000000e+00   1.3000000e+01   2.1449885e-14   5.5193750e-01   5.5193750e-01
   1.0000000e+01   1.3000000e+01   2.2772649e-14   4.1984375e-01   4.1984375e-01
   1.1000000e+01   1.3000000e+01   2.7075490e-14   5.4415625e-01   5.4415625e-01
   1.2000000e+01   1.3000000e+01   3.0012117e-14   4.9484375e-01   4.9484375e-01
   1.3000000e+01   1.3000000e+01   2.8111464e-14   5.7812500e-01   5.7812500e-01
   1.4000000e+01   1.3000000e+01   1.8899001e-14   5.5121875e-01   5.5121875e-01
   1.5000000e+01   1.3000000e+01   2.3295693e-14   5.4637500e-01   5.4637500e-01
   1.6000000e+01   1.3000000e+01   3.1240762e-14   6.0781250e-01   6.0781250e-01
   1.7000000e+01   1.3000000e+01   2.9726586e-14   5.2059375e-01   5.2059375e-01
   1.8000000e+01   1.3000000e+01   2.1552281e-14   5.0181250e-01   5.0181250e-01
   1.9000000e+01   1.3000000e+01   2.5379755e-14   5.7278125e-01   5.7278125e-01
   1.0000000e+00   1.4000000e+01   2.2897859e-14   5.5618750e-01   5.5618750e-01
   2.0000000e+00   1.4000000e+01   2.7518443e-14   5.0537500e-01   5.0537500e-01
   3.0000000e+00   1.4000000e+01   2.4924938e-14   5.0421875e-01   5.0421875e-01
   4.0000000e+00   1.4000000e+01   2.2841064e-14   5.8040625e-01   5.8040625e-01
   5.0000000e+00   1.4000000e+01   2.4341840e-14   5.2459375e-01   5.2459375e-01
   6.0000000e+00   1.4000000e+01   2.3975925e-14   5.2756250e-01   5.2756250e-01
   7.0000000e+00   1.4000000e+01   1.7295081e-14   4.8846875e-01   4.8846875e-01
   8.0000000e+00   1.4000000e+01   2.5066676e-14   5.5156250e-01   5.5156250e-01
   9.0000000e+00   1.4000000e+01   3.0077364e-14   5.7271875e-01   5.7271875e-01
   1.0000000e+01   1.4000000e+01   3.0595421e-14   5.2190625e-01   5.2190625e-01
   1.1000000e+01   1.4000000e+01   1.5922289e-14   5.0871875e-01   5.0871875e-01
   1.2000000e+01   1.4000000e+01   2.4622552e-14   5.1768750e-01   5.1768750e-01
   1.3000000e+01   1.4000000e+01   1.9425002e-14   5.7700000e-01   5.7700000e-01
   1.4000000e+01   1.4000000e+01   1.5490645e-14   4.8775000e-01   4.8775000e-01
   1.5000000e+01   1.4000000e+01   3.0565205e-14   5.5309375e-01   5.5309375e-01
   1.6000000e+01   1.4000000e+01   3.0258083e-14   6.6862500e-01   6.6862500e-01
   1.7000000e+01   1.4000000e+01   2.6366201e-14   5.9343750e-01   5.9343750e-01
   1.8000000e+01   1.4000000e+01   3.2106173e-14   5.4271875e-01   5.4271875e-01
   1.9000000e+01   1.4000000e+01   3.0643301e-14   6.2362500e-01   6.2362500e-01
   1.0000000e+00   1.5000000e+01   2.5209747e-14   5.1781250e-01   5.1781250e-01
   2.0000000e+00   1.5000000e+01   3.0363019e-14   6.2328125e-01   6.2328125e-01
   3.0000000e+00   1.5000000e+01   2.4157687e-14   6.2515625e-01   6.2515625e-01
   4.0000000e+00   1.5000000e+01   3.3195461e-14   6.4425000e-01   6.4425000e-01
   5.0000000e+00   1.5000000e+01   2.5006901e-14   5.9528125e-01   5.9528125e-01
   6.0000000e+00   1.5000000e+01   3.1659087e-14   5.4446875e-01   5.4446875e-01
   7.0000000e+00   1.5000000e+01   3.0834483e-14   6.2546875e-01   6.2546875e-01
   8.0000000e+00   1.5000000e+01   2.7528060e-14   6.0368750e-01   6.0368750e-01
   9.0000000e+00   1.5000000e+01   2.8307038e-14   6.4212500e-01   6.4212500e-01
   1.0000000e+01   1.5000000e+01   3.2803726e-14   5.9875000e-01   5.9875000e-01
   1.1000000e+01   1.5000000e+01   3.3144655e-14   6.3015625e-01   6.3015625e-01
   1.2000000e+01   1.5000000e+01   2.1463486e-14   6.0325000e-01   6.0325000e-01
   1.3000000e+01   1.5000000e+01   3.0584570e-14   5.9340625e-01   5.9340625e-01
   1.4000000e+01   1.5000000e+01   2.3168894e-14   5.8700000e-01   5.8700000e-01
   1.5000000e+01   1.5000000e+01   2.3844816e-14   6.0218750e-01   6.0218750e-01
   1.6000000e+01   1.5000000e+01   2.3900982e-14   6.5053125e-01   6.5053125e-01
   1.7000000e+01   1.5000000e+01   2.6751982e-14   5.9718750e-01   5.9718750e-01
   1.8000000e+01   1.5000000e+01   2.2092891e-14   5.3646875e-01   5.3646875e-01
   1.9000000e+01   1.5000000e+01   2.6086664e-14   5.5237500e-01   5.5237500e-01
   1.0000000e+00   1.6000000e+01   2.4069897e-14   6.0112500e-01   6.0112500e-01
   2.0000000e+00   1.6000000e+01   2.2939459e-14   5.7393750e-01   5.7393750e-01
   3.0000000e+00   1.6000000e+01   2.1965324e-14   5.9400000e-01   5.9400000e-01
   4.0000000e+00   1.6000000e+01   2.6403446e-14   4.9253125e-01   4.9253125e-01
   5.0000000e+00   1.6000000e+01   3.2601011e-14   6.6743750e-01   6.6743750e-01
   6.0000000e+00   1.6000000e+01   3.2973197e-14   6.3384375e-01   6.3384375e-01
   7.0000000e+00   1.6000000e+01   2.1449408e-14   5.5809375e-01   5.5809375e-01
   8.0000000e+00   1.6000000e+01   1.5229756e-14   6.3321875e-01   6.3321875e-01
   9.0000000e+00   1.6000000e+01   2.3071958e-14   6.1403125e-01   6.1403125e-01
   1.0000000e+01   1.6000000e+01   2.6027121e-14   5.7868750e-01   5.7868750e-01
   1.1000000e+01   1.6000000e+01   2.4327931e-14   4.8668750e-01   4.8668750e-01
   1.2000000e+01   1.6000000e+01   2.3020896e-14   5.8993750e-01   5.8993750e-01
   1.3000000e+01   1.6000000e+01   2.2398331e-14   5.0468750e-01   5.0468750e-01
   1.4000000e+01   1.6000000e+01   2.8512529e-14   6.1787500e-01   6.1787500e-01
   1.5000000e+01   1.6000000e+01   2.5874820e-14   5.6306250e-01   5.6306250e-01
   1.6000000e+01   1.6000000e+01   2.7027094e-14   5.3378125e-01   5.3378125e-01
   1.7000000e+01   1.6000000e+01   2.3229343e-14   4.6115625e-01   4.6115625e-01
   1.8000000e+01   1.6000000e+01   3.0059043e-14   5.8362500e-01   5.8362500e-01
   1.9000000e+01   1.6000000e+01   1.9421565e-14   5.8609375e-01   5.8609375e-01
   1.0000000e+00   1.7000000e+01   2.7063827e-14   5.8100000e-01   5.8100000e-01
   2.0000000e+00   1.7000000e+01   2.8596781e-14   5.9628125e-01   5.9628125e-01
   3.0000000e+00   1.7000000e+01   2.8880080e-14   6.0340625e-01   6.0340625e-01
   4.0000000e+00   1.7000000e+01   3.2575179e-14   5.5596875e-01   5.5596875e-01
   5.0000000e+00   1.7000000e+01   2.3358352e-14   5.2384375e-01   5.2384375e-01
   6.0000000e+00   1.7000000e+01   3.0553998e-14   6.3181250e-01   6.3181250e-01
   7.0000000e+00   1.7000000e+01   2.8684134e-14   6.2796875e-01   6.2796875e-01
   8.0000000e+00   1.7000000e+01   3.4901032e-14   7.0906250e-01   7.0906250e-01
   9.0000000e+00   1.7000000e+01   2.9997594e-14   5.1193750e-01   5.1193750e-01
   1.0000000e+01   1.7000000e+01   3.1461899e-14   5.9556250e-01   5.9556250e-01
   1.1000000e+01   1.7000000e+01   2.4808924e-14   4.9865625e-01   4.9865625e-01
   1.2000000e+01   1.7000000e+01   2.6906746e-14   5.5050000e-01   5.5050000e-01
   1.3000000e+01   1.7000000e+01   3.1228668e-14   6.9203125e-01   6.9203125e-01
   1.4000000e+01   1.7000000e+01   2.3876703e-14   6.4262500e-01   6.4262500e-01
   1.5000000e+01   1.7000000e+01   2.3210082e-14   5.7503125e-01   5.7503125e-01
   1.6000000e+01   1.7000000e+01   2.0870702e-14   5.3428125e-01   5.3428125e-01
   1.7000000e+01   1.7000000e+01   2.8302867e-14   5.5881250e-01   5.5881250e-01
   1.8000000e+01   1.7000000e+01   2.9706653e-14   5.4253125e-01   5.4253125e-01
   1.9000000e+01   1.7000000e+01   2.3913584e-14   6.1231250e-01   6.1231250e-01
   1.0000000e+00   1.8000000e+01   2.4159901e-14   5.3350000e-01   5.3350000e-01
   2.0000000e+00   1.8000000e+01   2.8501914e-14   5.9693750e-01   5.9693750e-01
   3.0000000e+00   1.8000000e+01   2.8302274e-14   7.1471875e-01   7.1471875e-01
   4.0000000e+00   1.8000000e+01   1.9168223e-14   5.8278125e-01   5.8278125e-01
   5.0000000e+00   1.8000000e+01   2.6223732e-14   5.5409375e-01   5.5409375e-01
   6.0000000e+00   1.8000000e+01   2.9345327e-14   4.9546875e-01   4.9546875e-01
   7.0000000e+00   1.8000000e+01   2.5799375e-14   5.8821875e-01   5.8821875e-01
   8.0000000e+00   1.8000000e+01   3.0531960e-14   6.2012500e-01   6.2012500e-01
   9.0000000e+00   1.8000000e+01   2.4640372e-14   4.6162500e-01   4.6162500e-01
   1.0000000e+01   1.8000000e+01   2.7041435e-14   5.6706250e-01   5.6706250e-01
   1.1000000e+01   1.8000000e+01   3.2043816e-14   5.2431250e-01   5.2431250e-01
   1.2000000e+01   1.8000000e+01   2.9735772e-14   5.1443750e-01   5.1443750e-01
   1.3000000e+01   1.8000000e+01   3.0913154e-14   5.6915625e-01   5.6915625e-01
   1.4000000e+01   1.8000000e+01   3.0134834e-14   5.5318750e-01   5.5318750e-01
   1.5000000e+01   1.8000000e+01   2.9411659e-14   5.3543750e-01   5.3543750e-01
   1.6000000e+01   1.8000000e+01   1.9670825e-14   5.5356250e-01   5.5356250e-01
   1.7000000e+01   1.8000000e+01   3.1835515e-14   6.3940625e-01   6.3940625e-01
   1.8000000e+01   1.8000000e+01   1.7081131e-14   5.6996875e-01   5.6996875e-01
   1.9000000e+01   1.8000000e+01   1.7697261e-14   5.3984375e-01   5.3984375e-01
   1.0000000e+00   1.9000000e+01   1.3745559e-14   5.3434375e-01   5.3434375e-01
   2.0000000e+00   1.9000000e+01   1.0199275e-14   5.1403125e-01   5.1403125e-01
   3.0000000e+00   1.9000000e+01   1.4512589e-14   6.2043750e-01   6.2043750e-01
   4.0000000e+00   1.9000000e+01   1.0653031e-14   5.3593750e-01   5.3593750e-01
   5.0000000e+00   1.9000000e+01   7.5173860e-15   5.9643750e-01   5.9643750e-01
   6.0000000e+00   1.9000000e+01   5.4159707e-15   5.9253125e-01   5.9253125e-01
   7.0000000e+00   1.9000000e+01   4.6840784e-15   6.0403125e-01   6.0403125e-01
   8.0000000e+00   1.9000000e+01   4.7936756e-15   6.0478125e-01   6.0478125e-01
   9.0000000e+00   1.9000000e+01   5.0800812e-15   5.7193750e-01   5.7193750e-01
   1.0000000e+01   1.9000000e+01   4.7083960e-15   5.2943750e-01   5.2943750e-01
   1.1000000e+01   1.9000000e+01   4.3804173e-15   5.5925000e-01   5.5925000e-01
   1.2000000e+01   1.9000000e+01   8.6116835e-15   6.1368750e-01   6.1368750e-01
   1.3000000e+01   1.9000000e+01   4.7729133e-15   5.7306250e-01   5.7306250e-01
   1.4000000e+01   1.9000000e+01   4.4301235e-15   5.7459375e-01   5.7459375e-01
   1.5000000e+01   1.9000000e+01   5.1133241e-15   6.1031250e-01   6.1031250e-01
   1.6000000e+01   1.9000000e+01   4.6410298e-15   5.7943750e-01   5.7943750e-01
   1.7000000e+01   1.9000000e+01   4.3266735e-15   5.7709375e-01   5.7709375e-01
   1.8000000e+01   1.9000000e+01   4.0459141e-15   5.3025000e-01   5.3025000e-01
   1.9000000e+01   1.9000000e+01   3.7423650e-15   5.1290625e-01   5.1290625e-01
   1.0000000e+00   2.0000000e+01   3.8551793e-15   5.3187500e-01   5.3187500e-01
   2.0000000e+00   2.0000000e+01   4.8410188e-15   4.9628125e-01   4.9628125e-01
   3.0000000e+00   2.0000000e+01   4.4023196e-15   5.2868750e-01   5.2868750e-01
   4.0000000e+00   2.0000000e+01   6.8847859e-15   5.2053125e-01   5.2053125e-01
   5.0000000e+00   2.0000000e+01   8.7135639e-15   5.2740625e-01   5.2740625e-01
   6.0000000e+00   2.0000000e+01   1.5114446e-14   5.5918750e-01   5.5918750e-01
   7.0000000e+00   2.0000000e+01   1.1261377e-14   5.3600000e-01   5.3600000e-01
   8.0000000e+00   2.0000000e+01   2.8855330e-14   6.2290625e-01   6.2290625e-01
   9.0000000e+00   2.0000000e+01   1.3086825e-14   5.4378125e-01   5.4378125e-01
   1.0000000e+01   2.0000000e+01   1.8657164e-14   4.2084375e-01   4.2084375e-01
   1.1000000e+01   2.0000000e+01   1.7347642e-14   4.4615625e-01   4.4615625e-01
   1.2000000e+01   2.0000000e+01   2.0639590e-14   5.1262500e-01   5.1262500e-01
   1.3000000e+01   2.0000000e+01   1.3581585e-14   4.5353125e-01   4.5353125e-01
   1.4000000e+01   2.0000000e+01   1.6008264e-14   5.3387500e-01   5.3387500e-01
   1.5000000e+01   2.0000000e+01   6.7245282e-15   5.5687500e-01   5.5687500e-01
   1.6000000e+01   2.0000000e+01   7.4862030e-15   5.5556250e-01   5.5556250e-01
   1.7000000e+01   2.0000000e+01   4.8362386e-15   4.8962500e-01   4.8962500e-01
   1.8000000e+01   2.0000000e+01   4.5881196e-15   4.8731250e-01   4.8731250e-01
   1.9000000e+01   2.0000000e+01   5.8307030e-15   4.7334375e-01   4.7334375e-01
   1.0000000e+00   2.1000000e+01   3.6338878e-15   4.6615625e-01   4.6615625e-01
   2.0000000e+00   2.1000000e+01   4.2581350e-15   4.6681250e-01   4.6681250e-01
   3.0000000e+00   2.1000000e+01   3.8500428e-15   4.8043750e-01   4.8043750e-01
   4.0000000e+00   2.1000000e+01   3.8781180e-15   4.9228125e-01   4.9228125e-01
   5.0000000e+00   2.1000000e+01   3.9122236e-15   4.7803125e-01   4.7803125e-01
   6.0000000e+00   2.1000000e+01   4.0329053e-15   4.9050000e-01   4.9050000e-01
   7.0000000e+00   2.1000000e+01   4.3363648e-15   5.0753125e-01   5.0753125e-01
   8.0000000e+00   2.1000000e+01   4.5520481e-15   5.2071875e-01   5.2071875e-01
   9.0000000e+00   2.1000000e+01   4.4670655e-15   5.1512500e-01   5.1512500e-01
   1.0000000e+01   2.1000000e+01   4.2944651e-15   4.8687500e-01   4.8687500e-01
   1.1000000e+01   2.1000000e+01   3.9508210e-15   4.9525000e-01   4.9525000e-01
   1.2000000e+01   2.1000000e+01   4.0933836e-15   4.8943750e-01   4.8943750e-01
   1.3000000e+01   2.1000000e+01   4.0671345e-15   5.0600000e-01   5.0600000e-01
   1.4000000e+01   2.1000000e+01   4.3428363e-15   5.3712500e-01   5.3712500e-01
   1.5000000e+01   2.1000000e+01   4.4539080e-15   5.3387500e-01   5.3387500e-01
   1.6000000e+01   2.1000000e+01   4.0972256e-15   5.1825000e-01   5.1825000e-01
   1.7000000e+01   2.1000000e+01   4.1802183e-15   4.9871875e-01   4.9871875e-01
   1.8000000e+01   2.1000000e+01   6.9883346e-15   4.6071875e-01   4.6071875e-01
   1.9000000e+01   2.1000000e+01   8.0705500e-15   4.1375000e-01   4.1375000e-01
   1.0000000e+00   2.2000000e+01   1.1700000e-14   4.3781250e-01   4.3781250e-01
   2.0000000e+00   2.2000000e+01   8.5635426e-15   3.9981250e-01   3.9981250e-01
   3.0000000e+00   2.2000000e+01   1.6111564e-14   4.7293750e-01   4.7293750e-01
   4.0000000e+00   2.2000000e+01   2.3166671e-14   4.9368750e-01   4.9368750e-01
   5.0000000e+00   2.2000000e+01   1.5449171e-14   3.9521875e-01   3.9521875e-01
   6.0000000e+00   2.2000000e+01   7.0895472e-15   4.6059375e-01   4.6059375e-01
   7.0000000e+00   2.2000000e+01   1.4649421e-14   4.4475000e-01   4.4475000e-01
   8.0000000e+00   2.2000000e+01   8.8104482e-15   4.6696875e-01   4.6696875e-01
   9.0000000e+00   2.2000000e+01   3.9292793e-14   5.8456250e-01   5.8456250e-01
   1.0000000e+01   2.2000000e+01   2.7613446e-14   4.1978125e-01   4.1978125e-01
   1.1000000e+01   2.2000000e+01   3.4808044e-14   5.2509375e-01   5.2509375e-01
   1.2000000e+01   2.2000000e+01   3.5876263e-14   5.4850000e-01   5.4850000e-01
   1.3000000e+01   2.2000000e+01   2.7774608e-14   5.4156250e-01   5.4156250e-01
   1.4000000e+01   2.2000000e+01   2.9241590e-14   5.0884375e-01   5.0884375e-01
   1.5000000e+01   2.2000000e+01   3.8512016e-14   6.0703125e-01   6.0703125e-01
   1.6000000e+01   2.2000000e+01   3.1860341e-14   4.5659375e-01   4.5659375e-01
   1.7000000e+01   2.2000000e+01   3.3042659e-14   5.0928125e-01   5.0928125e-01
   1.8000000e+01   2.2000000e+01   3.3419592e-14   5.0993750e-01   5.0993750e-01
   1.9000000e+01   2.2000000e+01   2.9143131e-14   4.4668750e-01   4.4668750e-01
   1.0000000e+00   2.3000000e+01   2.8849901e-14   4.5578125e-01   4.5578125e-01
   2.0000000e+00   2.3000000e+01   2.4893462e-14   4.9578125e-01   4.9578125e-01
   3.0000000e+00   2.3000000e+01   1.9498781e-14   4.3271875e-01   4.3271875e-01
   4.0000000e+00   2.3000000e+01   1.8807944e-14   3.5753125e-01   3.5753125e-01
   5.0000000e+00   2.3000000e+01   8.0508166e-15   4.2803125e-01   4.2803125e-01
   6.0000000e+00   2.3000000e+01   8.9754224e-15   4.2440625e-01   4.2440625e-01
   7.0000000e+00   2.3000000e+01   1.2522826e-14   4.7312500e-01   4.7312500e-01
   8.0000000e+00   2.3000000e+01   8.4508649e-15   4.2328125e-01   4.2328125e-01
   9.0000000e+00   2.3000000e+01   9.9443279e-15   3.8478125e-01   3.8478125e-01
   1.0000000e+01   2.3000000e+01   1.5586666e-14   4.1675000e-01   4.1675000e-01
   1.1000000e+01   2.3000000e+01   1.9445243e-14   4.5334375e-01   4.5334375e-01
   1.2000000e+01   2.3000000e+01   1.8189386e-14   4.9543750e-01   4.9543750e-01
   1.3000000e+01   2.3000000e+01   1.4131738e-14   4.2962500e-01   4.2962500e-01
   1.4000000e+01   2.3000000e+01   3.4213403e-15   4.6937500e-01   4.6937500e-01
   1.5000000e+01   2.3000000e+01   3.7729860e-15   4.1296875e-01   4.1296875e-01
   1.6000000e+01   2.3000000e+01   3.5944316e-15   4.3962500e-01   4.3962500e-01
   1.7000000e+01   2.3000000e+01   3.6724341e-15   4.1878125e-01   4.1878125e-01
   1.8000000e+01   2.3000000e+01   3.4022411e-15   4.0971875e-01   4.0971875e-01
   1.9000000e+01   2.3000000e+01   3.3861960e-15   4.1609375e-01   4.1609375e-01
   1.0000000e+00   2.4000000e+01   3.4572580e-15   4.1637500e-01   4.1637500e-01
   2.0000000e+00   2.4000000e+01   3.3772824e-15   4.0321875e-01   4.0321875e-01
   3.0000000e+00   2.4000000e+01   2.9882838e-15   3.7581250e-01   3.7581250e-01
   4.0000000e+00   2.4000000e+01   3.4589133e-15   3.8443750e-01   3.8443750e-01
   5.0000000e+00   2.4000000e+01   3.4656167e-15   3.8165625e-01   3.8165625e-01
   6.0000000e+00   2.4000000e+01   3.6012058e-15   3.9846875e-01   3.9846875e-01
   7.0000000e+00   2.4000000e+01   3.9089483e-15   4.4787500e-01   4.4787500e-01
   8.0000000e+00   2.4000000e+01   3.5548451e-15   4.3615625e-01   4.3615625e-01
   9.0000000e+00   2.4000000e+01   4.6832729e-15   4.0965625e-01   4.0965625e-01
   1.0000000e+01   2.4000000e+01   1.1102549e-14   3.5212500e-01   3.5212500e-01
   1.1000000e+01   2.4000000e+01   1.6428756e-14   4.4700000e-01   4.4700000e-01
   1.2000000e+01   2.4000000e+01   2.0418406e-14   4.5818750e-01   4.5818750e-01
   1.3000000e+01   2.4000000e+01   1.6648291e-14   3.8675000e-01   3.8675000e-01
   1.4000000e+01   2.4000000e+01   1.6738909e-14   4.3081250e-01   4.3081250e-01
   1.5000000e+01   2.4000000e+01   5.3336464e-15   4.3421875e-01   4.3421875e-01
   1.6000000e+01   2.4000000e+01   1.2105951e-14   4.4159375e-01   4.4159375e-01
   1.7000000e+01   2.4000000e+01   1.1842819e-14   4.6018750e-01   4.6018750e-01
   1.8000000e+01   2.4000000e+01   5.4560437e-15   4.1162500e-01   4.1162500e-01
   1.9000000e+01   2.4000000e+01   5.5946037e-15   3.9396875e-01   3.9396875e-01
   1.0000000e+00   2.5000000e+01   1.7209255e-14   4.1184375e-01   4.1184375e-01
   2.0000000e+00   2.5000000e+01   1.2381593e-14   3.4015625e-01   3.4015625e-01
   3.0000000e+00   2.5000000e+01   1.1823220e-14   3.4712500e-01   3.4712500e-01
   4.0000000e+00   2.5000000e+01   2.0498694e-14   4.0484375e-01   4.0484375e-01
   5.0000000e+00   2.5000000e+01   2.1907527e-14   4.8040625e-01   4.8040625e-01
   6.0000000e+00   2.5000000e+01   9.1708232e-15   4.6465625e-01   4.6465625e-01
   7.0000000e+00   2.5000000e+01   9.6332617e-15   4.6078125e-01   4.6078125e-01
   8.0000000e+00   2.5000000e+01   6.9106176e-15   4.3715625e-01   4.3715625e-01
   9.0000000e+00   2.5000000e+01   5.2983387e-15   3.9009375e-01   3.9009375e-01
   1.0000000e+01   2.5000000e+01   1.5868071e-14   4.5078125e-01   4.5078125e-01
   1.1000000e+01   2.5000000e+01   3.2484088e-15   3.8112500e-01   3.8112500e-01
   1.2000000e+01   2.5000000e+01   3.3904424e-15   4.0509375e-01   4.0509375e-01
   1.3000000e+01   2.5000000e+01   3.2835875e-15   4.3815625e-01   4.3815625e-01
   1.4000000e+01   2.5000000e+01   3.2856979e-15   3.9756250e-01   3.9756250e-01
   1.5000000e+01   2.5000000e+01   3.9346547e-15   4.2453125e-01   4.2453125e-01
   1.6000000e+01   2.5000000e+01   4.2636177e-15   3.9225000e-01   3.9225000e-01
   1.7000000e+01   2.5000000e+01   2.1816770e-14   4.6100000e-01   4.6100000e-01
   1.8000000e+01   2.5000000e+01   1.1060778e-14   3.1934375e-01   3.1934375e-01
   1.9000000e+01   2.5000000e+01   9.0834400e-15   3.5243750e-01   3.5243750e-01
   1.0000000e+00   2.6000000e+01   1.0426034e-14   3.6653125e-01   3.6653125e-01
   2.0000000e+00   2.6000000e+01   6.9868892e-15   3.5409375e-01   3.5409375e-01
   3.0000000e+00   2.6000000e+01   1.6940510e-14   4.4487500e-01   4.4487500e-01
   4.0000000e+00   2.6000000e+01   1.6309669e-14   4.2215625e-01   4.2215625e-01
   5.0000000e+00   2.6000000e+01   2.2794766e-14   4.3950000e-01   4.3950000e-01
   6.0000000e+00   2.6000000e+01   1.9230447e-14   4.1318750e-01   4.1318750e-01
   7.0000000e+00   2.6000000e+01   1.5820890e-14   3.8075000e-01   3.8075000e-01
   8.0000000e+00   2.6000000e+01   1.8120937e-14   4.1393750e-01   4.1393750e-01
   9.0000000e+00   2.6000000e+01   5.4112291e-15   3.9468750e-01   3.9468750e-01
   1.0000000e+01   2.6000000e+01   4.4978388e-15   3.7037500e-01   3.7037500e-01
   1.1000000e+01   2.6000000e+01   6.6676008e-15   3.7506250e-01   3.7506250e-01
   1.2000000e+01   2.6000000e+01   1.2124692e-14   3.8825000e-01   3.8825000e-01
   1.3000000e+01   2.6000000e+01   8.0577085e-15   3.9734375e-01   3.9734375e-01
   1.4000000e+01   2.6000000e+01   3.3585966e-15   3.9325000e-01   3.9325000e-01
   1.5000000e+01   2.6000000e+01   3.4784123e-15   4.1925000e-01   4.1925000e-01
   1.6000000e+01   2.6000000e+01   3.3065942e-15   3.9571875e-01   3.9571875e-01
   1.7000000e+01   2.6000000e+01   3.6031523e-15   4.1800000e-01   4.1800000e-01
   1.8000000e+01   2.6000000e+01   3.1285813e-15   3.8968750e-01   3.8968750e-01
   1.9000000e+01   2.6000000e+01   3.2366981e-15   3.8696875e-01   3.8696875e-01
   1.0000000e+00   2.7000000e+01   3.4770302e-15   4.1134375e-01   4.1134375e-01
   2.0000000e+00   2.7000000e+01   3.1852473e-15   3.8643750e-01   3.8643750e-01
   3.0000000e+00   2.7000000e+01   3.1084979e-15   3.8184375e-01   3.8184375e-01
   4.0000000e+00   2.7000000e+01   3.4338647e-15   3.9446875e-01   3.9446875e-01
   5.0000000e+00   2.7000000e+01   3.9079763e-15   4.3740625e-01   4.3740625e-01
   6.0000000e+00   2.7000000e+01   3.9623289e-15   4.5340625e-01   4.5340625e-01
   7.0000000e+00   2.7000000e+01   3.6635114e-15   4.4068750e-01   4.4068750e-01
   8.0000000e+00   2.7000000e+01   3.5512788e-15   4.2509375e-01   4.2509375e-01
   9.0000000e+00   2.7000000e+01   3.7868919e-15   4.3296875e-01   4.3296875e-01
   1.0000000e+01   2.7000000e+01   3.1477042e-15   3.7106250e-01   3.7106250e-01
   1.1000000e+01   2.7000000e+01   3.2800796e-15   3.7400000e-01   3.7400000e-01
   1.2000000e+01   2.7000000e+01   3.2411556e-15   3.7971875e-01   3.7971875e-01
   1.3000000e+01   2.7000000e+01   2.9072177e-15   3.9487500e-01   3.9487500e-01
   1.4000000e+01   2.7000000e+01   3.6867813e-15   4.3915625e-01   4.3915625e-01
   1.5000000e+01   2.7000000e+01   3.5775574e-15   4.4800000e-01   4.4800000e-01
   1.6000000e+01   2.7000000e+01   3.4488951e-15   4.3078125e-01   4.3078125e-01
   1.7000000e+01   2.7000000e+01   3.4485380e-15   4.2725000e-01   4.2725000e-01
   1.8000000e+01   2.7000000e+01   3.1910133e-15   3.7003125e-01   3.7003125e-01
   1.9000000e+01   2.7000000e+01   3.1184233e-15   3.9281250e-01   3.9281250e-01
   1.0000000e+00   2.8000000e+01   5.0355272e-15   4.1940625e-01   4.1940625e-01
   2.0000000e+00   2.8000000e+01   3.5227239e-15   3.9528125e-01   3.9528125e-01
   3.0000000e+00   2.8000000e+01   5.3978846e-15   3.7215625e-01   3.7215625e-01
   4.0000000e+00   2.8000000e+01   4.6983322e-15   3.8334375e-01   3.8334375e-01
   5.0000000e+00   2.8000000e+01   2.0112955e-14   4.4090625e-01   4.4090625e-01
   6.0000000e+00   2.8000000e+01   6.8138406e-15   4.5403125e-01   4.5403125e-01
   7.0000000e+00   2.8000000e+01   1.2467798e-14   4.6600000e-01   4.6600000e-01
   8.0000000e+00   2.8000000e+01   1.3575932e-14   3.7212500e-01   3.7212500e-01
   9.0000000e+00   2.8000000e+01   2.7122462e-14   5.5621875e-01   5.5621875e-01
   1.0000000e+01   2.8000000e+01   4.3560353e-14   5.9318750e-01   5.9318750e-01
   1.1000000e+01   2.8000000e+01   2.7560651e-14   5.1078125e-01   5.1078125e-01
   1.2000000e+01   2.8000000e+01   1.6755050e-14   3.7790625e-01   3.7790625e-01
   1.3000000e+01   2.8000000e+01   1.8782259e-14   3.8600000e-01   3.8600000e-01
   1.4000000e+01   2.8000000e+01   2.7185200e-14   4.9709375e-01   4.9709375e-01
   1.5000000e+01   2.8000000e+01   2.3085233e-14   4.2421875e-01   4.2421875e-01
   1.6000000e+01   2.8000000e+01   3.2953525e-14   5.0762500e-01   5.0762500e-01
   1.7000000e+01   2.8000000e+01   1.8234514e-14   5.5656250e-01   5.5656250e-01
   1.8000000e+01   2.8000000e+01   1.2143678e-14   3.5093750e-01   3.5093750e-01
   1.9000000e+01   2.8000000e+01   1.6835383e-14   4.5765625e-01   4.5765625e-01
   1.0000000e+00   2.9000000e+01   2.2414645e-14   4.5334375e-01   4.5334375e-01
   2.0000000e+00   2.9000000e+01   8.6154699e-15   4.3821875e-01   4.3821875e-01
   3.0000000e+00   2.9000000e+01   7.0613831e-15   4.3618750e-01   4.3618750e-01
   4.0000000e+00   2.9000000e+01   6.1080839e-15   3.7837500e-01   3.7837500e-01
   5.0000000e+00   2.9000000e+01   6.9900184e-15   4.1981250e-01   4.1981250e-01
   6.0000000e+00   2.9000000e+01   8.3691356e-15   4.5437500e-01   4.5437500e-01
   7.0000000e+00   2.9000000e+01   1.0592137e-14   4.4953125e-01   4.4953125e-01
   8.0000000e+00   2.9000000e+01   1.1576101e-14   4.1562500e-01   4.1562500e-01
   9.0000000e+00   2.9000000e+01   2.9023934e-14   4.6953125e-01   4.6953125e-01
   1.0000000e+01   2.9000000e+01   2.1032510e-14   4.6953125e-01   4.6953125e-01
   1.1000000e+01   2.9000000e+01   2.4472128e-14   5.0284375e-01   5.0284375e-01
   1.2000000e+01   2.9000000e+01   1.3914334e-14   4.0015625e-01   4.0015625e-01
   1.3000000e+01   2.9000000e+01   1.0487871e-14   4.3784375e-01   4.3784375e-01
   1.4000000e+01   2.9000000e+01   1.7465267e-14   3.7125000e-01   3.7125000e-01
   1.5000000e+01   2.9000000e+01   1.3060787e-14   4.6306250e-01   4.6306250e-01
   1.6000000e+01   2.9000000e+01   9.2022716e-15   4.6340625e-01   4.6340625e-01
   1.7000000e+01   2.9000000e+01   1.2185184e-14   3.7962500e-01   3.7962500e-01
   1.8000000e+01   2.9000000e+01   6.2058004e-15   3.7687500e-01   3.7687500e-01
   1.9000000e+01   2.9000000e+01   9.7953936e-15   3.9812500e-01   3.9812500e-01
   1.0000000e+00   3.0000000e+01   1.5406176e-14   4.4859375e-01   4.4859375e-01
   2.0000000e+00   3.0000000e+01   1.3813147e-14   4.0993750e-01   4.0993750e-01
   3.0000000e+00   3.0000000e+01   1.3662852e-14   4.1334375e-01   4.1334375e-01
   4.0000000e+00   3.0000000e+01   2.3532541e-14   4.7684375e-01   4.7684375e-01
   5.0000000e+00   3.0000000e+01   1.1561665e-14   4.4590625e-01   4.4590625e-01
   6.0000000e+00   3.0000000e+01   1.6846833e-14   5.2671875e-01   5.2671875e-01
   7.0000000e+00   3.0000000e+01   1.8361257e-14   4.6915625e-01   4.6915625e-01
   8.0000000e+00   3.0000000e+01   1.7488714e-14   4.4915625e-01   4.4915625e-01
   9.0000000e+00   3.0000000e+01   8.6489190e-15   3.9596875e-01   3.9596875e-01
   1.0000000e+01   3.0000000e+01   1.2004194e-14   3.6412500e-01   3.6412500e-01
   1.1000000e+01   3.0000000e+01   1.7083510e-14   3.9090625e-01   3.9090625e-01
   1.2000000e+01   3.0000000e+01   1.0066879e-14   4.3121875e-01   4.3121875e-01
   1.3000000e+01   3.0000000e+01   1.3069708e-14   4.1196875e-01   4.1196875e-01
   1.4000000e+01   3.0000000e+01   4.8820682e-15   4.7906250e-01   4.7906250e-01
   1.5000000e+01   3.0000000e+01   6.1065064e-15   5.0084375e-01   5.0084375e-01
   1.6000000e+01   3.0000000e+01   1.9881277e-14   5.6987500e-01   5.6987500e-01
   1.7000000e+01   3.0000000e+01   3.8372534e-15   4.6337500e-01   4.6337500e-01
   1.8000000e+01   3.0000000e+01   4.3587241e-15   4.1765625e-01   4.1765625e-01
   1.9000000e+01   3.0000000e+01   3.3686830e-15   4.4731250e-01   4.4731250e-01
   1.0000000e+00   3.1000000e+01   3.8207106e-15   4.7612500e-01   4.7612500e-01
   2.0000000e+00   3.1000000e+01   3.5093634e-15   4.3562500e-01   4.3562500e-01
   3.0000000e+00   3.1000000e+01   3.5384360e-15   4.5850000e-01   4.5850000e-01
   4.0000000e+00   3.1000000e+01   5.3542845e-15   4.6706250e-01   4.6706250e-01
   5.0000000e+00   3.1000000e+01   4.0062282e-15   4.6037500e-01   4.6037500e-01
   6.0000000e+00   3.1000000e+01   3.7089959e-15   4.8834375e-01   4.8834375e-01
   7.0000000e+00   3.1000000e+01   4.1371931e-15   4.9587500e-01   4.9587500e-01
   8.0000000e+00   3.1000000e+01   3.9067045e-15   4.8225000e-01   4.8225000e-01
   9.0000000e+00   3.1000000e+01   4.8839896e-15   4.8125000e-01   4.8125000e-01
   1.0000000e+01   3.1000000e+01   4.7252688e-15   4.8109375e-01   4.8109375e-01
   1.1000000e+01   3.1000000e+01   5.5500911e-15   4.5743750e-01   4.5743750e-01
   1.2000000e+01   3.1000000e+01   9.0818086e-15   4.8350000e-01   4.8350000e-01
   1.3000000e+01   3.1000000e+01   8.2601513e-15   4.3862500e-01   4.3862500e-01
   1.4000000e+01   3.1000000e+01   8.3658814e-15   4.5196875e-01   4.5196875e-01
   1.5000000e+01   3.1000000e+01   2.5989728e-14   4.9593750e-01   4.9593750e-01
   1.6000000e+01   3.1000000e+01   6.2782224e-15   4.8253125e-01   4.8253125e-01
   1.7000000e+01   3.1000000e+01   1.4872946e-14   4.9187500e-01   4.9187500e-01
   1.8000000e+01   3.1000000e+01   7.7727964e-15   3.9084375e-01   3.9084375e-01
   1.9000000e+01   3.1000000e+01   1.6767245e-14   4.6115625e-01   4.6115625e-01
   1.0000000e+00   3.2000000e+01   1.9030041e-14   4.9684375e-01   4.9684375e-01
   2.0000000e+00   3.2000000e+01   2.0845896e-14   4.9278125e-01   4.9278125e-01
   3.0000000e+00   3.2000000e+01   2.1172647e-14   4.9962500e-01   4.9962500e-01
   4.0000000e+00   3.2000000e+01   3.6623192e-15   4.2259375e-01   4.2259375e-01
   5.0000000e+00   3.2000000e+01   3.8649010e-15   4.6753125e-01   4.6753125e-01
   6.0000000e+00   3.2000000e+01   4.1997805e-15   5.0131250e-01   5.0131250e-01
   7.0000000e+00   3.2000000e+01   4.4914623e-15   5.0159375e-01   5.0159375e-01
   8.0000000e+00   3.2000000e+01   4.1751286e-15   5.2287500e-01   5.2287500e-01
   9.0000000e+00   3.2000000e+01   4.2066665e-15   4.9093750e-01   4.9093750e-01
   1.0000000e+01   3.2000000e+01   3.8912321e-15   4.6418750e-01   4.6418750e-01
   1.1000000e+01   3.2000000e+01   4.0255316e-15   4.8059375e-01   4.8059375e-01
   1.2000000e+01   3.2000000e+01   3.9524766e-15   4.8050000e-01   4.8050000e-01
   1.3000000e+01   3.2000000e+01   3.9122833e-15   4.6837500e-01   4.6837500e-01
   1.4000000e+01   3.2000000e+01   4.0926257e-15   5.0506250e-01   5.0506250e-01
   1.5000000e+01   3.2000000e+01   3.9962290e-15   5.1012500e-01   5.1012500e-01
   1.6000000e+01   3.2000000e+01   4.2551119e-15   5.3734375e-01   5.3734375e-01
   1.7000000e+01   3.2000000e+01   4.1585069e-15   4.9350000e-01   4.9350000e-01
   1.8000000e+01   3.2000000e+01   4.0634874e-15   4.6071875e-01   4.6071875e-01
   1.9000000e+01   3.2000000e+01   3.5309818e-15   4.4646875e-01   4.4646875e-01
   1.0000000e+00   3.3000000e+01   4.2168759e-15   5.1200000e-01   5.1200000e-01
   2.0000000e+00   3.3000000e+01   3.8540561e-15   4.7975000e-01   4.7975000e-01
   3.0000000e+00   3.3000000e+01   3.7531331e-15   4.9012500e-01   4.9012500e-01
   4.0000000e+00   3.3000000e+01   3.8702091e-15   4.8240625e-01   4.8240625e-01
   5.0000000e+00   3.3000000e+01   3.6063001e-15   4.4015625e-01   4.4015625e-01
   6.0000000e+00   3.3000000e+01   3.7650258e-15   4.9834375e-01   4.9834375e-01
   7.0000000e+00   3.3000000e+01   4.3557977e-15   5.0450000e-01   5.0450000e-01
   8.0000000e+00   3.3000000e+01   4.3828587e-15   5.3909375e-01   5.3909375e-01
   9.0000000e+00   3.3000000e+01   3.8791186e-15   4.7850000e-01   4.7850000e-01
   1.0000000e+01   3.3000000e+01   4.1386631e-15   5.1512500e-01   5.1512500e-01
   1.1000000e+01   3.3000000e+01   4.0654964e-15   4.8656250e-01   4.8656250e-01
   1.2000000e+01   3.3000000e+01   3.5981347e-15   4.6237500e-01   4.6237500e-01
   1.3000000e+01   3.3000000e+01   4.0743752e-15   4.8009375e-01   4.8009375e-01
   1.4000000e+01   3.3000000e+01   3.8127537e-15   4.9075000e-01   4.9075000e-01
   1.5000000e+01   3.3000000e+01   4.8536369e-15   4.7978125e-01   4.7978125e-01
   1.6000000e+01   3.3000000e+01   8.1598827e-15   5.1612500e-01   5.1612500e-01
   1.7000000e+01   3.3000000e+01   1.3560270e-14   4.8375000e-01   4.8375000e-01
   1.8000000e+01   3.3000000e+01   9.5368459e-15   4.5296875e-01   4.5296875e-01
   1.9000000e+01   3.3000000e+01   5.2620929e-15   4.7415625e-01   4.7415625e-01
   1.0000000e+00   3.4000000e+01   8.9872845e-15   4.5615625e-01   4.5615625e-01
   2.0000000e+00   3.4000000e+01   4.5623022e-15   4.9450000e-01   4.9450000e-01
   3.0000000e+00   3.4000000e+01   5.8092302e-15   4.4131250e-01   4.4131250e-01
   4.0000000e+00   3.4000000e+01   5.0812427e-15   4.4381250e-01   4.4381250e-01
   5.0000000e+00   3.4000000e+01   1.3138809e-14   4.3987500e-01   4.3987500e-01
   6.0000000e+00   3.4000000e+01   1.4742002e-14   4.2275000e-01   4.2275000e-01
   7.0000000e+00   3.4000000e+01   7.0769683e-15   4.8353125e-01   4.8353125e-01
   8.0000000e+00   3.4000000e+01   1.9535059e-14   5.0131250e-01   5.0131250e-01
   9.0000000e+00   3.4000000e+01   1.9756945e-14   3.9415625e-01   3.9415625e-01
   1.0000000e+01   3.4000000e+01   1.5726223e-14   4.5181250e-01   4.5181250e-01
   1.1000000e+01   3.4000000e+01   2.3857950e-14   5.7065625e-01   5.7065625e-01
   1.2000000e+01   3.4000000e+01   2.3287230e-14   4.5206250e-01   4.5206250e-01
   1.3000000e+01   3.4000000e+01   1.2872796e-14   4.2146875e-01   4.2146875e-01
   1.4000000e+01   3.4000000e+01   1.3208674e-14   4.7556250e-01   4.7556250e-01
   1.5000000e+01   3.4000000e+01   1.5392779e-14   5.1840625e-01   5.1840625e-01
   1.6000000e+01   3.4000000e+01   1.5289458e-14   5.2456250e-01   5.2456250e-01
   1.7000000e+01   3.4000000e+01   1.6923910e-14   4.7371875e-01   4.7371875e-01
   1.8000000e+01   3.4000000e+01   1.3259842e-14   5.2037500e-01   5.2037500e-01
   1.9000000e+01   3.4000000e+01   1.4806274e-14   5.1346875e-01   5.1346875e-01
   1.0000000e+00   3.5000000e+01   9.0763725e-15   5.1146875e-01   5.1146875e-01
   2.0000000e+00   3.5000000e+01   1.2010747e-14   5.6468750e-01   5.6468750e-01
   3.0000000e+00   3.5000000e+01   4.3948748e-15   4.6221875e-01   4.6221875e-01
   4.0000000e+00   3.5000000e+01   3.9913871e-15   4.3193750e-01   4.3193750e-01
   5.0000000e+00   3.5000000e+01   4.0814427e-15   5.0303125e-01   5.0303125e-01
   6.0000000e+00   3.5000000e+01   9.5431714e-15   5.5612500e-01   5.5612500e-01
   7.0000000e+00   3.5000000e+01   4.6002000e-15   5.5006250e-01   5.5006250e-01
   8.0000000e+00   3.5000000e+01   1.0338799e-14   5.4225000e-01   5.4225000e-01
   9.0000000e+00   3.5000000e+01   1.0074354e-14   5.5587500e-01   5.5587500e-01
   1.0000000e+01   3.5000000e+01   1.4754897e-14   4.6231250e-01   4.6231250e-01
   1.1000000e+01   3.5000000e+01   8.7977421e-15   4.9393750e-01   4.9393750e-01
   1.2000000e+01   3.5000000e+01   1.4917558e-14   4.7406250e-01   4.7406250e-01
   1.3000000e+01   3.5000000e+01   1.7332777e-14   4.7834375e-01   4.7834375e-01
   1.4000000e+01   3.5000000e+01   1.4337131e-14   5.9275000e-01   5.9275000e-01
   1.5000000e+01   3.5000000e+01   1.5351152e-14   4.2265625e-01   4.2265625e-01
   1.6000000e+01   3.5000000e+01   1.6759880e-14   5.3390625e-01   5.3390625e-01
   1.7000000e+01   3.5000000e+01   1.9120358e-14   5.2393750e-01   5.2393750e-01
   1.8000000e+01   3.5000000e+01   1.2846982e-14   5.0303125e-01   5.0303125e-01
   1.9000000e+01   3.5000000e+01   1.7195197e-14   4.3559375e-01   4.3559375e-01
