   1.0000000e+00   1.0000000e+00   1.0237927e-16   3.4687500e-03   3.4687500e-03
   2.0000000e+00   1.0000000e+00   1.2960534e-16   3.5937500e-03   3.5937500e-03
   3.0000000e+00   1.0000000e+00   1.0589218e-16   3.7812500e-03   3.7812500e-03
   4.0000000e+00   1.0000000e+00   9.8859692e-17   3.5937500e-03   3.5937500e-03
   5.0000000e+00   1.0000000e+00   8.7119027e-17   3.5000000e-03   3.5000000e-03
   6.0000000e+00   1.0000000e+00   9.6452668e-17   4.3750000e-03   4.3750000e-03
   7.0000000e+00   1.0000000e+00   1.0636425e-16   3.8125000e-03   3.8125000e-03
   8.0000000e+00   1.0000000e+00   1.2698472e-16   4.1875000e-03   4.1875000e-03
   9.0000000e+00   1.0000000e+00   8.1650582e-17   3.0937500e-03   3.0937500e-03
   1.0000000e+01   1.0000000e+00   1.1768829e-16   4.5625000e-03   4.5625000e-03
   1.1000000e+01   1.0000000e+00   1.6200842e-16   4.7500000e-03   4.7500000e-03
   1.2000000e+01   1.0000000e+00   7.5435114e-17   2.9687500e-03   2.9687500e-03
   1.3000000e+01   1.0000000e+00   7.8098453e-17   3.6875000e-03   3.6875000e-03
   1.4000000e+01   1.0000000e+00   1.2318994e-16   4.1250000e-03   4.1250000e-03
   1.5000000e+01   1.0000000e+00   1.8640860e-16   4.8750000e-03   4.8750000e-03
   1.6000000e+01   1.0000000e+00   1.2355567e-16   4.0625000e-03   4.0625000e-03
   1.7000000e+01   1.0000000e+00   1.2007190e-16   3.9062500e-03   3.9062500e-03
   1.8000000e+01   1.0000000e+00   1.4937262e-16   4.1875000e-03   4.1875000e-03
   1.9000000e+01   1.0000000e+00   1.0789678e-16   3.6875000e-03   3.6875000e-03
   2.0000000e+01   1.0000000e+00   1.0301322e-16   3.9062500e-03   3.9062500e-03
   2.1000000e+01   1.0000000e+00   9.4386819e-17   3.4375000e-03   3.4375000e-03
   2.2000000e+01   1.0000000e+00   1.2384055e-16   4.0937500e-03   4.0937500e-03
   2.3000000e+01   1.0000000e+00   8.1634441e-17   3.5625000e-03   3.5625000e-03
   2.4000000e+01   1.0000000e+00   1.0050799e-16   3.7500000e-03   3.7500000e-03
   2.5000000e+01   1.0000000e+00   1.5295156e-16   3.7812500e-03   3.7812500e-03
   2.6000000e+01   1.0000000e+00   1.4379902e-16   4.1562500e-03   4.1562500e-03
   2.7000000e+01   1.0000000e+00   1.6142269e-16   4.3750000e-03   4.3750000e-03
   2.8000000e+01   1.0000000e+00   9.6193056e-17   4.1875000e-03   4.1875000e-03
   2.9000000e+01   1.0000000e+00   8.6332113e-17   3.1562500e-03   3.1562500e-03
   3.0000000e+01   1.0000000e+00   7.4098257e-17   3.1875000e-03   3.1875000e-03
   3.1000000e+01   1.0000000e+00   8.8533057e-17   3.5312500e-03   3.5312500e-03
   3.2000000e+01   1.0000000e+00   1.3503643e-16   4.2812500e-03   4.2812500e-03
   3.3000000e+01   1.0000000e+00   1.8213857e-16   5.2187500e-03   5.2187500e-03
   3.4000000e+01   1.0000000e+00   9.6736983e-17   3.9062500e-03   3.9062500e-03
   3.5000000e+01   1.0000000e+00   1.1530032e-16   4.5937500e-03   4.5937500e-03
   1.0000000e+00   2.0000000e+00   1.0813157e-16   3.9687500e-03   3.9687500e-03
   2.0000000e+00   2.0000000e+00   6.5774548e-17   2.7187500e-03   2.7187500e-03
   3.0000000e+00   2.0000000e+00   1.1112406e-16   4.0000000e-03   4.0000000e-03
   4.0000000e+00   2.0000000e+00   1.1593336e-16   4.2187500e-03   4.2187500e-03
   5.0000000e+00   2.0000000e+00   1.5159517e-16   4.1875000e-03   4.1875000e-03
   6.0000000e+00   2.0000000e+00   8.8278008e-17   3.3750000e-03   3.3750000e-03
   7.0000000e+00   2.0000000e+00   8.6064954e-17   3.5625000e-03   3.5625000e-03
   8.0000000e+00   2.0000000e+00   6.7300392e-17   2.9375000e-03   2.9375000e-03
   9.0000000e+00   2.0000000e+00   1.0182632e-16   3.4687500e-03   3.4687500e-03
   1.0000000e+01   2.0000000e+00   6.0869702e-17   2.6562500e-03   2.6562500e-03
   1.1000000e+01   2.0000000e+00   8.3454522e-17   3.6562500e-03   3.6562500e-03
   1.2000000e+01   2.0000000e+00   9.5614284e-17   3.7812500e-03   3.7812500e-03
   1.3000000e+01   2.0000000e+00   8.8309211e-17   3.2812500e-03   3.2812500e-03
   1.4000000e+01   2.0000000e+00   7.0758848e-17   4.0625000e-03   4.0625000e-03
   1.5000000e+01   2.0000000e+00   8.7312936e-17   3.4687500e-03   3.4687500e-03
   1.6000000e+01   2.0000000e+00   7.0746207e-17   3.0000000e-03   3.0000000e-03
   1.7000000e+01   2.0000000e+00   9.3184885e-17   3.0312500e-03   3.0312500e-03
   1.8000000e+01   2.0000000e+00   8.6533240e-17   4.3750000e-03   4.3750000e-03
   1.9000000e+01   2.0000000e+00   7.9300965e-17   3.4375000e-03   3.4375000e-03
   2.0000000e+01   2.0000000e+00   8.8410915e-17   3.9062500e-03   3.9062500e-03
   2.1000000e+01   2.0000000e+00   1.1446682e-16   4.4062500e-03   4.4062500e-03
   2.2000000e+01   2.0000000e+00   1.4706167e-16   4.1562500e-03   4.1562500e-03
   2.3000000e+01   2.0000000e+00   1.0881281e-16   3.6250000e-03   3.6250000e-03
   2.4000000e+01   2.0000000e+00   9.0753298e-17   3.7500000e-03   3.7500000e-03
   2.5000000e+01   2.0000000e+00   1.2148320e-16   4.1250000e-03   4.1250000e-03
   2.6000000e+01   2.0000000e+00   9.4844823e-17   4.0312500e-03   4.0312500e-03
   2.7000000e+01   2.0000000e+00   8.3380693e-17   3.5625000e-03   3.5625000e-03
   2.8000000e+01   2.0000000e+00   1.3861973e-16   4.1562500e-03   4.1562500e-03
   2.9000000e+01   2.0000000e+00   1.1027084e-16   3.4062500e-03   3.4062500e-03
   3.0000000e+01   2.0000000e+00   9.9410494e-17   4.5312500e-03   4.5312500e-03
   3.1000000e+01   2.0000000e+00   5.9012543e-17   2.9375000e-03   2.9375000e-03
   3.2000000e+01   2.0000000e+00   7.4267430e-17   3.9062500e-03   3.9062500e-03
   3.3000000e+01   2.0000000e+00   1.6563309e-16   5.2812500e-03   5.2812500e-03
   3.4000000e+01   2.0000000e+00   8.8857435e-17   3.8437500e-03   3.8437500e-03
   3.5000000e+01   2.0000000e+00   7.2302848e-17   2.8125000e-03   2.8125000e-03
   1.0000000e+00   3.0000000e+00   8.7724533e-17   3.3750000e-03   3.3750000e-03
   2.0000000e+00   3.0000000e+00   1.1559022e-16   4.6250000e-03   4.6250000e-03
   3.0000000e+00   3.0000000e+00   1.2059936e-16   3.5000000e-03   3.5000000e-03
   4.0000000e+00   3.0000000e+00   1.8473393e-16   4.9062500e-03   4.9062500e-03
   5.0000000e+00   3.0000000e+00   1.4219284e-16   4.5937500e-03   4.5937500e-03
   6.0000000e+00   3.0000000e+00   1.0069865e-16   3.9062500e-03   3.9062500e-03
   7.0000000e+00   3.0000000e+00   1.2141120e-16   4.9687500e-03   4.9687500e-03
   8.0000000e+00   3.0000000e+00   1.1162408e-16   3.7812500e-03   3.7812500e-03
   9.0000000e+00   3.0000000e+00   9.9733138e-17   4.2187500e-03   4.2187500e-03
   1.0000000e+01   3.0000000e+00   7.8909992e-17   3.4062500e-03   3.4062500e-03
   1.1000000e+01   3.0000000e+00   1.9016264e-16   5.3125000e-03   5.3125000e-03
   1.2000000e+01   3.0000000e+00   2.0169560e-16   4.5000000e-03   4.5000000e-03
   1.3000000e+01   3.0000000e+00   2.1570658e-16   5.7500000e-03   5.7500000e-03
   1.4000000e+01   3.0000000e+00   2.1557312e-16   4.7500000e-03   4.7500000e-03
   1.5000000e+01   3.0000000e+00   1.1478323e-16   3.8437500e-03   3.8437500e-03
   1.6000000e+01   3.0000000e+00   9.8611470e-17   3.4062500e-03   3.4062500e-03
   1.7000000e+01   3.0000000e+00   9.6070664e-17   3.5625000e-03   3.5625000e-03
   1.8000000e+01   3.0000000e+00   8.6553725e-17   3.4687500e-03   3.4687500e-03
   1.9000000e+01   3.0000000e+00   1.0954822e-16   3.8437500e-03   3.8437500e-03
   2.0000000e+01   3.0000000e+00   1.7275470e-16   4.2812500e-03   4.2812500e-03
   2.1000000e+01   3.0000000e+00   1.0287397e-16   3.8125000e-03   3.8125000e-03
   2.2000000e+01   3.0000000e+00   1.2466767e-16   4.7500000e-03   4.7500000e-03
   2.3000000e+01   3.0000000e+00   1.0531207e-16   3.9687500e-03   3.9687500e-03
   2.4000000e+01   3.0000000e+00   7.3879145e-17   3.3437500e-03   3.3437500e-03
   2.5000000e+01   3.0000000e+00   1.0744286e-16   3.5625000e-03   3.5625000e-03
   2.6000000e+01   3.0000000e+00   1.0599509e-16   4.3125000e-03   4.3125000e-03
   2.7000000e+01   3.0000000e+00   9.1064536e-17   3.3125000e-03   3.3125000e-03
   2.8000000e+01   3.0000000e+00   5.7787594e-17   2.5937500e-03   2.5937500e-03
   2.9000000e+01   3.0000000e+00   7.3124450e-17   3.8437500e-03   3.8437500e-03
   3.0000000e+01   3.0000000e+00   1.3781546e-16   4.0000000e-03   4.0000000e-03
   3.1000000e+01   3.0000000e+00   1.0952895e-16   4.3750000e-03   4.3750000e-03
   3.2000000e+01   3.0000000e+00   6.3302102e-17   2.7500000e-03   2.7500000e-03
   3.3000000e+01   3.0000000e+00   8.9927868e-17   3.3125000e-03   3.3125000e-03
   3.4000000e+01   3.0000000e+00   9.1460071e-17   3.6562500e-03   3.6562500e-03
   3.5000000e+01   3.0000000e+00   1.0210991e-16   3.6562500e-03   3.6562500e-03
   1.0000000e+00   4.0000000e+00   1.1017618e-16   3.7187500e-03   3.7187500e-03
   2.0000000e+00   4.0000000e+00   1.8893498e-16   5.4375000e-03   5.4375000e-03
   3.0000000e+00   4.0000000e+00   2.1997393e-16   5.5937500e-03   5.5937500e-03
   4.0000000e+00   4.0000000e+00   2.1407606e-16   4.4687500e-03   4.4687500e-03
   5.0000000e+00   4.0000000e+00   1.9539409e-16   4.8437500e-03   4.8437500e-03
   6.0000000e+00   4.0000000e+00   1.0628803e-16   4.0937500e-03   4.0937500e-03
   7.0000000e+00   4.0000000e+00   1.0213627e-16   3.2812500e-03   3.2812500e-03
   8.0000000e+00   4.0000000e+00   6.8781578e-17   3.4687500e-03   3.4687500e-03
   9.0000000e+00   4.0000000e+00   8.5586621e-17   3.3437500e-03   3.3437500e-03
   1.0000000e+01   4.0000000e+00   1.8428370e-16   4.9375000e-03   4.9375000e-03
   1.1000000e+01   4.0000000e+00   1.0081590e-16   3.6562500e-03   3.6562500e-03
   1.2000000e+01   4.0000000e+00   6.2677674e-17   2.6875000e-03   2.6875000e-03
   1.3000000e+01   4.0000000e+00   5.9975522e-17   2.8125000e-03   2.8125000e-03
   1.4000000e+01   4.0000000e+00   1.1192226e-16   3.9062500e-03   3.9062500e-03
   1.5000000e+01   4.0000000e+00   2.0330797e-16   5.2812500e-03   5.2812500e-03
   1.6000000e+01   4.0000000e+00   1.7434346e-16   4.3750000e-03   4.3750000e-03
   1.7000000e+01   4.0000000e+00   1.5884781e-16   4.0937500e-03   4.0937500e-03
   1.8000000e+01   4.0000000e+00   1.6676618e-16   4.7812500e-03   4.7812500e-03
   1.9000000e+01   4.0000000e+00   1.3505005e-16   4.0000000e-03   4.0000000e-03
   2.0000000e+01   4.0000000e+00   1.5978358e-16   4.8750000e-03   4.8750000e-03
   2.1000000e+01   4.0000000e+00   1.4889613e-16   4.2812500e-03   4.2812500e-03
   2.2000000e+01   4.0000000e+00   1.8386859e-16   4.8437500e-03   4.8437500e-03
   2.3000000e+01   4.0000000e+00   1.4958873e-16   4.2500000e-03   4.2500000e-03
   2.4000000e+01   4.0000000e+00   1.3262297e-16   4.0937500e-03   4.0937500e-03
   2.5000000e+01   4.0000000e+00   8.1300063e-17   3.7812500e-03   3.7812500e-03
   2.6000000e+01   4.0000000e+00   7.8522098e-17   3.6562500e-03   3.6562500e-03
   2.7000000e+01   4.0000000e+00   7.5191439e-17   3.5625000e-03   3.5625000e-03
   2.8000000e+01   4.0000000e+00   1.0243090e-16   4.1562500e-03   4.1562500e-03
   2.9000000e+01   4.0000000e+00   1.4338412e-16   4.2812500e-03   4.2812500e-03
   3.0000000e+01   4.0000000e+00   1.2964347e-16   4.2500000e-03   4.2500000e-03
   3.1000000e+01   4.0000000e+00   1.1860694e-16   4.0937500e-03   4.0937500e-03
   3.2000000e+01   4.0000000e+00   9.0446920e-17   3.9375000e-03   3.9375000e-03
   3.3000000e+01   4.0000000e+00   9.0085635e-17   3.5312500e-03   3.5312500e-03
   3.4000000e+01   4.0000000e+00   1.1125989e-16   3.6250000e-03   3.6250000e-03
   3.5000000e+01   4.0000000e+00   1.9096916e-16   4.5312500e-03   4.5312500e-03
   1.0000000e+00   5.0000000e+00   1.4580861e-16   4.4062500e-03   4.4062500e-03
   2.0000000e+00   5.0000000e+00   2.3135184e-16   4.9375000e-03   4.9375000e-03
   3.0000000e+00   5.0000000e+00   7.7020239e-17   3.1250000e-03   3.1250000e-03
   4.0000000e+00   5.0000000e+00   1.0060808e-16   3.3750000e-03   3.3750000e-03
   5.0000000e+00   5.0000000e+00   1.0997757e-16   3.9687500e-03   3.9687500e-03
   6.0000000e+00   5.0000000e+00   2.0187830e-16   4.9375000e-03   4.9375000e-03
   7.0000000e+00   5.0000000e+00   1.0907576e-16   3.8125000e-03   3.8125000e-03
   8.0000000e+00   5.0000000e+00   8.0419257e-17   3.5937500e-03   3.5937500e-03
   9.0000000e+00   5.0000000e+00   9.3603280e-17   3.5625000e-03   3.5625000e-03
   1.0000000e+01   5.0000000e+00   6.0623653e-17   2.8125000e-03   2.8125000e-03
   1.1000000e+01   5.0000000e+00   8.8803857e-17   2.9375000e-03   2.9375000e-03
   1.2000000e+01   5.0000000e+00   2.4163345e-16   5.8125000e-03   5.8125000e-03
   1.3000000e+01   5.0000000e+00   9.8056121e-17   3.3750000e-03   3.3750000e-03
   1.4000000e+01   5.0000000e+00   6.3221835e-17   2.7812500e-03   2.7812500e-03
   1.5000000e+01   5.0000000e+00   1.0117087e-16   4.6875000e-03   4.6875000e-03
   1.6000000e+01   5.0000000e+00   9.5322422e-17   3.1875000e-03   3.1875000e-03
   1.7000000e+01   5.0000000e+00   6.9304615e-17   3.0000000e-03   3.0000000e-03
   1.8000000e+01   5.0000000e+00   2.1301646e-16   5.1250000e-03   5.1250000e-03
   1.9000000e+01   5.0000000e+00   9.6374667e-17   3.9062500e-03   3.9062500e-03
   2.0000000e+01   5.0000000e+00   1.0024510e-16   3.5625000e-03   3.5625000e-03
   2.1000000e+01   5.0000000e+00   1.2891254e-16   3.8750000e-03   3.8750000e-03
   2.2000000e+01   5.0000000e+00   1.9607038e-16   4.8750000e-03   4.8750000e-03
   2.3000000e+01   5.0000000e+00   1.0750861e-16   3.3437500e-03   3.3437500e-03
   2.4000000e+01   5.0000000e+00   1.0464920e-16   4.2812500e-03   4.2812500e-03
   2.5000000e+01   5.0000000e+00   1.1446413e-16   4.5312500e-03   4.5312500e-03
   2.6000000e+01   5.0000000e+00   9.2309829e-17   3.4375000e-03   3.4375000e-03
   2.7000000e+01   5.0000000e+00   6.7012498e-17   2.8437500e-03   2.8437500e-03
   2.8000000e+01   5.0000000e+00   1.9546641e-16   4.9375000e-03   4.9375000e-03
   2.9000000e+01   5.0000000e+00   1.7382954e-16   4.9062500e-03   4.9062500e-03
   3.0000000e+01   5.0000000e+00   8.6793274e-17   3.8125000e-03   3.8125000e-03
   3.1000000e+01   5.0000000e+00   5.6312235e-17   2.7187500e-03   2.7187500e-03
   3.2000000e+01   5.0000000e+00   7.6612422e-17   3.2812500e-03   3.2812500e-03
   3.3000000e+01   5.0000000e+00   9.8896676e-17   3.9375000e-03   3.9375000e-03
   3.4000000e+01   5.0000000e+00   2.0122040e-16   5.0000000e-03   5.0000000e-03
   3.5000000e+01   5.0000000e+00   8.6438224e-17   3.8750000e-03   3.8750000e-03
   1.0000000e+00   6.0000000e+00   1.6064015e-16   5.9062500e-03   5.9062500e-03
   2.0000000e+00   6.0000000e+00   1.6486123e-16   4.9062500e-03   4.9062500e-03
   3.0000000e+00   6.0000000e+00   1.2620264e-16   5.5937500e-03   5.5937500e-03
   4.0000000e+00   6.0000000e+00   1.0795955e-16   3.7812500e-03   3.7812500e-03
   5.0000000e+00   6.0000000e+00   6.0714482e-17   3.0937500e-03   3.0937500e-03
   6.0000000e+00   6.0000000e+00   8.6330301e-17   3.1250000e-03   3.1250000e-03
   7.0000000e+00   6.0000000e+00   1.2878988e-16   4.2187500e-03   4.2187500e-03
   8.0000000e+00   6.0000000e+00   1.2110891e-16   3.9687500e-03   3.9687500e-03
   9.0000000e+00   6.0000000e+00   1.4617191e-16   4.4062500e-03   4.4062500e-03
   1.0000000e+01   6.0000000e+00   1.2461187e-16   4.5625000e-03   4.5625000e-03
   1.1000000e+01   6.0000000e+00   1.0793624e-16   3.7500000e-03   3.7500000e-03
   1.2000000e+01   6.0000000e+00   7.0989913e-17   3.3125000e-03   3.3125000e-03
   1.3000000e+01   6.0000000e+00   8.8462291e-17   3.3125000e-03   3.3125000e-03
   1.4000000e+01   6.0000000e+00   6.1828165e-17   3.1250000e-03   3.1250000e-03
   1.5000000e+01   6.0000000e+00   1.6869381e-16   5.2187500e-03   5.2187500e-03
   1.6000000e+01   6.0000000e+00   1.4915140e-16   4.5625000e-03   4.5625000e-03
   1.7000000e+01   6.0000000e+00   1.2494184e-16   3.8437500e-03   3.8437500e-03
   1.8000000e+01   6.0000000e+00   7.8142313e-17   3.8437500e-03   3.8437500e-03
   1.9000000e+01   6.0000000e+00   6.8358262e-17   2.6562500e-03   2.6562500e-03
   2.0000000e+01   6.0000000e+00   7.6100324e-17   3.1875000e-03   3.1875000e-03
   2.1000000e+01   6.0000000e+00   1.8336494e-16   5.4062500e-03   5.4062500e-03
   2.2000000e+01   6.0000000e+00   1.3436384e-16   4.1250000e-03   4.1250000e-03
   2.3000000e+01   6.0000000e+00   9.9473276e-17   3.8125000e-03   3.8125000e-03
   2.4000000e+01   6.0000000e+00   7.5183002e-17   4.0937500e-03   4.0937500e-03
   2.5000000e+01   6.0000000e+00   6.2268654e-17   2.9375000e-03   2.9375000e-03
   2.6000000e+01   6.0000000e+00   9.6515184e-17   3.8437500e-03   3.8437500e-03
   2.7000000e+01   6.0000000e+00   1.7565513e-16   5.1562500e-03   5.1562500e-03
   2.8000000e+01   6.0000000e+00   2.3421609e-16   5.7812500e-03   5.7812500e-03
   2.9000000e+01   6.0000000e+00   2.3699898e-16   5.5000000e-03   5.5000000e-03
   3.0000000e+01   6.0000000e+00   1.5171920e-16   4.7187500e-03   4.7187500e-03
   3.1000000e+01   6.0000000e+00   1.2283868e-16   4.3125000e-03   4.3125000e-03
   3.2000000e+01   6.0000000e+00   8.1436252e-17   2.9062500e-03   2.9062500e-03
   3.3000000e+01   6.0000000e+00   1.5385844e-16   4.0625000e-03   4.0625000e-03
   3.4000000e+01   6.0000000e+00   1.3105234e-16   4.6875000e-03   4.6875000e-03
   3.5000000e+01   6.0000000e+00   1.3921013e-16   4.3750000e-03   4.3750000e-03
   1.0000000e+00   7.0000000e+00   6.5478092e-17   3.2500000e-03   3.2500000e-03
   2.0000000e+00   7.0000000e+00   8.0569868e-17   3.2812500e-03   3.2812500e-03
   3.0000000e+00   7.0000000e+00   9.9613309e-17   3.6250000e-03   3.6250000e-03
   4.0000000e+00   7.0000000e+00   9.0259121e-17   4.2500000e-03   4.2500000e-03
   5.0000000e+00   7.0000000e+00   6.6615197e-17   3.0625000e-03   3.0625000e-03
   6.0000000e+00   7.0000000e+00   1.0304631e-16   3.6250000e-03   3.6250000e-03
   7.0000000e+00   7.0000000e+00   1.9599621e-16   5.5312500e-03   5.5312500e-03
   8.0000000e+00   7.0000000e+00   1.3223146e-16   4.3750000e-03   4.3750000e-03
   9.0000000e+00   7.0000000e+00   6.7448596e-17   3.0937500e-03   3.0937500e-03
   1.0000000e+01   7.0000000e+00   1.0119257e-16   3.6875000e-03   3.6875000e-03
   1.1000000e+01   7.0000000e+00   8.6951104e-17   3.1875000e-03   3.1875000e-03
   1.2000000e+01   7.0000000e+00   1.0383121e-16   3.4687500e-03   3.4687500e-03
   1.3000000e+01   7.0000000e+00   1.9935577e-16   4.8125000e-03   4.8125000e-03
   1.4000000e+01   7.0000000e+00   1.1860931e-16   3.8437500e-03   3.8437500e-03
   1.5000000e+01   7.0000000e+00   5.9275046e-17   3.0000000e-03   3.0000000e-03
   1.6000000e+01   7.0000000e+00   6.9360194e-17   3.3750000e-03   3.3750000e-03
   1.7000000e+01   7.0000000e+00   6.9112722e-17   2.9062500e-03   2.9062500e-03
   1.8000000e+01   7.0000000e+00   2.0908400e-16   5.5937500e-03   5.5937500e-03
   1.9000000e+01   7.0000000e+00   1.1187218e-16   4.1250000e-03   4.1250000e-03
   2.0000000e+01   7.0000000e+00   1.1016998e-16   4.0000000e-03   4.0000000e-03
   2.1000000e+01   7.0000000e+00   9.0849362e-17   3.0937500e-03   3.0937500e-03
   2.2000000e+01   7.0000000e+00   1.0469177e-16   3.9062500e-03   3.9062500e-03
   2.3000000e+01   7.0000000e+00   1.9521291e-16   4.9375000e-03   4.9375000e-03
   2.4000000e+01   7.0000000e+00   1.1766797e-16   4.2500000e-03   4.2500000e-03
   2.5000000e+01   7.0000000e+00   6.2483469e-17   2.8437500e-03   2.8437500e-03
   2.6000000e+01   7.0000000e+00   1.1171507e-16   3.6250000e-03   3.6250000e-03
   2.7000000e+01   7.0000000e+00   1.2037053e-16   3.4062500e-03   3.4062500e-03
   2.8000000e+01   7.0000000e+00   1.0250812e-16   3.8125000e-03   3.8125000e-03
   2.9000000e+01   7.0000000e+00   5.7258166e-17   3.2187500e-03   3.2187500e-03
   3.0000000e+01   7.0000000e+00   1.1379101e-16   3.7812500e-03   3.7812500e-03
   3.1000000e+01   7.0000000e+00   1.1040076e-16   4.1875000e-03   4.1875000e-03
   3.2000000e+01   7.0000000e+00   8.0414570e-17   3.4062500e-03   3.4062500e-03
   3.3000000e+01   7.0000000e+00   1.0194513e-16   4.2812500e-03   4.2812500e-03
   3.4000000e+01   7.0000000e+00   1.0043060e-16   3.4375000e-03   3.4375000e-03
   3.5000000e+01   7.0000000e+00   1.3262700e-16   4.4375000e-03   4.4375000e-03
   1.0000000e+00   8.0000000e+00   9.9474135e-17   3.5000000e-03   3.5000000e-03
   2.0000000e+00   8.0000000e+00   1.2147729e-16   4.0937500e-03   4.0937500e-03
   3.0000000e+00   8.0000000e+00   8.8722528e-17   3.9062500e-03   3.9062500e-03
   4.0000000e+00   8.0000000e+00   1.3990024e-16   4.0625000e-03   4.0625000e-03
   5.0000000e+00   8.0000000e+00   1.4845117e-16   5.1562500e-03   5.1562500e-03
   6.0000000e+00   8.0000000e+00   2.3206246e-16   5.4375000e-03   5.4375000e-03
   7.0000000e+00   8.0000000e+00   9.9076444e-17   3.8125000e-03   3.8125000e-03
   8.0000000e+00   8.0000000e+00   1.0015880e-16   3.8125000e-03   3.8125000e-03
   9.0000000e+00   8.0000000e+00   9.0020088e-17   3.4375000e-03   3.4375000e-03
   1.0000000e+01   8.0000000e+00   7.0589347e-17   2.8437500e-03   2.8437500e-03
   1.1000000e+01   8.0000000e+00   1.5977127e-16   4.7187500e-03   4.7187500e-03
   1.2000000e+01   8.0000000e+00   1.2413549e-16   3.6250000e-03   3.6250000e-03
   1.3000000e+01   8.0000000e+00   1.2099696e-16   3.8437500e-03   3.8437500e-03
   1.4000000e+01   8.0000000e+00   1.1472738e-16   3.9062500e-03   3.9062500e-03
   1.5000000e+01   8.0000000e+00   7.9753860e-17   3.0625000e-03   3.0625000e-03
   1.6000000e+01   8.0000000e+00   1.4847748e-16   5.1250000e-03   5.1250000e-03
   1.7000000e+01   8.0000000e+00   1.4275035e-16   4.0625000e-03   4.0625000e-03
   1.8000000e+01   8.0000000e+00   6.2322795e-17   2.9062500e-03   2.9062500e-03
   1.9000000e+01   8.0000000e+00   6.9481382e-17   3.3750000e-03   3.3750000e-03
   2.0000000e+01   8.0000000e+00   7.9337200e-17   3.7187500e-03   3.7187500e-03
   2.1000000e+01   8.0000000e+00   9.9215258e-17   3.3750000e-03   3.3750000e-03
   2.2000000e+01   8.0000000e+00   6.5859815e-17   3.5625000e-03   3.5625000e-03
   2.3000000e+01   8.0000000e+00   7.0572096e-17   3.8125000e-03   3.8125000e-03
   2.4000000e+01   8.0000000e+00   9.6850890e-17   3.5000000e-03   3.5000000e-03
   2.5000000e+01   8.0000000e+00   1.2278645e-16   3.4687500e-03   3.4687500e-03
   2.6000000e+01   8.0000000e+00   9.7114174e-17   4.1250000e-03   4.1250000e-03
   2.7000000e+01   8.0000000e+00   9.5894990e-17   3.3750000e-03   3.3750000e-03
   2.8000000e+01   8.0000000e+00   8.5584606e-17   3.2812500e-03   3.2812500e-03
   2.9000000e+01   8.0000000e+00   6.3942358e-17   3.2500000e-03   3.2500000e-03
   3.0000000e+01   8.0000000e+00   9.0144276e-17   3.8125000e-03   3.8125000e-03
   3.1000000e+01   8.0000000e+00   1.1402731e-16   3.5000000e-03   3.5000000e-03
   3.2000000e+01   8.0000000e+00   1.8801502e-16   4.7187500e-03   4.7187500e-03
   3.3000000e+01   8.0000000e+00   1.5256460e-16   4.5000000e-03   4.5000000e-03
   3.4000000e+01   8.0000000e+00   1.2052577e-16   3.7500000e-03   3.7500000e-03
   3.5000000e+01   8.0000000e+00   1.2672620e-16   4.1562500e-03   4.1562500e-03
   1.0000000e+00   9.0000000e+00   7.9863736e-17   3.3125000e-03   3.3125000e-03
   2.0000000e+00   9.0000000e+00   8.3227332e-17   3.7187500e-03   3.7187500e-03
   3.0000000e+00   9.0000000e+00   8.4676300e-17   3.0312500e-03   3.0312500e-03
   4.0000000e+00   9.0000000e+00   1.0933981e-16   4.1562500e-03   4.1562500e-03
   5.0000000e+00   9.0000000e+00   1.4813736e-16   4.2812500e-03   4.2812500e-03
   6.0000000e+00   9.0000000e+00   2.3264050e-16   5.2500000e-03   5.2500000e-03
   7.0000000e+00   9.0000000e+00   1.4357919e-16   4.1562500e-03   4.1562500e-03
   8.0000000e+00   9.0000000e+00   1.2849885e-16   4.0000000e-03   4.0000000e-03
   9.0000000e+00   9.0000000e+00   8.6711992e-17   3.6250000e-03   3.6250000e-03
   1.0000000e+01   9.0000000e+00   1.3254620e-16   4.2187500e-03   4.2187500e-03
   1.1000000e+01   9.0000000e+00   8.1192249e-17   3.5937500e-03   3.5937500e-03
   1.2000000e+01   9.0000000e+00   2.2830547e-16   5.0937500e-03   5.0937500e-03
   1.3000000e+01   9.0000000e+00   9.2585691e-17   4.1562500e-03   4.1562500e-03
   1.4000000e+01   9.0000000e+00   1.1385300e-16   4.1562500e-03   4.1562500e-03
   1.5000000e+01   9.0000000e+00   7.9918002e-17   3.4062500e-03   3.4062500e-03
   1.6000000e+01   9.0000000e+00   1.3795700e-16   4.7187500e-03   4.7187500e-03
   1.7000000e+01   9.0000000e+00   1.5629986e-16   4.6250000e-03   4.6250000e-03
   1.8000000e+01   9.0000000e+00   9.6124180e-17   3.5000000e-03   3.5000000e-03
   1.9000000e+01   9.0000000e+00   9.9246883e-17   4.6250000e-03   4.6250000e-03
   2.0000000e+01   9.0000000e+00   9.3843001e-17   3.3125000e-03   3.3125000e-03
   2.1000000e+01   9.0000000e+00   1.6397055e-16   5.6250000e-03   5.6250000e-03
   2.2000000e+01   9.0000000e+00   1.4783634e-16   4.9062500e-03   4.9062500e-03
   2.3000000e+01   9.0000000e+00   9.8874114e-17   3.4062500e-03   3.4062500e-03
   2.4000000e+01   9.0000000e+00   1.5447115e-16   4.4687500e-03   4.4687500e-03
   2.5000000e+01   9.0000000e+00   1.0711029e-16   4.0625000e-03   4.0625000e-03
   2.6000000e+01   9.0000000e+00   1.3811516e-16   4.6562500e-03   4.6562500e-03
   2.7000000e+01   9.0000000e+00   9.3729437e-17   3.8125000e-03   3.8125000e-03
   2.8000000e+01   9.0000000e+00   1.2602964e-16   4.5000000e-03   4.5000000e-03
   2.9000000e+01   9.0000000e+00   1.3968241e-16   4.2187500e-03   4.2187500e-03
   3.0000000e+01   9.0000000e+00   1.8984734e-16   5.1562500e-03   5.1562500e-03
   3.1000000e+01   9.0000000e+00   1.4112243e-16   4.7812500e-03   4.7812500e-03
   3.2000000e+01   9.0000000e+00   9.3386871e-17   3.9375000e-03   3.9375000e-03
   3.3000000e+01   9.0000000e+00   1.4657087e-16   4.1875000e-03   4.1875000e-03
   3.4000000e+01   9.0000000e+00   1.3441892e-16   4.2500000e-03   4.2500000e-03
   3.5000000e+01   9.0000000e+00   1.2104707e-16   4.3750000e-03   4.3750000e-03
   1.0000000e+00   1.0000000e+01   1.3478633e-16   3.9687500e-03   3.9687500e-03
   2.0000000e+00   1.0000000e+01   1.0139969e-16   4.3437500e-03   4.3437500e-03
   3.0000000e+00   1.0000000e+01   9.9688044e-17   4.6250000e-03   4.6250000e-03
   4.0000000e+00   1.0000000e+01   7.0209155e-17   2.8750000e-03   2.8750000e-03
   5.0000000e+00   1.0000000e+01   1.4648867e-16   4.3125000e-03   4.3125000e-03
   6.0000000e+00   1.0000000e+01   9.1957279e-17   3.5937500e-03   3.5937500e-03
   7.0000000e+00   1.0000000e+01   5.6393970e-17   2.9062500e-03   2.9062500e-03
   8.0000000e+00   1.0000000e+01   1.0222305e-16   3.7500000e-03   3.7500000e-03
   9.0000000e+00   1.0000000e+01   9.0092057e-17   3.3437500e-03   3.3437500e-03
   1.0000000e+01   1.0000000e+01   8.4053653e-17   3.7812500e-03   3.7812500e-03
   1.1000000e+01   1.0000000e+01   1.5958414e-16   5.1250000e-03   5.1250000e-03
   1.2000000e+01   1.0000000e+01   9.2661739e-17   4.1250000e-03   4.1250000e-03
   1.3000000e+01   1.0000000e+01   8.9555099e-17   4.1562500e-03   4.1562500e-03
   1.4000000e+01   1.0000000e+01   9.1996170e-17   4.3125000e-03   4.3125000e-03
   1.5000000e+01   1.0000000e+01   1.2673700e-16   4.1875000e-03   4.1875000e-03
   1.6000000e+01   1.0000000e+01   1.1712097e-16   4.4687500e-03   4.4687500e-03
   1.7000000e+01   1.0000000e+01   1.1867250e-16   4.4062500e-03   4.4062500e-03
   1.8000000e+01   1.0000000e+01   1.4037076e-16   4.1562500e-03   4.1562500e-03
   1.9000000e+01   1.0000000e+01   1.0647977e-16   5.1875000e-03   5.1875000e-03
   2.0000000e+01   1.0000000e+01   1.9701561e-16   5.3750000e-03   5.3750000e-03
   2.1000000e+01   1.0000000e+01   9.3214370e-17   3.4687500e-03   3.4687500e-03
   2.2000000e+01   1.0000000e+01   8.6537944e-17   3.1875000e-03   3.1875000e-03
   2.3000000e+01   1.0000000e+01   1.5306689e-16   5.0625000e-03   5.0625000e-03
   2.4000000e+01   1.0000000e+01   1.0594708e-16   5.1250000e-03   5.1250000e-03
   2.5000000e+01   1.0000000e+01   7.3569798e-17   3.1250000e-03   3.1250000e-03
   2.6000000e+01   1.0000000e+01   7.5910681e-17   3.2812500e-03   3.2812500e-03
   2.7000000e+01   1.0000000e+01   1.6007501e-16   4.5625000e-03   4.5625000e-03
   2.8000000e+01   1.0000000e+01   8.3188910e-17   3.1250000e-03   3.1250000e-03
   2.9000000e+01   1.0000000e+01   1.1437199e-16   3.8750000e-03   3.8750000e-03
   3.0000000e+01   1.0000000e+01   1.2202288e-16   3.5625000e-03   3.5625000e-03
   3.1000000e+01   1.0000000e+01   1.5061260e-16   4.4375000e-03   4.4375000e-03
   3.2000000e+01   1.0000000e+01   8.4060887e-17   3.4375000e-03   3.4375000e-03
   3.3000000e+01   1.0000000e+01   8.9789242e-17   3.5625000e-03   3.5625000e-03
   3.4000000e+01   1.0000000e+01   1.0946441e-16   4.1875000e-03   4.1875000e-03
   3.5000000e+01   1.0000000e+01   1.0765308e-16   4.7187500e-03   4.7187500e-03
   1.0000000e+00   1.1000000e+01   1.1501221e-16   4.4687500e-03   4.4687500e-03
   2.0000000e+00   1.1000000e+01   1.5726903e-16   4.5000000e-03   4.5000000e-03
   3.0000000e+00   1.1000000e+01   8.4342078e-17   3.2187500e-03   3.2187500e-03
   4.0000000e+00   1.1000000e+01   8.9142204e-17   3.3437500e-03   3.3437500e-03
   5.0000000e+00   1.1000000e+01   7.5025532e-17   2.8750000e-03   2.8750000e-03
   6.0000000e+00   1.1000000e+01   2.0546318e-16   4.5000000e-03   4.5000000e-03
   7.0000000e+00   1.1000000e+01   6.8614999e-17   2.9062500e-03   2.9062500e-03
   8.0000000e+00   1.1000000e+01   1.3601884e-16   5.0625000e-03   5.0625000e-03
   9.0000000e+00   1.1000000e+01   9.0754470e-17   3.7812500e-03   3.7812500e-03
   1.0000000e+01   1.1000000e+01   7.8064546e-17   3.3125000e-03   3.3125000e-03
   1.1000000e+01   1.1000000e+01   1.4568552e-16   5.1562500e-03   5.1562500e-03
   1.2000000e+01   1.1000000e+01   1.0062894e-16   3.7187500e-03   3.7187500e-03
   1.3000000e+01   1.1000000e+01   8.1969710e-17   3.5000000e-03   3.5000000e-03
   1.4000000e+01   1.1000000e+01   1.7247524e-16   4.4062500e-03   4.4062500e-03
   1.5000000e+01   1.1000000e+01   9.1914607e-17   3.9375000e-03   3.9375000e-03
   1.6000000e+01   1.1000000e+01   8.7752018e-17   3.8437500e-03   3.8437500e-03
   1.7000000e+01   1.1000000e+01   5.9420375e-17   2.5625000e-03   2.5625000e-03
   1.8000000e+01   1.1000000e+01   1.1087700e-16   4.8125000e-03   4.8125000e-03
   1.9000000e+01   1.1000000e+01   6.6447258e-17   3.4062500e-03   3.4062500e-03
   2.0000000e+01   1.1000000e+01   1.1873761e-16   3.6562500e-03   3.6562500e-03
   2.1000000e+01   1.1000000e+01   1.6662951e-16   4.2500000e-03   4.2500000e-03
   2.2000000e+01   1.1000000e+01   1.1266342e-16   3.9062500e-03   3.9062500e-03
   2.3000000e+01   1.1000000e+01   8.4813161e-17   3.6250000e-03   3.6250000e-03
   2.4000000e+01   1.1000000e+01   1.1337040e-16   4.8750000e-03   4.8750000e-03
   2.5000000e+01   1.1000000e+01   8.2763390e-17   3.4687500e-03   3.4687500e-03
   2.6000000e+01   1.1000000e+01   7.1755452e-17   4.0000000e-03   4.0000000e-03
   2.7000000e+01   1.1000000e+01   1.0279525e-16   3.9375000e-03   3.9375000e-03
   2.8000000e+01   1.1000000e+01   1.2315681e-16   4.2812500e-03   4.2812500e-03
   2.9000000e+01   1.1000000e+01   8.6902588e-17   3.2812500e-03   3.2812500e-03
   3.0000000e+01   1.1000000e+01   1.0883867e-16   4.0625000e-03   4.0625000e-03
   3.1000000e+01   1.1000000e+01   8.4910552e-17   3.0312500e-03   3.0312500e-03
   3.2000000e+01   1.1000000e+01   8.5078945e-17   3.0625000e-03   3.0625000e-03
   3.3000000e+01   1.1000000e+01   1.3216949e-16   5.0000000e-03   5.0000000e-03
   3.4000000e+01   1.1000000e+01   6.9599321e-17   3.0625000e-03   3.0625000e-03
   3.5000000e+01   1.1000000e+01   1.0155008e-16   3.5625000e-03   3.5625000e-03
   1.0000000e+00   1.2000000e+01   9.2654208e-17   3.7187500e-03   3.7187500e-03
   2.0000000e+00   1.2000000e+01   6.5254418e-17   2.9062500e-03   2.9062500e-03
   3.0000000e+00   1.2000000e+01   1.0309914e-16   3.8437500e-03   3.8437500e-03
   4.0000000e+00   1.2000000e+01   8.3494413e-17   3.2187500e-03   3.2187500e-03
   5.0000000e+00   1.2000000e+01   1.1795598e-16   4.2812500e-03   4.2812500e-03
   6.0000000e+00   1.2000000e+01   9.7318629e-17   3.1562500e-03   3.1562500e-03
   7.0000000e+00   1.2000000e+01   8.1645254e-17   4.0937500e-03   4.0937500e-03
   8.0000000e+00   1.2000000e+01   1.8933366e-16   5.3125000e-03   5.3125000e-03
   9.0000000e+00   1.2000000e+01   1.4003676e-16   4.1875000e-03   4.1875000e-03
   1.0000000e+01   1.2000000e+01   9.1673651e-17   3.9375000e-03   3.9375000e-03
   1.1000000e+01   1.2000000e+01   1.0215460e-16   4.0937500e-03   4.0937500e-03
   1.2000000e+01   1.2000000e+01   1.0365221e-16   3.6250000e-03   3.6250000e-03
   1.3000000e+01   1.2000000e+01   1.0938917e-16   4.0000000e-03   4.0000000e-03
   1.4000000e+01   1.2000000e+01   9.7254051e-17   4.1562500e-03   4.1562500e-03
   1.5000000e+01   1.2000000e+01   6.8878142e-17   3.0312500e-03   3.0312500e-03
   1.6000000e+01   1.2000000e+01   6.3407697e-17   3.0625000e-03   3.0625000e-03
   1.7000000e+01   1.2000000e+01   1.2463176e-16   4.5000000e-03   4.5000000e-03
   1.8000000e+01   1.2000000e+01   1.1098647e-16   4.0000000e-03   4.0000000e-03
   1.9000000e+01   1.2000000e+01   5.4479795e-17   2.4687500e-03   2.4687500e-03
   2.0000000e+01   1.2000000e+01   8.8406150e-17   3.9375000e-03   3.9375000e-03
   2.1000000e+01   1.2000000e+01   1.2014417e-16   3.5625000e-03   3.5625000e-03
   2.2000000e+01   1.2000000e+01   1.7076810e-16   5.5625000e-03   5.5625000e-03
   2.3000000e+01   1.2000000e+01   1.3169461e-16   3.7812500e-03   3.7812500e-03
   2.4000000e+01   1.2000000e+01   9.0131292e-17   4.1562500e-03   4.1562500e-03
   2.5000000e+01   1.2000000e+01   8.2317526e-17   3.0000000e-03   3.0000000e-03
   2.6000000e+01   1.2000000e+01   9.5029153e-17   3.4062500e-03   3.4062500e-03
   2.7000000e+01   1.2000000e+01   7.2093080e-17   3.2187500e-03   3.2187500e-03
   2.8000000e+01   1.2000000e+01   6.7341517e-17   3.0312500e-03   3.0312500e-03
   2.9000000e+01   1.2000000e+01   8.8027833e-17   3.5000000e-03   3.5000000e-03
   3.0000000e+01   1.2000000e+01   1.8096436e-16   5.7500000e-03   5.7500000e-03
   3.1000000e+01   1.2000000e+01   6.5623844e-17   2.7500000e-03   2.7500000e-03
   3.2000000e+01   1.2000000e+01   7.1809937e-17   3.0625000e-03   3.0625000e-03
   3.3000000e+01   1.2000000e+01   8.7623907e-17   3.5625000e-03   3.5625000e-03
   3.4000000e+01   1.2000000e+01   9.8521860e-17   4.4687500e-03   4.4687500e-03
   3.5000000e+01   1.2000000e+01   1.1365507e-16   4.1562500e-03   4.1562500e-03
   1.0000000e+00   1.3000000e+01   1.1236108e-16   4.2812500e-03   4.2812500e-03
   2.0000000e+00   1.3000000e+01   1.3574789e-16   3.6875000e-03   3.6875000e-03
   3.0000000e+00   1.3000000e+01   1.0677297e-16   3.7812500e-03   3.7812500e-03
   4.0000000e+00   1.3000000e+01   6.9467585e-17   3.0312500e-03   3.0312500e-03
   5.0000000e+00   1.3000000e+01   9.7567726e-17   4.6875000e-03   4.6875000e-03
   6.0000000e+00   1.3000000e+01   2.1351329e-16   6.5625000e-03   6.5625000e-03
   7.0000000e+00   1.3000000e+01   1.0582532e-16   3.5312500e-03   3.5312500e-03
   8.0000000e+00   1.3000000e+01   6.8049727e-17   2.8750000e-03   2.8750000e-03
   9.0000000e+00   1.3000000e+01   7.3399078e-17   3.5937500e-03   3.5937500e-03
   1.0000000e+01   1.3000000e+01   1.4770623e-16   4.6250000e-03   4.6250000e-03
   1.1000000e+01   1.3000000e+01   2.0780228e-16   5.3750000e-03   5.3750000e-03
   1.2000000e+01   1.3000000e+01   1.0894739e-16   3.8750000e-03   3.8750000e-03
   1.3000000e+01   1.3000000e+01   8.1525878e-17   3.8437500e-03   3.8437500e-03
   1.4000000e+01   1.3000000e+01   1.2062383e-16   3.7187500e-03   3.7187500e-03
   1.5000000e+01   1.3000000e+01   2.1953482e-16   5.8125000e-03   5.8125000e-03
   1.6000000e+01   1.3000000e+01   8.5016678e-17   3.1875000e-03   3.1875000e-03
   1.7000000e+01   1.3000000e+01   7.2900792e-17   3.3437500e-03   3.3437500e-03
   1.8000000e+01   1.3000000e+01   1.1593321e-16   3.6875000e-03   3.6875000e-03
   1.9000000e+01   1.3000000e+01   1.4724663e-16   4.5937500e-03   4.5937500e-03
   2.0000000e+01   1.3000000e+01   2.0051910e-16   5.1250000e-03   5.1250000e-03
   2.1000000e+01   1.3000000e+01   9.2022623e-17   3.6250000e-03   3.6250000e-03
   2.2000000e+01   1.3000000e+01   9.2234344e-17   3.8437500e-03   3.8437500e-03
   2.3000000e+01   1.3000000e+01   9.1551962e-17   4.1562500e-03   4.1562500e-03
   2.4000000e+01   1.3000000e+01   1.0904434e-16   3.7812500e-03   3.7812500e-03
   2.5000000e+01   1.3000000e+01   7.8064937e-17   3.1562500e-03   3.1562500e-03
   2.6000000e+01   1.3000000e+01   7.5518380e-17   3.2500000e-03   3.2500000e-03
   2.7000000e+01   1.3000000e+01   1.4477801e-16   4.6875000e-03   4.6875000e-03
   2.8000000e+01   1.3000000e+01   1.2576301e-16   4.2500000e-03   4.2500000e-03
   2.9000000e+01   1.3000000e+01   1.0509438e-16   3.3125000e-03   3.3125000e-03
   3.0000000e+01   1.3000000e+01   1.2010284e-16   4.0312500e-03   4.0312500e-03
   3.1000000e+01   1.3000000e+01   8.7719190e-17   3.6875000e-03   3.6875000e-03
   3.2000000e+01   1.3000000e+01   1.2581431e-16   4.3750000e-03   4.3750000e-03
   3.3000000e+01   1.3000000e+01   9.4729604e-17   3.7812500e-03   3.7812500e-03
   3.4000000e+01   1.3000000e+01   1.1255144e-16   4.4062500e-03   4.4062500e-03
   3.5000000e+01   1.3000000e+01   6.7526550e-17   3.0312500e-03   3.0312500e-03
   1.0000000e+00   1.4000000e+01   9.8303889e-17   3.2812500e-03   3.2812500e-03
   2.0000000e+00   1.4000000e+01   1.0430017e-16   3.6250000e-03   3.6250000e-03
   3.0000000e+00   1.4000000e+01   1.0081101e-16   3.7187500e-03   3.7187500e-03
   4.0000000e+00   1.4000000e+01   1.2343986e-16   4.5000000e-03   4.5000000e-03
   5.0000000e+00   1.4000000e+01   1.1200554e-16   4.2500000e-03   4.2500000e-03
   6.0000000e+00   1.4000000e+01   1.0810442e-16   4.0000000e-03   4.0000000e-03
   7.0000000e+00   1.4000000e+01   8.6932197e-17   3.6250000e-03   3.6250000e-03
   8.0000000e+00   1.4000000e+01   1.4345698e-16   5.5937500e-03   5.5937500e-03
   9.0000000e+00   1.4000000e+01   9.8232639e-17   3.5937500e-03   3.5937500e-03
   1.0000000e+01   1.4000000e+01   8.5041475e-17   3.0625000e-03   3.0625000e-03
   1.1000000e+01   1.4000000e+01   1.4103396e-16   5.2187500e-03   5.2187500e-03
   1.2000000e+01   1.4000000e+01   1.1690353e-16   3.7500000e-03   3.7500000e-03
   1.3000000e+01   1.4000000e+01   9.7908729e-17   3.8125000e-03   3.8125000e-03
   1.4000000e+01   1.4000000e+01   8.8517088e-17   4.2187500e-03   4.2187500e-03
   1.5000000e+01   1.4000000e+01   1.3546953e-16   5.0000000e-03   5.0000000e-03
   1.6000000e+01   1.4000000e+01   1.1676704e-16   3.9062500e-03   3.9062500e-03
   1.7000000e+01   1.4000000e+01   1.8369727e-16   5.3125000e-03   5.3125000e-03
   1.8000000e+01   1.4000000e+01   1.4649367e-16   4.3437500e-03   4.3437500e-03
   1.9000000e+01   1.4000000e+01   1.3450177e-16   3.9375000e-03   3.9375000e-03
   2.0000000e+01   1.4000000e+01   5.8959105e-17   3.5625000e-03   3.5625000e-03
   2.1000000e+01   1.4000000e+01   8.4583111e-17   4.1875000e-03   4.1875000e-03
   2.2000000e+01   1.4000000e+01   1.0540480e-16   3.6875000e-03   3.6875000e-03
   2.3000000e+01   1.4000000e+01   1.1905917e-16   4.2500000e-03   4.2500000e-03
   2.4000000e+01   1.4000000e+01   1.4666333e-16   5.1562500e-03   5.1562500e-03
   2.5000000e+01   1.4000000e+01   2.0176622e-16   5.3125000e-03   5.3125000e-03
   2.6000000e+01   1.4000000e+01   1.2256257e-16   3.9062500e-03   3.9062500e-03
   2.7000000e+01   1.4000000e+01   7.7487869e-17   3.4687500e-03   3.4687500e-03
   2.8000000e+01   1.4000000e+01   9.8492501e-17   4.0625000e-03   4.0625000e-03
   2.9000000e+01   1.4000000e+01   1.1711684e-16   4.6250000e-03   4.6250000e-03
   3.0000000e+01   1.4000000e+01   1.5782291e-16   4.9687500e-03   4.9687500e-03
   3.1000000e+01   1.4000000e+01   7.0281109e-17   2.8750000e-03   2.8750000e-03
   3.2000000e+01   1.4000000e+01   1.2149271e-16   4.2187500e-03   4.2187500e-03
   3.3000000e+01   1.4000000e+01   1.1866697e-16   4.7500000e-03   4.7500000e-03
   3.4000000e+01   1.4000000e+01   1.1041443e-16   4.1875000e-03   4.1875000e-03
   3.5000000e+01   1.4000000e+01   9.8833363e-17   3.5000000e-03   3.5000000e-03
   1.0000000e+00   1.5000000e+01   1.8388385e-16   6.0937500e-03   6.0937500e-03
   2.0000000e+00   1.5000000e+01   1.2804130e-16   4.3437500e-03   4.3437500e-03
   3.0000000e+00   1.5000000e+01   1.1730111e-16   3.7500000e-03   3.7500000e-03
   4.0000000e+00   1.5000000e+01   1.3856057e-16   4.7187500e-03   4.7187500e-03
   5.0000000e+00   1.5000000e+01   7.7390227e-17   3.6562500e-03   3.6562500e-03
   6.0000000e+00   1.5000000e+01   1.2988052e-16   4.6875000e-03   4.6875000e-03
   7.0000000e+00   1.5000000e+01   1.2590231e-16   4.6250000e-03   4.6250000e-03
   8.0000000e+00   1.5000000e+01   7.9952003e-17   3.2187500e-03   3.2187500e-03
   9.0000000e+00   1.5000000e+01   1.1614251e-16   3.5000000e-03   3.5000000e-03
   1.0000000e+01   1.5000000e+01   1.7620192e-16   5.3125000e-03   5.3125000e-03
   1.1000000e+01   1.5000000e+01   1.0442128e-16   4.0000000e-03   4.0000000e-03
   1.2000000e+01   1.5000000e+01   7.6707267e-17   3.3750000e-03   3.3750000e-03
   1.3000000e+01   1.5000000e+01   1.0909906e-16   3.5312500e-03   3.5312500e-03
   1.4000000e+01   1.5000000e+01   1.0869823e-16   4.1875000e-03   4.1875000e-03
   1.5000000e+01   1.5000000e+01   1.4855659e-16   5.0625000e-03   5.0625000e-03
   1.6000000e+01   1.5000000e+01   9.8514704e-17   3.6875000e-03   3.6875000e-03
   1.7000000e+01   1.5000000e+01   1.0725067e-16   3.8750000e-03   3.8750000e-03
   1.8000000e+01   1.5000000e+01   1.2818456e-16   4.7812500e-03   4.7812500e-03
   1.9000000e+01   1.5000000e+01   1.9917812e-16   4.5312500e-03   4.5312500e-03
   2.0000000e+01   1.5000000e+01   1.1616224e-16   3.8750000e-03   3.8750000e-03
   2.1000000e+01   1.5000000e+01   1.0530363e-16   4.0000000e-03   4.0000000e-03
   2.2000000e+01   1.5000000e+01   1.4600009e-16   5.2500000e-03   5.2500000e-03
   2.3000000e+01   1.5000000e+01   1.2316640e-16   4.9687500e-03   4.9687500e-03
   2.4000000e+01   1.5000000e+01   8.3503366e-17   3.4062500e-03   3.4062500e-03
   2.5000000e+01   1.5000000e+01   1.4856184e-16   5.4687500e-03   5.4687500e-03
   2.6000000e+01   1.5000000e+01   1.1047065e-16   3.9375000e-03   3.9375000e-03
   2.7000000e+01   1.5000000e+01   1.8940294e-16   5.0625000e-03   5.0625000e-03
   2.8000000e+01   1.5000000e+01   1.2428176e-16   3.9062500e-03   3.9062500e-03
   2.9000000e+01   1.5000000e+01   1.0157261e-16   3.7812500e-03   3.7812500e-03
   3.0000000e+01   1.5000000e+01   1.1168613e-16   3.8125000e-03   3.8125000e-03
   3.1000000e+01   1.5000000e+01   1.3248548e-16   4.9062500e-03   4.9062500e-03
   3.2000000e+01   1.5000000e+01   1.7450359e-16   4.8750000e-03   4.8750000e-03
   3.3000000e+01   1.5000000e+01   8.3259004e-17   3.0937500e-03   3.0937500e-03
   3.4000000e+01   1.5000000e+01   7.6687189e-17   2.9687500e-03   2.9687500e-03
   3.5000000e+01   1.5000000e+01   1.1499793e-16   4.2812500e-03   4.2812500e-03
   1.0000000e+00   1.6000000e+01   1.2970473e-16   3.7187500e-03   3.7187500e-03
   2.0000000e+00   1.6000000e+01   8.8809997e-17   3.5312500e-03   3.5312500e-03
   3.0000000e+00   1.6000000e+01   1.2116226e-16   3.5312500e-03   3.5312500e-03
   4.0000000e+00   1.6000000e+01   9.0421732e-17   3.8125000e-03   3.8125000e-03
   5.0000000e+00   1.6000000e+01   7.5255315e-17   3.1250000e-03   3.1250000e-03
   6.0000000e+00   1.6000000e+01   1.9555394e-16   4.5312500e-03   4.5312500e-03
   7.0000000e+00   1.6000000e+01   1.1033359e-16   3.4687500e-03   3.4687500e-03
   8.0000000e+00   1.6000000e+01   8.1036513e-17   3.4375000e-03   3.4375000e-03
   9.0000000e+00   1.6000000e+01   1.2524085e-16   4.5312500e-03   4.5312500e-03
   1.0000000e+01   1.6000000e+01   1.1230206e-16   4.0312500e-03   4.0312500e-03
   1.1000000e+01   1.6000000e+01   1.4741005e-16   4.4375000e-03   4.4375000e-03
   1.2000000e+01   1.6000000e+01   2.0435917e-16   5.5312500e-03   5.5312500e-03
   1.3000000e+01   1.6000000e+01   8.2285245e-17   3.6875000e-03   3.6875000e-03
   1.4000000e+01   1.6000000e+01   4.3662905e-17   2.1250000e-03   2.1250000e-03
   1.5000000e+01   1.6000000e+01   1.1689726e-16   4.1250000e-03   4.1250000e-03
   1.6000000e+01   1.6000000e+01   9.8149810e-17   4.3750000e-03   4.3750000e-03
   1.7000000e+01   1.6000000e+01   1.0786175e-16   3.7812500e-03   3.7812500e-03
   1.8000000e+01   1.6000000e+01   1.2398888e-16   3.9687500e-03   3.9687500e-03
   1.9000000e+01   1.6000000e+01   7.9374747e-17   4.0625000e-03   4.0625000e-03
   2.0000000e+01   1.6000000e+01   1.1246011e-16   3.3125000e-03   3.3125000e-03
   2.1000000e+01   1.6000000e+01   1.2377096e-16   4.5312500e-03   4.5312500e-03
   2.2000000e+01   1.6000000e+01   8.5061835e-17   3.3125000e-03   3.3125000e-03
   2.3000000e+01   1.6000000e+01   6.5213308e-17   3.1562500e-03   3.1562500e-03
   2.4000000e+01   1.6000000e+01   1.1671120e-16   3.8750000e-03   3.8750000e-03
   2.5000000e+01   1.6000000e+01   1.0264051e-16   3.5937500e-03   3.5937500e-03
   2.6000000e+01   1.6000000e+01   9.4298662e-17   3.8750000e-03   3.8750000e-03
   2.7000000e+01   1.6000000e+01   1.1707803e-16   3.6562500e-03   3.6562500e-03
   2.8000000e+01   1.6000000e+01   7.5876290e-17   2.9687500e-03   2.9687500e-03
   2.9000000e+01   1.6000000e+01   1.3567240e-16   3.8125000e-03   3.8125000e-03
   3.0000000e+01   1.6000000e+01   9.7358989e-17   3.9687500e-03   3.9687500e-03
   3.1000000e+01   1.6000000e+01   1.0590531e-16   4.3750000e-03   4.3750000e-03
   3.2000000e+01   1.6000000e+01   6.5516093e-17   2.8125000e-03   2.8125000e-03
   3.3000000e+01   1.6000000e+01   1.3163305e-16   4.0937500e-03   4.0937500e-03
   3.4000000e+01   1.6000000e+01   1.1206151e-16   5.3437500e-03   5.3437500e-03
   3.5000000e+01   1.6000000e+01   1.9145315e-16   5.3750000e-03   5.3750000e-03
   1.0000000e+00   1.7000000e+01   1.8228517e-16   4.6875000e-03   4.6875000e-03
   2.0000000e+00   1.7000000e+01   2.2968766e-16   5.7500000e-03   5.7500000e-03
   3.0000000e+00   1.7000000e+01   1.7951689e-16   4.8437500e-03   4.8437500e-03
   4.0000000e+00   1.7000000e+01   1.5815603e-16   4.6250000e-03   4.6250000e-03
   5.0000000e+00   1.7000000e+01   9.1399305e-17   3.4375000e-03   3.4375000e-03
   6.0000000e+00   1.7000000e+01   1.9979451e-16   5.7500000e-03   5.7500000e-03
   7.0000000e+00   1.7000000e+01   2.1250623e-16   5.2812500e-03   5.2812500e-03
   8.0000000e+00   1.7000000e+01   1.1964524e-16   4.0937500e-03   4.0937500e-03
   9.0000000e+00   1.7000000e+01   6.7023733e-17   2.9062500e-03   2.9062500e-03
   1.0000000e+01   1.7000000e+01   1.0515846e-16   3.6562500e-03   3.6562500e-03
   1.1000000e+01   1.7000000e+01   6.8969690e-17   3.0312500e-03   3.0312500e-03
   1.2000000e+01   1.7000000e+01   1.0278092e-16   3.5937500e-03   3.5937500e-03
   1.3000000e+01   1.7000000e+01   7.2388630e-17   3.7187500e-03   3.7187500e-03
   1.4000000e+01   1.7000000e+01   7.8460269e-17   3.0937500e-03   3.0937500e-03
   1.5000000e+01   1.7000000e+01   8.6611397e-17   3.6562500e-03   3.6562500e-03
   1.6000000e+01   1.7000000e+01   1.0442867e-16   4.5000000e-03   4.5000000e-03
   1.7000000e+01   1.7000000e+01   1.1049137e-16   3.8125000e-03   3.8125000e-03
   1.8000000e+01   1.7000000e+01   1.1682468e-16   4.6562500e-03   4.6562500e-03
   1.9000000e+01   1.7000000e+01   9.9541058e-17   3.8125000e-03   3.8125000e-03
   2.0000000e+01   1.7000000e+01   9.7403474e-17   3.7187500e-03   3.7187500e-03
   2.1000000e+01   1.7000000e+01   1.1004830e-16   3.7187500e-03   3.7187500e-03
   2.2000000e+01   1.7000000e+01   1.0029055e-16   3.5312500e-03   3.5312500e-03
   2.3000000e+01   1.7000000e+01   1.0465020e-16   3.9375000e-03   3.9375000e-03
   2.4000000e+01   1.7000000e+01   2.4784010e-16   5.6875000e-03   5.6875000e-03
   2.5000000e+01   1.7000000e+01   2.3513363e-16   5.8125000e-03   5.8125000e-03
   2.6000000e+01   1.7000000e+01   1.0706463e-16   3.5937500e-03   3.5937500e-03
   2.7000000e+01   1.7000000e+01   8.2110962e-17   4.5625000e-03   4.5625000e-03
   2.8000000e+01   1.7000000e+01   9.7074049e-17   3.2500000e-03   3.2500000e-03
   2.9000000e+01   1.7000000e+01   1.1193585e-16   4.4375000e-03   4.4375000e-03
   3.0000000e+01   1.7000000e+01   1.0100465e-16   3.4375000e-03   3.4375000e-03
   3.1000000e+01   1.7000000e+01   7.6858847e-17   4.0312500e-03   4.0312500e-03
   3.2000000e+01   1.7000000e+01   9.8957208e-17   3.7500000e-03   3.7500000e-03
   3.3000000e+01   1.7000000e+01   8.9720585e-17   4.3437500e-03   4.3437500e-03
   3.4000000e+01   1.7000000e+01   1.9611574e-16   4.5937500e-03   4.5937500e-03
   3.5000000e+01   1.7000000e+01   1.0091017e-16   3.5937500e-03   3.5937500e-03
   1.0000000e+00   1.8000000e+01   1.0788692e-16   3.5312500e-03   3.5312500e-03
   2.0000000e+00   1.8000000e+01   1.2185811e-16   4.1250000e-03   4.1250000e-03
   3.0000000e+00   1.8000000e+01   7.6996489e-17   3.1250000e-03   3.1250000e-03
   4.0000000e+00   1.8000000e+01   1.2917173e-16   3.6875000e-03   3.6875000e-03
   5.0000000e+00   1.8000000e+01   8.6863431e-17   3.5625000e-03   3.5625000e-03
   6.0000000e+00   1.8000000e+01   1.1967121e-16   4.9062500e-03   4.9062500e-03
   7.0000000e+00   1.8000000e+01   1.2656089e-16   4.9687500e-03   4.9687500e-03
   8.0000000e+00   1.8000000e+01   1.0775622e-16   3.8437500e-03   3.8437500e-03
   9.0000000e+00   1.8000000e+01   1.1770032e-16   3.7187500e-03   3.7187500e-03
   1.0000000e+01   1.8000000e+01   1.4066634e-16   4.3750000e-03   4.3750000e-03
   1.1000000e+01   1.8000000e+01   1.7189269e-16   4.0937500e-03   4.0937500e-03
   1.2000000e+01   1.8000000e+01   6.9377928e-17   3.2500000e-03   3.2500000e-03
   1.3000000e+01   1.8000000e+01   6.5099354e-17   3.0937500e-03   3.0937500e-03
   1.4000000e+01   1.8000000e+01   1.2384839e-16   5.8437500e-03   5.8437500e-03
   1.5000000e+01   1.8000000e+01   1.7661117e-16   5.1875000e-03   5.1875000e-03
   1.6000000e+01   1.8000000e+01   6.8080384e-17   3.5625000e-03   3.5625000e-03
   1.7000000e+01   1.8000000e+01   1.1189260e-16   4.2187500e-03   4.2187500e-03
   1.8000000e+01   1.8000000e+01   1.0595033e-16   3.6562500e-03   3.6562500e-03
   1.9000000e+01   1.8000000e+01   2.0224368e-16   5.3437500e-03   5.3437500e-03
   2.0000000e+01   1.8000000e+01   1.0238716e-16   4.4687500e-03   4.4687500e-03
   2.1000000e+01   1.8000000e+01   9.1556869e-17   3.6562500e-03   3.6562500e-03
   2.2000000e+01   1.8000000e+01   9.9929171e-17   3.5312500e-03   3.5312500e-03
   2.3000000e+01   1.8000000e+01   2.0994126e-16   4.9687500e-03   4.9687500e-03
   2.4000000e+01   1.8000000e+01   8.0068410e-17   4.5312500e-03   4.5312500e-03
   2.5000000e+01   1.8000000e+01   1.0217219e-16   3.9687500e-03   3.9687500e-03
   2.6000000e+01   1.8000000e+01   7.3334421e-17   3.1250000e-03   3.1250000e-03
   2.7000000e+01   1.8000000e+01   9.5368422e-17   3.6875000e-03   3.6875000e-03
   2.8000000e+01   1.8000000e+01   9.1609494e-17   4.3750000e-03   4.3750000e-03
   2.9000000e+01   1.8000000e+01   6.1126033e-17   3.3437500e-03   3.3437500e-03
   3.0000000e+01   1.8000000e+01   9.2505456e-17   3.5312500e-03   3.5312500e-03
   3.1000000e+01   1.8000000e+01   1.4266865e-16   5.3125000e-03   5.3125000e-03
   3.2000000e+01   1.8000000e+01   1.0498250e-16   4.0625000e-03   4.0625000e-03
   3.3000000e+01   1.8000000e+01   9.3029524e-17   3.9687500e-03   3.9687500e-03
   3.4000000e+01   1.8000000e+01   1.4096636e-16   4.6250000e-03   4.6250000e-03
   3.5000000e+01   1.8000000e+01   9.8636861e-17   4.7812500e-03   4.7812500e-03
   1.0000000e+00   1.9000000e+01   7.2981074e-17   3.2187500e-03   3.2187500e-03
   2.0000000e+00   1.9000000e+01   1.2118241e-16   4.2187500e-03   4.2187500e-03
   3.0000000e+00   1.9000000e+01   7.2281285e-17   2.9062500e-03   2.9062500e-03
   4.0000000e+00   1.9000000e+01   1.0610981e-16   3.5937500e-03   3.5937500e-03
   5.0000000e+00   1.9000000e+01   1.7776387e-16   4.8750000e-03   4.8750000e-03
   6.0000000e+00   1.9000000e+01   1.1205996e-16   4.2187500e-03   4.2187500e-03
   7.0000000e+00   1.9000000e+01   1.1152618e-16   3.5000000e-03   3.5000000e-03
   8.0000000e+00   1.9000000e+01   1.1487971e-16   5.1562500e-03   5.1562500e-03
   9.0000000e+00   1.9000000e+01   1.5028155e-16   3.8437500e-03   3.8437500e-03
   1.0000000e+01   1.9000000e+01   1.3744711e-16   4.4375000e-03   4.4375000e-03
   1.1000000e+01   1.9000000e+01   1.1226640e-16   3.9375000e-03   3.9375000e-03
   1.2000000e+01   1.9000000e+01   1.3537857e-16   4.6875000e-03   4.6875000e-03
   1.3000000e+01   1.9000000e+01   1.8154861e-16   5.3750000e-03   5.3750000e-03
   1.4000000e+01   1.9000000e+01   1.1047328e-16   3.3125000e-03   3.3125000e-03
   1.5000000e+01   1.9000000e+01   1.0157094e-16   4.2187500e-03   4.2187500e-03
   1.6000000e+01   1.9000000e+01   1.2173642e-16   3.8437500e-03   3.8437500e-03
   1.7000000e+01   1.9000000e+01   1.0219890e-16   4.0000000e-03   4.0000000e-03
   1.8000000e+01   1.9000000e+01   1.8322077e-16   4.1562500e-03   4.1562500e-03
   1.9000000e+01   1.9000000e+01   1.2368358e-16   3.9687500e-03   3.9687500e-03
   2.0000000e+01   1.9000000e+01   1.4668323e-16   4.7500000e-03   4.7500000e-03
   2.1000000e+01   1.9000000e+01   1.0092835e-16   3.2187500e-03   3.2187500e-03
   2.2000000e+01   1.9000000e+01   1.6565433e-16   4.5937500e-03   4.5937500e-03
   2.3000000e+01   1.9000000e+01   1.1704509e-16   3.8437500e-03   3.8437500e-03
   2.4000000e+01   1.9000000e+01   1.1068583e-16   3.5625000e-03   3.5625000e-03
   2.5000000e+01   1.9000000e+01   6.4789242e-17   3.3437500e-03   3.3437500e-03
   2.6000000e+01   1.9000000e+01   1.0473806e-16   4.0625000e-03   4.0625000e-03
   2.7000000e+01   1.9000000e+01   1.3717422e-16   4.8750000e-03   4.8750000e-03
   2.8000000e+01   1.9000000e+01   1.9063620e-16   5.3125000e-03   5.3125000e-03
   2.9000000e+01   1.9000000e+01   1.6327774e-16   4.1562500e-03   4.1562500e-03
   3.0000000e+01   1.9000000e+01   8.8767106e-17   3.2812500e-03   3.2812500e-03
   3.1000000e+01   1.9000000e+01   8.4943974e-17   4.0000000e-03   4.0000000e-03
   3.2000000e+01   1.9000000e+01   8.3352662e-17   3.2187500e-03   3.2187500e-03
   3.3000000e+01   1.9000000e+01   8.6972276e-17   3.1875000e-03   3.1875000e-03
   3.4000000e+01   1.9000000e+01   1.0194972e-16   3.9687500e-03   3.9687500e-03
   3.5000000e+01   1.9000000e+01   1.2081044e-16   3.9687500e-03   3.9687500e-03
   1.0000000e+00   2.0000000e+01   1.8689307e-16   5.4687500e-03   5.4687500e-03
   2.0000000e+00   2.0000000e+01   6.9133629e-17   3.8125000e-03   3.8125000e-03
   3.0000000e+00   2.0000000e+01   1.0018719e-16   3.3750000e-03   3.3750000e-03
   4.0000000e+00   2.0000000e+01   1.3701675e-16   3.5000000e-03   3.5000000e-03
   5.0000000e+00   2.0000000e+01   1.0576228e-16   4.1875000e-03   4.1875000e-03
   6.0000000e+00   2.0000000e+01   9.0654828e-17   3.7812500e-03   3.7812500e-03
   7.0000000e+00   2.0000000e+01   7.2328551e-17   3.2500000e-03   3.2500000e-03
   8.0000000e+00   2.0000000e+01   1.0668629e-16   3.7812500e-03   3.7812500e-03
   9.0000000e+00   2.0000000e+01   1.8252139e-16   4.6562500e-03   4.6562500e-03
   1.0000000e+01   2.0000000e+01   1.6306918e-16   4.4062500e-03   4.4062500e-03
   1.1000000e+01   2.0000000e+01   8.8903733e-17   3.1875000e-03   3.1875000e-03
   1.2000000e+01   2.0000000e+01   7.3514704e-17   2.9687500e-03   2.9687500e-03
   1.3000000e+01   2.0000000e+01   1.2280959e-16   4.3125000e-03   4.3125000e-03
   1.4000000e+01   2.0000000e+01   7.5401020e-17   3.0625000e-03   3.0625000e-03
   1.5000000e+01   2.0000000e+01   1.0242982e-16   4.0937500e-03   4.0937500e-03
   1.6000000e+01   2.0000000e+01   8.4577783e-17   2.9687500e-03   2.9687500e-03
   1.7000000e+01   2.0000000e+01   9.5866552e-17   3.7500000e-03   3.7500000e-03
   1.8000000e+01   2.0000000e+01   1.0879790e-16   3.4687500e-03   3.4687500e-03
   1.9000000e+01   2.0000000e+01   1.0201677e-16   3.3437500e-03   3.3437500e-03
   2.0000000e+01   2.0000000e+01   9.5980804e-17   3.5937500e-03   3.5937500e-03
   2.1000000e+01   2.0000000e+01   1.3335411e-16   4.9687500e-03   4.9687500e-03
   2.2000000e+01   2.0000000e+01   1.1728409e-16   3.9062500e-03   3.9062500e-03
   2.3000000e+01   2.0000000e+01   1.9519880e-16   5.4062500e-03   5.4062500e-03
   2.4000000e+01   2.0000000e+01   1.1678932e-16   4.1250000e-03   4.1250000e-03
   2.5000000e+01   2.0000000e+01   8.7453859e-17   4.1875000e-03   4.1875000e-03
   2.6000000e+01   2.0000000e+01   1.2210066e-16   4.1250000e-03   4.1250000e-03
   2.7000000e+01   2.0000000e+01   6.9306396e-17   2.9062500e-03   2.9062500e-03
   2.8000000e+01   2.0000000e+01   9.9447916e-17   4.6250000e-03   4.6250000e-03
   2.9000000e+01   2.0000000e+01   2.0831394e-16   5.0312500e-03   5.0312500e-03
   3.0000000e+01   2.0000000e+01   2.6590582e-16   6.1250000e-03   6.1250000e-03
   3.1000000e+01   2.0000000e+01   2.7355791e-16   5.1562500e-03   5.1562500e-03
   3.2000000e+01   2.0000000e+01   1.9576000e-16   5.0000000e-03   5.0000000e-03
   3.3000000e+01   2.0000000e+01   1.0440853e-16   4.1250000e-03   4.1250000e-03
   3.4000000e+01   2.0000000e+01   1.1453297e-16   4.1875000e-03   4.1875000e-03
   3.5000000e+01   2.0000000e+01   8.8378462e-17   3.6250000e-03   3.6250000e-03
   1.0000000e+00   2.1000000e+01   9.6264916e-17   3.5625000e-03   3.5625000e-03
   2.0000000e+00   2.1000000e+01   1.2798733e-16   4.0937500e-03   4.0937500e-03
   3.0000000e+00   2.1000000e+01   8.6101752e-17   3.3437500e-03   3.3437500e-03
   4.0000000e+00   2.1000000e+01   8.6050595e-17   3.1875000e-03   3.1875000e-03
   5.0000000e+00   2.1000000e+01   1.1199981e-16   3.1875000e-03   3.1875000e-03
   6.0000000e+00   2.1000000e+01   1.2942164e-16   5.3437500e-03   5.3437500e-03
   7.0000000e+00   2.1000000e+01   8.0272990e-17   3.0937500e-03   3.0937500e-03
   8.0000000e+00   2.1000000e+01   1.2421951e-16   4.5937500e-03   4.5937500e-03
   9.0000000e+00   2.1000000e+01   7.0774239e-17   2.9375000e-03   2.9375000e-03
   1.0000000e+01   2.1000000e+01   1.3457422e-16   4.2812500e-03   4.2812500e-03
   1.1000000e+01   2.1000000e+01   9.2838116e-17   3.4687500e-03   3.4687500e-03
   1.2000000e+01   2.1000000e+01   8.7748456e-17   3.5625000e-03   3.5625000e-03
   1.3000000e+01   2.1000000e+01   8.0803589e-17   3.8125000e-03   3.8125000e-03
   1.4000000e+01   2.1000000e+01   8.8383134e-17   3.2187500e-03   3.2187500e-03
   1.5000000e+01   2.1000000e+01   1.1113408e-16   3.7812500e-03   3.7812500e-03
   1.6000000e+01   2.1000000e+01   7.5770789e-17   3.0625000e-03   3.0625000e-03
   1.7000000e+01   2.1000000e+01   8.8723028e-17   3.3437500e-03   3.3437500e-03
   1.8000000e+01   2.1000000e+01   1.0297051e-16   4.2812500e-03   4.2812500e-03
   1.9000000e+01   2.1000000e+01   8.3839104e-17   3.0625000e-03   3.0625000e-03
   2.0000000e+01   2.1000000e+01   5.9142029e-17   2.5937500e-03   2.5937500e-03
   2.1000000e+01   2.1000000e+01   7.9686875e-17   3.1562500e-03   3.1562500e-03
   2.2000000e+01   2.1000000e+01   1.0394524e-16   4.0937500e-03   4.0937500e-03
   2.3000000e+01   2.1000000e+01   1.8638818e-16   4.6250000e-03   4.6250000e-03
   2.4000000e+01   2.1000000e+01   6.6268100e-17   2.7812500e-03   2.7812500e-03
   2.5000000e+01   2.1000000e+01   7.4807857e-17   3.7187500e-03   3.7187500e-03
   2.6000000e+01   2.1000000e+01   7.7826153e-17   3.5000000e-03   3.5000000e-03
   2.7000000e+01   2.1000000e+01   1.1105594e-16   4.3437500e-03   4.3437500e-03
   2.8000000e+01   2.1000000e+01   7.6300076e-17   3.4375000e-03   3.4375000e-03
   2.9000000e+01   2.1000000e+01   7.3167154e-17   3.0312500e-03   3.0312500e-03
   3.0000000e+01   2.1000000e+01   8.8838310e-17   3.6250000e-03   3.6250000e-03
   3.1000000e+01   2.1000000e+01   2.0161650e-16   4.8750000e-03   4.8750000e-03
   3.2000000e+01   2.1000000e+01   5.9848442e-17   2.9375000e-03   2.9375000e-03
   3.3000000e+01   2.1000000e+01   1.1197067e-16   5.0000000e-03   5.0000000e-03
   3.4000000e+01   2.1000000e+01   8.4641190e-17   3.5312500e-03   3.5312500e-03
   3.5000000e+01   2.1000000e+01   8.6260706e-17   3.2187500e-03   3.2187500e-03
   1.0000000e+00   2.2000000e+01   1.6035112e-16   4.8125000e-03   4.8125000e-03
   2.0000000e+00   2.2000000e+01   1.7205145e-16   5.4687500e-03   5.4687500e-03
   3.0000000e+00   2.2000000e+01   1.1238184e-16   3.2500000e-03   3.2500000e-03
   4.0000000e+00   2.2000000e+01   1.1312143e-16   4.4687500e-03   4.4687500e-03
   5.0000000e+00   2.2000000e+01   8.0837512e-17   3.2812500e-03   3.2812500e-03
   6.0000000e+00   2.2000000e+01   7.2072924e-17   2.5625000e-03   2.5625000e-03
   7.0000000e+00   2.2000000e+01   1.0568781e-16   4.0312500e-03   4.0312500e-03
   8.0000000e+00   2.2000000e+01   1.0634345e-16   4.3750000e-03   4.3750000e-03
   9.0000000e+00   2.2000000e+01   7.0857599e-17   3.3437500e-03   3.3437500e-03
   1.0000000e+01   2.2000000e+01   7.5704023e-17   3.1875000e-03   3.1875000e-03
   1.1000000e+01   2.2000000e+01   1.1276538e-16   4.4062500e-03   4.4062500e-03
   1.2000000e+01   2.2000000e+01   1.2262460e-16   4.2187500e-03   4.2187500e-03
   1.3000000e+01   2.2000000e+01   5.8778010e-17   2.6875000e-03   2.6875000e-03
   1.4000000e+01   2.2000000e+01   1.5268207e-16   4.6562500e-03   4.6562500e-03
   1.5000000e+01   2.2000000e+01   9.5571784e-17   3.7500000e-03   3.7500000e-03
   1.6000000e+01   2.2000000e+01   1.0178786e-16   3.8437500e-03   3.8437500e-03
   1.7000000e+01   2.2000000e+01   8.9979650e-17   3.3437500e-03   3.3437500e-03
   1.8000000e+01   2.2000000e+01   9.9761185e-17   3.1875000e-03   3.1875000e-03
   1.9000000e+01   2.2000000e+01   1.2427759e-16   4.7187500e-03   4.7187500e-03
   2.0000000e+01   2.2000000e+01   8.1172624e-17   3.1875000e-03   3.1875000e-03
   2.1000000e+01   2.2000000e+01   8.0352897e-17   3.2187500e-03   3.2187500e-03
   2.2000000e+01   2.2000000e+01   9.0174511e-17   3.7812500e-03   3.7812500e-03
   2.3000000e+01   2.2000000e+01   1.9826265e-16   5.1250000e-03   5.1250000e-03
   2.4000000e+01   2.2000000e+01   1.0531737e-16   4.0937500e-03   4.0937500e-03
   2.5000000e+01   2.2000000e+01   8.5492371e-17   3.6250000e-03   3.6250000e-03
   2.6000000e+01   2.2000000e+01   1.0225005e-16   4.3125000e-03   4.3125000e-03
   2.7000000e+01   2.2000000e+01   1.0852252e-16   4.1250000e-03   4.1250000e-03
   2.8000000e+01   2.2000000e+01   8.6658773e-17   3.1875000e-03   3.1875000e-03
   2.9000000e+01   2.2000000e+01   7.0356360e-17   3.2812500e-03   3.2812500e-03
   3.0000000e+01   2.2000000e+01   1.1192923e-16   4.4062500e-03   4.4062500e-03
   3.1000000e+01   2.2000000e+01   9.5999257e-17   3.4687500e-03   3.4687500e-03
   3.2000000e+01   2.2000000e+01   1.0825204e-16   4.7187500e-03   4.7187500e-03
   3.3000000e+01   2.2000000e+01   5.9298374e-17   2.6562500e-03   2.6562500e-03
   3.4000000e+01   2.2000000e+01   1.0276536e-16   3.6562500e-03   3.6562500e-03
   3.5000000e+01   2.2000000e+01   6.6337929e-17   3.3750000e-03   3.3750000e-03
   1.0000000e+00   2.3000000e+01   5.6244781e-17   2.7500000e-03   2.7500000e-03
   2.0000000e+00   2.3000000e+01   9.0266090e-17   3.8750000e-03   3.8750000e-03
   3.0000000e+00   2.3000000e+01   1.1157754e-16   3.5937500e-03   3.5937500e-03
   4.0000000e+00   2.3000000e+01   1.0414276e-16   3.7187500e-03   3.7187500e-03
   5.0000000e+00   2.3000000e+01   7.4654356e-17   2.9375000e-03   2.9375000e-03
   6.0000000e+00   2.3000000e+01   6.9336990e-17   2.7500000e-03   2.7500000e-03
   7.0000000e+00   2.3000000e+01   9.5573268e-17   3.3437500e-03   3.3437500e-03
   8.0000000e+00   2.3000000e+01   9.5746442e-17   3.8437500e-03   3.8437500e-03
   9.0000000e+00   2.3000000e+01   1.1797677e-16   4.1250000e-03   4.1250000e-03
   1.0000000e+01   2.3000000e+01   1.3446017e-16   4.2187500e-03   4.2187500e-03
   1.1000000e+01   2.3000000e+01   9.1681886e-17   3.6250000e-03   3.6250000e-03
   1.2000000e+01   2.3000000e+01   9.8049777e-17   3.6875000e-03   3.6875000e-03
   1.3000000e+01   2.3000000e+01   8.2606935e-17   2.9687500e-03   2.9687500e-03
   1.4000000e+01   2.3000000e+01   1.1399237e-16   4.0937500e-03   4.0937500e-03
   1.5000000e+01   2.3000000e+01   9.1547790e-17   3.1250000e-03   3.1250000e-03
   1.6000000e+01   2.3000000e+01   7.8056202e-17   3.0625000e-03   3.0625000e-03
   1.7000000e+01   2.3000000e+01   1.1210740e-16   4.1875000e-03   4.1875000e-03
   1.8000000e+01   2.3000000e+01   1.0187274e-16   3.7812500e-03   3.7812500e-03
   1.9000000e+01   2.3000000e+01   8.9395113e-17   4.0312500e-03   4.0312500e-03
   2.0000000e+01   2.3000000e+01   1.2804201e-16   4.7187500e-03   4.7187500e-03
   2.1000000e+01   2.3000000e+01   1.2317383e-16   4.1562500e-03   4.1562500e-03
   2.2000000e+01   2.3000000e+01   1.0770142e-16   4.1875000e-03   4.1875000e-03
   2.3000000e+01   2.3000000e+01   9.7112549e-17   3.8437500e-03   3.8437500e-03
   2.4000000e+01   2.3000000e+01   1.9800501e-16   4.9687500e-03   4.9687500e-03
   2.5000000e+01   2.3000000e+01   1.2948025e-16   3.7187500e-03   3.7187500e-03
   2.6000000e+01   2.3000000e+01   1.0171644e-16   3.7187500e-03   3.7187500e-03
   2.7000000e+01   2.3000000e+01   8.3317943e-17   3.3437500e-03   3.3437500e-03
   2.8000000e+01   2.3000000e+01   1.3118791e-16   3.7812500e-03   3.7812500e-03
   2.9000000e+01   2.3000000e+01   5.2925186e-17   2.6250000e-03   2.6250000e-03
   3.0000000e+01   2.3000000e+01   1.2059321e-16   3.5312500e-03   3.5312500e-03
   3.1000000e+01   2.3000000e+01   1.0154703e-16   3.5625000e-03   3.5625000e-03
   3.2000000e+01   2.3000000e+01   1.5732487e-16   3.9687500e-03   3.9687500e-03
   3.3000000e+01   2.3000000e+01   1.3885115e-16   3.9687500e-03   3.9687500e-03
   3.4000000e+01   2.3000000e+01   7.6912738e-17   3.0625000e-03   3.0625000e-03
   3.5000000e+01   2.3000000e+01   9.3256308e-17   3.8437500e-03   3.8437500e-03
   1.0000000e+00   2.4000000e+01   7.8970993e-17   3.9687500e-03   3.9687500e-03
   2.0000000e+00   2.4000000e+01   9.7644930e-17   4.0312500e-03   4.0312500e-03
   3.0000000e+00   2.4000000e+01   8.3344896e-17   3.3750000e-03   3.3750000e-03
   4.0000000e+00   2.4000000e+01   1.0340567e-16   4.2500000e-03   4.2500000e-03
   5.0000000e+00   2.4000000e+01   9.8890223e-17   3.6250000e-03   3.6250000e-03
   6.0000000e+00   2.4000000e+01   7.8704615e-17   4.0625000e-03   4.0625000e-03
   7.0000000e+00   2.4000000e+01   7.0526721e-17   3.7812500e-03   3.7812500e-03
   8.0000000e+00   2.4000000e+01   1.2697869e-16   4.1875000e-03   4.1875000e-03
   9.0000000e+00   2.4000000e+01   5.5745745e-17   2.6250000e-03   2.6250000e-03
   1.0000000e+01   2.4000000e+01   1.1079483e-16   3.5312500e-03   3.5312500e-03
   1.1000000e+01   2.4000000e+01   1.6126518e-16   4.1875000e-03   4.1875000e-03
   1.2000000e+01   2.4000000e+01   1.1443222e-16   3.9062500e-03   3.9062500e-03
   1.3000000e+01   2.4000000e+01   8.7904457e-17   3.0312500e-03   3.0312500e-03
   1.4000000e+01   2.4000000e+01   9.0820908e-17   3.9375000e-03   3.9375000e-03
   1.5000000e+01   2.4000000e+01   1.1207650e-16   3.4687500e-03   3.4687500e-03
   1.6000000e+01   2.4000000e+01   1.4249472e-16   4.0937500e-03   4.0937500e-03
   1.7000000e+01   2.4000000e+01   1.4911726e-16   4.2187500e-03   4.2187500e-03
   1.8000000e+01   2.4000000e+01   5.6330266e-17   2.6250000e-03   2.6250000e-03
   1.9000000e+01   2.4000000e+01   1.3709639e-16   4.0312500e-03   4.0312500e-03
   2.0000000e+01   2.4000000e+01   8.8695309e-17   3.3437500e-03   3.3437500e-03
   2.1000000e+01   2.4000000e+01   1.0278606e-16   4.0937500e-03   4.0937500e-03
   2.2000000e+01   2.4000000e+01   1.1498881e-16   4.5625000e-03   4.5625000e-03
   2.3000000e+01   2.4000000e+01   1.8492544e-16   4.7187500e-03   4.7187500e-03
   2.4000000e+01   2.4000000e+01   1.6447710e-16   4.1562500e-03   4.1562500e-03
   2.5000000e+01   2.4000000e+01   2.1259872e-16   5.0937500e-03   5.0937500e-03
   2.6000000e+01   2.4000000e+01   2.2104171e-16   5.0312500e-03   5.0312500e-03
   2.7000000e+01   2.4000000e+01   2.1730484e-16   6.0625000e-03   6.0625000e-03
   2.8000000e+01   2.4000000e+01   1.6536834e-16   4.8437500e-03   4.8437500e-03
   2.9000000e+01   2.4000000e+01   9.8919161e-17   3.4062500e-03   3.4062500e-03
   3.0000000e+01   2.4000000e+01   1.0326222e-16   3.7500000e-03   3.7500000e-03
   3.1000000e+01   2.4000000e+01   1.2027819e-16   4.1562500e-03   4.1562500e-03
   3.2000000e+01   2.4000000e+01   1.1034417e-16   4.5000000e-03   4.5000000e-03
   3.3000000e+01   2.4000000e+01   8.6409005e-17   3.4687500e-03   3.4687500e-03
   3.4000000e+01   2.4000000e+01   7.6279497e-17   3.5625000e-03   3.5625000e-03
   3.5000000e+01   2.4000000e+01   1.9735655e-16   5.3750000e-03   5.3750000e-03
   1.0000000e+00   2.5000000e+01   6.9327053e-17   2.8750000e-03   2.8750000e-03
   2.0000000e+00   2.5000000e+01   1.3918872e-16   4.2500000e-03   4.2500000e-03
   3.0000000e+00   2.5000000e+01   9.7746071e-17   3.4687500e-03   3.4687500e-03
   4.0000000e+00   2.5000000e+01   1.0928784e-16   4.5937500e-03   4.5937500e-03
   5.0000000e+00   2.5000000e+01   1.1059673e-16   3.7812500e-03   3.7812500e-03
   6.0000000e+00   2.5000000e+01   1.0425004e-16   3.5937500e-03   3.5937500e-03
   7.0000000e+00   2.5000000e+01   1.5531212e-16   5.1562500e-03   5.1562500e-03
   8.0000000e+00   2.5000000e+01   1.8679041e-16   4.5000000e-03   4.5000000e-03
   9.0000000e+00   2.5000000e+01   7.9985550e-17   3.4062500e-03   3.4062500e-03
   1.0000000e+01   2.5000000e+01   5.5053207e-17   2.3125000e-03   2.3125000e-03
   1.1000000e+01   2.5000000e+01   1.1502549e-16   3.3750000e-03   3.3750000e-03
   1.2000000e+01   2.5000000e+01   1.0533691e-16   4.0937500e-03   4.0937500e-03
   1.3000000e+01   2.5000000e+01   1.6045675e-16   4.4062500e-03   4.4062500e-03
   1.4000000e+01   2.5000000e+01   5.8553414e-17   2.8750000e-03   2.8750000e-03
   1.5000000e+01   2.5000000e+01   1.0465161e-16   3.5312500e-03   3.5312500e-03
   1.6000000e+01   2.5000000e+01   8.8587308e-17   3.5312500e-03   3.5312500e-03
   1.7000000e+01   2.5000000e+01   9.6759858e-17   3.5312500e-03   3.5312500e-03
   1.8000000e+01   2.5000000e+01   1.1988629e-16   4.0312500e-03   4.0312500e-03
   1.9000000e+01   2.5000000e+01   1.1891299e-16   4.0312500e-03   4.0312500e-03
   2.0000000e+01   2.5000000e+01   9.1336554e-17   3.7500000e-03   3.7500000e-03
   2.1000000e+01   2.5000000e+01   8.5305666e-17   4.3125000e-03   4.3125000e-03
   2.2000000e+01   2.5000000e+01   1.0105004e-16   3.7187500e-03   3.7187500e-03
   2.3000000e+01   2.5000000e+01   1.0087120e-16   4.1875000e-03   4.1875000e-03
   2.4000000e+01   2.5000000e+01   9.8425047e-17   3.4687500e-03   3.4687500e-03
   2.5000000e+01   2.5000000e+01   7.3543329e-17   3.2187500e-03   3.2187500e-03
   2.6000000e+01   2.5000000e+01   1.9617377e-16   5.4062500e-03   5.4062500e-03
   2.7000000e+01   2.5000000e+01   9.9706294e-17   3.1875000e-03   3.1875000e-03
   2.8000000e+01   2.5000000e+01   1.0762820e-16   3.3437500e-03   3.3437500e-03
   2.9000000e+01   2.5000000e+01   1.0239896e-16   3.6875000e-03   3.6875000e-03
   3.0000000e+01   2.5000000e+01   8.1214047e-17   2.9375000e-03   2.9375000e-03
   3.1000000e+01   2.5000000e+01   9.4135551e-17   3.2500000e-03   3.2500000e-03
   3.2000000e+01   2.5000000e+01   6.3389321e-17   2.9687500e-03   2.9687500e-03
   3.3000000e+01   2.5000000e+01   1.9899563e-16   5.0000000e-03   5.0000000e-03
   3.4000000e+01   2.5000000e+01   1.0164559e-16   3.3750000e-03   3.3750000e-03
   3.5000000e+01   2.5000000e+01   9.7147175e-17   3.6562500e-03   3.6562500e-03
   1.0000000e+00   2.6000000e+01   6.4022093e-17   2.7187500e-03   2.7187500e-03
   2.0000000e+00   2.6000000e+01   1.0807505e-16   4.1562500e-03   4.1562500e-03
   3.0000000e+00   2.6000000e+01   1.4281833e-16   4.2812500e-03   4.2812500e-03
   4.0000000e+00   2.6000000e+01   1.2307276e-16   4.4375000e-03   4.4375000e-03
   5.0000000e+00   2.6000000e+01   8.8193085e-17   3.9687500e-03   3.9687500e-03
   6.0000000e+00   2.6000000e+01   1.0978080e-16   3.6875000e-03   3.6875000e-03
   7.0000000e+00   2.6000000e+01   6.2111246e-17   2.7812500e-03   2.7812500e-03
   8.0000000e+00   2.6000000e+01   1.2080638e-16   3.6562500e-03   3.6562500e-03
   9.0000000e+00   2.6000000e+01   1.0925587e-16   4.8125000e-03   4.8125000e-03
   1.0000000e+01   2.6000000e+01   1.4048980e-16   4.4375000e-03   4.4375000e-03
   1.1000000e+01   2.6000000e+01   8.3601477e-17   3.5937500e-03   3.5937500e-03
   1.2000000e+01   2.6000000e+01   1.0008311e-16   4.1875000e-03   4.1875000e-03
   1.3000000e+01   2.6000000e+01   1.7446654e-16   5.0312500e-03   5.0312500e-03
   1.4000000e+01   2.6000000e+01   1.0793711e-16   3.8125000e-03   3.8125000e-03
   1.5000000e+01   2.6000000e+01   8.6436583e-17   4.0312500e-03   4.0312500e-03
   1.6000000e+01   2.6000000e+01   7.0991522e-17   2.5000000e-03   2.5000000e-03
   1.7000000e+01   2.6000000e+01   8.3315880e-17   3.4375000e-03   3.4375000e-03
   1.8000000e+01   2.6000000e+01   1.0755328e-16   3.6562500e-03   3.6562500e-03
   1.9000000e+01   2.6000000e+01   8.8123334e-17   3.0000000e-03   3.0000000e-03
   2.0000000e+01   2.6000000e+01   1.3334130e-16   4.2187500e-03   4.2187500e-03
   2.1000000e+01   2.6000000e+01   1.3665969e-16   4.5625000e-03   4.5625000e-03
   2.2000000e+01   2.6000000e+01   1.1950830e-16   3.8750000e-03   3.8750000e-03
   2.3000000e+01   2.6000000e+01   1.1064862e-16   4.5000000e-03   4.5000000e-03
   2.4000000e+01   2.6000000e+01   1.3887329e-16   3.8125000e-03   3.8125000e-03
   2.5000000e+01   2.6000000e+01   1.2523946e-16   4.6562500e-03   4.6562500e-03
   2.6000000e+01   2.6000000e+01   9.4890277e-17   3.5312500e-03   3.5312500e-03
   2.7000000e+01   2.6000000e+01   1.1383947e-16   3.9062500e-03   3.9062500e-03
   2.8000000e+01   2.6000000e+01   9.1240694e-17   3.4062500e-03   3.4062500e-03
   2.9000000e+01   2.6000000e+01   1.2950200e-16   4.8125000e-03   4.8125000e-03
   3.0000000e+01   2.6000000e+01   1.4784529e-16   4.4375000e-03   4.4375000e-03
   3.1000000e+01   2.6000000e+01   1.2075457e-16   4.1562500e-03   4.1562500e-03
   3.2000000e+01   2.6000000e+01   9.4925418e-17   3.5000000e-03   3.5000000e-03
   3.3000000e+01   2.6000000e+01   1.5220630e-16   4.0312500e-03   4.0312500e-03
   3.4000000e+01   2.6000000e+01   1.2787631e-16   4.0625000e-03   4.0625000e-03
   3.5000000e+01   2.6000000e+01   1.0802056e-16   4.4375000e-03   4.4375000e-03
   1.0000000e+00   2.7000000e+01   7.6888191e-17   3.2500000e-03   3.2500000e-03
   2.0000000e+00   2.7000000e+01   8.3893120e-17   3.6875000e-03   3.6875000e-03
   3.0000000e+00   2.7000000e+01   7.0579190e-17   2.6250000e-03   2.6250000e-03
   4.0000000e+00   2.7000000e+01   1.3924327e-16   4.3125000e-03   4.3125000e-03
   5.0000000e+00   2.7000000e+01   1.3933869e-16   3.5625000e-03   3.5625000e-03
   6.0000000e+00   2.7000000e+01   9.7956026e-17   4.0312500e-03   4.0312500e-03
   7.0000000e+00   2.7000000e+01   1.3286255e-16   3.8125000e-03   3.8125000e-03
   8.0000000e+00   2.7000000e+01   1.5248735e-16   4.4687500e-03   4.4687500e-03
   9.0000000e+00   2.7000000e+01   8.5697373e-17   3.5625000e-03   3.5625000e-03
   1.0000000e+01   2.7000000e+01   7.7857247e-17   3.3125000e-03   3.3125000e-03
   1.1000000e+01   2.7000000e+01   1.0839624e-16   3.6875000e-03   3.6875000e-03
   1.2000000e+01   2.7000000e+01   1.2105668e-16   4.0312500e-03   4.0312500e-03
   1.3000000e+01   2.7000000e+01   9.1912310e-17   3.4687500e-03   3.4687500e-03
   1.4000000e+01   2.7000000e+01   8.1616754e-17   3.2812500e-03   3.2812500e-03
   1.5000000e+01   2.7000000e+01   8.9223220e-17   3.5937500e-03   3.5937500e-03
   1.6000000e+01   2.7000000e+01   1.0528657e-16   3.4687500e-03   3.4687500e-03
   1.7000000e+01   2.7000000e+01   8.9203580e-17   3.1250000e-03   3.1250000e-03
   1.8000000e+01   2.7000000e+01   6.4522395e-17   2.7812500e-03   2.7812500e-03
   1.9000000e+01   2.7000000e+01   1.0730096e-16   3.4062500e-03   3.4062500e-03
   2.0000000e+01   2.7000000e+01   9.3852110e-17   3.3125000e-03   3.3125000e-03
   2.1000000e+01   2.7000000e+01   1.1611613e-16   4.4062500e-03   4.4062500e-03
   2.2000000e+01   2.7000000e+01   1.1145383e-16   4.1562500e-03   4.1562500e-03
   2.3000000e+01   2.7000000e+01   1.0262212e-16   3.3125000e-03   3.3125000e-03
   2.4000000e+01   2.7000000e+01   1.0507580e-16   3.9062500e-03   3.9062500e-03
   2.5000000e+01   2.7000000e+01   6.4201955e-17   2.7812500e-03   2.7812500e-03
   2.6000000e+01   2.7000000e+01   7.6119667e-17   2.7812500e-03   2.7812500e-03
   2.7000000e+01   2.7000000e+01   1.3105978e-16   3.8750000e-03   3.8750000e-03
   2.8000000e+01   2.7000000e+01   1.3446852e-16   4.4687500e-03   4.4687500e-03
   2.9000000e+01   2.7000000e+01   9.7347020e-17   3.3437500e-03   3.3437500e-03
   3.0000000e+01   2.7000000e+01   7.3617314e-17   3.0937500e-03   3.0937500e-03
   3.1000000e+01   2.7000000e+01   1.2992185e-16   4.2187500e-03   4.2187500e-03
   3.2000000e+01   2.7000000e+01   1.4158637e-16   4.3750000e-03   4.3750000e-03
   3.3000000e+01   2.7000000e+01   1.3261628e-16   5.1875000e-03   5.1875000e-03
   3.4000000e+01   2.7000000e+01   1.1871625e-16   3.9375000e-03   3.9375000e-03
   3.5000000e+01   2.7000000e+01   8.3480882e-17   4.4062500e-03   4.4062500e-03
   1.0000000e+00   2.8000000e+01   7.9533748e-17   4.2187500e-03   4.2187500e-03
   2.0000000e+00   2.8000000e+01   1.0408482e-16   4.1250000e-03   4.1250000e-03
   3.0000000e+00   2.8000000e+01   1.4904241e-16   4.3437500e-03   4.3437500e-03
   4.0000000e+00   2.8000000e+01   1.0774817e-16   3.5312500e-03   3.5312500e-03
   5.0000000e+00   2.8000000e+01   1.0430161e-16   3.5000000e-03   3.5000000e-03
   6.0000000e+00   2.8000000e+01   9.9557746e-17   4.6875000e-03   4.6875000e-03
   7.0000000e+00   2.8000000e+01   1.4363872e-16   4.6562500e-03   4.6562500e-03
   8.0000000e+00   2.8000000e+01   1.1061437e-16   3.7812500e-03   3.7812500e-03
   9.0000000e+00   2.8000000e+01   1.6161269e-16   6.3750000e-03   6.3750000e-03
   1.0000000e+01   2.8000000e+01   9.4241989e-17   4.0000000e-03   4.0000000e-03
   1.1000000e+01   2.8000000e+01   1.2852421e-16   4.0000000e-03   4.0000000e-03
   1.2000000e+01   2.8000000e+01   9.4620368e-17   3.8750000e-03   3.8750000e-03
   1.3000000e+01   2.8000000e+01   8.6880025e-17   3.4687500e-03   3.4687500e-03
   1.4000000e+01   2.8000000e+01   1.2743607e-16   3.6250000e-03   3.6250000e-03
   1.5000000e+01   2.8000000e+01   6.8774110e-17   2.9687500e-03   2.9687500e-03
   1.6000000e+01   2.8000000e+01   1.2354927e-16   3.9062500e-03   3.9062500e-03
   1.7000000e+01   2.8000000e+01   1.7153923e-16   6.2500000e-03   6.2500000e-03
   1.8000000e+01   2.8000000e+01   1.2317687e-16   4.4375000e-03   4.4375000e-03
   1.9000000e+01   2.8000000e+01   6.5283668e-17   2.6562500e-03   2.6562500e-03
   2.0000000e+01   2.8000000e+01   1.7759157e-16   4.8437500e-03   4.8437500e-03
   2.1000000e+01   2.8000000e+01   8.3977012e-17   3.4062500e-03   3.4062500e-03
   2.2000000e+01   2.8000000e+01   1.0653642e-16   3.8750000e-03   3.8750000e-03
   2.3000000e+01   2.8000000e+01   1.0198183e-16   3.6562500e-03   3.6562500e-03
   2.4000000e+01   2.8000000e+01   1.3855281e-16   3.7812500e-03   3.7812500e-03
   2.5000000e+01   2.8000000e+01   8.1489018e-17   2.6875000e-03   2.6875000e-03
   2.6000000e+01   2.8000000e+01   1.7955356e-16   4.6562500e-03   4.6562500e-03
   2.7000000e+01   2.8000000e+01   1.1974563e-16   4.3750000e-03   4.3750000e-03
   2.8000000e+01   2.8000000e+01   1.0737003e-16   3.2812500e-03   3.2812500e-03
   2.9000000e+01   2.8000000e+01   9.8648783e-17   3.9375000e-03   3.9375000e-03
   3.0000000e+01   2.8000000e+01   1.2402607e-16   4.4375000e-03   4.4375000e-03
   3.1000000e+01   2.8000000e+01   1.4852949e-16   5.4687500e-03   5.4687500e-03
   3.2000000e+01   2.8000000e+01   1.9896605e-16   5.5312500e-03   5.5312500e-03
   3.3000000e+01   2.8000000e+01   1.3343457e-16   4.3750000e-03   4.3750000e-03
   3.4000000e+01   2.8000000e+01   1.4493926e-16   4.9062500e-03   4.9062500e-03
   3.5000000e+01   2.8000000e+01   8.4874380e-17   3.4062500e-03   3.4062500e-03
   1.0000000e+00   2.9000000e+01   1.1796582e-16   4.0937500e-03   4.0937500e-03
   2.0000000e+00   2.9000000e+01   9.8286827e-17   3.0937500e-03   3.0937500e-03
   3.0000000e+00   2.9000000e+01   1.5369413e-16   5.7187500e-03   5.7187500e-03
   4.0000000e+00   2.9000000e+01   1.2284274e-16   5.0000000e-03   5.0000000e-03
   5.0000000e+00   2.9000000e+01   7.7391961e-17   3.4687500e-03   3.4687500e-03
   6.0000000e+00   2.9000000e+01   1.4121321e-16   4.7500000e-03   4.7500000e-03
   7.0000000e+00   2.9000000e+01   1.2422635e-16   4.1562500e-03   4.1562500e-03
   8.0000000e+00   2.9000000e+01   1.5918247e-16   4.7500000e-03   4.7500000e-03
   9.0000000e+00   2.9000000e+01   1.4112233e-16   4.5625000e-03   4.5625000e-03
   1.0000000e+01   2.9000000e+01   7.1652092e-17   3.0312500e-03   3.0312500e-03
   1.1000000e+01   2.9000000e+01   1.0504303e-16   3.5625000e-03   3.5625000e-03
   1.2000000e+01   2.9000000e+01   1.3693645e-16   3.9687500e-03   3.9687500e-03
   1.3000000e+01   2.9000000e+01   2.1627690e-16   6.5312500e-03   6.5312500e-03
   1.4000000e+01   2.9000000e+01   9.6687342e-17   3.6562500e-03   3.6562500e-03
   1.5000000e+01   2.9000000e+01   1.5966071e-16   5.5937500e-03   5.5937500e-03
   1.6000000e+01   2.9000000e+01   1.2163742e-16   4.5312500e-03   4.5312500e-03
   1.7000000e+01   2.9000000e+01   1.4936524e-16   4.5937500e-03   4.5937500e-03
   1.8000000e+01   2.9000000e+01   1.0113425e-16   3.7500000e-03   3.7500000e-03
   1.9000000e+01   2.9000000e+01   1.3434703e-16   5.0625000e-03   5.0625000e-03
   2.0000000e+01   2.9000000e+01   1.6612382e-16   4.4062500e-03   4.4062500e-03
   2.1000000e+01   2.9000000e+01   1.3856910e-16   4.4062500e-03   4.4062500e-03
   2.2000000e+01   2.9000000e+01   1.3688709e-16   5.4687500e-03   5.4687500e-03
   2.3000000e+01   2.9000000e+01   1.1342377e-16   4.0000000e-03   4.0000000e-03
   2.4000000e+01   2.9000000e+01   1.6383200e-16   4.6875000e-03   4.6875000e-03
   2.5000000e+01   2.9000000e+01   1.3986445e-16   3.9062500e-03   3.9062500e-03
   2.6000000e+01   2.9000000e+01   1.2681675e-16   4.5937500e-03   4.5937500e-03
   2.7000000e+01   2.9000000e+01   7.3674252e-17   3.3125000e-03   3.3125000e-03
   2.8000000e+01   2.9000000e+01   9.3468669e-17   3.6250000e-03   3.6250000e-03
   2.9000000e+01   2.9000000e+01   1.5575604e-16   4.2500000e-03   4.2500000e-03
   3.0000000e+01   2.9000000e+01   9.9300899e-17   3.9375000e-03   3.9375000e-03
   3.1000000e+01   2.9000000e+01   9.8102590e-17   3.4687500e-03   3.4687500e-03
   3.2000000e+01   2.9000000e+01   1.3089032e-16   4.2812500e-03   4.2812500e-03
   3.3000000e+01   2.9000000e+01   1.5332297e-16   6.0000000e-03   6.0000000e-03
   3.4000000e+01   2.9000000e+01   1.0452453e-16   3.8750000e-03   3.8750000e-03
   3.5000000e+01   2.9000000e+01   8.2969423e-17   3.3125000e-03   3.3125000e-03
   1.0000000e+00   3.0000000e+01   8.1741427e-17   3.9687500e-03   3.9687500e-03
   2.0000000e+00   3.0000000e+01   8.4120107e-17   4.1562500e-03   4.1562500e-03
   3.0000000e+00   3.0000000e+01   1.4295127e-16   5.0000000e-03   5.0000000e-03
   4.0000000e+00   3.0000000e+01   1.7733790e-16   6.1250000e-03   6.1250000e-03
   5.0000000e+00   3.0000000e+01   1.6576600e-16   6.2812500e-03   6.2812500e-03
   6.0000000e+00   3.0000000e+01   1.2459704e-16   3.8437500e-03   3.8437500e-03
   7.0000000e+00   3.0000000e+01   8.9640678e-17   3.5000000e-03   3.5000000e-03
   8.0000000e+00   3.0000000e+01   1.8644926e-16   5.4687500e-03   5.4687500e-03
   9.0000000e+00   3.0000000e+01   1.2992900e-16   4.6250000e-03   4.6250000e-03
   1.0000000e+01   3.0000000e+01   1.4059402e-16   4.4062500e-03   4.4062500e-03
   1.1000000e+01   3.0000000e+01   1.2838050e-16   4.8125000e-03   4.8125000e-03
   1.2000000e+01   3.0000000e+01   1.1849375e-16   3.7500000e-03   3.7500000e-03
   1.3000000e+01   3.0000000e+01   1.5520490e-16   4.4687500e-03   4.4687500e-03
   1.4000000e+01   3.0000000e+01   1.0883287e-16   3.5312500e-03   3.5312500e-03
   1.5000000e+01   3.0000000e+01   1.4676230e-16   4.3750000e-03   4.3750000e-03
   1.6000000e+01   3.0000000e+01   1.4598044e-16   4.3750000e-03   4.3750000e-03
   1.7000000e+01   3.0000000e+01   8.5647169e-17   2.9062500e-03   2.9062500e-03
   1.8000000e+01   3.0000000e+01   1.5791313e-16   4.6562500e-03   4.6562500e-03
   1.9000000e+01   3.0000000e+01   1.1467304e-16   4.3437500e-03   4.3437500e-03
   2.0000000e+01   3.0000000e+01   1.1770338e-16   4.4375000e-03   4.4375000e-03
   2.1000000e+01   3.0000000e+01   5.3812944e-17   2.6250000e-03   2.6250000e-03
   2.2000000e+01   3.0000000e+01   1.6203628e-16   4.1250000e-03   4.1250000e-03
   2.3000000e+01   3.0000000e+01   1.0751414e-16   4.0625000e-03   4.0625000e-03
   2.4000000e+01   3.0000000e+01   1.3355452e-16   4.2812500e-03   4.2812500e-03
   2.5000000e+01   3.0000000e+01   1.2628718e-16   3.9375000e-03   3.9375000e-03
   2.6000000e+01   3.0000000e+01   1.4850406e-16   3.5937500e-03   3.5937500e-03
   2.7000000e+01   3.0000000e+01   8.1820865e-17   4.2500000e-03   4.2500000e-03
   2.8000000e+01   3.0000000e+01   1.0043627e-16   3.4687500e-03   3.4687500e-03
   2.9000000e+01   3.0000000e+01   1.0651757e-16   3.6250000e-03   3.6250000e-03
   3.0000000e+01   3.0000000e+01   1.1723231e-16   4.0625000e-03   4.0625000e-03
   3.1000000e+01   3.0000000e+01   1.7296250e-16   5.4687500e-03   5.4687500e-03
   3.2000000e+01   3.0000000e+01   7.3349796e-17   3.1875000e-03   3.1875000e-03
   3.3000000e+01   3.0000000e+01   9.4732682e-17   3.6562500e-03   3.6562500e-03
   3.4000000e+01   3.0000000e+01   7.9636890e-17   3.0625000e-03   3.0625000e-03
   3.5000000e+01   3.0000000e+01   1.7095438e-16   5.1562500e-03   5.1562500e-03
   1.0000000e+00   3.1000000e+01   2.0900757e-16   5.6875000e-03   5.6875000e-03
   2.0000000e+00   3.1000000e+01   1.0831163e-16   3.6562500e-03   3.6562500e-03
   3.0000000e+00   3.1000000e+01   1.2841955e-16   4.5937500e-03   4.5937500e-03
   4.0000000e+00   3.1000000e+01   8.3920183e-17   3.0312500e-03   3.0312500e-03
   5.0000000e+00   3.1000000e+01   9.5151592e-17   3.3750000e-03   3.3750000e-03
   6.0000000e+00   3.1000000e+01   1.1715436e-16   3.2187500e-03   3.2187500e-03
   7.0000000e+00   3.1000000e+01   1.5233779e-16   4.5000000e-03   4.5000000e-03
   8.0000000e+00   3.1000000e+01   1.3335844e-16   4.0312500e-03   4.0312500e-03
   9.0000000e+00   3.1000000e+01   7.5650710e-17   3.5312500e-03   3.5312500e-03
   1.0000000e+01   3.1000000e+01   7.5608287e-17   3.1562500e-03   3.1562500e-03
   1.1000000e+01   3.1000000e+01   7.3898442e-17   3.2500000e-03   3.2500000e-03
   1.2000000e+01   3.1000000e+01   1.4223969e-16   4.6250000e-03   4.6250000e-03
   1.3000000e+01   3.1000000e+01   9.3431606e-17   2.9687500e-03   2.9687500e-03
   1.4000000e+01   3.1000000e+01   1.2862824e-16   3.9375000e-03   3.9375000e-03
   1.5000000e+01   3.1000000e+01   1.6073337e-16   3.9687500e-03   3.9687500e-03
   1.6000000e+01   3.1000000e+01   1.6857483e-16   5.7187500e-03   5.7187500e-03
   1.7000000e+01   3.1000000e+01   1.6847029e-16   5.1250000e-03   5.1250000e-03
   1.8000000e+01   3.1000000e+01   1.2501808e-16   4.4062500e-03   4.4062500e-03
   1.9000000e+01   3.1000000e+01   9.3124181e-17   3.4687500e-03   3.4687500e-03
   2.0000000e+01   3.1000000e+01   1.7913254e-16   4.5000000e-03   4.5000000e-03
   2.1000000e+01   3.1000000e+01   1.3829354e-16   4.5000000e-03   4.5000000e-03
   2.2000000e+01   3.1000000e+01   1.5364976e-16   4.6875000e-03   4.6875000e-03
   2.3000000e+01   3.1000000e+01   1.3094236e-16   4.0937500e-03   4.0937500e-03
   2.4000000e+01   3.1000000e+01   1.8114061e-16   5.0312500e-03   5.0312500e-03
   2.5000000e+01   3.1000000e+01   1.9738707e-16   5.6875000e-03   5.6875000e-03
   2.6000000e+01   3.1000000e+01   1.9010729e-16   5.0937500e-03   5.0937500e-03
   2.7000000e+01   3.1000000e+01   1.7307173e-16   4.2812500e-03   4.2812500e-03
   2.8000000e+01   3.1000000e+01   1.5303933e-16   4.8125000e-03   4.8125000e-03
   2.9000000e+01   3.1000000e+01   1.5343533e-16   3.6875000e-03   3.6875000e-03
   3.0000000e+01   3.1000000e+01   1.8559695e-16   4.8125000e-03   4.8125000e-03
   3.1000000e+01   3.1000000e+01   1.5788978e-16   4.3437500e-03   4.3437500e-03
   3.2000000e+01   3.1000000e+01   1.0752339e-16   3.9375000e-03   3.9375000e-03
   3.3000000e+01   3.1000000e+01   1.0956056e-16   3.7187500e-03   3.7187500e-03
   3.4000000e+01   3.1000000e+01   1.4714727e-16   4.6562500e-03   4.6562500e-03
   3.5000000e+01   3.1000000e+01   8.9678053e-17   3.0937500e-03   3.0937500e-03
   1.0000000e+00   3.2000000e+01   7.6561312e-17   3.1875000e-03   3.1875000e-03
   2.0000000e+00   3.2000000e+01   9.8857379e-17   4.4375000e-03   4.4375000e-03
   3.0000000e+00   3.2000000e+01   1.2816822e-16   3.5312500e-03   3.5312500e-03
   4.0000000e+00   3.2000000e+01   1.1070337e-16   3.5937500e-03   3.5937500e-03
   5.0000000e+00   3.2000000e+01   1.1684776e-16   3.9375000e-03   3.9375000e-03
   6.0000000e+00   3.2000000e+01   1.3567637e-16   3.9062500e-03   3.9062500e-03
   7.0000000e+00   3.2000000e+01   8.9327112e-17   3.2812500e-03   3.2812500e-03
   8.0000000e+00   3.2000000e+01   1.4394097e-16   4.1562500e-03   4.1562500e-03
   9.0000000e+00   3.2000000e+01   8.8377415e-17   3.3750000e-03   3.3750000e-03
   1.0000000e+01   3.2000000e+01   1.2027998e-16   3.9375000e-03   3.9375000e-03
   1.1000000e+01   3.2000000e+01   1.3709750e-16   5.2500000e-03   5.2500000e-03
   1.2000000e+01   3.2000000e+01   9.3338449e-17   3.4687500e-03   3.4687500e-03
   1.3000000e+01   3.2000000e+01   1.0592492e-16   4.0625000e-03   4.0625000e-03
   1.4000000e+01   3.2000000e+01   1.2570568e-16   4.0312500e-03   4.0312500e-03
   1.5000000e+01   3.2000000e+01   1.0391393e-16   4.1562500e-03   4.1562500e-03
   1.6000000e+01   3.2000000e+01   1.2911156e-16   4.0000000e-03   4.0000000e-03
   1.7000000e+01   3.2000000e+01   1.1996948e-16   3.7812500e-03   3.7812500e-03
   1.8000000e+01   3.2000000e+01   1.1400717e-16   4.0937500e-03   4.0937500e-03
   1.9000000e+01   3.2000000e+01   8.5997751e-17   3.7187500e-03   3.7187500e-03
   2.0000000e+01   3.2000000e+01   9.2367486e-17   3.5625000e-03   3.5625000e-03
   2.1000000e+01   3.2000000e+01   9.4189598e-17   3.4375000e-03   3.4375000e-03
   2.2000000e+01   3.2000000e+01   1.3035924e-16   3.9375000e-03   3.9375000e-03
   2.3000000e+01   3.2000000e+01   1.1104563e-16   4.1875000e-03   4.1875000e-03
   2.4000000e+01   3.2000000e+01   1.2809430e-16   4.3437500e-03   4.3437500e-03
   2.5000000e+01   3.2000000e+01   1.2210960e-16   3.4062500e-03   3.4062500e-03
   2.6000000e+01   3.2000000e+01   1.3732423e-16   5.6875000e-03   5.6875000e-03
   2.7000000e+01   3.2000000e+01   1.4074427e-16   5.3750000e-03   5.3750000e-03
   2.8000000e+01   3.2000000e+01   1.6947755e-16   5.2812500e-03   5.2812500e-03
   2.9000000e+01   3.2000000e+01   1.2634862e-16   4.7500000e-03   4.7500000e-03
   3.0000000e+01   3.2000000e+01   1.1883070e-16   4.8125000e-03   4.8125000e-03
   3.1000000e+01   3.2000000e+01   1.1145046e-16   3.5000000e-03   3.5000000e-03
   3.2000000e+01   3.2000000e+01   6.8836985e-17   3.4375000e-03   3.4375000e-03
   3.3000000e+01   3.2000000e+01   8.1278688e-17   3.4687500e-03   3.4687500e-03
   3.4000000e+01   3.2000000e+01   9.0228199e-17   4.1875000e-03   4.1875000e-03
   3.5000000e+01   3.2000000e+01   1.4605126e-16   4.6875000e-03   4.6875000e-03
   1.0000000e+00   3.3000000e+01   1.0748525e-16   3.8437500e-03   3.8437500e-03
   2.0000000e+00   3.3000000e+01   1.0067990e-16   3.3750000e-03   3.3750000e-03
   3.0000000e+00   3.3000000e+01   8.5140258e-17   3.4687500e-03   3.4687500e-03
   4.0000000e+00   3.3000000e+01   7.9403169e-17   3.4687500e-03   3.4687500e-03
   5.0000000e+00   3.3000000e+01   1.6117122e-16   4.6562500e-03   4.6562500e-03
   6.0000000e+00   3.3000000e+01   8.9135673e-17   3.2187500e-03   3.2187500e-03
   7.0000000e+00   3.3000000e+01   1.0558763e-16   4.1562500e-03   4.1562500e-03
   8.0000000e+00   3.3000000e+01   8.0817918e-17   3.0312500e-03   3.0312500e-03
   9.0000000e+00   3.3000000e+01   1.1149027e-16   4.3125000e-03   4.3125000e-03
   1.0000000e+01   3.3000000e+01   1.2718907e-16   4.4687500e-03   4.4687500e-03
   1.1000000e+01   3.3000000e+01   1.0713640e-16   4.7812500e-03   4.7812500e-03
   1.2000000e+01   3.3000000e+01   9.3248729e-17   3.3437500e-03   3.3437500e-03
   1.3000000e+01   3.3000000e+01   8.5183117e-17   3.5625000e-03   3.5625000e-03
   1.4000000e+01   3.3000000e+01   8.0409742e-17   3.8437500e-03   3.8437500e-03
   1.5000000e+01   3.3000000e+01   1.7309992e-16   4.6562500e-03   4.6562500e-03
   1.6000000e+01   3.3000000e+01   9.2522363e-17   3.5625000e-03   3.5625000e-03
   1.7000000e+01   3.3000000e+01   1.2654719e-16   4.8750000e-03   4.8750000e-03
   1.8000000e+01   3.3000000e+01   1.3032526e-16   4.4375000e-03   4.4375000e-03
   1.9000000e+01   3.3000000e+01   1.0695535e-16   3.9687500e-03   3.9687500e-03
   2.0000000e+01   3.3000000e+01   1.1632994e-16   4.0000000e-03   4.0000000e-03
   2.1000000e+01   3.3000000e+01   1.1202250e-16   3.8437500e-03   3.8437500e-03
   2.2000000e+01   3.3000000e+01   8.9641240e-17   3.7812500e-03   3.7812500e-03
   2.3000000e+01   3.3000000e+01   9.7219691e-17   3.9062500e-03   3.9062500e-03
   2.4000000e+01   3.3000000e+01   9.3386418e-17   3.6562500e-03   3.6562500e-03
   2.5000000e+01   3.3000000e+01   1.0040729e-16   3.9375000e-03   3.9375000e-03
   2.6000000e+01   3.3000000e+01   9.2911101e-17   3.1562500e-03   3.1562500e-03
   2.7000000e+01   3.3000000e+01   1.3267714e-16   4.8125000e-03   4.8125000e-03
   2.8000000e+01   3.3000000e+01   2.3253308e-16   4.8437500e-03   4.8437500e-03
   2.9000000e+01   3.3000000e+01   1.8220398e-16   4.6875000e-03   4.6875000e-03
   3.0000000e+01   3.3000000e+01   7.0372626e-17   2.7500000e-03   2.7500000e-03
   3.1000000e+01   3.3000000e+01   1.0403409e-16   3.5937500e-03   3.5937500e-03
   3.2000000e+01   3.3000000e+01   1.5745826e-16   4.4375000e-03   4.4375000e-03
   3.3000000e+01   3.3000000e+01   1.0870027e-16   3.5000000e-03   3.5000000e-03
   3.4000000e+01   3.3000000e+01   1.0349007e-16   3.6250000e-03   3.6250000e-03
   3.5000000e+01   3.3000000e+01   4.9404978e-17   2.3437500e-03   2.3437500e-03
   1.0000000e+00   3.4000000e+01   1.0749465e-16   5.5000000e-03   5.5000000e-03
   2.0000000e+00   3.4000000e+01   1.4032401e-16   4.2187500e-03   4.2187500e-03
   3.0000000e+00   3.4000000e+01   8.6112127e-17   3.8437500e-03   3.8437500e-03
   4.0000000e+00   3.4000000e+01   1.0348235e-16   3.5625000e-03   3.5625000e-03
   5.0000000e+00   3.4000000e+01   1.0882312e-16   3.4687500e-03   3.4687500e-03
   6.0000000e+00   3.4000000e+01   1.1242664e-16   3.8125000e-03   3.8125000e-03
   7.0000000e+00   3.4000000e+01   9.8473469e-17   3.5000000e-03   3.5000000e-03
   8.0000000e+00   3.4000000e+01   1.1896417e-16   4.1562500e-03   4.1562500e-03
   9.0000000e+00   3.4000000e+01   9.3225510e-17   3.4375000e-03   3.4375000e-03
   1.0000000e+01   3.4000000e+01   9.3794657e-17   3.0625000e-03   3.0625000e-03
   1.1000000e+01   3.4000000e+01   8.6590553e-17   3.8125000e-03   3.8125000e-03
   1.2000000e+01   3.4000000e+01   1.4792101e-16   4.9062500e-03   4.9062500e-03
   1.3000000e+01   3.4000000e+01   1.4426333e-16   3.9062500e-03   3.9062500e-03
   1.4000000e+01   3.4000000e+01   7.4485885e-17   2.8125000e-03   2.8125000e-03
   1.5000000e+01   3.4000000e+01   1.0005972e-16   3.7187500e-03   3.7187500e-03
   1.6000000e+01   3.4000000e+01   1.1756363e-16   3.2500000e-03   3.2500000e-03
   1.7000000e+01   3.4000000e+01   1.0386960e-16   4.1875000e-03   4.1875000e-03
   1.8000000e+01   3.4000000e+01   1.2066419e-16   3.8437500e-03   3.8437500e-03
   1.9000000e+01   3.4000000e+01   8.8451088e-17   3.4687500e-03   3.4687500e-03
   2.0000000e+01   3.4000000e+01   9.8239545e-17   3.5312500e-03   3.5312500e-03
   2.1000000e+01   3.4000000e+01   9.3374949e-17   3.7812500e-03   3.7812500e-03
   2.2000000e+01   3.4000000e+01   1.0465311e-16   4.8750000e-03   4.8750000e-03
   2.3000000e+01   3.4000000e+01   1.4271763e-16   5.2500000e-03   5.2500000e-03
   2.4000000e+01   3.4000000e+01   1.1945134e-16   3.5937500e-03   3.5937500e-03
   2.5000000e+01   3.4000000e+01   8.4381844e-17   3.3437500e-03   3.3437500e-03
   2.6000000e+01   3.4000000e+01   1.1746188e-16   3.7187500e-03   3.7187500e-03
   2.7000000e+01   3.4000000e+01   1.1640213e-16   4.0000000e-03   4.0000000e-03
   2.8000000e+01   3.4000000e+01   9.2041374e-17   3.2812500e-03   3.2812500e-03
   2.9000000e+01   3.4000000e+01   1.3400748e-16   3.5000000e-03   3.5000000e-03
   3.0000000e+01   3.4000000e+01   1.3427956e-16   4.4375000e-03   4.4375000e-03
   3.1000000e+01   3.4000000e+01   1.0138270e-16   4.1562500e-03   4.1562500e-03
   3.2000000e+01   3.4000000e+01   1.2671317e-16   4.2500000e-03   4.2500000e-03
   3.3000000e+01   3.4000000e+01   9.1852497e-17   3.6562500e-03   3.6562500e-03
   3.4000000e+01   3.4000000e+01   1.0927375e-16   3.6562500e-03   3.6562500e-03
   3.5000000e+01   3.4000000e+01   8.2292542e-17   3.2812500e-03   3.2812500e-03
   1.0000000e+00   3.5000000e+01   1.1337962e-16   3.5000000e-03   3.5000000e-03
   2.0000000e+00   3.5000000e+01   1.0977227e-16   4.2500000e-03   4.2500000e-03
   3.0000000e+00   3.5000000e+01   1.1418722e-16   3.5000000e-03   3.5000000e-03
   4.0000000e+00   3.5000000e+01   7.6729283e-17   2.9375000e-03   2.9375000e-03
   5.0000000e+00   3.5000000e+01   1.0029410e-16   3.4375000e-03   3.4375000e-03
   6.0000000e+00   3.5000000e+01   1.5970874e-16   4.8750000e-03   4.8750000e-03
   7.0000000e+00   3.5000000e+01   1.0728457e-16   4.2812500e-03   4.2812500e-03
   8.0000000e+00   3.5000000e+01   1.0956364e-16   4.2812500e-03   4.2812500e-03
   9.0000000e+00   3.5000000e+01   1.1631584e-16   3.4687500e-03   3.4687500e-03
   1.0000000e+01   3.5000000e+01   1.2860618e-16   3.9062500e-03   3.9062500e-03
   1.1000000e+01   3.5000000e+01   6.4209033e-17   3.0625000e-03   3.0625000e-03
   1.2000000e+01   3.5000000e+01   1.0002166e-16   3.5000000e-03   3.5000000e-03
   1.3000000e+01   3.5000000e+01   1.4424533e-16   4.7500000e-03   4.7500000e-03
   1.4000000e+01   3.5000000e+01   1.2163797e-16   4.5000000e-03   4.5000000e-03
   1.5000000e+01   3.5000000e+01   1.2873358e-16   4.2812500e-03   4.2812500e-03
   1.6000000e+01   3.5000000e+01   1.3904173e-16   4.5937500e-03   4.5937500e-03
   1.7000000e+01   3.5000000e+01   1.7007275e-16   4.2500000e-03   4.2500000e-03
   1.8000000e+01   3.5000000e+01   1.0997018e-16   5.2187500e-03   5.2187500e-03
   1.9000000e+01   3.5000000e+01   1.5174531e-16   5.0625000e-03   5.0625000e-03
   2.0000000e+01   3.5000000e+01   1.1687454e-16   4.7812500e-03   4.7812500e-03
   2.1000000e+01   3.5000000e+01   1.7683967e-16   4.3750000e-03   4.3750000e-03
   2.2000000e+01   3.5000000e+01   1.6260395e-16   5.1562500e-03   5.1562500e-03
   2.3000000e+01   3.5000000e+01   1.3041805e-16   4.4687500e-03   4.4687500e-03
   2.4000000e+01   3.5000000e+01   1.0551854e-16   4.2812500e-03   4.2812500e-03
   2.5000000e+01   3.5000000e+01   1.1954513e-16   4.2187500e-03   4.2187500e-03
   2.6000000e+01   3.5000000e+01   1.3813954e-16   3.8750000e-03   3.8750000e-03
   2.7000000e+01   3.5000000e+01   1.2745434e-16   4.5937500e-03   4.5937500e-03
   2.8000000e+01   3.5000000e+01   9.3211635e-17   3.5000000e-03   3.5000000e-03
   2.9000000e+01   3.5000000e+01   1.2558257e-16   3.8750000e-03   3.8750000e-03
   3.0000000e+01   3.5000000e+01   5.5669041e-17   2.6875000e-03   2.6875000e-03
   3.1000000e+01   3.5000000e+01   1.1798562e-16   4.4062500e-03   4.4062500e-03
   3.2000000e+01   3.5000000e+01   1.2085471e-16   4.8437500e-03   4.8437500e-03
   3.3000000e+01   3.5000000e+01   1.2497923e-16   4.1875000e-03   4.1875000e-03
   3.4000000e+01   3.5000000e+01   1.5020724e-16   4.1250000e-03   4.1250000e-03
   3.5000000e+01   3.5000000e+01   1.3020230e-16   5.7812500e-03   5.7812500e-03
