   1.0000000e+00   1.0000000e+00   6.0977141e-15   8.0587500e-01   8.0587500e-01
   2.0000000e+00   1.0000000e+00   6.2002510e-15   8.0840625e-01   8.0840625e-01
   3.0000000e+00   1.0000000e+00   5.7219229e-15   7.4887500e-01   7.4887500e-01
   4.0000000e+00   1.0000000e+00   5.4014728e-15   7.1631250e-01   7.1631250e-01
   5.0000000e+00   1.0000000e+00   5.5489127e-15   7.2812500e-01   7.2812500e-01
   6.0000000e+00   1.0000000e+00   5.7775376e-15   7.6812500e-01   7.6812500e-01
   7.0000000e+00   1.0000000e+00   6.0942808e-15   7.8971875e-01   7.8971875e-01
   8.0000000e+00   1.0000000e+00   5.7183650e-15   7.2937500e-01   7.2937500e-01
   9.0000000e+00   1.0000000e+00   5.6183256e-15   7.0371875e-01   7.0371875e-01
   1.0000000e+01   1.0000000e+00   5.5373294e-15   6.9321875e-01   6.9321875e-01
   1.1000000e+01   1.0000000e+00   5.0779992e-15   6.4690625e-01   6.4690625e-01
   1.2000000e+01   1.0000000e+00   5.0775037e-15   6.7975000e-01   6.7975000e-01
   1.3000000e+01   1.0000000e+00   5.3127555e-15   7.0168750e-01   7.0168750e-01
   1.4000000e+01   1.0000000e+00   5.5415918e-15   7.1553125e-01   7.1553125e-01
   1.5000000e+01   1.0000000e+00   5.6426132e-15   7.4281250e-01   7.4281250e-01
   1.6000000e+01   1.0000000e+00   5.5297219e-15   7.4987500e-01   7.4987500e-01
   1.7000000e+01   1.0000000e+00   6.2080133e-15   7.8365625e-01   7.8365625e-01
   1.8000000e+01   1.0000000e+00   6.0619504e-15   8.1731250e-01   8.1731250e-01
   1.9000000e+01   1.0000000e+00   6.2428219e-15   8.4153125e-01   8.4153125e-01
   2.0000000e+01   1.0000000e+00   5.9222836e-15   7.8940625e-01   7.8940625e-01
   2.1000000e+01   1.0000000e+00   5.4522022e-15   7.0018750e-01   7.0018750e-01
   2.2000000e+01   1.0000000e+00   5.6299061e-15   6.7800000e-01   6.7800000e-01
   2.3000000e+01   1.0000000e+00   5.7792430e-15   7.0800000e-01   7.0800000e-01
   2.4000000e+01   1.0000000e+00   5.6215340e-15   7.4168750e-01   7.4168750e-01
   2.5000000e+01   1.0000000e+00   6.0556724e-15   7.7728125e-01   7.7728125e-01
   2.6000000e+01   1.0000000e+00   5.6920570e-15   7.6018750e-01   7.6018750e-01
   2.7000000e+01   1.0000000e+00   5.8274081e-15   7.3625000e-01   7.3625000e-01
   2.8000000e+01   1.0000000e+00   5.1833659e-15   7.0162500e-01   7.0162500e-01
   2.9000000e+01   1.0000000e+00   5.1157789e-15   6.8284375e-01   6.8284375e-01
   3.0000000e+01   1.0000000e+00   5.3045127e-15   6.5146875e-01   6.5146875e-01
   3.1000000e+01   1.0000000e+00   5.1895880e-15   7.0306250e-01   7.0306250e-01
   3.2000000e+01   1.0000000e+00   5.6698104e-15   7.5015625e-01   7.5015625e-01
   3.3000000e+01   1.0000000e+00   6.3008827e-15   7.8550000e-01   7.8550000e-01
   3.4000000e+01   1.0000000e+00   6.0462569e-15   7.8056250e-01   7.8056250e-01
   3.5000000e+01   1.0000000e+00   6.2300356e-15   8.0162500e-01   8.0162500e-01
   1.0000000e+00   2.0000000e+00   6.2118559e-15   7.4018750e-01   7.4018750e-01
   2.0000000e+00   2.0000000e+00   6.1552966e-15   8.1290625e-01   8.1290625e-01
   3.0000000e+00   2.0000000e+00   5.9258648e-15   7.9396875e-01   7.9396875e-01
   4.0000000e+00   2.0000000e+00   5.4198734e-15   7.3787500e-01   7.3787500e-01
   5.0000000e+00   2.0000000e+00   5.2761352e-15   7.0368750e-01   7.0368750e-01
   6.0000000e+00   2.0000000e+00   5.5429090e-15   7.0287500e-01   7.0287500e-01
   7.0000000e+00   2.0000000e+00   5.6535021e-15   7.5853125e-01   7.5853125e-01
   8.0000000e+00   2.0000000e+00   5.8377224e-15   7.5921875e-01   7.5921875e-01
   9.0000000e+00   2.0000000e+00   5.7851827e-15   7.5821875e-01   7.5821875e-01
   1.0000000e+01   2.0000000e+00   5.7021345e-15   7.4837500e-01   7.4837500e-01
   1.1000000e+01   2.0000000e+00   5.3086421e-15   6.9387500e-01   6.9387500e-01
   1.2000000e+01   2.0000000e+00   5.1218490e-15   6.8231250e-01   6.8231250e-01
   1.3000000e+01   2.0000000e+00   5.0255547e-15   6.8546875e-01   6.8546875e-01
   1.4000000e+01   2.0000000e+00   5.1466452e-15   6.8418750e-01   6.8418750e-01
   1.5000000e+01   2.0000000e+00   5.4858890e-15   7.2043750e-01   7.2043750e-01
   1.6000000e+01   2.0000000e+00   5.6955476e-15   7.3450000e-01   7.3450000e-01
   1.7000000e+01   2.0000000e+00   6.1607857e-15   7.9340625e-01   7.9340625e-01
   1.8000000e+01   2.0000000e+00   6.2292776e-15   8.1775000e-01   8.1775000e-01
   1.9000000e+01   2.0000000e+00   5.9120888e-15   7.8678125e-01   7.8678125e-01
   2.0000000e+01   2.0000000e+00   6.0171519e-15   7.7918750e-01   7.7918750e-01
   2.1000000e+01   2.0000000e+00   5.4598948e-15   7.1906250e-01   7.1906250e-01
   2.2000000e+01   2.0000000e+00   5.5375339e-15   7.2728125e-01   7.2728125e-01
   2.3000000e+01   2.0000000e+00   5.5843840e-15   7.2512500e-01   7.2512500e-01
   2.4000000e+01   2.0000000e+00   5.9257819e-15   7.7446875e-01   7.7446875e-01
   2.5000000e+01   2.0000000e+00   6.0170334e-15   7.9715625e-01   7.9715625e-01
   2.6000000e+01   2.0000000e+00   5.7490993e-15   7.5418750e-01   7.5418750e-01
   2.7000000e+01   2.0000000e+00   5.5736978e-15   7.4846875e-01   7.4846875e-01
   2.8000000e+01   2.0000000e+00   5.3636932e-15   6.9515625e-01   6.9515625e-01
   2.9000000e+01   2.0000000e+00   5.3686471e-15   6.9959375e-01   6.9959375e-01
   3.0000000e+01   2.0000000e+00   5.4812714e-15   6.9318750e-01   6.9318750e-01
   3.1000000e+01   2.0000000e+00   5.5620789e-15   7.0915625e-01   7.0915625e-01
   3.2000000e+01   2.0000000e+00   5.9182332e-15   7.3175000e-01   7.3175000e-01
   3.3000000e+01   2.0000000e+00   5.7684151e-15   7.6350000e-01   7.6350000e-01
   3.4000000e+01   2.0000000e+00   6.2321702e-15   7.9021875e-01   7.9021875e-01
   3.5000000e+01   2.0000000e+00   6.3299986e-15   7.9678125e-01   7.9678125e-01
   1.0000000e+00   3.0000000e+00   6.2631582e-15   7.9765625e-01   7.9765625e-01
   2.0000000e+00   3.0000000e+00   5.8595385e-15   7.9390625e-01   7.9390625e-01
   3.0000000e+00   3.0000000e+00   5.7399764e-15   7.7215625e-01   7.7215625e-01
   4.0000000e+00   3.0000000e+00   5.4770823e-15   7.0115625e-01   7.0115625e-01
   5.0000000e+00   3.0000000e+00   5.3338815e-15   7.1225000e-01   7.1225000e-01
   6.0000000e+00   3.0000000e+00   5.4386597e-15   7.0084375e-01   7.0084375e-01
   7.0000000e+00   3.0000000e+00   5.6877292e-15   7.0087500e-01   7.0087500e-01
   8.0000000e+00   3.0000000e+00   5.7728084e-15   7.3271875e-01   7.3271875e-01
   9.0000000e+00   3.0000000e+00   5.8152153e-15   7.7203125e-01   7.7203125e-01
   1.0000000e+01   3.0000000e+00   5.5449620e-15   7.5243750e-01   7.5243750e-01
   1.1000000e+01   3.0000000e+00   5.5298989e-15   7.1193750e-01   7.1193750e-01
   1.2000000e+01   3.0000000e+00   5.3888093e-15   7.0359375e-01   7.0359375e-01
   1.3000000e+01   3.0000000e+00   5.0184797e-15   6.6612500e-01   6.6612500e-01
   1.4000000e+01   3.0000000e+00   5.1634727e-15   6.8093750e-01   6.8093750e-01
   1.5000000e+01   3.0000000e+00   5.2033303e-15   6.6734375e-01   6.6734375e-01
   1.6000000e+01   3.0000000e+00   5.3965304e-15   6.8659375e-01   6.8659375e-01
   1.7000000e+01   3.0000000e+00   5.8797474e-15   7.2321875e-01   7.2321875e-01
   1.8000000e+01   3.0000000e+00   5.7496910e-15   7.2875000e-01   7.2875000e-01
   1.9000000e+01   3.0000000e+00   5.5864796e-15   7.5306250e-01   7.5306250e-01
   2.0000000e+01   3.0000000e+00   5.5988063e-15   7.2868750e-01   7.2868750e-01
   2.1000000e+01   3.0000000e+00   5.1067233e-15   6.7250000e-01   6.7250000e-01
   2.2000000e+01   3.0000000e+00   5.1830813e-15   6.7993750e-01   6.7993750e-01
   2.3000000e+01   3.0000000e+00   5.3651016e-15   7.0759375e-01   7.0759375e-01
   2.4000000e+01   3.0000000e+00   5.6190937e-15   7.1975000e-01   7.1975000e-01
   2.5000000e+01   3.0000000e+00   5.6435910e-15   7.0446875e-01   7.0446875e-01
   2.6000000e+01   3.0000000e+00   5.5440148e-15   7.0559375e-01   7.0559375e-01
   2.7000000e+01   3.0000000e+00   5.5904660e-15   7.2021875e-01   7.2021875e-01
   2.8000000e+01   3.0000000e+00   5.5160920e-15   7.5137500e-01   7.5137500e-01
   2.9000000e+01   3.0000000e+00   5.3598816e-15   6.9053125e-01   6.9053125e-01
   3.0000000e+01   3.0000000e+00   5.1434103e-15   6.6687500e-01   6.6687500e-01
   3.1000000e+01   3.0000000e+00   5.2926358e-15   6.9228125e-01   6.9228125e-01
   3.2000000e+01   3.0000000e+00   5.6230954e-15   7.3325000e-01   7.3325000e-01
   3.3000000e+01   3.0000000e+00   5.6948187e-15   7.5484375e-01   7.5484375e-01
   3.4000000e+01   3.0000000e+00   5.7808662e-15   7.7178125e-01   7.7178125e-01
   3.5000000e+01   3.0000000e+00   5.7412450e-15   7.7975000e-01   7.7975000e-01
   1.0000000e+00   4.0000000e+00   5.7647832e-15   7.5740625e-01   7.5740625e-01
   2.0000000e+00   4.0000000e+00   5.7552519e-15   7.8903125e-01   7.8903125e-01
   3.0000000e+00   4.0000000e+00   5.7785633e-15   7.6665625e-01   7.6665625e-01
   4.0000000e+00   4.0000000e+00   5.2924080e-15   7.0253125e-01   7.0253125e-01
   5.0000000e+00   4.0000000e+00   5.3086925e-15   7.0090625e-01   7.0090625e-01
   6.0000000e+00   4.0000000e+00   5.5051241e-15   6.9712500e-01   6.9712500e-01
   7.0000000e+00   4.0000000e+00   5.4162057e-15   7.2403125e-01   7.2403125e-01
   8.0000000e+00   4.0000000e+00   5.8069053e-15   7.5600000e-01   7.5600000e-01
   9.0000000e+00   4.0000000e+00   5.6364355e-15   7.4793750e-01   7.4793750e-01
   1.0000000e+01   4.0000000e+00   5.4627452e-15   7.3390625e-01   7.3390625e-01
   1.1000000e+01   4.0000000e+00   5.2834106e-15   6.8300000e-01   6.8300000e-01
   1.2000000e+01   4.0000000e+00   5.2242964e-15   6.7431250e-01   6.7431250e-01
   1.3000000e+01   4.0000000e+00   5.3554851e-15   6.7762500e-01   6.7762500e-01
   1.4000000e+01   4.0000000e+00   4.9522138e-15   6.6750000e-01   6.6750000e-01
   1.5000000e+01   4.0000000e+00   5.2430621e-15   6.7184375e-01   6.7184375e-01
   1.6000000e+01   4.0000000e+00   5.5714621e-15   7.3375000e-01   7.3375000e-01
   1.7000000e+01   4.0000000e+00   5.5558285e-15   7.4781250e-01   7.4781250e-01
   1.8000000e+01   4.0000000e+00   5.8563613e-15   7.5737500e-01   7.5737500e-01
   1.9000000e+01   4.0000000e+00   5.4624325e-15   7.2062500e-01   7.2062500e-01
   2.0000000e+01   4.0000000e+00   6.0224963e-15   7.4537500e-01   7.4537500e-01
   2.1000000e+01   4.0000000e+00   5.4727101e-15   6.9675000e-01   6.9675000e-01
   2.2000000e+01   4.0000000e+00   5.1237154e-15   6.9381250e-01   6.9381250e-01
   2.3000000e+01   4.0000000e+00   5.2585081e-15   6.6053125e-01   6.6053125e-01
   2.4000000e+01   4.0000000e+00   5.3079525e-15   7.2781250e-01   7.2781250e-01
   2.5000000e+01   4.0000000e+00   5.7192754e-15   7.5206250e-01   7.5206250e-01
   2.6000000e+01   4.0000000e+00   5.6792705e-15   7.4068750e-01   7.4068750e-01
   2.7000000e+01   4.0000000e+00   5.6803754e-15   7.2303125e-01   7.2303125e-01
   2.8000000e+01   4.0000000e+00   5.5429271e-15   7.1418750e-01   7.1418750e-01
   2.9000000e+01   4.0000000e+00   5.3302223e-15   6.8831250e-01   6.8831250e-01
   3.0000000e+01   4.0000000e+00   4.9466281e-15   6.4918750e-01   6.4918750e-01
   3.1000000e+01   4.0000000e+00   5.2190068e-15   6.5187500e-01   6.5187500e-01
   3.2000000e+01   4.0000000e+00   4.9738602e-15   6.7656250e-01   6.7656250e-01
   3.3000000e+01   4.0000000e+00   5.5092390e-15   7.0562500e-01   7.0562500e-01
   3.4000000e+01   4.0000000e+00   5.5581521e-15   7.4003125e-01   7.4003125e-01
   3.5000000e+01   4.0000000e+00   5.5777691e-15   7.4659375e-01   7.4659375e-01
   1.0000000e+00   5.0000000e+00   5.8914329e-15   7.7362500e-01   7.7362500e-01
   2.0000000e+00   5.0000000e+00   5.6541014e-15   7.5456250e-01   7.5456250e-01
   3.0000000e+00   5.0000000e+00   5.6185130e-15   7.0381250e-01   7.0381250e-01
   4.0000000e+00   5.0000000e+00   5.1939919e-15   7.0975000e-01   7.0975000e-01
   5.0000000e+00   5.0000000e+00   5.1445149e-15   6.8131250e-01   6.8131250e-01
   6.0000000e+00   5.0000000e+00   5.1809415e-15   6.7465625e-01   6.7465625e-01
   7.0000000e+00   5.0000000e+00   5.3876732e-15   6.9915625e-01   6.9915625e-01
   8.0000000e+00   5.0000000e+00   5.4651568e-15   7.3137500e-01   7.3137500e-01
   9.0000000e+00   5.0000000e+00   5.4566334e-15   7.3371875e-01   7.3371875e-01
   1.0000000e+01   5.0000000e+00   5.5193180e-15   7.3331250e-01   7.3331250e-01
   1.1000000e+01   5.0000000e+00   5.5368251e-15   7.0043750e-01   7.0043750e-01
   1.2000000e+01   5.0000000e+00   5.2711273e-15   6.8109375e-01   6.8109375e-01
   1.3000000e+01   5.0000000e+00   4.9689634e-15   6.3237500e-01   6.3237500e-01
   1.4000000e+01   5.0000000e+00   4.8111937e-15   6.1387500e-01   6.1387500e-01
   1.5000000e+01   5.0000000e+00   5.1691930e-15   6.7615625e-01   6.7615625e-01
   1.6000000e+01   5.0000000e+00   5.3017748e-15   7.0378125e-01   7.0378125e-01
   1.7000000e+01   5.0000000e+00   5.5011954e-15   6.7287500e-01   6.7287500e-01
   1.8000000e+01   5.0000000e+00   5.7798839e-15   7.4837500e-01   7.4837500e-01
   1.9000000e+01   5.0000000e+00   6.0314372e-15   7.6281250e-01   7.6281250e-01
   2.0000000e+01   5.0000000e+00   5.7825898e-15   7.3171875e-01   7.3171875e-01
   2.1000000e+01   5.0000000e+00   5.1572767e-15   6.8634375e-01   6.8634375e-01
   2.2000000e+01   5.0000000e+00   5.1248503e-15   6.3921875e-01   6.3921875e-01
   2.3000000e+01   5.0000000e+00   5.0875394e-15   6.8118750e-01   6.8118750e-01
   2.4000000e+01   5.0000000e+00   5.3633888e-15   7.1812500e-01   7.1812500e-01
   2.5000000e+01   5.0000000e+00   5.4869272e-15   7.4037500e-01   7.4037500e-01
   2.6000000e+01   5.0000000e+00   5.6586548e-15   7.2556250e-01   7.2556250e-01
   2.7000000e+01   5.0000000e+00   5.5933354e-15   7.1378125e-01   7.1378125e-01
   2.8000000e+01   5.0000000e+00   5.6092599e-15   6.9715625e-01   6.9715625e-01
   2.9000000e+01   5.0000000e+00   4.8037956e-15   6.4959375e-01   6.4959375e-01
   3.0000000e+01   5.0000000e+00   4.6613216e-15   5.8975000e-01   5.8975000e-01
   3.1000000e+01   5.0000000e+00   4.9400194e-15   6.6600000e-01   6.6600000e-01
   3.2000000e+01   5.0000000e+00   4.8502204e-15   6.5737500e-01   6.5737500e-01
   3.3000000e+01   5.0000000e+00   5.2496337e-15   6.9740625e-01   6.9740625e-01
   3.4000000e+01   5.0000000e+00   5.3284819e-15   6.6381250e-01   6.6381250e-01
   3.5000000e+01   5.0000000e+00   5.6858445e-15   7.2206250e-01   7.2206250e-01
   1.0000000e+00   6.0000000e+00   5.5625103e-15   7.2928125e-01   7.2928125e-01
   2.0000000e+00   6.0000000e+00   5.6052131e-15   7.2806250e-01   7.2806250e-01
   3.0000000e+00   6.0000000e+00   5.4615827e-15   7.1762500e-01   7.1762500e-01
   4.0000000e+00   6.0000000e+00   5.2667302e-15   6.8015625e-01   6.8015625e-01
   5.0000000e+00   6.0000000e+00   4.8842352e-15   6.6387500e-01   6.6387500e-01
   6.0000000e+00   6.0000000e+00   5.0807928e-15   6.5390625e-01   6.5390625e-01
   7.0000000e+00   6.0000000e+00   5.2701007e-15   6.9134375e-01   6.9134375e-01
   8.0000000e+00   6.0000000e+00   5.3675921e-15   6.9775000e-01   6.9775000e-01
   9.0000000e+00   6.0000000e+00   5.3366600e-15   6.9359375e-01   6.9359375e-01
   1.0000000e+01   6.0000000e+00   5.5108627e-15   7.1881250e-01   7.1881250e-01
   1.1000000e+01   6.0000000e+00   5.3548292e-15   6.9496875e-01   6.9496875e-01
   1.2000000e+01   6.0000000e+00   5.0196051e-15   6.6318750e-01   6.6318750e-01
   1.3000000e+01   6.0000000e+00   4.6649296e-15   5.6281250e-01   5.6281250e-01
   1.4000000e+01   6.0000000e+00   5.0316556e-15   6.4440625e-01   6.4440625e-01
   1.5000000e+01   6.0000000e+00   4.9637187e-15   6.4868750e-01   6.4868750e-01
   1.6000000e+01   6.0000000e+00   4.9049370e-15   6.7196875e-01   6.7196875e-01
   1.7000000e+01   6.0000000e+00   5.4775172e-15   7.0921875e-01   7.0921875e-01
   1.8000000e+01   6.0000000e+00   5.4272601e-15   7.2887500e-01   7.2887500e-01
   1.9000000e+01   6.0000000e+00   5.5563973e-15   7.2653125e-01   7.2653125e-01
   2.0000000e+01   6.0000000e+00   5.2710083e-15   6.8800000e-01   6.8800000e-01
   2.1000000e+01   6.0000000e+00   5.2515216e-15   6.9821875e-01   6.9821875e-01
   2.2000000e+01   6.0000000e+00   5.1116262e-15   6.5815625e-01   6.5815625e-01
   2.3000000e+01   6.0000000e+00   5.0351817e-15   6.4121875e-01   6.4121875e-01
   2.4000000e+01   6.0000000e+00   5.1897629e-15   6.8418750e-01   6.8418750e-01
   2.5000000e+01   6.0000000e+00   5.4154449e-15   7.0181250e-01   7.0181250e-01
   2.6000000e+01   6.0000000e+00   5.2428674e-15   6.9884375e-01   6.9884375e-01
   2.7000000e+01   6.0000000e+00   5.1815565e-15   6.7825000e-01   6.7825000e-01
   2.8000000e+01   6.0000000e+00   5.5598453e-15   7.1062500e-01   7.1062500e-01
   2.9000000e+01   6.0000000e+00   5.1949345e-15   6.7225000e-01   6.7225000e-01
   3.0000000e+01   6.0000000e+00   4.5501045e-15   6.1128125e-01   6.1128125e-01
   3.1000000e+01   6.0000000e+00   4.9361140e-15   6.3812500e-01   6.3812500e-01
   3.2000000e+01   6.0000000e+00   5.0615411e-15   6.6940625e-01   6.6940625e-01
   3.3000000e+01   6.0000000e+00   4.9845592e-15   6.8240625e-01   6.8240625e-01
   3.4000000e+01   6.0000000e+00   5.4469191e-15   7.0359375e-01   7.0359375e-01
   3.5000000e+01   6.0000000e+00   5.4147423e-15   7.1643750e-01   7.1643750e-01
   1.0000000e+00   7.0000000e+00   5.3213791e-15   6.9543750e-01   6.9543750e-01
   2.0000000e+00   7.0000000e+00   5.3063292e-15   7.0562500e-01   7.0562500e-01
   3.0000000e+00   7.0000000e+00   5.6509736e-15   7.0659375e-01   7.0659375e-01
   4.0000000e+00   7.0000000e+00   5.1172501e-15   6.7206250e-01   6.7206250e-01
   5.0000000e+00   7.0000000e+00   5.1329654e-15   6.4881250e-01   6.4881250e-01
   6.0000000e+00   7.0000000e+00   4.6907840e-15   6.1943750e-01   6.1943750e-01
   7.0000000e+00   7.0000000e+00   4.7211089e-15   6.2390625e-01   6.2390625e-01
   8.0000000e+00   7.0000000e+00   5.1826602e-15   6.5934375e-01   6.5934375e-01
   9.0000000e+00   7.0000000e+00   5.2564432e-15   6.9662500e-01   6.9662500e-01
   1.0000000e+01   7.0000000e+00   5.0884630e-15   6.7690625e-01   6.7690625e-01
   1.1000000e+01   7.0000000e+00   5.2905218e-15   6.8109375e-01   6.8109375e-01
   1.2000000e+01   7.0000000e+00   4.7607684e-15   6.1634375e-01   6.1634375e-01
   1.3000000e+01   7.0000000e+00   4.6709694e-15   6.1375000e-01   6.1375000e-01
   1.4000000e+01   7.0000000e+00   4.5661702e-15   6.0206250e-01   6.0206250e-01
   1.5000000e+01   7.0000000e+00   4.9411787e-15   6.5493750e-01   6.5493750e-01
   1.6000000e+01   7.0000000e+00   4.9841392e-15   6.3878125e-01   6.3878125e-01
   1.7000000e+01   7.0000000e+00   5.3385407e-15   6.6762500e-01   6.6762500e-01
   1.8000000e+01   7.0000000e+00   5.2058888e-15   6.4746875e-01   6.4746875e-01
   1.9000000e+01   7.0000000e+00   5.1791308e-15   6.9025000e-01   6.9025000e-01
   2.0000000e+01   7.0000000e+00   5.4325919e-15   6.9393750e-01   6.9393750e-01
   2.1000000e+01   7.0000000e+00   4.9191023e-15   6.6387500e-01   6.6387500e-01
   2.2000000e+01   7.0000000e+00   4.9333358e-15   6.5096875e-01   6.5096875e-01
   2.3000000e+01   7.0000000e+00   4.9965764e-15   6.1625000e-01   6.1625000e-01
   2.4000000e+01   7.0000000e+00   4.9215916e-15   6.0909375e-01   6.0909375e-01
   2.5000000e+01   7.0000000e+00   5.0639710e-15   6.2931250e-01   6.2931250e-01
   2.6000000e+01   7.0000000e+00   5.2407977e-15   6.8312500e-01   6.8312500e-01
   2.7000000e+01   7.0000000e+00   5.2965985e-15   6.8125000e-01   6.8125000e-01
   2.8000000e+01   7.0000000e+00   5.1711499e-15   6.6821875e-01   6.6821875e-01
   2.9000000e+01   7.0000000e+00   4.9246268e-15   6.4540625e-01   6.4540625e-01
   3.0000000e+01   7.0000000e+00   4.8715067e-15   6.1418750e-01   6.1418750e-01
   3.1000000e+01   7.0000000e+00   4.6245407e-15   5.8637500e-01   5.8637500e-01
   3.2000000e+01   7.0000000e+00   4.8430270e-15   6.0609375e-01   6.0609375e-01
   3.3000000e+01   7.0000000e+00   5.1185155e-15   6.4934375e-01   6.4934375e-01
   3.4000000e+01   7.0000000e+00   5.4192556e-15   6.8515625e-01   6.8515625e-01
   3.5000000e+01   7.0000000e+00   5.1002947e-15   6.8721875e-01   6.8721875e-01
   1.0000000e+00   8.0000000e+00   5.1872495e-15   6.9134375e-01   6.9134375e-01
   2.0000000e+00   8.0000000e+00   5.1250927e-15   6.8184375e-01   6.8184375e-01
   3.0000000e+00   8.0000000e+00   5.0296388e-15   6.5296875e-01   6.5296875e-01
   4.0000000e+00   8.0000000e+00   5.0902600e-15   6.3753125e-01   6.3753125e-01
   5.0000000e+00   8.0000000e+00   4.9600159e-15   6.5887500e-01   6.5887500e-01
   6.0000000e+00   8.0000000e+00   4.7881106e-15   6.3159375e-01   6.3159375e-01
   7.0000000e+00   8.0000000e+00   5.0168166e-15   6.4171875e-01   6.4171875e-01
   8.0000000e+00   8.0000000e+00   4.9620889e-15   6.6284375e-01   6.6284375e-01
   9.0000000e+00   8.0000000e+00   5.1888381e-15   6.4306250e-01   6.4306250e-01
   1.0000000e+01   8.0000000e+00   5.2909655e-15   6.7468750e-01   6.7468750e-01
   1.1000000e+01   8.0000000e+00   5.1304928e-15   6.6318750e-01   6.6318750e-01
   1.2000000e+01   8.0000000e+00   4.9763970e-15   6.3143750e-01   6.3143750e-01
   1.3000000e+01   8.0000000e+00   4.5996238e-15   6.0453125e-01   6.0453125e-01
   1.4000000e+01   8.0000000e+00   4.5267738e-15   5.8678125e-01   5.8678125e-01
   1.5000000e+01   8.0000000e+00   4.7241159e-15   6.1621875e-01   6.1621875e-01
   1.6000000e+01   8.0000000e+00   4.5659939e-15   5.7887500e-01   5.7887500e-01
   1.7000000e+01   8.0000000e+00   5.1524514e-15   6.7575000e-01   6.7575000e-01
   1.8000000e+01   8.0000000e+00   5.3762781e-15   6.8853125e-01   6.8853125e-01
   1.9000000e+01   8.0000000e+00   5.3537744e-15   6.4390625e-01   6.4390625e-01
   2.0000000e+01   8.0000000e+00   5.2073914e-15   6.8500000e-01   6.8500000e-01
   2.1000000e+01   8.0000000e+00   4.8475965e-15   6.1781250e-01   6.1781250e-01
   2.2000000e+01   8.0000000e+00   4.9318801e-15   6.0853125e-01   6.0853125e-01
   2.3000000e+01   8.0000000e+00   4.9034735e-15   6.3237500e-01   6.3237500e-01
   2.4000000e+01   8.0000000e+00   4.7493880e-15   6.0112500e-01   6.0112500e-01
   2.5000000e+01   8.0000000e+00   5.0210929e-15   6.6875000e-01   6.6875000e-01
   2.6000000e+01   8.0000000e+00   5.0790329e-15   6.7212500e-01   6.7212500e-01
   2.7000000e+01   8.0000000e+00   5.1692705e-15   6.7100000e-01   6.7100000e-01
   2.8000000e+01   8.0000000e+00   5.2620162e-15   6.5881250e-01   6.5881250e-01
   2.9000000e+01   8.0000000e+00   4.6964778e-15   6.1181250e-01   6.1181250e-01
   3.0000000e+01   8.0000000e+00   4.6752545e-15   5.9965625e-01   5.9965625e-01
   3.1000000e+01   8.0000000e+00   4.6160757e-15   6.0159375e-01   6.0159375e-01
   3.2000000e+01   8.0000000e+00   4.5049753e-15   6.1003125e-01   6.1003125e-01
   3.3000000e+01   8.0000000e+00   5.1049054e-15   6.4981250e-01   6.4981250e-01
   3.4000000e+01   8.0000000e+00   5.1030116e-15   6.7153125e-01   6.7153125e-01
   3.5000000e+01   8.0000000e+00   5.2629039e-15   6.7493750e-01   6.7493750e-01
   1.0000000e+00   9.0000000e+00   5.1800032e-15   6.9871875e-01   6.9871875e-01
   2.0000000e+00   9.0000000e+00   5.3183275e-15   6.9084375e-01   6.9084375e-01
   3.0000000e+00   9.0000000e+00   5.3585354e-15   6.5381250e-01   6.5381250e-01
   4.0000000e+00   9.0000000e+00   4.8788510e-15   6.4578125e-01   6.4578125e-01
   5.0000000e+00   9.0000000e+00   4.8899074e-15   6.4378125e-01   6.4378125e-01
   6.0000000e+00   9.0000000e+00   4.9695319e-15   6.3903125e-01   6.3903125e-01
   7.0000000e+00   9.0000000e+00   4.8908257e-15   6.3015625e-01   6.3015625e-01
   8.0000000e+00   9.0000000e+00   4.7646112e-15   6.5950000e-01   6.5950000e-01
   9.0000000e+00   9.0000000e+00   5.2199839e-15   6.6381250e-01   6.6381250e-01
   1.0000000e+01   9.0000000e+00   5.1547903e-15   6.6009375e-01   6.6009375e-01
   1.1000000e+01   9.0000000e+00   4.8146161e-15   6.3046875e-01   6.3046875e-01
   1.2000000e+01   9.0000000e+00   4.9798589e-15   6.5893750e-01   6.5893750e-01
   1.3000000e+01   9.0000000e+00   4.7596470e-15   6.2609375e-01   6.2609375e-01
   1.4000000e+01   9.0000000e+00   4.5601273e-15   5.8221875e-01   5.8221875e-01
   1.5000000e+01   9.0000000e+00   4.8512806e-15   6.2893750e-01   6.2893750e-01
   1.6000000e+01   9.0000000e+00   4.8014297e-15   5.9384375e-01   5.9384375e-01
   1.7000000e+01   9.0000000e+00   5.0989534e-15   6.5550000e-01   6.5550000e-01
   1.8000000e+01   9.0000000e+00   4.9827680e-15   6.7528125e-01   6.7528125e-01
   1.9000000e+01   9.0000000e+00   5.3938152e-15   6.8003125e-01   6.8003125e-01
   2.0000000e+01   9.0000000e+00   5.3223526e-15   6.7768750e-01   6.7768750e-01
   2.1000000e+01   9.0000000e+00   4.8715533e-15   6.5181250e-01   6.5181250e-01
   2.2000000e+01   9.0000000e+00   4.6838679e-15   6.4290625e-01   6.4290625e-01
   2.3000000e+01   9.0000000e+00   4.8166186e-15   6.1315625e-01   6.1315625e-01
   2.4000000e+01   9.0000000e+00   4.4356155e-15   5.9015625e-01   5.9015625e-01
   2.5000000e+01   9.0000000e+00   5.1978588e-15   6.9150000e-01   6.9150000e-01
   2.6000000e+01   9.0000000e+00   5.4888807e-15   6.8315625e-01   6.8315625e-01
   2.7000000e+01   9.0000000e+00   5.5080678e-15   6.9831250e-01   6.9831250e-01
   2.8000000e+01   9.0000000e+00   5.1108213e-15   6.9012500e-01   6.9012500e-01
   2.9000000e+01   9.0000000e+00   5.1551078e-15   6.6037500e-01   6.6037500e-01
   3.0000000e+01   9.0000000e+00   4.6577200e-15   6.1862500e-01   6.1862500e-01
   3.1000000e+01   9.0000000e+00   4.4540525e-15   5.6893750e-01   5.6893750e-01
   3.2000000e+01   9.0000000e+00   4.7750953e-15   6.2731250e-01   6.2731250e-01
   3.3000000e+01   9.0000000e+00   5.3095678e-15   6.4253125e-01   6.4253125e-01
   3.4000000e+01   9.0000000e+00   4.9132686e-15   6.2403125e-01   6.2403125e-01
   3.5000000e+01   9.0000000e+00   5.3160176e-15   6.8443750e-01   6.8443750e-01
   1.0000000e+00   1.0000000e+01   5.1385539e-15   6.8550000e-01   6.8550000e-01
   2.0000000e+00   1.0000000e+01   5.0787073e-15   6.3940625e-01   6.3940625e-01
   3.0000000e+00   1.0000000e+01   5.2870833e-15   6.9553125e-01   6.9553125e-01
   4.0000000e+00   1.0000000e+01   5.0506609e-15   6.5940625e-01   6.5940625e-01
   5.0000000e+00   1.0000000e+01   4.8735864e-15   6.5015625e-01   6.5015625e-01
   6.0000000e+00   1.0000000e+01   4.7739411e-15   6.1003125e-01   6.1003125e-01
   7.0000000e+00   1.0000000e+01   4.9568799e-15   6.4734375e-01   6.4734375e-01
   8.0000000e+00   1.0000000e+01   4.8853084e-15   6.6031250e-01   6.6031250e-01
   9.0000000e+00   1.0000000e+01   5.3347298e-15   6.8681250e-01   6.8681250e-01
   1.0000000e+01   1.0000000e+01   5.3853491e-15   6.4081250e-01   6.4081250e-01
   1.1000000e+01   1.0000000e+01   5.2090861e-15   6.9812500e-01   6.9812500e-01
   1.2000000e+01   1.0000000e+01   5.1464642e-15   6.7853125e-01   6.7853125e-01
   1.3000000e+01   1.0000000e+01   4.7673410e-15   6.2709375e-01   6.2709375e-01
   1.4000000e+01   1.0000000e+01   4.7478236e-15   5.8887500e-01   5.8887500e-01
   1.5000000e+01   1.0000000e+01   4.6493930e-15   5.7218750e-01   5.7218750e-01
   1.6000000e+01   1.0000000e+01   5.2337489e-15   6.5565625e-01   6.5565625e-01
   1.7000000e+01   1.0000000e+01   4.8594989e-15   6.4328125e-01   6.4328125e-01
   1.8000000e+01   1.0000000e+01   5.3494049e-15   6.8259375e-01   6.8259375e-01
   1.9000000e+01   1.0000000e+01   5.3250698e-15   6.7631250e-01   6.7631250e-01
   2.0000000e+01   1.0000000e+01   4.9667476e-15   6.1750000e-01   6.1750000e-01
   2.1000000e+01   1.0000000e+01   5.2951605e-15   6.4221875e-01   6.4221875e-01
   2.2000000e+01   1.0000000e+01   4.8431496e-15   6.6037500e-01   6.6037500e-01
   2.3000000e+01   1.0000000e+01   4.8278433e-15   6.3581250e-01   6.3581250e-01
   2.4000000e+01   1.0000000e+01   5.1826836e-15   6.5468750e-01   6.5468750e-01
   2.5000000e+01   1.0000000e+01   5.1667017e-15   6.6946875e-01   6.6946875e-01
   2.6000000e+01   1.0000000e+01   5.0694970e-15   6.8078125e-01   6.8078125e-01
   2.7000000e+01   1.0000000e+01   5.3264334e-15   6.7909375e-01   6.7909375e-01
   2.8000000e+01   1.0000000e+01   5.2149182e-15   6.7350000e-01   6.7350000e-01
   2.9000000e+01   1.0000000e+01   4.9018528e-15   6.7384375e-01   6.7384375e-01
   3.0000000e+01   1.0000000e+01   4.9689607e-15   6.1209375e-01   6.1209375e-01
   3.1000000e+01   1.0000000e+01   4.8696845e-15   6.2818750e-01   6.2818750e-01
   3.2000000e+01   1.0000000e+01   4.4744475e-15   6.0618750e-01   6.0618750e-01
   3.3000000e+01   1.0000000e+01   4.9780692e-15   6.5084375e-01   6.5084375e-01
   3.4000000e+01   1.0000000e+01   5.3701331e-15   6.8593750e-01   6.8593750e-01
   3.5000000e+01   1.0000000e+01   5.0952966e-15   6.7990625e-01   6.7990625e-01
   1.0000000e+00   1.1000000e+01   4.9718279e-15   6.4437500e-01   6.4437500e-01
   2.0000000e+00   1.1000000e+01   4.9750033e-15   6.7818750e-01   6.7818750e-01
   3.0000000e+00   1.1000000e+01   5.2965864e-15   6.8812500e-01   6.8812500e-01
   4.0000000e+00   1.1000000e+01   5.1984096e-15   6.2418750e-01   6.2418750e-01
   5.0000000e+00   1.1000000e+01   4.9654195e-15   6.4818750e-01   6.4818750e-01
   6.0000000e+00   1.1000000e+01   4.6963737e-15   6.2506250e-01   6.2506250e-01
   7.0000000e+00   1.1000000e+01   4.7841399e-15   6.0490625e-01   6.0490625e-01
   8.0000000e+00   1.1000000e+01   4.9108200e-15   6.6006250e-01   6.6006250e-01
   9.0000000e+00   1.1000000e+01   5.2331274e-15   6.7606250e-01   6.7606250e-01
   1.0000000e+01   1.1000000e+01   5.3933854e-15   6.7140625e-01   6.7140625e-01
   1.1000000e+01   1.1000000e+01   5.2374726e-15   6.8668750e-01   6.8668750e-01
   1.2000000e+01   1.1000000e+01   5.1194995e-15   6.4875000e-01   6.4875000e-01
   1.3000000e+01   1.1000000e+01   5.0925027e-15   6.4731250e-01   6.4731250e-01
   1.4000000e+01   1.1000000e+01   4.8896140e-15   6.3221875e-01   6.3221875e-01
   1.5000000e+01   1.1000000e+01   4.7205613e-15   5.9115625e-01   5.9115625e-01
   1.6000000e+01   1.1000000e+01   4.9563312e-15   6.6275000e-01   6.6275000e-01
   1.7000000e+01   1.1000000e+01   5.2861158e-15   6.9231250e-01   6.9231250e-01
   1.8000000e+01   1.1000000e+01   5.3184610e-15   6.8496875e-01   6.8496875e-01
   1.9000000e+01   1.1000000e+01   5.0821865e-15   6.3303125e-01   6.3303125e-01
   2.0000000e+01   1.1000000e+01   5.3852082e-15   7.0243750e-01   7.0243750e-01
   2.1000000e+01   1.1000000e+01   5.0585438e-15   6.7100000e-01   6.7100000e-01
   2.2000000e+01   1.1000000e+01   4.9086309e-15   6.0340625e-01   6.0340625e-01
   2.3000000e+01   1.1000000e+01   4.8457488e-15   6.3859375e-01   6.3859375e-01
   2.4000000e+01   1.1000000e+01   5.0760460e-15   6.6190625e-01   6.6190625e-01
   2.5000000e+01   1.1000000e+01   5.2053636e-15   6.7693750e-01   6.7693750e-01
   2.6000000e+01   1.1000000e+01   4.9531507e-15   6.3343750e-01   6.3343750e-01
   2.7000000e+01   1.1000000e+01   5.3416805e-15   6.7175000e-01   6.7175000e-01
   2.8000000e+01   1.1000000e+01   5.3936854e-15   6.9143750e-01   6.9143750e-01
   2.9000000e+01   1.1000000e+01   5.0424923e-15   6.6540625e-01   6.6540625e-01
   3.0000000e+01   1.1000000e+01   4.8343390e-15   6.3725000e-01   6.3725000e-01
   3.1000000e+01   1.1000000e+01   4.4965329e-15   6.2137500e-01   6.2137500e-01
   3.2000000e+01   1.1000000e+01   4.9627941e-15   6.2487500e-01   6.2487500e-01
   3.3000000e+01   1.1000000e+01   4.7712081e-15   5.9290625e-01   5.9290625e-01
   3.4000000e+01   1.1000000e+01   5.3214804e-15   6.9628125e-01   6.9628125e-01
   3.5000000e+01   1.1000000e+01   5.7521651e-15   7.2003125e-01   7.2003125e-01
   1.0000000e+00   1.2000000e+01   4.9388272e-15   6.3018750e-01   6.3018750e-01
   2.0000000e+00   1.2000000e+01   5.5407671e-15   6.9006250e-01   6.9006250e-01
   3.0000000e+00   1.2000000e+01   5.3627213e-15   6.8693750e-01   6.8693750e-01
   4.0000000e+00   1.2000000e+01   5.3206194e-15   6.7275000e-01   6.7275000e-01
   5.0000000e+00   1.2000000e+01   4.9854172e-15   6.5409375e-01   6.5409375e-01
   6.0000000e+00   1.2000000e+01   4.8781920e-15   5.8725000e-01   5.8725000e-01
   7.0000000e+00   1.2000000e+01   5.2088166e-15   6.5728125e-01   6.5728125e-01
   8.0000000e+00   1.2000000e+01   5.0281824e-15   6.5403125e-01   6.5403125e-01
   9.0000000e+00   1.2000000e+01   4.9914811e-15   6.7781250e-01   6.7781250e-01
   1.0000000e+01   1.2000000e+01   5.3513411e-15   6.6500000e-01   6.6500000e-01
   1.1000000e+01   1.2000000e+01   5.2952956e-15   6.8375000e-01   6.8375000e-01
   1.2000000e+01   1.2000000e+01   5.2800562e-15   6.8940625e-01   6.8940625e-01
   1.3000000e+01   1.2000000e+01   5.0595645e-15   6.8821875e-01   6.8821875e-01
   1.4000000e+01   1.2000000e+01   4.8597689e-15   5.9300000e-01   5.9300000e-01
   1.5000000e+01   1.2000000e+01   4.6585600e-15   6.1500000e-01   6.1500000e-01
   1.6000000e+01   1.2000000e+01   4.7344966e-15   6.4478125e-01   6.4478125e-01
   1.7000000e+01   1.2000000e+01   4.9688207e-15   6.4175000e-01   6.4175000e-01
   1.8000000e+01   1.2000000e+01   5.2456394e-15   6.9337500e-01   6.9337500e-01
   1.9000000e+01   1.2000000e+01   5.6026998e-15   7.3475000e-01   7.3475000e-01
   2.0000000e+01   1.2000000e+01   5.6989286e-15   6.8775000e-01   6.8775000e-01
   2.1000000e+01   1.2000000e+01   5.6276884e-15   7.0018750e-01   7.0018750e-01
   2.2000000e+01   1.2000000e+01   4.9807973e-15   6.8600000e-01   6.8600000e-01
   2.3000000e+01   1.2000000e+01   5.1781617e-15   6.5321875e-01   6.5321875e-01
   2.4000000e+01   1.2000000e+01   5.0221475e-15   6.1162500e-01   6.1162500e-01
   2.5000000e+01   1.2000000e+01   5.0305494e-15   6.7568750e-01   6.7568750e-01
   2.6000000e+01   1.2000000e+01   5.1747230e-15   6.9034375e-01   6.9034375e-01
   2.7000000e+01   1.2000000e+01   5.4469291e-15   7.1112500e-01   7.1112500e-01
   2.8000000e+01   1.2000000e+01   5.0715049e-15   6.4240625e-01   6.4240625e-01
   2.9000000e+01   1.2000000e+01   5.4086388e-15   6.8781250e-01   6.8781250e-01
   3.0000000e+01   1.2000000e+01   4.9455930e-15   6.2846875e-01   6.2846875e-01
   3.1000000e+01   1.2000000e+01   5.1214722e-15   6.4959375e-01   6.4959375e-01
   3.2000000e+01   1.2000000e+01   4.4096373e-15   5.7150000e-01   5.7150000e-01
   3.3000000e+01   1.2000000e+01   5.1773497e-15   6.8140625e-01   6.8140625e-01
   3.4000000e+01   1.2000000e+01   5.3249318e-15   6.9284375e-01   6.9284375e-01
   3.5000000e+01   1.2000000e+01   5.3426240e-15   6.7678125e-01   6.7678125e-01
   1.0000000e+00   1.3000000e+01   5.3293253e-15   7.0115625e-01   7.0115625e-01
   2.0000000e+00   1.3000000e+01   5.4469168e-15   7.0140625e-01   7.0140625e-01
   3.0000000e+00   1.3000000e+01   5.6009204e-15   7.2703125e-01   7.2703125e-01
   4.0000000e+00   1.3000000e+01   5.4501164e-15   7.3106250e-01   7.3106250e-01
   5.0000000e+00   1.3000000e+01   5.1655098e-15   6.5584375e-01   6.5584375e-01
   6.0000000e+00   1.3000000e+01   4.9380895e-15   6.5284375e-01   6.5284375e-01
   7.0000000e+00   1.3000000e+01   5.0829614e-15   6.6075000e-01   6.6075000e-01
   8.0000000e+00   1.3000000e+01   4.9963889e-15   6.4981250e-01   6.4981250e-01
   9.0000000e+00   1.3000000e+01   5.2182482e-15   6.9862500e-01   6.9862500e-01
   1.0000000e+01   1.3000000e+01   5.2852394e-15   6.9681250e-01   6.9681250e-01
   1.1000000e+01   1.3000000e+01   5.1904119e-15   7.0965625e-01   7.0965625e-01
   1.2000000e+01   1.3000000e+01   5.3533973e-15   6.8787500e-01   6.8787500e-01
   1.3000000e+01   1.3000000e+01   5.2393175e-15   6.8393750e-01   6.8393750e-01
   1.4000000e+01   1.3000000e+01   4.9327449e-15   6.4825000e-01   6.4825000e-01
   1.5000000e+01   1.3000000e+01   5.0857199e-15   6.2546875e-01   6.2546875e-01
   1.6000000e+01   1.3000000e+01   4.7832809e-15   6.3775000e-01   6.3775000e-01
   1.7000000e+01   1.3000000e+01   5.5603793e-15   6.9765625e-01   6.9765625e-01
   1.8000000e+01   1.3000000e+01   5.2290287e-15   6.6193750e-01   6.6193750e-01
   1.9000000e+01   1.3000000e+01   5.6562996e-15   7.3696875e-01   7.3696875e-01
   2.0000000e+01   1.3000000e+01   5.7458906e-15   7.4206250e-01   7.4206250e-01
   2.1000000e+01   1.3000000e+01   5.1329093e-15   6.5318750e-01   6.5318750e-01
   2.2000000e+01   1.3000000e+01   5.3825669e-15   6.9362500e-01   6.9362500e-01
   2.3000000e+01   1.3000000e+01   5.2722680e-15   6.6784375e-01   6.6784375e-01
   2.4000000e+01   1.3000000e+01   5.0391774e-15   6.3428125e-01   6.3428125e-01
   2.5000000e+01   1.3000000e+01   5.4768363e-15   6.8565625e-01   6.8565625e-01
   2.6000000e+01   1.3000000e+01   5.5095108e-15   7.0446875e-01   7.0446875e-01
   2.7000000e+01   1.3000000e+01   5.2341577e-15   6.9025000e-01   6.9025000e-01
   2.8000000e+01   1.3000000e+01   5.4456968e-15   7.0506250e-01   7.0506250e-01
   2.9000000e+01   1.3000000e+01   5.5020850e-15   7.0646875e-01   7.0646875e-01
   3.0000000e+01   1.3000000e+01   5.1454935e-15   6.8159375e-01   6.8159375e-01
   3.1000000e+01   1.3000000e+01   4.6507178e-15   5.9625000e-01   5.9625000e-01
   3.2000000e+01   1.3000000e+01   5.0481539e-15   6.3765625e-01   6.3765625e-01
   3.3000000e+01   1.3000000e+01   5.2014653e-15   6.9671875e-01   6.9671875e-01
   3.4000000e+01   1.3000000e+01   5.2879085e-15   6.9325000e-01   6.9325000e-01
   3.5000000e+01   1.3000000e+01   5.7681274e-15   7.3300000e-01   7.3300000e-01
   1.0000000e+00   1.4000000e+01   5.4177943e-15   7.3512500e-01   7.3512500e-01
   2.0000000e+00   1.4000000e+01   5.7052640e-15   7.3928125e-01   7.3928125e-01
   3.0000000e+00   1.4000000e+01   5.6813945e-15   7.3400000e-01   7.3400000e-01
   4.0000000e+00   1.4000000e+01   5.5048912e-15   7.3346875e-01   7.3346875e-01
   5.0000000e+00   1.4000000e+01   5.2484009e-15   6.9662500e-01   6.9662500e-01
   6.0000000e+00   1.4000000e+01   5.1055594e-15   6.3221875e-01   6.3221875e-01
   7.0000000e+00   1.4000000e+01   5.0451945e-15   6.7440625e-01   6.7440625e-01
   8.0000000e+00   1.4000000e+01   5.3651761e-15   6.7937500e-01   6.7937500e-01
   9.0000000e+00   1.4000000e+01   5.2418566e-15   6.8540625e-01   6.8540625e-01
   1.0000000e+01   1.4000000e+01   5.3948839e-15   7.0821875e-01   7.0821875e-01
   1.1000000e+01   1.4000000e+01   5.5097889e-15   7.1781250e-01   7.1781250e-01
   1.2000000e+01   1.4000000e+01   5.4588418e-15   7.1803125e-01   7.1803125e-01
   1.3000000e+01   1.4000000e+01   5.1871009e-15   6.4809375e-01   6.4809375e-01
   1.4000000e+01   1.4000000e+01   5.0497257e-15   6.3490625e-01   6.3490625e-01
   1.5000000e+01   1.4000000e+01   4.8491793e-15   6.5618750e-01   6.5618750e-01
   1.6000000e+01   1.4000000e+01   5.1085506e-15   6.7012500e-01   6.7012500e-01
   1.7000000e+01   1.4000000e+01   5.0954575e-15   6.8684375e-01   6.8684375e-01
   1.8000000e+01   1.4000000e+01   5.5130892e-15   6.9090625e-01   6.9090625e-01
   1.9000000e+01   1.4000000e+01   5.6885252e-15   7.3959375e-01   7.3959375e-01
   2.0000000e+01   1.4000000e+01   5.5224638e-15   7.1968750e-01   7.1968750e-01
   2.1000000e+01   1.4000000e+01   5.7352123e-15   7.2662500e-01   7.2662500e-01
   2.2000000e+01   1.4000000e+01   5.5458673e-15   7.1450000e-01   7.1450000e-01
   2.3000000e+01   1.4000000e+01   5.3012158e-15   6.9128125e-01   6.9128125e-01
   2.4000000e+01   1.4000000e+01   5.2238484e-15   6.8153125e-01   6.8153125e-01
   2.5000000e+01   1.4000000e+01   5.2205337e-15   6.5518750e-01   6.5518750e-01
   2.6000000e+01   1.4000000e+01   5.3098477e-15   7.0437500e-01   7.0437500e-01
   2.7000000e+01   1.4000000e+01   5.6208399e-15   7.2181250e-01   7.2181250e-01
   2.8000000e+01   1.4000000e+01   5.4428827e-15   7.2537500e-01   7.2537500e-01
   2.9000000e+01   1.4000000e+01   5.5861021e-15   6.7143750e-01   6.7143750e-01
   3.0000000e+01   1.4000000e+01   5.1443481e-15   6.8681250e-01   6.8681250e-01
   3.1000000e+01   1.4000000e+01   5.1830006e-15   6.6278125e-01   6.6278125e-01
   3.2000000e+01   1.4000000e+01   4.9026822e-15   6.7318750e-01   6.7318750e-01
   3.3000000e+01   1.4000000e+01   5.1918444e-15   6.9034375e-01   6.9034375e-01
   3.4000000e+01   1.4000000e+01   5.5519316e-15   6.9434375e-01   6.9434375e-01
   3.5000000e+01   1.4000000e+01   5.7017477e-15   7.2378125e-01   7.2378125e-01
   1.0000000e+00   1.5000000e+01   5.3484915e-15   7.1843750e-01   7.1843750e-01
   2.0000000e+00   1.5000000e+01   5.8424904e-15   7.4609375e-01   7.4609375e-01
   3.0000000e+00   1.5000000e+01   5.8238084e-15   7.5803125e-01   7.5803125e-01
   4.0000000e+00   1.5000000e+01   5.6567517e-15   7.4803125e-01   7.4803125e-01
   5.0000000e+00   1.5000000e+01   5.6824392e-15   7.5168750e-01   7.5168750e-01
   6.0000000e+00   1.5000000e+01   5.1021853e-15   6.8709375e-01   6.8709375e-01
   7.0000000e+00   1.5000000e+01   4.9608297e-15   6.7768750e-01   6.7768750e-01
   8.0000000e+00   1.5000000e+01   5.4062786e-15   6.9046875e-01   6.9046875e-01
   9.0000000e+00   1.5000000e+01   5.2763261e-15   7.0412500e-01   7.0412500e-01
   1.0000000e+01   1.5000000e+01   5.5239365e-15   7.2390625e-01   7.2390625e-01
   1.1000000e+01   1.5000000e+01   5.5714363e-15   7.0137500e-01   7.0137500e-01
   1.2000000e+01   1.5000000e+01   5.5104618e-15   7.1071875e-01   7.1071875e-01
   1.3000000e+01   1.5000000e+01   5.4115929e-15   6.9056250e-01   6.9056250e-01
   1.4000000e+01   1.5000000e+01   5.0568333e-15   6.2790625e-01   6.2790625e-01
   1.5000000e+01   1.5000000e+01   4.8541707e-15   6.2737500e-01   6.2737500e-01
   1.6000000e+01   1.5000000e+01   5.1308722e-15   6.7159375e-01   6.7159375e-01
   1.7000000e+01   1.5000000e+01   5.2742571e-15   6.8862500e-01   6.8862500e-01
   1.8000000e+01   1.5000000e+01   5.5765419e-15   7.1934375e-01   7.1934375e-01
   1.9000000e+01   1.5000000e+01   5.6573729e-15   7.4543750e-01   7.4543750e-01
   2.0000000e+01   1.5000000e+01   5.7473321e-15   7.4396875e-01   7.4396875e-01
   2.1000000e+01   1.5000000e+01   5.9756492e-15   7.6296875e-01   7.6296875e-01
   2.2000000e+01   1.5000000e+01   5.5775801e-15   7.2918750e-01   7.2918750e-01
   2.3000000e+01   1.5000000e+01   5.1012530e-15   6.4287500e-01   6.4287500e-01
   2.4000000e+01   1.5000000e+01   5.2291554e-15   6.7578125e-01   6.7578125e-01
   2.5000000e+01   1.5000000e+01   5.3812916e-15   6.9912500e-01   6.9912500e-01
   2.6000000e+01   1.5000000e+01   5.1014330e-15   6.5787500e-01   6.5787500e-01
   2.7000000e+01   1.5000000e+01   5.7566482e-15   7.4128125e-01   7.4128125e-01
   2.8000000e+01   1.5000000e+01   5.6006081e-15   7.0796875e-01   7.0796875e-01
   2.9000000e+01   1.5000000e+01   5.4386343e-15   7.2787500e-01   7.2787500e-01
   3.0000000e+01   1.5000000e+01   5.1767120e-15   6.7584375e-01   6.7584375e-01
   3.1000000e+01   1.5000000e+01   5.0380762e-15   6.6003125e-01   6.6003125e-01
   3.2000000e+01   1.5000000e+01   5.0919394e-15   6.7103125e-01   6.7103125e-01
   3.3000000e+01   1.5000000e+01   5.3022234e-15   6.9150000e-01   6.9150000e-01
   3.4000000e+01   1.5000000e+01   5.4999569e-15   7.0868750e-01   7.0868750e-01
   3.5000000e+01   1.5000000e+01   5.5920562e-15   7.3143750e-01   7.3143750e-01
   1.0000000e+00   1.6000000e+01   5.6211547e-15   7.4103125e-01   7.4103125e-01
   2.0000000e+00   1.6000000e+01   5.8887105e-15   7.7034375e-01   7.7034375e-01
   3.0000000e+00   1.6000000e+01   5.8524380e-15   7.4978125e-01   7.4978125e-01
   4.0000000e+00   1.6000000e+01   5.7919970e-15   7.5375000e-01   7.5375000e-01
   5.0000000e+00   1.6000000e+01   5.9574094e-15   7.5362500e-01   7.5362500e-01
   6.0000000e+00   1.6000000e+01   5.5876016e-15   7.1825000e-01   7.1825000e-01
   7.0000000e+00   1.6000000e+01   5.3198209e-15   6.8534375e-01   6.8534375e-01
   8.0000000e+00   1.6000000e+01   5.5777870e-15   6.9034375e-01   6.9034375e-01
   9.0000000e+00   1.6000000e+01   5.4237079e-15   7.2012500e-01   7.2012500e-01
   1.0000000e+01   1.6000000e+01   5.4210512e-15   7.1137500e-01   7.1137500e-01
   1.1000000e+01   1.6000000e+01   5.6538825e-15   7.3837500e-01   7.3837500e-01
   1.2000000e+01   1.6000000e+01   5.6144724e-15   7.3371875e-01   7.3371875e-01
   1.3000000e+01   1.6000000e+01   5.2325249e-15   6.6906250e-01   6.6906250e-01
   1.4000000e+01   1.6000000e+01   4.8893168e-15   6.5596875e-01   6.5596875e-01
   1.5000000e+01   1.6000000e+01   5.0722690e-15   6.6371875e-01   6.6371875e-01
   1.6000000e+01   1.6000000e+01   5.2507101e-15   6.6343750e-01   6.6343750e-01
   1.7000000e+01   1.6000000e+01   5.5469123e-15   7.0778125e-01   7.0778125e-01
   1.8000000e+01   1.6000000e+01   5.5471973e-15   7.2431250e-01   7.2431250e-01
   1.9000000e+01   1.6000000e+01   5.7950815e-15   7.5915625e-01   7.5915625e-01
   2.0000000e+01   1.6000000e+01   5.4386561e-15   7.0850000e-01   7.0850000e-01
   2.1000000e+01   1.6000000e+01   5.6324943e-15   7.2353125e-01   7.2353125e-01
   2.2000000e+01   1.6000000e+01   5.5792599e-15   7.3240625e-01   7.3240625e-01
   2.3000000e+01   1.6000000e+01   5.3038405e-15   6.9146875e-01   6.9146875e-01
   2.4000000e+01   1.6000000e+01   5.2917321e-15   6.7212500e-01   6.7212500e-01
   2.5000000e+01   1.6000000e+01   5.2600583e-15   6.8909375e-01   6.8909375e-01
   2.6000000e+01   1.6000000e+01   5.7886611e-15   7.3390625e-01   7.3390625e-01
   2.7000000e+01   1.6000000e+01   5.9847024e-15   7.6759375e-01   7.6759375e-01
   2.8000000e+01   1.6000000e+01   5.7666286e-15   7.0759375e-01   7.0759375e-01
   2.9000000e+01   1.6000000e+01   5.3117989e-15   7.2168750e-01   7.2168750e-01
   3.0000000e+01   1.6000000e+01   5.2451729e-15   6.9709375e-01   6.9709375e-01
   3.1000000e+01   1.6000000e+01   5.4148044e-15   6.7393750e-01   6.7393750e-01
   3.2000000e+01   1.6000000e+01   5.3435864e-15   6.9078125e-01   6.9078125e-01
   3.3000000e+01   1.6000000e+01   5.2536957e-15   6.6068750e-01   6.6068750e-01
   3.4000000e+01   1.6000000e+01   5.4615090e-15   7.3350000e-01   7.3350000e-01
   3.5000000e+01   1.6000000e+01   5.5965413e-15   6.9812500e-01   6.9812500e-01
   1.0000000e+00   1.7000000e+01   5.7672536e-15   7.2934375e-01   7.2934375e-01
   2.0000000e+00   1.7000000e+01   6.0336020e-15   7.7628125e-01   7.7628125e-01
   3.0000000e+00   1.7000000e+01   6.0214777e-15   8.0953125e-01   8.0953125e-01
   4.0000000e+00   1.7000000e+01   6.1791314e-15   8.0178125e-01   8.0178125e-01
   5.0000000e+00   1.7000000e+01   5.8662493e-15   7.3787500e-01   7.3787500e-01
   6.0000000e+00   1.7000000e+01   5.0735837e-15   7.1262500e-01   7.1262500e-01
   7.0000000e+00   1.7000000e+01   5.6007072e-15   6.8896875e-01   6.8896875e-01
   8.0000000e+00   1.7000000e+01   5.4733629e-15   6.7221875e-01   6.7221875e-01
   9.0000000e+00   1.7000000e+01   5.6884748e-15   7.3262500e-01   7.3262500e-01
   1.0000000e+01   1.7000000e+01   5.8989723e-15   7.5706250e-01   7.5706250e-01
   1.1000000e+01   1.7000000e+01   5.5376003e-15   6.9884375e-01   6.9884375e-01
   1.2000000e+01   1.7000000e+01   5.7423950e-15   7.3937500e-01   7.3937500e-01
   1.3000000e+01   1.7000000e+01   5.6541859e-15   7.1803125e-01   7.1803125e-01
   1.4000000e+01   1.7000000e+01   5.5429559e-15   6.8634375e-01   6.8634375e-01
   1.5000000e+01   1.7000000e+01   5.0549647e-15   6.6468750e-01   6.6468750e-01
   1.6000000e+01   1.7000000e+01   5.2753638e-15   6.8375000e-01   6.8375000e-01
   1.7000000e+01   1.7000000e+01   5.3190836e-15   7.0250000e-01   7.0250000e-01
   1.8000000e+01   1.7000000e+01   5.4028561e-15   7.0768750e-01   7.0768750e-01
   1.9000000e+01   1.7000000e+01   5.3590492e-15   7.1006250e-01   7.1006250e-01
   2.0000000e+01   1.7000000e+01   6.1217410e-15   8.0012500e-01   8.0012500e-01
   2.1000000e+01   1.7000000e+01   5.9892506e-15   7.9284375e-01   7.9284375e-01
   2.2000000e+01   1.7000000e+01   5.9447128e-15   7.7887500e-01   7.7887500e-01
   2.3000000e+01   1.7000000e+01   5.5467337e-15   6.8221875e-01   6.8221875e-01
   2.4000000e+01   1.7000000e+01   5.2334317e-15   7.0390625e-01   7.0390625e-01
   2.5000000e+01   1.7000000e+01   5.2767567e-15   7.1503125e-01   7.1503125e-01
   2.6000000e+01   1.7000000e+01   5.8776875e-15   7.3971875e-01   7.3971875e-01
   2.7000000e+01   1.7000000e+01   5.6661612e-15   7.4796875e-01   7.4796875e-01
   2.8000000e+01   1.7000000e+01   5.6752303e-15   7.5537500e-01   7.5537500e-01
   2.9000000e+01   1.7000000e+01   5.6475767e-15   7.4934375e-01   7.4934375e-01
   3.0000000e+01   1.7000000e+01   5.4672054e-15   7.1868750e-01   7.1868750e-01
   3.1000000e+01   1.7000000e+01   5.2302668e-15   6.9700000e-01   6.9700000e-01
   3.2000000e+01   1.7000000e+01   5.3186913e-15   7.0215625e-01   7.0215625e-01
   3.3000000e+01   1.7000000e+01   5.5510566e-15   7.1606250e-01   7.1606250e-01
   3.4000000e+01   1.7000000e+01   5.6559663e-15   7.1700000e-01   7.1700000e-01
   3.5000000e+01   1.7000000e+01   5.7883798e-15   7.2015625e-01   7.2015625e-01
   1.0000000e+00   1.8000000e+01   5.7744418e-15   7.1200000e-01   7.1200000e-01
   2.0000000e+00   1.8000000e+01   6.1890397e-15   7.9975000e-01   7.9975000e-01
   3.0000000e+00   1.8000000e+01   6.3420870e-15   8.3131250e-01   8.3131250e-01
   4.0000000e+00   1.8000000e+01   6.1270711e-15   8.2234375e-01   8.2234375e-01
   5.0000000e+00   1.8000000e+01   6.0793048e-15   7.9987500e-01   7.9987500e-01
   6.0000000e+00   1.8000000e+01   5.7098588e-15   7.5578125e-01   7.5578125e-01
   7.0000000e+00   1.8000000e+01   5.3812124e-15   7.0862500e-01   7.0862500e-01
   8.0000000e+00   1.8000000e+01   5.4120039e-15   7.3731250e-01   7.3731250e-01
   9.0000000e+00   1.8000000e+01   5.6951798e-15   7.4609375e-01   7.4609375e-01
   1.0000000e+01   1.8000000e+01   5.7998742e-15   7.7153125e-01   7.7153125e-01
   1.1000000e+01   1.8000000e+01   5.8146979e-15   7.6946875e-01   7.6946875e-01
   1.2000000e+01   1.8000000e+01   5.5505640e-15   7.3903125e-01   7.3903125e-01
   1.3000000e+01   1.8000000e+01   5.5253482e-15   7.3159375e-01   7.3159375e-01
   1.4000000e+01   1.8000000e+01   5.4654994e-15   7.0746875e-01   7.0746875e-01
   1.5000000e+01   1.8000000e+01   5.4284790e-15   6.5209375e-01   6.5209375e-01
   1.6000000e+01   1.8000000e+01   5.2114152e-15   6.8743750e-01   6.8743750e-01
   1.7000000e+01   1.8000000e+01   5.3710957e-15   7.1750000e-01   7.1750000e-01
   1.8000000e+01   1.8000000e+01   5.6227312e-15   7.4800000e-01   7.4800000e-01
   1.9000000e+01   1.8000000e+01   6.1671110e-15   7.5921875e-01   7.5921875e-01
   2.0000000e+01   1.8000000e+01   6.1202785e-15   7.9462500e-01   7.9462500e-01
   2.1000000e+01   1.8000000e+01   6.0101938e-15   8.0815625e-01   8.0815625e-01
   2.2000000e+01   1.8000000e+01   6.2875029e-15   8.0634375e-01   8.0634375e-01
   2.3000000e+01   1.8000000e+01   5.6590982e-15   6.8615625e-01   6.8615625e-01
   2.4000000e+01   1.8000000e+01   5.3259917e-15   7.0528125e-01   7.0528125e-01
   2.5000000e+01   1.8000000e+01   5.6358480e-15   7.3771875e-01   7.3771875e-01
   2.6000000e+01   1.8000000e+01   5.7601240e-15   7.2462500e-01   7.2462500e-01
   2.7000000e+01   1.8000000e+01   5.9234002e-15   7.4565625e-01   7.4565625e-01
   2.8000000e+01   1.8000000e+01   5.9685592e-15   7.6831250e-01   7.6831250e-01
   2.9000000e+01   1.8000000e+01   5.7289147e-15   7.4931250e-01   7.4931250e-01
   3.0000000e+01   1.8000000e+01   5.6497408e-15   7.0318750e-01   7.0318750e-01
   3.1000000e+01   1.8000000e+01   5.2495729e-15   7.1846875e-01   7.1846875e-01
   3.2000000e+01   1.8000000e+01   5.0005949e-15   6.8693750e-01   6.8693750e-01
   3.3000000e+01   1.8000000e+01   5.3171621e-15   6.8912500e-01   6.8912500e-01
   3.4000000e+01   1.8000000e+01   5.4652779e-15   7.3153125e-01   7.3153125e-01
   3.5000000e+01   1.8000000e+01   5.8291991e-15   7.6775000e-01   7.6775000e-01
   1.0000000e+00   1.9000000e+01   5.6788987e-15   7.3937500e-01   7.3937500e-01
   2.0000000e+00   1.9000000e+01   6.0576097e-15   7.9762500e-01   7.9762500e-01
   3.0000000e+00   1.9000000e+01   6.2193504e-15   7.9943750e-01   7.9943750e-01
   4.0000000e+00   1.9000000e+01   6.3782960e-15   8.2881250e-01   8.2881250e-01
   5.0000000e+00   1.9000000e+01   6.2684923e-15   8.1087500e-01   8.1087500e-01
   6.0000000e+00   1.9000000e+01   5.8505848e-15   7.6396875e-01   7.6396875e-01
   7.0000000e+00   1.9000000e+01   5.7849402e-15   7.4943750e-01   7.4943750e-01
   8.0000000e+00   1.9000000e+01   5.5658619e-15   6.8162500e-01   6.8162500e-01
   9.0000000e+00   1.9000000e+01   5.5390765e-15   7.2081250e-01   7.2081250e-01
   1.0000000e+01   1.9000000e+01   5.8213211e-15   7.6796875e-01   7.6796875e-01
   1.1000000e+01   1.9000000e+01   6.0360175e-15   7.7421875e-01   7.7421875e-01
   1.2000000e+01   1.9000000e+01   5.7505253e-15   7.0475000e-01   7.0475000e-01
   1.3000000e+01   1.9000000e+01   5.3676220e-15   7.1875000e-01   7.1875000e-01
   1.4000000e+01   1.9000000e+01   5.2423672e-15   7.0806250e-01   7.0806250e-01
   1.5000000e+01   1.9000000e+01   5.2748396e-15   6.9400000e-01   6.9400000e-01
   1.6000000e+01   1.9000000e+01   5.4247968e-15   6.8384375e-01   6.8384375e-01
   1.7000000e+01   1.9000000e+01   5.4821066e-15   7.1915625e-01   7.1915625e-01
   1.8000000e+01   1.9000000e+01   5.8138128e-15   7.1434375e-01   7.1434375e-01
   1.9000000e+01   1.9000000e+01   6.0553170e-15   7.6325000e-01   7.6325000e-01
   2.0000000e+01   1.9000000e+01   6.3115697e-15   7.9587500e-01   7.9587500e-01
   2.1000000e+01   1.9000000e+01   6.2620340e-15   8.0868750e-01   8.0868750e-01
   2.2000000e+01   1.9000000e+01   5.9033806e-15   7.8650000e-01   7.8650000e-01
   2.3000000e+01   1.9000000e+01   5.8068508e-15   7.5518750e-01   7.5518750e-01
   2.4000000e+01   1.9000000e+01   5.5221244e-15   7.1350000e-01   7.1350000e-01
   2.5000000e+01   1.9000000e+01   5.4520449e-15   7.3012500e-01   7.3012500e-01
   2.6000000e+01   1.9000000e+01   5.7206274e-15   7.6643750e-01   7.6643750e-01
   2.7000000e+01   1.9000000e+01   5.7030885e-15   7.6728125e-01   7.6728125e-01
   2.8000000e+01   1.9000000e+01   6.0931038e-15   7.6934375e-01   7.6934375e-01
   2.9000000e+01   1.9000000e+01   5.6985475e-15   7.0318750e-01   7.0318750e-01
   3.0000000e+01   1.9000000e+01   5.8561524e-15   7.7000000e-01   7.7000000e-01
   3.1000000e+01   1.9000000e+01   5.4479872e-15   7.3675000e-01   7.3675000e-01
   3.2000000e+01   1.9000000e+01   5.3539352e-15   6.8465625e-01   6.8465625e-01
   3.3000000e+01   1.9000000e+01   5.2439253e-15   6.8578125e-01   6.8578125e-01
   3.4000000e+01   1.9000000e+01   5.7300201e-15   7.5296875e-01   7.5296875e-01
   3.5000000e+01   1.9000000e+01   6.0055823e-15   7.8871875e-01   7.8871875e-01
   1.0000000e+00   2.0000000e+01   6.0469779e-15   7.8818750e-01   7.8818750e-01
   2.0000000e+00   2.0000000e+01   6.0561294e-15   7.8234375e-01   7.8234375e-01
   3.0000000e+00   2.0000000e+01   6.0015918e-15   7.8637500e-01   7.8637500e-01
   4.0000000e+00   2.0000000e+01   6.4780089e-15   8.3684375e-01   8.3684375e-01
   5.0000000e+00   2.0000000e+01   6.2760389e-15   8.0759375e-01   8.0759375e-01
   6.0000000e+00   2.0000000e+01   5.8746961e-15   7.5918750e-01   7.5918750e-01
   7.0000000e+00   2.0000000e+01   5.6919456e-15   7.3346875e-01   7.3346875e-01
   8.0000000e+00   2.0000000e+01   5.4404965e-15   7.2362500e-01   7.2362500e-01
   9.0000000e+00   2.0000000e+01   5.3949729e-15   7.4090625e-01   7.4090625e-01
   1.0000000e+01   2.0000000e+01   5.5452627e-15   7.6378125e-01   7.6378125e-01
   1.1000000e+01   2.0000000e+01   6.0869174e-15   7.7125000e-01   7.7125000e-01
   1.2000000e+01   2.0000000e+01   5.5686502e-15   7.5109375e-01   7.5109375e-01
   1.3000000e+01   2.0000000e+01   5.5214835e-15   7.3709375e-01   7.3709375e-01
   1.4000000e+01   2.0000000e+01   5.5847080e-15   7.2365625e-01   7.2365625e-01
   1.5000000e+01   2.0000000e+01   5.3843000e-15   6.9206250e-01   6.9206250e-01
   1.6000000e+01   2.0000000e+01   5.3253085e-15   6.8296875e-01   6.8296875e-01
   1.7000000e+01   2.0000000e+01   5.1896164e-15   6.5575000e-01   6.5575000e-01
   1.8000000e+01   2.0000000e+01   5.4261005e-15   7.1687500e-01   7.1687500e-01
   1.9000000e+01   2.0000000e+01   5.4711907e-15   7.2271875e-01   7.2271875e-01
   2.0000000e+01   2.0000000e+01   6.0729854e-15   7.8215625e-01   7.8215625e-01
   2.1000000e+01   2.0000000e+01   6.1261887e-15   8.1937500e-01   8.1937500e-01
   2.2000000e+01   2.0000000e+01   6.1112298e-15   8.0106250e-01   8.0106250e-01
   2.3000000e+01   2.0000000e+01   5.7303142e-15   7.5218750e-01   7.5218750e-01
   2.4000000e+01   2.0000000e+01   5.2553442e-15   6.5625000e-01   6.5625000e-01
   2.5000000e+01   2.0000000e+01   5.3046967e-15   7.2606250e-01   7.2606250e-01
   2.6000000e+01   2.0000000e+01   5.5841388e-15   7.4390625e-01   7.4390625e-01
   2.7000000e+01   2.0000000e+01   5.8608985e-15   7.7425000e-01   7.7425000e-01
   2.8000000e+01   2.0000000e+01   6.0239841e-15   7.7009375e-01   7.7009375e-01
   2.9000000e+01   2.0000000e+01   6.0092170e-15   7.7009375e-01   7.7009375e-01
   3.0000000e+01   2.0000000e+01   5.2238626e-15   6.8112500e-01   6.8112500e-01
   3.1000000e+01   2.0000000e+01   5.3895602e-15   7.0050000e-01   7.0050000e-01
   3.2000000e+01   2.0000000e+01   5.2691207e-15   6.9753125e-01   6.9753125e-01
   3.3000000e+01   2.0000000e+01   5.2164845e-15   6.9603125e-01   6.9603125e-01
   3.4000000e+01   2.0000000e+01   5.7495800e-15   7.5509375e-01   7.5509375e-01
   3.5000000e+01   2.0000000e+01   5.8157325e-15   7.4968750e-01   7.4968750e-01
   1.0000000e+00   2.1000000e+01   5.5652312e-15   7.2865625e-01   7.2865625e-01
   2.0000000e+00   2.1000000e+01   5.9333307e-15   7.6281250e-01   7.6281250e-01
   3.0000000e+00   2.1000000e+01   5.9357645e-15   7.7700000e-01   7.7700000e-01
   4.0000000e+00   2.1000000e+01   6.2586272e-15   7.4068750e-01   7.4068750e-01
   5.0000000e+00   2.1000000e+01   6.1096178e-15   8.2068750e-01   8.2068750e-01
   6.0000000e+00   2.1000000e+01   5.7610637e-15   7.6150000e-01   7.6150000e-01
   7.0000000e+00   2.1000000e+01   5.6063540e-15   7.3515625e-01   7.3515625e-01
   8.0000000e+00   2.1000000e+01   5.5196540e-15   7.3609375e-01   7.3609375e-01
   9.0000000e+00   2.1000000e+01   5.3071127e-15   7.2553125e-01   7.2553125e-01
   1.0000000e+01   2.1000000e+01   5.6299639e-15   7.4937500e-01   7.4937500e-01
   1.1000000e+01   2.1000000e+01   5.6394750e-15   7.4925000e-01   7.4925000e-01
   1.2000000e+01   2.1000000e+01   5.6438467e-15   7.4546875e-01   7.4546875e-01
   1.3000000e+01   2.1000000e+01   5.5773752e-15   7.4212500e-01   7.4212500e-01
   1.4000000e+01   2.1000000e+01   5.2360325e-15   7.0596875e-01   7.0596875e-01
   1.5000000e+01   2.1000000e+01   5.1279430e-15   6.8706250e-01   6.8706250e-01
   1.6000000e+01   2.1000000e+01   5.4042430e-15   6.8478125e-01   6.8478125e-01
   1.7000000e+01   2.1000000e+01   5.5971243e-15   7.1731250e-01   7.1731250e-01
   1.8000000e+01   2.1000000e+01   5.4890351e-15   7.4325000e-01   7.4325000e-01
   1.9000000e+01   2.1000000e+01   5.5571218e-15   7.5381250e-01   7.5381250e-01
   2.0000000e+01   2.1000000e+01   6.0278677e-15   7.8006250e-01   7.8006250e-01
   2.1000000e+01   2.1000000e+01   6.0651739e-15   7.7896875e-01   7.7896875e-01
   2.2000000e+01   2.1000000e+01   6.1678747e-15   7.9040625e-01   7.9040625e-01
   2.3000000e+01   2.1000000e+01   5.8042981e-15   7.4381250e-01   7.4381250e-01
   2.4000000e+01   2.1000000e+01   5.4287332e-15   7.1915625e-01   7.1915625e-01
   2.5000000e+01   2.1000000e+01   5.2539518e-15   7.1487500e-01   7.1487500e-01
   2.6000000e+01   2.1000000e+01   5.6835162e-15   7.4825000e-01   7.4825000e-01
   2.7000000e+01   2.1000000e+01   5.7675432e-15   7.4378125e-01   7.4378125e-01
   2.8000000e+01   2.1000000e+01   5.8588147e-15   7.7528125e-01   7.7528125e-01
   2.9000000e+01   2.1000000e+01   5.7662973e-15   7.3828125e-01   7.3828125e-01
   3.0000000e+01   2.1000000e+01   5.6000009e-15   7.4359375e-01   7.4359375e-01
   3.1000000e+01   2.1000000e+01   5.2015061e-15   6.9981250e-01   6.9981250e-01
   3.2000000e+01   2.1000000e+01   4.7944050e-15   6.8046875e-01   6.8046875e-01
   3.3000000e+01   2.1000000e+01   4.9467437e-15   6.5325000e-01   6.5325000e-01
   3.4000000e+01   2.1000000e+01   5.4630566e-15   6.9540625e-01   6.9540625e-01
   3.5000000e+01   2.1000000e+01   5.5926384e-15   7.3446875e-01   7.3446875e-01
   1.0000000e+00   2.2000000e+01   5.5537844e-15   7.0531250e-01   7.0531250e-01
   2.0000000e+00   2.2000000e+01   5.8352082e-15   7.4687500e-01   7.4687500e-01
   3.0000000e+00   2.2000000e+01   5.5480474e-15   7.2578125e-01   7.2578125e-01
   4.0000000e+00   2.2000000e+01   6.0480307e-15   7.9009375e-01   7.9009375e-01
   5.0000000e+00   2.2000000e+01   6.2307965e-15   7.8812500e-01   7.8812500e-01
   6.0000000e+00   2.2000000e+01   5.4555251e-15   7.5187500e-01   7.5187500e-01
   7.0000000e+00   2.2000000e+01   5.4398518e-15   7.2681250e-01   7.2681250e-01
   8.0000000e+00   2.2000000e+01   5.2191558e-15   6.9256250e-01   6.9256250e-01
   9.0000000e+00   2.2000000e+01   5.2772775e-15   7.1993750e-01   7.1993750e-01
   1.0000000e+01   2.2000000e+01   5.2859368e-15   7.2953125e-01   7.2953125e-01
   1.1000000e+01   2.2000000e+01   5.9099529e-15   7.6103125e-01   7.6103125e-01
   1.2000000e+01   2.2000000e+01   5.6620901e-15   7.6328125e-01   7.6328125e-01
   1.3000000e+01   2.2000000e+01   5.2576686e-15   6.7296875e-01   6.7296875e-01
   1.4000000e+01   2.2000000e+01   5.3240916e-15   7.1875000e-01   7.1875000e-01
   1.5000000e+01   2.2000000e+01   5.3170088e-15   6.7587500e-01   6.7587500e-01
   1.6000000e+01   2.2000000e+01   4.8561653e-15   6.4406250e-01   6.4406250e-01
   1.7000000e+01   2.2000000e+01   5.0572894e-15   6.6156250e-01   6.6156250e-01
   1.8000000e+01   2.2000000e+01   5.2981781e-15   7.0109375e-01   7.0109375e-01
   1.9000000e+01   2.2000000e+01   5.4496991e-15   7.2843750e-01   7.2843750e-01
   2.0000000e+01   2.2000000e+01   5.3548387e-15   7.0981250e-01   7.0981250e-01
   2.1000000e+01   2.2000000e+01   5.7685837e-15   7.6459375e-01   7.6459375e-01
   2.2000000e+01   2.2000000e+01   5.9582990e-15   7.7221875e-01   7.7221875e-01
   2.3000000e+01   2.2000000e+01   5.3593484e-15   7.3000000e-01   7.3000000e-01
   2.4000000e+01   2.2000000e+01   5.4521714e-15   6.7637500e-01   6.7637500e-01
   2.5000000e+01   2.2000000e+01   5.1914648e-15   6.7865625e-01   6.7865625e-01
   2.6000000e+01   2.2000000e+01   5.5051792e-15   7.1559375e-01   7.1559375e-01
   2.7000000e+01   2.2000000e+01   5.3181718e-15   6.8062500e-01   6.8062500e-01
   2.8000000e+01   2.2000000e+01   5.8399129e-15   7.6728125e-01   7.6728125e-01
   2.9000000e+01   2.2000000e+01   5.6549694e-15   7.4671875e-01   7.4671875e-01
   3.0000000e+01   2.2000000e+01   5.4425956e-15   7.3996875e-01   7.3996875e-01
   3.1000000e+01   2.2000000e+01   5.2051383e-15   6.9515625e-01   6.9515625e-01
   3.2000000e+01   2.2000000e+01   5.1105033e-15   6.5971875e-01   6.5971875e-01
   3.3000000e+01   2.2000000e+01   4.9881914e-15   6.3900000e-01   6.3900000e-01
   3.4000000e+01   2.2000000e+01   5.3897169e-15   6.8225000e-01   6.8225000e-01
   3.5000000e+01   2.2000000e+01   5.4032731e-15   7.1884375e-01   7.1884375e-01
   1.0000000e+00   2.3000000e+01   5.3183416e-15   6.7962500e-01   6.7962500e-01
   2.0000000e+00   2.3000000e+01   5.8776491e-15   7.3334375e-01   7.3334375e-01
   3.0000000e+00   2.3000000e+01   5.7300294e-15   7.6746875e-01   7.6746875e-01
   4.0000000e+00   2.3000000e+01   5.8070126e-15   7.4868750e-01   7.4868750e-01
   5.0000000e+00   2.3000000e+01   5.9594929e-15   7.6868750e-01   7.6868750e-01
   6.0000000e+00   2.3000000e+01   5.5801992e-15   7.2381250e-01   7.2381250e-01
   7.0000000e+00   2.3000000e+01   5.4577440e-15   6.8343750e-01   6.8343750e-01
   8.0000000e+00   2.3000000e+01   4.9537622e-15   6.6362500e-01   6.6362500e-01
   9.0000000e+00   2.3000000e+01   5.1881991e-15   6.7762500e-01   6.7762500e-01
   1.0000000e+01   2.3000000e+01   5.5383670e-15   6.8971875e-01   6.8971875e-01
   1.1000000e+01   2.3000000e+01   5.4436125e-15   7.1993750e-01   7.1993750e-01
   1.2000000e+01   2.3000000e+01   5.3810183e-15   6.9684375e-01   6.9684375e-01
   1.3000000e+01   2.3000000e+01   5.3813025e-15   7.1181250e-01   7.1181250e-01
   1.4000000e+01   2.3000000e+01   4.8629177e-15   6.7581250e-01   6.7581250e-01
   1.5000000e+01   2.3000000e+01   4.8451470e-15   6.5756250e-01   6.5756250e-01
   1.6000000e+01   2.3000000e+01   4.5995997e-15   5.8696875e-01   5.8696875e-01
   1.7000000e+01   2.3000000e+01   4.8094951e-15   6.3940625e-01   6.3940625e-01
   1.8000000e+01   2.3000000e+01   5.1608414e-15   6.7393750e-01   6.7393750e-01
   1.9000000e+01   2.3000000e+01   5.2479261e-15   7.0021875e-01   7.0021875e-01
   2.0000000e+01   2.3000000e+01   5.3198880e-15   6.7587500e-01   6.7587500e-01
   2.1000000e+01   2.3000000e+01   5.5711364e-15   7.2840625e-01   7.2840625e-01
   2.2000000e+01   2.3000000e+01   5.5666600e-15   7.5725000e-01   7.5725000e-01
   2.3000000e+01   2.3000000e+01   5.5196300e-15   7.1634375e-01   7.1634375e-01
   2.4000000e+01   2.3000000e+01   4.8653312e-15   6.2531250e-01   6.2531250e-01
   2.5000000e+01   2.3000000e+01   5.1779730e-15   6.8271875e-01   6.8271875e-01
   2.6000000e+01   2.3000000e+01   5.4856177e-15   7.0209375e-01   7.0209375e-01
   2.7000000e+01   2.3000000e+01   5.3215776e-15   7.1168750e-01   7.1168750e-01
   2.8000000e+01   2.3000000e+01   5.5309407e-15   7.3234375e-01   7.3234375e-01
   2.9000000e+01   2.3000000e+01   5.1913619e-15   6.6656250e-01   6.6656250e-01
   3.0000000e+01   2.3000000e+01   5.6907550e-15   6.9837500e-01   6.9837500e-01
   3.1000000e+01   2.3000000e+01   5.1778612e-15   6.7603125e-01   6.7603125e-01
   3.2000000e+01   2.3000000e+01   5.0290254e-15   6.6400000e-01   6.6400000e-01
   3.3000000e+01   2.3000000e+01   4.8603563e-15   6.5600000e-01   6.5600000e-01
   3.4000000e+01   2.3000000e+01   4.9621479e-15   6.4737500e-01   6.4737500e-01
   3.5000000e+01   2.3000000e+01   5.3700150e-15   7.0268750e-01   7.0268750e-01
   1.0000000e+00   2.4000000e+01   4.9692324e-15   6.2837500e-01   6.2837500e-01
   2.0000000e+00   2.4000000e+01   5.0794903e-15   6.1828125e-01   6.1828125e-01
   3.0000000e+00   2.4000000e+01   5.4258175e-15   6.6834375e-01   6.6834375e-01
   4.0000000e+00   2.4000000e+01   5.5889627e-15   6.8553125e-01   6.8553125e-01
   5.0000000e+00   2.4000000e+01   5.5298474e-15   7.2681250e-01   7.2681250e-01
   6.0000000e+00   2.4000000e+01   5.6434416e-15   7.0078125e-01   7.0078125e-01
   7.0000000e+00   2.4000000e+01   5.0770557e-15   6.7378125e-01   6.7378125e-01
   8.0000000e+00   2.4000000e+01   4.9526862e-15   6.4843750e-01   6.4843750e-01
   9.0000000e+00   2.4000000e+01   5.0780612e-15   6.8578125e-01   6.8578125e-01
   1.0000000e+01   2.4000000e+01   5.0186861e-15   6.7653125e-01   6.7653125e-01
   1.1000000e+01   2.4000000e+01   5.3578912e-15   6.8637500e-01   6.8637500e-01
   1.2000000e+01   2.4000000e+01   4.7908044e-15   6.3387500e-01   6.3387500e-01
   1.3000000e+01   2.4000000e+01   5.3974355e-15   6.6537500e-01   6.6537500e-01
   1.4000000e+01   2.4000000e+01   5.0840997e-15   6.4543750e-01   6.4543750e-01
   1.5000000e+01   2.4000000e+01   4.9069226e-15   6.3162500e-01   6.3162500e-01
   1.6000000e+01   2.4000000e+01   4.6737060e-15   6.1565625e-01   6.1565625e-01
   1.7000000e+01   2.4000000e+01   4.8830592e-15   6.3921875e-01   6.3921875e-01
   1.8000000e+01   2.4000000e+01   4.8176173e-15   6.3878125e-01   6.3878125e-01
   1.9000000e+01   2.4000000e+01   5.0975734e-15   6.7634375e-01   6.7634375e-01
   2.0000000e+01   2.4000000e+01   5.6437630e-15   7.2837500e-01   7.2837500e-01
   2.1000000e+01   2.4000000e+01   5.5462894e-15   7.4165625e-01   7.4165625e-01
   2.2000000e+01   2.4000000e+01   5.5688881e-15   7.3850000e-01   7.3850000e-01
   2.3000000e+01   2.4000000e+01   5.2544023e-15   7.0371875e-01   7.0371875e-01
   2.4000000e+01   2.4000000e+01   5.0972690e-15   6.6065625e-01   6.6065625e-01
   2.5000000e+01   2.4000000e+01   4.8517307e-15   6.4925000e-01   6.4925000e-01
   2.6000000e+01   2.4000000e+01   4.8700421e-15   6.7318750e-01   6.7318750e-01
   2.7000000e+01   2.4000000e+01   5.1946602e-15   6.5771875e-01   6.5771875e-01
   2.8000000e+01   2.4000000e+01   5.4726207e-15   7.0971875e-01   7.0971875e-01
   2.9000000e+01   2.4000000e+01   5.4690145e-15   7.1703125e-01   7.1703125e-01
   3.0000000e+01   2.4000000e+01   5.1155564e-15   6.8559375e-01   6.8559375e-01
   3.1000000e+01   2.4000000e+01   5.1322230e-15   6.8678125e-01   6.8678125e-01
   3.2000000e+01   2.4000000e+01   4.2651800e-15   5.7128125e-01   5.7128125e-01
   3.3000000e+01   2.4000000e+01   4.7663104e-15   5.9815625e-01   5.9815625e-01
   3.4000000e+01   2.4000000e+01   4.9305202e-15   6.4565625e-01   6.4565625e-01
   3.5000000e+01   2.4000000e+01   5.2556900e-15   6.7593750e-01   6.7593750e-01
   1.0000000e+00   2.5000000e+01   4.8106153e-15   6.5037500e-01   6.5037500e-01
   2.0000000e+00   2.5000000e+01   4.9816821e-15   6.1684375e-01   6.1684375e-01
   3.0000000e+00   2.5000000e+01   5.2100496e-15   7.0596875e-01   7.0596875e-01
   4.0000000e+00   2.5000000e+01   5.5130746e-15   7.0775000e-01   7.0775000e-01
   5.0000000e+00   2.5000000e+01   5.6101322e-15   7.1421875e-01   7.1421875e-01
   6.0000000e+00   2.5000000e+01   4.9805761e-15   6.7768750e-01   6.7768750e-01
   7.0000000e+00   2.5000000e+01   4.6837352e-15   5.7818750e-01   5.7818750e-01
   8.0000000e+00   2.5000000e+01   4.9037733e-15   6.4031250e-01   6.4031250e-01
   9.0000000e+00   2.5000000e+01   4.9492084e-15   6.3334375e-01   6.3334375e-01
   1.0000000e+01   2.5000000e+01   5.2233575e-15   6.8368750e-01   6.8368750e-01
   1.1000000e+01   2.5000000e+01   5.3590148e-15   6.7234375e-01   6.7234375e-01
   1.2000000e+01   2.5000000e+01   5.2408121e-15   6.9375000e-01   6.9375000e-01
   1.3000000e+01   2.5000000e+01   4.7196501e-15   6.4465625e-01   6.4465625e-01
   1.4000000e+01   2.5000000e+01   4.7266291e-15   6.3621875e-01   6.3621875e-01
   1.5000000e+01   2.5000000e+01   4.5658896e-15   6.0540625e-01   6.0540625e-01
   1.6000000e+01   2.5000000e+01   4.6385261e-15   6.0653125e-01   6.0653125e-01
   1.7000000e+01   2.5000000e+01   4.5636422e-15   6.3312500e-01   6.3312500e-01
   1.8000000e+01   2.5000000e+01   4.5868867e-15   5.8803125e-01   5.8803125e-01
   1.9000000e+01   2.5000000e+01   5.1313298e-15   6.4918750e-01   6.4918750e-01
   2.0000000e+01   2.5000000e+01   5.0348150e-15   6.9643750e-01   6.9643750e-01
   2.1000000e+01   2.5000000e+01   5.2811939e-15   7.0103125e-01   7.0103125e-01
   2.2000000e+01   2.5000000e+01   5.3377439e-15   6.9850000e-01   6.9850000e-01
   2.3000000e+01   2.5000000e+01   4.7975672e-15   6.5634375e-01   6.5634375e-01
   2.4000000e+01   2.5000000e+01   4.7340904e-15   6.3721875e-01   6.3721875e-01
   2.5000000e+01   2.5000000e+01   4.5866550e-15   5.9821875e-01   5.9821875e-01
   2.6000000e+01   2.5000000e+01   4.9974165e-15   6.4696875e-01   6.4696875e-01
   2.7000000e+01   2.5000000e+01   5.4019558e-15   6.8465625e-01   6.8465625e-01
   2.8000000e+01   2.5000000e+01   5.2915301e-15   7.0343750e-01   7.0343750e-01
   2.9000000e+01   2.5000000e+01   5.0326571e-15   7.0862500e-01   7.0862500e-01
   3.0000000e+01   2.5000000e+01   4.9591008e-15   6.2315625e-01   6.2315625e-01
   3.1000000e+01   2.5000000e+01   4.7852936e-15   6.4818750e-01   6.4818750e-01
   3.2000000e+01   2.5000000e+01   4.8293126e-15   6.1953125e-01   6.1953125e-01
   3.3000000e+01   2.5000000e+01   4.5369858e-15   6.1387500e-01   6.1387500e-01
   3.4000000e+01   2.5000000e+01   4.3556947e-15   5.7078125e-01   5.7078125e-01
   3.5000000e+01   2.5000000e+01   5.0547795e-15   6.3696875e-01   6.3696875e-01
   1.0000000e+00   2.6000000e+01   4.8022490e-15   6.2878125e-01   6.2878125e-01
   2.0000000e+00   2.6000000e+01   4.7806746e-15   6.3859375e-01   6.3859375e-01
   3.0000000e+00   2.6000000e+01   5.0556186e-15   6.6256250e-01   6.6256250e-01
   4.0000000e+00   2.6000000e+01   5.0244784e-15   6.7765625e-01   6.7765625e-01
   5.0000000e+00   2.6000000e+01   5.3040057e-15   6.6593750e-01   6.6593750e-01
   6.0000000e+00   2.6000000e+01   4.9103490e-15   6.5350000e-01   6.5350000e-01
   7.0000000e+00   2.6000000e+01   4.9227097e-15   6.4862500e-01   6.4862500e-01
   8.0000000e+00   2.6000000e+01   5.0635366e-15   6.0509375e-01   6.0509375e-01
   9.0000000e+00   2.6000000e+01   4.6107852e-15   6.1593750e-01   6.1593750e-01
   1.0000000e+01   2.6000000e+01   4.9217008e-15   6.5015625e-01   6.5015625e-01
   1.1000000e+01   2.6000000e+01   4.8726043e-15   6.2762500e-01   6.2762500e-01
   1.2000000e+01   2.6000000e+01   5.1217620e-15   6.7081250e-01   6.7081250e-01
   1.3000000e+01   2.6000000e+01   4.7862240e-15   6.4184375e-01   6.4184375e-01
   1.4000000e+01   2.6000000e+01   4.6499693e-15   5.9153125e-01   5.9153125e-01
   1.5000000e+01   2.6000000e+01   4.4602397e-15   6.0303125e-01   6.0303125e-01
   1.6000000e+01   2.6000000e+01   4.3786904e-15   5.9637500e-01   5.9637500e-01
   1.7000000e+01   2.6000000e+01   4.2561658e-15   5.4162500e-01   5.4162500e-01
   1.8000000e+01   2.6000000e+01   4.7426535e-15   6.1375000e-01   6.1375000e-01
   1.9000000e+01   2.6000000e+01   4.6814515e-15   6.4115625e-01   6.4115625e-01
   2.0000000e+01   2.6000000e+01   4.8442343e-15   6.2868750e-01   6.2868750e-01
   2.1000000e+01   2.6000000e+01   5.3340478e-15   7.0600000e-01   7.0600000e-01
   2.2000000e+01   2.6000000e+01   5.1370067e-15   6.7315625e-01   6.7315625e-01
   2.3000000e+01   2.6000000e+01   4.5744663e-15   6.0100000e-01   6.0100000e-01
   2.4000000e+01   2.6000000e+01   4.8384927e-15   6.3700000e-01   6.3700000e-01
   2.5000000e+01   2.6000000e+01   4.8616820e-15   6.3118750e-01   6.3118750e-01
   2.6000000e+01   2.6000000e+01   4.6627611e-15   6.0628125e-01   6.0628125e-01
   2.7000000e+01   2.6000000e+01   5.0372637e-15   6.6168750e-01   6.6168750e-01
   2.8000000e+01   2.6000000e+01   5.1271963e-15   6.9725000e-01   6.9725000e-01
   2.9000000e+01   2.6000000e+01   4.9970277e-15   6.5365625e-01   6.5365625e-01
   3.0000000e+01   2.6000000e+01   4.9106582e-15   6.5300000e-01   6.5300000e-01
   3.1000000e+01   2.6000000e+01   4.7410224e-15   6.4550000e-01   6.4550000e-01
   3.2000000e+01   2.6000000e+01   4.5159101e-15   6.0453125e-01   6.0453125e-01
   3.3000000e+01   2.6000000e+01   4.6776201e-15   5.6256250e-01   5.6256250e-01
   3.4000000e+01   2.6000000e+01   4.8198789e-15   6.1203125e-01   6.1203125e-01
   3.5000000e+01   2.6000000e+01   4.9885079e-15   6.6331250e-01   6.6331250e-01
   1.0000000e+00   2.7000000e+01   4.4083909e-15   5.8668750e-01   5.8668750e-01
   2.0000000e+00   2.7000000e+01   5.0808869e-15   6.3996875e-01   6.3996875e-01
   3.0000000e+00   2.7000000e+01   4.7831610e-15   6.7653125e-01   6.7653125e-01
   4.0000000e+00   2.7000000e+01   5.2762000e-15   6.8209375e-01   6.8209375e-01
   5.0000000e+00   2.7000000e+01   4.9367716e-15   6.5903125e-01   6.5903125e-01
   6.0000000e+00   2.7000000e+01   5.0023330e-15   6.6328125e-01   6.6328125e-01
   7.0000000e+00   2.7000000e+01   4.6634121e-15   6.1712500e-01   6.1712500e-01
   8.0000000e+00   2.7000000e+01   4.4348252e-15   5.6953125e-01   5.6953125e-01
   9.0000000e+00   2.7000000e+01   4.5375062e-15   5.9325000e-01   5.9325000e-01
   1.0000000e+01   2.7000000e+01   4.8456861e-15   6.3006250e-01   6.3006250e-01
   1.1000000e+01   2.7000000e+01   4.9691428e-15   6.6721875e-01   6.6721875e-01
   1.2000000e+01   2.7000000e+01   4.8311477e-15   6.4453125e-01   6.4453125e-01
   1.3000000e+01   2.7000000e+01   5.1050310e-15   6.5459375e-01   6.5459375e-01
   1.4000000e+01   2.7000000e+01   4.6486731e-15   6.3118750e-01   6.3118750e-01
   1.5000000e+01   2.7000000e+01   4.6295031e-15   6.1390625e-01   6.1390625e-01
   1.6000000e+01   2.7000000e+01   4.5508835e-15   5.9193750e-01   5.9193750e-01
   1.7000000e+01   2.7000000e+01   4.6405157e-15   6.0181250e-01   6.0181250e-01
   1.8000000e+01   2.7000000e+01   4.5225015e-15   6.2787500e-01   6.2787500e-01
   1.9000000e+01   2.7000000e+01   4.6623922e-15   6.5687500e-01   6.5687500e-01
   2.0000000e+01   2.7000000e+01   5.1392589e-15   6.4725000e-01   6.4725000e-01
   2.1000000e+01   2.7000000e+01   5.0263616e-15   6.3890625e-01   6.3890625e-01
   2.2000000e+01   2.7000000e+01   5.2384115e-15   6.9971875e-01   6.9971875e-01
   2.3000000e+01   2.7000000e+01   5.1224845e-15   6.6071875e-01   6.6071875e-01
   2.4000000e+01   2.7000000e+01   4.7925765e-15   6.1850000e-01   6.1850000e-01
   2.5000000e+01   2.7000000e+01   4.9146246e-15   6.4921875e-01   6.4921875e-01
   2.6000000e+01   2.7000000e+01   4.7410540e-15   6.1631250e-01   6.1631250e-01
   2.7000000e+01   2.7000000e+01   5.1268772e-15   6.2893750e-01   6.2893750e-01
   2.8000000e+01   2.7000000e+01   5.1496284e-15   6.3421875e-01   6.3421875e-01
   2.9000000e+01   2.7000000e+01   5.2823883e-15   6.5609375e-01   6.5609375e-01
   3.0000000e+01   2.7000000e+01   5.1715789e-15   6.4912500e-01   6.4912500e-01
   3.1000000e+01   2.7000000e+01   4.9159604e-15   6.4725000e-01   6.4725000e-01
   3.2000000e+01   2.7000000e+01   4.6852249e-15   6.1384375e-01   6.1384375e-01
   3.3000000e+01   2.7000000e+01   4.6372662e-15   6.0512500e-01   6.0512500e-01
   3.4000000e+01   2.7000000e+01   4.8688588e-15   6.3343750e-01   6.3343750e-01
   3.5000000e+01   2.7000000e+01   5.0521034e-15   6.6178125e-01   6.6178125e-01
   1.0000000e+00   2.8000000e+01   4.9937453e-15   6.3112500e-01   6.3112500e-01
   2.0000000e+00   2.8000000e+01   4.9728362e-15   6.6021875e-01   6.6021875e-01
   3.0000000e+00   2.8000000e+01   5.1312506e-15   6.6168750e-01   6.6168750e-01
   4.0000000e+00   2.8000000e+01   5.2647973e-15   6.7043750e-01   6.7043750e-01
   5.0000000e+00   2.8000000e+01   5.1145810e-15   6.0400000e-01   6.0400000e-01
   6.0000000e+00   2.8000000e+01   4.8287400e-15   6.3828125e-01   6.3828125e-01
   7.0000000e+00   2.8000000e+01   4.7066930e-15   6.0515625e-01   6.0515625e-01
   8.0000000e+00   2.8000000e+01   4.5276637e-15   6.0284375e-01   6.0284375e-01
   9.0000000e+00   2.8000000e+01   4.7749180e-15   6.3500000e-01   6.3500000e-01
   1.0000000e+01   2.8000000e+01   4.7311990e-15   6.3293750e-01   6.3293750e-01
   1.1000000e+01   2.8000000e+01   4.8189050e-15   6.0293750e-01   6.0293750e-01
   1.2000000e+01   2.8000000e+01   5.1129173e-15   6.3728125e-01   6.3728125e-01
   1.3000000e+01   2.8000000e+01   5.0800954e-15   6.6625000e-01   6.6625000e-01
   1.4000000e+01   2.8000000e+01   5.0307084e-15   6.6409375e-01   6.6409375e-01
   1.5000000e+01   2.8000000e+01   4.4121248e-15   5.8571875e-01   5.8571875e-01
   1.6000000e+01   2.8000000e+01   4.3930815e-15   5.8996875e-01   5.8996875e-01
   1.7000000e+01   2.8000000e+01   4.6313436e-15   6.0337500e-01   6.0337500e-01
   1.8000000e+01   2.8000000e+01   4.7510585e-15   6.4575000e-01   6.4575000e-01
   1.9000000e+01   2.8000000e+01   5.0250158e-15   6.6506250e-01   6.6506250e-01
   2.0000000e+01   2.8000000e+01   5.3062852e-15   6.8618750e-01   6.8618750e-01
   2.1000000e+01   2.8000000e+01   5.1331676e-15   6.8428125e-01   6.8428125e-01
   2.2000000e+01   2.8000000e+01   5.0474187e-15   6.4887500e-01   6.4887500e-01
   2.3000000e+01   2.8000000e+01   5.1726266e-15   6.5809375e-01   6.5809375e-01
   2.4000000e+01   2.8000000e+01   4.7839066e-15   6.4146875e-01   6.4146875e-01
   2.5000000e+01   2.8000000e+01   4.9528382e-15   6.2459375e-01   6.2459375e-01
   2.6000000e+01   2.8000000e+01   4.8923541e-15   6.6437500e-01   6.6437500e-01
   2.7000000e+01   2.8000000e+01   5.0488399e-15   6.6234375e-01   6.6234375e-01
   2.8000000e+01   2.8000000e+01   5.0492040e-15   6.7881250e-01   6.7881250e-01
   2.9000000e+01   2.8000000e+01   5.2225356e-15   6.7734375e-01   6.7734375e-01
   3.0000000e+01   2.8000000e+01   5.1016619e-15   6.7890625e-01   6.7890625e-01
   3.1000000e+01   2.8000000e+01   4.9400055e-15   6.5540625e-01   6.5540625e-01
   3.2000000e+01   2.8000000e+01   4.6133130e-15   5.8381250e-01   5.8381250e-01
   3.3000000e+01   2.8000000e+01   4.7397218e-15   6.0950000e-01   6.0950000e-01
   3.4000000e+01   2.8000000e+01   4.7871987e-15   6.4931250e-01   6.4931250e-01
   3.5000000e+01   2.8000000e+01   5.1619136e-15   6.6193750e-01   6.6193750e-01
   1.0000000e+00   2.9000000e+01   4.9168721e-15   6.3175000e-01   6.3175000e-01
   2.0000000e+00   2.9000000e+01   5.1371959e-15   6.4150000e-01   6.4150000e-01
   3.0000000e+00   2.9000000e+01   5.2284510e-15   7.0631250e-01   7.0631250e-01
   4.0000000e+00   2.9000000e+01   5.4261011e-15   7.1440625e-01   7.1440625e-01
   5.0000000e+00   2.9000000e+01   4.9191433e-15   6.7225000e-01   6.7225000e-01
   6.0000000e+00   2.9000000e+01   4.9426912e-15   6.5309375e-01   6.5309375e-01
   7.0000000e+00   2.9000000e+01   4.6353077e-15   5.7615625e-01   5.7615625e-01
   8.0000000e+00   2.9000000e+01   4.5729533e-15   5.8650000e-01   5.8650000e-01
   9.0000000e+00   2.9000000e+01   4.9557592e-15   6.5087500e-01   6.5087500e-01
   1.0000000e+01   2.9000000e+01   4.9897983e-15   6.5025000e-01   6.5025000e-01
   1.1000000e+01   2.9000000e+01   5.0917512e-15   6.5575000e-01   6.5575000e-01
   1.2000000e+01   2.9000000e+01   5.0648018e-15   6.6196875e-01   6.6196875e-01
   1.3000000e+01   2.9000000e+01   4.9865538e-15   6.6175000e-01   6.6175000e-01
   1.4000000e+01   2.9000000e+01   4.6058193e-15   6.3128125e-01   6.3128125e-01
   1.5000000e+01   2.9000000e+01   4.3877761e-15   5.9768750e-01   5.9768750e-01
   1.6000000e+01   2.9000000e+01   4.1807059e-15   5.5137500e-01   5.5137500e-01
   1.7000000e+01   2.9000000e+01   4.7174744e-15   5.6337500e-01   5.6337500e-01
   1.8000000e+01   2.9000000e+01   4.9279675e-15   6.1215625e-01   6.1215625e-01
   1.9000000e+01   2.9000000e+01   5.1427256e-15   6.6103125e-01   6.6103125e-01
   2.0000000e+01   2.9000000e+01   5.4966013e-15   6.9231250e-01   6.9231250e-01
   2.1000000e+01   2.9000000e+01   5.2371035e-15   6.8006250e-01   6.8006250e-01
   2.2000000e+01   2.9000000e+01   5.1688572e-15   6.8834375e-01   6.8834375e-01
   2.3000000e+01   2.9000000e+01   5.1899724e-15   6.6734375e-01   6.6734375e-01
   2.4000000e+01   2.9000000e+01   4.8289149e-15   6.2593750e-01   6.2593750e-01
   2.5000000e+01   2.9000000e+01   4.9621208e-15   6.2268750e-01   6.2268750e-01
   2.6000000e+01   2.9000000e+01   4.7029128e-15   6.3525000e-01   6.3525000e-01
   2.7000000e+01   2.9000000e+01   5.0978786e-15   6.7981250e-01   6.7981250e-01
   2.8000000e+01   2.9000000e+01   4.9419307e-15   6.8512500e-01   6.8512500e-01
   2.9000000e+01   2.9000000e+01   5.1690831e-15   6.7790625e-01   6.7790625e-01
   3.0000000e+01   2.9000000e+01   5.0763187e-15   6.7300000e-01   6.7300000e-01
   3.1000000e+01   2.9000000e+01   4.8698744e-15   6.4828125e-01   6.4828125e-01
   3.2000000e+01   2.9000000e+01   4.6594579e-15   6.2859375e-01   6.2859375e-01
   3.3000000e+01   2.9000000e+01   4.3794304e-15   5.6528125e-01   5.6528125e-01
   3.4000000e+01   2.9000000e+01   4.8524356e-15   6.1325000e-01   6.1325000e-01
   3.5000000e+01   2.9000000e+01   5.1596924e-15   6.7037500e-01   6.7037500e-01
   1.0000000e+00   3.0000000e+01   4.6312485e-15   6.4646875e-01   6.4646875e-01
   2.0000000e+00   3.0000000e+01   5.1021567e-15   6.8606250e-01   6.8606250e-01
   3.0000000e+00   3.0000000e+01   5.3808039e-15   7.1778125e-01   7.1778125e-01
   4.0000000e+00   3.0000000e+01   5.3908046e-15   7.1206250e-01   7.1206250e-01
   5.0000000e+00   3.0000000e+01   5.2169863e-15   6.8512500e-01   6.8512500e-01
   6.0000000e+00   3.0000000e+01   4.9734419e-15   5.8906250e-01   5.8906250e-01
   7.0000000e+00   3.0000000e+01   4.5803734e-15   5.6443750e-01   5.6443750e-01
   8.0000000e+00   3.0000000e+01   4.3651867e-15   5.9275000e-01   5.9275000e-01
   9.0000000e+00   3.0000000e+01   4.8359923e-15   6.3859375e-01   6.3859375e-01
   1.0000000e+01   3.0000000e+01   4.7999022e-15   6.5246875e-01   6.5246875e-01
   1.1000000e+01   3.0000000e+01   5.1060665e-15   6.8046875e-01   6.8046875e-01
   1.2000000e+01   3.0000000e+01   4.9495539e-15   6.6031250e-01   6.6031250e-01
   1.3000000e+01   3.0000000e+01   4.9277249e-15   6.7934375e-01   6.7934375e-01
   1.4000000e+01   3.0000000e+01   4.6175807e-15   6.5209375e-01   6.5209375e-01
   1.5000000e+01   3.0000000e+01   4.1678873e-15   5.8950000e-01   5.8950000e-01
   1.6000000e+01   3.0000000e+01   4.5864202e-15   5.6615625e-01   5.6615625e-01
   1.7000000e+01   3.0000000e+01   4.3915021e-15   5.9203125e-01   5.9203125e-01
   1.8000000e+01   3.0000000e+01   4.6343344e-15   5.9096875e-01   5.9096875e-01
   1.9000000e+01   3.0000000e+01   4.7735622e-15   6.1237500e-01   6.1237500e-01
   2.0000000e+01   3.0000000e+01   5.4676050e-15   6.9968750e-01   6.9968750e-01
   2.1000000e+01   3.0000000e+01   5.5201373e-15   7.2806250e-01   7.2806250e-01
   2.2000000e+01   3.0000000e+01   5.3621719e-15   7.1090625e-01   7.1090625e-01
   2.3000000e+01   3.0000000e+01   5.1851243e-15   6.6334375e-01   6.6334375e-01
   2.4000000e+01   3.0000000e+01   4.9471296e-15   6.3706250e-01   6.3706250e-01
   2.5000000e+01   3.0000000e+01   4.9001452e-15   6.5384375e-01   6.5384375e-01
   2.6000000e+01   3.0000000e+01   5.0790908e-15   6.6034375e-01   6.6034375e-01
   2.7000000e+01   3.0000000e+01   4.9577329e-15   6.4059375e-01   6.4059375e-01
   2.8000000e+01   3.0000000e+01   5.2969034e-15   6.7371875e-01   6.7371875e-01
   2.9000000e+01   3.0000000e+01   5.5159709e-15   7.0493750e-01   7.0493750e-01
   3.0000000e+01   3.0000000e+01   5.2201405e-15   6.7665625e-01   6.7665625e-01
   3.1000000e+01   3.0000000e+01   4.9399932e-15   6.6796875e-01   6.6796875e-01
   3.2000000e+01   3.0000000e+01   4.4718951e-15   5.7128125e-01   5.7128125e-01
   3.3000000e+01   3.0000000e+01   4.6338264e-15   6.1912500e-01   6.1912500e-01
   3.4000000e+01   3.0000000e+01   4.7692092e-15   6.3525000e-01   6.3525000e-01
   3.5000000e+01   3.0000000e+01   5.1190153e-15   6.7800000e-01   6.7800000e-01
   1.0000000e+00   3.1000000e+01   4.9471382e-15   6.0531250e-01   6.0531250e-01
   2.0000000e+00   3.1000000e+01   5.5510578e-15   6.9118750e-01   6.9118750e-01
   3.0000000e+00   3.1000000e+01   5.1861928e-15   7.0028125e-01   7.0028125e-01
   4.0000000e+00   3.1000000e+01   5.5154729e-15   7.3146875e-01   7.3146875e-01
   5.0000000e+00   3.1000000e+01   5.4335269e-15   7.2365625e-01   7.2365625e-01
   6.0000000e+00   3.1000000e+01   5.1858020e-15   6.7665625e-01   6.7665625e-01
   7.0000000e+00   3.1000000e+01   4.8620456e-15   6.5428125e-01   6.5428125e-01
   8.0000000e+00   3.1000000e+01   4.5232649e-15   6.0537500e-01   6.0537500e-01
   9.0000000e+00   3.1000000e+01   4.6780358e-15   6.0653125e-01   6.0653125e-01
   1.0000000e+01   3.1000000e+01   5.1836824e-15   6.3959375e-01   6.3959375e-01
   1.1000000e+01   3.1000000e+01   5.0249232e-15   6.7721875e-01   6.7721875e-01
   1.2000000e+01   3.1000000e+01   5.2913709e-15   6.8493750e-01   6.8493750e-01
   1.3000000e+01   3.1000000e+01   5.2350248e-15   6.8943750e-01   6.8943750e-01
   1.4000000e+01   3.1000000e+01   4.6546297e-15   6.4509375e-01   6.4509375e-01
   1.5000000e+01   3.1000000e+01   4.8844468e-15   6.5175000e-01   6.5175000e-01
   1.6000000e+01   3.1000000e+01   4.7091154e-15   6.5653125e-01   6.5653125e-01
   1.7000000e+01   3.1000000e+01   4.6831372e-15   6.4856250e-01   6.4856250e-01
   1.8000000e+01   3.1000000e+01   5.0235480e-15   6.5278125e-01   6.5278125e-01
   1.9000000e+01   3.1000000e+01   5.3279156e-15   7.0990625e-01   7.0990625e-01
   2.0000000e+01   3.1000000e+01   5.5618547e-15   7.1453125e-01   7.1453125e-01
   2.1000000e+01   3.1000000e+01   5.2134719e-15   6.7265625e-01   6.7265625e-01
   2.2000000e+01   3.1000000e+01   5.7027521e-15   6.8750000e-01   6.8750000e-01
   2.3000000e+01   3.1000000e+01   5.2488469e-15   6.9934375e-01   6.9934375e-01
   2.4000000e+01   3.1000000e+01   4.9140228e-15   6.7396875e-01   6.7396875e-01
   2.5000000e+01   3.1000000e+01   5.0584090e-15   6.4900000e-01   6.4900000e-01
   2.6000000e+01   3.1000000e+01   5.0104805e-15   6.2606250e-01   6.2606250e-01
   2.7000000e+01   3.1000000e+01   5.3079041e-15   6.7259375e-01   6.7259375e-01
   2.8000000e+01   3.1000000e+01   5.4497177e-15   6.9162500e-01   6.9162500e-01
   2.9000000e+01   3.1000000e+01   5.2488680e-15   6.9765625e-01   6.9765625e-01
   3.0000000e+01   3.1000000e+01   5.3637611e-15   6.9218750e-01   6.9218750e-01
   3.1000000e+01   3.1000000e+01   4.9991769e-15   6.3600000e-01   6.3600000e-01
   3.2000000e+01   3.1000000e+01   4.8680846e-15   6.4293750e-01   6.4293750e-01
   3.3000000e+01   3.1000000e+01   4.8510742e-15   6.5493750e-01   6.5493750e-01
   3.4000000e+01   3.1000000e+01   5.0366297e-15   6.8365625e-01   6.8365625e-01
   3.5000000e+01   3.1000000e+01   5.2758746e-15   6.9387500e-01   6.9387500e-01
   1.0000000e+00   3.2000000e+01   5.1377274e-15   6.9275000e-01   6.9275000e-01
   2.0000000e+00   3.2000000e+01   5.4376983e-15   7.1203125e-01   7.1203125e-01
   3.0000000e+00   3.2000000e+01   5.4070543e-15   7.2778125e-01   7.2778125e-01
   4.0000000e+00   3.2000000e+01   5.5713080e-15   7.5500000e-01   7.5500000e-01
   5.0000000e+00   3.2000000e+01   5.7755262e-15   7.3112500e-01   7.3112500e-01
   6.0000000e+00   3.2000000e+01   5.0573565e-15   6.3509375e-01   6.3509375e-01
   7.0000000e+00   3.2000000e+01   4.9823289e-15   6.8984375e-01   6.8984375e-01
   8.0000000e+00   3.2000000e+01   5.1231170e-15   6.6253125e-01   6.6253125e-01
   9.0000000e+00   3.2000000e+01   4.8277542e-15   6.4565625e-01   6.4565625e-01
   1.0000000e+01   3.2000000e+01   5.3935887e-15   6.7675000e-01   6.7675000e-01
   1.1000000e+01   3.2000000e+01   5.2286331e-15   6.9821875e-01   6.9821875e-01
   1.2000000e+01   3.2000000e+01   5.0707597e-15   6.8637500e-01   6.8637500e-01
   1.3000000e+01   3.2000000e+01   5.0639803e-15   6.3537500e-01   6.3537500e-01
   1.4000000e+01   3.2000000e+01   5.2525233e-15   6.6671875e-01   6.6671875e-01
   1.5000000e+01   3.2000000e+01   4.9346687e-15   6.4518750e-01   6.4518750e-01
   1.6000000e+01   3.2000000e+01   4.8631343e-15   6.4371875e-01   6.4371875e-01
   1.7000000e+01   3.2000000e+01   4.9047249e-15   6.5843750e-01   6.5843750e-01
   1.8000000e+01   3.2000000e+01   5.3053610e-15   6.4278125e-01   6.4278125e-01
   1.9000000e+01   3.2000000e+01   5.1181852e-15   6.9818750e-01   6.9818750e-01
   2.0000000e+01   3.2000000e+01   5.5395564e-15   7.2453125e-01   7.2453125e-01
   2.1000000e+01   3.2000000e+01   5.7977654e-15   7.5090625e-01   7.5090625e-01
   2.2000000e+01   3.2000000e+01   5.5619336e-15   7.2728125e-01   7.2728125e-01
   2.3000000e+01   3.2000000e+01   5.3199702e-15   7.1103125e-01   7.1103125e-01
   2.4000000e+01   3.2000000e+01   5.2201439e-15   6.5568750e-01   6.5568750e-01
   2.5000000e+01   3.2000000e+01   4.8956612e-15   6.7681250e-01   6.7681250e-01
   2.6000000e+01   3.2000000e+01   5.1114641e-15   6.7656250e-01   6.7656250e-01
   2.7000000e+01   3.2000000e+01   4.9793644e-15   6.2946875e-01   6.2946875e-01
   2.8000000e+01   3.2000000e+01   5.4290569e-15   7.3546875e-01   7.3546875e-01
   2.9000000e+01   3.2000000e+01   5.3080420e-15   7.0650000e-01   7.0650000e-01
   3.0000000e+01   3.2000000e+01   5.2268191e-15   7.0318750e-01   7.0318750e-01
   3.1000000e+01   3.2000000e+01   5.0801299e-15   6.3603125e-01   6.3603125e-01
   3.2000000e+01   3.2000000e+01   5.0601380e-15   6.5731250e-01   6.5731250e-01
   3.3000000e+01   3.2000000e+01   4.9739291e-15   6.7390625e-01   6.7390625e-01
   3.4000000e+01   3.2000000e+01   5.0469255e-15   6.6881250e-01   6.6881250e-01
   3.5000000e+01   3.2000000e+01   5.2135894e-15   6.5750000e-01   6.5750000e-01
   1.0000000e+00   3.3000000e+01   5.3015340e-15   6.8900000e-01   6.8900000e-01
   2.0000000e+00   3.3000000e+01   5.5239248e-15   7.1918750e-01   7.1918750e-01
   3.0000000e+00   3.3000000e+01   5.7551728e-15   7.4865625e-01   7.4865625e-01
   4.0000000e+00   3.3000000e+01   5.8244538e-15   7.0506250e-01   7.0506250e-01
   5.0000000e+00   3.3000000e+01   5.7765888e-15   7.5921875e-01   7.5921875e-01
   6.0000000e+00   3.3000000e+01   5.4289198e-15   7.2056250e-01   7.2056250e-01
   7.0000000e+00   3.3000000e+01   5.4064372e-15   6.3009375e-01   6.3009375e-01
   8.0000000e+00   3.3000000e+01   5.2795691e-15   6.8709375e-01   6.8709375e-01
   9.0000000e+00   3.3000000e+01   5.2633979e-15   7.0075000e-01   7.0075000e-01
   1.0000000e+01   3.3000000e+01   5.1966906e-15   6.4956250e-01   6.4956250e-01
   1.1000000e+01   3.3000000e+01   5.2874067e-15   6.9959375e-01   6.9959375e-01
   1.2000000e+01   3.3000000e+01   5.2378477e-15   7.0406250e-01   7.0406250e-01
   1.3000000e+01   3.3000000e+01   5.1246110e-15   6.7281250e-01   6.7281250e-01
   1.4000000e+01   3.3000000e+01   5.3634317e-15   7.0309375e-01   7.0309375e-01
   1.5000000e+01   3.3000000e+01   4.7198106e-15   6.7312500e-01   6.7312500e-01
   1.6000000e+01   3.3000000e+01   4.6307242e-15   5.8903125e-01   5.8903125e-01
   1.7000000e+01   3.3000000e+01   5.0982585e-15   6.5946875e-01   6.5946875e-01
   1.8000000e+01   3.3000000e+01   5.1711651e-15   6.8571875e-01   6.8571875e-01
   1.9000000e+01   3.3000000e+01   5.3651945e-15   7.1565625e-01   7.1565625e-01
   2.0000000e+01   3.3000000e+01   5.6047010e-15   7.5834375e-01   7.5834375e-01
   2.1000000e+01   3.3000000e+01   5.8364280e-15   7.4490625e-01   7.4490625e-01
   2.2000000e+01   3.3000000e+01   5.4532657e-15   7.4153125e-01   7.4153125e-01
   2.3000000e+01   3.3000000e+01   5.3246266e-15   6.7128125e-01   6.7128125e-01
   2.4000000e+01   3.3000000e+01   4.9769841e-15   6.6662500e-01   6.6662500e-01
   2.5000000e+01   3.3000000e+01   5.1035160e-15   6.7731250e-01   6.7731250e-01
   2.6000000e+01   3.3000000e+01   5.3385701e-15   6.9493750e-01   6.9493750e-01
   2.7000000e+01   3.3000000e+01   5.4884972e-15   7.2334375e-01   7.2334375e-01
   2.8000000e+01   3.3000000e+01   5.4080385e-15   7.1628125e-01   7.1628125e-01
   2.9000000e+01   3.3000000e+01   5.3926996e-15   6.6246875e-01   6.6246875e-01
   3.0000000e+01   3.3000000e+01   5.5179228e-15   7.0990625e-01   7.0990625e-01
   3.1000000e+01   3.3000000e+01   5.1912448e-15   6.7775000e-01   6.7775000e-01
   3.2000000e+01   3.3000000e+01   5.2499811e-15   6.7487500e-01   6.7487500e-01
   3.3000000e+01   3.3000000e+01   4.8712581e-15   6.6615625e-01   6.6615625e-01
   3.4000000e+01   3.3000000e+01   5.3175878e-15   7.0687500e-01   7.0687500e-01
   3.5000000e+01   3.3000000e+01   5.3386328e-15   6.9831250e-01   6.9831250e-01
   1.0000000e+00   3.4000000e+01   5.0958229e-15   6.5618750e-01   6.5618750e-01
   2.0000000e+00   3.4000000e+01   5.4239496e-15   6.8740625e-01   6.8740625e-01
   3.0000000e+00   3.4000000e+01   5.7544463e-15   7.3478125e-01   7.3478125e-01
   4.0000000e+00   3.4000000e+01   5.8046939e-15   7.7637500e-01   7.7637500e-01
   5.0000000e+00   3.4000000e+01   5.7524530e-15   7.5243750e-01   7.5243750e-01
   6.0000000e+00   3.4000000e+01   5.4746912e-15   6.8662500e-01   6.8662500e-01
   7.0000000e+00   3.4000000e+01   5.3083045e-15   6.9265625e-01   6.9265625e-01
   8.0000000e+00   3.4000000e+01   5.1964394e-15   6.8328125e-01   6.8328125e-01
   9.0000000e+00   3.4000000e+01   5.0942890e-15   6.8109375e-01   6.8109375e-01
   1.0000000e+01   3.4000000e+01   5.3121641e-15   7.0837500e-01   7.0837500e-01
   1.1000000e+01   3.4000000e+01   5.4109548e-15   7.1231250e-01   7.1231250e-01
   1.2000000e+01   3.4000000e+01   5.8594621e-15   7.2315625e-01   7.2315625e-01
   1.3000000e+01   3.4000000e+01   5.4333100e-15   7.2443750e-01   7.2443750e-01
   1.4000000e+01   3.4000000e+01   5.1684359e-15   6.6946875e-01   6.6946875e-01
   1.5000000e+01   3.4000000e+01   5.2166635e-15   6.7418750e-01   6.7418750e-01
   1.6000000e+01   3.4000000e+01   5.0449220e-15   6.7415625e-01   6.7415625e-01
   1.7000000e+01   3.4000000e+01   4.9400963e-15   6.5859375e-01   6.5859375e-01
   1.8000000e+01   3.4000000e+01   5.4053835e-15   6.9990625e-01   6.9990625e-01
   1.9000000e+01   3.4000000e+01   5.5392049e-15   7.3703125e-01   7.3703125e-01
   2.0000000e+01   3.4000000e+01   5.5240561e-15   7.3834375e-01   7.3834375e-01
   2.1000000e+01   3.4000000e+01   5.8172326e-15   7.2518750e-01   7.2518750e-01
   2.2000000e+01   3.4000000e+01   5.9254373e-15   7.7962500e-01   7.7962500e-01
   2.3000000e+01   3.4000000e+01   5.6591666e-15   7.5421875e-01   7.5421875e-01
   2.4000000e+01   3.4000000e+01   5.2189270e-15   6.9225000e-01   6.9225000e-01
   2.5000000e+01   3.4000000e+01   5.2024867e-15   6.5500000e-01   6.5500000e-01
   2.6000000e+01   3.4000000e+01   5.1353783e-15   6.7300000e-01   6.7300000e-01
   2.7000000e+01   3.4000000e+01   5.3939113e-15   7.1581250e-01   7.1581250e-01
   2.8000000e+01   3.4000000e+01   5.6093007e-15   7.3662500e-01   7.3662500e-01
   2.9000000e+01   3.4000000e+01   5.7119956e-15   7.2331250e-01   7.2331250e-01
   3.0000000e+01   3.4000000e+01   5.5878099e-15   7.2525000e-01   7.2525000e-01
   3.1000000e+01   3.4000000e+01   5.6058024e-15   7.1656250e-01   7.1656250e-01
   3.2000000e+01   3.4000000e+01   5.1936222e-15   6.8337500e-01   6.8337500e-01
   3.3000000e+01   3.4000000e+01   5.3987136e-15   6.7731250e-01   6.7731250e-01
   3.4000000e+01   3.4000000e+01   5.1540372e-15   6.7425000e-01   6.7425000e-01
   3.5000000e+01   3.4000000e+01   5.3555391e-15   7.0134375e-01   7.0134375e-01
   1.0000000e+00   3.5000000e+01   5.3670882e-15   6.9415625e-01   6.9415625e-01
   2.0000000e+00   3.5000000e+01   5.6416250e-15   7.3668750e-01   7.3668750e-01
   3.0000000e+00   3.5000000e+01   5.7732771e-15   7.5984375e-01   7.5984375e-01
   4.0000000e+00   3.5000000e+01   6.0550744e-15   8.0115625e-01   8.0115625e-01
   5.0000000e+00   3.5000000e+01   5.9751894e-15   7.8731250e-01   7.8731250e-01
   6.0000000e+00   3.5000000e+01   5.7039736e-15   7.2768750e-01   7.2768750e-01
   7.0000000e+00   3.5000000e+01   5.5125312e-15   6.8246875e-01   6.8246875e-01
   8.0000000e+00   3.5000000e+01   5.3686403e-15   7.1850000e-01   7.1850000e-01
   9.0000000e+00   3.5000000e+01   5.1719481e-15   6.8287500e-01   6.8287500e-01
   1.0000000e+01   3.5000000e+01   5.6941031e-15   7.0803125e-01   7.0803125e-01
   1.1000000e+01   3.5000000e+01   5.6781505e-15   7.4534375e-01   7.4534375e-01
   1.2000000e+01   3.5000000e+01   5.5752133e-15   7.0965625e-01   7.0965625e-01
   1.3000000e+01   3.5000000e+01   5.6987614e-15   7.2393750e-01   7.2393750e-01
   1.4000000e+01   3.5000000e+01   5.2543113e-15   7.0681250e-01   7.0681250e-01
   1.5000000e+01   3.5000000e+01   5.1452249e-15   6.6340625e-01   6.6340625e-01
   1.6000000e+01   3.5000000e+01   5.2443206e-15   6.8515625e-01   6.8515625e-01
   1.7000000e+01   3.5000000e+01   5.2955409e-15   6.6718750e-01   6.6718750e-01
   1.8000000e+01   3.5000000e+01   5.7486163e-15   7.3125000e-01   7.3125000e-01
   1.9000000e+01   3.5000000e+01   5.7761265e-15   7.6765625e-01   7.6765625e-01
   2.0000000e+01   3.5000000e+01   5.8225440e-15   7.7196875e-01   7.7196875e-01
   2.1000000e+01   3.5000000e+01   6.2657518e-15   8.0128125e-01   8.0128125e-01
   2.2000000e+01   3.5000000e+01   5.7381831e-15   7.6509375e-01   7.6509375e-01
   2.3000000e+01   3.5000000e+01   5.7473695e-15   7.5337500e-01   7.5337500e-01
   2.4000000e+01   3.5000000e+01   5.4536803e-15   7.1668750e-01   7.1668750e-01
   2.5000000e+01   3.5000000e+01   5.0837992e-15   6.8206250e-01   6.8206250e-01
   2.6000000e+01   3.5000000e+01   5.6077872e-15   7.1815625e-01   7.1815625e-01
   2.7000000e+01   3.5000000e+01   5.7101581e-15   7.4846875e-01   7.4846875e-01
   2.8000000e+01   3.5000000e+01   5.8051990e-15   7.5531250e-01   7.5531250e-01
   2.9000000e+01   3.5000000e+01   5.7068503e-15   7.6368750e-01   7.6368750e-01
   3.0000000e+01   3.5000000e+01   5.8552355e-15   7.4700000e-01   7.4700000e-01
   3.1000000e+01   3.5000000e+01   5.3315139e-15   7.2781250e-01   7.2781250e-01
   3.2000000e+01   3.5000000e+01   5.0423902e-15   6.5196875e-01   6.5196875e-01
   3.3000000e+01   3.5000000e+01   5.4088839e-15   6.9700000e-01   6.9700000e-01
   3.4000000e+01   3.5000000e+01   5.2067264e-15   7.1081250e-01   7.1081250e-01
   3.5000000e+01   3.5000000e+01   5.4913179e-15   7.2793750e-01   7.2793750e-01
