   1.0000000e+00   1.0000000e+00   1.0351860e-14   1.1110156e+00   1.1110156e+00
   2.0000000e+00   1.0000000e+00   9.5655366e-15   1.0532031e+00   1.0532031e+00
   3.0000000e+00   1.0000000e+00   1.0385002e-14   1.0588281e+00   1.0588281e+00
   4.0000000e+00   1.0000000e+00   1.0141307e-14   1.0834375e+00   1.0834375e+00
   5.0000000e+00   1.0000000e+00   1.0830132e-14   1.1186719e+00   1.1186719e+00
   6.0000000e+00   1.0000000e+00   1.0774761e-14   1.1369531e+00   1.1369531e+00
   7.0000000e+00   1.0000000e+00   1.0252978e-14   1.0654688e+00   1.0654688e+00
   8.0000000e+00   1.0000000e+00   1.0256599e-14   1.0914063e+00   1.0914063e+00
   9.0000000e+00   1.0000000e+00   9.4601019e-15   1.0150000e+00   1.0150000e+00
   1.0000000e+01   1.0000000e+00   9.3997203e-15   9.8421875e-01   9.8421875e-01
   1.1000000e+01   1.0000000e+00   9.2780544e-15   1.0197656e+00   1.0197656e+00
   1.2000000e+01   1.0000000e+00   1.0459490e-14   1.1071875e+00   1.1071875e+00
   1.3000000e+01   1.0000000e+00   1.0527570e-14   1.1262500e+00   1.1262500e+00
   1.4000000e+01   1.0000000e+00   1.0872692e-14   1.1330469e+00   1.1330469e+00
   1.5000000e+01   1.0000000e+00   1.1605814e-14   1.1834375e+00   1.1834375e+00
   1.6000000e+01   1.0000000e+00   1.0882128e-14   1.1860156e+00   1.1860156e+00
   1.7000000e+01   1.0000000e+00   1.1325141e-14   1.1801563e+00   1.1801563e+00
   1.8000000e+01   1.0000000e+00   9.7105439e-15   1.0571875e+00   1.0571875e+00
   1.9000000e+01   1.0000000e+00   1.0454059e-14   1.0907031e+00   1.0907031e+00
   2.0000000e+01   1.0000000e+00   1.0550057e-14   1.1076563e+00   1.1076563e+00
   2.1000000e+01   1.0000000e+00   1.0622248e-14   1.1526563e+00   1.1526563e+00
   2.2000000e+01   1.0000000e+00   1.1012576e-14   1.1663281e+00   1.1663281e+00
   2.3000000e+01   1.0000000e+00   1.0567159e-14   1.1260156e+00   1.1260156e+00
   2.4000000e+01   1.0000000e+00   1.0665452e-14   1.1257031e+00   1.1257031e+00
   2.5000000e+01   1.0000000e+00   1.0460092e-14   1.0642188e+00   1.0642188e+00
   2.6000000e+01   1.0000000e+00   9.9486764e-15   1.0359375e+00   1.0359375e+00
   2.7000000e+01   1.0000000e+00   9.7933541e-15   1.0410156e+00   1.0410156e+00
   2.8000000e+01   1.0000000e+00   1.0214570e-14   1.0611719e+00   1.0611719e+00
   2.9000000e+01   1.0000000e+00   1.0453881e-14   1.0896094e+00   1.0896094e+00
   3.0000000e+01   1.0000000e+00   1.1026344e-14   1.1670313e+00   1.1670313e+00
   3.1000000e+01   1.0000000e+00   1.1544000e-14   1.2071875e+00   1.2071875e+00
   3.2000000e+01   1.0000000e+00   1.1102246e-14   1.2050000e+00   1.2050000e+00
   3.3000000e+01   1.0000000e+00   1.1105568e-14   1.1632031e+00   1.1632031e+00
   3.4000000e+01   1.0000000e+00   1.0387448e-14   1.0906250e+00   1.0906250e+00
   3.5000000e+01   1.0000000e+00   9.6286617e-15   1.0261719e+00   1.0261719e+00
   1.0000000e+00   2.0000000e+00   1.0124222e-14   1.0192188e+00   1.0192188e+00
   2.0000000e+00   2.0000000e+00   9.7732052e-15   1.0178125e+00   1.0178125e+00
   3.0000000e+00   2.0000000e+00   1.0052812e-14   1.0992188e+00   1.0992188e+00
   4.0000000e+00   2.0000000e+00   1.0387536e-14   1.1000781e+00   1.1000781e+00
   5.0000000e+00   2.0000000e+00   1.0122677e-14   1.0839844e+00   1.0839844e+00
   6.0000000e+00   2.0000000e+00   1.0460607e-14   1.1049219e+00   1.1049219e+00
   7.0000000e+00   2.0000000e+00   1.0419649e-14   1.0734375e+00   1.0734375e+00
   8.0000000e+00   2.0000000e+00   9.7646550e-15   1.0232813e+00   1.0232813e+00
   9.0000000e+00   2.0000000e+00   9.3748573e-15   9.4007813e-01   9.4007813e-01
   1.0000000e+01   2.0000000e+00   9.4489529e-15   9.5984375e-01   9.5984375e-01
   1.1000000e+01   2.0000000e+00   1.0019614e-14   1.0105469e+00   1.0105469e+00
   1.2000000e+01   2.0000000e+00   9.7829782e-15   1.0460156e+00   1.0460156e+00
   1.3000000e+01   2.0000000e+00   1.0328467e-14   1.0660156e+00   1.0660156e+00
   1.4000000e+01   2.0000000e+00   1.1227904e-14   1.1421094e+00   1.1421094e+00
   1.5000000e+01   2.0000000e+00   1.1133376e-14   1.1220313e+00   1.1220313e+00
   1.6000000e+01   2.0000000e+00   1.1232673e-14   1.1775781e+00   1.1775781e+00
   1.7000000e+01   2.0000000e+00   1.0186048e-14   1.0615625e+00   1.0615625e+00
   1.8000000e+01   2.0000000e+00   9.8853492e-15   1.0214844e+00   1.0214844e+00
   1.9000000e+01   2.0000000e+00   9.8656148e-15   1.0656250e+00   1.0656250e+00
   2.0000000e+01   2.0000000e+00   1.0375148e-14   1.1160938e+00   1.1160938e+00
   2.1000000e+01   2.0000000e+00   1.0712369e-14   1.1075781e+00   1.1075781e+00
   2.2000000e+01   2.0000000e+00   1.0760663e-14   1.1629688e+00   1.1629688e+00
   2.3000000e+01   2.0000000e+00   1.0854185e-14   1.1182813e+00   1.1182813e+00
   2.4000000e+01   2.0000000e+00   1.0978838e-14   1.1238281e+00   1.1238281e+00
   2.5000000e+01   2.0000000e+00   1.0157545e-14   1.0627344e+00   1.0627344e+00
   2.6000000e+01   2.0000000e+00   9.3344301e-15   9.7984375e-01   9.7984375e-01
   2.7000000e+01   2.0000000e+00   9.5165876e-15   1.0060938e+00   1.0060938e+00
   2.8000000e+01   2.0000000e+00   1.0372018e-14   1.0684375e+00   1.0684375e+00
   2.9000000e+01   2.0000000e+00   1.0232112e-14   1.0603906e+00   1.0603906e+00
   3.0000000e+01   2.0000000e+00   1.0667068e-14   1.0908594e+00   1.0908594e+00
   3.1000000e+01   2.0000000e+00   1.0701956e-14   1.1053906e+00   1.1053906e+00
   3.2000000e+01   2.0000000e+00   1.1047081e-14   1.1429688e+00   1.1429688e+00
   3.3000000e+01   2.0000000e+00   1.0879107e-14   1.1149219e+00   1.1149219e+00
   3.4000000e+01   2.0000000e+00   1.0083232e-14   1.0403125e+00   1.0403125e+00
   3.5000000e+01   2.0000000e+00   9.8406896e-15   1.0724219e+00   1.0724219e+00
   1.0000000e+00   3.0000000e+00   9.3365019e-15   9.7632813e-01   9.7632813e-01
   2.0000000e+00   3.0000000e+00   9.6671546e-15   1.0291406e+00   1.0291406e+00
   3.0000000e+00   3.0000000e+00   1.0063730e-14   1.0459375e+00   1.0459375e+00
   4.0000000e+00   3.0000000e+00   9.9996472e-15   1.0221875e+00   1.0221875e+00
   5.0000000e+00   3.0000000e+00   1.0527610e-14   1.1217188e+00   1.1217188e+00
   6.0000000e+00   3.0000000e+00   1.0513917e-14   1.0950781e+00   1.0950781e+00
   7.0000000e+00   3.0000000e+00   1.0461419e-14   1.0643750e+00   1.0643750e+00
   8.0000000e+00   3.0000000e+00   9.8535673e-15   1.0129688e+00   1.0129688e+00
   9.0000000e+00   3.0000000e+00   9.2428611e-15   9.4921875e-01   9.4921875e-01
   1.0000000e+01   3.0000000e+00   8.9656960e-15   9.2828125e-01   9.2828125e-01
   1.1000000e+01   3.0000000e+00   9.7129529e-15   9.9945313e-01   9.9945313e-01
   1.2000000e+01   3.0000000e+00   1.0014084e-14   1.0375781e+00   1.0375781e+00
   1.3000000e+01   3.0000000e+00   1.0317667e-14   1.0892969e+00   1.0892969e+00
   1.4000000e+01   3.0000000e+00   1.0227712e-14   1.0936719e+00   1.0936719e+00
   1.5000000e+01   3.0000000e+00   1.0623494e-14   1.0969531e+00   1.0969531e+00
   1.6000000e+01   3.0000000e+00   1.0757227e-14   1.1256250e+00   1.1256250e+00
   1.7000000e+01   3.0000000e+00   1.0220297e-14   1.0366406e+00   1.0366406e+00
   1.8000000e+01   3.0000000e+00   9.6001018e-15   1.0426563e+00   1.0426563e+00
   1.9000000e+01   3.0000000e+00   1.0102494e-14   9.9054688e-01   9.9054688e-01
   2.0000000e+01   3.0000000e+00   9.9385850e-15   1.0197656e+00   1.0197656e+00
   2.1000000e+01   3.0000000e+00   1.0460857e-14   1.0964844e+00   1.0964844e+00
   2.2000000e+01   3.0000000e+00   1.0565428e-14   1.1227344e+00   1.1227344e+00
   2.3000000e+01   3.0000000e+00   1.0512061e-14   1.0847656e+00   1.0847656e+00
   2.4000000e+01   3.0000000e+00   9.8932044e-15   1.0547656e+00   1.0547656e+00
   2.5000000e+01   3.0000000e+00   1.0124669e-14   1.0444531e+00   1.0444531e+00
   2.6000000e+01   3.0000000e+00   9.4357617e-15   9.8000000e-01   9.8000000e-01
   2.7000000e+01   3.0000000e+00   9.6689085e-15   1.0078906e+00   1.0078906e+00
   2.8000000e+01   3.0000000e+00   1.0287657e-14   1.0596875e+00   1.0596875e+00
   2.9000000e+01   3.0000000e+00   1.0129972e-14   1.0626563e+00   1.0626563e+00
   3.0000000e+01   3.0000000e+00   1.0239393e-14   1.0716406e+00   1.0716406e+00
   3.1000000e+01   3.0000000e+00   1.0738779e-14   1.1423438e+00   1.1423438e+00
   3.2000000e+01   3.0000000e+00   1.0972653e-14   1.1495313e+00   1.1495313e+00
   3.3000000e+01   3.0000000e+00   1.0583032e-14   1.1228906e+00   1.1228906e+00
   3.4000000e+01   3.0000000e+00   1.0076031e-14   1.0219531e+00   1.0219531e+00
   3.5000000e+01   3.0000000e+00   9.4111168e-15   1.0111719e+00   1.0111719e+00
   1.0000000e+00   4.0000000e+00   9.7392247e-15   9.7507813e-01   9.7507813e-01
   2.0000000e+00   4.0000000e+00   9.3879136e-15   9.5195313e-01   9.5195313e-01
   3.0000000e+00   4.0000000e+00   1.0070161e-14   1.0500781e+00   1.0500781e+00
   4.0000000e+00   4.0000000e+00   9.8705249e-15   1.0264844e+00   1.0264844e+00
   5.0000000e+00   4.0000000e+00   1.0160643e-14   1.0437500e+00   1.0437500e+00
   6.0000000e+00   4.0000000e+00   1.0050881e-14   1.0389063e+00   1.0389063e+00
   7.0000000e+00   4.0000000e+00   9.7580201e-15   1.0200000e+00   1.0200000e+00
   8.0000000e+00   4.0000000e+00   9.7759429e-15   1.0165625e+00   1.0165625e+00
   9.0000000e+00   4.0000000e+00   9.7273273e-15   9.4882813e-01   9.4882813e-01
   1.0000000e+01   4.0000000e+00   8.8260491e-15   8.9796875e-01   8.9796875e-01
   1.1000000e+01   4.0000000e+00   9.4028106e-15   9.4210938e-01   9.4210938e-01
   1.2000000e+01   4.0000000e+00   9.3255820e-15   9.3156250e-01   9.3156250e-01
   1.3000000e+01   4.0000000e+00   9.7889350e-15   1.0007813e+00   1.0007813e+00
   1.4000000e+01   4.0000000e+00   1.0233267e-14   1.0417188e+00   1.0417188e+00
   1.5000000e+01   4.0000000e+00   1.0402981e-14   1.0760938e+00   1.0760938e+00
   1.6000000e+01   4.0000000e+00   1.0379760e-14   1.0620313e+00   1.0620313e+00
   1.7000000e+01   4.0000000e+00   9.8662615e-15   1.0293750e+00   1.0293750e+00
   1.8000000e+01   4.0000000e+00   9.5429882e-15   9.8718750e-01   9.8718750e-01
   1.9000000e+01   4.0000000e+00   9.3659662e-15   9.6226563e-01   9.6226563e-01
   2.0000000e+01   4.0000000e+00   9.7530287e-15   1.0008594e+00   1.0008594e+00
   2.1000000e+01   4.0000000e+00   1.0008342e-14   1.0760938e+00   1.0760938e+00
   2.2000000e+01   4.0000000e+00   1.0522932e-14   1.0705469e+00   1.0705469e+00
   2.3000000e+01   4.0000000e+00   9.8852293e-15   1.0454688e+00   1.0454688e+00
   2.4000000e+01   4.0000000e+00   9.9057142e-15   1.0314844e+00   1.0314844e+00
   2.5000000e+01   4.0000000e+00   1.0020599e-14   1.0220313e+00   1.0220313e+00
   2.6000000e+01   4.0000000e+00   9.3300775e-15   9.8187500e-01   9.8187500e-01
   2.7000000e+01   4.0000000e+00   9.0875754e-15   9.8101563e-01   9.8101563e-01
   2.8000000e+01   4.0000000e+00   9.5830429e-15   9.9546875e-01   9.9546875e-01
   2.9000000e+01   4.0000000e+00   9.7674919e-15   1.0143750e+00   1.0143750e+00
   3.0000000e+01   4.0000000e+00   1.0054695e-14   1.0707813e+00   1.0707813e+00
   3.1000000e+01   4.0000000e+00   1.0435421e-14   1.0950000e+00   1.0950000e+00
   3.2000000e+01   4.0000000e+00   1.0594932e-14   1.0890625e+00   1.0890625e+00
   3.3000000e+01   4.0000000e+00   9.8914772e-15   1.0832031e+00   1.0832031e+00
   3.4000000e+01   4.0000000e+00   9.5889253e-15   9.9203125e-01   9.9203125e-01
   3.5000000e+01   4.0000000e+00   9.4005510e-15   9.6976563e-01   9.6976563e-01
   1.0000000e+00   5.0000000e+00   9.5324229e-15   9.8312500e-01   9.8312500e-01
   2.0000000e+00   5.0000000e+00   9.3210463e-15   9.2289063e-01   9.2289063e-01
   3.0000000e+00   5.0000000e+00   9.5618210e-15   9.2632813e-01   9.2632813e-01
   4.0000000e+00   5.0000000e+00   9.7703618e-15   1.0341406e+00   1.0341406e+00
   5.0000000e+00   5.0000000e+00   9.9885046e-15   1.0123438e+00   1.0123438e+00
   6.0000000e+00   5.0000000e+00   9.9733793e-15   9.8343750e-01   9.8343750e-01
   7.0000000e+00   5.0000000e+00   9.6247843e-15   1.0193750e+00   1.0193750e+00
   8.0000000e+00   5.0000000e+00   9.6084386e-15   9.8523438e-01   9.8523438e-01
   9.0000000e+00   5.0000000e+00   8.4529647e-15   8.9179688e-01   8.9179688e-01
   1.0000000e+01   5.0000000e+00   8.3949956e-15   9.1562500e-01   9.1562500e-01
   1.1000000e+01   5.0000000e+00   8.8656767e-15   8.8343750e-01   8.8343750e-01
   1.2000000e+01   5.0000000e+00   9.4458789e-15   9.3671875e-01   9.3671875e-01
   1.3000000e+01   5.0000000e+00   9.9011985e-15   1.0350000e+00   1.0350000e+00
   1.4000000e+01   5.0000000e+00   1.0210986e-14   1.0060156e+00   1.0060156e+00
   1.5000000e+01   5.0000000e+00   1.0189416e-14   1.0310938e+00   1.0310938e+00
   1.6000000e+01   5.0000000e+00   1.0392532e-14   1.0553906e+00   1.0553906e+00
   1.7000000e+01   5.0000000e+00   9.7943224e-15   1.0023438e+00   1.0023438e+00
   1.8000000e+01   5.0000000e+00   9.0637372e-15   9.1906250e-01   9.1906250e-01
   1.9000000e+01   5.0000000e+00   9.4668166e-15   9.4601563e-01   9.4601563e-01
   2.0000000e+01   5.0000000e+00   9.5536961e-15   9.7460938e-01   9.7460938e-01
   2.1000000e+01   5.0000000e+00   9.7603257e-15   1.0129688e+00   1.0129688e+00
   2.2000000e+01   5.0000000e+00   1.0180621e-14   1.0066406e+00   1.0066406e+00
   2.3000000e+01   5.0000000e+00   9.6451992e-15   1.0142188e+00   1.0142188e+00
   2.4000000e+01   5.0000000e+00   1.0002272e-14   1.0160156e+00   1.0160156e+00
   2.5000000e+01   5.0000000e+00   9.7352343e-15   9.8757813e-01   9.8757813e-01
   2.6000000e+01   5.0000000e+00   9.3389314e-15   9.6390625e-01   9.6390625e-01
   2.7000000e+01   5.0000000e+00   8.7557763e-15   9.1695313e-01   9.1695313e-01
   2.8000000e+01   5.0000000e+00   9.6268617e-15   9.6859375e-01   9.6859375e-01
   2.9000000e+01   5.0000000e+00   9.1707090e-15   9.8070313e-01   9.8070313e-01
   3.0000000e+01   5.0000000e+00   1.0256030e-14   1.0616406e+00   1.0616406e+00
   3.1000000e+01   5.0000000e+00   1.0078416e-14   1.0645313e+00   1.0645313e+00
   3.2000000e+01   5.0000000e+00   1.0154730e-14   1.0689844e+00   1.0689844e+00
   3.3000000e+01   5.0000000e+00   9.7940238e-15   1.0846875e+00   1.0846875e+00
   3.4000000e+01   5.0000000e+00   9.4238023e-15   9.2976563e-01   9.2976563e-01
   3.5000000e+01   5.0000000e+00   9.2600216e-15   9.4742188e-01   9.4742188e-01
   1.0000000e+00   6.0000000e+00   8.7824449e-15   9.2976563e-01   9.2976563e-01
   2.0000000e+00   6.0000000e+00   8.7959065e-15   8.9804688e-01   8.9804688e-01
   3.0000000e+00   6.0000000e+00   9.4306155e-15   9.8132813e-01   9.8132813e-01
   4.0000000e+00   6.0000000e+00   9.3272428e-15   9.5234375e-01   9.5234375e-01
   5.0000000e+00   6.0000000e+00   9.5757252e-15   9.5242188e-01   9.5242188e-01
   6.0000000e+00   6.0000000e+00   9.4235880e-15   9.7710938e-01   9.7710938e-01
   7.0000000e+00   6.0000000e+00   9.2700336e-15   8.9421875e-01   8.9421875e-01
   8.0000000e+00   6.0000000e+00   9.2818474e-15   9.5195313e-01   9.5195313e-01
   9.0000000e+00   6.0000000e+00   8.6103717e-15   8.7945313e-01   8.7945313e-01
   1.0000000e+01   6.0000000e+00   8.5764140e-15   8.6257813e-01   8.6257813e-01
   1.1000000e+01   6.0000000e+00   8.7684996e-15   8.4492188e-01   8.4492188e-01
   1.2000000e+01   6.0000000e+00   9.0292041e-15   9.0250000e-01   9.0250000e-01
   1.3000000e+01   6.0000000e+00   9.3976998e-15   9.1710938e-01   9.1710938e-01
   1.4000000e+01   6.0000000e+00   9.7715356e-15   1.0121094e+00   1.0121094e+00
   1.5000000e+01   6.0000000e+00   1.0000230e-14   1.0211719e+00   1.0211719e+00
   1.6000000e+01   6.0000000e+00   9.9862695e-15   1.0289063e+00   1.0289063e+00
   1.7000000e+01   6.0000000e+00   9.4225591e-15   9.2968750e-01   9.2968750e-01
   1.8000000e+01   6.0000000e+00   9.1525873e-15   9.1929688e-01   9.1929688e-01
   1.9000000e+01   6.0000000e+00   9.6041546e-15   9.7257813e-01   9.7257813e-01
   2.0000000e+01   6.0000000e+00   9.6934533e-15   9.5132813e-01   9.5132813e-01
   2.1000000e+01   6.0000000e+00   9.4568883e-15   9.8570313e-01   9.8570313e-01
   2.2000000e+01   6.0000000e+00   9.7844766e-15   9.7484375e-01   9.7484375e-01
   2.3000000e+01   6.0000000e+00   9.6283644e-15   9.9312500e-01   9.9312500e-01
   2.4000000e+01   6.0000000e+00   9.7105104e-15   9.6304688e-01   9.6304688e-01
   2.5000000e+01   6.0000000e+00   9.2239961e-15   9.4734375e-01   9.4734375e-01
   2.6000000e+01   6.0000000e+00   8.9867519e-15   9.0851563e-01   9.0851563e-01
   2.7000000e+01   6.0000000e+00   9.0000056e-15   8.8828125e-01   8.8828125e-01
   2.8000000e+01   6.0000000e+00   9.2020208e-15   9.3085938e-01   9.3085938e-01
   2.9000000e+01   6.0000000e+00   9.3077581e-15   9.5953125e-01   9.5953125e-01
   3.0000000e+01   6.0000000e+00   9.4828015e-15   9.8335938e-01   9.8335938e-01
   3.1000000e+01   6.0000000e+00   9.8221047e-15   9.9390625e-01   9.9390625e-01
   3.2000000e+01   6.0000000e+00   1.0317514e-14   1.0118750e+00   1.0118750e+00
   3.3000000e+01   6.0000000e+00   9.3655604e-15   9.5953125e-01   9.5953125e-01
   3.4000000e+01   6.0000000e+00   9.0177551e-15   9.3992188e-01   9.3992188e-01
   3.5000000e+01   6.0000000e+00   9.4427359e-15   9.2734375e-01   9.2734375e-01
   1.0000000e+00   7.0000000e+00   8.8745182e-15   9.0656250e-01   9.0656250e-01
   2.0000000e+00   7.0000000e+00   9.3148220e-15   9.3375000e-01   9.3375000e-01
   3.0000000e+00   7.0000000e+00   8.6697599e-15   8.8000000e-01   8.8000000e-01
   4.0000000e+00   7.0000000e+00   9.5244893e-15   9.5328125e-01   9.5328125e-01
   5.0000000e+00   7.0000000e+00   9.7764626e-15   9.8562500e-01   9.8562500e-01
   6.0000000e+00   7.0000000e+00   9.3890538e-15   9.5773438e-01   9.5773438e-01
   7.0000000e+00   7.0000000e+00   9.0856320e-15   9.3570313e-01   9.3570313e-01
   8.0000000e+00   7.0000000e+00   9.2095633e-15   9.3195313e-01   9.3195313e-01
   9.0000000e+00   7.0000000e+00   8.5868801e-15   9.1492188e-01   9.1492188e-01
   1.0000000e+01   7.0000000e+00   8.4687687e-15   8.4929688e-01   8.4929688e-01
   1.1000000e+01   7.0000000e+00   8.3821694e-15   8.7929688e-01   8.7929688e-01
   1.2000000e+01   7.0000000e+00   9.3157177e-15   9.3554688e-01   9.3554688e-01
   1.3000000e+01   7.0000000e+00   9.1545949e-15   9.2218750e-01   9.2218750e-01
   1.4000000e+01   7.0000000e+00   9.6941139e-15   9.7882813e-01   9.7882813e-01
   1.5000000e+01   7.0000000e+00   9.8658362e-15   9.9539063e-01   9.9539063e-01
   1.6000000e+01   7.0000000e+00   1.0032593e-14   1.0067188e+00   1.0067188e+00
   1.7000000e+01   7.0000000e+00   9.6584228e-15   9.4929688e-01   9.4929688e-01
   1.8000000e+01   7.0000000e+00   8.5499277e-15   8.5695313e-01   8.5695313e-01
   1.9000000e+01   7.0000000e+00   9.4275100e-15   9.2984375e-01   9.2984375e-01
   2.0000000e+01   7.0000000e+00   9.2968468e-15   9.5578125e-01   9.5578125e-01
   2.1000000e+01   7.0000000e+00   9.2737588e-15   9.5109375e-01   9.5109375e-01
   2.2000000e+01   7.0000000e+00   9.2805059e-15   9.6960938e-01   9.6960938e-01
   2.3000000e+01   7.0000000e+00   9.4753678e-15   9.6164063e-01   9.6164063e-01
   2.4000000e+01   7.0000000e+00   9.4640523e-15   9.6398438e-01   9.6398438e-01
   2.5000000e+01   7.0000000e+00   9.2833467e-15   9.3281250e-01   9.3281250e-01
   2.6000000e+01   7.0000000e+00   8.4575501e-15   8.3937500e-01   8.3937500e-01
   2.7000000e+01   7.0000000e+00   9.0918617e-15   9.1468750e-01   9.1468750e-01
   2.8000000e+01   7.0000000e+00   9.2014544e-15   9.4601563e-01   9.4601563e-01
   2.9000000e+01   7.0000000e+00   9.3507441e-15   9.5218750e-01   9.5218750e-01
   3.0000000e+01   7.0000000e+00   9.4002822e-15   9.4781250e-01   9.4781250e-01
   3.1000000e+01   7.0000000e+00   9.5237241e-15   1.0000000e+00   1.0000000e+00
   3.2000000e+01   7.0000000e+00   9.7122986e-15   1.0094531e+00   1.0094531e+00
   3.3000000e+01   7.0000000e+00   9.8764365e-15   1.0029688e+00   1.0029688e+00
   3.4000000e+01   7.0000000e+00   9.4093426e-15   9.5007813e-01   9.5007813e-01
   3.5000000e+01   7.0000000e+00   9.1706397e-15   9.3296875e-01   9.3296875e-01
   1.0000000e+00   8.0000000e+00   8.6878986e-15   8.3789063e-01   8.3789063e-01
   2.0000000e+00   8.0000000e+00   8.8245642e-15   8.7000000e-01   8.7000000e-01
   3.0000000e+00   8.0000000e+00   9.2220334e-15   9.1171875e-01   9.1171875e-01
   4.0000000e+00   8.0000000e+00   9.2464681e-15   9.5359375e-01   9.5359375e-01
   5.0000000e+00   8.0000000e+00   9.1980144e-15   9.5179688e-01   9.5179688e-01
   6.0000000e+00   8.0000000e+00   9.5486964e-15   9.8132813e-01   9.8132813e-01
   7.0000000e+00   8.0000000e+00   9.4348474e-15   9.7476563e-01   9.7476563e-01
   8.0000000e+00   8.0000000e+00   9.2141376e-15   9.6289063e-01   9.6289063e-01
   9.0000000e+00   8.0000000e+00   8.8685417e-15   8.9804688e-01   8.9804688e-01
   1.0000000e+01   8.0000000e+00   8.7531363e-15   8.7906250e-01   8.7906250e-01
   1.1000000e+01   8.0000000e+00   8.9700335e-15   9.0234375e-01   9.0234375e-01
   1.2000000e+01   8.0000000e+00   9.3653577e-15   9.2492188e-01   9.2492188e-01
   1.3000000e+01   8.0000000e+00   9.7563273e-15   9.5765625e-01   9.5765625e-01
   1.4000000e+01   8.0000000e+00   9.7477743e-15   9.3968750e-01   9.3968750e-01
   1.5000000e+01   8.0000000e+00   1.0090658e-14   9.7625000e-01   9.7625000e-01
   1.6000000e+01   8.0000000e+00   9.7285262e-15   9.7929688e-01   9.7929688e-01
   1.7000000e+01   8.0000000e+00   9.2947126e-15   9.4335938e-01   9.4335938e-01
   1.8000000e+01   8.0000000e+00   8.5911110e-15   8.8492188e-01   8.8492188e-01
   1.9000000e+01   8.0000000e+00   9.3140909e-15   9.8125000e-01   9.8125000e-01
   2.0000000e+01   8.0000000e+00   9.0452983e-15   9.2953125e-01   9.2953125e-01
   2.1000000e+01   8.0000000e+00   9.6520545e-15   9.7250000e-01   9.7250000e-01
   2.2000000e+01   8.0000000e+00   9.6106099e-15   9.7765625e-01   9.7765625e-01
   2.3000000e+01   8.0000000e+00   9.6692108e-15   9.9882813e-01   9.9882813e-01
   2.4000000e+01   8.0000000e+00   9.5204806e-15   9.7914063e-01   9.7914063e-01
   2.5000000e+01   8.0000000e+00   9.2385804e-15   9.1281250e-01   9.1281250e-01
   2.6000000e+01   8.0000000e+00   8.6563198e-15   8.8382813e-01   8.8382813e-01
   2.7000000e+01   8.0000000e+00   9.1357316e-15   9.2343750e-01   9.2343750e-01
   2.8000000e+01   8.0000000e+00   8.7198644e-15   9.0242188e-01   9.0242188e-01
   2.9000000e+01   8.0000000e+00   9.6273377e-15   9.5742188e-01   9.5742188e-01
   3.0000000e+01   8.0000000e+00   9.9162308e-15   1.0192969e+00   1.0192969e+00
   3.1000000e+01   8.0000000e+00   1.0123078e-14   1.0411719e+00   1.0411719e+00
   3.2000000e+01   8.0000000e+00   9.9831762e-15   1.0190625e+00   1.0190625e+00
   3.3000000e+01   8.0000000e+00   9.8777170e-15   1.0117969e+00   1.0117969e+00
   3.4000000e+01   8.0000000e+00   9.2290498e-15   9.5093750e-01   9.5093750e-01
   3.5000000e+01   8.0000000e+00   9.0324388e-15   9.1593750e-01   9.1593750e-01
   1.0000000e+00   9.0000000e+00   8.7231832e-15   8.7562500e-01   8.7562500e-01
   2.0000000e+00   9.0000000e+00   9.1605532e-15   9.3468750e-01   9.3468750e-01
   3.0000000e+00   9.0000000e+00   9.3218204e-15   9.6921875e-01   9.6921875e-01
   4.0000000e+00   9.0000000e+00   9.4712414e-15   9.3820313e-01   9.3820313e-01
   5.0000000e+00   9.0000000e+00   9.6664133e-15   9.8109375e-01   9.8109375e-01
   6.0000000e+00   9.0000000e+00   9.5132812e-15   9.9242188e-01   9.9242188e-01
   7.0000000e+00   9.0000000e+00   9.9024142e-15   1.0117188e+00   1.0117188e+00
   8.0000000e+00   9.0000000e+00   9.3284280e-15   9.3593750e-01   9.3593750e-01
   9.0000000e+00   9.0000000e+00   9.2836435e-15   9.3281250e-01   9.3281250e-01
   1.0000000e+01   9.0000000e+00   9.1043544e-15   9.4664063e-01   9.4664063e-01
   1.1000000e+01   9.0000000e+00   9.1390353e-15   9.3531250e-01   9.3531250e-01
   1.2000000e+01   9.0000000e+00   9.5787366e-15   9.8867188e-01   9.8867188e-01
   1.3000000e+01   9.0000000e+00   1.0200712e-14   1.0096875e+00   1.0096875e+00
   1.4000000e+01   9.0000000e+00   9.5258494e-15   1.0088281e+00   1.0088281e+00
   1.5000000e+01   9.0000000e+00   9.9709898e-15   1.0167188e+00   1.0167188e+00
   1.6000000e+01   9.0000000e+00   9.6676632e-15   1.0236719e+00   1.0236719e+00
   1.7000000e+01   9.0000000e+00   9.7032725e-15   9.5609375e-01   9.5609375e-01
   1.8000000e+01   9.0000000e+00   9.5277145e-15   9.5218750e-01   9.5218750e-01
   1.9000000e+01   9.0000000e+00   9.3459793e-15   9.7101563e-01   9.7101563e-01
   2.0000000e+01   9.0000000e+00   9.3875287e-15   9.3187500e-01   9.3187500e-01
   2.1000000e+01   9.0000000e+00   1.0007310e-14   1.0456250e+00   1.0456250e+00
   2.2000000e+01   9.0000000e+00   9.7268950e-15   9.6976563e-01   9.6976563e-01
   2.3000000e+01   9.0000000e+00   9.4925250e-15   9.8421875e-01   9.8421875e-01
   2.4000000e+01   9.0000000e+00   9.3790604e-15   9.6921875e-01   9.6921875e-01
   2.5000000e+01   9.0000000e+00   9.1608322e-15   9.4304688e-01   9.4304688e-01
   2.6000000e+01   9.0000000e+00   8.9164897e-15   9.1609375e-01   9.1609375e-01
   2.7000000e+01   9.0000000e+00   9.1152713e-15   9.1804688e-01   9.1804688e-01
   2.8000000e+01   9.0000000e+00   9.4434999e-15   9.3773438e-01   9.3773438e-01
   2.9000000e+01   9.0000000e+00   1.0001594e-14   9.7742188e-01   9.7742188e-01
   3.0000000e+01   9.0000000e+00   9.7788072e-15   9.9515625e-01   9.9515625e-01
   3.1000000e+01   9.0000000e+00   1.0155308e-14   1.0189844e+00   1.0189844e+00
   3.2000000e+01   9.0000000e+00   1.0395439e-14   1.0175781e+00   1.0175781e+00
   3.3000000e+01   9.0000000e+00   9.8977400e-15   1.0314063e+00   1.0314063e+00
   3.4000000e+01   9.0000000e+00   9.2267711e-15   9.3062500e-01   9.3062500e-01
   3.5000000e+01   9.0000000e+00   9.3861807e-15   9.1539063e-01   9.1539063e-01
   1.0000000e+00   1.0000000e+01   8.9216115e-15   9.0015625e-01   9.0015625e-01
   2.0000000e+00   1.0000000e+01   9.1242609e-15   9.1789063e-01   9.1789063e-01
   3.0000000e+00   1.0000000e+01   9.5636332e-15   9.5578125e-01   9.5578125e-01
   4.0000000e+00   1.0000000e+01   9.3878229e-15   9.7992188e-01   9.7992188e-01
   5.0000000e+00   1.0000000e+01   9.4570731e-15   9.8046875e-01   9.8046875e-01
   6.0000000e+00   1.0000000e+01   9.8943884e-15   9.9882813e-01   9.9882813e-01
   7.0000000e+00   1.0000000e+01   9.5295087e-15   9.9156250e-01   9.9156250e-01
   8.0000000e+00   1.0000000e+01   9.6149198e-15   9.7984375e-01   9.7984375e-01
   9.0000000e+00   1.0000000e+01   9.1307572e-15   9.1070313e-01   9.1070313e-01
   1.0000000e+01   1.0000000e+01   8.8362147e-15   9.0898438e-01   9.0898438e-01
   1.1000000e+01   1.0000000e+01   9.6336742e-15   9.8890625e-01   9.8890625e-01
   1.2000000e+01   1.0000000e+01   9.9814834e-15   1.0218750e+00   1.0218750e+00
   1.3000000e+01   1.0000000e+01   1.0030390e-14   1.0150781e+00   1.0150781e+00
   1.4000000e+01   1.0000000e+01   1.0194725e-14   1.0488281e+00   1.0488281e+00
   1.5000000e+01   1.0000000e+01   1.1004142e-14   1.0913281e+00   1.0913281e+00
   1.6000000e+01   1.0000000e+01   1.0524066e-14   1.0837500e+00   1.0837500e+00
   1.7000000e+01   1.0000000e+01   1.0005682e-14   1.0005469e+00   1.0005469e+00
   1.8000000e+01   1.0000000e+01   9.5604869e-15   9.6648438e-01   9.6648438e-01
   1.9000000e+01   1.0000000e+01   9.6427707e-15   9.7507813e-01   9.7507813e-01
   2.0000000e+01   1.0000000e+01   1.0120067e-14   1.0235938e+00   1.0235938e+00
   2.1000000e+01   1.0000000e+01   9.9036460e-15   1.0313281e+00   1.0313281e+00
   2.2000000e+01   1.0000000e+01   9.9363651e-15   1.0214063e+00   1.0214063e+00
   2.3000000e+01   1.0000000e+01   9.8233314e-15   9.8375000e-01   9.8375000e-01
   2.4000000e+01   1.0000000e+01   1.0004144e-14   9.9632813e-01   9.9632813e-01
   2.5000000e+01   1.0000000e+01   9.4702145e-15   9.5640625e-01   9.5640625e-01
   2.6000000e+01   1.0000000e+01   9.4500329e-15   9.3968750e-01   9.3968750e-01
   2.7000000e+01   1.0000000e+01   9.3904762e-15   9.3890625e-01   9.3890625e-01
   2.8000000e+01   1.0000000e+01   9.7261701e-15   9.8757813e-01   9.8757813e-01
   2.9000000e+01   1.0000000e+01   1.0347475e-14   1.0219531e+00   1.0219531e+00
   3.0000000e+01   1.0000000e+01   1.0300772e-14   1.0725781e+00   1.0725781e+00
   3.1000000e+01   1.0000000e+01   1.0391050e-14   1.0583594e+00   1.0583594e+00
   3.2000000e+01   1.0000000e+01   1.0037504e-14   1.0712500e+00   1.0712500e+00
   3.3000000e+01   1.0000000e+01   1.0168325e-14   1.0532813e+00   1.0532813e+00
   3.4000000e+01   1.0000000e+01   9.4007851e-15   9.6828125e-01   9.6828125e-01
   3.5000000e+01   1.0000000e+01   9.7318939e-15   1.0020313e+00   1.0020313e+00
   1.0000000e+00   1.1000000e+01   9.2937191e-15   9.6937500e-01   9.6937500e-01
   2.0000000e+00   1.1000000e+01   9.2424940e-15   9.7164063e-01   9.7164063e-01
   3.0000000e+00   1.1000000e+01   9.4198633e-15   9.9187500e-01   9.9187500e-01
   4.0000000e+00   1.1000000e+01   9.9077347e-15   9.7820313e-01   9.7820313e-01
   5.0000000e+00   1.1000000e+01   1.0232469e-14   1.0213281e+00   1.0213281e+00
   6.0000000e+00   1.1000000e+01   9.9684028e-15   1.0167969e+00   1.0167969e+00
   7.0000000e+00   1.1000000e+01   9.9738939e-15   1.0046875e+00   1.0046875e+00
   8.0000000e+00   1.1000000e+01   9.9769435e-15   1.0111719e+00   1.0111719e+00
   9.0000000e+00   1.1000000e+01   9.1014069e-15   9.2335938e-01   9.2335938e-01
   1.0000000e+01   1.1000000e+01   9.7664000e-15   9.6312500e-01   9.6312500e-01
   1.1000000e+01   1.1000000e+01   9.7684876e-15   9.6382813e-01   9.6382813e-01
   1.2000000e+01   1.1000000e+01   9.7396434e-15   9.7671875e-01   9.7671875e-01
   1.3000000e+01   1.1000000e+01   1.0010065e-14   1.0203125e+00   1.0203125e+00
   1.4000000e+01   1.1000000e+01   1.0458838e-14   1.1087500e+00   1.1087500e+00
   1.5000000e+01   1.1000000e+01   1.0699666e-14   1.1317969e+00   1.1317969e+00
   1.6000000e+01   1.1000000e+01   1.0807639e-14   1.1358594e+00   1.1358594e+00
   1.7000000e+01   1.1000000e+01   1.0288045e-14   1.0628125e+00   1.0628125e+00
   1.8000000e+01   1.1000000e+01   1.0086315e-14   1.0370313e+00   1.0370313e+00
   1.9000000e+01   1.1000000e+01   1.0066124e-14   1.0298438e+00   1.0298438e+00
   2.0000000e+01   1.1000000e+01   1.0119556e-14   1.0223438e+00   1.0223438e+00
   2.1000000e+01   1.1000000e+01   1.0122038e-14   1.0256250e+00   1.0256250e+00
   2.2000000e+01   1.1000000e+01   1.0025074e-14   1.0414844e+00   1.0414844e+00
   2.3000000e+01   1.1000000e+01   1.0092162e-14   1.0588281e+00   1.0588281e+00
   2.4000000e+01   1.1000000e+01   9.9189213e-15   1.0435156e+00   1.0435156e+00
   2.5000000e+01   1.1000000e+01   9.5402079e-15   1.0002344e+00   1.0002344e+00
   2.6000000e+01   1.1000000e+01   9.8164473e-15   9.7960938e-01   9.7960938e-01
   2.7000000e+01   1.1000000e+01   9.4266366e-15   9.6179688e-01   9.6179688e-01
   2.8000000e+01   1.1000000e+01   9.7220396e-15   9.9109375e-01   9.9109375e-01
   2.9000000e+01   1.1000000e+01   1.0052526e-14   1.0332031e+00   1.0332031e+00
   3.0000000e+01   1.1000000e+01   1.0329425e-14   1.0729688e+00   1.0729688e+00
   3.1000000e+01   1.1000000e+01   1.1042599e-14   1.1251563e+00   1.1251563e+00
   3.2000000e+01   1.1000000e+01   1.0738672e-14   1.1017188e+00   1.1017188e+00
   3.3000000e+01   1.1000000e+01   1.0712085e-14   1.1107031e+00   1.1107031e+00
   3.4000000e+01   1.1000000e+01   1.0328020e-14   1.0379688e+00   1.0379688e+00
   3.5000000e+01   1.1000000e+01   9.8133238e-15   1.0082031e+00   1.0082031e+00
   1.0000000e+00   1.2000000e+01   9.3933155e-15   9.7882813e-01   9.7882813e-01
   2.0000000e+00   1.2000000e+01   9.7296920e-15   9.5093750e-01   9.5093750e-01
   3.0000000e+00   1.2000000e+01   9.8727147e-15   1.0171094e+00   1.0171094e+00
   4.0000000e+00   1.2000000e+01   9.8676406e-15   1.0082031e+00   1.0082031e+00
   5.0000000e+00   1.2000000e+01   1.0278102e-14   1.0507031e+00   1.0507031e+00
   6.0000000e+00   1.2000000e+01   9.7167119e-15   1.0276563e+00   1.0276563e+00
   7.0000000e+00   1.2000000e+01   1.0028423e-14   1.0426563e+00   1.0426563e+00
   8.0000000e+00   1.2000000e+01   9.4903765e-15   1.0053125e+00   1.0053125e+00
   9.0000000e+00   1.2000000e+01   9.7590278e-15   9.7765625e-01   9.7765625e-01
   1.0000000e+01   1.2000000e+01   9.5536275e-15   9.9140625e-01   9.9140625e-01
   1.1000000e+01   1.2000000e+01   9.9078624e-15   1.0383594e+00   1.0383594e+00
   1.2000000e+01   1.2000000e+01   1.0413442e-14   1.0771094e+00   1.0771094e+00
   1.3000000e+01   1.2000000e+01   1.0719049e-14   1.1128125e+00   1.1128125e+00
   1.4000000e+01   1.2000000e+01   1.0818261e-14   1.1350781e+00   1.1350781e+00
   1.5000000e+01   1.2000000e+01   1.0890710e-14   1.1274219e+00   1.1274219e+00
   1.6000000e+01   1.2000000e+01   1.1296338e-14   1.1331250e+00   1.1331250e+00
   1.7000000e+01   1.2000000e+01   1.0559864e-14   1.0853125e+00   1.0853125e+00
   1.8000000e+01   1.2000000e+01   9.9054249e-15   1.0162500e+00   1.0162500e+00
   1.9000000e+01   1.2000000e+01   1.0000866e-14   1.0392188e+00   1.0392188e+00
   2.0000000e+01   1.2000000e+01   1.0202210e-14   1.0732813e+00   1.0732813e+00
   2.1000000e+01   1.2000000e+01   1.0570953e-14   1.1316406e+00   1.1316406e+00
   2.2000000e+01   1.2000000e+01   1.0497404e-14   1.0902344e+00   1.0902344e+00
   2.3000000e+01   1.2000000e+01   1.0516271e-14   1.0845313e+00   1.0845313e+00
   2.4000000e+01   1.2000000e+01   1.0152889e-14   1.0123438e+00   1.0123438e+00
   2.5000000e+01   1.2000000e+01   9.9043797e-15   1.0176563e+00   1.0176563e+00
   2.6000000e+01   1.2000000e+01   9.9627140e-15   9.6914063e-01   9.6914063e-01
   2.7000000e+01   1.2000000e+01   9.7791953e-15   9.8585938e-01   9.8585938e-01
   2.8000000e+01   1.2000000e+01   9.9584763e-15   1.0187500e+00   1.0187500e+00
   2.9000000e+01   1.2000000e+01   1.0247131e-14   1.0638281e+00   1.0638281e+00
   3.0000000e+01   1.2000000e+01   1.0515769e-14   1.0822656e+00   1.0822656e+00
   3.1000000e+01   1.2000000e+01   1.0502072e-14   1.1179688e+00   1.1179688e+00
   3.2000000e+01   1.2000000e+01   1.1360215e-14   1.1373438e+00   1.1373438e+00
   3.3000000e+01   1.2000000e+01   1.0682772e-14   1.1175000e+00   1.1175000e+00
   3.4000000e+01   1.2000000e+01   1.0542823e-14   1.0709375e+00   1.0709375e+00
   3.5000000e+01   1.2000000e+01   1.0193746e-14   1.0582031e+00   1.0582031e+00
   1.0000000e+00   1.3000000e+01   9.4482120e-15   9.8281250e-01   9.8281250e-01
   2.0000000e+00   1.3000000e+01   9.0492326e-15   9.5750000e-01   9.5750000e-01
   3.0000000e+00   1.3000000e+01   9.5451224e-15   9.8953125e-01   9.8953125e-01
   4.0000000e+00   1.3000000e+01   1.0506577e-14   1.0457813e+00   1.0457813e+00
   5.0000000e+00   1.3000000e+01   1.0629684e-14   1.0786719e+00   1.0786719e+00
   6.0000000e+00   1.3000000e+01   1.0485816e-14   1.1103906e+00   1.1103906e+00
   7.0000000e+00   1.3000000e+01   9.8519900e-15   1.0023438e+00   1.0023438e+00
   8.0000000e+00   1.3000000e+01   9.8160966e-15   1.0282813e+00   1.0282813e+00
   9.0000000e+00   1.3000000e+01   9.4627634e-15   9.8523438e-01   9.8523438e-01
   1.0000000e+01   1.3000000e+01   9.6128395e-15   1.0054688e+00   1.0054688e+00
   1.1000000e+01   1.3000000e+01   1.0245746e-14   1.0257813e+00   1.0257813e+00
   1.2000000e+01   1.3000000e+01   1.0594734e-14   1.0760156e+00   1.0760156e+00
   1.3000000e+01   1.3000000e+01   1.0362966e-14   1.0775781e+00   1.0775781e+00
   1.4000000e+01   1.3000000e+01   1.0610496e-14   1.1357813e+00   1.1357813e+00
   1.5000000e+01   1.3000000e+01   1.1292050e-14   1.1754688e+00   1.1754688e+00
   1.6000000e+01   1.3000000e+01   1.0727718e-14   1.1278125e+00   1.1278125e+00
   1.7000000e+01   1.3000000e+01   1.0265099e-14   1.0928125e+00   1.0928125e+00
   1.8000000e+01   1.3000000e+01   1.0324095e-14   1.0308594e+00   1.0308594e+00
   1.9000000e+01   1.3000000e+01   1.0025166e-14   1.0742969e+00   1.0742969e+00
   2.0000000e+01   1.3000000e+01   1.0394441e-14   1.0739844e+00   1.0739844e+00
   2.1000000e+01   1.3000000e+01   1.0771201e-14   1.1015625e+00   1.1015625e+00
   2.2000000e+01   1.3000000e+01   1.0658837e-14   1.1254688e+00   1.1254688e+00
   2.3000000e+01   1.3000000e+01   1.0224564e-14   1.0911719e+00   1.0911719e+00
   2.4000000e+01   1.3000000e+01   1.0422403e-14   1.0996094e+00   1.0996094e+00
   2.5000000e+01   1.3000000e+01   1.0309039e-14   1.0865625e+00   1.0865625e+00
   2.6000000e+01   1.3000000e+01   9.9048280e-15   1.0241406e+00   1.0241406e+00
   2.7000000e+01   1.3000000e+01   1.0261383e-14   1.0738281e+00   1.0738281e+00
   2.8000000e+01   1.3000000e+01   1.0293281e-14   1.0913281e+00   1.0913281e+00
   2.9000000e+01   1.3000000e+01   1.0383934e-14   1.0943750e+00   1.0943750e+00
   3.0000000e+01   1.3000000e+01   1.0426789e-14   1.0773438e+00   1.0773438e+00
   3.1000000e+01   1.3000000e+01   1.0964699e-14   1.1475781e+00   1.1475781e+00
   3.2000000e+01   1.3000000e+01   1.0964192e-14   1.1657813e+00   1.1657813e+00
   3.3000000e+01   1.3000000e+01   1.0148251e-14   1.1083594e+00   1.1083594e+00
   3.4000000e+01   1.3000000e+01   1.0284187e-14   1.0606250e+00   1.0606250e+00
   3.5000000e+01   1.3000000e+01   1.0026760e-14   1.0551563e+00   1.0551563e+00
   1.0000000e+00   1.4000000e+01   9.8530251e-15   9.9476563e-01   9.9476563e-01
   2.0000000e+00   1.4000000e+01   9.5758752e-15   9.7546875e-01   9.7546875e-01
   3.0000000e+00   1.4000000e+01   9.8429148e-15   1.0028906e+00   1.0028906e+00
   4.0000000e+00   1.4000000e+01   1.0270377e-14   1.0745313e+00   1.0745313e+00
   5.0000000e+00   1.4000000e+01   1.0622817e-14   1.0900000e+00   1.0900000e+00
   6.0000000e+00   1.4000000e+01   1.0439763e-14   1.1137500e+00   1.1137500e+00
   7.0000000e+00   1.4000000e+01   1.0397770e-14   1.0642188e+00   1.0642188e+00
   8.0000000e+00   1.4000000e+01   9.4109409e-15   1.0135156e+00   1.0135156e+00
   9.0000000e+00   1.4000000e+01   9.7362828e-15   1.0092188e+00   1.0092188e+00
   1.0000000e+01   1.4000000e+01   9.7530026e-15   1.0064063e+00   1.0064063e+00
   1.1000000e+01   1.4000000e+01   1.0348873e-14   1.0527344e+00   1.0527344e+00
   1.2000000e+01   1.4000000e+01   1.0383457e-14   1.0834375e+00   1.0834375e+00
   1.3000000e+01   1.4000000e+01   1.0234250e-14   1.1171875e+00   1.1171875e+00
   1.4000000e+01   1.4000000e+01   1.0544137e-14   1.1400781e+00   1.1400781e+00
   1.5000000e+01   1.4000000e+01   1.1423095e-14   1.1779688e+00   1.1779688e+00
   1.6000000e+01   1.4000000e+01   1.1183851e-14   1.1878906e+00   1.1878906e+00
   1.7000000e+01   1.4000000e+01   1.0343091e-14   1.1333594e+00   1.1333594e+00
   1.8000000e+01   1.4000000e+01   1.0448772e-14   1.0265625e+00   1.0265625e+00
   1.9000000e+01   1.4000000e+01   1.0381571e-14   1.0964063e+00   1.0964063e+00
   2.0000000e+01   1.4000000e+01   1.0590686e-14   1.1332031e+00   1.1332031e+00
   2.1000000e+01   1.4000000e+01   1.0480167e-14   1.1135938e+00   1.1135938e+00
   2.2000000e+01   1.4000000e+01   1.0769513e-14   1.0855469e+00   1.0855469e+00
   2.3000000e+01   1.4000000e+01   1.0718223e-14   1.1189063e+00   1.1189063e+00
   2.4000000e+01   1.4000000e+01   1.0704967e-14   1.1406250e+00   1.1406250e+00
   2.5000000e+01   1.4000000e+01   1.0397452e-14   1.0622656e+00   1.0622656e+00
   2.6000000e+01   1.4000000e+01   9.5313154e-15   9.9414063e-01   9.9414063e-01
   2.7000000e+01   1.4000000e+01   1.0168898e-14   1.0407031e+00   1.0407031e+00
   2.8000000e+01   1.4000000e+01   1.0253721e-14   1.0885938e+00   1.0885938e+00
   2.9000000e+01   1.4000000e+01   1.0449081e-14   1.1258594e+00   1.1258594e+00
   3.0000000e+01   1.4000000e+01   1.0699666e-14   1.0891406e+00   1.0891406e+00
   3.1000000e+01   1.4000000e+01   1.1195129e-14   1.1832813e+00   1.1832813e+00
   3.2000000e+01   1.4000000e+01   1.1132901e-14   1.1541406e+00   1.1541406e+00
   3.3000000e+01   1.4000000e+01   1.1072534e-14   1.1682813e+00   1.1682813e+00
   3.4000000e+01   1.4000000e+01   1.0567164e-14   1.0745313e+00   1.0745313e+00
   3.5000000e+01   1.4000000e+01   1.0232327e-14   1.0334375e+00   1.0334375e+00
   1.0000000e+00   1.5000000e+01   1.0218328e-14   1.0364844e+00   1.0364844e+00
   2.0000000e+00   1.5000000e+01   1.0127529e-14   1.0114063e+00   1.0114063e+00
   3.0000000e+00   1.5000000e+01   9.9015124e-15   1.0224219e+00   1.0224219e+00
   4.0000000e+00   1.5000000e+01   1.0188279e-14   1.0692188e+00   1.0692188e+00
   5.0000000e+00   1.5000000e+01   1.0775278e-14   1.1107031e+00   1.1107031e+00
   6.0000000e+00   1.5000000e+01   1.0539612e-14   1.1071875e+00   1.1071875e+00
   7.0000000e+00   1.5000000e+01   1.0258938e-14   1.0753906e+00   1.0753906e+00
   8.0000000e+00   1.5000000e+01   1.0198743e-14   1.0448438e+00   1.0448438e+00
   9.0000000e+00   1.5000000e+01   9.3362172e-15   9.7507813e-01   9.7507813e-01
   1.0000000e+01   1.5000000e+01   9.8150064e-15   1.0394531e+00   1.0394531e+00
   1.1000000e+01   1.5000000e+01   1.0023525e-14   1.0167969e+00   1.0167969e+00
   1.2000000e+01   1.5000000e+01   1.0560355e-14   1.0940625e+00   1.0940625e+00
   1.3000000e+01   1.5000000e+01   1.0532687e-14   1.0741406e+00   1.0741406e+00
   1.4000000e+01   1.5000000e+01   1.0582730e-14   1.1321875e+00   1.1321875e+00
   1.5000000e+01   1.5000000e+01   1.1299426e-14   1.1783594e+00   1.1783594e+00
   1.6000000e+01   1.5000000e+01   1.1194187e-14   1.1839063e+00   1.1839063e+00
   1.7000000e+01   1.5000000e+01   1.0702644e-14   1.1210156e+00   1.1210156e+00
   1.8000000e+01   1.5000000e+01   1.0596465e-14   1.0586719e+00   1.0586719e+00
   1.9000000e+01   1.5000000e+01   1.0454574e-14   1.0778906e+00   1.0778906e+00
   2.0000000e+01   1.5000000e+01   1.0750285e-14   1.1401563e+00   1.1401563e+00
   2.1000000e+01   1.5000000e+01   1.0958160e-14   1.1271875e+00   1.1271875e+00
   2.2000000e+01   1.5000000e+01   1.0761896e-14   1.1250000e+00   1.1250000e+00
   2.3000000e+01   1.5000000e+01   1.0814559e-14   1.1206250e+00   1.1206250e+00
   2.4000000e+01   1.5000000e+01   1.0772051e-14   1.1107031e+00   1.1107031e+00
   2.5000000e+01   1.5000000e+01   1.0188265e-14   1.0560938e+00   1.0560938e+00
   2.6000000e+01   1.5000000e+01   9.8313115e-15   1.0171875e+00   1.0171875e+00
   2.7000000e+01   1.5000000e+01   9.8329683e-15   1.0190625e+00   1.0190625e+00
   2.8000000e+01   1.5000000e+01   1.0521979e-14   1.0957031e+00   1.0957031e+00
   2.9000000e+01   1.5000000e+01   1.0181059e-14   1.0524219e+00   1.0524219e+00
   3.0000000e+01   1.5000000e+01   1.0812482e-14   1.1725000e+00   1.1725000e+00
   3.1000000e+01   1.5000000e+01   1.1037009e-14   1.1830469e+00   1.1830469e+00
   3.2000000e+01   1.5000000e+01   1.1247566e-14   1.1689063e+00   1.1689063e+00
   3.3000000e+01   1.5000000e+01   1.0822892e-14   1.1602344e+00   1.1602344e+00
   3.4000000e+01   1.5000000e+01   1.0214033e-14   1.0905469e+00   1.0905469e+00
   3.5000000e+01   1.5000000e+01   1.0332927e-14   1.0425781e+00   1.0425781e+00
   1.0000000e+00   1.6000000e+01   9.8694494e-15   1.0263281e+00   1.0263281e+00
   2.0000000e+00   1.6000000e+01   9.9682893e-15   1.0393750e+00   1.0393750e+00
   3.0000000e+00   1.6000000e+01   1.0067983e-14   1.0641406e+00   1.0641406e+00
   4.0000000e+00   1.6000000e+01   1.0548165e-14   1.0798438e+00   1.0798438e+00
   5.0000000e+00   1.6000000e+01   1.0392092e-14   1.1057813e+00   1.1057813e+00
   6.0000000e+00   1.6000000e+01   1.0845213e-14   1.1096094e+00   1.1096094e+00
   7.0000000e+00   1.6000000e+01   1.0335317e-14   1.0735156e+00   1.0735156e+00
   8.0000000e+00   1.6000000e+01   1.0134979e-14   1.0161719e+00   1.0161719e+00
   9.0000000e+00   1.6000000e+01   9.7395793e-15   9.8906250e-01   9.8906250e-01
   1.0000000e+01   1.6000000e+01   9.6783800e-15   9.7648438e-01   9.7648438e-01
   1.1000000e+01   1.6000000e+01   1.0173579e-14   1.0188281e+00   1.0188281e+00
   1.2000000e+01   1.6000000e+01   1.0149088e-14   1.0562500e+00   1.0562500e+00
   1.3000000e+01   1.6000000e+01   1.0658209e-14   1.1170313e+00   1.1170313e+00
   1.4000000e+01   1.6000000e+01   1.0999050e-14   1.1660156e+00   1.1660156e+00
   1.5000000e+01   1.6000000e+01   1.1602330e-14   1.2075000e+00   1.2075000e+00
   1.6000000e+01   1.6000000e+01   1.1476815e-14   1.2054688e+00   1.2054688e+00
   1.7000000e+01   1.6000000e+01   1.0566606e-14   1.0950781e+00   1.0950781e+00
   1.8000000e+01   1.6000000e+01   1.0193620e-14   1.0542188e+00   1.0542188e+00
   1.9000000e+01   1.6000000e+01   9.9253260e-15   1.0839063e+00   1.0839063e+00
   2.0000000e+01   1.6000000e+01   1.0619099e-14   1.1071094e+00   1.1071094e+00
   2.1000000e+01   1.6000000e+01   1.0705847e-14   1.1419531e+00   1.1419531e+00
   2.2000000e+01   1.6000000e+01   1.1099956e-14   1.1589063e+00   1.1589063e+00
   2.3000000e+01   1.6000000e+01   1.0681736e-14   1.1180469e+00   1.1180469e+00
   2.4000000e+01   1.6000000e+01   1.1075447e-14   1.1271094e+00   1.1271094e+00
   2.5000000e+01   1.6000000e+01   1.0553601e-14   1.0728906e+00   1.0728906e+00
   2.6000000e+01   1.6000000e+01   1.0096816e-14   1.0035938e+00   1.0035938e+00
   2.7000000e+01   1.6000000e+01   1.0041706e-14   1.0229688e+00   1.0229688e+00
   2.8000000e+01   1.6000000e+01   1.0489449e-14   1.0575000e+00   1.0575000e+00
   2.9000000e+01   1.6000000e+01   1.0429503e-14   1.0664844e+00   1.0664844e+00
   3.0000000e+01   1.6000000e+01   1.0617092e-14   1.0917188e+00   1.0917188e+00
   3.1000000e+01   1.6000000e+01   1.0836969e-14   1.1103906e+00   1.1103906e+00
   3.2000000e+01   1.6000000e+01   1.1469481e-14   1.1790625e+00   1.1790625e+00
   3.3000000e+01   1.6000000e+01   1.1197399e-14   1.1648438e+00   1.1648438e+00
   3.4000000e+01   1.6000000e+01   1.0281306e-14   1.1154688e+00   1.1154688e+00
   3.5000000e+01   1.6000000e+01   1.0195639e-14   1.0628906e+00   1.0628906e+00
   1.0000000e+00   1.7000000e+01   9.4142366e-15   9.8867188e-01   9.8867188e-01
   2.0000000e+00   1.7000000e+01   9.5743316e-15   9.7328125e-01   9.7328125e-01
   3.0000000e+00   1.7000000e+01   9.7940910e-15   1.0253906e+00   1.0253906e+00
   4.0000000e+00   1.7000000e+01   1.0025773e-14   1.0859375e+00   1.0859375e+00
   5.0000000e+00   1.7000000e+01   1.0558226e-14   1.1017969e+00   1.1017969e+00
   6.0000000e+00   1.7000000e+01   1.0746687e-14   1.1167969e+00   1.1167969e+00
   7.0000000e+00   1.7000000e+01   1.0502271e-14   1.1042188e+00   1.1042188e+00
   8.0000000e+00   1.7000000e+01   9.7220063e-15   1.0020313e+00   1.0020313e+00
   9.0000000e+00   1.7000000e+01   9.4573136e-15   9.9046875e-01   9.9046875e-01
   1.0000000e+01   1.7000000e+01   9.6794967e-15   1.0057813e+00   1.0057813e+00
   1.1000000e+01   1.7000000e+01   9.6323543e-15   1.0221094e+00   1.0221094e+00
   1.2000000e+01   1.7000000e+01   1.0060761e-14   1.0467969e+00   1.0467969e+00
   1.3000000e+01   1.7000000e+01   1.0163845e-14   1.0640625e+00   1.0640625e+00
   1.4000000e+01   1.7000000e+01   1.0942687e-14   1.1382031e+00   1.1382031e+00
   1.5000000e+01   1.7000000e+01   1.0803771e-14   1.0855469e+00   1.0855469e+00
   1.6000000e+01   1.7000000e+01   1.1208908e-14   1.1845313e+00   1.1845313e+00
   1.7000000e+01   1.7000000e+01   1.0893624e-14   1.1182813e+00   1.1182813e+00
   1.8000000e+01   1.7000000e+01   9.8714069e-15   1.0335156e+00   1.0335156e+00
   1.9000000e+01   1.7000000e+01   9.6944038e-15   1.0421875e+00   1.0421875e+00
   2.0000000e+01   1.7000000e+01   1.0562027e-14   1.0572656e+00   1.0572656e+00
   2.1000000e+01   1.7000000e+01   1.0484481e-14   1.0754688e+00   1.0754688e+00
   2.2000000e+01   1.7000000e+01   1.0439310e-14   1.1014844e+00   1.1014844e+00
   2.3000000e+01   1.7000000e+01   1.0481596e-14   1.0803906e+00   1.0803906e+00
   2.4000000e+01   1.7000000e+01   1.0646036e-14   1.0971875e+00   1.0971875e+00
   2.5000000e+01   1.7000000e+01   1.0093101e-14   1.0480469e+00   1.0480469e+00
   2.6000000e+01   1.7000000e+01   9.4876923e-15   1.0111719e+00   1.0111719e+00
   2.7000000e+01   1.7000000e+01   9.7174242e-15   9.9351563e-01   9.9351563e-01
   2.8000000e+01   1.7000000e+01   9.8184534e-15   1.0075000e+00   1.0075000e+00
   2.9000000e+01   1.7000000e+01   9.9738374e-15   9.9687500e-01   9.9687500e-01
   3.0000000e+01   1.7000000e+01   1.0891944e-14   1.1167969e+00   1.1167969e+00
   3.1000000e+01   1.7000000e+01   1.0656972e-14   1.1125000e+00   1.1125000e+00
   3.2000000e+01   1.7000000e+01   1.1179905e-14   1.1979688e+00   1.1979688e+00
   3.3000000e+01   1.7000000e+01   1.0800422e-14   1.1332031e+00   1.1332031e+00
   3.4000000e+01   1.7000000e+01   1.0421683e-14   1.0430469e+00   1.0430469e+00
   3.5000000e+01   1.7000000e+01   9.3673042e-15   9.5039063e-01   9.5039063e-01
   1.0000000e+00   1.8000000e+01   9.9934523e-15   9.8843750e-01   9.8843750e-01
   2.0000000e+00   1.8000000e+01   9.1017954e-15   9.8539063e-01   9.8539063e-01
   3.0000000e+00   1.8000000e+01   1.0302784e-14   1.0614063e+00   1.0614063e+00
   4.0000000e+00   1.8000000e+01   9.8883069e-15   1.0006250e+00   1.0006250e+00
   5.0000000e+00   1.8000000e+01   1.0356693e-14   1.0778906e+00   1.0778906e+00
   6.0000000e+00   1.8000000e+01   1.0345269e-14   1.0502344e+00   1.0502344e+00
   7.0000000e+00   1.8000000e+01   1.0157494e-14   1.0466406e+00   1.0466406e+00
   8.0000000e+00   1.8000000e+01   9.8352101e-15   9.8898438e-01   9.8898438e-01
   9.0000000e+00   1.8000000e+01   9.7083495e-15   9.5718750e-01   9.5718750e-01
   1.0000000e+01   1.8000000e+01   9.3150693e-15   9.3546875e-01   9.3546875e-01
   1.1000000e+01   1.8000000e+01   9.8840487e-15   1.0039844e+00   1.0039844e+00
   1.2000000e+01   1.8000000e+01   1.0438645e-14   1.0461719e+00   1.0461719e+00
   1.3000000e+01   1.8000000e+01   1.0295262e-14   1.0565625e+00   1.0565625e+00
   1.4000000e+01   1.8000000e+01   1.0520825e-14   1.0716406e+00   1.0716406e+00
   1.5000000e+01   1.8000000e+01   1.0597519e-14   1.0882813e+00   1.0882813e+00
   1.6000000e+01   1.8000000e+01   1.0568813e-14   1.0928906e+00   1.0928906e+00
   1.7000000e+01   1.8000000e+01   9.9265326e-15   1.0353906e+00   1.0353906e+00
   1.8000000e+01   1.8000000e+01   9.9556155e-15   1.0695313e+00   1.0695313e+00
   1.9000000e+01   1.8000000e+01   9.7630269e-15   1.0030469e+00   1.0030469e+00
   2.0000000e+01   1.8000000e+01   1.0312639e-14   1.0376563e+00   1.0376563e+00
   2.1000000e+01   1.8000000e+01   1.0474439e-14   1.0678125e+00   1.0678125e+00
   2.2000000e+01   1.8000000e+01   1.0238165e-14   1.0892969e+00   1.0892969e+00
   2.3000000e+01   1.8000000e+01   1.0420697e-14   1.0742969e+00   1.0742969e+00
   2.4000000e+01   1.8000000e+01   1.0418312e-14   1.0843750e+00   1.0843750e+00
   2.5000000e+01   1.8000000e+01   9.8710501e-15   9.7148438e-01   9.7148438e-01
   2.6000000e+01   1.8000000e+01   9.4200095e-15   9.9500000e-01   9.9500000e-01
   2.7000000e+01   1.8000000e+01   9.3507096e-15   9.7093750e-01   9.7093750e-01
   2.8000000e+01   1.8000000e+01   9.3629582e-15   9.5109375e-01   9.5109375e-01
   2.9000000e+01   1.8000000e+01   9.8601357e-15   1.0278906e+00   1.0278906e+00
   3.0000000e+01   1.8000000e+01   1.0104152e-14   1.0707031e+00   1.0707031e+00
   3.1000000e+01   1.8000000e+01   1.0526572e-14   1.1156250e+00   1.1156250e+00
   3.2000000e+01   1.8000000e+01   1.0648899e-14   1.0945313e+00   1.0945313e+00
   3.3000000e+01   1.8000000e+01   1.0667285e-14   1.0715625e+00   1.0715625e+00
   3.4000000e+01   1.8000000e+01   9.6644648e-15   1.0100000e+00   1.0100000e+00
   3.5000000e+01   1.8000000e+01   9.6800090e-15   1.0100781e+00   1.0100781e+00
   1.0000000e+00   1.9000000e+01   9.1303444e-15   9.3929688e-01   9.3929688e-01
   2.0000000e+00   1.9000000e+01   9.5121616e-15   9.3093750e-01   9.3093750e-01
   3.0000000e+00   1.9000000e+01   9.4502380e-15   9.7523438e-01   9.7523438e-01
   4.0000000e+00   1.9000000e+01   9.9458684e-15   1.0074219e+00   1.0074219e+00
   5.0000000e+00   1.9000000e+01   9.4375744e-15   9.9531250e-01   9.9531250e-01
   6.0000000e+00   1.9000000e+01   1.0136653e-14   1.0286719e+00   1.0286719e+00
   7.0000000e+00   1.9000000e+01   9.9434430e-15   1.0025000e+00   1.0025000e+00
   8.0000000e+00   1.9000000e+01   9.6062674e-15   9.7953125e-01   9.7953125e-01
   9.0000000e+00   1.9000000e+01   9.3982614e-15   9.3710938e-01   9.3710938e-01
   1.0000000e+01   1.9000000e+01   9.1594055e-15   9.3656250e-01   9.3656250e-01
   1.1000000e+01   1.9000000e+01   9.3227403e-15   9.4343750e-01   9.4343750e-01
   1.2000000e+01   1.9000000e+01   9.1063706e-15   9.0804688e-01   9.0804688e-01
   1.3000000e+01   1.9000000e+01   1.0083573e-14   1.0001563e+00   1.0001563e+00
   1.4000000e+01   1.9000000e+01   1.0096368e-14   1.0400781e+00   1.0400781e+00
   1.5000000e+01   1.9000000e+01   1.0018716e-14   1.0617969e+00   1.0617969e+00
   1.6000000e+01   1.9000000e+01   1.0210152e-14   1.0482813e+00   1.0482813e+00
   1.7000000e+01   1.9000000e+01   9.7130526e-15   1.0091406e+00   1.0091406e+00
   1.8000000e+01   1.9000000e+01   9.2837682e-15   9.6500000e-01   9.6500000e-01
   1.9000000e+01   1.9000000e+01   9.5356847e-15   1.0002344e+00   1.0002344e+00
   2.0000000e+01   1.9000000e+01   9.7815698e-15   9.5546875e-01   9.5546875e-01
   2.1000000e+01   1.9000000e+01   9.9453209e-15   1.0153125e+00   1.0153125e+00
   2.2000000e+01   1.9000000e+01   1.0460345e-14   1.0394531e+00   1.0394531e+00
   2.3000000e+01   1.9000000e+01   1.0025519e-14   1.0167969e+00   1.0167969e+00
   2.4000000e+01   1.9000000e+01   9.3111503e-15   9.6703125e-01   9.6703125e-01
   2.5000000e+01   1.9000000e+01   9.9417827e-15   9.9148438e-01   9.9148438e-01
   2.6000000e+01   1.9000000e+01   9.0025799e-15   9.4914063e-01   9.4914063e-01
   2.7000000e+01   1.9000000e+01   8.9794651e-15   9.2414063e-01   9.2414063e-01
   2.8000000e+01   1.9000000e+01   9.4059588e-15   9.3304688e-01   9.3304688e-01
   2.9000000e+01   1.9000000e+01   9.5654237e-15   9.8554688e-01   9.8554688e-01
   3.0000000e+01   1.9000000e+01   1.0255818e-14   1.0402344e+00   1.0402344e+00
   3.1000000e+01   1.9000000e+01   1.0686495e-14   1.0943750e+00   1.0943750e+00
   3.2000000e+01   1.9000000e+01   1.0576776e-14   1.1038281e+00   1.1038281e+00
   3.3000000e+01   1.9000000e+01   1.0040666e-14   1.0248438e+00   1.0248438e+00
   3.4000000e+01   1.9000000e+01   9.6449013e-15   9.9031250e-01   9.9031250e-01
   3.5000000e+01   1.9000000e+01   9.2693139e-15   9.7320313e-01   9.7320313e-01
   1.0000000e+00   2.0000000e+01   9.2267022e-15   9.4328125e-01   9.4328125e-01
   2.0000000e+00   2.0000000e+01   8.9234217e-15   9.3445313e-01   9.3445313e-01
   3.0000000e+00   2.0000000e+01   9.4549056e-15   9.3937500e-01   9.3937500e-01
   4.0000000e+00   2.0000000e+01   9.5379587e-15   9.7242188e-01   9.7242188e-01
   5.0000000e+00   2.0000000e+01   9.0454998e-15   9.4179688e-01   9.4179688e-01
   6.0000000e+00   2.0000000e+01   9.5063696e-15   9.6000000e-01   9.6000000e-01
   7.0000000e+00   2.0000000e+01   9.1511330e-15   9.7109375e-01   9.7109375e-01
   8.0000000e+00   2.0000000e+01   9.0095173e-15   9.0390625e-01   9.0390625e-01
   9.0000000e+00   2.0000000e+01   8.8087217e-15   8.7648438e-01   8.7648438e-01
   1.0000000e+01   2.0000000e+01   8.6270980e-15   8.8359375e-01   8.8359375e-01
   1.1000000e+01   2.0000000e+01   9.0520872e-15   9.1742188e-01   9.1742188e-01
   1.2000000e+01   2.0000000e+01   9.6594435e-15   9.9390625e-01   9.9390625e-01
   1.3000000e+01   2.0000000e+01   9.8599697e-15   9.6750000e-01   9.6750000e-01
   1.4000000e+01   2.0000000e+01   9.8393844e-15   9.9289063e-01   9.9289063e-01
   1.5000000e+01   2.0000000e+01   1.0018299e-14   1.0191406e+00   1.0191406e+00
   1.6000000e+01   2.0000000e+01   9.6183745e-15   1.0329688e+00   1.0329688e+00
   1.7000000e+01   2.0000000e+01   9.2829704e-15   1.0089063e+00   1.0089063e+00
   1.8000000e+01   2.0000000e+01   9.1012984e-15   9.4953125e-01   9.4953125e-01
   1.9000000e+01   2.0000000e+01   9.3148715e-15   9.3648438e-01   9.3648438e-01
   2.0000000e+01   2.0000000e+01   9.6337074e-15   9.5625000e-01   9.5625000e-01
   2.1000000e+01   2.0000000e+01   9.3498028e-15   9.7679688e-01   9.7679688e-01
   2.2000000e+01   2.0000000e+01   9.3753119e-15   9.7453125e-01   9.7453125e-01
   2.3000000e+01   2.0000000e+01   9.2534253e-15   9.5648438e-01   9.5648438e-01
   2.4000000e+01   2.0000000e+01   9.6907708e-15   9.7460938e-01   9.7460938e-01
   2.5000000e+01   2.0000000e+01   9.0844005e-15   9.4382813e-01   9.4382813e-01
   2.6000000e+01   2.0000000e+01   8.6168486e-15   8.9632813e-01   8.9632813e-01
   2.7000000e+01   2.0000000e+01   8.8712509e-15   8.7531250e-01   8.7531250e-01
   2.8000000e+01   2.0000000e+01   9.2680355e-15   9.2757813e-01   9.2757813e-01
   2.9000000e+01   2.0000000e+01   9.6924310e-15   1.0017969e+00   1.0017969e+00
   3.0000000e+01   2.0000000e+01   9.5222228e-15   9.9601563e-01   9.9601563e-01
   3.1000000e+01   2.0000000e+01   9.6967732e-15   9.7187500e-01   9.7187500e-01
   3.2000000e+01   2.0000000e+01   1.0178470e-14   1.0270313e+00   1.0270313e+00
   3.3000000e+01   2.0000000e+01   9.1589723e-15   9.7304688e-01   9.7304688e-01
   3.4000000e+01   2.0000000e+01   9.1373412e-15   9.5335938e-01   9.5335938e-01
   3.5000000e+01   2.0000000e+01   9.1082726e-15   9.1257813e-01   9.1257813e-01
   1.0000000e+00   2.1000000e+01   8.9885315e-15   9.2062500e-01   9.2062500e-01
   2.0000000e+00   2.1000000e+01   8.8623234e-15   9.1117188e-01   9.1117188e-01
   3.0000000e+00   2.1000000e+01   9.1279242e-15   9.2843750e-01   9.2843750e-01
   4.0000000e+00   2.1000000e+01   9.0465730e-15   9.3875000e-01   9.3875000e-01
   5.0000000e+00   2.1000000e+01   9.3043239e-15   9.3375000e-01   9.3375000e-01
   6.0000000e+00   2.1000000e+01   9.5096340e-15   9.8585938e-01   9.8585938e-01
   7.0000000e+00   2.1000000e+01   9.2607738e-15   9.0195313e-01   9.0195313e-01
   8.0000000e+00   2.1000000e+01   9.1784939e-15   9.2765625e-01   9.2765625e-01
   9.0000000e+00   2.1000000e+01   8.3920837e-15   8.5835938e-01   8.5835938e-01
   1.0000000e+01   2.1000000e+01   8.5516344e-15   8.5648438e-01   8.5648438e-01
   1.1000000e+01   2.1000000e+01   8.5991013e-15   9.2781250e-01   9.2781250e-01
   1.2000000e+01   2.1000000e+01   9.1803974e-15   9.3898438e-01   9.3898438e-01
   1.3000000e+01   2.1000000e+01   9.2116140e-15   9.4101563e-01   9.4101563e-01
   1.4000000e+01   2.1000000e+01   9.7482017e-15   1.0035156e+00   1.0035156e+00
   1.5000000e+01   2.1000000e+01   9.2782320e-15   9.5210938e-01   9.5210938e-01
   1.6000000e+01   2.1000000e+01   9.6383150e-15   1.0107031e+00   1.0107031e+00
   1.7000000e+01   2.1000000e+01   9.6887630e-15   9.8828125e-01   9.8828125e-01
   1.8000000e+01   2.1000000e+01   9.2514547e-15   9.0804688e-01   9.0804688e-01
   1.9000000e+01   2.1000000e+01   9.2662567e-15   9.6039063e-01   9.6039063e-01
   2.0000000e+01   2.1000000e+01   9.1432336e-15   9.0453125e-01   9.0453125e-01
   2.1000000e+01   2.1000000e+01   9.5248335e-15   9.9085938e-01   9.9085938e-01
   2.2000000e+01   2.1000000e+01   9.2372619e-15   9.7820313e-01   9.7820313e-01
   2.3000000e+01   2.1000000e+01   9.3554597e-15   9.2335938e-01   9.2335938e-01
   2.4000000e+01   2.1000000e+01   9.7886291e-15   9.6546875e-01   9.6546875e-01
   2.5000000e+01   2.1000000e+01   9.1946925e-15   9.0023438e-01   9.0023438e-01
   2.6000000e+01   2.1000000e+01   8.7660130e-15   8.9617188e-01   8.9617188e-01
   2.7000000e+01   2.1000000e+01   8.5374010e-15   8.5046875e-01   8.5046875e-01
   2.8000000e+01   2.1000000e+01   9.0292794e-15   9.3117188e-01   9.3117188e-01
   2.9000000e+01   2.1000000e+01   9.1632397e-15   9.7023438e-01   9.7023438e-01
   3.0000000e+01   2.1000000e+01   9.0623962e-15   9.8625000e-01   9.8625000e-01
   3.1000000e+01   2.1000000e+01   9.9399449e-15   1.0132031e+00   1.0132031e+00
   3.2000000e+01   2.1000000e+01   9.4673290e-15   9.6750000e-01   9.6750000e-01
   3.3000000e+01   2.1000000e+01   9.3944116e-15   9.5500000e-01   9.5500000e-01
   3.4000000e+01   2.1000000e+01   9.2334892e-15   9.4750000e-01   9.4750000e-01
   3.5000000e+01   2.1000000e+01   8.8967232e-15   9.1187500e-01   9.1187500e-01
   1.0000000e+00   2.2000000e+01   9.3319157e-15   9.4898438e-01   9.4898438e-01
   2.0000000e+00   2.2000000e+01   8.9983497e-15   9.0648438e-01   9.0648438e-01
   3.0000000e+00   2.2000000e+01   9.4067920e-15   9.5171875e-01   9.5171875e-01
   4.0000000e+00   2.2000000e+01   9.1703810e-15   9.6882813e-01   9.6882813e-01
   5.0000000e+00   2.2000000e+01   9.0255437e-15   9.7601563e-01   9.7601563e-01
   6.0000000e+00   2.2000000e+01   9.0887152e-15   9.2382813e-01   9.2382813e-01
   7.0000000e+00   2.2000000e+01   9.4268917e-15   9.4929688e-01   9.4929688e-01
   8.0000000e+00   2.2000000e+01   9.3340400e-15   9.3882813e-01   9.3882813e-01
   9.0000000e+00   2.2000000e+01   8.8539190e-15   8.8750000e-01   8.8750000e-01
   1.0000000e+01   2.2000000e+01   8.4062020e-15   8.4195313e-01   8.4195313e-01
   1.1000000e+01   2.2000000e+01   8.6734263e-15   8.4968750e-01   8.4968750e-01
   1.2000000e+01   2.2000000e+01   9.2507641e-15   9.2648438e-01   9.2648438e-01
   1.3000000e+01   2.2000000e+01   9.5852598e-15   9.9804688e-01   9.9804688e-01
   1.4000000e+01   2.2000000e+01   9.9297065e-15   9.8921875e-01   9.8921875e-01
   1.5000000e+01   2.2000000e+01   9.7500230e-15   1.0014063e+00   1.0014063e+00
   1.6000000e+01   2.2000000e+01   1.0274787e-14   1.0482031e+00   1.0482031e+00
   1.7000000e+01   2.2000000e+01   9.8387511e-15   1.0012500e+00   1.0012500e+00
   1.8000000e+01   2.2000000e+01   9.0353370e-15   9.5882813e-01   9.5882813e-01
   1.9000000e+01   2.2000000e+01   8.9534047e-15   9.5617188e-01   9.5617188e-01
   2.0000000e+01   2.2000000e+01   9.2741259e-15   9.3890625e-01   9.3890625e-01
   2.1000000e+01   2.2000000e+01   9.9661697e-15   9.8046875e-01   9.8046875e-01
   2.2000000e+01   2.2000000e+01   9.4126916e-15   9.7039063e-01   9.7039063e-01
   2.3000000e+01   2.2000000e+01   9.2426345e-15   9.7226563e-01   9.7226563e-01
   2.4000000e+01   2.2000000e+01   9.3751858e-15   9.7968750e-01   9.7968750e-01
   2.5000000e+01   2.2000000e+01   9.2478174e-15   9.1742188e-01   9.1742188e-01
   2.6000000e+01   2.2000000e+01   8.8095049e-15   8.5914063e-01   8.5914063e-01
   2.7000000e+01   2.2000000e+01   8.6136542e-15   8.7648438e-01   8.7648438e-01
   2.8000000e+01   2.2000000e+01   9.3728116e-15   9.5359375e-01   9.5359375e-01
   2.9000000e+01   2.2000000e+01   9.2800855e-15   9.5687500e-01   9.5687500e-01
   3.0000000e+01   2.2000000e+01   9.7059049e-15   9.6468750e-01   9.6468750e-01
   3.1000000e+01   2.2000000e+01   9.5787169e-15   9.9492188e-01   9.9492188e-01
   3.2000000e+01   2.2000000e+01   9.9509191e-15   1.0547656e+00   1.0547656e+00
   3.3000000e+01   2.2000000e+01   9.5048129e-15   9.7640625e-01   9.7640625e-01
   3.4000000e+01   2.2000000e+01   9.2661265e-15   9.4937500e-01   9.4937500e-01
   3.5000000e+01   2.2000000e+01   8.8947654e-15   9.3382813e-01   9.3382813e-01
   1.0000000e+00   2.3000000e+01   8.9721170e-15   9.2320313e-01   9.2320313e-01
   2.0000000e+00   2.3000000e+01   8.8282681e-15   9.0054688e-01   9.0054688e-01
   3.0000000e+00   2.3000000e+01   9.1066876e-15   9.4609375e-01   9.4609375e-01
   4.0000000e+00   2.3000000e+01   9.4353640e-15   9.7429688e-01   9.7429688e-01
   5.0000000e+00   2.3000000e+01   9.2773940e-15   9.4250000e-01   9.4250000e-01
   6.0000000e+00   2.3000000e+01   9.5554684e-15   9.8132813e-01   9.8132813e-01
   7.0000000e+00   2.3000000e+01   9.4168087e-15   9.3281250e-01   9.3281250e-01
   8.0000000e+00   2.3000000e+01   9.1136403e-15   9.4796875e-01   9.4796875e-01
   9.0000000e+00   2.3000000e+01   8.5349063e-15   8.4796875e-01   8.4796875e-01
   1.0000000e+01   2.3000000e+01   8.8540376e-15   8.8617188e-01   8.8617188e-01
   1.1000000e+01   2.3000000e+01   8.9466420e-15   8.5851563e-01   8.5851563e-01
   1.2000000e+01   2.3000000e+01   9.0986620e-15   9.4656250e-01   9.4656250e-01
   1.3000000e+01   2.3000000e+01   9.5750091e-15   9.5125000e-01   9.5125000e-01
   1.4000000e+01   2.3000000e+01   9.6573473e-15   1.0010156e+00   1.0010156e+00
   1.5000000e+01   2.3000000e+01   9.8912085e-15   1.0019531e+00   1.0019531e+00
   1.6000000e+01   2.3000000e+01   9.6688194e-15   1.0335938e+00   1.0335938e+00
   1.7000000e+01   2.3000000e+01   9.6498975e-15   1.0094531e+00   1.0094531e+00
   1.8000000e+01   2.3000000e+01   9.2499028e-15   9.2679688e-01   9.2679688e-01
   1.9000000e+01   2.3000000e+01   9.1835774e-15   9.0835938e-01   9.0835938e-01
   2.0000000e+01   2.3000000e+01   9.2783156e-15   1.0028906e+00   1.0028906e+00
   2.1000000e+01   2.3000000e+01   9.4863939e-15   9.7023438e-01   9.7023438e-01
   2.2000000e+01   2.3000000e+01   9.9059088e-15   1.0010156e+00   1.0010156e+00
   2.3000000e+01   2.3000000e+01   9.5635929e-15   9.4632813e-01   9.4632813e-01
   2.4000000e+01   2.3000000e+01   9.3323346e-15   9.7859375e-01   9.7859375e-01
   2.5000000e+01   2.3000000e+01   9.6703420e-15   9.9812500e-01   9.9812500e-01
   2.6000000e+01   2.3000000e+01   9.0311679e-15   9.1882813e-01   9.1882813e-01
   2.7000000e+01   2.3000000e+01   8.7421567e-15   8.8281250e-01   8.8281250e-01
   2.8000000e+01   2.3000000e+01   9.2839616e-15   9.6304688e-01   9.6304688e-01
   2.9000000e+01   2.3000000e+01   9.1673303e-15   9.5085938e-01   9.5085938e-01
   3.0000000e+01   2.3000000e+01   9.9042467e-15   9.9500000e-01   9.9500000e-01
   3.1000000e+01   2.3000000e+01   9.8655177e-15   9.9382813e-01   9.9382813e-01
   3.2000000e+01   2.3000000e+01   9.7130130e-15   1.0134375e+00   1.0134375e+00
   3.3000000e+01   2.3000000e+01   9.7096942e-15   1.0119531e+00   1.0119531e+00
   3.4000000e+01   2.3000000e+01   9.6996415e-15   9.8148438e-01   9.8148438e-01
   3.5000000e+01   2.3000000e+01   9.5053814e-15   9.6007813e-01   9.6007813e-01
   1.0000000e+00   2.4000000e+01   9.3214859e-15   9.6156250e-01   9.6156250e-01
   2.0000000e+00   2.4000000e+01   9.0287683e-15   9.0851563e-01   9.0851563e-01
   3.0000000e+00   2.4000000e+01   9.2478401e-15   9.6132813e-01   9.6132813e-01
   4.0000000e+00   2.4000000e+01   9.1429729e-15   9.5562500e-01   9.5562500e-01
   5.0000000e+00   2.4000000e+01   9.8191304e-15   9.7039063e-01   9.7039063e-01
   6.0000000e+00   2.4000000e+01   9.5784660e-15   9.6718750e-01   9.6718750e-01
   7.0000000e+00   2.4000000e+01   9.7125482e-15   9.9054688e-01   9.9054688e-01
   8.0000000e+00   2.4000000e+01   9.4872415e-15   9.5765625e-01   9.5765625e-01
   9.0000000e+00   2.4000000e+01   8.5723403e-15   9.1398438e-01   9.1398438e-01
   1.0000000e+01   2.4000000e+01   8.7165854e-15   8.6304688e-01   8.6304688e-01
   1.1000000e+01   2.4000000e+01   9.2561614e-15   9.2945313e-01   9.2945313e-01
   1.2000000e+01   2.4000000e+01   9.9308758e-15   9.9804688e-01   9.9804688e-01
   1.3000000e+01   2.4000000e+01   9.7348546e-15   1.0172656e+00   1.0172656e+00
   1.4000000e+01   2.4000000e+01   9.7265924e-15   9.9945313e-01   9.9945313e-01
   1.5000000e+01   2.4000000e+01   1.0095588e-14   1.0193750e+00   1.0193750e+00
   1.6000000e+01   2.4000000e+01   1.0204899e-14   1.0337500e+00   1.0337500e+00
   1.7000000e+01   2.4000000e+01   9.8233623e-15   9.6914063e-01   9.6914063e-01
   1.8000000e+01   2.4000000e+01   9.4447914e-15   9.6984375e-01   9.6984375e-01
   1.9000000e+01   2.4000000e+01   9.5689934e-15   9.4773438e-01   9.4773438e-01
   2.0000000e+01   2.4000000e+01   9.3306088e-15   9.5781250e-01   9.5781250e-01
   2.1000000e+01   2.4000000e+01   9.8851395e-15   1.0191406e+00   1.0191406e+00
   2.2000000e+01   2.4000000e+01   9.7365541e-15   1.0279688e+00   1.0279688e+00
   2.3000000e+01   2.4000000e+01   9.6378514e-15   9.6242188e-01   9.6242188e-01
   2.4000000e+01   2.4000000e+01   9.5981484e-15   9.8218750e-01   9.8218750e-01
   2.5000000e+01   2.4000000e+01   9.8331084e-15   9.8203125e-01   9.8203125e-01
   2.6000000e+01   2.4000000e+01   9.1732282e-15   9.4992188e-01   9.4992188e-01
   2.7000000e+01   2.4000000e+01   8.7821817e-15   9.0625000e-01   9.0625000e-01
   2.8000000e+01   2.4000000e+01   9.0936117e-15   9.1929688e-01   9.1929688e-01
   2.9000000e+01   2.4000000e+01   9.6782327e-15   9.6593750e-01   9.6593750e-01
   3.0000000e+01   2.4000000e+01   9.7487294e-15   9.9640625e-01   9.9640625e-01
   3.1000000e+01   2.4000000e+01   1.0009084e-14   1.0297656e+00   1.0297656e+00
   3.2000000e+01   2.4000000e+01   1.0493873e-14   1.0699219e+00   1.0699219e+00
   3.3000000e+01   2.4000000e+01   1.0091627e-14   1.0392188e+00   1.0392188e+00
   3.4000000e+01   2.4000000e+01   9.9338641e-15   9.9023438e-01   9.9023438e-01
   3.5000000e+01   2.4000000e+01   9.2934396e-15   9.4242188e-01   9.4242188e-01
   1.0000000e+00   2.5000000e+01   9.7306796e-15   1.0010156e+00   1.0010156e+00
   2.0000000e+00   2.5000000e+01   9.3040671e-15   9.8031250e-01   9.8031250e-01
   3.0000000e+00   2.5000000e+01   9.4024257e-15   9.3875000e-01   9.3875000e-01
   4.0000000e+00   2.5000000e+01   9.3259352e-15   9.8757813e-01   9.8757813e-01
   5.0000000e+00   2.5000000e+01   9.8848515e-15   9.8171875e-01   9.8171875e-01
   6.0000000e+00   2.5000000e+01   1.0165944e-14   9.8593750e-01   9.8593750e-01
   7.0000000e+00   2.5000000e+01   9.6071002e-15   9.9148438e-01   9.9148438e-01
   8.0000000e+00   2.5000000e+01   9.5754209e-15   9.6562500e-01   9.6562500e-01
   9.0000000e+00   2.5000000e+01   8.9781442e-15   8.9710938e-01   8.9710938e-01
   1.0000000e+01   2.5000000e+01   8.9387227e-15   8.8812500e-01   8.8812500e-01
   1.1000000e+01   2.5000000e+01   9.0323957e-15   9.1609375e-01   9.1609375e-01
   1.2000000e+01   2.5000000e+01   9.4478310e-15   9.7171875e-01   9.7171875e-01
   1.3000000e+01   2.5000000e+01   9.9194382e-15   9.9750000e-01   9.9750000e-01
   1.4000000e+01   2.5000000e+01   1.0112889e-14   1.0482813e+00   1.0482813e+00
   1.5000000e+01   2.5000000e+01   1.0088091e-14   1.0469531e+00   1.0469531e+00
   1.6000000e+01   2.5000000e+01   1.0025913e-14   1.0522656e+00   1.0522656e+00
   1.7000000e+01   2.5000000e+01   9.7082462e-15   1.0409375e+00   1.0409375e+00
   1.8000000e+01   2.5000000e+01   9.7318468e-15   9.8492188e-01   9.8492188e-01
   1.9000000e+01   2.5000000e+01   9.5309289e-15   9.6984375e-01   9.6984375e-01
   2.0000000e+01   2.5000000e+01   9.9555659e-15   1.0183594e+00   1.0183594e+00
   2.1000000e+01   2.5000000e+01   1.0083080e-14   1.0455469e+00   1.0455469e+00
   2.2000000e+01   2.5000000e+01   9.6799703e-15   1.0157031e+00   1.0157031e+00
   2.3000000e+01   2.5000000e+01   9.5998965e-15   9.6117188e-01   9.6117188e-01
   2.4000000e+01   2.5000000e+01   9.8039292e-15   9.9929688e-01   9.9929688e-01
   2.5000000e+01   2.5000000e+01   9.1457314e-15   9.9906250e-01   9.9906250e-01
   2.6000000e+01   2.5000000e+01   9.3910789e-15   9.5328125e-01   9.5328125e-01
   2.7000000e+01   2.5000000e+01   9.1356839e-15   9.4164063e-01   9.4164063e-01
   2.8000000e+01   2.5000000e+01   9.1491489e-15   9.6476563e-01   9.6476563e-01
   2.9000000e+01   2.5000000e+01   9.8455964e-15   1.0151563e+00   1.0151563e+00
   3.0000000e+01   2.5000000e+01   9.6148234e-15   1.0302344e+00   1.0302344e+00
   3.1000000e+01   2.5000000e+01   1.0063212e-14   1.0597656e+00   1.0597656e+00
   3.2000000e+01   2.5000000e+01   9.9733296e-15   1.0586719e+00   1.0586719e+00
   3.3000000e+01   2.5000000e+01   1.0282927e-14   1.0546875e+00   1.0546875e+00
   3.4000000e+01   2.5000000e+01   9.6459694e-15   9.7726563e-01   9.7726563e-01
   3.5000000e+01   2.5000000e+01   9.5503733e-15   9.8273438e-01   9.8273438e-01
   1.0000000e+00   2.6000000e+01   9.7705828e-15   1.0012500e+00   1.0012500e+00
   2.0000000e+00   2.6000000e+01   9.3721173e-15   9.8937500e-01   9.8937500e-01
   3.0000000e+00   2.6000000e+01   9.4705349e-15   9.9437500e-01   9.9437500e-01
   4.0000000e+00   2.6000000e+01   9.9330454e-15   1.0306250e+00   1.0306250e+00
   5.0000000e+00   2.6000000e+01   9.8281818e-15   1.0085156e+00   1.0085156e+00
   6.0000000e+00   2.6000000e+01   1.0315074e-14   1.0571094e+00   1.0571094e+00
   7.0000000e+00   2.6000000e+01   9.6648901e-15   1.0134375e+00   1.0134375e+00
   8.0000000e+00   2.6000000e+01   9.2620901e-15   1.0227344e+00   1.0227344e+00
   9.0000000e+00   2.6000000e+01   9.5719058e-15   9.7820313e-01   9.7820313e-01
   1.0000000e+01   2.6000000e+01   9.3884294e-15   9.5062500e-01   9.5062500e-01
   1.1000000e+01   2.6000000e+01   9.2254572e-15   9.7351563e-01   9.7351563e-01
   1.2000000e+01   2.6000000e+01   9.5037531e-15   1.0043750e+00   1.0043750e+00
   1.3000000e+01   2.6000000e+01   9.8117690e-15   1.0438281e+00   1.0438281e+00
   1.4000000e+01   2.6000000e+01   1.0522889e-14   1.0515625e+00   1.0515625e+00
   1.5000000e+01   2.6000000e+01   1.0105040e-14   1.0831250e+00   1.0831250e+00
   1.6000000e+01   2.6000000e+01   1.0297297e-14   1.0776563e+00   1.0776563e+00
   1.7000000e+01   2.6000000e+01   9.9451757e-15   1.0307031e+00   1.0307031e+00
   1.8000000e+01   2.6000000e+01   9.3285672e-15   9.9335938e-01   9.9335938e-01
   1.9000000e+01   2.6000000e+01   9.5080363e-15   9.9328125e-01   9.9328125e-01
   2.0000000e+01   2.6000000e+01   9.6364951e-15   1.0003125e+00   1.0003125e+00
   2.1000000e+01   2.6000000e+01   9.9679634e-15   1.0164063e+00   1.0164063e+00
   2.2000000e+01   2.6000000e+01   1.0099172e-14   1.0420313e+00   1.0420313e+00
   2.3000000e+01   2.6000000e+01   9.7339292e-15   1.0078906e+00   1.0078906e+00
   2.4000000e+01   2.6000000e+01   9.7516134e-15   1.0110156e+00   1.0110156e+00
   2.5000000e+01   2.6000000e+01   9.4749525e-15   9.8703125e-01   9.8703125e-01
   2.6000000e+01   2.6000000e+01   9.3773605e-15   9.6242188e-01   9.6242188e-01
   2.7000000e+01   2.6000000e+01   8.9149150e-15   9.6539063e-01   9.6539063e-01
   2.8000000e+01   2.6000000e+01   9.4861001e-15   1.0049219e+00   1.0049219e+00
   2.9000000e+01   2.6000000e+01   9.6632230e-15   1.0212500e+00   1.0212500e+00
   3.0000000e+01   2.6000000e+01   1.0102608e-14   1.0160156e+00   1.0160156e+00
   3.1000000e+01   2.6000000e+01   1.0214515e-14   1.0625781e+00   1.0625781e+00
   3.2000000e+01   2.6000000e+01   1.0269023e-14   1.0942969e+00   1.0942969e+00
   3.3000000e+01   2.6000000e+01   1.0366130e-14   1.0584375e+00   1.0584375e+00
   3.4000000e+01   2.6000000e+01   9.7785551e-15   1.0320313e+00   1.0320313e+00
   3.5000000e+01   2.6000000e+01   9.3450733e-15   1.0284375e+00   1.0284375e+00
   1.0000000e+00   2.7000000e+01   9.8904959e-15   1.0566406e+00   1.0566406e+00
   2.0000000e+00   2.7000000e+01   9.6899622e-15   1.0142188e+00   1.0142188e+00
   3.0000000e+00   2.7000000e+01   9.5606733e-15   9.8750000e-01   9.8750000e-01
   4.0000000e+00   2.7000000e+01   1.0318810e-14   1.0623438e+00   1.0623438e+00
   5.0000000e+00   2.7000000e+01   9.6197410e-15   1.0085156e+00   1.0085156e+00
   6.0000000e+00   2.7000000e+01   1.0056903e-14   1.0205469e+00   1.0205469e+00
   7.0000000e+00   2.7000000e+01   1.0096891e-14   1.0688281e+00   1.0688281e+00
   8.0000000e+00   2.7000000e+01   1.0095594e-14   1.0366406e+00   1.0366406e+00
   9.0000000e+00   2.7000000e+01   9.6058266e-15   1.0053125e+00   1.0053125e+00
   1.0000000e+01   2.7000000e+01   9.3859887e-15   9.5554688e-01   9.5554688e-01
   1.1000000e+01   2.7000000e+01   9.2026499e-15   9.6882813e-01   9.6882813e-01
   1.2000000e+01   2.7000000e+01   9.6336784e-15   1.0097656e+00   1.0097656e+00
   1.3000000e+01   2.7000000e+01   1.0214744e-14   1.0546875e+00   1.0546875e+00
   1.4000000e+01   2.7000000e+01   1.0734265e-14   1.1364063e+00   1.1364063e+00
   1.5000000e+01   2.7000000e+01   1.0368208e-14   1.0954688e+00   1.0954688e+00
   1.6000000e+01   2.7000000e+01   1.0512184e-14   1.0779688e+00   1.0779688e+00
   1.7000000e+01   2.7000000e+01   1.0267098e-14   1.1125000e+00   1.1125000e+00
   1.8000000e+01   2.7000000e+01   9.8281352e-15   1.0345313e+00   1.0345313e+00
   1.9000000e+01   2.7000000e+01   9.4315274e-15   9.8414063e-01   9.8414063e-01
   2.0000000e+01   2.7000000e+01   1.0185798e-14   1.0516406e+00   1.0516406e+00
   2.1000000e+01   2.7000000e+01   9.9755242e-15   1.0639063e+00   1.0639063e+00
   2.2000000e+01   2.7000000e+01   1.0589495e-14   1.0416406e+00   1.0416406e+00
   2.3000000e+01   2.7000000e+01   1.0061167e-14   1.0470313e+00   1.0470313e+00
   2.4000000e+01   2.7000000e+01   1.0334408e-14   1.0579688e+00   1.0579688e+00
   2.5000000e+01   2.7000000e+01   9.5165349e-15   1.0328906e+00   1.0328906e+00
   2.6000000e+01   2.7000000e+01   9.3195123e-15   9.6546875e-01   9.6546875e-01
   2.7000000e+01   2.7000000e+01   9.6331610e-15   1.0071875e+00   1.0071875e+00
   2.8000000e+01   2.7000000e+01   9.4091100e-15   9.5609375e-01   9.5609375e-01
   2.9000000e+01   2.7000000e+01   9.7933558e-15   1.0542188e+00   1.0542188e+00
   3.0000000e+01   2.7000000e+01   1.0016090e-14   1.0887500e+00   1.0887500e+00
   3.1000000e+01   2.7000000e+01   1.0307530e-14   1.1170313e+00   1.1170313e+00
   3.2000000e+01   2.7000000e+01   1.1033931e-14   1.1209375e+00   1.1209375e+00
   3.3000000e+01   2.7000000e+01   1.0742476e-14   1.0853125e+00   1.0853125e+00
   3.4000000e+01   2.7000000e+01   9.9259768e-15   1.0346875e+00   1.0346875e+00
   3.5000000e+01   2.7000000e+01   1.0039267e-14   1.0475781e+00   1.0475781e+00
   1.0000000e+00   2.8000000e+01   9.8529679e-15   1.0139844e+00   1.0139844e+00
   2.0000000e+00   2.8000000e+01   9.6800565e-15   1.0342969e+00   1.0342969e+00
   3.0000000e+00   2.8000000e+01   9.7794862e-15   1.0083594e+00   1.0083594e+00
   4.0000000e+00   2.8000000e+01   1.0070924e-14   1.0391406e+00   1.0391406e+00
   5.0000000e+00   2.8000000e+01   9.8125340e-15   1.0457031e+00   1.0457031e+00
   6.0000000e+00   2.8000000e+01   1.0192672e-14   1.0382813e+00   1.0382813e+00
   7.0000000e+00   2.8000000e+01   1.0270784e-14   1.1121094e+00   1.1121094e+00
   8.0000000e+00   2.8000000e+01   9.8899300e-15   1.0242188e+00   1.0242188e+00
   9.0000000e+00   2.8000000e+01   9.5394531e-15   1.0019531e+00   1.0019531e+00
   1.0000000e+01   2.8000000e+01   9.6086801e-15   1.0042969e+00   1.0042969e+00
   1.1000000e+01   2.8000000e+01   9.3985107e-15   9.6437500e-01   9.6437500e-01
   1.2000000e+01   2.8000000e+01   9.4632585e-15   9.9734375e-01   9.9734375e-01
   1.3000000e+01   2.8000000e+01   9.8313878e-15   1.0204688e+00   1.0204688e+00
   1.4000000e+01   2.8000000e+01   9.8912016e-15   1.0394531e+00   1.0394531e+00
   1.5000000e+01   2.8000000e+01   1.0970164e-14   1.1390625e+00   1.1390625e+00
   1.6000000e+01   2.8000000e+01   1.0472296e-14   1.1490625e+00   1.1490625e+00
   1.7000000e+01   2.8000000e+01   1.0638353e-14   1.1154688e+00   1.1154688e+00
   1.8000000e+01   2.8000000e+01   9.7768899e-15   1.0368750e+00   1.0368750e+00
   1.9000000e+01   2.8000000e+01   9.5789775e-15   1.0276563e+00   1.0276563e+00
   2.0000000e+01   2.8000000e+01   9.9162419e-15   1.0146875e+00   1.0146875e+00
   2.1000000e+01   2.8000000e+01   9.9990000e-15   1.0529688e+00   1.0529688e+00
   2.2000000e+01   2.8000000e+01   1.0290088e-14   1.1189063e+00   1.1189063e+00
   2.3000000e+01   2.8000000e+01   1.0155288e-14   1.0688281e+00   1.0688281e+00
   2.4000000e+01   2.8000000e+01   1.0401119e-14   1.1025781e+00   1.1025781e+00
   2.5000000e+01   2.8000000e+01   9.8672987e-15   1.0412500e+00   1.0412500e+00
   2.6000000e+01   2.8000000e+01   9.3367090e-15   9.6257813e-01   9.6257813e-01
   2.7000000e+01   2.8000000e+01   9.1791161e-15   9.7617188e-01   9.7617188e-01
   2.8000000e+01   2.8000000e+01   9.6294415e-15   9.8351563e-01   9.8351563e-01
   2.9000000e+01   2.8000000e+01   1.0150549e-14   1.0688281e+00   1.0688281e+00
   3.0000000e+01   2.8000000e+01   9.6428205e-15   1.0489844e+00   1.0489844e+00
   3.1000000e+01   2.8000000e+01   1.0373206e-14   1.0878906e+00   1.0878906e+00
   3.2000000e+01   2.8000000e+01   1.0594584e-14   1.1118750e+00   1.1118750e+00
   3.3000000e+01   2.8000000e+01   1.0417476e-14   1.1060156e+00   1.1060156e+00
   3.4000000e+01   2.8000000e+01   1.0555001e-14   1.1067969e+00   1.1067969e+00
   3.5000000e+01   2.8000000e+01   1.0044242e-14   1.0535156e+00   1.0535156e+00
   1.0000000e+00   2.9000000e+01   1.0016085e-14   1.0725000e+00   1.0725000e+00
   2.0000000e+00   2.9000000e+01   9.1684023e-15   9.7382813e-01   9.7382813e-01
   3.0000000e+00   2.9000000e+01   9.9097535e-15   1.0272656e+00   1.0272656e+00
   4.0000000e+00   2.9000000e+01   1.0091295e-14   1.0423438e+00   1.0423438e+00
   5.0000000e+00   2.9000000e+01   1.0388597e-14   1.0606250e+00   1.0606250e+00
   6.0000000e+00   2.9000000e+01   1.0251136e-14   1.0843750e+00   1.0843750e+00
   7.0000000e+00   2.9000000e+01   1.0595746e-14   1.1006250e+00   1.1006250e+00
   8.0000000e+00   2.9000000e+01   1.0348917e-14   1.0744531e+00   1.0744531e+00
   9.0000000e+00   2.9000000e+01   9.7117607e-15   1.0246094e+00   1.0246094e+00
   1.0000000e+01   2.9000000e+01   9.7175424e-15   1.0028125e+00   1.0028125e+00
   1.1000000e+01   2.9000000e+01   9.6698151e-15   1.0451563e+00   1.0451563e+00
   1.2000000e+01   2.9000000e+01   1.0002972e-14   1.0388281e+00   1.0388281e+00
   1.3000000e+01   2.9000000e+01   9.9487060e-15   1.0749219e+00   1.0749219e+00
   1.4000000e+01   2.9000000e+01   1.0343057e-14   1.0800781e+00   1.0800781e+00
   1.5000000e+01   2.9000000e+01   1.0859345e-14   1.1509375e+00   1.1509375e+00
   1.6000000e+01   2.9000000e+01   1.0793813e-14   1.1471875e+00   1.1471875e+00
   1.7000000e+01   2.9000000e+01   1.0528041e-14   1.1077344e+00   1.1077344e+00
   1.8000000e+01   2.9000000e+01   9.9256075e-15   1.0450781e+00   1.0450781e+00
   1.9000000e+01   2.9000000e+01   9.6938087e-15   1.0123438e+00   1.0123438e+00
   2.0000000e+01   2.9000000e+01   1.0211081e-14   1.1002344e+00   1.1002344e+00
   2.1000000e+01   2.9000000e+01   1.0618740e-14   1.0718750e+00   1.0718750e+00
   2.2000000e+01   2.9000000e+01   1.0475854e-14   1.0967188e+00   1.0967188e+00
   2.3000000e+01   2.9000000e+01   1.0458093e-14   1.0643750e+00   1.0643750e+00
   2.4000000e+01   2.9000000e+01   1.0413368e-14   1.1166406e+00   1.1166406e+00
   2.5000000e+01   2.9000000e+01   1.0192001e-14   1.0677344e+00   1.0677344e+00
   2.6000000e+01   2.9000000e+01   9.8364336e-15   1.0428906e+00   1.0428906e+00
   2.7000000e+01   2.9000000e+01   9.6554134e-15   1.0021875e+00   1.0021875e+00
   2.8000000e+01   2.9000000e+01   9.5639649e-15   1.0195313e+00   1.0195313e+00
   2.9000000e+01   2.9000000e+01   9.8486052e-15   1.0264844e+00   1.0264844e+00
   3.0000000e+01   2.9000000e+01   1.0046495e-14   1.0596094e+00   1.0596094e+00
   3.1000000e+01   2.9000000e+01   1.0642672e-14   1.1102344e+00   1.1102344e+00
   3.2000000e+01   2.9000000e+01   1.0607980e-14   1.1748438e+00   1.1748438e+00
   3.3000000e+01   2.9000000e+01   1.0694302e-14   1.1460156e+00   1.1460156e+00
   3.4000000e+01   2.9000000e+01   1.0268336e-14   1.0816406e+00   1.0816406e+00
   3.5000000e+01   2.9000000e+01   9.9621624e-15   1.0346875e+00   1.0346875e+00
   1.0000000e+00   3.0000000e+01   1.0592377e-14   1.1107813e+00   1.1107813e+00
   2.0000000e+00   3.0000000e+01   9.6187237e-15   1.0170313e+00   1.0170313e+00
   3.0000000e+00   3.0000000e+01   9.9179116e-15   1.0051563e+00   1.0051563e+00
   4.0000000e+00   3.0000000e+01   1.0053963e-14   1.0886719e+00   1.0886719e+00
   5.0000000e+00   3.0000000e+01   1.0281102e-14   1.0740625e+00   1.0740625e+00
   6.0000000e+00   3.0000000e+01   1.0281267e-14   1.0929688e+00   1.0929688e+00
   7.0000000e+00   3.0000000e+01   1.0523906e-14   1.1146875e+00   1.1146875e+00
   8.0000000e+00   3.0000000e+01   1.0736371e-14   1.1495313e+00   1.1495313e+00
   9.0000000e+00   3.0000000e+01   9.7674707e-15   1.0300000e+00   1.0300000e+00
   1.0000000e+01   3.0000000e+01   9.3551653e-15   9.9304688e-01   9.9304688e-01
   1.1000000e+01   3.0000000e+01   9.3039296e-15   1.0239844e+00   1.0239844e+00
   1.2000000e+01   3.0000000e+01   9.6210330e-15   1.0051563e+00   1.0051563e+00
   1.3000000e+01   3.0000000e+01   9.8398572e-15   1.0488281e+00   1.0488281e+00
   1.4000000e+01   3.0000000e+01   1.0711596e-14   1.1271875e+00   1.1271875e+00
   1.5000000e+01   3.0000000e+01   1.1031814e-14   1.1650781e+00   1.1650781e+00
   1.6000000e+01   3.0000000e+01   1.1028914e-14   1.1976563e+00   1.1976563e+00
   1.7000000e+01   3.0000000e+01   1.0570401e-14   1.0891406e+00   1.0891406e+00
   1.8000000e+01   3.0000000e+01   9.7537449e-15   1.0224219e+00   1.0224219e+00
   1.9000000e+01   3.0000000e+01   9.5705784e-15   9.9671875e-01   9.9671875e-01
   2.0000000e+01   3.0000000e+01   9.6592105e-15   1.0539063e+00   1.0539063e+00
   2.1000000e+01   3.0000000e+01   1.0344015e-14   1.0791406e+00   1.0791406e+00
   2.2000000e+01   3.0000000e+01   1.0756300e-14   1.1336719e+00   1.1336719e+00
   2.3000000e+01   3.0000000e+01   1.0406288e-14   1.1125000e+00   1.1125000e+00
   2.4000000e+01   3.0000000e+01   1.0254280e-14   1.1053906e+00   1.1053906e+00
   2.5000000e+01   3.0000000e+01   1.0034113e-14   1.0910938e+00   1.0910938e+00
   2.6000000e+01   3.0000000e+01   1.0259500e-14   1.0580469e+00   1.0580469e+00
   2.7000000e+01   3.0000000e+01   9.4771398e-15   9.7171875e-01   9.7171875e-01
   2.8000000e+01   3.0000000e+01   9.7750501e-15   1.0463281e+00   1.0463281e+00
   2.9000000e+01   3.0000000e+01   9.9457675e-15   1.0686719e+00   1.0686719e+00
   3.0000000e+01   3.0000000e+01   1.0090807e-14   1.0407813e+00   1.0407813e+00
   3.1000000e+01   3.0000000e+01   1.0218775e-14   1.1203906e+00   1.1203906e+00
   3.2000000e+01   3.0000000e+01   1.0660327e-14   1.1274219e+00   1.1274219e+00
   3.3000000e+01   3.0000000e+01   1.0769878e-14   1.1612500e+00   1.1612500e+00
   3.4000000e+01   3.0000000e+01   1.0173786e-14   1.1032031e+00   1.1032031e+00
   3.5000000e+01   3.0000000e+01   1.0228599e-14   1.0737500e+00   1.0737500e+00
   1.0000000e+00   3.1000000e+01   1.0235542e-14   1.1057813e+00   1.1057813e+00
   2.0000000e+00   3.1000000e+01   9.7110277e-15   1.0245313e+00   1.0245313e+00
   3.0000000e+00   3.1000000e+01   9.8518214e-15   1.0394531e+00   1.0394531e+00
   4.0000000e+00   3.1000000e+01   1.0238287e-14   1.0980469e+00   1.0980469e+00
   5.0000000e+00   3.1000000e+01   1.0514404e-14   1.1121875e+00   1.1121875e+00
   6.0000000e+00   3.1000000e+01   1.0488682e-14   1.1005469e+00   1.1005469e+00
   7.0000000e+00   3.1000000e+01   1.0513133e-14   1.1146875e+00   1.1146875e+00
   8.0000000e+00   3.1000000e+01   1.0470861e-14   1.0944531e+00   1.0944531e+00
   9.0000000e+00   3.1000000e+01   9.8926450e-15   1.0751563e+00   1.0751563e+00
   1.0000000e+01   3.1000000e+01   9.6492383e-15   1.0120313e+00   1.0120313e+00
   1.1000000e+01   3.1000000e+01   9.5316271e-15   1.0015625e+00   1.0015625e+00
   1.2000000e+01   3.1000000e+01   9.9856561e-15   1.0435938e+00   1.0435938e+00
   1.3000000e+01   3.1000000e+01   1.0307955e-14   1.0903125e+00   1.0903125e+00
   1.4000000e+01   3.1000000e+01   1.0746452e-14   1.1567188e+00   1.1567188e+00
   1.5000000e+01   3.1000000e+01   1.1013413e-14   1.1287500e+00   1.1287500e+00
   1.6000000e+01   3.1000000e+01   1.1223838e-14   1.2078906e+00   1.2078906e+00
   1.7000000e+01   3.1000000e+01   1.1100060e-14   1.1389844e+00   1.1389844e+00
   1.8000000e+01   3.1000000e+01   1.0218661e-14   1.0699219e+00   1.0699219e+00
   1.9000000e+01   3.1000000e+01   1.0479813e-14   1.0836719e+00   1.0836719e+00
   2.0000000e+01   3.1000000e+01   1.0356784e-14   1.0948438e+00   1.0948438e+00
   2.1000000e+01   3.1000000e+01   1.0291708e-14   1.0958594e+00   1.0958594e+00
   2.2000000e+01   3.1000000e+01   1.0426568e-14   1.0835156e+00   1.0835156e+00
   2.3000000e+01   3.1000000e+01   1.0618010e-14   1.1497656e+00   1.1497656e+00
   2.4000000e+01   3.1000000e+01   1.0548070e-14   1.1325781e+00   1.1325781e+00
   2.5000000e+01   3.1000000e+01   1.0295887e-14   1.0637500e+00   1.0637500e+00
   2.6000000e+01   3.1000000e+01   1.0117091e-14   1.0734375e+00   1.0734375e+00
   2.7000000e+01   3.1000000e+01   9.5069014e-15   1.0235938e+00   1.0235938e+00
   2.8000000e+01   3.1000000e+01   9.8843949e-15   9.9062500e-01   9.9062500e-01
   2.9000000e+01   3.1000000e+01   9.8823373e-15   1.0589063e+00   1.0589063e+00
   3.0000000e+01   3.1000000e+01   1.0483229e-14   1.1153125e+00   1.1153125e+00
   3.1000000e+01   3.1000000e+01   1.0983270e-14   1.1374219e+00   1.1374219e+00
   3.2000000e+01   3.1000000e+01   1.0748348e-14   1.1307031e+00   1.1307031e+00
   3.3000000e+01   3.1000000e+01   1.0652091e-14   1.1472656e+00   1.1472656e+00
   3.4000000e+01   3.1000000e+01   1.0561601e-14   1.1624219e+00   1.1624219e+00
   3.5000000e+01   3.1000000e+01   9.7390137e-15   9.9671875e-01   9.9671875e-01
   1.0000000e+00   3.2000000e+01   1.0769329e-14   1.1151563e+00   1.1151563e+00
   2.0000000e+00   3.2000000e+01   9.9849297e-15   1.0750000e+00   1.0750000e+00
   3.0000000e+00   3.2000000e+01   1.0163173e-14   1.0434375e+00   1.0434375e+00
   4.0000000e+00   3.2000000e+01   1.0418108e-14   1.0710938e+00   1.0710938e+00
   5.0000000e+00   3.2000000e+01   1.0227141e-14   1.1221875e+00   1.1221875e+00
   6.0000000e+00   3.2000000e+01   1.0612483e-14   1.1067969e+00   1.1067969e+00
   7.0000000e+00   3.2000000e+01   1.0275908e-14   1.1152344e+00   1.1152344e+00
   8.0000000e+00   3.2000000e+01   1.0542886e-14   1.1309375e+00   1.1309375e+00
   9.0000000e+00   3.2000000e+01   9.9020807e-15   9.9710938e-01   9.9710938e-01
   1.0000000e+01   3.2000000e+01   9.6464614e-15   1.0214844e+00   1.0214844e+00
   1.1000000e+01   3.2000000e+01   9.8142910e-15   1.0182031e+00   1.0182031e+00
   1.2000000e+01   3.2000000e+01   9.8107731e-15   1.0462500e+00   1.0462500e+00
   1.3000000e+01   3.2000000e+01   1.0198615e-14   1.0860156e+00   1.0860156e+00
   1.4000000e+01   3.2000000e+01   1.0541798e-14   1.1282031e+00   1.1282031e+00
   1.5000000e+01   3.2000000e+01   1.0674916e-14   1.1819531e+00   1.1819531e+00
   1.6000000e+01   3.2000000e+01   1.1125378e-14   1.2225781e+00   1.2225781e+00
   1.7000000e+01   3.2000000e+01   1.0912356e-14   1.1428125e+00   1.1428125e+00
   1.8000000e+01   3.2000000e+01   1.0368126e-14   1.1333594e+00   1.1333594e+00
   1.9000000e+01   3.2000000e+01   9.7534529e-15   1.0478906e+00   1.0478906e+00
   2.0000000e+01   3.2000000e+01   1.0127526e-14   1.0877344e+00   1.0877344e+00
   2.1000000e+01   3.2000000e+01   1.0346695e-14   1.1130469e+00   1.1130469e+00
   2.2000000e+01   3.2000000e+01   1.0751111e-14   1.1437500e+00   1.1437500e+00
   2.3000000e+01   3.2000000e+01   1.0673651e-14   1.1331250e+00   1.1331250e+00
   2.4000000e+01   3.2000000e+01   1.0364247e-14   1.1213281e+00   1.1213281e+00
   2.5000000e+01   3.2000000e+01   1.0464154e-14   1.0834375e+00   1.0834375e+00
   2.6000000e+01   3.2000000e+01   1.0075468e-14   1.0546875e+00   1.0546875e+00
   2.7000000e+01   3.2000000e+01   9.5994348e-15   1.0095313e+00   1.0095313e+00
   2.8000000e+01   3.2000000e+01   9.8051396e-15   1.0176563e+00   1.0176563e+00
   2.9000000e+01   3.2000000e+01   1.0458844e-14   1.0839063e+00   1.0839063e+00
   3.0000000e+01   3.2000000e+01   1.0438413e-14   1.0982031e+00   1.0982031e+00
   3.1000000e+01   3.2000000e+01   1.0647831e-14   1.1407813e+00   1.1407813e+00
   3.2000000e+01   3.2000000e+01   1.0700226e-14   1.1623438e+00   1.1623438e+00
   3.3000000e+01   3.2000000e+01   1.1040835e-14   1.1867969e+00   1.1867969e+00
   3.4000000e+01   3.2000000e+01   1.0645812e-14   1.1396875e+00   1.1396875e+00
   3.5000000e+01   3.2000000e+01   1.0082795e-14   1.0764063e+00   1.0764063e+00
   1.0000000e+00   3.3000000e+01   1.0304166e-14   1.0874219e+00   1.0874219e+00
   2.0000000e+00   3.3000000e+01   1.0155080e-14   1.0228125e+00   1.0228125e+00
   3.0000000e+00   3.3000000e+01   9.8592468e-15   1.0333594e+00   1.0333594e+00
   4.0000000e+00   3.3000000e+01   1.0108030e-14   1.0972656e+00   1.0972656e+00
   5.0000000e+00   3.3000000e+01   1.0434793e-14   1.1191406e+00   1.1191406e+00
   6.0000000e+00   3.3000000e+01   1.0589793e-14   1.1232813e+00   1.1232813e+00
   7.0000000e+00   3.3000000e+01   1.0585418e-14   1.1128125e+00   1.1128125e+00
   8.0000000e+00   3.3000000e+01   1.0511795e-14   1.0833594e+00   1.0833594e+00
   9.0000000e+00   3.3000000e+01   9.9996718e-15   1.0900781e+00   1.0900781e+00
   1.0000000e+01   3.3000000e+01   9.4219869e-15   1.0131250e+00   1.0131250e+00
   1.1000000e+01   3.3000000e+01   9.6320499e-15   1.0309375e+00   1.0309375e+00
   1.2000000e+01   3.3000000e+01   9.8658531e-15   1.0560156e+00   1.0560156e+00
   1.3000000e+01   3.3000000e+01   9.8163966e-15   1.0548438e+00   1.0548438e+00
   1.4000000e+01   3.3000000e+01   1.0001664e-14   1.0846094e+00   1.0846094e+00
   1.5000000e+01   3.3000000e+01   1.0635723e-14   1.1554688e+00   1.1554688e+00
   1.6000000e+01   3.3000000e+01   1.0843829e-14   1.1814063e+00   1.1814063e+00
   1.7000000e+01   3.3000000e+01   1.0944350e-14   1.1672656e+00   1.1672656e+00
   1.8000000e+01   3.3000000e+01   1.0205374e-14   1.0797656e+00   1.0797656e+00
   1.9000000e+01   3.3000000e+01   9.9960901e-15   1.0714844e+00   1.0714844e+00
   2.0000000e+01   3.3000000e+01   9.8957826e-15   1.0982813e+00   1.0982813e+00
   2.1000000e+01   3.3000000e+01   1.0027946e-14   1.1090625e+00   1.1090625e+00
   2.2000000e+01   3.3000000e+01   1.0857409e-14   1.1568750e+00   1.1568750e+00
   2.3000000e+01   3.3000000e+01   1.0528866e-14   1.1335938e+00   1.1335938e+00
   2.4000000e+01   3.3000000e+01   1.0060222e-14   1.1001563e+00   1.1001563e+00
   2.5000000e+01   3.3000000e+01   1.0434170e-14   1.0840625e+00   1.0840625e+00
   2.6000000e+01   3.3000000e+01   9.9938674e-15   1.0682813e+00   1.0682813e+00
   2.7000000e+01   3.3000000e+01   9.6400661e-15   1.0088281e+00   1.0088281e+00
   2.8000000e+01   3.3000000e+01   9.8828695e-15   1.0491406e+00   1.0491406e+00
   2.9000000e+01   3.3000000e+01   1.0094408e-14   1.0553125e+00   1.0553125e+00
   3.0000000e+01   3.3000000e+01   1.0184322e-14   1.0672656e+00   1.0672656e+00
   3.1000000e+01   3.3000000e+01   1.0838610e-14   1.1319531e+00   1.1319531e+00
   3.2000000e+01   3.3000000e+01   1.1249783e-14   1.2150781e+00   1.2150781e+00
   3.3000000e+01   3.3000000e+01   1.1053321e-14   1.1740625e+00   1.1740625e+00
   3.4000000e+01   3.3000000e+01   1.0566198e-14   1.1388281e+00   1.1388281e+00
   3.5000000e+01   3.3000000e+01   1.0413406e-14   1.0696094e+00   1.0696094e+00
   1.0000000e+00   3.4000000e+01   1.0616150e-14   1.1045313e+00   1.1045313e+00
   2.0000000e+00   3.4000000e+01   9.5162043e-15   1.0236719e+00   1.0236719e+00
   3.0000000e+00   3.4000000e+01   9.3908755e-15   1.0393750e+00   1.0393750e+00
   4.0000000e+00   3.4000000e+01   9.9409576e-15   1.0532031e+00   1.0532031e+00
   5.0000000e+00   3.4000000e+01   1.0391666e-14   1.1134375e+00   1.1134375e+00
   6.0000000e+00   3.4000000e+01   1.0239640e-14   1.1026563e+00   1.1026563e+00
   7.0000000e+00   3.4000000e+01   1.0416860e-14   1.1177344e+00   1.1177344e+00
   8.0000000e+00   3.4000000e+01   1.0015246e-14   1.0687500e+00   1.0687500e+00
   9.0000000e+00   3.4000000e+01   9.8588119e-15   1.0450781e+00   1.0450781e+00
   1.0000000e+01   3.4000000e+01   9.5045827e-15   9.8085938e-01   9.8085938e-01
   1.1000000e+01   3.4000000e+01   9.5824895e-15   1.0171875e+00   1.0171875e+00
   1.2000000e+01   3.4000000e+01   9.6450342e-15   1.0314063e+00   1.0314063e+00
   1.3000000e+01   3.4000000e+01   9.8344341e-15   1.0664063e+00   1.0664063e+00
   1.4000000e+01   3.4000000e+01   1.0620622e-14   1.1306250e+00   1.1306250e+00
   1.5000000e+01   3.4000000e+01   1.0673271e-14   1.1350000e+00   1.1350000e+00
   1.6000000e+01   3.4000000e+01   1.1098172e-14   1.1821094e+00   1.1821094e+00
   1.7000000e+01   3.4000000e+01   1.0485270e-14   1.1271875e+00   1.1271875e+00
   1.8000000e+01   3.4000000e+01   1.0301007e-14   1.0646875e+00   1.0646875e+00
   1.9000000e+01   3.4000000e+01   1.0001684e-14   1.0427344e+00   1.0427344e+00
   2.0000000e+01   3.4000000e+01   1.0296800e-14   1.0826563e+00   1.0826563e+00
   2.1000000e+01   3.4000000e+01   1.0375655e-14   1.0970313e+00   1.0970313e+00
   2.2000000e+01   3.4000000e+01   1.0107173e-14   1.0727344e+00   1.0727344e+00
   2.3000000e+01   3.4000000e+01   1.0666215e-14   1.1320313e+00   1.1320313e+00
   2.4000000e+01   3.4000000e+01   1.0302887e-14   1.1078125e+00   1.1078125e+00
   2.5000000e+01   3.4000000e+01   1.0199255e-14   1.0795313e+00   1.0795313e+00
   2.6000000e+01   3.4000000e+01   1.0092751e-14   1.0451563e+00   1.0451563e+00
   2.7000000e+01   3.4000000e+01   1.0049078e-14   1.0396875e+00   1.0396875e+00
   2.8000000e+01   3.4000000e+01   9.3433192e-15   9.9710938e-01   9.9710938e-01
   2.9000000e+01   3.4000000e+01   9.8423078e-15   1.0404688e+00   1.0404688e+00
   3.0000000e+01   3.4000000e+01   1.0551795e-14   1.0885156e+00   1.0885156e+00
   3.1000000e+01   3.4000000e+01   1.0452936e-14   1.1164063e+00   1.1164063e+00
   3.2000000e+01   3.4000000e+01   1.1124090e-14   1.1855469e+00   1.1855469e+00
   3.3000000e+01   3.4000000e+01   1.1399233e-14   1.1635938e+00   1.1635938e+00
   3.4000000e+01   3.4000000e+01   1.0722100e-14   1.1257813e+00   1.1257813e+00
   3.5000000e+01   3.4000000e+01   9.7351724e-15   1.0050000e+00   1.0050000e+00
   1.0000000e+00   3.5000000e+01   1.0146437e-14   1.1114063e+00   1.1114063e+00
   2.0000000e+00   3.5000000e+01   9.5886382e-15   9.8125000e-01   9.8125000e-01
   3.0000000e+00   3.5000000e+01   9.7309422e-15   1.0108594e+00   1.0108594e+00
   4.0000000e+00   3.5000000e+01   9.9791787e-15   1.0469531e+00   1.0469531e+00
   5.0000000e+00   3.5000000e+01   9.9132538e-15   1.0572656e+00   1.0572656e+00
   6.0000000e+00   3.5000000e+01   9.9940660e-15   1.0723438e+00   1.0723438e+00
   7.0000000e+00   3.5000000e+01   1.0149678e-14   1.0843750e+00   1.0843750e+00
   8.0000000e+00   3.5000000e+01   1.0260156e-14   1.0393750e+00   1.0393750e+00
   9.0000000e+00   3.5000000e+01   9.9532186e-15   1.0502344e+00   1.0502344e+00
   1.0000000e+01   3.5000000e+01   9.4937531e-15   9.7203125e-01   9.7203125e-01
   1.1000000e+01   3.5000000e+01   9.3670920e-15   9.8054688e-01   9.8054688e-01
   1.2000000e+01   3.5000000e+01   9.6109572e-15   1.0357031e+00   1.0357031e+00
   1.3000000e+01   3.5000000e+01   9.5792264e-15   1.0332813e+00   1.0332813e+00
   1.4000000e+01   3.5000000e+01   1.0771092e-14   1.0943750e+00   1.0943750e+00
   1.5000000e+01   3.5000000e+01   1.0650193e-14   1.1156250e+00   1.1156250e+00
   1.6000000e+01   3.5000000e+01   1.0878255e-14   1.1446094e+00   1.1446094e+00
   1.7000000e+01   3.5000000e+01   1.0993946e-14   1.1110156e+00   1.1110156e+00
   1.8000000e+01   3.5000000e+01   1.0143395e-14   1.0324219e+00   1.0324219e+00
   1.9000000e+01   3.5000000e+01   9.8307746e-15   9.9054688e-01   9.9054688e-01
   2.0000000e+01   3.5000000e+01   1.0033716e-14   1.0589063e+00   1.0589063e+00
   2.1000000e+01   3.5000000e+01   1.0144649e-14   1.0938281e+00   1.0938281e+00
   2.2000000e+01   3.5000000e+01   9.9706002e-15   1.0323438e+00   1.0323438e+00
   2.3000000e+01   3.5000000e+01   1.0691230e-14   1.1064844e+00   1.1064844e+00
   2.4000000e+01   3.5000000e+01   1.0596331e-14   1.1490625e+00   1.1490625e+00
   2.5000000e+01   3.5000000e+01   1.0032436e-14   1.0632813e+00   1.0632813e+00
   2.6000000e+01   3.5000000e+01   9.9316645e-15   1.0511719e+00   1.0511719e+00
   2.7000000e+01   3.5000000e+01   9.6002076e-15   1.0063281e+00   1.0063281e+00
   2.8000000e+01   3.5000000e+01   9.5359504e-15   1.0285938e+00   1.0285938e+00
   2.9000000e+01   3.5000000e+01   9.8277207e-15   1.0519531e+00   1.0519531e+00
   3.0000000e+01   3.5000000e+01   9.6632630e-15   1.0714063e+00   1.0714063e+00
   3.1000000e+01   3.5000000e+01   1.0379564e-14   1.1003125e+00   1.1003125e+00
   3.2000000e+01   3.5000000e+01   1.1042250e-14   1.1297656e+00   1.1297656e+00
   3.3000000e+01   3.5000000e+01   1.0873122e-14   1.1321094e+00   1.1321094e+00
   3.4000000e+01   3.5000000e+01   1.0515405e-14   1.1232813e+00   1.1232813e+00
   3.5000000e+01   3.5000000e+01   9.9120525e-15   1.0454688e+00   1.0454688e+00
