   1.0000000e+00   1.0000000e+00   5.7054398e-15   7.2800000e-01   7.2800000e-01
   2.0000000e+00   1.0000000e+00   5.7694365e-15   7.0690625e-01   7.0690625e-01
   3.0000000e+00   1.0000000e+00   5.4958175e-15   6.9590625e-01   6.9590625e-01
   4.0000000e+00   1.0000000e+00   5.1592575e-15   6.6271875e-01   6.6271875e-01
   5.0000000e+00   1.0000000e+00   5.0061611e-15   6.4331250e-01   6.4331250e-01
   6.0000000e+00   1.0000000e+00   4.9329105e-15   6.1450000e-01   6.1450000e-01
   7.0000000e+00   1.0000000e+00   5.2086739e-15   6.4478125e-01   6.4478125e-01
   8.0000000e+00   1.0000000e+00   5.2099435e-15   6.5862500e-01   6.5862500e-01
   9.0000000e+00   1.0000000e+00   5.4106055e-15   6.8559375e-01   6.8559375e-01
   1.0000000e+01   1.0000000e+00   5.6313670e-15   6.8293750e-01   6.8293750e-01
   1.1000000e+01   1.0000000e+00   5.3297788e-15   6.7653125e-01   6.7653125e-01
   1.2000000e+01   1.0000000e+00   5.2484403e-15   6.6271875e-01   6.6271875e-01
   1.3000000e+01   1.0000000e+00   5.0736988e-15   6.1734375e-01   6.1734375e-01
   1.4000000e+01   1.0000000e+00   4.7667589e-15   6.2637500e-01   6.2637500e-01
   1.5000000e+01   1.0000000e+00   4.7594191e-15   6.2796875e-01   6.2796875e-01
   1.6000000e+01   1.0000000e+00   5.1343664e-15   6.5125000e-01   6.5125000e-01
   1.7000000e+01   1.0000000e+00   5.1032580e-15   6.4665625e-01   6.4665625e-01
   1.8000000e+01   1.0000000e+00   5.4720977e-15   6.6684375e-01   6.6684375e-01
   1.9000000e+01   1.0000000e+00   5.5427870e-15   6.8700000e-01   6.8700000e-01
   1.0000000e+00   2.0000000e+00   5.3209751e-15   6.7921875e-01   6.7921875e-01
   2.0000000e+00   2.0000000e+00   5.3658149e-15   6.7671875e-01   6.7671875e-01
   3.0000000e+00   2.0000000e+00   5.1327899e-15   6.3121875e-01   6.3121875e-01
   4.0000000e+00   2.0000000e+00   4.9923278e-15   6.2228125e-01   6.2228125e-01
   5.0000000e+00   2.0000000e+00   4.6765450e-15   5.9484375e-01   5.9484375e-01
   6.0000000e+00   2.0000000e+00   4.6108397e-15   5.9025000e-01   5.9025000e-01
   7.0000000e+00   2.0000000e+00   4.3231055e-15   5.7809375e-01   5.7809375e-01
   8.0000000e+00   2.0000000e+00   4.5259016e-15   5.8809375e-01   5.8809375e-01
   9.0000000e+00   2.0000000e+00   4.9672794e-15   6.2778125e-01   6.2778125e-01
   1.0000000e+01   2.0000000e+00   5.1211920e-15   6.4875000e-01   6.4875000e-01
   1.1000000e+01   2.0000000e+00   5.0932208e-15   6.1840625e-01   6.1840625e-01
   1.2000000e+01   2.0000000e+00   4.9546974e-15   6.1368750e-01   6.1368750e-01
   1.3000000e+01   2.0000000e+00   4.6646721e-15   5.9768750e-01   5.9768750e-01
   1.4000000e+01   2.0000000e+00   4.4399926e-15   5.5506250e-01   5.5506250e-01
   1.5000000e+01   2.0000000e+00   4.6875628e-15   5.8696875e-01   5.8696875e-01
   1.6000000e+01   2.0000000e+00   4.6095922e-15   5.8968750e-01   5.8968750e-01
   1.7000000e+01   2.0000000e+00   4.9033107e-15   5.9284375e-01   5.9284375e-01
   1.8000000e+01   2.0000000e+00   5.0574714e-15   6.4425000e-01   6.4425000e-01
   1.9000000e+01   2.0000000e+00   4.9212447e-15   6.3906250e-01   6.3906250e-01
   1.0000000e+00   3.0000000e+00   4.9727703e-15   6.2643750e-01   6.2643750e-01
   2.0000000e+00   3.0000000e+00   5.0221450e-15   6.3809375e-01   6.3809375e-01
   3.0000000e+00   3.0000000e+00   4.7642370e-15   6.1503125e-01   6.1503125e-01
   4.0000000e+00   3.0000000e+00   4.4875197e-15   5.5925000e-01   5.5925000e-01
   5.0000000e+00   3.0000000e+00   4.4816802e-15   5.5768750e-01   5.5768750e-01
   6.0000000e+00   3.0000000e+00   4.2770877e-15   5.4875000e-01   5.4875000e-01
   7.0000000e+00   3.0000000e+00   4.2568195e-15   5.4568750e-01   5.4568750e-01
   8.0000000e+00   3.0000000e+00   4.2861068e-15   5.5906250e-01   5.5906250e-01
   9.0000000e+00   3.0000000e+00   4.4317656e-15   5.4806250e-01   5.4806250e-01
   1.0000000e+01   3.0000000e+00   4.8415809e-15   5.9456250e-01   5.9456250e-01
   1.1000000e+01   3.0000000e+00   4.7134060e-15   5.9562500e-01   5.9562500e-01
   1.2000000e+01   3.0000000e+00   4.5764457e-15   5.7618750e-01   5.7618750e-01
   1.3000000e+01   3.0000000e+00   4.2658744e-15   5.5190625e-01   5.5190625e-01
   1.4000000e+01   3.0000000e+00   4.2228491e-15   5.4718750e-01   5.4718750e-01
   1.5000000e+01   3.0000000e+00   4.0490929e-15   5.2862500e-01   5.2862500e-01
   1.6000000e+01   3.0000000e+00   4.4934253e-15   5.5184375e-01   5.5184375e-01
   1.7000000e+01   3.0000000e+00   4.5309453e-15   5.7728125e-01   5.7728125e-01
   1.8000000e+01   3.0000000e+00   4.8467930e-15   5.9934375e-01   5.9934375e-01
   1.9000000e+01   3.0000000e+00   4.7483284e-15   6.0900000e-01   6.0900000e-01
   1.0000000e+00   4.0000000e+00   4.4033025e-15   5.4728125e-01   5.4728125e-01
   2.0000000e+00   4.0000000e+00   4.6059180e-15   5.8031250e-01   5.8031250e-01
   3.0000000e+00   4.0000000e+00   4.2771343e-15   5.6743750e-01   5.6743750e-01
   4.0000000e+00   4.0000000e+00   4.1558557e-15   5.1850000e-01   5.1850000e-01
   5.0000000e+00   4.0000000e+00   3.9223468e-15   5.2103125e-01   5.2103125e-01
   6.0000000e+00   4.0000000e+00   3.9978399e-15   5.1762500e-01   5.1762500e-01
   7.0000000e+00   4.0000000e+00   4.0529534e-15   5.2875000e-01   5.2875000e-01
   8.0000000e+00   4.0000000e+00   4.1349955e-15   5.0868750e-01   5.0868750e-01
   9.0000000e+00   4.0000000e+00   4.2741928e-15   5.5534375e-01   5.5534375e-01
   1.0000000e+01   4.0000000e+00   4.3623108e-15   5.5568750e-01   5.5568750e-01
   1.1000000e+01   4.0000000e+00   4.3277345e-15   5.5953125e-01   5.5953125e-01
   1.2000000e+01   4.0000000e+00   4.3004362e-15   5.4400000e-01   5.4400000e-01
   1.3000000e+01   4.0000000e+00   4.1920616e-15   5.3037500e-01   5.3037500e-01
   1.4000000e+01   4.0000000e+00   4.0154423e-15   5.2625000e-01   5.2625000e-01
   1.5000000e+01   4.0000000e+00   4.2311205e-15   5.1637500e-01   5.1637500e-01
   1.6000000e+01   4.0000000e+00   4.2737786e-15   5.5187500e-01   5.5187500e-01
   1.7000000e+01   4.0000000e+00   4.4655731e-15   5.6468750e-01   5.6468750e-01
   1.8000000e+01   4.0000000e+00   4.3559587e-15   5.6784375e-01   5.6784375e-01
   1.9000000e+01   4.0000000e+00   4.7264495e-15   5.8312500e-01   5.8312500e-01
   1.0000000e+00   5.0000000e+00   4.3117965e-15   5.5428125e-01   5.5428125e-01
   2.0000000e+00   5.0000000e+00   4.3026960e-15   5.5687500e-01   5.5687500e-01
   3.0000000e+00   5.0000000e+00   4.2454983e-15   5.5593750e-01   5.5593750e-01
   4.0000000e+00   5.0000000e+00   4.0447338e-15   5.3759375e-01   5.3759375e-01
   5.0000000e+00   5.0000000e+00   3.9821813e-15   5.1453125e-01   5.1453125e-01
   6.0000000e+00   5.0000000e+00   3.9235619e-15   5.1250000e-01   5.1250000e-01
   7.0000000e+00   5.0000000e+00   3.9975553e-15   5.2646875e-01   5.2646875e-01
   8.0000000e+00   5.0000000e+00   4.1419380e-15   5.4250000e-01   5.4250000e-01
   9.0000000e+00   5.0000000e+00   4.2449296e-15   5.4700000e-01   5.4700000e-01
   1.0000000e+01   5.0000000e+00   4.1873589e-15   5.1337500e-01   5.1337500e-01
   1.1000000e+01   5.0000000e+00   4.4888667e-15   5.4631250e-01   5.4631250e-01
   1.2000000e+01   5.0000000e+00   4.3775744e-15   5.3615625e-01   5.3615625e-01
   1.3000000e+01   5.0000000e+00   4.1815816e-15   5.2609375e-01   5.2609375e-01
   1.4000000e+01   5.0000000e+00   4.0880058e-15   5.1537500e-01   5.1537500e-01
   1.5000000e+01   5.0000000e+00   4.1956689e-15   5.3271875e-01   5.3271875e-01
   1.6000000e+01   5.0000000e+00   4.3177687e-15   5.5456250e-01   5.5456250e-01
   1.7000000e+01   5.0000000e+00   4.3966770e-15   5.6637500e-01   5.6637500e-01
   1.8000000e+01   5.0000000e+00   4.5071822e-15   5.7887500e-01   5.7887500e-01
   1.9000000e+01   5.0000000e+00   4.6038496e-15   5.8350000e-01   5.8350000e-01
   1.0000000e+00   6.0000000e+00   4.5351649e-15   5.4100000e-01   5.4100000e-01
   2.0000000e+00   6.0000000e+00   4.5369230e-15   5.6825000e-01   5.6825000e-01
   3.0000000e+00   6.0000000e+00   4.6015747e-15   5.7018750e-01   5.7018750e-01
   4.0000000e+00   6.0000000e+00   4.2407182e-15   5.4062500e-01   5.4062500e-01
   5.0000000e+00   6.0000000e+00   3.9458883e-15   5.1575000e-01   5.1575000e-01
   6.0000000e+00   6.0000000e+00   3.9625555e-15   5.0484375e-01   5.0484375e-01
   7.0000000e+00   6.0000000e+00   4.0755880e-15   5.1903125e-01   5.1903125e-01
   8.0000000e+00   6.0000000e+00   4.3651444e-15   5.4784375e-01   5.4784375e-01
   9.0000000e+00   6.0000000e+00   4.1928598e-15   5.3293750e-01   5.3293750e-01
   1.0000000e+01   6.0000000e+00   4.5693724e-15   5.5156250e-01   5.5156250e-01
   1.1000000e+01   6.0000000e+00   4.5909992e-15   5.7634375e-01   5.7634375e-01
   1.2000000e+01   6.0000000e+00   4.5083887e-15   5.6212500e-01   5.6212500e-01
   1.3000000e+01   6.0000000e+00   4.1705246e-15   5.3168750e-01   5.3168750e-01
   1.4000000e+01   6.0000000e+00   4.0476974e-15   5.1987500e-01   5.1987500e-01
   1.5000000e+01   6.0000000e+00   4.1836033e-15   5.3290625e-01   5.3290625e-01
   1.6000000e+01   6.0000000e+00   4.5766677e-15   5.6700000e-01   5.6700000e-01
   1.7000000e+01   6.0000000e+00   4.5779165e-15   5.8146875e-01   5.8146875e-01
   1.8000000e+01   6.0000000e+00   4.7624607e-15   5.8837500e-01   5.8837500e-01
   1.9000000e+01   6.0000000e+00   4.9532143e-15   5.9443750e-01   5.9443750e-01
   1.0000000e+00   7.0000000e+00   4.6288958e-15   5.8768750e-01   5.8768750e-01
   2.0000000e+00   7.0000000e+00   4.6879146e-15   5.9900000e-01   5.9900000e-01
   3.0000000e+00   7.0000000e+00   4.5428055e-15   5.8562500e-01   5.8562500e-01
   4.0000000e+00   7.0000000e+00   4.4469814e-15   5.6412500e-01   5.6412500e-01
   5.0000000e+00   7.0000000e+00   4.2155034e-15   5.2725000e-01   5.2725000e-01
   6.0000000e+00   7.0000000e+00   4.1401827e-15   5.1493750e-01   5.1493750e-01
   7.0000000e+00   7.0000000e+00   4.4384646e-15   5.3034375e-01   5.3034375e-01
   8.0000000e+00   7.0000000e+00   4.5366889e-15   5.6168750e-01   5.6168750e-01
   9.0000000e+00   7.0000000e+00   4.7503583e-15   5.8787500e-01   5.8787500e-01
   1.0000000e+01   7.0000000e+00   4.5769075e-15   5.9471875e-01   5.9471875e-01
   1.1000000e+01   7.0000000e+00   4.5802137e-15   5.7509375e-01   5.7509375e-01
   1.2000000e+01   7.0000000e+00   4.5748641e-15   5.6700000e-01   5.6700000e-01
   1.3000000e+01   7.0000000e+00   4.2723124e-15   5.3681250e-01   5.3681250e-01
   1.4000000e+01   7.0000000e+00   4.1469613e-15   5.3362500e-01   5.3362500e-01
   1.5000000e+01   7.0000000e+00   4.3262565e-15   5.4753125e-01   5.4753125e-01
   1.6000000e+01   7.0000000e+00   4.2937780e-15   5.4125000e-01   5.4125000e-01
   1.7000000e+01   7.0000000e+00   4.9460273e-15   5.9775000e-01   5.9775000e-01
   1.8000000e+01   7.0000000e+00   4.9007807e-15   6.1265625e-01   6.1265625e-01
   1.9000000e+01   7.0000000e+00   4.8186477e-15   6.0900000e-01   6.0900000e-01
   1.0000000e+00   8.0000000e+00   4.8391280e-15   6.0631250e-01   6.0631250e-01
   2.0000000e+00   8.0000000e+00   4.8098402e-15   6.0875000e-01   6.0875000e-01
   3.0000000e+00   8.0000000e+00   4.6867451e-15   5.6578125e-01   5.6578125e-01
   4.0000000e+00   8.0000000e+00   4.4729484e-15   5.6453125e-01   5.6453125e-01
   5.0000000e+00   8.0000000e+00   4.3045698e-15   5.4628125e-01   5.4628125e-01
   6.0000000e+00   8.0000000e+00   4.2377240e-15   5.3462500e-01   5.3462500e-01
   7.0000000e+00   8.0000000e+00   4.3836986e-15   5.4393750e-01   5.4393750e-01
   8.0000000e+00   8.0000000e+00   4.6226905e-15   5.7556250e-01   5.7556250e-01
   9.0000000e+00   8.0000000e+00   4.8513875e-15   6.0293750e-01   6.0293750e-01
   1.0000000e+01   8.0000000e+00   4.7957527e-15   6.1671875e-01   6.1671875e-01
   1.1000000e+01   8.0000000e+00   4.5994656e-15   5.6275000e-01   5.6275000e-01
   1.2000000e+01   8.0000000e+00   4.7671124e-15   5.7318750e-01   5.7318750e-01
   1.3000000e+01   8.0000000e+00   4.4515131e-15   5.5975000e-01   5.5975000e-01
   1.4000000e+01   8.0000000e+00   4.4309134e-15   5.5421875e-01   5.5421875e-01
   1.5000000e+01   8.0000000e+00   4.2449951e-15   5.5606250e-01   5.5606250e-01
   1.6000000e+01   8.0000000e+00   4.5850704e-15   5.8346875e-01   5.8346875e-01
   1.7000000e+01   8.0000000e+00   4.6686291e-15   5.8118750e-01   5.8118750e-01
   1.8000000e+01   8.0000000e+00   5.2172886e-15   6.3543750e-01   6.3543750e-01
   1.9000000e+01   8.0000000e+00   4.8565722e-15   6.1409375e-01   6.1409375e-01
   1.0000000e+00   9.0000000e+00   4.7629048e-15   6.2493750e-01   6.2493750e-01
   2.0000000e+00   9.0000000e+00   4.7778630e-15   5.8450000e-01   5.8450000e-01
   3.0000000e+00   9.0000000e+00   4.8242391e-15   5.8768750e-01   5.8768750e-01
   4.0000000e+00   9.0000000e+00   4.4387675e-15   5.8162500e-01   5.8162500e-01
   5.0000000e+00   9.0000000e+00   4.3782993e-15   5.6800000e-01   5.6800000e-01
   6.0000000e+00   9.0000000e+00   4.3512036e-15   5.5643750e-01   5.5643750e-01
   7.0000000e+00   9.0000000e+00   4.5937138e-15   5.4893750e-01   5.4893750e-01
   8.0000000e+00   9.0000000e+00   4.6014560e-15   5.7578125e-01   5.7578125e-01
   9.0000000e+00   9.0000000e+00   4.7833615e-15   6.1168750e-01   6.1168750e-01
   1.0000000e+01   9.0000000e+00   4.8852781e-15   6.2975000e-01   6.2975000e-01
   1.1000000e+01   9.0000000e+00   4.7302578e-15   6.0284375e-01   6.0284375e-01
   1.2000000e+01   9.0000000e+00   4.4131301e-15   5.4971875e-01   5.4971875e-01
   1.3000000e+01   9.0000000e+00   4.7123594e-15   5.6931250e-01   5.6931250e-01
   1.4000000e+01   9.0000000e+00   4.5699276e-15   5.6990625e-01   5.6990625e-01
   1.5000000e+01   9.0000000e+00   4.4542455e-15   5.6571875e-01   5.6571875e-01
   1.6000000e+01   9.0000000e+00   4.6005171e-15   5.9337500e-01   5.9337500e-01
   1.7000000e+01   9.0000000e+00   4.8852955e-15   6.2534375e-01   6.2534375e-01
   1.8000000e+01   9.0000000e+00   5.0744884e-15   6.1584375e-01   6.1584375e-01
   1.9000000e+01   9.0000000e+00   4.9004498e-15   6.2862500e-01   6.2862500e-01
   1.0000000e+00   1.0000000e+01   4.9899914e-15   6.3128125e-01   6.3128125e-01
   2.0000000e+00   1.0000000e+01   4.9115451e-15   6.3312500e-01   6.3312500e-01
   3.0000000e+00   1.0000000e+01   4.8001221e-15   6.1171875e-01   6.1171875e-01
   4.0000000e+00   1.0000000e+01   4.4761154e-15   5.6775000e-01   5.6775000e-01
   5.0000000e+00   1.0000000e+01   4.7392640e-15   5.8478125e-01   5.8478125e-01
   6.0000000e+00   1.0000000e+01   4.5017269e-15   5.7481250e-01   5.7481250e-01
   7.0000000e+00   1.0000000e+01   4.4870923e-15   5.7240625e-01   5.7240625e-01
   8.0000000e+00   1.0000000e+01   4.5594699e-15   5.8340625e-01   5.8340625e-01
   9.0000000e+00   1.0000000e+01   4.8918771e-15   6.2281250e-01   6.2281250e-01
   1.0000000e+01   1.0000000e+01   4.9587576e-15   6.3112500e-01   6.3112500e-01
   1.1000000e+01   1.0000000e+01   4.7022426e-15   5.7887500e-01   5.7887500e-01
   1.2000000e+01   1.0000000e+01   4.6101220e-15   5.7006250e-01   5.7006250e-01
   1.3000000e+01   1.0000000e+01   4.5713665e-15   5.8950000e-01   5.8950000e-01
   1.4000000e+01   1.0000000e+01   4.5129269e-15   5.8228125e-01   5.8228125e-01
   1.5000000e+01   1.0000000e+01   4.6808145e-15   5.8096875e-01   5.8096875e-01
   1.6000000e+01   1.0000000e+01   4.5542570e-15   5.8696875e-01   5.8696875e-01
   1.7000000e+01   1.0000000e+01   4.7377666e-15   6.2265625e-01   6.2265625e-01
   1.8000000e+01   1.0000000e+01   4.9595554e-15   6.2303125e-01   6.2303125e-01
   1.9000000e+01   1.0000000e+01   4.9800799e-15   6.0721875e-01   6.0721875e-01
   1.0000000e+00   1.1000000e+01   5.1490404e-15   6.5090625e-01   6.5090625e-01
   2.0000000e+00   1.1000000e+01   5.1445924e-15   6.5478125e-01   6.5478125e-01
   3.0000000e+00   1.1000000e+01   4.9685084e-15   6.4093750e-01   6.4093750e-01
   4.0000000e+00   1.1000000e+01   4.7838709e-15   6.1903125e-01   6.1903125e-01
   5.0000000e+00   1.1000000e+01   4.9291732e-15   5.9978125e-01   5.9978125e-01
   6.0000000e+00   1.1000000e+01   4.5273437e-15   5.8578125e-01   5.8578125e-01
   7.0000000e+00   1.1000000e+01   4.5266249e-15   5.8509375e-01   5.8509375e-01
   8.0000000e+00   1.1000000e+01   4.6991322e-15   6.1737500e-01   6.1737500e-01
   9.0000000e+00   1.1000000e+01   4.8443085e-15   5.9562500e-01   5.9562500e-01
   1.0000000e+01   1.1000000e+01   5.2178945e-15   6.5656250e-01   6.5656250e-01
   1.1000000e+01   1.1000000e+01   5.0667020e-15   6.4687500e-01   6.4687500e-01
   1.2000000e+01   1.1000000e+01   4.9509691e-15   6.3156250e-01   6.3156250e-01
   1.3000000e+01   1.1000000e+01   4.7090436e-15   5.8487500e-01   5.8487500e-01
   1.4000000e+01   1.1000000e+01   4.8743523e-15   5.9231250e-01   5.9231250e-01
   1.5000000e+01   1.1000000e+01   4.6991561e-15   5.9134375e-01   5.9134375e-01
   1.6000000e+01   1.1000000e+01   4.6807180e-15   6.1068750e-01   6.1068750e-01
   1.7000000e+01   1.1000000e+01   4.8473782e-15   5.9628125e-01   5.9628125e-01
   1.8000000e+01   1.1000000e+01   5.3460056e-15   6.6790625e-01   6.6790625e-01
   1.9000000e+01   1.1000000e+01   5.3217707e-15   6.6775000e-01   6.6775000e-01
   1.0000000e+00   1.2000000e+01   5.4773528e-15   6.8496875e-01   6.8496875e-01
   2.0000000e+00   1.2000000e+01   5.3848256e-15   6.8818750e-01   6.8818750e-01
   3.0000000e+00   1.2000000e+01   5.0982556e-15   6.4821875e-01   6.4821875e-01
   4.0000000e+00   1.2000000e+01   5.3059815e-15   6.6193750e-01   6.6193750e-01
   5.0000000e+00   1.2000000e+01   4.9345285e-15   6.3718750e-01   6.3718750e-01
   6.0000000e+00   1.2000000e+01   4.9800080e-15   6.3181250e-01   6.3181250e-01
   7.0000000e+00   1.2000000e+01   4.9489293e-15   5.9875000e-01   5.9875000e-01
   8.0000000e+00   1.2000000e+01   5.1536556e-15   6.5300000e-01   6.5300000e-01
   9.0000000e+00   1.2000000e+01   5.3533951e-15   6.7450000e-01   6.7450000e-01
   1.0000000e+01   1.2000000e+01   5.4115501e-15   6.9362500e-01   6.9362500e-01
   1.1000000e+01   1.2000000e+01   5.0577800e-15   6.3650000e-01   6.3650000e-01
   1.2000000e+01   1.2000000e+01   5.3666502e-15   6.5181250e-01   6.5181250e-01
   1.3000000e+01   1.2000000e+01   5.2432309e-15   6.4953125e-01   6.4953125e-01
   1.4000000e+01   1.2000000e+01   5.0432846e-15   6.3681250e-01   6.3681250e-01
   1.5000000e+01   1.2000000e+01   5.1503749e-15   6.4096875e-01   6.4096875e-01
   1.6000000e+01   1.2000000e+01   5.2298267e-15   6.4965625e-01   6.4965625e-01
   1.7000000e+01   1.2000000e+01   5.3285225e-15   6.7103125e-01   6.7103125e-01
   1.8000000e+01   1.2000000e+01   5.7390862e-15   7.0346875e-01   7.0346875e-01
   1.9000000e+01   1.2000000e+01   5.6640365e-15   6.9706250e-01   6.9706250e-01
   1.0000000e+00   1.3000000e+01   5.8620452e-15   7.1434375e-01   7.1434375e-01
   2.0000000e+00   1.3000000e+01   6.0712401e-15   7.2662500e-01   7.2662500e-01
   3.0000000e+00   1.3000000e+01   5.6177973e-15   6.7425000e-01   6.7425000e-01
   4.0000000e+00   1.3000000e+01   5.3382613e-15   6.6096875e-01   6.6096875e-01
   5.0000000e+00   1.3000000e+01   5.2364213e-15   6.6865625e-01   6.6865625e-01
   6.0000000e+00   1.3000000e+01   5.0836622e-15   6.5768750e-01   6.5768750e-01
   7.0000000e+00   1.3000000e+01   5.2076889e-15   6.7009375e-01   6.7009375e-01
   8.0000000e+00   1.3000000e+01   5.4540025e-15   6.9156250e-01   6.9156250e-01
   9.0000000e+00   1.3000000e+01   5.6032359e-15   7.1684375e-01   7.1684375e-01
   1.0000000e+01   1.3000000e+01   5.7661240e-15   7.2103125e-01   7.2103125e-01
   1.1000000e+01   1.3000000e+01   5.5013220e-15   6.7287500e-01   6.7287500e-01
   1.2000000e+01   1.3000000e+01   5.5865359e-15   6.8387500e-01   6.8387500e-01
   1.3000000e+01   1.3000000e+01   5.4224387e-15   6.7800000e-01   6.7800000e-01
   1.4000000e+01   1.3000000e+01   5.2686567e-15   6.5865625e-01   6.5865625e-01
   1.5000000e+01   1.3000000e+01   5.3519035e-15   6.6618750e-01   6.6618750e-01
   1.6000000e+01   1.3000000e+01   5.4090535e-15   6.8537500e-01   6.8537500e-01
   1.7000000e+01   1.3000000e+01   5.5541746e-15   7.0462500e-01   7.0462500e-01
   1.8000000e+01   1.3000000e+01   5.7884884e-15   7.3009375e-01   7.3009375e-01
   1.9000000e+01   1.3000000e+01   5.8925826e-15   7.1515625e-01   7.1515625e-01
   1.0000000e+00   1.4000000e+01   6.0064824e-15   7.5156250e-01   7.5156250e-01
   2.0000000e+00   1.4000000e+01   5.8153309e-15   7.5206250e-01   7.5206250e-01
   3.0000000e+00   1.4000000e+01   5.7800224e-15   7.2646875e-01   7.2646875e-01
   4.0000000e+00   1.4000000e+01   5.4985196e-15   6.7000000e-01   6.7000000e-01
   5.0000000e+00   1.4000000e+01   5.5563872e-15   6.6225000e-01   6.6225000e-01
   6.0000000e+00   1.4000000e+01   5.4527305e-15   6.6753125e-01   6.6753125e-01
   7.0000000e+00   1.4000000e+01   5.5972085e-15   6.8259375e-01   6.8259375e-01
   8.0000000e+00   1.4000000e+01   5.7219293e-15   7.1093750e-01   7.1093750e-01
   9.0000000e+00   1.4000000e+01   5.8515384e-15   7.3484375e-01   7.3484375e-01
   1.0000000e+01   1.4000000e+01   5.8484277e-15   7.4928125e-01   7.4928125e-01
   1.1000000e+01   1.4000000e+01   5.7280875e-15   7.2340625e-01   7.2340625e-01
   1.2000000e+01   1.4000000e+01   5.4373019e-15   7.1031250e-01   7.1031250e-01
   1.3000000e+01   1.4000000e+01   5.4335837e-15   6.9431250e-01   6.9431250e-01
   1.4000000e+01   1.4000000e+01   5.4018579e-15   6.8296875e-01   6.8296875e-01
   1.5000000e+01   1.4000000e+01   5.3603812e-15   6.8612500e-01   6.8612500e-01
   1.6000000e+01   1.4000000e+01   5.5598380e-15   7.0653125e-01   7.0653125e-01
   1.7000000e+01   1.4000000e+01   5.7242113e-15   6.8809375e-01   6.8809375e-01
   1.8000000e+01   1.4000000e+01   6.0628168e-15   7.4921875e-01   7.4921875e-01
   1.9000000e+01   1.4000000e+01   6.0253653e-15   7.4075000e-01   7.4075000e-01
   1.0000000e+00   1.5000000e+01   5.8939349e-15   7.3181250e-01   7.3181250e-01
   2.0000000e+00   1.5000000e+01   6.1584318e-15   7.5731250e-01   7.5731250e-01
   3.0000000e+00   1.5000000e+01   5.9037092e-15   7.3396875e-01   7.3396875e-01
   4.0000000e+00   1.5000000e+01   5.7702303e-15   7.2178125e-01   7.2178125e-01
   5.0000000e+00   1.5000000e+01   5.5261885e-15   7.0015625e-01   7.0015625e-01
   6.0000000e+00   1.5000000e+01   5.3399601e-15   6.4996875e-01   6.4996875e-01
   7.0000000e+00   1.5000000e+01   5.6072346e-15   6.8962500e-01   6.8962500e-01
   8.0000000e+00   1.5000000e+01   5.7828860e-15   7.1631250e-01   7.1631250e-01
   9.0000000e+00   1.5000000e+01   5.9113931e-15   7.3978125e-01   7.3978125e-01
   1.0000000e+01   1.5000000e+01   5.9213678e-15   7.4562500e-01   7.4562500e-01
   1.1000000e+01   1.5000000e+01   5.8574921e-15   7.1887500e-01   7.1887500e-01
   1.2000000e+01   1.5000000e+01   5.7727951e-15   7.0984375e-01   7.0984375e-01
   1.3000000e+01   1.5000000e+01   5.5507800e-15   7.0140625e-01   7.0140625e-01
   1.4000000e+01   1.5000000e+01   5.4075859e-15   6.8646875e-01   6.8646875e-01
   1.5000000e+01   1.5000000e+01   5.4370946e-15   6.8065625e-01   6.8065625e-01
   1.6000000e+01   1.5000000e+01   5.4949590e-15   6.6443750e-01   6.6443750e-01
   1.7000000e+01   1.5000000e+01   5.8406551e-15   6.9834375e-01   6.9834375e-01
   1.8000000e+01   1.5000000e+01   5.8779462e-15   7.0543750e-01   7.0543750e-01
   1.9000000e+01   1.5000000e+01   5.7448450e-15   7.1071875e-01   7.1071875e-01
   1.0000000e+00   1.6000000e+01   6.0309999e-15   7.5975000e-01   7.5975000e-01
   2.0000000e+00   1.6000000e+01   5.9374882e-15   7.4856250e-01   7.4856250e-01
   3.0000000e+00   1.6000000e+01   5.8599007e-15   7.3215625e-01   7.3215625e-01
   4.0000000e+00   1.6000000e+01   5.5075339e-15   6.7346875e-01   6.7346875e-01
   5.0000000e+00   1.6000000e+01   5.6140169e-15   6.8631250e-01   6.8631250e-01
   6.0000000e+00   1.6000000e+01   5.4360767e-15   6.8018750e-01   6.8018750e-01
   7.0000000e+00   1.6000000e+01   5.4321768e-15   6.8553125e-01   6.8553125e-01
   8.0000000e+00   1.6000000e+01   5.5906750e-15   7.0331250e-01   7.0331250e-01
   9.0000000e+00   1.6000000e+01   5.7464364e-15   7.3209375e-01   7.3209375e-01
   1.0000000e+01   1.6000000e+01   5.8175447e-15   7.3250000e-01   7.3250000e-01
   1.1000000e+01   1.6000000e+01   5.4584837e-15   6.8578125e-01   6.8578125e-01
   1.2000000e+01   1.6000000e+01   5.7532093e-15   6.9440625e-01   6.9440625e-01
   1.3000000e+01   1.6000000e+01   5.5169473e-15   6.8481250e-01   6.8481250e-01
   1.4000000e+01   1.6000000e+01   5.2455137e-15   6.6790625e-01   6.6790625e-01
   1.5000000e+01   1.6000000e+01   5.3007476e-15   6.7837500e-01   6.7837500e-01
   1.6000000e+01   1.6000000e+01   5.3793189e-15   6.8646875e-01   6.8646875e-01
   1.7000000e+01   1.6000000e+01   5.6265379e-15   7.0781250e-01   7.0781250e-01
   1.8000000e+01   1.6000000e+01   5.7198804e-15   7.2340625e-01   7.2340625e-01
   1.9000000e+01   1.6000000e+01   5.8051207e-15   7.2178125e-01   7.2178125e-01
   1.0000000e+00   1.7000000e+01   5.9278650e-15   7.2909375e-01   7.2909375e-01
   2.0000000e+00   1.7000000e+01   6.0397922e-15   7.2768750e-01   7.2768750e-01
   3.0000000e+00   1.7000000e+01   5.7204600e-15   7.0471875e-01   7.0471875e-01
   4.0000000e+00   1.7000000e+01   5.3247457e-15   6.7825000e-01   6.7825000e-01
   5.0000000e+00   1.7000000e+01   5.2567428e-15   6.5859375e-01   6.5859375e-01
   6.0000000e+00   1.7000000e+01   5.1592724e-15   6.4559375e-01   6.4559375e-01
   7.0000000e+00   1.7000000e+01   5.2060694e-15   6.5756250e-01   6.5756250e-01
   8.0000000e+00   1.7000000e+01   5.4239711e-15   6.7281250e-01   6.7281250e-01
   9.0000000e+00   1.7000000e+01   5.5039830e-15   6.9771875e-01   6.9771875e-01
   1.0000000e+01   1.7000000e+01   5.5094535e-15   7.0078125e-01   7.0078125e-01
   1.1000000e+01   1.7000000e+01   5.4517236e-15   6.8140625e-01   6.8140625e-01
   1.2000000e+01   1.7000000e+01   5.3750830e-15   6.6321875e-01   6.6321875e-01
   1.3000000e+01   1.7000000e+01   5.2100469e-15   6.4487500e-01   6.4487500e-01
   1.4000000e+01   1.7000000e+01   5.0122209e-15   6.3262500e-01   6.3262500e-01
   1.5000000e+01   1.7000000e+01   5.1098173e-15   6.3631250e-01   6.3631250e-01
   1.6000000e+01   1.7000000e+01   5.2283063e-15   6.5243750e-01   6.5243750e-01
   1.7000000e+01   1.7000000e+01   5.2142195e-15   6.6921875e-01   6.6921875e-01
   1.8000000e+01   1.7000000e+01   5.5472627e-15   6.8787500e-01   6.8787500e-01
   1.9000000e+01   1.7000000e+01   5.4412109e-15   6.8318750e-01   6.8318750e-01
   1.0000000e+00   1.8000000e+01   5.6406466e-15   6.8103125e-01   6.8103125e-01
   2.0000000e+00   1.8000000e+01   5.4842502e-15   6.8821875e-01   6.8821875e-01
   3.0000000e+00   1.8000000e+01   5.1582789e-15   6.6209375e-01   6.6209375e-01
   4.0000000e+00   1.8000000e+01   5.0104305e-15   6.3403125e-01   6.3403125e-01
   5.0000000e+00   1.8000000e+01   4.8279405e-15   6.1121875e-01   6.1121875e-01
   6.0000000e+00   1.8000000e+01   4.7632881e-15   5.6696875e-01   5.6696875e-01
   7.0000000e+00   1.8000000e+01   4.6735057e-15   6.0071875e-01   6.0071875e-01
   8.0000000e+00   1.8000000e+01   4.8989916e-15   6.2028125e-01   6.2028125e-01
   9.0000000e+00   1.8000000e+01   4.8873992e-15   6.2321875e-01   6.2321875e-01
   1.0000000e+01   1.8000000e+01   5.3739402e-15   6.5409375e-01   6.5409375e-01
   1.1000000e+01   1.8000000e+01   5.2096687e-15   6.5318750e-01   6.5318750e-01
   1.2000000e+01   1.8000000e+01   4.8083623e-15   6.1696875e-01   6.1696875e-01
   1.3000000e+01   1.8000000e+01   4.6893828e-15   5.9912500e-01   5.9912500e-01
   1.4000000e+01   1.8000000e+01   4.4691295e-15   5.7518750e-01   5.7518750e-01
   1.5000000e+01   1.8000000e+01   4.7329529e-15   5.7975000e-01   5.7975000e-01
   1.6000000e+01   1.8000000e+01   4.7468880e-15   6.0256250e-01   6.0256250e-01
   1.7000000e+01   1.8000000e+01   4.8821400e-15   6.1787500e-01   6.1787500e-01
   1.8000000e+01   1.8000000e+01   5.0615849e-15   6.4462500e-01   6.4462500e-01
   1.9000000e+01   1.8000000e+01   5.0218252e-15   6.3581250e-01   6.3581250e-01
   1.0000000e+00   1.9000000e+01   5.1530420e-15   6.3196875e-01   6.3196875e-01
   2.0000000e+00   1.9000000e+01   5.2066004e-15   6.5671875e-01   6.5671875e-01
   3.0000000e+00   1.9000000e+01   4.8884974e-15   6.2596875e-01   6.2596875e-01
   4.0000000e+00   1.9000000e+01   4.6707353e-15   5.9737500e-01   5.9737500e-01
   5.0000000e+00   1.9000000e+01   4.4586736e-15   5.7893750e-01   5.7893750e-01
   6.0000000e+00   1.9000000e+01   4.3808189e-15   5.5443750e-01   5.5443750e-01
   7.0000000e+00   1.9000000e+01   4.2116006e-15   5.1653125e-01   5.1653125e-01
   8.0000000e+00   1.9000000e+01   4.4700727e-15   5.4018750e-01   5.4018750e-01
   9.0000000e+00   1.9000000e+01   4.7477843e-15   5.8909375e-01   5.8909375e-01
   1.0000000e+01   1.9000000e+01   4.8783489e-15   6.1687500e-01   6.1687500e-01
   1.1000000e+01   1.9000000e+01   4.9495462e-15   6.1003125e-01   6.1003125e-01
   1.2000000e+01   1.9000000e+01   4.6928743e-15   5.7887500e-01   5.7887500e-01
   1.3000000e+01   1.9000000e+01   4.4853254e-15   5.5900000e-01   5.5900000e-01
   1.4000000e+01   1.9000000e+01   4.4157949e-15   5.4346875e-01   5.4346875e-01
   1.5000000e+01   1.9000000e+01   4.0743265e-15   5.0737500e-01   5.0737500e-01
   1.6000000e+01   1.9000000e+01   4.1413120e-15   5.4750000e-01   5.4750000e-01
   1.7000000e+01   1.9000000e+01   4.5239143e-15   5.7100000e-01   5.7100000e-01
   1.8000000e+01   1.9000000e+01   4.7094557e-15   6.0015625e-01   6.0015625e-01
   1.9000000e+01   1.9000000e+01   4.7593050e-15   5.9953125e-01   5.9953125e-01
   1.0000000e+00   2.0000000e+01   4.5877997e-15   5.8743750e-01   5.8743750e-01
   2.0000000e+00   2.0000000e+01   4.6470362e-15   5.9618750e-01   5.9618750e-01
   3.0000000e+00   2.0000000e+01   4.6328162e-15   5.8725000e-01   5.8725000e-01
   4.0000000e+00   2.0000000e+01   4.2704213e-15   5.6246875e-01   5.6246875e-01
   5.0000000e+00   2.0000000e+01   4.1022540e-15   5.3337500e-01   5.3337500e-01
   6.0000000e+00   2.0000000e+01   4.0914274e-15   5.2571875e-01   5.2571875e-01
   7.0000000e+00   2.0000000e+01   4.1082653e-15   5.3031250e-01   5.3031250e-01
   8.0000000e+00   2.0000000e+01   4.2355637e-15   5.4706250e-01   5.4706250e-01
   9.0000000e+00   2.0000000e+01   4.2476393e-15   5.5812500e-01   5.5812500e-01
   1.0000000e+01   2.0000000e+01   4.4035387e-15   5.6625000e-01   5.6625000e-01
   1.1000000e+01   2.0000000e+01   4.2267540e-15   5.4950000e-01   5.4950000e-01
   1.2000000e+01   2.0000000e+01   4.2233649e-15   5.1162500e-01   5.1162500e-01
   1.3000000e+01   2.0000000e+01   4.0535485e-15   4.9128125e-01   4.9128125e-01
   1.4000000e+01   2.0000000e+01   4.0691726e-15   5.1671875e-01   5.1671875e-01
   1.5000000e+01   2.0000000e+01   4.0866313e-15   5.2196875e-01   5.2196875e-01
   1.6000000e+01   2.0000000e+01   4.1649348e-15   5.3250000e-01   5.3250000e-01
   1.7000000e+01   2.0000000e+01   4.2555627e-15   5.4653125e-01   5.4653125e-01
   1.8000000e+01   2.0000000e+01   4.5407165e-15   5.6068750e-01   5.6068750e-01
   1.9000000e+01   2.0000000e+01   4.3145284e-15   5.5693750e-01   5.5693750e-01
   1.0000000e+00   2.1000000e+01   4.4775228e-15   5.6143750e-01   5.6143750e-01
   2.0000000e+00   2.1000000e+01   4.2902319e-15   5.3025000e-01   5.3025000e-01
   3.0000000e+00   2.1000000e+01   4.4764957e-15   5.6259375e-01   5.6259375e-01
   4.0000000e+00   2.1000000e+01   4.2160108e-15   5.4487500e-01   5.4487500e-01
   5.0000000e+00   2.1000000e+01   4.0892705e-15   5.2487500e-01   5.2487500e-01
   6.0000000e+00   2.1000000e+01   4.0979787e-15   5.2040625e-01   5.2040625e-01
   7.0000000e+00   2.1000000e+01   4.3155522e-15   5.2121875e-01   5.2121875e-01
   8.0000000e+00   2.1000000e+01   4.0583491e-15   5.0331250e-01   5.0331250e-01
   9.0000000e+00   2.1000000e+01   4.2329352e-15   5.4815625e-01   5.4815625e-01
   1.0000000e+01   2.1000000e+01   4.2567906e-15   5.4568750e-01   5.4568750e-01
   1.1000000e+01   2.1000000e+01   4.3211051e-15   5.5403125e-01   5.5403125e-01
   1.2000000e+01   2.1000000e+01   4.3754275e-15   5.3296875e-01   5.3296875e-01
   1.3000000e+01   2.1000000e+01   3.7683387e-15   4.7065625e-01   4.7065625e-01
   1.4000000e+01   2.1000000e+01   3.8230075e-15   5.0125000e-01   5.0125000e-01
   1.5000000e+01   2.1000000e+01   4.0467351e-15   5.1471875e-01   5.1471875e-01
   1.6000000e+01   2.1000000e+01   4.1230303e-15   5.2884375e-01   5.2884375e-01
   1.7000000e+01   2.1000000e+01   4.2844136e-15   5.2850000e-01   5.2850000e-01
   1.8000000e+01   2.1000000e+01   4.1995107e-15   5.3575000e-01   5.3575000e-01
   1.9000000e+01   2.1000000e+01   4.2820284e-15   5.5384375e-01   5.5384375e-01
   1.0000000e+00   2.2000000e+01   4.4938843e-15   5.5568750e-01   5.5568750e-01
   2.0000000e+00   2.2000000e+01   4.2751122e-15   5.3321875e-01   5.3321875e-01
   3.0000000e+00   2.2000000e+01   4.4510100e-15   5.7371875e-01   5.7371875e-01
   4.0000000e+00   2.2000000e+01   4.3193673e-15   5.5112500e-01   5.5112500e-01
   5.0000000e+00   2.2000000e+01   4.2849347e-15   5.2059375e-01   5.2059375e-01
   6.0000000e+00   2.2000000e+01   3.9508095e-15   5.0984375e-01   5.0984375e-01
   7.0000000e+00   2.2000000e+01   4.1109077e-15   5.2906250e-01   5.2906250e-01
   8.0000000e+00   2.2000000e+01   4.2437808e-15   5.4371875e-01   5.4371875e-01
   9.0000000e+00   2.2000000e+01   4.3626218e-15   5.6231250e-01   5.6231250e-01
   1.0000000e+01   2.2000000e+01   4.4118764e-15   5.6490625e-01   5.6490625e-01
   1.1000000e+01   2.2000000e+01   4.4747579e-15   5.6815625e-01   5.6815625e-01
   1.2000000e+01   2.2000000e+01   4.3676030e-15   5.4484375e-01   5.4484375e-01
   1.3000000e+01   2.2000000e+01   4.0531047e-15   5.1403125e-01   5.1403125e-01
   1.4000000e+01   2.2000000e+01   3.8291063e-15   4.7156250e-01   4.7156250e-01
   1.5000000e+01   2.2000000e+01   3.8879029e-15   5.1090625e-01   5.1090625e-01
   1.6000000e+01   2.2000000e+01   4.1130121e-15   5.3053125e-01   5.3053125e-01
   1.7000000e+01   2.2000000e+01   4.4136565e-15   5.5650000e-01   5.5650000e-01
   1.8000000e+01   2.2000000e+01   4.5139475e-15   5.6871875e-01   5.6871875e-01
   1.9000000e+01   2.2000000e+01   4.6069709e-15   5.6940625e-01   5.6940625e-01
   1.0000000e+00   2.3000000e+01   4.3144242e-15   5.5375000e-01   5.5375000e-01
   2.0000000e+00   2.3000000e+01   4.6080956e-15   5.9284375e-01   5.9284375e-01
   3.0000000e+00   2.3000000e+01   4.6286154e-15   5.8043750e-01   5.8043750e-01
   4.0000000e+00   2.3000000e+01   4.5715535e-15   5.6212500e-01   5.6212500e-01
   5.0000000e+00   2.3000000e+01   4.0148986e-15   5.0756250e-01   5.0756250e-01
   6.0000000e+00   2.3000000e+01   3.9933871e-15   5.2040625e-01   5.2040625e-01
   7.0000000e+00   2.3000000e+01   4.2856999e-15   5.3431250e-01   5.3431250e-01
   8.0000000e+00   2.3000000e+01   4.5336654e-15   5.7031250e-01   5.7031250e-01
   9.0000000e+00   2.3000000e+01   4.7637628e-15   5.8025000e-01   5.8025000e-01
   1.0000000e+01   2.3000000e+01   4.6616043e-15   5.7015625e-01   5.7015625e-01
   1.1000000e+01   2.3000000e+01   4.5316154e-15   5.7606250e-01   5.7606250e-01
   1.2000000e+01   2.3000000e+01   4.3895385e-15   5.6437500e-01   5.6437500e-01
   1.3000000e+01   2.3000000e+01   4.2420127e-15   5.2687500e-01   5.2687500e-01
   1.4000000e+01   2.3000000e+01   3.8687864e-15   4.8231250e-01   4.8231250e-01
   1.5000000e+01   2.3000000e+01   4.1280447e-15   5.2509375e-01   5.2509375e-01
   1.6000000e+01   2.3000000e+01   4.4069259e-15   5.4990625e-01   5.4990625e-01
   1.7000000e+01   2.3000000e+01   4.4311359e-15   5.3840625e-01   5.3840625e-01
   1.8000000e+01   2.3000000e+01   4.6621904e-15   5.9215625e-01   5.9215625e-01
   1.9000000e+01   2.3000000e+01   4.5825752e-15   5.8509375e-01   5.8509375e-01
   1.0000000e+00   2.4000000e+01   4.8097883e-15   5.9665625e-01   5.9665625e-01
   2.0000000e+00   2.4000000e+01   4.8545936e-15   5.8925000e-01   5.8925000e-01
   3.0000000e+00   2.4000000e+01   4.5399521e-15   5.5975000e-01   5.5975000e-01
   4.0000000e+00   2.4000000e+01   4.3879431e-15   5.6884375e-01   5.6884375e-01
   5.0000000e+00   2.4000000e+01   4.3661400e-15   5.4790625e-01   5.4790625e-01
   6.0000000e+00   2.4000000e+01   4.2130278e-15   5.3412500e-01   5.3412500e-01
   7.0000000e+00   2.4000000e+01   4.4188795e-15   5.4781250e-01   5.4781250e-01
   8.0000000e+00   2.4000000e+01   4.3473798e-15   5.5959375e-01   5.5959375e-01
   9.0000000e+00   2.4000000e+01   4.6718936e-15   6.0337500e-01   6.0337500e-01
   1.0000000e+01   2.4000000e+01   4.7068880e-15   6.0871875e-01   6.0871875e-01
   1.1000000e+01   2.4000000e+01   4.7202090e-15   5.8987500e-01   5.8987500e-01
   1.2000000e+01   2.4000000e+01   4.6459147e-15   5.7231250e-01   5.7231250e-01
   1.3000000e+01   2.4000000e+01   4.2480310e-15   5.0878125e-01   5.0878125e-01
   1.4000000e+01   2.4000000e+01   4.2050772e-15   5.4075000e-01   5.4075000e-01
   1.5000000e+01   2.4000000e+01   4.3136805e-15   5.4281250e-01   5.4281250e-01
   1.6000000e+01   2.4000000e+01   4.4310452e-15   5.6884375e-01   5.6884375e-01
   1.7000000e+01   2.4000000e+01   4.6819316e-15   5.9575000e-01   5.9575000e-01
   1.8000000e+01   2.4000000e+01   4.7417085e-15   6.0762500e-01   6.0762500e-01
   1.9000000e+01   2.4000000e+01   4.7585332e-15   5.8059375e-01   5.8059375e-01
   1.0000000e+00   2.5000000e+01   4.8714614e-15   6.1418750e-01   6.1418750e-01
   2.0000000e+00   2.5000000e+01   4.8186903e-15   6.1421875e-01   6.1421875e-01
   3.0000000e+00   2.5000000e+01   4.6631805e-15   5.6990625e-01   5.6990625e-01
   4.0000000e+00   2.5000000e+01   4.5493805e-15   5.7434375e-01   5.7434375e-01
   5.0000000e+00   2.5000000e+01   4.4750157e-15   5.7590625e-01   5.7590625e-01
   6.0000000e+00   2.5000000e+01   4.3335326e-15   5.6018750e-01   5.6018750e-01
   7.0000000e+00   2.5000000e+01   4.2486336e-15   5.2034375e-01   5.2034375e-01
   8.0000000e+00   2.5000000e+01   4.5855604e-15   5.8515625e-01   5.8515625e-01
   9.0000000e+00   2.5000000e+01   4.9447152e-15   6.1393750e-01   6.1393750e-01
   1.0000000e+01   2.5000000e+01   4.7371610e-15   6.1156250e-01   6.1156250e-01
   1.1000000e+01   2.5000000e+01   4.7656585e-15   5.9531250e-01   5.9531250e-01
   1.2000000e+01   2.5000000e+01   4.5577660e-15   5.5725000e-01   5.5725000e-01
   1.3000000e+01   2.5000000e+01   4.4768206e-15   5.6696875e-01   5.6696875e-01
   1.4000000e+01   2.5000000e+01   4.3912179e-15   5.6071875e-01   5.6071875e-01
   1.5000000e+01   2.5000000e+01   4.4718049e-15   5.5803125e-01   5.5803125e-01
   1.6000000e+01   2.5000000e+01   4.4116493e-15   5.7915625e-01   5.7915625e-01
   1.7000000e+01   2.5000000e+01   4.6341825e-15   5.9775000e-01   5.9775000e-01
   1.8000000e+01   2.5000000e+01   4.9619721e-15   5.9537500e-01   5.9537500e-01
   1.9000000e+01   2.5000000e+01   4.7831884e-15   6.0468750e-01   6.0468750e-01
   1.0000000e+00   2.6000000e+01   4.8493714e-15   5.8903125e-01   5.8903125e-01
   2.0000000e+00   2.6000000e+01   4.9977797e-15   6.2103125e-01   6.2103125e-01
   3.0000000e+00   2.6000000e+01   4.7871862e-15   6.0418750e-01   6.0418750e-01
   4.0000000e+00   2.6000000e+01   4.5900589e-15   5.8559375e-01   5.8559375e-01
   5.0000000e+00   2.6000000e+01   4.6639717e-15   5.9137500e-01   5.9137500e-01
   6.0000000e+00   2.6000000e+01   4.4236845e-15   5.3906250e-01   5.3906250e-01
   7.0000000e+00   2.6000000e+01   4.6309010e-15   5.7265625e-01   5.7265625e-01
   8.0000000e+00   2.6000000e+01   4.6004246e-15   5.9100000e-01   5.9100000e-01
   9.0000000e+00   2.6000000e+01   4.8757331e-15   6.2003125e-01   6.2003125e-01
   1.0000000e+01   2.6000000e+01   5.0593483e-15   6.2815625e-01   6.2815625e-01
   1.1000000e+01   2.6000000e+01   4.6195162e-15   5.6525000e-01   5.6525000e-01
   1.2000000e+01   2.6000000e+01   4.5848430e-15   5.5696875e-01   5.5696875e-01
   1.3000000e+01   2.6000000e+01   4.5341221e-15   5.4746875e-01   5.4746875e-01
   1.4000000e+01   2.6000000e+01   4.4202159e-15   5.3434375e-01   5.3434375e-01
   1.5000000e+01   2.6000000e+01   4.3872695e-15   5.3484375e-01   5.3484375e-01
   1.6000000e+01   2.6000000e+01   4.6310890e-15   5.6462500e-01   5.6462500e-01
   1.7000000e+01   2.6000000e+01   4.9343622e-15   6.0868750e-01   6.0868750e-01
   1.8000000e+01   2.6000000e+01   5.0113275e-15   6.3246875e-01   6.3246875e-01
   1.9000000e+01   2.6000000e+01   4.8679840e-15   6.0978125e-01   6.0978125e-01
   1.0000000e+00   2.7000000e+01   4.8492906e-15   6.3381250e-01   6.3381250e-01
   2.0000000e+00   2.7000000e+01   5.0926496e-15   6.4234375e-01   6.4234375e-01
   3.0000000e+00   2.7000000e+01   4.8291739e-15   6.1653125e-01   6.1653125e-01
   4.0000000e+00   2.7000000e+01   4.7379791e-15   6.1506250e-01   6.1506250e-01
   5.0000000e+00   2.7000000e+01   4.7533619e-15   6.0809375e-01   6.0809375e-01
   6.0000000e+00   2.7000000e+01   4.6661640e-15   5.9350000e-01   5.9350000e-01
   7.0000000e+00   2.7000000e+01   4.5684126e-15   5.8415625e-01   5.8415625e-01
   8.0000000e+00   2.7000000e+01   4.6132041e-15   5.7362500e-01   5.7362500e-01
   9.0000000e+00   2.7000000e+01   5.2207046e-15   6.3028125e-01   6.3028125e-01
   1.0000000e+01   2.7000000e+01   5.1785873e-15   6.4943750e-01   6.4943750e-01
   1.1000000e+01   2.7000000e+01   4.9012153e-15   6.3268750e-01   6.3268750e-01
   1.2000000e+01   2.7000000e+01   4.7627104e-15   6.2228125e-01   6.2228125e-01
   1.3000000e+01   2.7000000e+01   4.7745374e-15   6.1021875e-01   6.1021875e-01
   1.4000000e+01   2.7000000e+01   4.5370669e-15   5.8796875e-01   5.8796875e-01
   1.5000000e+01   2.7000000e+01   4.4304065e-15   5.7159375e-01   5.7159375e-01
   1.6000000e+01   2.7000000e+01   4.5968174e-15   5.9150000e-01   5.9150000e-01
   1.7000000e+01   2.7000000e+01   4.9104623e-15   6.1918750e-01   6.1918750e-01
   1.8000000e+01   2.7000000e+01   5.1848033e-15   6.4528125e-01   6.4528125e-01
   1.9000000e+01   2.7000000e+01   5.1093176e-15   6.4518750e-01   6.4518750e-01
   1.0000000e+00   2.8000000e+01   5.0391187e-15   6.4687500e-01   6.4687500e-01
   2.0000000e+00   2.8000000e+01   5.1551603e-15   6.5568750e-01   6.5568750e-01
   3.0000000e+00   2.8000000e+01   5.0907671e-15   6.5287500e-01   6.5287500e-01
   4.0000000e+00   2.8000000e+01   5.0670438e-15   6.3640625e-01   6.3640625e-01
   5.0000000e+00   2.8000000e+01   4.7193565e-15   5.9003125e-01   5.9003125e-01
   6.0000000e+00   2.8000000e+01   4.9613821e-15   5.7368750e-01   5.7368750e-01
   7.0000000e+00   2.8000000e+01   4.8101865e-15   6.0484375e-01   6.0484375e-01
   8.0000000e+00   2.8000000e+01   4.9900875e-15   6.2562500e-01   6.2562500e-01
   9.0000000e+00   2.8000000e+01   5.2905111e-15   6.5665625e-01   6.5665625e-01
   1.0000000e+01   2.8000000e+01   5.4081174e-15   6.7681250e-01   6.7681250e-01
   1.1000000e+01   2.8000000e+01   5.2518404e-15   6.5946875e-01   6.5946875e-01
   1.2000000e+01   2.8000000e+01   5.0963202e-15   6.4456250e-01   6.4456250e-01
   1.3000000e+01   2.8000000e+01   4.9866180e-15   6.3340625e-01   6.3340625e-01
   1.4000000e+01   2.8000000e+01   4.8330467e-15   6.1303125e-01   6.1303125e-01
   1.5000000e+01   2.8000000e+01   4.7623877e-15   6.1409375e-01   6.1409375e-01
   1.6000000e+01   2.8000000e+01   4.9624958e-15   6.2709375e-01   6.2709375e-01
   1.7000000e+01   2.8000000e+01   5.0799015e-15   6.4528125e-01   6.4528125e-01
   1.8000000e+01   2.8000000e+01   5.2982738e-15   6.7131250e-01   6.7131250e-01
   1.9000000e+01   2.8000000e+01   5.2249522e-15   6.7184375e-01   6.7184375e-01
   1.0000000e+00   2.9000000e+01   5.3502648e-15   6.8521875e-01   6.8521875e-01
   2.0000000e+00   2.9000000e+01   5.4354882e-15   6.9493750e-01   6.9493750e-01
   3.0000000e+00   2.9000000e+01   5.3719993e-15   6.8440625e-01   6.8440625e-01
   4.0000000e+00   2.9000000e+01   5.2999466e-15   6.7625000e-01   6.7625000e-01
   5.0000000e+00   2.9000000e+01   5.1592737e-15   6.4946875e-01   6.4946875e-01
   6.0000000e+00   2.9000000e+01   5.0496684e-15   6.3834375e-01   6.3834375e-01
   7.0000000e+00   2.9000000e+01   4.9846568e-15   6.1165625e-01   6.1165625e-01
   8.0000000e+00   2.9000000e+01   5.2568433e-15   6.4250000e-01   6.4250000e-01
   9.0000000e+00   2.9000000e+01   5.6887562e-15   6.9725000e-01   6.9725000e-01
   1.0000000e+01   2.9000000e+01   5.7390591e-15   7.1215625e-01   7.1215625e-01
   1.1000000e+01   2.9000000e+01   5.5144221e-15   6.9121875e-01   6.9121875e-01
   1.2000000e+01   2.9000000e+01   5.4278128e-15   6.7437500e-01   6.7437500e-01
   1.3000000e+01   2.9000000e+01   5.2228253e-15   6.6112500e-01   6.6112500e-01
   1.4000000e+01   2.9000000e+01   4.4971072e-15   6.2628125e-01   6.2628125e-01
   1.5000000e+01   2.9000000e+01   5.2794294e-15   6.5084375e-01   6.5084375e-01
   1.6000000e+01   2.9000000e+01   5.3389683e-15   6.5996875e-01   6.5996875e-01
   1.7000000e+01   2.9000000e+01   5.5314894e-15   6.8475000e-01   6.8475000e-01
   1.8000000e+01   2.9000000e+01   5.5258341e-15   6.7196875e-01   6.7196875e-01
   1.9000000e+01   2.9000000e+01   5.5719556e-15   7.0981250e-01   7.0981250e-01
   1.0000000e+00   3.0000000e+01   5.6170842e-15   7.1831250e-01   7.1831250e-01
   2.0000000e+00   3.0000000e+01   5.7436917e-15   7.1303125e-01   7.1303125e-01
   3.0000000e+00   3.0000000e+01   5.4351445e-15   6.7246875e-01   6.7246875e-01
   4.0000000e+00   3.0000000e+01   5.4330038e-15   6.9128125e-01   6.9128125e-01
   5.0000000e+00   3.0000000e+01   5.3538521e-15   6.7493750e-01   6.7493750e-01
   6.0000000e+00   3.0000000e+01   5.3040973e-15   6.6384375e-01   6.6384375e-01
   7.0000000e+00   3.0000000e+01   5.5055401e-15   6.7278125e-01   6.7278125e-01
   8.0000000e+00   3.0000000e+01   5.2332653e-15   6.6246875e-01   6.6246875e-01
   9.0000000e+00   3.0000000e+01   5.7400682e-15   7.3281250e-01   7.3281250e-01
   1.0000000e+01   3.0000000e+01   5.9222763e-15   7.4003125e-01   7.4003125e-01
   1.1000000e+01   3.0000000e+01   5.8302476e-15   7.2056250e-01   7.2056250e-01
   1.2000000e+01   3.0000000e+01   5.7294032e-15   7.0084375e-01   7.0084375e-01
   1.3000000e+01   3.0000000e+01   5.4991502e-15   6.8178125e-01   6.8178125e-01
   1.4000000e+01   3.0000000e+01   5.2674193e-15   6.6478125e-01   6.6478125e-01
   1.5000000e+01   3.0000000e+01   5.3715519e-15   6.7371875e-01   6.7371875e-01
   1.6000000e+01   3.0000000e+01   5.5183081e-15   6.9712500e-01   6.9712500e-01
   1.7000000e+01   3.0000000e+01   5.7351713e-15   7.2587500e-01   7.2587500e-01
   1.8000000e+01   3.0000000e+01   5.9940724e-15   7.4418750e-01   7.4418750e-01
   1.9000000e+01   3.0000000e+01   5.7035439e-15   6.9650000e-01   6.9650000e-01
   1.0000000e+00   3.1000000e+01   6.0924962e-15   7.2559375e-01   7.2559375e-01
   2.0000000e+00   3.1000000e+01   6.0860903e-15   7.3296875e-01   7.3296875e-01
   3.0000000e+00   3.1000000e+01   5.7902995e-15   6.9206250e-01   6.9206250e-01
   4.0000000e+00   3.1000000e+01   5.5818565e-15   6.6859375e-01   6.6859375e-01
   5.0000000e+00   3.1000000e+01   5.3747725e-15   6.5381250e-01   6.5381250e-01
   6.0000000e+00   3.1000000e+01   5.6612671e-15   6.8346875e-01   6.8346875e-01
   7.0000000e+00   3.1000000e+01   5.6126833e-15   6.9893750e-01   6.9893750e-01
   8.0000000e+00   3.1000000e+01   5.6566821e-15   7.1640625e-01   7.1640625e-01
   9.0000000e+00   3.1000000e+01   5.8722247e-15   7.3859375e-01   7.3859375e-01
   1.0000000e+01   3.1000000e+01   6.1310283e-15   7.4231250e-01   7.4231250e-01
   1.1000000e+01   3.1000000e+01   5.8706541e-15   7.2921875e-01   7.2921875e-01
   1.2000000e+01   3.1000000e+01   5.6239233e-15   7.1375000e-01   7.1375000e-01
   1.3000000e+01   3.1000000e+01   5.5588242e-15   6.9450000e-01   6.9450000e-01
   1.4000000e+01   3.1000000e+01   5.3470181e-15   6.4387500e-01   6.4387500e-01
   1.5000000e+01   3.1000000e+01   5.5285126e-15   6.8618750e-01   6.8618750e-01
   1.6000000e+01   3.1000000e+01   5.7009126e-15   7.0640625e-01   7.0640625e-01
   1.7000000e+01   3.1000000e+01   5.6849861e-15   7.4025000e-01   7.4025000e-01
   1.8000000e+01   3.1000000e+01   5.9698386e-15   7.5396875e-01   7.5396875e-01
   1.9000000e+01   3.1000000e+01   6.0866589e-15   7.4306250e-01   7.4306250e-01
   1.0000000e+00   3.2000000e+01   6.1057086e-15   7.4059375e-01   7.4059375e-01
   2.0000000e+00   3.2000000e+01   5.9231030e-15   7.4709375e-01   7.4709375e-01
   3.0000000e+00   3.2000000e+01   5.7740376e-15   7.2196875e-01   7.2196875e-01
   4.0000000e+00   3.2000000e+01   5.8701646e-15   7.0837500e-01   7.0837500e-01
   5.0000000e+00   3.2000000e+01   5.6190859e-15   6.9575000e-01   6.9575000e-01
   6.0000000e+00   3.2000000e+01   5.5287355e-15   6.9053125e-01   6.9053125e-01
   7.0000000e+00   3.2000000e+01   5.4745105e-15   6.9515625e-01   6.9515625e-01
   8.0000000e+00   3.2000000e+01   5.4561992e-15   6.7140625e-01   6.7140625e-01
   9.0000000e+00   3.2000000e+01   6.1755808e-15   7.4509375e-01   7.4509375e-01
   1.0000000e+01   3.2000000e+01   5.9958145e-15   7.5906250e-01   7.5906250e-01
   1.1000000e+01   3.2000000e+01   5.8206731e-15   7.3009375e-01   7.3009375e-01
   1.2000000e+01   3.2000000e+01   5.8928005e-15   7.1925000e-01   7.1925000e-01
   1.3000000e+01   3.2000000e+01   5.5929674e-15   6.9978125e-01   6.9978125e-01
   1.4000000e+01   3.2000000e+01   5.5046328e-15   6.8534375e-01   6.8534375e-01
   1.5000000e+01   3.2000000e+01   5.6036081e-15   6.7965625e-01   6.7965625e-01
   1.6000000e+01   3.2000000e+01   5.6739118e-15   7.0678125e-01   7.0678125e-01
   1.7000000e+01   3.2000000e+01   5.7730238e-15   7.3181250e-01   7.3181250e-01
   1.8000000e+01   3.2000000e+01   6.1376414e-15   7.4034375e-01   7.4034375e-01
   1.9000000e+01   3.2000000e+01   5.9695632e-15   7.3853125e-01   7.3853125e-01
   1.0000000e+00   3.3000000e+01   5.7940080e-15   7.0421875e-01   7.0421875e-01
   2.0000000e+00   3.3000000e+01   5.9745880e-15   7.3784375e-01   7.3784375e-01
   3.0000000e+00   3.3000000e+01   5.7734617e-15   7.2150000e-01   7.2150000e-01
   4.0000000e+00   3.3000000e+01   5.5307145e-15   6.6878125e-01   6.6878125e-01
   5.0000000e+00   3.3000000e+01   5.5344690e-15   6.9037500e-01   6.9037500e-01
   6.0000000e+00   3.3000000e+01   5.4061060e-15   6.7309375e-01   6.7309375e-01
   7.0000000e+00   3.3000000e+01   5.5571941e-15   6.8950000e-01   6.8950000e-01
   8.0000000e+00   3.3000000e+01   5.7000905e-15   7.0590625e-01   7.0590625e-01
   9.0000000e+00   3.3000000e+01   5.9466002e-15   7.2825000e-01   7.2825000e-01
   1.0000000e+01   3.3000000e+01   5.8572513e-15   7.3709375e-01   7.3709375e-01
   1.1000000e+01   3.3000000e+01   5.8719540e-15   7.2171875e-01   7.2171875e-01
   1.2000000e+01   3.3000000e+01   5.4842415e-15   6.8806250e-01   6.8806250e-01
   1.3000000e+01   3.3000000e+01   5.3898728e-15   6.7715625e-01   6.7715625e-01
   1.4000000e+01   3.3000000e+01   5.2400334e-15   6.4565625e-01   6.4565625e-01
   1.5000000e+01   3.3000000e+01   5.3330390e-15   6.7337500e-01   6.7337500e-01
   1.6000000e+01   3.3000000e+01   5.6082731e-15   6.7831250e-01   6.7831250e-01
   1.7000000e+01   3.3000000e+01   5.6362708e-15   7.0950000e-01   7.0950000e-01
   1.8000000e+01   3.3000000e+01   5.8906925e-15   7.1131250e-01   7.1131250e-01
   1.9000000e+01   3.3000000e+01   5.7331758e-15   7.1487500e-01   7.1487500e-01
   1.0000000e+00   3.4000000e+01   5.6354434e-15   7.1596875e-01   7.1596875e-01
   2.0000000e+00   3.4000000e+01   5.7152649e-15   6.9503125e-01   6.9503125e-01
   3.0000000e+00   3.4000000e+01   5.5210412e-15   6.9615625e-01   6.9615625e-01
   4.0000000e+00   3.4000000e+01   5.2623180e-15   6.4225000e-01   6.4225000e-01
   5.0000000e+00   3.4000000e+01   5.2951883e-15   6.6037500e-01   6.6037500e-01
   6.0000000e+00   3.4000000e+01   4.9819997e-15   6.2996875e-01   6.2996875e-01
   7.0000000e+00   3.4000000e+01   5.2821868e-15   6.5650000e-01   6.5650000e-01
   8.0000000e+00   3.4000000e+01   5.2022708e-15   6.7231250e-01   6.7231250e-01
   9.0000000e+00   3.4000000e+01   5.6251816e-15   6.8503125e-01   6.8503125e-01
   1.0000000e+01   3.4000000e+01   5.6059915e-15   7.1187500e-01   7.1187500e-01
   1.1000000e+01   3.4000000e+01   5.4428906e-15   6.8140625e-01   6.8140625e-01
   1.2000000e+01   3.4000000e+01   5.3021907e-15   6.6334375e-01   6.6334375e-01
   1.3000000e+01   3.4000000e+01   5.0871212e-15   6.4246875e-01   6.4246875e-01
   1.4000000e+01   3.4000000e+01   4.8544087e-15   6.3628125e-01   6.3628125e-01
   1.5000000e+01   3.4000000e+01   4.6910565e-15   5.8893750e-01   5.8893750e-01
   1.6000000e+01   3.4000000e+01   5.3670578e-15   6.4656250e-01   6.4656250e-01
   1.7000000e+01   3.4000000e+01   5.3594038e-15   6.8034375e-01   6.8034375e-01
   1.8000000e+01   3.4000000e+01   5.4065047e-15   6.8915625e-01   6.8915625e-01
   1.9000000e+01   3.4000000e+01   5.3100657e-15   6.8000000e-01   6.8000000e-01
   1.0000000e+00   3.5000000e+01   5.2838499e-15   6.8034375e-01   6.8034375e-01
   2.0000000e+00   3.5000000e+01   5.2990128e-15   6.8443750e-01   6.8443750e-01
   3.0000000e+00   3.5000000e+01   5.1540608e-15   6.5884375e-01   6.5884375e-01
   4.0000000e+00   3.5000000e+01   4.9677487e-15   6.1837500e-01   6.1837500e-01
   5.0000000e+00   3.5000000e+01   4.9297590e-15   5.9128125e-01   5.9128125e-01
   6.0000000e+00   3.5000000e+01   4.9190032e-15   6.1209375e-01   6.1209375e-01
   7.0000000e+00   3.5000000e+01   4.6989003e-15   6.0709375e-01   6.0709375e-01
   8.0000000e+00   3.5000000e+01   4.7319818e-15   6.1018750e-01   6.1018750e-01
   9.0000000e+00   3.5000000e+01   5.3918482e-15   6.5000000e-01   6.5000000e-01
   1.0000000e+01   3.5000000e+01   5.2802890e-15   6.7025000e-01   6.7025000e-01
   1.1000000e+01   3.5000000e+01   4.9432611e-15   6.3693750e-01   6.3693750e-01
   1.2000000e+01   3.5000000e+01   4.9416749e-15   6.2868750e-01   6.2868750e-01
   1.3000000e+01   3.5000000e+01   4.7183597e-15   6.0353125e-01   6.0353125e-01
   1.4000000e+01   3.5000000e+01   4.5101895e-15   5.5790625e-01   5.5790625e-01
   1.5000000e+01   3.5000000e+01   4.5247005e-15   5.8650000e-01   5.8650000e-01
   1.6000000e+01   3.5000000e+01   4.5312600e-15   5.8603125e-01   5.8603125e-01
   1.7000000e+01   3.5000000e+01   5.0587985e-15   6.2059375e-01   6.2059375e-01
   1.8000000e+01   3.5000000e+01   5.1653498e-15   6.4612500e-01   6.4612500e-01
   1.9000000e+01   3.5000000e+01   5.0194346e-15   6.4296875e-01   6.4296875e-01
