   1.0000000e+00   1.0000000e+00   7.1475138e-15   9.0575000e-01   9.0575000e-01
   2.0000000e+00   1.0000000e+00   7.2990736e-15   9.2153125e-01   9.2153125e-01
   3.0000000e+00   1.0000000e+00   7.0983505e-15   9.0618750e-01   9.0618750e-01
   4.0000000e+00   1.0000000e+00   6.9911919e-15   8.7950000e-01   8.7950000e-01
   5.0000000e+00   1.0000000e+00   6.6424579e-15   8.3525000e-01   8.3525000e-01
   6.0000000e+00   1.0000000e+00   6.5135194e-15   8.2318750e-01   8.2318750e-01
   7.0000000e+00   1.0000000e+00   6.5353382e-15   8.2184375e-01   8.2184375e-01
   8.0000000e+00   1.0000000e+00   6.6409750e-15   8.3637500e-01   8.3637500e-01
   9.0000000e+00   1.0000000e+00   6.7050487e-15   8.5456250e-01   8.5456250e-01
   1.0000000e+01   1.0000000e+00   7.0126067e-15   8.7456250e-01   8.7456250e-01
   1.1000000e+01   1.0000000e+00   7.2041271e-15   8.9284375e-01   8.9284375e-01
   1.2000000e+01   1.0000000e+00   6.9586430e-15   8.7571875e-01   8.7571875e-01
   1.3000000e+01   1.0000000e+00   6.5057847e-15   8.0753125e-01   8.0753125e-01
   1.4000000e+01   1.0000000e+00   6.5317738e-15   7.8228125e-01   7.8228125e-01
   1.5000000e+01   1.0000000e+00   6.5768926e-15   8.0221875e-01   8.0221875e-01
   1.6000000e+01   1.0000000e+00   6.6078651e-15   8.1409375e-01   8.1409375e-01
   1.7000000e+01   1.0000000e+00   6.7383000e-15   8.3662500e-01   8.3662500e-01
   1.8000000e+01   1.0000000e+00   6.7132893e-15   8.4921875e-01   8.4921875e-01
   1.9000000e+01   1.0000000e+00   7.0301496e-15   8.4181250e-01   8.4181250e-01
   1.0000000e+00   2.0000000e+00   6.8998305e-15   8.4378125e-01   8.4378125e-01
   2.0000000e+00   2.0000000e+00   7.1078196e-15   8.7459375e-01   8.7459375e-01
   3.0000000e+00   2.0000000e+00   6.9028191e-15   8.6268750e-01   8.6268750e-01
   4.0000000e+00   2.0000000e+00   6.5791436e-15   8.3209375e-01   8.3209375e-01
   5.0000000e+00   2.0000000e+00   6.1309902e-15   7.5528125e-01   7.5528125e-01
   6.0000000e+00   2.0000000e+00   6.2251769e-15   7.5109375e-01   7.5109375e-01
   7.0000000e+00   2.0000000e+00   6.0788871e-15   7.5381250e-01   7.5381250e-01
   8.0000000e+00   2.0000000e+00   6.0246999e-15   7.6431250e-01   7.6431250e-01
   9.0000000e+00   2.0000000e+00   6.1742382e-15   7.6450000e-01   7.6450000e-01
   1.0000000e+01   2.0000000e+00   6.8418809e-15   8.0075000e-01   8.0075000e-01
   1.1000000e+01   2.0000000e+00   6.9558642e-15   8.4409375e-01   8.4409375e-01
   1.2000000e+01   2.0000000e+00   6.6140549e-15   8.1906250e-01   8.1906250e-01
   1.3000000e+01   2.0000000e+00   6.0960953e-15   7.8612500e-01   7.8612500e-01
   1.4000000e+01   2.0000000e+00   5.8493390e-15   7.3978125e-01   7.3978125e-01
   1.5000000e+01   2.0000000e+00   6.0880862e-15   7.3668750e-01   7.3668750e-01
   1.6000000e+01   2.0000000e+00   5.9437008e-15   7.4725000e-01   7.4725000e-01
   1.7000000e+01   2.0000000e+00   6.1987460e-15   7.6993750e-01   7.6993750e-01
   1.8000000e+01   2.0000000e+00   6.2344182e-15   7.9334375e-01   7.9334375e-01
   1.9000000e+01   2.0000000e+00   6.5222710e-15   8.3131250e-01   8.3131250e-01
   1.0000000e+00   3.0000000e+00   6.0484962e-15   7.7165625e-01   7.7165625e-01
   2.0000000e+00   3.0000000e+00   6.4363168e-15   8.0640625e-01   8.0640625e-01
   3.0000000e+00   3.0000000e+00   6.3976845e-15   8.1043750e-01   8.1043750e-01
   4.0000000e+00   3.0000000e+00   6.1623311e-15   7.3721875e-01   7.3721875e-01
   5.0000000e+00   3.0000000e+00   6.0161762e-15   7.3250000e-01   7.3250000e-01
   6.0000000e+00   3.0000000e+00   5.7033946e-15   7.0731250e-01   7.0731250e-01
   7.0000000e+00   3.0000000e+00   5.5052741e-15   6.9778125e-01   6.9778125e-01
   8.0000000e+00   3.0000000e+00   5.6657338e-15   7.1234375e-01   7.1234375e-01
   9.0000000e+00   3.0000000e+00   5.6806405e-15   7.2340625e-01   7.2340625e-01
   1.0000000e+01   3.0000000e+00   5.8363655e-15   7.5315625e-01   7.5315625e-01
   1.1000000e+01   3.0000000e+00   6.0822181e-15   7.7434375e-01   7.7434375e-01
   1.2000000e+01   3.0000000e+00   6.0753211e-15   7.6543750e-01   7.6543750e-01
   1.3000000e+01   3.0000000e+00   5.7276267e-15   7.3403125e-01   7.3403125e-01
   1.4000000e+01   3.0000000e+00   5.7034215e-15   7.1321875e-01   7.1321875e-01
   1.5000000e+01   3.0000000e+00   5.5401825e-15   7.0696875e-01   7.0696875e-01
   1.6000000e+01   3.0000000e+00   5.5325240e-15   7.0653125e-01   7.0653125e-01
   1.7000000e+01   3.0000000e+00   5.6997362e-15   7.2687500e-01   7.2687500e-01
   1.8000000e+01   3.0000000e+00   5.9249192e-15   7.4837500e-01   7.4837500e-01
   1.9000000e+01   3.0000000e+00   6.1919445e-15   7.7668750e-01   7.7668750e-01
   1.0000000e+00   4.0000000e+00   5.6360517e-15   7.1943750e-01   7.1943750e-01
   2.0000000e+00   4.0000000e+00   5.8266516e-15   7.3362500e-01   7.3362500e-01
   3.0000000e+00   4.0000000e+00   5.8306784e-15   7.3303125e-01   7.3303125e-01
   4.0000000e+00   4.0000000e+00   5.7577027e-15   7.1681250e-01   7.1681250e-01
   5.0000000e+00   4.0000000e+00   5.3484357e-15   6.7843750e-01   6.7843750e-01
   6.0000000e+00   4.0000000e+00   5.2119209e-15   6.5943750e-01   6.5943750e-01
   7.0000000e+00   4.0000000e+00   5.1095559e-15   6.6062500e-01   6.6062500e-01
   8.0000000e+00   4.0000000e+00   5.3089354e-15   6.6846875e-01   6.6846875e-01
   9.0000000e+00   4.0000000e+00   5.5025931e-15   6.9131250e-01   6.9131250e-01
   1.0000000e+01   4.0000000e+00   5.5541884e-15   7.0509375e-01   7.0509375e-01
   1.1000000e+01   4.0000000e+00   5.5528161e-15   7.1737500e-01   7.1737500e-01
   1.2000000e+01   4.0000000e+00   5.7231182e-15   7.1503125e-01   7.1503125e-01
   1.3000000e+01   4.0000000e+00   5.4217987e-15   6.8590625e-01   6.8590625e-01
   1.4000000e+01   4.0000000e+00   5.3633093e-15   6.7190625e-01   6.7190625e-01
   1.5000000e+01   4.0000000e+00   5.2852791e-15   6.7106250e-01   6.7106250e-01
   1.6000000e+01   4.0000000e+00   5.3862903e-15   6.8025000e-01   6.8025000e-01
   1.7000000e+01   4.0000000e+00   5.4926409e-15   7.0962500e-01   7.0962500e-01
   1.8000000e+01   4.0000000e+00   5.5984394e-15   7.2137500e-01   7.2137500e-01
   1.9000000e+01   4.0000000e+00   5.7374325e-15   7.3684375e-01   7.3684375e-01
   1.0000000e+00   5.0000000e+00   5.6409554e-15   7.0362500e-01   7.0362500e-01
   2.0000000e+00   5.0000000e+00   5.5493960e-15   7.0668750e-01   7.0668750e-01
   3.0000000e+00   5.0000000e+00   5.7755905e-15   7.0590625e-01   7.0590625e-01
   4.0000000e+00   5.0000000e+00   5.4663218e-15   6.4975000e-01   6.4975000e-01
   5.0000000e+00   5.0000000e+00   5.3440618e-15   6.6240625e-01   6.6240625e-01
   6.0000000e+00   5.0000000e+00   5.1438242e-15   6.5225000e-01   6.5225000e-01
   7.0000000e+00   5.0000000e+00   5.0830855e-15   6.5318750e-01   6.5318750e-01
   8.0000000e+00   5.0000000e+00   5.2563551e-15   6.6512500e-01   6.6512500e-01
   9.0000000e+00   5.0000000e+00   5.3903270e-15   6.8631250e-01   6.8631250e-01
   1.0000000e+01   5.0000000e+00   5.4255465e-15   6.9168750e-01   6.9168750e-01
   1.1000000e+01   5.0000000e+00   5.5813275e-15   6.9665625e-01   6.9665625e-01
   1.2000000e+01   5.0000000e+00   5.6085051e-15   6.9818750e-01   6.9818750e-01
   1.3000000e+01   5.0000000e+00   5.2310289e-15   6.7475000e-01   6.7475000e-01
   1.4000000e+01   5.0000000e+00   5.1098070e-15   6.5709375e-01   6.5709375e-01
   1.5000000e+01   5.0000000e+00   5.2135497e-15   6.6793750e-01   6.6793750e-01
   1.6000000e+01   5.0000000e+00   5.4169170e-15   6.8137500e-01   6.8137500e-01
   1.7000000e+01   5.0000000e+00   5.6516652e-15   7.1175000e-01   7.1175000e-01
   1.8000000e+01   5.0000000e+00   5.5654277e-15   7.1912500e-01   7.1912500e-01
   1.9000000e+01   5.0000000e+00   5.6895140e-15   7.2250000e-01   7.2250000e-01
   1.0000000e+00   6.0000000e+00   5.6049887e-15   7.0240625e-01   7.0240625e-01
   2.0000000e+00   6.0000000e+00   5.5493969e-15   7.0762500e-01   7.0762500e-01
   3.0000000e+00   6.0000000e+00   5.7321276e-15   7.2043750e-01   7.2043750e-01
   4.0000000e+00   6.0000000e+00   5.7258849e-15   7.1812500e-01   7.1812500e-01
   5.0000000e+00   6.0000000e+00   5.5520945e-15   6.8353125e-01   6.8353125e-01
   6.0000000e+00   6.0000000e+00   4.9917349e-15   6.4137500e-01   6.4137500e-01
   7.0000000e+00   6.0000000e+00   5.0773928e-15   6.4090625e-01   6.4090625e-01
   8.0000000e+00   6.0000000e+00   5.2237565e-15   6.5756250e-01   6.5756250e-01
   9.0000000e+00   6.0000000e+00   5.2977922e-15   6.4109375e-01   6.4109375e-01
   1.0000000e+01   6.0000000e+00   5.7953658e-15   7.0131250e-01   7.0131250e-01
   1.1000000e+01   6.0000000e+00   5.7774232e-15   7.2112500e-01   7.2112500e-01
   1.2000000e+01   6.0000000e+00   5.5971421e-15   7.1828125e-01   7.1828125e-01
   1.3000000e+01   6.0000000e+00   5.5081366e-15   6.9521875e-01   6.9521875e-01
   1.4000000e+01   6.0000000e+00   5.4194605e-15   6.3481250e-01   6.3481250e-01
   1.5000000e+01   6.0000000e+00   5.2769466e-15   6.5671875e-01   6.5671875e-01
   1.6000000e+01   6.0000000e+00   5.4609500e-15   6.7718750e-01   6.7718750e-01
   1.7000000e+01   6.0000000e+00   5.7488234e-15   7.1431250e-01   7.1431250e-01
   1.8000000e+01   6.0000000e+00   5.7923437e-15   7.3146875e-01   7.3146875e-01
   1.9000000e+01   6.0000000e+00   5.7662753e-15   6.9093750e-01   6.9093750e-01
   1.0000000e+00   7.0000000e+00   5.8224561e-15   7.2640625e-01   7.2640625e-01
   2.0000000e+00   7.0000000e+00   5.8736132e-15   7.4334375e-01   7.4334375e-01
   3.0000000e+00   7.0000000e+00   5.8830342e-15   7.4434375e-01   7.4434375e-01
   4.0000000e+00   7.0000000e+00   5.8762845e-15   7.2918750e-01   7.2918750e-01
   5.0000000e+00   7.0000000e+00   5.5462528e-15   6.9162500e-01   6.9162500e-01
   6.0000000e+00   7.0000000e+00   5.0113279e-15   6.3431250e-01   6.3431250e-01
   7.0000000e+00   7.0000000e+00   5.2380469e-15   6.4546875e-01   6.4546875e-01
   8.0000000e+00   7.0000000e+00   5.4134292e-15   6.6990625e-01   6.6990625e-01
   9.0000000e+00   7.0000000e+00   5.6893016e-15   7.1203125e-01   7.1203125e-01
   1.0000000e+01   7.0000000e+00   5.9525563e-15   7.3925000e-01   7.3925000e-01
   1.1000000e+01   7.0000000e+00   5.7411895e-15   6.9800000e-01   6.9800000e-01
   1.2000000e+01   7.0000000e+00   6.0840665e-15   7.3684375e-01   7.3684375e-01
   1.3000000e+01   7.0000000e+00   5.7271596e-15   7.0584375e-01   7.0584375e-01
   1.4000000e+01   7.0000000e+00   5.3638093e-15   6.7893750e-01   6.7893750e-01
   1.5000000e+01   7.0000000e+00   5.2494262e-15   6.6553125e-01   6.6553125e-01
   1.6000000e+01   7.0000000e+00   5.2600784e-15   6.5943750e-01   6.5943750e-01
   1.7000000e+01   7.0000000e+00   6.0086766e-15   7.2181250e-01   7.2181250e-01
   1.8000000e+01   7.0000000e+00   6.1364126e-15   7.6581250e-01   7.6581250e-01
   1.9000000e+01   7.0000000e+00   6.3684108e-15   7.8118750e-01   7.8118750e-01
   1.0000000e+00   8.0000000e+00   6.0057239e-15   7.4296875e-01   7.4296875e-01
   2.0000000e+00   8.0000000e+00   6.1196463e-15   7.6503125e-01   7.6503125e-01
   3.0000000e+00   8.0000000e+00   6.1393959e-15   7.6718750e-01   7.6718750e-01
   4.0000000e+00   8.0000000e+00   5.9963713e-15   7.4284375e-01   7.4284375e-01
   5.0000000e+00   8.0000000e+00   5.7112384e-15   7.1068750e-01   7.1068750e-01
   6.0000000e+00   8.0000000e+00   5.5400728e-15   6.9068750e-01   6.9068750e-01
   7.0000000e+00   8.0000000e+00   5.3294222e-15   6.7728125e-01   6.7728125e-01
   8.0000000e+00   8.0000000e+00   5.5450285e-15   6.8918750e-01   6.8918750e-01
   9.0000000e+00   8.0000000e+00   5.6423891e-15   7.1353125e-01   7.1353125e-01
   1.0000000e+01   8.0000000e+00   5.8508995e-15   6.9659375e-01   6.9659375e-01
   1.1000000e+01   8.0000000e+00   6.1521238e-15   7.4509375e-01   7.4509375e-01
   1.2000000e+01   8.0000000e+00   6.1032134e-15   7.4371875e-01   7.4371875e-01
   1.3000000e+01   8.0000000e+00   5.8368929e-15   7.1800000e-01   7.1800000e-01
   1.4000000e+01   8.0000000e+00   5.6623628e-15   6.9650000e-01   6.9650000e-01
   1.5000000e+01   8.0000000e+00   5.4816052e-15   6.9478125e-01   6.9478125e-01
   1.6000000e+01   8.0000000e+00   5.7485092e-15   7.1209375e-01   7.1209375e-01
   1.7000000e+01   8.0000000e+00   5.9812325e-15   7.4081250e-01   7.4081250e-01
   1.8000000e+01   8.0000000e+00   6.1945792e-15   7.7459375e-01   7.7459375e-01
   1.9000000e+01   8.0000000e+00   6.2342970e-15   7.8696875e-01   7.8696875e-01
   1.0000000e+00   9.0000000e+00   5.9239012e-15   7.5712500e-01   7.5712500e-01
   2.0000000e+00   9.0000000e+00   6.2167810e-15   7.8346875e-01   7.8346875e-01
   3.0000000e+00   9.0000000e+00   6.2313233e-15   7.7821875e-01   7.7821875e-01
   4.0000000e+00   9.0000000e+00   5.8384647e-15   7.4381250e-01   7.4381250e-01
   5.0000000e+00   9.0000000e+00   5.9134677e-15   7.2659375e-01   7.2659375e-01
   6.0000000e+00   9.0000000e+00   5.5407525e-15   7.1518750e-01   7.1518750e-01
   7.0000000e+00   9.0000000e+00   5.4274512e-15   7.0456250e-01   7.0456250e-01
   8.0000000e+00   9.0000000e+00   5.7428514e-15   7.0981250e-01   7.0981250e-01
   9.0000000e+00   9.0000000e+00   5.9637176e-15   7.4584375e-01   7.4584375e-01
   1.0000000e+01   9.0000000e+00   6.0934719e-15   7.6900000e-01   7.6900000e-01
   1.1000000e+01   9.0000000e+00   6.0898212e-15   7.7721875e-01   7.7721875e-01
   1.2000000e+01   9.0000000e+00   6.1509815e-15   7.5684375e-01   7.5684375e-01
   1.3000000e+01   9.0000000e+00   5.8674899e-15   7.3759375e-01   7.3759375e-01
   1.4000000e+01   9.0000000e+00   5.8206894e-15   7.2962500e-01   7.2962500e-01
   1.5000000e+01   9.0000000e+00   5.7319864e-15   7.1487500e-01   7.1487500e-01
   1.6000000e+01   9.0000000e+00   5.7301370e-15   7.2293750e-01   7.2293750e-01
   1.7000000e+01   9.0000000e+00   6.0977444e-15   7.5262500e-01   7.5262500e-01
   1.8000000e+01   9.0000000e+00   6.2794025e-15   7.8781250e-01   7.8781250e-01
   1.9000000e+01   9.0000000e+00   6.4667877e-15   8.0756250e-01   8.0756250e-01
   1.0000000e+00   1.0000000e+01   6.1684153e-15   7.6478125e-01   7.6478125e-01
   2.0000000e+00   1.0000000e+01   6.3145730e-15   8.0368750e-01   8.0368750e-01
   3.0000000e+00   1.0000000e+01   6.1339592e-15   7.9518750e-01   7.9518750e-01
   4.0000000e+00   1.0000000e+01   6.1339654e-15   7.6556250e-01   7.6556250e-01
   5.0000000e+00   1.0000000e+01   6.0892384e-15   7.5250000e-01   7.5250000e-01
   6.0000000e+00   1.0000000e+01   5.7978441e-15   7.3768750e-01   7.3768750e-01
   7.0000000e+00   1.0000000e+01   5.8890633e-15   7.2509375e-01   7.2509375e-01
   8.0000000e+00   1.0000000e+01   5.9549520e-15   7.1912500e-01   7.1912500e-01
   9.0000000e+00   1.0000000e+01   5.7984036e-15   6.9768750e-01   6.9768750e-01
   1.0000000e+01   1.0000000e+01   5.8632398e-15   7.6378125e-01   7.6378125e-01
   1.1000000e+01   1.0000000e+01   6.4151783e-15   8.0009375e-01   8.0009375e-01
   1.2000000e+01   1.0000000e+01   6.1852346e-15   7.7990625e-01   7.7990625e-01
   1.3000000e+01   1.0000000e+01   5.9933220e-15   7.5668750e-01   7.5668750e-01
   1.4000000e+01   1.0000000e+01   6.0117214e-15   7.4865625e-01   7.4865625e-01
   1.5000000e+01   1.0000000e+01   5.9963858e-15   7.2646875e-01   7.2646875e-01
   1.6000000e+01   1.0000000e+01   5.4852344e-15   6.9987500e-01   6.9987500e-01
   1.7000000e+01   1.0000000e+01   5.9929691e-15   7.5975000e-01   7.5975000e-01
   1.8000000e+01   1.0000000e+01   6.3686358e-15   7.9503125e-01   7.9503125e-01
   1.9000000e+01   1.0000000e+01   6.5569502e-15   8.2809375e-01   8.2809375e-01
   1.0000000e+00   1.1000000e+01   6.3361796e-15   7.9268750e-01   7.9268750e-01
   2.0000000e+00   1.1000000e+01   6.7847705e-15   8.3240625e-01   8.3240625e-01
   3.0000000e+00   1.1000000e+01   6.4465871e-15   7.8806250e-01   7.8806250e-01
   4.0000000e+00   1.1000000e+01   6.5182065e-15   8.1696875e-01   8.1696875e-01
   5.0000000e+00   1.1000000e+01   6.3155550e-15   7.8546875e-01   7.8546875e-01
   6.0000000e+00   1.1000000e+01   6.1468698e-15   7.6612500e-01   7.6612500e-01
   7.0000000e+00   1.1000000e+01   5.9743898e-15   7.5118750e-01   7.5118750e-01
   8.0000000e+00   1.1000000e+01   6.0985369e-15   7.5028125e-01   7.5028125e-01
   9.0000000e+00   1.1000000e+01   6.0302393e-15   7.3237500e-01   7.3237500e-01
   1.0000000e+01   1.1000000e+01   6.3419407e-15   8.0556250e-01   8.0556250e-01
   1.1000000e+01   1.1000000e+01   6.6371050e-15   8.4106250e-01   8.4106250e-01
   1.2000000e+01   1.1000000e+01   6.4553403e-15   8.1646875e-01   8.1646875e-01
   1.3000000e+01   1.1000000e+01   6.4145688e-15   8.0346875e-01   8.0346875e-01
   1.4000000e+01   1.1000000e+01   6.2807135e-15   7.8134375e-01   7.8134375e-01
   1.5000000e+01   1.1000000e+01   6.2698473e-15   7.5306250e-01   7.5306250e-01
   1.6000000e+01   1.1000000e+01   5.8914298e-15   7.1100000e-01   7.1100000e-01
   1.7000000e+01   1.1000000e+01   6.0189793e-15   7.6884375e-01   7.6884375e-01
   1.8000000e+01   1.1000000e+01   6.4290294e-15   8.1787500e-01   8.1787500e-01
   1.9000000e+01   1.1000000e+01   6.8605959e-15   8.5987500e-01   8.5987500e-01
   1.0000000e+00   1.2000000e+01   6.6998576e-15   8.4053125e-01   8.4053125e-01
   2.0000000e+00   1.2000000e+01   7.2528696e-15   8.6646875e-01   8.6646875e-01
   3.0000000e+00   1.2000000e+01   6.7568916e-15   8.2509375e-01   8.2509375e-01
   4.0000000e+00   1.2000000e+01   6.8095455e-15   8.5990625e-01   8.5990625e-01
   5.0000000e+00   1.2000000e+01   6.5425497e-15   8.3734375e-01   8.3734375e-01
   6.0000000e+00   1.2000000e+01   6.3421915e-15   8.1259375e-01   8.1259375e-01
   7.0000000e+00   1.2000000e+01   6.2690813e-15   7.9950000e-01   7.9950000e-01
   8.0000000e+00   1.2000000e+01   6.4006617e-15   8.1531250e-01   8.1531250e-01
   9.0000000e+00   1.2000000e+01   6.6444058e-15   8.3087500e-01   8.3087500e-01
   1.0000000e+01   1.2000000e+01   6.8955939e-15   8.6756250e-01   8.6756250e-01
   1.1000000e+01   1.2000000e+01   6.9560335e-15   8.8193750e-01   8.8193750e-01
   1.2000000e+01   1.2000000e+01   6.8550835e-15   8.5800000e-01   8.5800000e-01
   1.3000000e+01   1.2000000e+01   6.6157189e-15   8.4193750e-01   8.4193750e-01
   1.4000000e+01   1.2000000e+01   6.7506420e-15   8.1706250e-01   8.1706250e-01
   1.5000000e+01   1.2000000e+01   6.3143494e-15   7.6190625e-01   7.6190625e-01
   1.6000000e+01   1.2000000e+01   6.3870796e-15   7.6746875e-01   7.6746875e-01
   1.7000000e+01   1.2000000e+01   6.7100414e-15   8.1212500e-01   8.1212500e-01
   1.8000000e+01   1.2000000e+01   7.0860511e-15   8.6209375e-01   8.6209375e-01
   1.9000000e+01   1.2000000e+01   7.3005812e-15   9.0493750e-01   9.0493750e-01
   1.0000000e+00   1.3000000e+01   7.2611352e-15   8.8728125e-01   8.8728125e-01
   2.0000000e+00   1.3000000e+01   7.4948738e-15   9.1437500e-01   9.1437500e-01
   3.0000000e+00   1.3000000e+01   7.3746046e-15   8.7471875e-01   8.7471875e-01
   4.0000000e+00   1.3000000e+01   6.8467559e-15   8.3678125e-01   8.3678125e-01
   5.0000000e+00   1.3000000e+01   6.6090291e-15   8.1515625e-01   8.1515625e-01
   6.0000000e+00   1.3000000e+01   6.7245207e-15   8.4000000e-01   8.4000000e-01
   7.0000000e+00   1.3000000e+01   6.6255711e-15   8.3896875e-01   8.3896875e-01
   8.0000000e+00   1.3000000e+01   6.8195433e-15   8.5234375e-01   8.5234375e-01
   9.0000000e+00   1.3000000e+01   7.0935720e-15   8.7968750e-01   8.7968750e-01
   1.0000000e+01   1.3000000e+01   7.4189930e-15   9.1790625e-01   9.1790625e-01
   1.1000000e+01   1.3000000e+01   7.6111193e-15   9.0234375e-01   9.0234375e-01
   1.2000000e+01   1.3000000e+01   6.8865540e-15   8.4959375e-01   8.4959375e-01
   1.3000000e+01   1.3000000e+01   7.0633419e-15   8.8475000e-01   8.8475000e-01
   1.4000000e+01   1.3000000e+01   6.7946152e-15   8.4871875e-01   8.4871875e-01
   1.5000000e+01   1.3000000e+01   6.6574052e-15   8.3687500e-01   8.3687500e-01
   1.6000000e+01   1.3000000e+01   6.6220784e-15   7.9731250e-01   7.9731250e-01
   1.7000000e+01   1.3000000e+01   6.9358058e-15   8.8031250e-01   8.8031250e-01
   1.8000000e+01   1.3000000e+01   7.2616373e-15   9.1265625e-01   9.1265625e-01
   1.9000000e+01   1.3000000e+01   7.4011969e-15   9.3793750e-01   9.3793750e-01
   1.0000000e+00   1.4000000e+01   7.3564042e-15   8.9350000e-01   8.9350000e-01
   2.0000000e+00   1.4000000e+01   7.1246830e-15   8.8728125e-01   8.8728125e-01
   3.0000000e+00   1.4000000e+01   7.5072854e-15   9.3859375e-01   9.3859375e-01
   4.0000000e+00   1.4000000e+01   7.2448297e-15   9.2921875e-01   9.2921875e-01
   5.0000000e+00   1.4000000e+01   7.2399544e-15   8.9834375e-01   8.9834375e-01
   6.0000000e+00   1.4000000e+01   6.8796075e-15   8.7037500e-01   8.7037500e-01
   7.0000000e+00   1.4000000e+01   6.8442805e-15   8.6328125e-01   8.6328125e-01
   8.0000000e+00   1.4000000e+01   7.0728217e-15   8.8643750e-01   8.8643750e-01
   9.0000000e+00   1.4000000e+01   7.3092021e-15   9.0706250e-01   9.0706250e-01
   1.0000000e+01   1.4000000e+01   7.7046030e-15   9.4859375e-01   9.4859375e-01
   1.1000000e+01   1.4000000e+01   7.7544676e-15   9.5543750e-01   9.5543750e-01
   1.2000000e+01   1.4000000e+01   7.2977179e-15   9.2787500e-01   9.2787500e-01
   1.3000000e+01   1.4000000e+01   7.1490059e-15   8.9468750e-01   8.9468750e-01
   1.4000000e+01   1.4000000e+01   6.6109307e-15   8.1321875e-01   8.1321875e-01
   1.5000000e+01   1.4000000e+01   6.8649689e-15   8.3706250e-01   8.3706250e-01
   1.6000000e+01   1.4000000e+01   7.1365044e-15   8.7143750e-01   8.7143750e-01
   1.7000000e+01   1.4000000e+01   7.2754051e-15   8.9390625e-01   8.9390625e-01
   1.8000000e+01   1.4000000e+01   7.5135318e-15   9.0562500e-01   9.0562500e-01
   1.9000000e+01   1.4000000e+01   5.9948816e-15   7.6815625e-01   7.6815625e-01
   1.0000000e+00   1.5000000e+01   6.8085495e-15   9.2525000e-01   9.2525000e-01
   2.0000000e+00   1.5000000e+01   7.8070595e-15   9.7081250e-01   9.7081250e-01
   3.0000000e+00   1.5000000e+01   7.5346663e-15   9.2696875e-01   9.2696875e-01
   4.0000000e+00   1.5000000e+01   7.5191677e-15   9.0628125e-01   9.0628125e-01
   5.0000000e+00   1.5000000e+01   7.4749970e-15   9.1009375e-01   9.1009375e-01
   6.0000000e+00   1.5000000e+01   7.1234686e-15   8.8725000e-01   8.8725000e-01
   7.0000000e+00   1.5000000e+01   6.9840784e-15   8.7518750e-01   8.7518750e-01
   8.0000000e+00   1.5000000e+01   7.1787478e-15   8.9312500e-01   8.9312500e-01
   9.0000000e+00   1.5000000e+01   7.3580808e-15   9.2034375e-01   9.2034375e-01
   1.0000000e+01   1.5000000e+01   7.5147883e-15   9.5612500e-01   9.5612500e-01
   1.1000000e+01   1.5000000e+01   7.7012423e-15   9.6925000e-01   9.6925000e-01
   1.2000000e+01   1.5000000e+01   7.5873760e-15   9.3384375e-01   9.3384375e-01
   1.3000000e+01   1.5000000e+01   7.2263690e-15   9.0462500e-01   9.0462500e-01
   1.4000000e+01   1.5000000e+01   6.9636008e-15   8.7834375e-01   8.7834375e-01
   1.5000000e+01   1.5000000e+01   7.2069681e-15   8.7000000e-01   8.7000000e-01
   1.6000000e+01   1.5000000e+01   7.2021625e-15   8.7784375e-01   8.7784375e-01
   1.7000000e+01   1.5000000e+01   7.5203853e-15   9.0296875e-01   9.0296875e-01
   1.8000000e+01   1.5000000e+01   7.3238783e-15   8.7703125e-01   8.7703125e-01
   1.9000000e+01   1.5000000e+01   7.6211387e-15   9.6018750e-01   9.6018750e-01
   1.0000000e+00   1.6000000e+01   7.5316526e-15   9.3440625e-01   9.3440625e-01
   2.0000000e+00   1.6000000e+01   7.7349442e-15   9.6737500e-01   9.6737500e-01
   3.0000000e+00   1.6000000e+01   7.7706983e-15   9.5875000e-01   9.5875000e-01
   4.0000000e+00   1.6000000e+01   7.4656740e-15   9.3584375e-01   9.3584375e-01
   5.0000000e+00   1.6000000e+01   7.1200070e-15   8.9925000e-01   8.9925000e-01
   6.0000000e+00   1.6000000e+01   6.8297462e-15   8.6818750e-01   8.6818750e-01
   7.0000000e+00   1.6000000e+01   6.8813985e-15   8.6134375e-01   8.6134375e-01
   8.0000000e+00   1.6000000e+01   7.0771036e-15   8.7843750e-01   8.7843750e-01
   9.0000000e+00   1.6000000e+01   7.1008507e-15   8.5228125e-01   8.5228125e-01
   1.0000000e+01   1.6000000e+01   7.4745934e-15   9.0450000e-01   9.0450000e-01
   1.1000000e+01   1.6000000e+01   7.8484098e-15   9.3781250e-01   9.3781250e-01
   1.2000000e+01   1.6000000e+01   7.6637272e-15   9.1915625e-01   9.1915625e-01
   1.3000000e+01   1.6000000e+01   7.6259094e-15   8.9525000e-01   8.9525000e-01
   1.4000000e+01   1.6000000e+01   7.1187568e-15   8.6065625e-01   8.6065625e-01
   1.5000000e+01   1.6000000e+01   7.0174409e-15   8.5668750e-01   8.5668750e-01
   1.6000000e+01   1.6000000e+01   6.8521666e-15   8.6475000e-01   8.6475000e-01
   1.7000000e+01   1.6000000e+01   7.1929800e-15   8.9340625e-01   8.9340625e-01
   1.8000000e+01   1.6000000e+01   7.1663325e-15   9.1406250e-01   9.1406250e-01
   1.9000000e+01   1.6000000e+01   7.4209897e-15   9.3387500e-01   9.3387500e-01
   1.0000000e+00   1.7000000e+01   6.7387300e-15   8.6293750e-01   8.6293750e-01
   2.0000000e+00   1.7000000e+01   7.0159573e-15   8.8475000e-01   8.8475000e-01
   3.0000000e+00   1.7000000e+01   7.2258377e-15   9.0859375e-01   9.0859375e-01
   4.0000000e+00   1.7000000e+01   6.8480161e-15   8.5918750e-01   8.5918750e-01
   5.0000000e+00   1.7000000e+01   6.6867239e-15   8.0815625e-01   8.0815625e-01
   6.0000000e+00   1.7000000e+01   6.8257192e-15   8.2625000e-01   8.2625000e-01
   7.0000000e+00   1.7000000e+01   6.6381089e-15   8.2706250e-01   8.2706250e-01
   8.0000000e+00   1.7000000e+01   6.7956521e-15   8.4250000e-01   8.4250000e-01
   9.0000000e+00   1.7000000e+01   6.8952696e-15   8.7109375e-01   8.7109375e-01
   1.0000000e+01   1.7000000e+01   7.0410742e-15   8.9109375e-01   8.9109375e-01
   1.1000000e+01   1.7000000e+01   7.1784746e-15   9.0040625e-01   9.0040625e-01
   1.2000000e+01   1.7000000e+01   6.9410919e-15   8.8268750e-01   8.8268750e-01
   1.3000000e+01   1.7000000e+01   6.7094490e-15   8.0606250e-01   8.0606250e-01
   1.4000000e+01   1.7000000e+01   6.4217771e-15   8.2175000e-01   8.2175000e-01
   1.5000000e+01   1.7000000e+01   6.5395407e-15   8.0681250e-01   8.0681250e-01
   1.6000000e+01   1.7000000e+01   6.5992431e-15   8.2543750e-01   8.2543750e-01
   1.7000000e+01   1.7000000e+01   6.6473162e-15   8.4465625e-01   8.4465625e-01
   1.8000000e+01   1.7000000e+01   6.9887411e-15   8.6131250e-01   8.6131250e-01
   1.9000000e+01   1.7000000e+01   6.9976763e-15   8.8503125e-01   8.8503125e-01
   1.0000000e+00   1.8000000e+01   6.9304506e-15   8.5662500e-01   8.5662500e-01
   2.0000000e+00   1.8000000e+01   7.1559435e-15   8.8625000e-01   8.8625000e-01
   3.0000000e+00   1.8000000e+01   6.9680488e-15   8.8521875e-01   8.8521875e-01
   4.0000000e+00   1.8000000e+01   6.6232003e-15   8.4071875e-01   8.4071875e-01
   5.0000000e+00   1.8000000e+01   6.4007567e-15   7.6337500e-01   7.6337500e-01
   6.0000000e+00   1.8000000e+01   6.4978799e-15   7.7459375e-01   7.7459375e-01
   7.0000000e+00   1.8000000e+01   6.4123945e-15   7.7125000e-01   7.7125000e-01
   8.0000000e+00   1.8000000e+01   6.5171980e-15   7.8200000e-01   7.8200000e-01
   9.0000000e+00   1.8000000e+01   6.2250714e-15   7.5184375e-01   7.5184375e-01
   1.0000000e+01   1.8000000e+01   6.5930782e-15   8.3259375e-01   8.3259375e-01
   1.1000000e+01   1.8000000e+01   6.8226580e-15   8.5240625e-01   8.5240625e-01
   1.2000000e+01   1.8000000e+01   6.6949038e-15   8.3140625e-01   8.3140625e-01
   1.3000000e+01   1.8000000e+01   6.5987569e-15   7.9396875e-01   7.9396875e-01
   1.4000000e+01   1.8000000e+01   6.1156315e-15   7.2165625e-01   7.2165625e-01
   1.5000000e+01   1.8000000e+01   5.6558379e-15   6.9225000e-01   6.9225000e-01
   1.6000000e+01   1.8000000e+01   5.7515623e-15   7.3896875e-01   7.3896875e-01
   1.7000000e+01   1.8000000e+01   6.1752145e-15   7.7321875e-01   7.7321875e-01
   1.8000000e+01   1.8000000e+01   6.3157248e-15   7.9668750e-01   7.9668750e-01
   1.9000000e+01   1.8000000e+01   6.7086972e-15   8.3846875e-01   8.3846875e-01
   1.0000000e+00   1.9000000e+01   6.2320706e-15   7.8334375e-01   7.8334375e-01
   2.0000000e+00   1.9000000e+01   6.5227511e-15   8.2459375e-01   8.2459375e-01
   3.0000000e+00   1.9000000e+01   6.6835783e-15   8.2290625e-01   8.2290625e-01
   4.0000000e+00   1.9000000e+01   6.3579490e-15   8.0618750e-01   8.0618750e-01
   5.0000000e+00   1.9000000e+01   6.0737740e-15   7.6287500e-01   7.6287500e-01
   6.0000000e+00   1.9000000e+01   5.9320380e-15   7.2993750e-01   7.2993750e-01
   7.0000000e+00   1.9000000e+01   5.6853735e-15   6.9481250e-01   6.9481250e-01
   8.0000000e+00   1.9000000e+01   5.4163909e-15   6.7518750e-01   6.7518750e-01
   9.0000000e+00   1.9000000e+01   5.7795509e-15   7.3581250e-01   7.3581250e-01
   1.0000000e+01   1.9000000e+01   6.1292679e-15   7.6806250e-01   7.6806250e-01
   1.1000000e+01   1.9000000e+01   6.3256156e-15   7.8956250e-01   7.8956250e-01
   1.2000000e+01   1.9000000e+01   6.2073296e-15   7.7818750e-01   7.7818750e-01
   1.3000000e+01   1.9000000e+01   5.8560521e-15   7.4196875e-01   7.4196875e-01
   1.4000000e+01   1.9000000e+01   5.6278758e-15   7.1568750e-01   7.1568750e-01
   1.5000000e+01   1.9000000e+01   5.4802073e-15   6.9531250e-01   6.9531250e-01
   1.6000000e+01   1.9000000e+01   5.2438670e-15   6.6296875e-01   6.6296875e-01
   1.7000000e+01   1.9000000e+01   5.5435410e-15   6.6703125e-01   6.6703125e-01
   1.8000000e+01   1.9000000e+01   5.9293700e-15   7.2878125e-01   7.2878125e-01
   1.9000000e+01   1.9000000e+01   6.2729596e-15   7.6918750e-01   7.6918750e-01
   1.0000000e+00   2.0000000e+01   5.7909195e-15   7.2887500e-01   7.2887500e-01
   2.0000000e+00   2.0000000e+01   5.9066548e-15   7.5056250e-01   7.5056250e-01
   3.0000000e+00   2.0000000e+01   6.2396600e-15   7.6040625e-01   7.6040625e-01
   4.0000000e+00   2.0000000e+01   6.0286959e-15   7.4937500e-01   7.4937500e-01
   5.0000000e+00   2.0000000e+01   5.7770331e-15   7.0962500e-01   7.0962500e-01
   6.0000000e+00   2.0000000e+01   5.7619210e-15   6.8618750e-01   6.8618750e-01
   7.0000000e+00   2.0000000e+01   5.6347552e-15   6.7356250e-01   6.7356250e-01
   8.0000000e+00   2.0000000e+01   5.4303619e-15   6.7912500e-01   6.7912500e-01
   9.0000000e+00   2.0000000e+01   5.6957181e-15   6.9746875e-01   6.9746875e-01
   1.0000000e+01   2.0000000e+01   5.7411002e-15   7.1053125e-01   7.1053125e-01
   1.1000000e+01   2.0000000e+01   5.7509415e-15   7.2903125e-01   7.2903125e-01
   1.2000000e+01   2.0000000e+01   5.5442112e-15   7.0665625e-01   7.0665625e-01
   1.3000000e+01   2.0000000e+01   5.2560998e-15   6.8787500e-01   6.8787500e-01
   1.4000000e+01   2.0000000e+01   5.2720749e-15   6.6525000e-01   6.6525000e-01
   1.5000000e+01   2.0000000e+01   5.2177549e-15   6.6093750e-01   6.6093750e-01
   1.6000000e+01   2.0000000e+01   5.2340454e-15   6.6506250e-01   6.6506250e-01
   1.7000000e+01   2.0000000e+01   5.2430608e-15   6.8143750e-01   6.8143750e-01
   1.8000000e+01   2.0000000e+01   5.4779175e-15   7.0271875e-01   7.0271875e-01
   1.9000000e+01   2.0000000e+01   5.7698331e-15   7.1175000e-01   7.1175000e-01
   1.0000000e+00   2.1000000e+01   5.6305651e-15   7.1068750e-01   7.1068750e-01
   2.0000000e+00   2.1000000e+01   5.6769206e-15   7.1678125e-01   7.1678125e-01
   3.0000000e+00   2.1000000e+01   5.7691028e-15   7.1231250e-01   7.1231250e-01
   4.0000000e+00   2.1000000e+01   5.7415344e-15   6.9287500e-01   6.9287500e-01
   5.0000000e+00   2.1000000e+01   5.1423436e-15   6.6331250e-01   6.6331250e-01
   6.0000000e+00   2.1000000e+01   5.1609194e-15   6.6275000e-01   6.6275000e-01
   7.0000000e+00   2.1000000e+01   5.2139541e-15   6.6803125e-01   6.6803125e-01
   8.0000000e+00   2.1000000e+01   5.3790127e-15   6.7596875e-01   6.7596875e-01
   9.0000000e+00   2.1000000e+01   5.3695967e-15   6.8684375e-01   6.8684375e-01
   1.0000000e+01   2.1000000e+01   5.4797933e-15   6.9053125e-01   6.9053125e-01
   1.1000000e+01   2.1000000e+01   5.5644637e-15   7.0384375e-01   7.0384375e-01
   1.2000000e+01   2.1000000e+01   5.6316858e-15   6.9950000e-01   6.9950000e-01
   1.3000000e+01   2.1000000e+01   5.1747353e-15   6.3368750e-01   6.3368750e-01
   1.4000000e+01   2.1000000e+01   4.9661741e-15   6.5031250e-01   6.5031250e-01
   1.5000000e+01   2.1000000e+01   5.1683262e-15   6.4312500e-01   6.4312500e-01
   1.6000000e+01   2.1000000e+01   5.2964678e-15   6.4975000e-01   6.4975000e-01
   1.7000000e+01   2.1000000e+01   5.0879236e-15   6.3668750e-01   6.3668750e-01
   1.8000000e+01   2.1000000e+01   5.3766316e-15   6.8865625e-01   6.8865625e-01
   1.9000000e+01   2.1000000e+01   5.4461773e-15   7.0184375e-01   7.0184375e-01
   1.0000000e+00   2.2000000e+01   5.6346142e-15   7.0100000e-01   7.0100000e-01
   2.0000000e+00   2.2000000e+01   5.6077889e-15   7.1221875e-01   7.1221875e-01
   3.0000000e+00   2.2000000e+01   5.7244945e-15   7.2256250e-01   7.2256250e-01
   4.0000000e+00   2.2000000e+01   5.8782431e-15   7.1615625e-01   7.1615625e-01
   5.0000000e+00   2.2000000e+01   5.4169415e-15   6.8334375e-01   6.8334375e-01
   6.0000000e+00   2.2000000e+01   5.2177371e-15   6.6053125e-01   6.6053125e-01
   7.0000000e+00   2.2000000e+01   5.2951106e-15   6.5593750e-01   6.5593750e-01
   8.0000000e+00   2.2000000e+01   5.3223630e-15   6.7296875e-01   6.7296875e-01
   9.0000000e+00   2.2000000e+01   5.5823103e-15   6.9715625e-01   6.9715625e-01
   1.0000000e+01   2.2000000e+01   5.6694763e-15   6.9984375e-01   6.9984375e-01
   1.1000000e+01   2.2000000e+01   5.8251826e-15   7.1771875e-01   7.1771875e-01
   1.2000000e+01   2.2000000e+01   5.7992851e-15   7.1984375e-01   7.1984375e-01
   1.3000000e+01   2.2000000e+01   5.5319688e-15   6.8315625e-01   6.8315625e-01
   1.4000000e+01   2.2000000e+01   4.9887521e-15   6.4075000e-01   6.4075000e-01
   1.5000000e+01   2.2000000e+01   5.0009244e-15   6.3853125e-01   6.3853125e-01
   1.6000000e+01   2.2000000e+01   5.1832082e-15   6.0684375e-01   6.0684375e-01
   1.7000000e+01   2.2000000e+01   5.3280466e-15   6.7303125e-01   6.7303125e-01
   1.8000000e+01   2.2000000e+01   5.4017013e-15   7.0178125e-01   7.0178125e-01
   1.9000000e+01   2.2000000e+01   5.4262901e-15   7.1184375e-01   7.1184375e-01
   1.0000000e+00   2.3000000e+01   5.2316603e-15   6.6650000e-01   6.6650000e-01
   2.0000000e+00   2.3000000e+01   5.8251062e-15   7.0678125e-01   7.0678125e-01
   3.0000000e+00   2.3000000e+01   5.9403002e-15   7.2968750e-01   7.2968750e-01
   4.0000000e+00   2.3000000e+01   6.0404445e-15   7.3793750e-01   7.3793750e-01
   5.0000000e+00   2.3000000e+01   5.7510553e-15   7.0306250e-01   7.0306250e-01
   6.0000000e+00   2.3000000e+01   5.1091523e-15   6.5887500e-01   6.5887500e-01
   7.0000000e+00   2.3000000e+01   4.9895868e-15   6.5671875e-01   6.5671875e-01
   8.0000000e+00   2.3000000e+01   5.4082665e-15   6.7746875e-01   6.7746875e-01
   9.0000000e+00   2.3000000e+01   5.5908243e-15   7.1531250e-01   7.1531250e-01
   1.0000000e+01   2.3000000e+01   6.0106916e-15   7.3534375e-01   7.3534375e-01
   1.1000000e+01   2.3000000e+01   5.8152188e-15   7.1150000e-01   7.1150000e-01
   1.2000000e+01   2.3000000e+01   5.4125001e-15   6.7656250e-01   6.7656250e-01
   1.3000000e+01   2.3000000e+01   5.2372753e-15   6.7906250e-01   6.7906250e-01
   1.4000000e+01   2.3000000e+01   5.1356197e-15   6.2568750e-01   6.2568750e-01
   1.5000000e+01   2.3000000e+01   4.8153618e-15   6.1040625e-01   6.1040625e-01
   1.6000000e+01   2.3000000e+01   5.0717249e-15   6.6025000e-01   6.6025000e-01
   1.7000000e+01   2.3000000e+01   5.5676088e-15   7.0412500e-01   7.0412500e-01
   1.8000000e+01   2.3000000e+01   5.8821968e-15   7.3831250e-01   7.3831250e-01
   1.9000000e+01   2.3000000e+01   5.8692331e-15   7.4221875e-01   7.4221875e-01
   1.0000000e+00   2.4000000e+01   6.1423032e-15   7.4134375e-01   7.4134375e-01
   2.0000000e+00   2.4000000e+01   6.1427047e-15   7.4862500e-01   7.4862500e-01
   3.0000000e+00   2.4000000e+01   6.2391940e-15   7.4065625e-01   7.4065625e-01
   4.0000000e+00   2.4000000e+01   5.9234379e-15   7.0437500e-01   7.0437500e-01
   5.0000000e+00   2.4000000e+01   5.7172675e-15   6.7143750e-01   6.7143750e-01
   6.0000000e+00   2.4000000e+01   5.4189366e-15   6.4300000e-01   6.4300000e-01
   7.0000000e+00   2.4000000e+01   5.3139226e-15   6.3428125e-01   6.3428125e-01
   8.0000000e+00   2.4000000e+01   5.2847911e-15   6.6818750e-01   6.6818750e-01
   9.0000000e+00   2.4000000e+01   6.0198591e-15   7.4281250e-01   7.4281250e-01
   1.0000000e+01   2.4000000e+01   5.9036325e-15   7.6084375e-01   7.6084375e-01
   1.1000000e+01   2.4000000e+01   6.0374812e-15   7.5825000e-01   7.5825000e-01
   1.2000000e+01   2.4000000e+01   5.8768764e-15   7.3490625e-01   7.3490625e-01
   1.3000000e+01   2.4000000e+01   5.5124666e-15   7.0903125e-01   7.0903125e-01
   1.4000000e+01   2.4000000e+01   5.5184462e-15   6.8728125e-01   6.8728125e-01
   1.5000000e+01   2.4000000e+01   5.2953595e-15   6.3065625e-01   6.3065625e-01
   1.6000000e+01   2.4000000e+01   5.3773711e-15   6.8603125e-01   6.8603125e-01
   1.7000000e+01   2.4000000e+01   5.7741201e-15   7.3303125e-01   7.3303125e-01
   1.8000000e+01   2.4000000e+01   5.9948397e-15   7.5909375e-01   7.5909375e-01
   1.9000000e+01   2.4000000e+01   6.1790472e-15   7.6112500e-01   7.6112500e-01
   1.0000000e+00   2.5000000e+01   6.0586277e-15   7.2384375e-01   7.2384375e-01
   2.0000000e+00   2.5000000e+01   6.0450051e-15   7.7640625e-01   7.7640625e-01
   3.0000000e+00   2.5000000e+01   6.0016230e-15   7.6050000e-01   7.6050000e-01
   4.0000000e+00   2.5000000e+01   5.8043526e-15   7.3103125e-01   7.3103125e-01
   5.0000000e+00   2.5000000e+01   5.7648553e-15   7.2459375e-01   7.2459375e-01
   6.0000000e+00   2.5000000e+01   5.7837119e-15   7.1259375e-01   7.1259375e-01
   7.0000000e+00   2.5000000e+01   5.6808700e-15   7.0928125e-01   7.0928125e-01
   8.0000000e+00   2.5000000e+01   5.8406141e-15   7.0843750e-01   7.0843750e-01
   9.0000000e+00   2.5000000e+01   5.9920266e-15   7.1575000e-01   7.1575000e-01
   1.0000000e+01   2.5000000e+01   5.8407154e-15   7.5003125e-01   7.5003125e-01
   1.1000000e+01   2.5000000e+01   6.0228592e-15   7.6696875e-01   7.6696875e-01
   1.2000000e+01   2.5000000e+01   5.8209244e-15   7.3543750e-01   7.3543750e-01
   1.3000000e+01   2.5000000e+01   5.7913829e-15   7.1765625e-01   7.1765625e-01
   1.4000000e+01   2.5000000e+01   5.5689547e-15   6.8521875e-01   6.8521875e-01
   1.5000000e+01   2.5000000e+01   5.2931234e-15   6.4256250e-01   6.4256250e-01
   1.6000000e+01   2.5000000e+01   5.4354624e-15   6.9118750e-01   6.9118750e-01
   1.7000000e+01   2.5000000e+01   5.9221253e-15   7.3956250e-01   7.3956250e-01
   1.8000000e+01   2.5000000e+01   6.2498782e-15   7.7706250e-01   7.7706250e-01
   1.9000000e+01   2.5000000e+01   6.1172860e-15   7.7331250e-01   7.7331250e-01
   1.0000000e+00   2.6000000e+01   6.3112925e-15   7.3600000e-01   7.3600000e-01
   2.0000000e+00   2.6000000e+01   6.7420397e-15   7.9265625e-01   7.9265625e-01
   3.0000000e+00   2.6000000e+01   6.3209287e-15   7.4553125e-01   7.4553125e-01
   4.0000000e+00   2.6000000e+01   5.9064160e-15   7.5021875e-01   7.5021875e-01
   5.0000000e+00   2.6000000e+01   5.9540796e-15   7.5434375e-01   7.5434375e-01
   6.0000000e+00   2.6000000e+01   5.6683346e-15   7.4012500e-01   7.4012500e-01
   7.0000000e+00   2.6000000e+01   5.6629789e-15   7.2775000e-01   7.2775000e-01
   8.0000000e+00   2.6000000e+01   5.8650927e-15   7.2165625e-01   7.2165625e-01
   9.0000000e+00   2.6000000e+01   6.0427343e-15   7.5781250e-01   7.5781250e-01
   1.0000000e+01   2.6000000e+01   6.2423214e-15   7.5312500e-01   7.5312500e-01
   1.1000000e+01   2.6000000e+01   6.0187056e-15   7.4743750e-01   7.4743750e-01
   1.2000000e+01   2.6000000e+01   5.9983277e-15   7.6743750e-01   7.6743750e-01
   1.3000000e+01   2.6000000e+01   6.0332271e-15   7.4737500e-01   7.4737500e-01
   1.4000000e+01   2.6000000e+01   5.7308209e-15   7.3375000e-01   7.3375000e-01
   1.5000000e+01   2.6000000e+01   5.7601435e-15   6.9606250e-01   6.9606250e-01
   1.6000000e+01   2.6000000e+01   5.4763649e-15   7.0193750e-01   7.0193750e-01
   1.7000000e+01   2.6000000e+01   5.8027850e-15   7.5271875e-01   7.5271875e-01
   1.8000000e+01   2.6000000e+01   6.2747121e-15   7.9193750e-01   7.9193750e-01
   1.9000000e+01   2.6000000e+01   6.3655384e-15   7.9612500e-01   7.9612500e-01
   1.0000000e+00   2.7000000e+01   6.2257838e-15   7.8668750e-01   7.8668750e-01
   2.0000000e+00   2.7000000e+01   6.5489594e-15   8.1215625e-01   8.1215625e-01
   3.0000000e+00   2.7000000e+01   6.5961235e-15   8.0565625e-01   8.0565625e-01
   4.0000000e+00   2.7000000e+01   6.0441297e-15   7.3718750e-01   7.3718750e-01
   5.0000000e+00   2.7000000e+01   6.1737331e-15   7.8540625e-01   7.8540625e-01
   6.0000000e+00   2.7000000e+01   6.0026592e-15   7.5259375e-01   7.5259375e-01
   7.0000000e+00   2.7000000e+01   6.0655629e-15   7.5003125e-01   7.5003125e-01
   8.0000000e+00   2.7000000e+01   5.9766418e-15   7.4825000e-01   7.4825000e-01
   9.0000000e+00   2.7000000e+01   6.3301556e-15   7.7443750e-01   7.7443750e-01
   1.0000000e+01   2.7000000e+01   6.7059083e-15   8.2253125e-01   8.2253125e-01
   1.1000000e+01   2.7000000e+01   6.5347489e-15   8.1740625e-01   8.1740625e-01
   1.2000000e+01   2.7000000e+01   6.3550207e-15   7.9803125e-01   7.9803125e-01
   1.3000000e+01   2.7000000e+01   6.2484315e-15   7.8734375e-01   7.8734375e-01
   1.4000000e+01   2.7000000e+01   6.0748692e-15   7.5409375e-01   7.5409375e-01
   1.5000000e+01   2.7000000e+01   5.9288062e-15   7.4453125e-01   7.4453125e-01
   1.6000000e+01   2.7000000e+01   5.9248767e-15   7.4834375e-01   7.4834375e-01
   1.7000000e+01   2.7000000e+01   6.0773910e-15   7.6875000e-01   7.6875000e-01
   1.8000000e+01   2.7000000e+01   6.5707559e-15   8.0881250e-01   8.0881250e-01
   1.9000000e+01   2.7000000e+01   6.5546848e-15   8.2881250e-01   8.2881250e-01
   1.0000000e+00   2.8000000e+01   6.3884135e-15   8.0384375e-01   8.0384375e-01
   2.0000000e+00   2.8000000e+01   6.5377081e-15   8.3925000e-01   8.3925000e-01
   3.0000000e+00   2.8000000e+01   6.5345465e-15   8.2693750e-01   8.2693750e-01
   4.0000000e+00   2.8000000e+01   6.3930816e-15   7.6968750e-01   7.6968750e-01
   5.0000000e+00   2.8000000e+01   6.5602997e-15   8.1015625e-01   8.1015625e-01
   6.0000000e+00   2.8000000e+01   6.3785690e-15   7.8737500e-01   7.8737500e-01
   7.0000000e+00   2.8000000e+01   6.4555341e-15   7.7800000e-01   7.7800000e-01
   8.0000000e+00   2.8000000e+01   6.4643202e-15   7.7243750e-01   7.7243750e-01
   9.0000000e+00   2.8000000e+01   6.5580180e-15   7.7706250e-01   7.7706250e-01
   1.0000000e+01   2.8000000e+01   6.4535869e-15   8.0284375e-01   8.0284375e-01
   1.1000000e+01   2.8000000e+01   6.9081464e-15   8.6562500e-01   8.6562500e-01
   1.2000000e+01   2.8000000e+01   6.6604169e-15   8.3712500e-01   8.3712500e-01
   1.3000000e+01   2.8000000e+01   6.2834846e-15   7.6787500e-01   7.6787500e-01
   1.4000000e+01   2.8000000e+01   6.3086678e-15   7.5653125e-01   7.5653125e-01
   1.5000000e+01   2.8000000e+01   6.2756176e-15   7.5621875e-01   7.5621875e-01
   1.6000000e+01   2.8000000e+01   6.4990301e-15   7.5881250e-01   7.5881250e-01
   1.7000000e+01   2.8000000e+01   6.0286982e-15   7.5200000e-01   7.5200000e-01
   1.8000000e+01   2.8000000e+01   6.8079596e-15   8.4928125e-01   8.4928125e-01
   1.9000000e+01   2.8000000e+01   7.0158610e-15   8.7462500e-01   8.7462500e-01
   1.0000000e+00   2.9000000e+01   6.7772384e-15   8.4121875e-01   8.4121875e-01
   2.0000000e+00   2.9000000e+01   7.1330774e-15   8.7890625e-01   8.7890625e-01
   3.0000000e+00   2.9000000e+01   7.0815325e-15   8.8140625e-01   8.8140625e-01
   4.0000000e+00   2.9000000e+01   6.9798767e-15   8.6821875e-01   8.6821875e-01
   5.0000000e+00   2.9000000e+01   6.6895073e-15   8.5087500e-01   8.5087500e-01
   6.0000000e+00   2.9000000e+01   6.5170666e-15   8.2590625e-01   8.2590625e-01
   7.0000000e+00   2.9000000e+01   6.3498373e-15   7.7553125e-01   7.7553125e-01
   8.0000000e+00   2.9000000e+01   6.7070064e-15   8.4762500e-01   8.4762500e-01
   9.0000000e+00   2.9000000e+01   6.7861807e-15   8.6709375e-01   8.6709375e-01
   1.0000000e+01   2.9000000e+01   7.1102666e-15   9.1065625e-01   9.1065625e-01
   1.1000000e+01   2.9000000e+01   7.3716251e-15   9.1053125e-01   9.1053125e-01
   1.2000000e+01   2.9000000e+01   7.0632521e-15   8.4428125e-01   8.4428125e-01
   1.3000000e+01   2.9000000e+01   6.7127376e-15   8.4571875e-01   8.4571875e-01
   1.4000000e+01   2.9000000e+01   6.6512469e-15   8.3896875e-01   8.3896875e-01
   1.5000000e+01   2.9000000e+01   6.5026266e-15   8.2453125e-01   8.2453125e-01
   1.6000000e+01   2.9000000e+01   6.6501644e-15   8.3884375e-01   8.3884375e-01
   1.7000000e+01   2.9000000e+01   6.7999937e-15   8.6590625e-01   8.6590625e-01
   1.8000000e+01   2.9000000e+01   7.0530906e-15   8.9790625e-01   8.9790625e-01
   1.9000000e+01   2.9000000e+01   7.3043017e-15   9.1731250e-01   9.1731250e-01
   1.0000000e+00   3.0000000e+01   7.1941129e-15   8.9593750e-01   8.9593750e-01
   2.0000000e+00   3.0000000e+01   7.5079035e-15   9.3003125e-01   9.3003125e-01
   3.0000000e+00   3.0000000e+01   7.2404776e-15   9.1568750e-01   9.1568750e-01
   4.0000000e+00   3.0000000e+01   7.1713673e-15   8.9734375e-01   8.9734375e-01
   5.0000000e+00   3.0000000e+01   7.0966809e-15   8.7825000e-01   8.7825000e-01
   6.0000000e+00   3.0000000e+01   7.0013296e-15   8.5725000e-01   8.5725000e-01
   7.0000000e+00   3.0000000e+01   6.8061594e-15   8.5443750e-01   8.5443750e-01
   8.0000000e+00   3.0000000e+01   7.0527588e-15   8.7790625e-01   8.7790625e-01
   9.0000000e+00   3.0000000e+01   7.3152352e-15   9.0906250e-01   9.0906250e-01
   1.0000000e+01   3.0000000e+01   7.5629823e-15   9.5034375e-01   9.5034375e-01
   1.1000000e+01   3.0000000e+01   7.2900747e-15   9.1609375e-01   9.1609375e-01
   1.2000000e+01   3.0000000e+01   7.0872168e-15   8.5665625e-01   8.5665625e-01
   1.3000000e+01   3.0000000e+01   6.9297042e-15   8.5321875e-01   8.5321875e-01
   1.4000000e+01   3.0000000e+01   6.9570618e-15   8.2143750e-01   8.2143750e-01
   1.5000000e+01   3.0000000e+01   6.6168421e-15   8.0250000e-01   8.0250000e-01
   1.6000000e+01   3.0000000e+01   6.6224231e-15   8.0900000e-01   8.0900000e-01
   1.7000000e+01   3.0000000e+01   6.9715222e-15   8.4353125e-01   8.4353125e-01
   1.8000000e+01   3.0000000e+01   7.4040999e-15   8.9221875e-01   8.9221875e-01
   1.9000000e+01   3.0000000e+01   7.6763106e-15   9.2653125e-01   9.2653125e-01
   1.0000000e+00   3.1000000e+01   7.0508433e-15   8.5525000e-01   8.5525000e-01
   2.0000000e+00   3.1000000e+01   7.2623732e-15   9.0968750e-01   9.0968750e-01
   3.0000000e+00   3.1000000e+01   7.3612417e-15   9.4337500e-01   9.4337500e-01
   4.0000000e+00   3.1000000e+01   7.0146931e-15   8.7675000e-01   8.7675000e-01
   5.0000000e+00   3.1000000e+01   6.9803092e-15   8.3625000e-01   8.3625000e-01
   6.0000000e+00   3.1000000e+01   7.0455844e-15   8.4259375e-01   8.4259375e-01
   7.0000000e+00   3.1000000e+01   6.6877327e-15   8.1746875e-01   8.1746875e-01
   8.0000000e+00   3.1000000e+01   6.8857037e-15   8.7578125e-01   8.7578125e-01
   9.0000000e+00   3.1000000e+01   7.2838190e-15   9.2946875e-01   9.2946875e-01
   1.0000000e+01   3.1000000e+01   7.7797887e-15   9.5862500e-01   9.5862500e-01
   1.1000000e+01   3.1000000e+01   7.7500808e-15   9.6206250e-01   9.6206250e-01
   1.2000000e+01   3.1000000e+01   7.6162583e-15   9.4446875e-01   9.4446875e-01
   1.3000000e+01   3.1000000e+01   7.1897456e-15   8.9987500e-01   8.9987500e-01
   1.4000000e+01   3.1000000e+01   7.1611403e-15   8.8665625e-01   8.8665625e-01
   1.5000000e+01   3.1000000e+01   6.9279788e-15   8.6875000e-01   8.6875000e-01
   1.6000000e+01   3.1000000e+01   7.1864919e-15   8.8937500e-01   8.8937500e-01
   1.7000000e+01   3.1000000e+01   7.3227654e-15   9.0981250e-01   9.0981250e-01
   1.8000000e+01   3.1000000e+01   7.4885426e-15   9.4756250e-01   9.4756250e-01
   1.9000000e+01   3.1000000e+01   7.4938100e-15   9.4496875e-01   9.4496875e-01
   1.0000000e+00   3.2000000e+01   7.2491436e-15   9.2656250e-01   9.2656250e-01
   2.0000000e+00   3.2000000e+01   7.6070502e-15   9.5687500e-01   9.5687500e-01
   3.0000000e+00   3.2000000e+01   7.5936982e-15   9.5712500e-01   9.5712500e-01
   4.0000000e+00   3.2000000e+01   7.3166260e-15   8.8378125e-01   8.8378125e-01
   5.0000000e+00   3.2000000e+01   7.4250979e-15   9.1009375e-01   9.1009375e-01
   6.0000000e+00   3.2000000e+01   7.0240588e-15   8.8346875e-01   8.8346875e-01
   7.0000000e+00   3.2000000e+01   7.0048075e-15   8.8203125e-01   8.8203125e-01
   8.0000000e+00   3.2000000e+01   7.0066426e-15   8.9209375e-01   8.9209375e-01
   9.0000000e+00   3.2000000e+01   7.2877144e-15   9.3346875e-01   9.3346875e-01
   1.0000000e+01   3.2000000e+01   7.4667045e-15   9.3112500e-01   9.3112500e-01
   1.1000000e+01   3.2000000e+01   7.7779367e-15   9.4200000e-01   9.4200000e-01
   1.2000000e+01   3.2000000e+01   7.5210622e-15   9.3090625e-01   9.3090625e-01
   1.3000000e+01   3.2000000e+01   7.1376456e-15   8.9975000e-01   8.9975000e-01
   1.4000000e+01   3.2000000e+01   6.9792960e-15   8.7703125e-01   8.7703125e-01
   1.5000000e+01   3.2000000e+01   6.9863340e-15   8.7756250e-01   8.7756250e-01
   1.6000000e+01   3.2000000e+01   6.9586888e-15   8.8793750e-01   8.8793750e-01
   1.7000000e+01   3.2000000e+01   7.2277187e-15   9.1112500e-01   9.1112500e-01
   1.8000000e+01   3.2000000e+01   7.4385063e-15   9.4212500e-01   9.4212500e-01
   1.9000000e+01   3.2000000e+01   7.6815497e-15   9.5921875e-01   9.5921875e-01
   1.0000000e+00   3.3000000e+01   7.5593797e-15   9.0590625e-01   9.0590625e-01
   2.0000000e+00   3.3000000e+01   7.6058304e-15   9.5271875e-01   9.5271875e-01
   3.0000000e+00   3.3000000e+01   7.4756380e-15   9.3184375e-01   9.3184375e-01
   4.0000000e+00   3.3000000e+01   7.1392543e-15   9.2146875e-01   9.2146875e-01
   5.0000000e+00   3.3000000e+01   7.0837319e-15   9.0034375e-01   9.0034375e-01
   6.0000000e+00   3.3000000e+01   6.8046694e-15   8.7468750e-01   8.7468750e-01
   7.0000000e+00   3.3000000e+01   6.8120167e-15   8.6681250e-01   8.6681250e-01
   8.0000000e+00   3.3000000e+01   6.7599985e-15   8.2253125e-01   8.2253125e-01
   9.0000000e+00   3.3000000e+01   7.3698000e-15   8.8631250e-01   8.8631250e-01
   1.0000000e+01   3.3000000e+01   7.6558951e-15   9.3834375e-01   9.3834375e-01
   1.1000000e+01   3.3000000e+01   7.5666005e-15   9.4234375e-01   9.4234375e-01
   1.2000000e+01   3.3000000e+01   7.3170344e-15   9.1096875e-01   9.1096875e-01
   1.3000000e+01   3.3000000e+01   7.0763490e-15   8.8525000e-01   8.8525000e-01
   1.4000000e+01   3.3000000e+01   6.9690361e-15   8.4387500e-01   8.4387500e-01
   1.5000000e+01   3.3000000e+01   6.7775329e-15   8.4631250e-01   8.4631250e-01
   1.6000000e+01   3.3000000e+01   6.9761997e-15   8.6278125e-01   8.6278125e-01
   1.7000000e+01   3.3000000e+01   7.1702408e-15   8.8950000e-01   8.8950000e-01
   1.8000000e+01   3.3000000e+01   7.0948486e-15   9.1146875e-01   9.1146875e-01
   1.9000000e+01   3.3000000e+01   7.1984214e-15   9.0621875e-01   9.0621875e-01
   1.0000000e+00   3.4000000e+01   7.1726169e-15   8.9046875e-01   8.9046875e-01
   2.0000000e+00   3.4000000e+01   7.3955926e-15   9.2234375e-01   9.2234375e-01
   3.0000000e+00   3.4000000e+01   7.1653501e-15   9.0793750e-01   9.0793750e-01
   4.0000000e+00   3.4000000e+01   7.1525562e-15   8.8215625e-01   8.8215625e-01
   5.0000000e+00   3.4000000e+01   7.0195275e-15   8.5587500e-01   8.5587500e-01
   6.0000000e+00   3.4000000e+01   6.7687194e-15   8.3653125e-01   8.3653125e-01
   7.0000000e+00   3.4000000e+01   6.5236463e-15   8.2084375e-01   8.2084375e-01
   8.0000000e+00   3.4000000e+01   6.7990954e-15   8.4887500e-01   8.4887500e-01
   9.0000000e+00   3.4000000e+01   6.6960896e-15   8.1028125e-01   8.1028125e-01
   1.0000000e+01   3.4000000e+01   7.3001475e-15   8.8703125e-01   8.8703125e-01
   1.1000000e+01   3.4000000e+01   7.3765196e-15   9.0718750e-01   9.0718750e-01
   1.2000000e+01   3.4000000e+01   7.0359317e-15   8.7156250e-01   8.7156250e-01
   1.3000000e+01   3.4000000e+01   6.7221745e-15   8.3440625e-01   8.3440625e-01
   1.4000000e+01   3.4000000e+01   6.4224978e-15   8.1184375e-01   8.1184375e-01
   1.5000000e+01   3.4000000e+01   6.3818728e-15   8.0078125e-01   8.0078125e-01
   1.6000000e+01   3.4000000e+01   6.4223604e-15   7.9434375e-01   7.9434375e-01
   1.7000000e+01   3.4000000e+01   6.8040478e-15   8.1887500e-01   8.1887500e-01
   1.8000000e+01   3.4000000e+01   7.0771418e-15   8.6556250e-01   8.6556250e-01
   1.9000000e+01   3.4000000e+01   6.6366866e-15   9.0075000e-01   9.0075000e-01
   1.0000000e+00   3.5000000e+01   6.7569243e-15   8.1043750e-01   8.1043750e-01
   2.0000000e+00   3.5000000e+01   7.0595429e-15   8.7937500e-01   8.7937500e-01
   3.0000000e+00   3.5000000e+01   6.8988831e-15   8.6137500e-01   8.6137500e-01
   4.0000000e+00   3.5000000e+01   6.6130828e-15   8.2909375e-01   8.2909375e-01
   5.0000000e+00   3.5000000e+01   6.2791899e-15   7.9025000e-01   7.9025000e-01
   6.0000000e+00   3.5000000e+01   6.3378074e-15   7.7631250e-01   7.7631250e-01
   7.0000000e+00   3.5000000e+01   6.1987622e-15   7.7778125e-01   7.7778125e-01
   8.0000000e+00   3.5000000e+01   6.3039772e-15   7.8268750e-01   7.8268750e-01
   9.0000000e+00   3.5000000e+01   6.1635265e-15   7.8012500e-01   7.8012500e-01
   1.0000000e+01   3.5000000e+01   6.9266940e-15   8.3637500e-01   8.3637500e-01
   1.1000000e+01   3.5000000e+01   6.8206022e-15   8.4909375e-01   8.4909375e-01
   1.2000000e+01   3.5000000e+01   6.3663446e-15   8.1650000e-01   8.1650000e-01
   1.3000000e+01   3.5000000e+01   6.1620513e-15   7.7656250e-01   7.7656250e-01
   1.4000000e+01   3.5000000e+01   5.9962127e-15   7.3681250e-01   7.3681250e-01
   1.5000000e+01   3.5000000e+01   6.2117889e-15   7.4293750e-01   7.4293750e-01
   1.6000000e+01   3.5000000e+01   6.2809835e-15   7.3521875e-01   7.3521875e-01
   1.7000000e+01   3.5000000e+01   5.7484060e-15   7.1312500e-01   7.1312500e-01
   1.8000000e+01   3.5000000e+01   6.5113474e-15   8.0471875e-01   8.0471875e-01
   1.9000000e+01   3.5000000e+01   6.5253915e-15   8.3693750e-01   8.3693750e-01
