   1.0000000e+00   1.0000000e+00   5.1942624e-15   6.8587500e-01   6.8587500e-01
   2.0000000e+00   1.0000000e+00   5.0599633e-15   6.6146875e-01   6.6146875e-01
   3.0000000e+00   1.0000000e+00   4.9635101e-15   6.7268750e-01   6.7268750e-01
   4.0000000e+00   1.0000000e+00   5.0706935e-15   6.7415625e-01   6.7415625e-01
   5.0000000e+00   1.0000000e+00   5.2056330e-15   6.6818750e-01   6.6818750e-01
   6.0000000e+00   1.0000000e+00   5.3433685e-15   7.3396875e-01   7.3396875e-01
   7.0000000e+00   1.0000000e+00   5.7561408e-15   7.6231250e-01   7.6231250e-01
   8.0000000e+00   1.0000000e+00   5.9917865e-15   7.9081250e-01   7.9081250e-01
   9.0000000e+00   1.0000000e+00   6.2516516e-15   7.9121875e-01   7.9121875e-01
   1.0000000e+01   1.0000000e+00   5.8299558e-15   7.7406250e-01   7.7406250e-01
   1.1000000e+01   1.0000000e+00   5.7791742e-15   7.7406250e-01   7.7406250e-01
   1.2000000e+01   1.0000000e+00   5.6998643e-15   7.6256250e-01   7.6256250e-01
   1.3000000e+01   1.0000000e+00   5.6821478e-15   7.4453125e-01   7.4453125e-01
   1.4000000e+01   1.0000000e+00   5.7188073e-15   7.2853125e-01   7.2853125e-01
   1.5000000e+01   1.0000000e+00   5.5712475e-15   7.2815625e-01   7.2815625e-01
   1.6000000e+01   1.0000000e+00   5.4296337e-15   7.3334375e-01   7.3334375e-01
   1.7000000e+01   1.0000000e+00   5.3525896e-15   7.1003125e-01   7.1003125e-01
   1.8000000e+01   1.0000000e+00   5.3001646e-15   6.9462500e-01   6.9462500e-01
   1.9000000e+01   1.0000000e+00   5.4022946e-15   6.9118750e-01   6.9118750e-01
   2.0000000e+01   1.0000000e+00   5.0530085e-15   6.5753125e-01   6.5753125e-01
   2.1000000e+01   1.0000000e+00   5.2483422e-15   6.9512500e-01   6.9512500e-01
   2.2000000e+01   1.0000000e+00   1.7192367e-14   5.2112500e-01   5.2112500e-01
   2.3000000e+01   1.0000000e+00   1.4505229e-16   4.5000000e-03   4.5000000e-03
   2.4000000e+01   1.0000000e+00   1.5862320e-16   4.2812500e-03   4.2812500e-03
   2.5000000e+01   1.0000000e+00   3.3544054e-16   7.9062500e-03   7.9062500e-03
   2.6000000e+01   1.0000000e+00   1.9272440e-16   5.6250000e-03   5.6250000e-03
   2.7000000e+01   1.0000000e+00   2.3198754e-16   5.5937500e-03   5.5937500e-03
   2.8000000e+01   1.0000000e+00   1.2842027e-16   3.9375000e-03   3.9375000e-03
   2.9000000e+01   1.0000000e+00   2.7999585e-16   6.2500000e-03   6.2500000e-03
   3.0000000e+01   1.0000000e+00   2.9679383e-16   6.6250000e-03   6.6250000e-03
   3.1000000e+01   1.0000000e+00   2.1050121e-16   5.3125000e-03   5.3125000e-03
   3.2000000e+01   1.0000000e+00   1.5226844e-16   5.1250000e-03   5.1250000e-03
   3.3000000e+01   1.0000000e+00   2.9502661e-16   6.3437500e-03   6.3437500e-03
   3.4000000e+01   1.0000000e+00   1.3361846e-16   3.7812500e-03   3.7812500e-03
   3.5000000e+01   1.0000000e+00   1.9545138e-16   5.7187500e-03   5.7187500e-03
   1.0000000e+00   2.0000000e+00   2.1759610e-16   5.1562500e-03   5.1562500e-03
   2.0000000e+00   2.0000000e+00   1.0322325e-16   4.0625000e-03   4.0625000e-03
   3.0000000e+00   2.0000000e+00   2.8187683e-16   6.7812500e-03   6.7812500e-03
   4.0000000e+00   2.0000000e+00   2.8023191e-16   6.4062500e-03   6.4062500e-03
   5.0000000e+00   2.0000000e+00   2.0060327e-16   5.3750000e-03   5.3750000e-03
   6.0000000e+00   2.0000000e+00   7.5301675e-17   3.3437500e-03   3.3437500e-03
   7.0000000e+00   2.0000000e+00   2.9032290e-16   5.8437500e-03   5.8437500e-03
   8.0000000e+00   2.0000000e+00   1.6156243e-16   5.3437500e-03   5.3437500e-03
   9.0000000e+00   2.0000000e+00   2.3343113e-16   5.9062500e-03   5.9062500e-03
   1.0000000e+01   2.0000000e+00   3.0497046e-16   6.5000000e-03   6.5000000e-03
   1.1000000e+01   2.0000000e+00   9.0473545e-17   3.4375000e-03   3.4375000e-03
   1.2000000e+01   2.0000000e+00   2.7767023e-16   5.8437500e-03   5.8437500e-03
   1.3000000e+01   2.0000000e+00   1.7104899e-16   4.8750000e-03   4.8750000e-03
   1.4000000e+01   2.0000000e+00   2.0199413e-16   6.2812500e-03   6.2812500e-03
   1.5000000e+01   2.0000000e+00   1.2341089e-16   4.7812500e-03   4.7812500e-03
   1.6000000e+01   2.0000000e+00   3.1297205e-16   5.9687500e-03   5.9687500e-03
   1.7000000e+01   2.0000000e+00   2.8880145e-16   7.5625000e-03   7.5625000e-03
   1.8000000e+01   2.0000000e+00   2.3097808e-16   7.3750000e-03   7.3750000e-03
   1.9000000e+01   2.0000000e+00   7.8782038e-17   3.0000000e-03   3.0000000e-03
   2.0000000e+01   2.0000000e+00   1.9240867e-16   5.0625000e-03   5.0625000e-03
   2.1000000e+01   2.0000000e+00   2.8243175e-16   6.1250000e-03   6.1250000e-03
   2.2000000e+01   2.0000000e+00   1.9523897e-16   6.0000000e-03   6.0000000e-03
   2.3000000e+01   2.0000000e+00   1.4572950e-16   4.0625000e-03   4.0625000e-03
   2.4000000e+01   2.0000000e+00   3.2672460e-16   6.7812500e-03   6.7812500e-03
   2.5000000e+01   2.0000000e+00   2.3181507e-16   6.0000000e-03   6.0000000e-03
   2.6000000e+01   2.0000000e+00   8.5151758e-17   3.5312500e-03   3.5312500e-03
   2.7000000e+01   2.0000000e+00   2.4879350e-16   6.4062500e-03   6.4062500e-03
   2.8000000e+01   2.0000000e+00   2.1188860e-16   6.3125000e-03   6.3125000e-03
   2.9000000e+01   2.0000000e+00   1.2260143e-16   3.7500000e-03   3.7500000e-03
   3.0000000e+01   2.0000000e+00   2.7675706e-16   6.8750000e-03   6.8750000e-03
   3.1000000e+01   2.0000000e+00   1.7205811e-16   6.1562500e-03   6.1562500e-03
   3.2000000e+01   2.0000000e+00   7.6595157e-17   4.1562500e-03   4.1562500e-03
   3.3000000e+01   2.0000000e+00   2.1745227e-16   5.8750000e-03   5.8750000e-03
   3.4000000e+01   2.0000000e+00   2.8727178e-16   6.1250000e-03   6.1250000e-03
   3.5000000e+01   2.0000000e+00   1.5783591e-16   5.3750000e-03   5.3750000e-03
   1.0000000e+00   3.0000000e+00   1.1799248e-16   4.1250000e-03   4.1250000e-03
   2.0000000e+00   3.0000000e+00   2.4414036e-16   6.0312500e-03   6.0312500e-03
   3.0000000e+00   3.0000000e+00   3.1243648e-16   7.0625000e-03   7.0625000e-03
   4.0000000e+00   3.0000000e+00   2.4960459e-16   6.7500000e-03   6.7500000e-03
   5.0000000e+00   3.0000000e+00   1.5373454e-16   5.2500000e-03   5.2500000e-03
   6.0000000e+00   3.0000000e+00   1.3485400e-16   4.8125000e-03   4.8125000e-03
   7.0000000e+00   3.0000000e+00   1.9765980e-16   5.6250000e-03   5.6250000e-03
   8.0000000e+00   3.0000000e+00   3.0895561e-16   6.2500000e-03   6.2500000e-03
   9.0000000e+00   3.0000000e+00   1.5238781e-16   4.3750000e-03   4.3750000e-03
   1.0000000e+01   3.0000000e+00   1.2684017e-16   4.0937500e-03   4.0937500e-03
   1.1000000e+01   3.0000000e+00   2.6824610e-16   6.7187500e-03   6.7187500e-03
   1.2000000e+01   3.0000000e+00   2.0351254e-16   5.0000000e-03   5.0000000e-03
   1.3000000e+01   3.0000000e+00   2.2174769e-16   5.6250000e-03   5.6250000e-03
   1.4000000e+01   3.0000000e+00   1.1332018e-16   3.8437500e-03   3.8437500e-03
   1.5000000e+01   3.0000000e+00   3.1949946e-16   6.4062500e-03   6.4062500e-03
   1.6000000e+01   3.0000000e+00   2.2406766e-16   6.4687500e-03   6.4687500e-03
   1.7000000e+01   3.0000000e+00   1.6074403e-16   5.2812500e-03   5.2812500e-03
   1.8000000e+01   3.0000000e+00   1.3815598e-16   4.1875000e-03   4.1875000e-03
   1.9000000e+01   3.0000000e+00   1.4778884e-16   4.6250000e-03   4.6250000e-03
   2.0000000e+01   3.0000000e+00   2.4627996e-16   6.8125000e-03   6.8125000e-03
   2.1000000e+01   3.0000000e+00   2.9206469e-16   6.5000000e-03   6.5000000e-03
   2.2000000e+01   3.0000000e+00   1.9594488e-16   4.9687500e-03   4.9687500e-03
   2.3000000e+01   3.0000000e+00   1.9902702e-16   4.8125000e-03   4.8125000e-03
   2.4000000e+01   3.0000000e+00   1.0569398e-16   4.3437500e-03   4.3437500e-03
   2.5000000e+01   3.0000000e+00   2.5009044e-16   5.3125000e-03   5.3125000e-03
   2.6000000e+01   3.0000000e+00   2.9318965e-16   6.3125000e-03   6.3125000e-03
   2.7000000e+01   3.0000000e+00   2.7557577e-16   8.8437500e-03   8.8437500e-03
   2.8000000e+01   3.0000000e+00   1.1401067e-16   4.0625000e-03   4.0625000e-03
   2.9000000e+01   3.0000000e+00   1.7987375e-16   5.0000000e-03   5.0000000e-03
   3.0000000e+01   3.0000000e+00   3.3325880e-16   6.9062500e-03   6.9062500e-03
   3.1000000e+01   3.0000000e+00   2.4247752e-16   6.7500000e-03   6.7500000e-03
   3.2000000e+01   3.0000000e+00   2.6648507e-16   5.5625000e-03   5.5625000e-03
   3.3000000e+01   3.0000000e+00   1.8202682e-16   5.4687500e-03   5.4687500e-03
   3.4000000e+01   3.0000000e+00   2.4316262e-16   6.3125000e-03   6.3125000e-03
   3.5000000e+01   3.0000000e+00   6.8418715e-17   3.0937500e-03   3.0937500e-03
   1.0000000e+00   4.0000000e+00   3.4428110e-16   7.4375000e-03   7.4375000e-03
   2.0000000e+00   4.0000000e+00   2.1420386e-16   5.3750000e-03   5.3750000e-03
   3.0000000e+00   4.0000000e+00   1.6008010e-16   5.0000000e-03   5.0000000e-03
   4.0000000e+00   4.0000000e+00   2.0982805e-16   5.5937500e-03   5.5937500e-03
   5.0000000e+00   4.0000000e+00   2.5214801e-16   6.0937500e-03   6.0937500e-03
   6.0000000e+00   4.0000000e+00   1.2936437e-16   4.9687500e-03   4.9687500e-03
   7.0000000e+00   4.0000000e+00   2.4682172e-16   5.6875000e-03   5.6875000e-03
   8.0000000e+00   4.0000000e+00   2.6932158e-16   6.7187500e-03   6.7187500e-03
   9.0000000e+00   4.0000000e+00   3.6051411e-16   7.4687500e-03   7.4687500e-03
   1.0000000e+01   4.0000000e+00   2.8821593e-16   6.8750000e-03   6.8750000e-03
   1.1000000e+01   4.0000000e+00   2.6996220e-16   6.7500000e-03   6.7500000e-03
   1.2000000e+01   4.0000000e+00   3.1214768e-16   6.8125000e-03   6.8125000e-03
   1.3000000e+01   4.0000000e+00   3.1794885e-16   5.5312500e-03   5.5312500e-03
   1.4000000e+01   4.0000000e+00   3.0748428e-16   6.7500000e-03   6.7500000e-03
   1.5000000e+01   4.0000000e+00   2.5985427e-16   6.1875000e-03   6.1875000e-03
   1.6000000e+01   4.0000000e+00   2.0120832e-16   4.8125000e-03   4.8125000e-03
   1.7000000e+01   4.0000000e+00   1.4981062e-16   5.1875000e-03   5.1875000e-03
   1.8000000e+01   4.0000000e+00   1.7012864e-16   5.4687500e-03   5.4687500e-03
   1.9000000e+01   4.0000000e+00   1.8989771e-16   5.8750000e-03   5.8750000e-03
   2.0000000e+01   4.0000000e+00   1.4134037e-16   4.5000000e-03   4.5000000e-03
   2.1000000e+01   4.0000000e+00   2.5659728e-16   6.5625000e-03   6.5625000e-03
   2.2000000e+01   4.0000000e+00   2.8812268e-16   6.0000000e-03   6.0000000e-03
   2.3000000e+01   4.0000000e+00   2.7112516e-16   6.9375000e-03   6.9375000e-03
   2.4000000e+01   4.0000000e+00   2.8424567e-16   6.2187500e-03   6.2187500e-03
   2.5000000e+01   4.0000000e+00   1.0269146e-16   5.0312500e-03   5.0312500e-03
   2.6000000e+01   4.0000000e+00   1.1002263e-16   3.7187500e-03   3.7187500e-03
   2.7000000e+01   4.0000000e+00   1.0950885e-16   3.8125000e-03   3.8125000e-03
   2.8000000e+01   4.0000000e+00   1.6759280e-16   5.8125000e-03   5.8125000e-03
   2.9000000e+01   4.0000000e+00   1.8129209e-16   5.7812500e-03   5.7812500e-03
   3.0000000e+01   4.0000000e+00   2.6783507e-16   6.0937500e-03   6.0937500e-03
   3.1000000e+01   4.0000000e+00   2.5996390e-16   6.0000000e-03   6.0000000e-03
   3.2000000e+01   4.0000000e+00   3.1052643e-16   6.7812500e-03   6.7812500e-03
   3.3000000e+01   4.0000000e+00   3.5010849e-16   7.8750000e-03   7.8750000e-03
   3.4000000e+01   4.0000000e+00   2.9926048e-16   6.0000000e-03   6.0000000e-03
   3.5000000e+01   4.0000000e+00   2.6772682e-16   6.4687500e-03   6.4687500e-03
   1.0000000e+00   5.0000000e+00   2.1069142e-16   5.8437500e-03   5.8437500e-03
   2.0000000e+00   5.0000000e+00   1.8412456e-16   4.9375000e-03   4.9375000e-03
   3.0000000e+00   5.0000000e+00   1.0131540e-16   3.9062500e-03   3.9062500e-03
   4.0000000e+00   5.0000000e+00   1.3341713e-16   4.2187500e-03   4.2187500e-03
   5.0000000e+00   5.0000000e+00   2.8798854e-16   6.0625000e-03   6.0625000e-03
   6.0000000e+00   5.0000000e+00   2.1497370e-16   6.8437500e-03   6.8437500e-03
   7.0000000e+00   5.0000000e+00   2.5536143e-16   5.5937500e-03   5.5937500e-03
   8.0000000e+00   5.0000000e+00   1.7599462e-16   7.1875000e-03   7.1875000e-03
   9.0000000e+00   5.0000000e+00   1.1101317e-16   4.0937500e-03   4.0937500e-03
   1.0000000e+01   5.0000000e+00   1.1696915e-16   4.3437500e-03   4.3437500e-03
   1.1000000e+01   5.0000000e+00   2.5434153e-16   5.9062500e-03   5.9062500e-03
   1.2000000e+01   5.0000000e+00   2.4370834e-16   6.1875000e-03   6.1875000e-03
   1.3000000e+01   5.0000000e+00   2.8945452e-16   6.0312500e-03   6.0312500e-03
   1.4000000e+01   5.0000000e+00   1.4799415e-16   3.8750000e-03   3.8750000e-03
   1.5000000e+01   5.0000000e+00   1.9239413e-16   5.3125000e-03   5.3125000e-03
   1.6000000e+01   5.0000000e+00   1.4876103e-16   5.5000000e-03   5.5000000e-03
   1.7000000e+01   5.0000000e+00   2.5637744e-16   7.4687500e-03   7.4687500e-03
   1.8000000e+01   5.0000000e+00   2.6641471e-16   5.5312500e-03   5.5312500e-03
   1.9000000e+01   5.0000000e+00   2.4445735e-16   5.6250000e-03   5.6250000e-03
   2.0000000e+01   5.0000000e+00   2.3111297e-16   5.6562500e-03   5.6562500e-03
   2.1000000e+01   5.0000000e+00   2.7745810e-16   6.0000000e-03   6.0000000e-03
   2.2000000e+01   5.0000000e+00   2.1153216e-16   5.2500000e-03   5.2500000e-03
   2.3000000e+01   5.0000000e+00   2.8169810e-16   6.7500000e-03   6.7500000e-03
   2.4000000e+01   5.0000000e+00   1.0086874e-16   4.0937500e-03   4.0937500e-03
   2.5000000e+01   5.0000000e+00   1.4244899e-16   4.4375000e-03   4.4375000e-03
   2.6000000e+01   5.0000000e+00   1.2916560e-16   4.0000000e-03   4.0000000e-03
   2.7000000e+01   5.0000000e+00   1.1954035e-16   5.0625000e-03   5.0625000e-03
   2.8000000e+01   5.0000000e+00   1.4432494e-16   5.0312500e-03   5.0312500e-03
   2.9000000e+01   5.0000000e+00   2.4654675e-16   7.3750000e-03   7.3750000e-03
   3.0000000e+01   5.0000000e+00   1.1837189e-16   4.6875000e-03   4.6875000e-03
   3.1000000e+01   5.0000000e+00   2.7103273e-16   6.3437500e-03   6.3437500e-03
   3.2000000e+01   5.0000000e+00   3.0160306e-16   6.3125000e-03   6.3125000e-03
   3.3000000e+01   5.0000000e+00   2.6335635e-16   7.0312500e-03   7.0312500e-03
   3.4000000e+01   5.0000000e+00   1.3169458e-16   4.3125000e-03   4.3125000e-03
   3.5000000e+01   5.0000000e+00   1.3101190e-16   4.3125000e-03   4.3125000e-03
   1.0000000e+00   6.0000000e+00   3.0643219e-16   6.0937500e-03   6.0937500e-03
   2.0000000e+00   6.0000000e+00   1.5161172e-16   5.9062500e-03   5.9062500e-03
   3.0000000e+00   6.0000000e+00   1.2003748e-16   4.3750000e-03   4.3750000e-03
   4.0000000e+00   6.0000000e+00   1.3783099e-16   5.1250000e-03   5.1250000e-03
   5.0000000e+00   6.0000000e+00   2.3666549e-16   7.6250000e-03   7.6250000e-03
   6.0000000e+00   6.0000000e+00   2.9882496e-16   7.3125000e-03   7.3125000e-03
   7.0000000e+00   6.0000000e+00   3.1747441e-16   6.1250000e-03   6.1250000e-03
   8.0000000e+00   6.0000000e+00   2.0743351e-16   5.4062500e-03   5.4062500e-03
   9.0000000e+00   6.0000000e+00   1.3035680e-16   4.7812500e-03   4.7812500e-03
   1.0000000e+01   6.0000000e+00   1.3523473e-16   5.7187500e-03   5.7187500e-03
   1.1000000e+01   6.0000000e+00   1.2438159e-16   4.4375000e-03   4.4375000e-03
   1.2000000e+01   6.0000000e+00   2.9914648e-16   4.9375000e-03   4.9375000e-03
   1.3000000e+01   6.0000000e+00   2.4354901e-16   5.9062500e-03   5.9062500e-03
   1.4000000e+01   6.0000000e+00   1.5118972e-16   4.4375000e-03   4.4375000e-03
   1.5000000e+01   6.0000000e+00   2.1805315e-16   6.0625000e-03   6.0625000e-03
   1.6000000e+01   6.0000000e+00   2.7108079e-16   6.3125000e-03   6.3125000e-03
   1.7000000e+01   6.0000000e+00   2.9571027e-16   6.1875000e-03   6.1875000e-03
   1.8000000e+01   6.0000000e+00   1.6109797e-16   3.9687500e-03   3.9687500e-03
   1.9000000e+01   6.0000000e+00   1.2882344e-16   4.4687500e-03   4.4687500e-03
   2.0000000e+01   6.0000000e+00   2.0071077e-16   5.8750000e-03   5.8750000e-03
   2.1000000e+01   6.0000000e+00   2.3233968e-16   6.3437500e-03   6.3437500e-03
   2.2000000e+01   6.0000000e+00   3.1191887e-16   6.4687500e-03   6.4687500e-03
   2.3000000e+01   6.0000000e+00   3.2676658e-16   7.1562500e-03   7.1562500e-03
   2.4000000e+01   6.0000000e+00   1.3943891e-16   4.4375000e-03   4.4375000e-03
   2.5000000e+01   6.0000000e+00   1.9924745e-16   5.0625000e-03   5.0625000e-03
   2.6000000e+01   6.0000000e+00   2.3503429e-16   5.9375000e-03   5.9375000e-03
   2.7000000e+01   6.0000000e+00   3.5016770e-16   7.9062500e-03   7.9062500e-03
   2.8000000e+01   6.0000000e+00   2.5885443e-16   6.5000000e-03   6.5000000e-03
   2.9000000e+01   6.0000000e+00   9.6107570e-17   4.7187500e-03   4.7187500e-03
   3.0000000e+01   6.0000000e+00   2.4739557e-16   5.6250000e-03   5.6250000e-03
   3.1000000e+01   6.0000000e+00   2.6869727e-16   5.8750000e-03   5.8750000e-03
   3.2000000e+01   6.0000000e+00   2.9368662e-16   6.3750000e-03   6.3750000e-03
   3.3000000e+01   6.0000000e+00   2.4553328e-16   6.5312500e-03   6.5312500e-03
   3.4000000e+01   6.0000000e+00   3.3592011e-16   7.1562500e-03   7.1562500e-03
   3.5000000e+01   6.0000000e+00   1.7828566e-16   4.7500000e-03   4.7500000e-03
   1.0000000e+00   7.0000000e+00   1.3746039e-16   4.5000000e-03   4.5000000e-03
   2.0000000e+00   7.0000000e+00   2.0914575e-16   5.2500000e-03   5.2500000e-03
   3.0000000e+00   7.0000000e+00   1.9738908e-16   5.5937500e-03   5.5937500e-03
   4.0000000e+00   7.0000000e+00   2.7173317e-16   6.9687500e-03   6.9687500e-03
   5.0000000e+00   7.0000000e+00   2.2853552e-16   6.4062500e-03   6.4062500e-03
   6.0000000e+00   7.0000000e+00   6.9702463e-17   2.9062500e-03   2.9062500e-03
   7.0000000e+00   7.0000000e+00   1.1150943e-16   4.2812500e-03   4.2812500e-03
   8.0000000e+00   7.0000000e+00   2.3894884e-16   5.5000000e-03   5.5000000e-03
   9.0000000e+00   7.0000000e+00   1.7983713e-16   5.5312500e-03   5.5312500e-03
   1.0000000e+01   7.0000000e+00   3.3222812e-16   6.7500000e-03   6.7500000e-03
   1.1000000e+01   7.0000000e+00   3.0923965e-16   6.2187500e-03   6.2187500e-03
   1.2000000e+01   7.0000000e+00   2.6791318e-16   6.0937500e-03   6.0937500e-03
   1.3000000e+01   7.0000000e+00   1.2431912e-16   4.0000000e-03   4.0000000e-03
   1.4000000e+01   7.0000000e+00   1.1891350e-16   4.1562500e-03   4.1562500e-03
   1.5000000e+01   7.0000000e+00   1.4863756e-16   4.5937500e-03   4.5937500e-03
   1.6000000e+01   7.0000000e+00   2.2862379e-16   4.9687500e-03   4.9687500e-03
   1.7000000e+01   7.0000000e+00   1.6768016e-16   5.0000000e-03   5.0000000e-03
   1.8000000e+01   7.0000000e+00   1.1176820e-16   4.0937500e-03   4.0937500e-03
   1.9000000e+01   7.0000000e+00   7.9554796e-17   3.1250000e-03   3.1250000e-03
   2.0000000e+01   7.0000000e+00   2.1647449e-16   5.0937500e-03   5.0937500e-03
   2.1000000e+01   7.0000000e+00   2.0275959e-16   6.5937500e-03   6.5937500e-03
   2.2000000e+01   7.0000000e+00   2.8717997e-16   6.7187500e-03   6.7187500e-03
   2.3000000e+01   7.0000000e+00   2.3095564e-16   5.0625000e-03   5.0625000e-03
   2.4000000e+01   7.0000000e+00   2.6677561e-16   7.9062500e-03   7.9062500e-03
   2.5000000e+01   7.0000000e+00   2.0116712e-16   5.2812500e-03   5.2812500e-03
   2.6000000e+01   7.0000000e+00   1.5471636e-16   4.1875000e-03   4.1875000e-03
   2.7000000e+01   7.0000000e+00   2.5198433e-16   5.8750000e-03   5.8750000e-03
   2.8000000e+01   7.0000000e+00   9.1478149e-17   3.3125000e-03   3.3125000e-03
   2.9000000e+01   7.0000000e+00   1.1539365e-16   4.1250000e-03   4.1250000e-03
   3.0000000e+01   7.0000000e+00   2.5913858e-16   6.4375000e-03   6.4375000e-03
   3.1000000e+01   7.0000000e+00   3.5723807e-16   6.5000000e-03   6.5000000e-03
   3.2000000e+01   7.0000000e+00   2.1299208e-16   5.6250000e-03   5.6250000e-03
   3.3000000e+01   7.0000000e+00   2.2157017e-16   5.8437500e-03   5.8437500e-03
   3.4000000e+01   7.0000000e+00   1.2410054e-16   4.5312500e-03   4.5312500e-03
   3.5000000e+01   7.0000000e+00   8.0270834e-17   3.4375000e-03   3.4375000e-03
   1.0000000e+00   8.0000000e+00   2.5956497e-16   5.3125000e-03   5.3125000e-03
   2.0000000e+00   8.0000000e+00   2.7916754e-16   7.5625000e-03   7.5625000e-03
   3.0000000e+00   8.0000000e+00   3.4907812e-16   7.1250000e-03   7.1250000e-03
   4.0000000e+00   8.0000000e+00   2.6272114e-16   5.5625000e-03   5.5625000e-03
   5.0000000e+00   8.0000000e+00   3.0488488e-16   6.1875000e-03   6.1875000e-03
   6.0000000e+00   8.0000000e+00   1.7237921e-16   5.8750000e-03   5.8750000e-03
   7.0000000e+00   8.0000000e+00   2.6170501e-16   6.8750000e-03   6.8750000e-03
   8.0000000e+00   8.0000000e+00   1.2040350e-16   3.7187500e-03   3.7187500e-03
   9.0000000e+00   8.0000000e+00   1.2507884e-16   4.7187500e-03   4.7187500e-03
   1.0000000e+01   8.0000000e+00   2.2865046e-16   5.2500000e-03   5.2500000e-03
   1.1000000e+01   8.0000000e+00   2.6191292e-16   7.2500000e-03   7.2500000e-03
   1.2000000e+01   8.0000000e+00   3.2192722e-16   6.2187500e-03   6.2187500e-03
   1.3000000e+01   8.0000000e+00   3.5291137e-16   6.7187500e-03   6.7187500e-03
   1.4000000e+01   8.0000000e+00   2.1226354e-16   5.1875000e-03   5.1875000e-03
   1.5000000e+01   8.0000000e+00   1.8571442e-16   5.7812500e-03   5.7812500e-03
   1.6000000e+01   8.0000000e+00   2.0546787e-16   6.5000000e-03   6.5000000e-03
   1.7000000e+01   8.0000000e+00   2.5381834e-16   5.5937500e-03   5.5937500e-03
   1.8000000e+01   8.0000000e+00   1.9628440e-16   6.7500000e-03   6.7500000e-03
   1.9000000e+01   8.0000000e+00   2.0115765e-16   7.0000000e-03   7.0000000e-03
   2.0000000e+01   8.0000000e+00   2.5078234e-16   5.4375000e-03   5.4375000e-03
   2.1000000e+01   8.0000000e+00   2.6171534e-16   5.6250000e-03   5.6250000e-03
   2.2000000e+01   8.0000000e+00   2.2056085e-16   7.0312500e-03   7.0312500e-03
   2.3000000e+01   8.0000000e+00   1.9372050e-16   5.3437500e-03   5.3437500e-03
   2.4000000e+01   8.0000000e+00   1.4903822e-16   5.1250000e-03   5.1250000e-03
   2.5000000e+01   8.0000000e+00   9.5963241e-17   3.6875000e-03   3.6875000e-03
   2.6000000e+01   8.0000000e+00   1.1633093e-16   3.5312500e-03   3.5312500e-03
   2.7000000e+01   8.0000000e+00   2.9831747e-16   8.5625000e-03   8.5625000e-03
   2.8000000e+01   8.0000000e+00   2.7692593e-16   6.2187500e-03   6.2187500e-03
   2.9000000e+01   8.0000000e+00   2.7009734e-16   5.6562500e-03   5.6562500e-03
   3.0000000e+01   8.0000000e+00   1.6225787e-16   4.5625000e-03   4.5625000e-03
   3.1000000e+01   8.0000000e+00   2.4571085e-16   6.1250000e-03   6.1250000e-03
   3.2000000e+01   8.0000000e+00   1.5864360e-16   4.4062500e-03   4.4062500e-03
   3.3000000e+01   8.0000000e+00   1.1563155e-16   4.5937500e-03   4.5937500e-03
   3.4000000e+01   8.0000000e+00   3.0821632e-16   6.5937500e-03   6.5937500e-03
   3.5000000e+01   8.0000000e+00   2.6761782e-16   5.5312500e-03   5.5312500e-03
   1.0000000e+00   9.0000000e+00   1.5662947e-16   4.8437500e-03   4.8437500e-03
   2.0000000e+00   9.0000000e+00   1.0573821e-16   4.0625000e-03   4.0625000e-03
   3.0000000e+00   9.0000000e+00   2.6323826e-16   7.3125000e-03   7.3125000e-03
   4.0000000e+00   9.0000000e+00   2.9759943e-16   6.5937500e-03   6.5937500e-03
   5.0000000e+00   9.0000000e+00   2.1773322e-16   6.2812500e-03   6.2812500e-03
   6.0000000e+00   9.0000000e+00   2.5098832e-16   6.6875000e-03   6.6875000e-03
   7.0000000e+00   9.0000000e+00   1.4829673e-16   4.1562500e-03   4.1562500e-03
   8.0000000e+00   9.0000000e+00   1.1663524e-16   3.9062500e-03   3.9062500e-03
   9.0000000e+00   9.0000000e+00   2.0222758e-16   5.4375000e-03   5.4375000e-03
   1.0000000e+01   9.0000000e+00   2.5021596e-16   5.9062500e-03   5.9062500e-03
   1.1000000e+01   9.0000000e+00   1.4308809e-16   4.5625000e-03   4.5625000e-03
   1.2000000e+01   9.0000000e+00   2.7985342e-16   6.2812500e-03   6.2812500e-03
   1.3000000e+01   9.0000000e+00   3.0196772e-16   7.4062500e-03   7.4062500e-03
   1.4000000e+01   9.0000000e+00   1.5323074e-16   4.2812500e-03   4.2812500e-03
   1.5000000e+01   9.0000000e+00   1.8487069e-16   5.1875000e-03   5.1875000e-03
   1.6000000e+01   9.0000000e+00   1.3133100e-16   4.8750000e-03   4.8750000e-03
   1.7000000e+01   9.0000000e+00   9.5090826e-17   4.2812500e-03   4.2812500e-03
   1.8000000e+01   9.0000000e+00   2.4277199e-16   5.9062500e-03   5.9062500e-03
   1.9000000e+01   9.0000000e+00   3.6168094e-16   6.9687500e-03   6.9687500e-03
   2.0000000e+01   9.0000000e+00   2.5759825e-16   5.4687500e-03   5.4687500e-03
   2.1000000e+01   9.0000000e+00   1.7126148e-16   5.4375000e-03   5.4375000e-03
   2.2000000e+01   9.0000000e+00   1.4923773e-16   5.4375000e-03   5.4375000e-03
   2.3000000e+01   9.0000000e+00   3.4501411e-16   7.0937500e-03   7.0937500e-03
   2.4000000e+01   9.0000000e+00   1.8748545e-16   6.0000000e-03   6.0000000e-03
   2.5000000e+01   9.0000000e+00   1.7022719e-16   5.3437500e-03   5.3437500e-03
   2.6000000e+01   9.0000000e+00   3.0400438e-16   7.6250000e-03   7.6250000e-03
   2.7000000e+01   9.0000000e+00   1.8935736e-16   5.5625000e-03   5.5625000e-03
   2.8000000e+01   9.0000000e+00   3.7927018e-16   7.3750000e-03   7.3750000e-03
   2.9000000e+01   9.0000000e+00   3.2648258e-16   8.5625000e-03   8.5625000e-03
   3.0000000e+01   9.0000000e+00   2.2621212e-16   5.6875000e-03   5.6875000e-03
   3.1000000e+01   9.0000000e+00   2.3513518e-16   4.5625000e-03   4.5625000e-03
   3.2000000e+01   9.0000000e+00   1.4627557e-16   4.9687500e-03   4.9687500e-03
   3.3000000e+01   9.0000000e+00   3.8060449e-16   8.9687500e-03   8.9687500e-03
   3.4000000e+01   9.0000000e+00   2.7955101e-16   8.3125000e-03   8.3125000e-03
   3.5000000e+01   9.0000000e+00   8.7993646e-17   3.7500000e-03   3.7500000e-03
   1.0000000e+00   1.0000000e+01   2.9111774e-16   6.1250000e-03   6.1250000e-03
   2.0000000e+00   1.0000000e+01   2.1992511e-16   5.4062500e-03   5.4062500e-03
   3.0000000e+00   1.0000000e+01   1.4549060e-16   4.3750000e-03   4.3750000e-03
   4.0000000e+00   1.0000000e+01   1.0636438e-16   4.0312500e-03   4.0312500e-03
   5.0000000e+00   1.0000000e+01   2.6781332e-16   7.2187500e-03   7.2187500e-03
   6.0000000e+00   1.0000000e+01   2.6806624e-16   6.2500000e-03   6.2500000e-03
   7.0000000e+00   1.0000000e+01   1.7810423e-16   4.6250000e-03   4.6250000e-03
   8.0000000e+00   1.0000000e+01   1.3929883e-16   5.2812500e-03   5.2812500e-03
   9.0000000e+00   1.0000000e+01   2.7795889e-16   6.3125000e-03   6.3125000e-03
   1.0000000e+01   1.0000000e+01   2.1284307e-16   6.5000000e-03   6.5000000e-03
   1.1000000e+01   1.0000000e+01   1.7338577e-16   5.9375000e-03   5.9375000e-03
   1.2000000e+01   1.0000000e+01   1.1155460e-16   3.8437500e-03   3.8437500e-03
   1.3000000e+01   1.0000000e+01   1.0360579e-16   4.3750000e-03   4.3750000e-03
   1.4000000e+01   1.0000000e+01   2.5880881e-16   6.0312500e-03   6.0312500e-03
   1.5000000e+01   1.0000000e+01   3.9306140e-16   7.7187500e-03   7.7187500e-03
   1.6000000e+01   1.0000000e+01   2.6046312e-16   6.3125000e-03   6.3125000e-03
   1.7000000e+01   1.0000000e+01   2.2797164e-16   6.8125000e-03   6.8125000e-03
   1.8000000e+01   1.0000000e+01   2.8828562e-16   7.4375000e-03   7.4375000e-03
   1.9000000e+01   1.0000000e+01   1.3621583e-16   5.2500000e-03   5.2500000e-03
   2.0000000e+01   1.0000000e+01   9.6148993e-17   3.9687500e-03   3.9687500e-03
   2.1000000e+01   1.0000000e+01   2.7971153e-16   5.9375000e-03   5.9375000e-03
   2.2000000e+01   1.0000000e+01   3.1147665e-16   6.8750000e-03   6.8750000e-03
   2.3000000e+01   1.0000000e+01   1.7820899e-16   5.1250000e-03   5.1250000e-03
   2.4000000e+01   1.0000000e+01   2.4822639e-16   5.8750000e-03   5.8750000e-03
   2.5000000e+01   1.0000000e+01   1.4871492e-16   6.0937500e-03   6.0937500e-03
   2.6000000e+01   1.0000000e+01   1.0069726e-16   5.0312500e-03   5.0312500e-03
   2.7000000e+01   1.0000000e+01   3.1350312e-16   7.4062500e-03   7.4062500e-03
   2.8000000e+01   1.0000000e+01   2.1698319e-16   6.2500000e-03   6.2500000e-03
   2.9000000e+01   1.0000000e+01   3.2857318e-16   6.7500000e-03   6.7500000e-03
   3.0000000e+01   1.0000000e+01   3.1070212e-16   6.8125000e-03   6.8125000e-03
   3.1000000e+01   1.0000000e+01   3.2712743e-16   8.2500000e-03   8.2500000e-03
   3.2000000e+01   1.0000000e+01   2.4972134e-16   5.4375000e-03   5.4375000e-03
   3.3000000e+01   1.0000000e+01   3.0648211e-16   5.6875000e-03   5.6875000e-03
   3.4000000e+01   1.0000000e+01   1.9024018e-16   7.4687500e-03   7.4687500e-03
   3.5000000e+01   1.0000000e+01   1.9145171e-16   5.6875000e-03   5.6875000e-03
   1.0000000e+00   1.1000000e+01   2.7421187e-16   5.6250000e-03   5.6250000e-03
   2.0000000e+00   1.1000000e+01   2.9096441e-16   7.5625000e-03   7.5625000e-03
   3.0000000e+00   1.1000000e+01   1.7513586e-16   6.3437500e-03   6.3437500e-03
   4.0000000e+00   1.1000000e+01   2.3350216e-16   6.7500000e-03   6.7500000e-03
   5.0000000e+00   1.1000000e+01   1.8184141e-16   4.8125000e-03   4.8125000e-03
   6.0000000e+00   1.1000000e+01   1.1974353e-16   3.6250000e-03   3.6250000e-03
   7.0000000e+00   1.1000000e+01   1.3892901e-16   4.1875000e-03   4.1875000e-03
   8.0000000e+00   1.1000000e+01   1.7450496e-16   5.1250000e-03   5.1250000e-03
   9.0000000e+00   1.1000000e+01   2.4585626e-16   5.3750000e-03   5.3750000e-03
   1.0000000e+01   1.1000000e+01   2.5471698e-16   5.7812500e-03   5.7812500e-03
   1.1000000e+01   1.1000000e+01   1.7598570e-16   6.5312500e-03   6.5312500e-03
   1.2000000e+01   1.1000000e+01   2.5567403e-16   6.0312500e-03   6.0312500e-03
   1.3000000e+01   1.1000000e+01   2.1445177e-16   5.5937500e-03   5.5937500e-03
   1.4000000e+01   1.1000000e+01   1.2691524e-16   4.9375000e-03   4.9375000e-03
   1.5000000e+01   1.1000000e+01   1.3560447e-16   4.5625000e-03   4.5625000e-03
   1.6000000e+01   1.1000000e+01   1.1982839e-16   4.6250000e-03   4.6250000e-03
   1.7000000e+01   1.1000000e+01   1.8794913e-16   5.1250000e-03   5.1250000e-03
   1.8000000e+01   1.1000000e+01   3.2631653e-16   7.9687500e-03   7.9687500e-03
   1.9000000e+01   1.1000000e+01   2.5793945e-16   5.8125000e-03   5.8125000e-03
   2.0000000e+01   1.1000000e+01   1.9551503e-16   5.6250000e-03   5.6250000e-03
   2.1000000e+01   1.1000000e+01   1.0060012e-16   3.5000000e-03   3.5000000e-03
   2.2000000e+01   1.1000000e+01   1.2345283e-16   4.5312500e-03   4.5312500e-03
   2.3000000e+01   1.1000000e+01   3.2084882e-16   6.7187500e-03   6.7187500e-03
   2.4000000e+01   1.1000000e+01   2.7558826e-16   6.4062500e-03   6.4062500e-03
   2.5000000e+01   1.1000000e+01   3.0883974e-16   6.6250000e-03   6.6250000e-03
   2.6000000e+01   1.1000000e+01   1.2840147e-16   4.1250000e-03   4.1250000e-03
   2.7000000e+01   1.1000000e+01   2.9232927e-16   7.3437500e-03   7.3437500e-03
   2.8000000e+01   1.1000000e+01   2.9855616e-16   6.6875000e-03   6.6875000e-03
   2.9000000e+01   1.1000000e+01   2.2573896e-16   5.4062500e-03   5.4062500e-03
   3.0000000e+01   1.1000000e+01   1.3246872e-16   4.7187500e-03   4.7187500e-03
   3.1000000e+01   1.1000000e+01   3.6227400e-16   6.3750000e-03   6.3750000e-03
   3.2000000e+01   1.1000000e+01   2.6603049e-16   6.6875000e-03   6.6875000e-03
   3.3000000e+01   1.1000000e+01   2.4579799e-16   6.7187500e-03   6.7187500e-03
   3.4000000e+01   1.1000000e+01   8.0028535e-17   3.3750000e-03   3.3750000e-03
   3.5000000e+01   1.1000000e+01   2.7477351e-16   6.3437500e-03   6.3437500e-03
   1.0000000e+00   1.2000000e+01   2.6705120e-16   6.5000000e-03   6.5000000e-03
   2.0000000e+00   1.2000000e+01   1.6082141e-16   5.7187500e-03   5.7187500e-03
   3.0000000e+00   1.2000000e+01   2.3369956e-16   4.9375000e-03   4.9375000e-03
   4.0000000e+00   1.2000000e+01   1.1722013e-16   4.0625000e-03   4.0625000e-03
   5.0000000e+00   1.2000000e+01   1.3258208e-16   4.4687500e-03   4.4687500e-03
   6.0000000e+00   1.2000000e+01   1.0877845e-16   4.3750000e-03   4.3750000e-03
   7.0000000e+00   1.2000000e+01   2.0621527e-16   5.0625000e-03   5.0625000e-03
   8.0000000e+00   1.2000000e+01   2.1086526e-16   6.4375000e-03   6.4375000e-03
   9.0000000e+00   1.2000000e+01   1.8486382e-16   6.3750000e-03   6.3750000e-03
   1.0000000e+01   1.2000000e+01   1.6598157e-16   5.5625000e-03   5.5625000e-03
   1.1000000e+01   1.2000000e+01   2.2958653e-16   6.4062500e-03   6.4062500e-03
   1.2000000e+01   1.2000000e+01   1.5158788e-16   5.5625000e-03   5.5625000e-03
   1.3000000e+01   1.2000000e+01   1.4936277e-16   5.1562500e-03   5.1562500e-03
   1.4000000e+01   1.2000000e+01   2.8606194e-16   6.4062500e-03   6.4062500e-03
   1.5000000e+01   1.2000000e+01   3.4382149e-16   7.2500000e-03   7.2500000e-03
   1.6000000e+01   1.2000000e+01   2.3228581e-16   5.9062500e-03   5.9062500e-03
   1.7000000e+01   1.2000000e+01   2.9648043e-16   6.7500000e-03   6.7500000e-03
   1.8000000e+01   1.2000000e+01   2.2264704e-16   5.9687500e-03   5.9687500e-03
   1.9000000e+01   1.2000000e+01   2.7875515e-16   6.1562500e-03   6.1562500e-03
   2.0000000e+01   1.2000000e+01   3.1998622e-16   7.4687500e-03   7.4687500e-03
   2.1000000e+01   1.2000000e+01   2.4049164e-16   5.7500000e-03   5.7500000e-03
   2.2000000e+01   1.2000000e+01   1.9295268e-16   5.1250000e-03   5.1250000e-03
   2.3000000e+01   1.2000000e+01   2.5488260e-16   6.6250000e-03   6.6250000e-03
   2.4000000e+01   1.2000000e+01   2.8536478e-16   6.4687500e-03   6.4687500e-03
   2.5000000e+01   1.2000000e+01   2.6526634e-16   5.6562500e-03   5.6562500e-03
   2.6000000e+01   1.2000000e+01   3.4878507e-16   6.0937500e-03   6.0937500e-03
   2.7000000e+01   1.2000000e+01   1.5027374e-16   5.2187500e-03   5.2187500e-03
   2.8000000e+01   1.2000000e+01   1.2658642e-16   4.4687500e-03   4.4687500e-03
   2.9000000e+01   1.2000000e+01   1.2205488e-16   3.7187500e-03   3.7187500e-03
   3.0000000e+01   1.2000000e+01   1.7426352e-16   4.7500000e-03   4.7500000e-03
   3.1000000e+01   1.2000000e+01   2.9720211e-16   6.4062500e-03   6.4062500e-03
   3.2000000e+01   1.2000000e+01   1.8602681e-16   5.0937500e-03   5.0937500e-03
   3.3000000e+01   1.2000000e+01   1.5894426e-16   6.9687500e-03   6.9687500e-03
   3.4000000e+01   1.2000000e+01   1.0532493e-16   4.1250000e-03   4.1250000e-03
   3.5000000e+01   1.2000000e+01   2.1801499e-16   5.7500000e-03   5.7500000e-03
   1.0000000e+00   1.3000000e+01   3.1216918e-16   7.5312500e-03   7.5312500e-03
   2.0000000e+00   1.3000000e+01   2.8221745e-16   7.0000000e-03   7.0000000e-03
   3.0000000e+00   1.3000000e+01   2.5695707e-16   6.0937500e-03   6.0937500e-03
   4.0000000e+00   1.3000000e+01   1.3405756e-16   3.8125000e-03   3.8125000e-03
   5.0000000e+00   1.3000000e+01   1.0530901e-16   4.4062500e-03   4.4062500e-03
   6.0000000e+00   1.3000000e+01   1.2634878e-16   3.6875000e-03   3.6875000e-03
   7.0000000e+00   1.3000000e+01   1.6483332e-16   5.0625000e-03   5.0625000e-03
   8.0000000e+00   1.3000000e+01   2.3577631e-16   5.4375000e-03   5.4375000e-03
   9.0000000e+00   1.3000000e+01   3.3815658e-16   8.8437500e-03   8.8437500e-03
   1.0000000e+01   1.3000000e+01   2.3939547e-16   6.4062500e-03   6.4062500e-03
   1.1000000e+01   1.3000000e+01   2.9275024e-16   5.7500000e-03   5.7500000e-03
   1.2000000e+01   1.3000000e+01   3.2684814e-16   6.4375000e-03   6.4375000e-03
   1.3000000e+01   1.3000000e+01   2.7183687e-16   6.9375000e-03   6.9375000e-03
   1.4000000e+01   1.3000000e+01   2.7914287e-16   6.4687500e-03   6.4687500e-03
   1.5000000e+01   1.3000000e+01   2.3813969e-16   5.4687500e-03   5.4687500e-03
   1.6000000e+01   1.3000000e+01   1.1400659e-16   4.8125000e-03   4.8125000e-03
   1.7000000e+01   1.3000000e+01   1.3412558e-16   5.5625000e-03   5.5625000e-03
   1.8000000e+01   1.3000000e+01   2.3437625e-16   6.3437500e-03   6.3437500e-03
   1.9000000e+01   1.3000000e+01   2.7168061e-16   6.5312500e-03   6.5312500e-03
   2.0000000e+01   1.3000000e+01   2.8167491e-16   8.6562500e-03   8.6562500e-03
   2.1000000e+01   1.3000000e+01   3.2939606e-16   6.5000000e-03   6.5000000e-03
   2.2000000e+01   1.3000000e+01   3.5567638e-16   8.8437500e-03   8.8437500e-03
   2.3000000e+01   1.3000000e+01   3.1464921e-16   8.0312500e-03   8.0312500e-03
   2.4000000e+01   1.3000000e+01   3.3906172e-16   6.2500000e-03   6.2500000e-03
   2.5000000e+01   1.3000000e+01   3.7935717e-16   9.1875000e-03   9.1875000e-03
   2.6000000e+01   1.3000000e+01   4.0712057e-16   8.0000000e-03   8.0000000e-03
   2.7000000e+01   1.3000000e+01   3.1557241e-16   6.1562500e-03   6.1562500e-03
   2.8000000e+01   1.3000000e+01   2.9793568e-16   6.5000000e-03   6.5000000e-03
   2.9000000e+01   1.3000000e+01   2.4140048e-16   5.3437500e-03   5.3437500e-03
   3.0000000e+01   1.3000000e+01   2.7471425e-16   7.1875000e-03   7.1875000e-03
   3.1000000e+01   1.3000000e+01   1.0891373e-16   4.3750000e-03   4.3750000e-03
   3.2000000e+01   1.3000000e+01   2.1307177e-16   5.3750000e-03   5.3750000e-03
   3.3000000e+01   1.3000000e+01   2.9455399e-16   6.5937500e-03   6.5937500e-03
   3.4000000e+01   1.3000000e+01   2.2173223e-16   5.9687500e-03   5.9687500e-03
   3.5000000e+01   1.3000000e+01   1.8867590e-16   5.5625000e-03   5.5625000e-03
   1.0000000e+00   1.4000000e+01   2.9273629e-16   6.9687500e-03   6.9687500e-03
   2.0000000e+00   1.4000000e+01   3.0714640e-16   7.2187500e-03   7.2187500e-03
   3.0000000e+00   1.4000000e+01   2.4152054e-16   5.5625000e-03   5.5625000e-03
   4.0000000e+00   1.4000000e+01   8.4073934e-17   4.5000000e-03   4.5000000e-03
   5.0000000e+00   1.4000000e+01   1.9150087e-16   6.0000000e-03   6.0000000e-03
   6.0000000e+00   1.4000000e+01   1.9300927e-16   6.1562500e-03   6.1562500e-03
   7.0000000e+00   1.4000000e+01   2.5624272e-16   6.4687500e-03   6.4687500e-03
   8.0000000e+00   1.4000000e+01   2.6095202e-16   5.4062500e-03   5.4062500e-03
   9.0000000e+00   1.4000000e+01   3.3382790e-16   7.7187500e-03   7.7187500e-03
   1.0000000e+01   1.4000000e+01   2.4359136e-16   5.9375000e-03   5.9375000e-03
   1.1000000e+01   1.4000000e+01   1.7685741e-16   5.5625000e-03   5.5625000e-03
   1.2000000e+01   1.4000000e+01   1.2569227e-16   4.0312500e-03   4.0312500e-03
   1.3000000e+01   1.4000000e+01   8.7792472e-17   3.4375000e-03   3.4375000e-03
   1.4000000e+01   1.4000000e+01   1.7778751e-16   5.2812500e-03   5.2812500e-03
   1.5000000e+01   1.4000000e+01   1.6315416e-16   4.4062500e-03   4.4062500e-03
   1.6000000e+01   1.4000000e+01   8.1991961e-17   3.0312500e-03   3.0312500e-03
   1.7000000e+01   1.4000000e+01   1.3256879e-16   4.8750000e-03   4.8750000e-03
   1.8000000e+01   1.4000000e+01   1.8520743e-16   4.7500000e-03   4.7500000e-03
   1.9000000e+01   1.4000000e+01   3.3594819e-16   6.9375000e-03   6.9375000e-03
   2.0000000e+01   1.4000000e+01   2.5173066e-16   5.7812500e-03   5.7812500e-03
   2.1000000e+01   1.4000000e+01   2.6897400e-16   5.3125000e-03   5.3125000e-03
   2.2000000e+01   1.4000000e+01   2.8096933e-16   6.7187500e-03   6.7187500e-03
   2.3000000e+01   1.4000000e+01   4.0913342e-16   8.7187500e-03   8.7187500e-03
   2.4000000e+01   1.4000000e+01   3.8630332e-16   7.0937500e-03   7.0937500e-03
   2.5000000e+01   1.4000000e+01   3.4775993e-16   6.5312500e-03   6.5312500e-03
   2.6000000e+01   1.4000000e+01   2.3669287e-16   6.3750000e-03   6.3750000e-03
   2.7000000e+01   1.4000000e+01   3.2468354e-16   7.7187500e-03   7.7187500e-03
   2.8000000e+01   1.4000000e+01   8.9834289e-17   4.5312500e-03   4.5312500e-03
   2.9000000e+01   1.4000000e+01   1.4534463e-16   6.0312500e-03   6.0312500e-03
   3.0000000e+01   1.4000000e+01   1.3918155e-16   4.6875000e-03   4.6875000e-03
   3.1000000e+01   1.4000000e+01   1.4502262e-16   4.5312500e-03   4.5312500e-03
   3.2000000e+01   1.4000000e+01   1.3050721e-16   4.4687500e-03   4.4687500e-03
   3.3000000e+01   1.4000000e+01   1.8510504e-16   5.3125000e-03   5.3125000e-03
   3.4000000e+01   1.4000000e+01   2.5082854e-16   5.9062500e-03   5.9062500e-03
   3.5000000e+01   1.4000000e+01   2.9540841e-16   7.1250000e-03   7.1250000e-03
   1.0000000e+00   1.5000000e+01   1.5977060e-16   4.1562500e-03   4.1562500e-03
   2.0000000e+00   1.5000000e+01   1.9073977e-16   5.0625000e-03   5.0625000e-03
   3.0000000e+00   1.5000000e+01   3.2847853e-16   6.9062500e-03   6.9062500e-03
   4.0000000e+00   1.5000000e+01   2.3313811e-16   6.0937500e-03   6.0937500e-03
   5.0000000e+00   1.5000000e+01   9.5594347e-17   3.7187500e-03   3.7187500e-03
   6.0000000e+00   1.5000000e+01   2.2333580e-16   5.7812500e-03   5.7812500e-03
   7.0000000e+00   1.5000000e+01   2.2912931e-16   5.3750000e-03   5.3750000e-03
   8.0000000e+00   1.5000000e+01   3.5631345e-16   7.0625000e-03   7.0625000e-03
   9.0000000e+00   1.5000000e+01   2.0451894e-16   5.4687500e-03   5.4687500e-03
   1.0000000e+01   1.5000000e+01   1.0584425e-16   5.4687500e-03   5.4687500e-03
   1.1000000e+01   1.5000000e+01   2.3275400e-16   5.5937500e-03   5.5937500e-03
   1.2000000e+01   1.5000000e+01   2.6444494e-16   6.0312500e-03   6.0312500e-03
   1.3000000e+01   1.5000000e+01   3.1906089e-16   6.2812500e-03   6.2812500e-03
   1.4000000e+01   1.5000000e+01   1.1011648e-16   4.4062500e-03   4.4062500e-03
   1.5000000e+01   1.5000000e+01   2.3389417e-16   6.8750000e-03   6.8750000e-03
   1.6000000e+01   1.5000000e+01   3.0411332e-16   5.6250000e-03   5.6250000e-03
   1.7000000e+01   1.5000000e+01   2.7842794e-16   5.5312500e-03   5.5312500e-03
   1.8000000e+01   1.5000000e+01   3.1496821e-16   8.0312500e-03   8.0312500e-03
   1.9000000e+01   1.5000000e+01   1.5238556e-16   4.8125000e-03   4.8125000e-03
   2.0000000e+01   1.5000000e+01   2.0335860e-16   6.0625000e-03   6.0625000e-03
   2.1000000e+01   1.5000000e+01   2.5575107e-16   5.3437500e-03   5.3437500e-03
   2.2000000e+01   1.5000000e+01   2.6334774e-16   6.0625000e-03   6.0625000e-03
   2.3000000e+01   1.5000000e+01   2.8370915e-16   7.3750000e-03   7.3750000e-03
   2.4000000e+01   1.5000000e+01   1.9686297e-16   5.5625000e-03   5.5625000e-03
   2.5000000e+01   1.5000000e+01   9.0932706e-17   3.2812500e-03   3.2812500e-03
   2.6000000e+01   1.5000000e+01   2.1397847e-16   6.0937500e-03   6.0937500e-03
   2.7000000e+01   1.5000000e+01   2.2626425e-16   5.7500000e-03   5.7500000e-03
   2.8000000e+01   1.5000000e+01   1.2474722e-16   4.4062500e-03   4.4062500e-03
   2.9000000e+01   1.5000000e+01   1.9678620e-16   5.2187500e-03   5.2187500e-03
   3.0000000e+01   1.5000000e+01   2.9302527e-16   5.8437500e-03   5.8437500e-03
   3.1000000e+01   1.5000000e+01   1.6818099e-16   4.8437500e-03   4.8437500e-03
   3.2000000e+01   1.5000000e+01   1.9805162e-16   4.9687500e-03   4.9687500e-03
   3.3000000e+01   1.5000000e+01   2.4532728e-16   6.2187500e-03   6.2187500e-03
   3.4000000e+01   1.5000000e+01   2.8134820e-16   7.4375000e-03   7.4375000e-03
   3.5000000e+01   1.5000000e+01   1.6758685e-16   5.6562500e-03   5.6562500e-03
   1.0000000e+00   1.6000000e+01   2.8439489e-16   6.7500000e-03   6.7500000e-03
   2.0000000e+00   1.6000000e+01   2.9554413e-16   6.3750000e-03   6.3750000e-03
   3.0000000e+00   1.6000000e+01   1.1968068e-16   3.6875000e-03   3.6875000e-03
   4.0000000e+00   1.6000000e+01   2.3167847e-16   5.3437500e-03   5.3437500e-03
   5.0000000e+00   1.6000000e+01   2.4720238e-16   6.1250000e-03   6.1250000e-03
   6.0000000e+00   1.6000000e+01   3.2359774e-16   6.2500000e-03   6.2500000e-03
   7.0000000e+00   1.6000000e+01   9.3240026e-17   3.8125000e-03   3.8125000e-03
   8.0000000e+00   1.6000000e+01   1.9915844e-16   5.0000000e-03   5.0000000e-03
   9.0000000e+00   1.6000000e+01   2.5381443e-16   7.0312500e-03   7.0312500e-03
   1.0000000e+01   1.6000000e+01   2.3108111e-16   5.9687500e-03   5.9687500e-03
   1.1000000e+01   1.6000000e+01   2.7134937e-16   5.9375000e-03   5.9375000e-03
   1.2000000e+01   1.6000000e+01   7.4862405e-17   3.3437500e-03   3.3437500e-03
   1.3000000e+01   1.6000000e+01   1.9480551e-16   5.9687500e-03   5.9687500e-03
   1.4000000e+01   1.6000000e+01   2.6829271e-16   6.2187500e-03   6.2187500e-03
   1.5000000e+01   1.6000000e+01   1.4036154e-16   4.5312500e-03   4.5312500e-03
   1.6000000e+01   1.6000000e+01   1.7677117e-16   5.1250000e-03   5.1250000e-03
   1.7000000e+01   1.6000000e+01   2.5416654e-16   5.7812500e-03   5.7812500e-03
   1.8000000e+01   1.6000000e+01   1.0346827e-16   4.7812500e-03   4.7812500e-03
   1.9000000e+01   1.6000000e+01   1.6243209e-16   5.1250000e-03   5.1250000e-03
   2.0000000e+01   1.6000000e+01   2.4895269e-16   6.0625000e-03   6.0625000e-03
   2.1000000e+01   1.6000000e+01   1.0421031e-16   3.8437500e-03   3.8437500e-03
   2.2000000e+01   1.6000000e+01   1.9787306e-16   5.4375000e-03   5.4375000e-03
   2.3000000e+01   1.6000000e+01   2.3528507e-16   5.6562500e-03   5.6562500e-03
   2.4000000e+01   1.6000000e+01   2.3199734e-16   5.5937500e-03   5.5937500e-03
   2.5000000e+01   1.6000000e+01   1.0323153e-16   4.1562500e-03   4.1562500e-03
   2.6000000e+01   1.6000000e+01   2.8264764e-16   6.5937500e-03   6.5937500e-03
   2.7000000e+01   1.6000000e+01   2.4587327e-16   6.1875000e-03   6.1875000e-03
   2.8000000e+01   1.6000000e+01   9.4491289e-17   3.4062500e-03   3.4062500e-03
   2.9000000e+01   1.6000000e+01   2.3944769e-16   6.2187500e-03   6.2187500e-03
   3.0000000e+01   1.6000000e+01   1.4256475e-16   4.3125000e-03   4.3125000e-03
   3.1000000e+01   1.6000000e+01   3.0693188e-16   6.7187500e-03   6.7187500e-03
   3.2000000e+01   1.6000000e+01   2.2064428e-16   7.4375000e-03   7.4375000e-03
   3.3000000e+01   1.6000000e+01   8.7210497e-17   3.3437500e-03   3.3437500e-03
   3.4000000e+01   1.6000000e+01   1.7188550e-16   4.6250000e-03   4.6250000e-03
   3.5000000e+01   1.6000000e+01   2.8155286e-16   5.8437500e-03   5.8437500e-03
   1.0000000e+00   1.7000000e+01   1.1856876e-16   3.9062500e-03   3.9062500e-03
   2.0000000e+00   1.7000000e+01   2.4578436e-16   5.6250000e-03   5.6250000e-03
   3.0000000e+00   1.7000000e+01   2.2820499e-16   7.2812500e-03   7.2812500e-03
   4.0000000e+00   1.7000000e+01   3.0169274e-16   7.2812500e-03   7.2812500e-03
   5.0000000e+00   1.7000000e+01   1.4307654e-16   3.9375000e-03   3.9375000e-03
   6.0000000e+00   1.7000000e+01   2.3636093e-16   6.1562500e-03   6.1562500e-03
   7.0000000e+00   1.7000000e+01   2.7694382e-16   6.0312500e-03   6.0312500e-03
   8.0000000e+00   1.7000000e+01   9.5195014e-17   3.5625000e-03   3.5625000e-03
   9.0000000e+00   1.7000000e+01   1.9821097e-16   4.6875000e-03   4.6875000e-03
   1.0000000e+01   1.7000000e+01   2.8104059e-16   7.5937500e-03   7.5937500e-03
   1.1000000e+01   1.7000000e+01   3.0540651e-16   6.2187500e-03   6.2187500e-03
   1.2000000e+01   1.7000000e+01   1.1613808e-16   4.2500000e-03   4.2500000e-03
   1.3000000e+01   1.7000000e+01   1.6734330e-16   4.1562500e-03   4.1562500e-03
   1.4000000e+01   1.7000000e+01   3.0119609e-16   6.4687500e-03   6.4687500e-03
   1.5000000e+01   1.7000000e+01   1.5821129e-16   5.1562500e-03   5.1562500e-03
   1.6000000e+01   1.7000000e+01   2.2164054e-16   6.8437500e-03   6.8437500e-03
   1.7000000e+01   1.7000000e+01   3.2560376e-16   5.8437500e-03   5.8437500e-03
   1.8000000e+01   1.7000000e+01   1.1788524e-16   4.7187500e-03   4.7187500e-03
   1.9000000e+01   1.7000000e+01   2.2246732e-16   6.3437500e-03   6.3437500e-03
   2.0000000e+01   1.7000000e+01   2.4624917e-16   5.9375000e-03   5.9375000e-03
   2.1000000e+01   1.7000000e+01   1.2026389e-16   4.7500000e-03   4.7500000e-03
   2.2000000e+01   1.7000000e+01   2.5095492e-16   5.5312500e-03   5.5312500e-03
   2.3000000e+01   1.7000000e+01   3.0236177e-16   7.0000000e-03   7.0000000e-03
   2.4000000e+01   1.7000000e+01   7.9215448e-17   3.5000000e-03   3.5000000e-03
   2.5000000e+01   1.7000000e+01   1.9806932e-16   5.1875000e-03   5.1875000e-03
   2.6000000e+01   1.7000000e+01   2.8485054e-16   6.5937500e-03   6.5937500e-03
   2.7000000e+01   1.7000000e+01   2.9702527e-16   6.5312500e-03   6.5312500e-03
   2.8000000e+01   1.7000000e+01   3.4895196e-16   7.5312500e-03   7.5312500e-03
   2.9000000e+01   1.7000000e+01   1.7357791e-16   5.5312500e-03   5.5312500e-03
   3.0000000e+01   1.7000000e+01   2.3947102e-16   5.6562500e-03   5.6562500e-03
   3.1000000e+01   1.7000000e+01   1.2933042e-16   4.8750000e-03   4.8750000e-03
   3.2000000e+01   1.7000000e+01   2.1984665e-16   6.9062500e-03   6.9062500e-03
   3.3000000e+01   1.7000000e+01   3.4827925e-16   5.9687500e-03   5.9687500e-03
   3.4000000e+01   1.7000000e+01   1.3047568e-16   4.1250000e-03   4.1250000e-03
   3.5000000e+01   1.7000000e+01   2.4014248e-16   6.1562500e-03   6.1562500e-03
   1.0000000e+00   1.8000000e+01   8.8029380e-17   3.6562500e-03   3.6562500e-03
   2.0000000e+00   1.8000000e+01   2.1012587e-16   4.5312500e-03   4.5312500e-03
   3.0000000e+00   1.8000000e+01   2.7370933e-16   6.4062500e-03   6.4062500e-03
   4.0000000e+00   1.8000000e+01   2.6436236e-16   6.9062500e-03   6.9062500e-03
   5.0000000e+00   1.8000000e+01   1.3444106e-16   4.9062500e-03   4.9062500e-03
   6.0000000e+00   1.8000000e+01   2.3278039e-16   6.3437500e-03   6.3437500e-03
   7.0000000e+00   1.8000000e+01   2.1991742e-16   5.4687500e-03   5.4687500e-03
   8.0000000e+00   1.8000000e+01   2.8520043e-16   6.3125000e-03   6.3125000e-03
   9.0000000e+00   1.8000000e+01   7.6299279e-17   2.8750000e-03   2.8750000e-03
   1.0000000e+01   1.8000000e+01   2.4629209e-16   5.5937500e-03   5.5937500e-03
   1.1000000e+01   1.8000000e+01   2.1915177e-16   5.1875000e-03   5.1875000e-03
   1.2000000e+01   1.8000000e+01   3.1241380e-16   6.9687500e-03   6.9687500e-03
   1.3000000e+01   1.8000000e+01   2.7321742e-16   6.2812500e-03   6.2812500e-03
   1.4000000e+01   1.8000000e+01   9.8705909e-17   5.0312500e-03   5.0312500e-03
   1.5000000e+01   1.8000000e+01   2.1491491e-16   6.5625000e-03   6.5625000e-03
   1.6000000e+01   1.8000000e+01   2.5922567e-16   5.7812500e-03   5.7812500e-03
   1.7000000e+01   1.8000000e+01   1.3620330e-16   4.0937500e-03   4.0937500e-03
   1.8000000e+01   1.8000000e+01   1.2221239e-16   4.1250000e-03   4.1250000e-03
   1.9000000e+01   1.8000000e+01   2.5291948e-16   5.7187500e-03   5.7187500e-03
   2.0000000e+01   1.8000000e+01   2.8586086e-16   8.0312500e-03   8.0312500e-03
   2.1000000e+01   1.8000000e+01   1.6177798e-16   4.6562500e-03   4.6562500e-03
   2.2000000e+01   1.8000000e+01   2.7438351e-16   5.8437500e-03   5.8437500e-03
   2.3000000e+01   1.8000000e+01   2.8753702e-16   7.4687500e-03   7.4687500e-03
   2.4000000e+01   1.8000000e+01   1.3673376e-16   3.6250000e-03   3.6250000e-03
   2.5000000e+01   1.8000000e+01   1.9594838e-16   4.2187500e-03   4.2187500e-03
   2.6000000e+01   1.8000000e+01   3.2242765e-16   5.8750000e-03   5.8750000e-03
   2.7000000e+01   1.8000000e+01   1.0680174e-16   4.1875000e-03   4.1875000e-03
   2.8000000e+01   1.8000000e+01   1.7856350e-16   5.8750000e-03   5.8750000e-03
   2.9000000e+01   1.8000000e+01   1.2375533e-16   3.7812500e-03   3.7812500e-03
   3.0000000e+01   1.8000000e+01   1.5033114e-16   4.7500000e-03   4.7500000e-03
   3.1000000e+01   1.8000000e+01   3.6433566e-16   6.8750000e-03   6.8750000e-03
   3.2000000e+01   1.8000000e+01   2.0326472e-16   6.0312500e-03   6.0312500e-03
   3.3000000e+01   1.8000000e+01   1.6057123e-16   5.2187500e-03   5.2187500e-03
   3.4000000e+01   1.8000000e+01   2.4971672e-16   6.1562500e-03   6.1562500e-03
   3.5000000e+01   1.8000000e+01   2.6278771e-16   5.7812500e-03   5.7812500e-03
   1.0000000e+00   1.9000000e+01   1.8316652e-16   5.1875000e-03   5.1875000e-03
   2.0000000e+00   1.9000000e+01   2.7748151e-16   5.0000000e-03   5.0000000e-03
   3.0000000e+00   1.9000000e+01   3.2473497e-16   5.7812500e-03   5.7812500e-03
   4.0000000e+00   1.9000000e+01   1.0378126e-16   4.0937500e-03   4.0937500e-03
   5.0000000e+00   1.9000000e+01   2.4556102e-16   7.2812500e-03   7.2812500e-03
   6.0000000e+00   1.9000000e+01   2.9430024e-16   6.6250000e-03   6.6250000e-03
   7.0000000e+00   1.9000000e+01   2.8307966e-16   5.8750000e-03   5.8750000e-03
   8.0000000e+00   1.9000000e+01   8.9167110e-17   3.6250000e-03   3.6250000e-03
   9.0000000e+00   1.9000000e+01   1.8613838e-16   5.8437500e-03   5.8437500e-03
   1.0000000e+01   1.9000000e+01   2.8700473e-16   6.0625000e-03   6.0625000e-03
   1.1000000e+01   1.9000000e+01   2.8692579e-16   5.9062500e-03   5.9062500e-03
   1.2000000e+01   1.9000000e+01   1.1277647e-16   3.8437500e-03   3.8437500e-03
   1.3000000e+01   1.9000000e+01   1.6683684e-16   6.1562500e-03   6.1562500e-03
   1.4000000e+01   1.9000000e+01   3.2610223e-16   7.2500000e-03   7.2500000e-03
   1.5000000e+01   1.9000000e+01   2.1403925e-16   5.9375000e-03   5.9375000e-03
   1.6000000e+01   1.9000000e+01   1.9559949e-16   5.5000000e-03   5.5000000e-03
   1.7000000e+01   1.9000000e+01   3.0941380e-16   5.7500000e-03   5.7500000e-03
   1.8000000e+01   1.9000000e+01   1.1524379e-16   3.4062500e-03   3.4062500e-03
   1.9000000e+01   1.9000000e+01   2.2452509e-16   6.7812500e-03   6.7812500e-03
   2.0000000e+01   1.9000000e+01   1.2787025e-16   4.5312500e-03   4.5312500e-03
   2.1000000e+01   1.9000000e+01   2.9764448e-16   7.8750000e-03   7.8750000e-03
   2.2000000e+01   1.9000000e+01   1.3017968e-16   4.8750000e-03   4.8750000e-03
   2.3000000e+01   1.9000000e+01   2.0628883e-16   6.5625000e-03   6.5625000e-03
   2.4000000e+01   1.9000000e+01   2.8502202e-16   6.5312500e-03   6.5312500e-03
   2.5000000e+01   1.9000000e+01   1.1782537e-16   4.3125000e-03   4.3125000e-03
   2.6000000e+01   1.9000000e+01   2.2856700e-16   6.1875000e-03   6.1875000e-03
   2.7000000e+01   1.9000000e+01   3.3154425e-16   7.1875000e-03   7.1875000e-03
   2.8000000e+01   1.9000000e+01   1.0936186e-16   4.2812500e-03   4.2812500e-03
   2.9000000e+01   1.9000000e+01   2.3672923e-16   5.7187500e-03   5.7187500e-03
   3.0000000e+01   1.9000000e+01   2.5930466e-16   6.0937500e-03   6.0937500e-03
   3.1000000e+01   1.9000000e+01   3.1984723e-16   7.1875000e-03   7.1875000e-03
   3.2000000e+01   1.9000000e+01   1.1750052e-16   4.4062500e-03   4.4062500e-03
   3.3000000e+01   1.9000000e+01   2.7907112e-16   6.0625000e-03   6.0625000e-03
   3.4000000e+01   1.9000000e+01   2.6377776e-16   5.2812500e-03   5.2812500e-03
   3.5000000e+01   1.9000000e+01   1.9566519e-16   4.1250000e-03   4.1250000e-03
   1.0000000e+00   2.0000000e+01   3.3305724e-16   9.0625000e-03   9.0625000e-03
   2.0000000e+00   2.0000000e+01   1.2741123e-16   4.2500000e-03   4.2500000e-03
   3.0000000e+00   2.0000000e+01   1.9712949e-16   5.1250000e-03   5.1250000e-03
   4.0000000e+00   2.0000000e+01   2.1067773e-16   5.8750000e-03   5.8750000e-03
   5.0000000e+00   2.0000000e+01   2.3776613e-16   5.6250000e-03   5.6250000e-03
   6.0000000e+00   2.0000000e+01   3.5248085e-16   7.0000000e-03   7.0000000e-03
   7.0000000e+00   2.0000000e+01   3.1184535e-16   6.3125000e-03   6.3125000e-03
   8.0000000e+00   2.0000000e+01   1.2470367e-16   4.6875000e-03   4.6875000e-03
   9.0000000e+00   2.0000000e+01   2.9268224e-16   7.2500000e-03   7.2500000e-03
   1.0000000e+01   2.0000000e+01   2.0520249e-16   5.7500000e-03   5.7500000e-03
   1.1000000e+01   2.0000000e+01   3.7415388e-16   6.7187500e-03   6.7187500e-03
   1.2000000e+01   2.0000000e+01   2.9110660e-16   5.8750000e-03   5.8750000e-03
   1.3000000e+01   2.0000000e+01   1.0958217e-16   4.9062500e-03   4.9062500e-03
   1.4000000e+01   2.0000000e+01   1.7350997e-16   5.0625000e-03   5.0625000e-03
   1.5000000e+01   2.0000000e+01   2.3492616e-16   6.5625000e-03   6.5625000e-03
   1.6000000e+01   2.0000000e+01   2.0495961e-16   4.5312500e-03   4.5312500e-03
   1.7000000e+01   2.0000000e+01   2.8032751e-16   6.1562500e-03   6.1562500e-03
   1.8000000e+01   2.0000000e+01   3.2699179e-16   8.9375000e-03   8.9375000e-03
   1.9000000e+01   2.0000000e+01   2.2995346e-16   6.0937500e-03   6.0937500e-03
   2.0000000e+01   2.0000000e+01   1.1462490e-16   3.8750000e-03   3.8750000e-03
   2.1000000e+01   2.0000000e+01   2.5968513e-16   5.2812500e-03   5.2812500e-03
   2.2000000e+01   2.0000000e+01   2.2624190e-16   6.0000000e-03   6.0000000e-03
   2.3000000e+01   2.0000000e+01   2.6271353e-16   5.9375000e-03   5.9375000e-03
   2.4000000e+01   2.0000000e+01   1.0038908e-16   3.1562500e-03   3.1562500e-03
   2.5000000e+01   2.0000000e+01   2.2074213e-16   5.5312500e-03   5.5312500e-03
   2.6000000e+01   2.0000000e+01   2.8741762e-16   6.1250000e-03   6.1250000e-03
   2.7000000e+01   2.0000000e+01   2.8739930e-16   6.4062500e-03   6.4062500e-03
   2.8000000e+01   2.0000000e+01   2.5678241e-16   5.5312500e-03   5.5312500e-03
   2.9000000e+01   2.0000000e+01   7.1153165e-17   2.8125000e-03   2.8125000e-03
   3.0000000e+01   2.0000000e+01   2.0507832e-16   5.3750000e-03   5.3750000e-03
   3.1000000e+01   2.0000000e+01   2.7987420e-16   6.6250000e-03   6.6250000e-03
   3.2000000e+01   2.0000000e+01   2.4769874e-16   5.1875000e-03   5.1875000e-03
   3.3000000e+01   2.0000000e+01   1.2219618e-16   4.9375000e-03   4.9375000e-03
   3.4000000e+01   2.0000000e+01   2.1606544e-16   5.6250000e-03   5.6250000e-03
   3.5000000e+01   2.0000000e+01   2.6836748e-16   5.4375000e-03   5.4375000e-03
   1.0000000e+00   2.1000000e+01   1.8526181e-16   5.4375000e-03   5.4375000e-03
   2.0000000e+00   2.1000000e+01   2.8363838e-16   5.9687500e-03   5.9687500e-03
   3.0000000e+00   2.1000000e+01   2.7277259e-16   5.7187500e-03   5.7187500e-03
   4.0000000e+00   2.1000000e+01   2.1089252e-16   5.4687500e-03   5.4687500e-03
   5.0000000e+00   2.1000000e+01   2.4547981e-16   5.9062500e-03   5.9062500e-03
   6.0000000e+00   2.1000000e+01   3.4665831e-16   6.7812500e-03   6.7812500e-03
   7.0000000e+00   2.1000000e+01   1.5507708e-16   4.4687500e-03   4.4687500e-03
   8.0000000e+00   2.1000000e+01   2.3323079e-16   5.8750000e-03   5.8750000e-03
   9.0000000e+00   2.1000000e+01   2.6276803e-16   6.0625000e-03   6.0625000e-03
   1.0000000e+01   2.1000000e+01   2.3351363e-16   5.5312500e-03   5.5312500e-03
   1.1000000e+01   2.1000000e+01   1.5506182e-16   5.2500000e-03   5.2500000e-03
   1.2000000e+01   2.1000000e+01   9.4733729e-17   3.8750000e-03   3.8750000e-03
   1.3000000e+01   2.1000000e+01   2.0924298e-16   5.2812500e-03   5.2812500e-03
   1.4000000e+01   2.1000000e+01   2.6292719e-16   5.7812500e-03   5.7812500e-03
   1.5000000e+01   2.1000000e+01   1.0613330e-16   4.4375000e-03   4.4375000e-03
   1.6000000e+01   2.1000000e+01   1.7398352e-16   5.2187500e-03   5.2187500e-03
   1.7000000e+01   2.1000000e+01   2.9060808e-16   6.6562500e-03   6.6562500e-03
   1.8000000e+01   2.1000000e+01   2.4870672e-16   5.7812500e-03   5.7812500e-03
   1.9000000e+01   2.1000000e+01   1.1715277e-16   3.7187500e-03   3.7187500e-03
   2.0000000e+01   2.1000000e+01   2.3041513e-16   5.2187500e-03   5.2187500e-03
   2.1000000e+01   2.1000000e+01   1.5254248e-16   5.5625000e-03   5.5625000e-03
   2.2000000e+01   2.1000000e+01   3.3322425e-16   6.3437500e-03   6.3437500e-03
   2.3000000e+01   2.1000000e+01   1.5922573e-16   6.5000000e-03   6.5000000e-03
   2.4000000e+01   2.1000000e+01   2.1517298e-16   6.7187500e-03   6.7187500e-03
   2.5000000e+01   2.1000000e+01   3.2519760e-16   6.3437500e-03   6.3437500e-03
   2.6000000e+01   2.1000000e+01   2.4213695e-16   5.1875000e-03   5.1875000e-03
   2.7000000e+01   2.1000000e+01   9.3776297e-17   3.6875000e-03   3.6875000e-03
   2.8000000e+01   2.1000000e+01   2.5539959e-16   6.5937500e-03   6.5937500e-03
   2.9000000e+01   2.1000000e+01   2.7838914e-16   5.2500000e-03   5.2500000e-03
   3.0000000e+01   2.1000000e+01   3.1810718e-16   5.9062500e-03   5.9062500e-03
   3.1000000e+01   2.1000000e+01   1.0875668e-16   3.8437500e-03   3.8437500e-03
   3.2000000e+01   2.1000000e+01   2.1900274e-16   5.7187500e-03   5.7187500e-03
   3.3000000e+01   2.1000000e+01   2.1045725e-16   5.8750000e-03   5.8750000e-03
   3.4000000e+01   2.1000000e+01   2.8874198e-16   5.6562500e-03   5.6562500e-03
   3.5000000e+01   2.1000000e+01   2.8822393e-16   7.0312500e-03   7.0312500e-03
   1.0000000e+00   2.2000000e+01   1.1542904e-16   4.2500000e-03   4.2500000e-03
   2.0000000e+00   2.2000000e+01   1.9146987e-16   4.5625000e-03   4.5625000e-03
   3.0000000e+00   2.2000000e+01   2.6530782e-16   6.7812500e-03   6.7812500e-03
   4.0000000e+00   2.2000000e+01   3.4457040e-16   7.6562500e-03   7.6562500e-03
   5.0000000e+00   2.2000000e+01   3.2036273e-16   6.8125000e-03   6.8125000e-03
   6.0000000e+00   2.2000000e+01   9.4715760e-17   3.6562500e-03   3.6562500e-03
   7.0000000e+00   2.2000000e+01   9.1291772e-17   3.5312500e-03   3.5312500e-03
   8.0000000e+00   2.2000000e+01   2.0841297e-16   5.7187500e-03   5.7187500e-03
   9.0000000e+00   2.2000000e+01   1.7961292e-16   6.4375000e-03   6.4375000e-03
   1.0000000e+01   2.2000000e+01   2.8507274e-16   6.7500000e-03   6.7500000e-03
   1.1000000e+01   2.2000000e+01   3.1983978e-16   6.3750000e-03   6.3750000e-03
   1.2000000e+01   2.2000000e+01   7.7454556e-17   3.8125000e-03   3.8125000e-03
   1.3000000e+01   2.2000000e+01   1.9466952e-16   5.9062500e-03   5.9062500e-03
   1.4000000e+01   2.2000000e+01   2.3291011e-16   5.2187500e-03   5.2187500e-03
   1.5000000e+01   2.2000000e+01   2.6638715e-16   6.2500000e-03   6.2500000e-03
   1.6000000e+01   2.2000000e+01   1.1341187e-16   4.0000000e-03   4.0000000e-03
   1.7000000e+01   2.2000000e+01   2.0376227e-16   6.8750000e-03   6.8750000e-03
   1.8000000e+01   2.2000000e+01   3.0611740e-16   6.5937500e-03   6.5937500e-03
   1.9000000e+01   2.2000000e+01   2.3604922e-16   5.0312500e-03   5.0312500e-03
   2.0000000e+01   2.2000000e+01   9.0987160e-17   3.6562500e-03   3.6562500e-03
   2.1000000e+01   2.2000000e+01   1.7445337e-16   4.7187500e-03   4.7187500e-03
   2.2000000e+01   2.2000000e+01   2.4594712e-16   5.4062500e-03   5.4062500e-03
   2.3000000e+01   2.2000000e+01   2.5578018e-16   4.9062500e-03   4.9062500e-03
   2.4000000e+01   2.2000000e+01   9.7807103e-17   3.7500000e-03   3.7500000e-03
   2.5000000e+01   2.2000000e+01   2.2516189e-16   6.6562500e-03   6.6562500e-03
   2.6000000e+01   2.2000000e+01   1.6037281e-16   4.6875000e-03   4.6875000e-03
   2.7000000e+01   2.2000000e+01   1.9950595e-16   5.9687500e-03   5.9687500e-03
   2.8000000e+01   2.2000000e+01   1.3498738e-16   4.6562500e-03   4.6562500e-03
   2.9000000e+01   2.2000000e+01   3.9153959e-16   8.0312500e-03   8.0312500e-03
   3.0000000e+01   2.2000000e+01   1.1559695e-16   3.6875000e-03   3.6875000e-03
   3.1000000e+01   2.2000000e+01   2.6647826e-16   6.6250000e-03   6.6250000e-03
   3.2000000e+01   2.2000000e+01   2.4201819e-16   6.7187500e-03   6.7187500e-03
   3.3000000e+01   2.2000000e+01   2.8286803e-16   7.0000000e-03   7.0000000e-03
   3.4000000e+01   2.2000000e+01   9.4362162e-17   3.4062500e-03   3.4062500e-03
   3.5000000e+01   2.2000000e+01   1.5535185e-16   4.9375000e-03   4.9375000e-03
   1.0000000e+00   2.3000000e+01   1.3901752e-16   4.4375000e-03   4.4375000e-03
   2.0000000e+00   2.3000000e+01   2.6334409e-16   6.0937500e-03   6.0937500e-03
   3.0000000e+00   2.3000000e+01   2.0481447e-16   5.6875000e-03   5.6875000e-03
   4.0000000e+00   2.3000000e+01   2.0461603e-16   5.9687500e-03   5.9687500e-03
   5.0000000e+00   2.3000000e+01   2.2889298e-16   6.6250000e-03   6.6250000e-03
   6.0000000e+00   2.3000000e+01   1.3003282e-16   5.7500000e-03   5.7500000e-03
   7.0000000e+00   2.3000000e+01   2.5080657e-16   6.2812500e-03   6.2812500e-03
   8.0000000e+00   2.3000000e+01   3.9802004e-16   7.9375000e-03   7.9375000e-03
   9.0000000e+00   2.3000000e+01   2.5387199e-16   6.9375000e-03   6.9375000e-03
   1.0000000e+01   2.3000000e+01   2.4138888e-16   7.0625000e-03   7.0625000e-03
   1.1000000e+01   2.3000000e+01   2.9093830e-16   7.6875000e-03   7.6875000e-03
   1.2000000e+01   2.3000000e+01   2.1693912e-16   6.0625000e-03   6.0625000e-03
   1.3000000e+01   2.3000000e+01   2.6990054e-16   7.5625000e-03   7.5625000e-03
   1.4000000e+01   2.3000000e+01   1.3532270e-16   4.4375000e-03   4.4375000e-03
   1.5000000e+01   2.3000000e+01   1.8019410e-16   4.3750000e-03   4.3750000e-03
   1.6000000e+01   2.3000000e+01   1.4153763e-16   5.1562500e-03   5.1562500e-03
   1.7000000e+01   2.3000000e+01   1.7932067e-16   5.7812500e-03   5.7812500e-03
   1.8000000e+01   2.3000000e+01   3.1674726e-16   6.0937500e-03   6.0937500e-03
   1.9000000e+01   2.3000000e+01   2.4034187e-16   5.9687500e-03   5.9687500e-03
   2.0000000e+01   2.3000000e+01   2.8389173e-16   5.4375000e-03   5.4375000e-03
   2.1000000e+01   2.3000000e+01   2.1876458e-16   5.3750000e-03   5.3750000e-03
   2.2000000e+01   2.3000000e+01   9.6033882e-17   3.1875000e-03   3.1875000e-03
   2.3000000e+01   2.3000000e+01   1.9045431e-16   5.8750000e-03   5.8750000e-03
   2.4000000e+01   2.3000000e+01   3.3827873e-16   7.7187500e-03   7.7187500e-03
   2.5000000e+01   2.3000000e+01   1.9169173e-16   6.2812500e-03   6.2812500e-03
   2.6000000e+01   2.3000000e+01   1.8582756e-16   5.2812500e-03   5.2812500e-03
   2.7000000e+01   2.3000000e+01   2.5630311e-16   5.8437500e-03   5.8437500e-03
   2.8000000e+01   2.3000000e+01   1.2812872e-16   4.8437500e-03   4.8437500e-03
   2.9000000e+01   2.3000000e+01   1.8919939e-16   5.5937500e-03   5.5937500e-03
   3.0000000e+01   2.3000000e+01   2.4279191e-16   5.6250000e-03   5.6250000e-03
   3.1000000e+01   2.3000000e+01   7.6027104e-17   3.1875000e-03   3.1875000e-03
   3.2000000e+01   2.3000000e+01   1.6025995e-16   5.3437500e-03   5.3437500e-03
   3.3000000e+01   2.3000000e+01   2.0851360e-16   8.0312500e-03   8.0312500e-03
   3.4000000e+01   2.3000000e+01   1.4402522e-16   4.1875000e-03   4.1875000e-03
   3.5000000e+01   2.3000000e+01   2.2312503e-16   5.0625000e-03   5.0625000e-03
   1.0000000e+00   2.4000000e+01   2.4291702e-16   7.1875000e-03   7.1875000e-03
   2.0000000e+00   2.4000000e+01   1.2403380e-16   4.1562500e-03   4.1562500e-03
   3.0000000e+00   2.4000000e+01   3.0018555e-16   5.8437500e-03   5.8437500e-03
   4.0000000e+00   2.4000000e+01   1.2300584e-16   3.7812500e-03   3.7812500e-03
   5.0000000e+00   2.4000000e+01   2.2544079e-16   6.7500000e-03   6.7500000e-03
   6.0000000e+00   2.4000000e+01   1.2383329e-16   4.4062500e-03   4.4062500e-03
   7.0000000e+00   2.4000000e+01   1.7784781e-16   5.4062500e-03   5.4062500e-03
   8.0000000e+00   2.4000000e+01   1.0209115e-16   4.2187500e-03   4.2187500e-03
   9.0000000e+00   2.4000000e+01   2.1068493e-16   5.9687500e-03   5.9687500e-03
   1.0000000e+01   2.4000000e+01   1.8046773e-16   5.2500000e-03   5.2500000e-03
   1.1000000e+01   2.4000000e+01   1.5002977e-16   5.0625000e-03   5.0625000e-03
   1.2000000e+01   2.4000000e+01   7.6379436e-17   3.3750000e-03   3.3750000e-03
   1.3000000e+01   2.4000000e+01   2.4758296e-16   6.5000000e-03   6.5000000e-03
   1.4000000e+01   2.4000000e+01   1.3077375e-16   4.5625000e-03   4.5625000e-03
   1.5000000e+01   2.4000000e+01   3.4466606e-16   7.9687500e-03   7.9687500e-03
   1.6000000e+01   2.4000000e+01   1.4302063e-16   4.6250000e-03   4.6250000e-03
   1.7000000e+01   2.4000000e+01   9.2303532e-17   3.3437500e-03   3.3437500e-03
   1.8000000e+01   2.4000000e+01   2.3903300e-16   6.7500000e-03   6.7500000e-03
   1.9000000e+01   2.4000000e+01   1.0513565e-16   3.0625000e-03   3.0625000e-03
   2.0000000e+01   2.4000000e+01   2.8317447e-16   7.2812500e-03   7.2812500e-03
   2.1000000e+01   2.4000000e+01   1.9202337e-16   5.2812500e-03   5.2812500e-03
   2.2000000e+01   2.4000000e+01   2.9476306e-16   6.1875000e-03   6.1875000e-03
   2.3000000e+01   2.4000000e+01   8.2698139e-17   3.5000000e-03   3.5000000e-03
   2.4000000e+01   2.4000000e+01   2.8732005e-16   7.6875000e-03   7.6875000e-03
   2.5000000e+01   2.4000000e+01   1.6562117e-16   6.0937500e-03   6.0937500e-03
   2.6000000e+01   2.4000000e+01   3.2045925e-16   6.6562500e-03   6.6562500e-03
   2.7000000e+01   2.4000000e+01   9.3249104e-17   3.7187500e-03   3.7187500e-03
   2.8000000e+01   2.4000000e+01   3.5115475e-16   7.5312500e-03   7.5312500e-03
   2.9000000e+01   2.4000000e+01   1.6273305e-16   4.8125000e-03   4.8125000e-03
   3.0000000e+01   2.4000000e+01   2.5458136e-16   6.0000000e-03   6.0000000e-03
   3.1000000e+01   2.4000000e+01   3.1317291e-16   6.2187500e-03   6.2187500e-03
   3.2000000e+01   2.4000000e+01   1.0635984e-16   4.1875000e-03   4.1875000e-03
   3.3000000e+01   2.4000000e+01   3.1028326e-16   7.0937500e-03   7.0937500e-03
   3.4000000e+01   2.4000000e+01   2.0646711e-16   5.4062500e-03   5.4062500e-03
   3.5000000e+01   2.4000000e+01   1.0920920e-16   3.1250000e-03   3.1250000e-03
   1.0000000e+00   2.5000000e+01   1.9751999e-16   6.6562500e-03   6.6562500e-03
   2.0000000e+00   2.5000000e+01   1.2223321e-16   4.7500000e-03   4.7500000e-03
   3.0000000e+00   2.5000000e+01   3.4294887e-16   6.3437500e-03   6.3437500e-03
   4.0000000e+00   2.5000000e+01   2.0097553e-16   5.5625000e-03   5.5625000e-03
   5.0000000e+00   2.5000000e+01   3.3703837e-16   7.5625000e-03   7.5625000e-03
   6.0000000e+00   2.5000000e+01   2.2683125e-16   6.2500000e-03   6.2500000e-03
   7.0000000e+00   2.5000000e+01   9.1667589e-17   4.6875000e-03   4.6875000e-03
   8.0000000e+00   2.5000000e+01   2.9723008e-16   6.9687500e-03   6.9687500e-03
   9.0000000e+00   2.5000000e+01   2.5251310e-16   6.4062500e-03   6.4062500e-03
   1.0000000e+01   2.5000000e+01   1.1810657e-16   4.2500000e-03   4.2500000e-03
   1.1000000e+01   2.5000000e+01   2.9933021e-16   6.8750000e-03   6.8750000e-03
   1.2000000e+01   2.5000000e+01   2.1618435e-16   5.5625000e-03   5.5625000e-03
   1.3000000e+01   2.5000000e+01   2.7179441e-16   5.9375000e-03   5.9375000e-03
   1.4000000e+01   2.5000000e+01   1.0444475e-16   3.7187500e-03   3.7187500e-03
   1.5000000e+01   2.5000000e+01   1.0464937e-16   4.0000000e-03   4.0000000e-03
   1.6000000e+01   2.5000000e+01   2.1067353e-16   5.2500000e-03   5.2500000e-03
   1.7000000e+01   2.5000000e+01   3.6677100e-16   8.2187500e-03   8.2187500e-03
   1.8000000e+01   2.5000000e+01   3.2709799e-16   7.8750000e-03   7.8750000e-03
   1.9000000e+01   2.5000000e+01   2.5421601e-16   5.9687500e-03   5.9687500e-03
   2.0000000e+01   2.5000000e+01   2.9314349e-16   6.0312500e-03   6.0312500e-03
   2.1000000e+01   2.5000000e+01   3.4313259e-16   6.6875000e-03   6.6875000e-03
   2.2000000e+01   2.5000000e+01   2.9457548e-16   6.9375000e-03   6.9375000e-03
   2.3000000e+01   2.5000000e+01   1.8287661e-16   4.2500000e-03   4.2500000e-03
   2.4000000e+01   2.5000000e+01   3.0163019e-16   6.1250000e-03   6.1250000e-03
   2.5000000e+01   2.5000000e+01   1.0044957e-16   3.5312500e-03   3.5312500e-03
   2.6000000e+01   2.5000000e+01   2.0525568e-16   5.5000000e-03   5.5000000e-03
   2.7000000e+01   2.5000000e+01   3.2816991e-16   6.5625000e-03   6.5625000e-03
   2.8000000e+01   2.5000000e+01   3.1872922e-16   6.8437500e-03   6.8437500e-03
   2.9000000e+01   2.5000000e+01   3.0336500e-16   6.4687500e-03   6.4687500e-03
   3.0000000e+01   2.5000000e+01   2.6216532e-16   7.5625000e-03   7.5625000e-03
   3.1000000e+01   2.5000000e+01   1.5141937e-16   5.4375000e-03   5.4375000e-03
   3.2000000e+01   2.5000000e+01   1.1684197e-16   4.0000000e-03   4.0000000e-03
   3.3000000e+01   2.5000000e+01   3.0026975e-16   5.2500000e-03   5.2500000e-03
   3.4000000e+01   2.5000000e+01   3.5293081e-16   7.5937500e-03   7.5937500e-03
   3.5000000e+01   2.5000000e+01   2.9745724e-16   6.3125000e-03   6.3125000e-03
   1.0000000e+00   2.6000000e+01   2.9264565e-16   5.8750000e-03   5.8750000e-03
   2.0000000e+00   2.6000000e+01   2.4520272e-16   5.9375000e-03   5.9375000e-03
   3.0000000e+00   2.6000000e+01   2.9988886e-16   6.2812500e-03   6.2812500e-03
   4.0000000e+00   2.6000000e+01   2.9719413e-16   5.7812500e-03   5.7812500e-03
   5.0000000e+00   2.6000000e+01   3.0110331e-16   6.6875000e-03   6.6875000e-03
   6.0000000e+00   2.6000000e+01   2.7493659e-16   6.8437500e-03   6.8437500e-03
   7.0000000e+00   2.6000000e+01   3.2702088e-16   6.9687500e-03   6.9687500e-03
   8.0000000e+00   2.6000000e+01   1.9693081e-16   5.1562500e-03   5.1562500e-03
   9.0000000e+00   2.6000000e+01   1.8178286e-16   5.4062500e-03   5.4062500e-03
   1.0000000e+01   2.6000000e+01   2.6047003e-16   5.8437500e-03   5.8437500e-03
   1.1000000e+01   2.6000000e+01   2.0517430e-16   5.2812500e-03   5.2812500e-03
   1.2000000e+01   2.6000000e+01   1.2852947e-16   4.3750000e-03   4.3750000e-03
   1.3000000e+01   2.6000000e+01   1.0806636e-16   4.5937500e-03   4.5937500e-03
   1.4000000e+01   2.6000000e+01   9.3678281e-17   4.0937500e-03   4.0937500e-03
   1.5000000e+01   2.6000000e+01   1.0117839e-16   3.4375000e-03   3.4375000e-03
   1.6000000e+01   2.6000000e+01   9.7408255e-17   3.9687500e-03   3.9687500e-03
   1.7000000e+01   2.6000000e+01   1.2790700e-16   4.3125000e-03   4.3125000e-03
   1.8000000e+01   2.6000000e+01   2.0131672e-16   5.0625000e-03   5.0625000e-03
   1.9000000e+01   2.6000000e+01   1.6337731e-16   5.0625000e-03   5.0625000e-03
   2.0000000e+01   2.6000000e+01   2.1270678e-16   6.3437500e-03   6.3437500e-03
   2.1000000e+01   2.6000000e+01   2.9227075e-16   6.9062500e-03   6.9062500e-03
   2.2000000e+01   2.6000000e+01   2.4041961e-16   4.9062500e-03   4.9062500e-03
   2.3000000e+01   2.6000000e+01   2.4829806e-16   6.8437500e-03   6.8437500e-03
   2.4000000e+01   2.6000000e+01   1.9579999e-16   4.7500000e-03   4.7500000e-03
   2.5000000e+01   2.6000000e+01   1.5319627e-16   4.8125000e-03   4.8125000e-03
   2.6000000e+01   2.6000000e+01   1.9419571e-16   5.1562500e-03   5.1562500e-03
   2.7000000e+01   2.6000000e+01   1.7423996e-16   5.2500000e-03   5.2500000e-03
   2.8000000e+01   2.6000000e+01   2.0371472e-16   5.1875000e-03   5.1875000e-03
   2.9000000e+01   2.6000000e+01   1.6193901e-16   4.9062500e-03   4.9062500e-03
   3.0000000e+01   2.6000000e+01   2.4795810e-16   5.5000000e-03   5.5000000e-03
   3.1000000e+01   2.6000000e+01   1.3805110e-16   4.6875000e-03   4.6875000e-03
   3.2000000e+01   2.6000000e+01   7.9944237e-17   3.5312500e-03   3.5312500e-03
   3.3000000e+01   2.6000000e+01   8.3118034e-17   3.0625000e-03   3.0625000e-03
   3.4000000e+01   2.6000000e+01   2.2526136e-16   5.6875000e-03   5.6875000e-03
   3.5000000e+01   2.6000000e+01   2.3307192e-16   6.5625000e-03   6.5625000e-03
   1.0000000e+00   2.7000000e+01   3.0479731e-16   6.5000000e-03   6.5000000e-03
   2.0000000e+00   2.7000000e+01   1.9699791e-16   5.0000000e-03   5.0000000e-03
   3.0000000e+00   2.7000000e+01   2.7364572e-16   6.2187500e-03   6.2187500e-03
   4.0000000e+00   2.7000000e+01   1.2245969e-16   4.6875000e-03   4.6875000e-03
   5.0000000e+00   2.7000000e+01   1.2018169e-16   4.4062500e-03   4.4062500e-03
   6.0000000e+00   2.7000000e+01   1.5473484e-16   4.8125000e-03   4.8125000e-03
   7.0000000e+00   2.7000000e+01   2.5803133e-16   5.0312500e-03   5.0312500e-03
   8.0000000e+00   2.7000000e+01   8.1285625e-17   3.1562500e-03   3.1562500e-03
   9.0000000e+00   2.7000000e+01   1.8111039e-16   6.1562500e-03   6.1562500e-03
   1.0000000e+01   2.7000000e+01   3.4986400e-16   6.9687500e-03   6.9687500e-03
   1.1000000e+01   2.7000000e+01   1.7362491e-16   4.7187500e-03   4.7187500e-03
   1.2000000e+01   2.7000000e+01   1.8484410e-16   5.6875000e-03   5.6875000e-03
   1.3000000e+01   2.7000000e+01   3.0053122e-16   6.2500000e-03   6.2500000e-03
   1.4000000e+01   2.7000000e+01   7.9960190e-17   3.5937500e-03   3.5937500e-03
   1.5000000e+01   2.7000000e+01   1.6068139e-16   5.1875000e-03   5.1875000e-03
   1.6000000e+01   2.7000000e+01   2.4883508e-16   6.5937500e-03   6.5937500e-03
   1.7000000e+01   2.7000000e+01   2.3801272e-16   6.5937500e-03   6.5937500e-03
   1.8000000e+01   2.7000000e+01   3.4563161e-16   6.9062500e-03   6.9062500e-03
   1.9000000e+01   2.7000000e+01   2.2141242e-16   5.0000000e-03   5.0000000e-03
   2.0000000e+01   2.7000000e+01   1.2515078e-16   4.4375000e-03   4.4375000e-03
   2.1000000e+01   2.7000000e+01   1.2469473e-16   3.9375000e-03   3.9375000e-03
   2.2000000e+01   2.7000000e+01   1.7850489e-16   5.2812500e-03   5.2812500e-03
   2.3000000e+01   2.7000000e+01   1.4457629e-16   4.4687500e-03   4.4687500e-03
   2.4000000e+01   2.7000000e+01   2.0139780e-16   5.5312500e-03   5.5312500e-03
   2.5000000e+01   2.7000000e+01   2.6760866e-16   6.6562500e-03   6.6562500e-03
   2.6000000e+01   2.7000000e+01   3.3282280e-16   5.5000000e-03   5.5000000e-03
   2.7000000e+01   2.7000000e+01   2.9466471e-16   5.7812500e-03   5.7812500e-03
   2.8000000e+01   2.7000000e+01   1.1976868e-16   3.9687500e-03   3.9687500e-03
   2.9000000e+01   2.7000000e+01   1.4324684e-16   4.1875000e-03   4.1875000e-03
   3.0000000e+01   2.7000000e+01   2.1157298e-16   4.7812500e-03   4.7812500e-03
   3.1000000e+01   2.7000000e+01   2.6876200e-16   5.6562500e-03   5.6562500e-03
   3.2000000e+01   2.7000000e+01   2.0421870e-16   5.1562500e-03   5.1562500e-03
   3.3000000e+01   2.7000000e+01   2.2499556e-16   5.6562500e-03   5.6562500e-03
   3.4000000e+01   2.7000000e+01   1.6769485e-16   4.4687500e-03   4.4687500e-03
   3.5000000e+01   2.7000000e+01   1.1237978e-16   3.6562500e-03   3.6562500e-03
   1.0000000e+00   2.8000000e+01   1.4036178e-16   3.9062500e-03   3.9062500e-03
   2.0000000e+00   2.8000000e+01   2.7832380e-16   6.1250000e-03   6.1250000e-03
   3.0000000e+00   2.8000000e+01   2.4002770e-16   6.7812500e-03   6.7812500e-03
   4.0000000e+00   2.8000000e+01   1.0010074e-16   3.7187500e-03   3.7187500e-03
   5.0000000e+00   2.8000000e+01   1.4587318e-16   4.8125000e-03   4.8125000e-03
   6.0000000e+00   2.8000000e+01   1.0488367e-16   4.0312500e-03   4.0312500e-03
   7.0000000e+00   2.8000000e+01   1.6657451e-16   6.0625000e-03   6.0625000e-03
   8.0000000e+00   2.8000000e+01   2.3960636e-16   6.1875000e-03   6.1875000e-03
   9.0000000e+00   2.8000000e+01   3.2411096e-16   6.2187500e-03   6.2187500e-03
   1.0000000e+01   2.8000000e+01   9.1578275e-17   3.5937500e-03   3.5937500e-03
   1.1000000e+01   2.8000000e+01   1.0237437e-16   3.9062500e-03   3.9062500e-03
   1.2000000e+01   2.8000000e+01   1.1204559e-16   4.6562500e-03   4.6562500e-03
   1.3000000e+01   2.8000000e+01   1.4416408e-16   4.0937500e-03   4.0937500e-03
   1.4000000e+01   2.8000000e+01   7.5863352e-17   3.3437500e-03   3.3437500e-03
   1.5000000e+01   2.8000000e+01   2.1535653e-16   5.9375000e-03   5.9375000e-03
   1.6000000e+01   2.8000000e+01   1.9817415e-16   5.1875000e-03   5.1875000e-03
   1.7000000e+01   2.8000000e+01   2.2198550e-16   6.4062500e-03   6.4062500e-03
   1.8000000e+01   2.8000000e+01   2.2577987e-16   6.2187500e-03   6.2187500e-03
   1.9000000e+01   2.8000000e+01   1.1135369e-16   4.0312500e-03   4.0312500e-03
   2.0000000e+01   2.8000000e+01   1.4940303e-16   4.6250000e-03   4.6250000e-03
   2.1000000e+01   2.8000000e+01   1.9932685e-16   6.3125000e-03   6.3125000e-03
   2.2000000e+01   2.8000000e+01   2.0322281e-16   5.5312500e-03   5.5312500e-03
   2.3000000e+01   2.8000000e+01   1.0989747e-16   3.2812500e-03   3.2812500e-03
   2.4000000e+01   2.8000000e+01   1.7864515e-16   4.7500000e-03   4.7500000e-03
   2.5000000e+01   2.8000000e+01   2.4164965e-16   5.8125000e-03   5.8125000e-03
   2.6000000e+01   2.8000000e+01   2.7344745e-16   7.1562500e-03   7.1562500e-03
   2.7000000e+01   2.8000000e+01   5.1371639e-17   2.7812500e-03   2.7812500e-03
   2.8000000e+01   2.8000000e+01   2.1858656e-16   5.7187500e-03   5.7187500e-03
   2.9000000e+01   2.8000000e+01   2.6659921e-16   6.5312500e-03   6.5312500e-03
   3.0000000e+01   2.8000000e+01   9.0679251e-17   3.5625000e-03   3.5625000e-03
   3.1000000e+01   2.8000000e+01   1.7690216e-16   4.7500000e-03   4.7500000e-03
   3.2000000e+01   2.8000000e+01   2.8443442e-16   6.5625000e-03   6.5625000e-03
   3.3000000e+01   2.8000000e+01   1.5790820e-16   4.5312500e-03   4.5312500e-03
   3.4000000e+01   2.8000000e+01   1.7926542e-16   5.1250000e-03   5.1250000e-03
   3.5000000e+01   2.8000000e+01   2.1174048e-16   5.1875000e-03   5.1875000e-03
   1.0000000e+00   2.9000000e+01   1.7584841e-16   6.0000000e-03   6.0000000e-03
   2.0000000e+00   2.9000000e+01   2.2416955e-16   5.7500000e-03   5.7500000e-03
   3.0000000e+00   2.9000000e+01   2.1491709e-16   5.4375000e-03   5.4375000e-03
   4.0000000e+00   2.9000000e+01   1.0603947e-16   4.6562500e-03   4.6562500e-03
   5.0000000e+00   2.9000000e+01   1.5011511e-16   4.1562500e-03   4.1562500e-03
   6.0000000e+00   2.9000000e+01   2.7475176e-16   5.7500000e-03   5.7500000e-03
   7.0000000e+00   2.9000000e+01   2.4994072e-16   5.1875000e-03   5.1875000e-03
   8.0000000e+00   2.9000000e+01   9.5292109e-17   3.2500000e-03   3.2500000e-03
   9.0000000e+00   2.9000000e+01   1.7718487e-16   5.5937500e-03   5.5937500e-03
   1.0000000e+01   2.9000000e+01   2.3234445e-16   5.4687500e-03   5.4687500e-03
   1.1000000e+01   2.9000000e+01   2.7701305e-16   6.1562500e-03   6.1562500e-03
   1.2000000e+01   2.9000000e+01   2.5506018e-16   5.4375000e-03   5.4375000e-03
   1.3000000e+01   2.9000000e+01   2.5246838e-16   5.5625000e-03   5.5625000e-03
   1.4000000e+01   2.9000000e+01   1.6573666e-16   4.4687500e-03   4.4687500e-03
   1.5000000e+01   2.9000000e+01   1.4908332e-16   4.3750000e-03   4.3750000e-03
   1.6000000e+01   2.9000000e+01   2.5168467e-16   5.3125000e-03   5.3125000e-03
   1.7000000e+01   2.9000000e+01   2.1693195e-16   4.3125000e-03   4.3125000e-03
   1.8000000e+01   2.9000000e+01   1.7196319e-16   4.8750000e-03   4.8750000e-03
   1.9000000e+01   2.9000000e+01   9.3195948e-17   3.9062500e-03   3.9062500e-03
   2.0000000e+01   2.9000000e+01   2.0701452e-16   4.3750000e-03   4.3750000e-03
   2.1000000e+01   2.9000000e+01   9.6138743e-17   4.4375000e-03   4.4375000e-03
   2.2000000e+01   2.9000000e+01   2.2111335e-16   5.6875000e-03   5.6875000e-03
   2.3000000e+01   2.9000000e+01   2.6865644e-16   6.5312500e-03   6.5312500e-03
   2.4000000e+01   2.9000000e+01   1.7195905e-16   4.9687500e-03   4.9687500e-03
   2.5000000e+01   2.9000000e+01   1.7998213e-16   4.4687500e-03   4.4687500e-03
   2.6000000e+01   2.9000000e+01   9.9624699e-17   3.6875000e-03   3.6875000e-03
   2.7000000e+01   2.9000000e+01   1.7158714e-16   4.9375000e-03   4.9375000e-03
   2.8000000e+01   2.9000000e+01   1.3371010e-16   4.7500000e-03   4.7500000e-03
   2.9000000e+01   2.9000000e+01   1.4274251e-16   4.5000000e-03   4.5000000e-03
   3.0000000e+01   2.9000000e+01   2.1948465e-16   6.7500000e-03   6.7500000e-03
   3.1000000e+01   2.9000000e+01   2.9380030e-16   6.6875000e-03   6.6875000e-03
   3.2000000e+01   2.9000000e+01   2.3006604e-16   5.1875000e-03   5.1875000e-03
   3.3000000e+01   2.9000000e+01   2.0335061e-16   5.3125000e-03   5.3125000e-03
   3.4000000e+01   2.9000000e+01   1.0909875e-16   4.3437500e-03   4.3437500e-03
   3.5000000e+01   2.9000000e+01   1.2942334e-16   3.6562500e-03   3.6562500e-03
   1.0000000e+00   3.0000000e+01   1.0381018e-16   3.5625000e-03   3.5625000e-03
   2.0000000e+00   3.0000000e+01   1.6600049e-16   4.6562500e-03   4.6562500e-03
   3.0000000e+00   3.0000000e+01   3.2098927e-16   6.3125000e-03   6.3125000e-03
   4.0000000e+00   3.0000000e+01   2.2636608e-16   4.9062500e-03   4.9062500e-03
   5.0000000e+00   3.0000000e+01   2.2269316e-16   5.5312500e-03   5.5312500e-03
   6.0000000e+00   3.0000000e+01   1.8943761e-16   5.4375000e-03   5.4375000e-03
   7.0000000e+00   3.0000000e+01   1.5032149e-16   5.7187500e-03   5.7187500e-03
   8.0000000e+00   3.0000000e+01   2.4964287e-16   5.4062500e-03   5.4062500e-03
   9.0000000e+00   3.0000000e+01   2.8242778e-16   7.4687500e-03   7.4687500e-03
   1.0000000e+01   3.0000000e+01   2.7241654e-16   6.8750000e-03   6.8750000e-03
   1.1000000e+01   3.0000000e+01   1.0927495e-16   4.2812500e-03   4.2812500e-03
   1.2000000e+01   3.0000000e+01   1.2573721e-16   4.5312500e-03   4.5312500e-03
   1.3000000e+01   3.0000000e+01   1.4176506e-16   4.3125000e-03   4.3125000e-03
   1.4000000e+01   3.0000000e+01   2.4764660e-16   6.6562500e-03   6.6562500e-03
   1.5000000e+01   3.0000000e+01   1.9127410e-16   5.1562500e-03   5.1562500e-03
   1.6000000e+01   3.0000000e+01   2.2409918e-16   4.4375000e-03   4.4375000e-03
   1.7000000e+01   3.0000000e+01   9.8287545e-17   4.5312500e-03   4.5312500e-03
   1.8000000e+01   3.0000000e+01   1.3746378e-16   4.6250000e-03   4.6250000e-03
   1.9000000e+01   3.0000000e+01   1.6210471e-16   5.0625000e-03   5.0625000e-03
   2.0000000e+01   3.0000000e+01   7.7751543e-17   3.9062500e-03   3.9062500e-03
   2.1000000e+01   3.0000000e+01   1.9136152e-16   5.0000000e-03   5.0000000e-03
   2.2000000e+01   3.0000000e+01   2.0585812e-16   5.3750000e-03   5.3750000e-03
   2.3000000e+01   3.0000000e+01   3.0533488e-16   7.5312500e-03   7.5312500e-03
   2.4000000e+01   3.0000000e+01   1.5363574e-16   3.9687500e-03   3.9687500e-03
   2.5000000e+01   3.0000000e+01   1.8992854e-16   4.4375000e-03   4.4375000e-03
   2.6000000e+01   3.0000000e+01   2.8454908e-16   6.9375000e-03   6.9375000e-03
   2.7000000e+01   3.0000000e+01   1.5192397e-16   4.9687500e-03   4.9687500e-03
   2.8000000e+01   3.0000000e+01   2.0188096e-16   5.5625000e-03   5.5625000e-03
   2.9000000e+01   3.0000000e+01   2.4400107e-16   5.8437500e-03   5.8437500e-03
   3.0000000e+01   3.0000000e+01   1.2440753e-16   4.5625000e-03   4.5625000e-03
   3.1000000e+01   3.0000000e+01   1.8930200e-16   6.1875000e-03   6.1875000e-03
   3.2000000e+01   3.0000000e+01   2.9097435e-16   7.3750000e-03   7.3750000e-03
   3.3000000e+01   3.0000000e+01   2.2516324e-16   6.1562500e-03   6.1562500e-03
   3.4000000e+01   3.0000000e+01   1.7125645e-16   4.9687500e-03   4.9687500e-03
   3.5000000e+01   3.0000000e+01   2.0125681e-16   6.8750000e-03   6.8750000e-03
   1.0000000e+00   3.1000000e+01   2.2523638e-16   5.1250000e-03   5.1250000e-03
   2.0000000e+00   3.1000000e+01   1.1664178e-16   5.3750000e-03   5.3750000e-03
   3.0000000e+00   3.1000000e+01   1.5290519e-16   5.1875000e-03   5.1875000e-03
   4.0000000e+00   3.1000000e+01   2.1136539e-16   6.1562500e-03   6.1562500e-03
   5.0000000e+00   3.1000000e+01   2.6020540e-16   5.4375000e-03   5.4375000e-03
   6.0000000e+00   3.1000000e+01   1.1876663e-16   4.0000000e-03   4.0000000e-03
   7.0000000e+00   3.1000000e+01   1.3299406e-16   4.5937500e-03   4.5937500e-03
   8.0000000e+00   3.1000000e+01   2.8357070e-16   6.4687500e-03   6.4687500e-03
   9.0000000e+00   3.1000000e+01   1.2948631e-16   4.0312500e-03   4.0312500e-03
   1.0000000e+01   3.1000000e+01   1.9547902e-16   5.4687500e-03   5.4687500e-03
   1.1000000e+01   3.1000000e+01   2.3880678e-16   5.3125000e-03   5.3125000e-03
   1.2000000e+01   3.1000000e+01   1.3954933e-16   3.8750000e-03   3.8750000e-03
   1.3000000e+01   3.1000000e+01   1.9183372e-16   5.2500000e-03   5.2500000e-03
   1.4000000e+01   3.1000000e+01   2.3114909e-16   4.7187500e-03   4.7187500e-03
   1.5000000e+01   3.1000000e+01   9.9251852e-17   3.2812500e-03   3.2812500e-03
   1.6000000e+01   3.1000000e+01   1.8660791e-16   5.4687500e-03   5.4687500e-03
   1.7000000e+01   3.1000000e+01   1.9696355e-16   5.4062500e-03   5.4062500e-03
   1.8000000e+01   3.1000000e+01   1.8164343e-16   5.3750000e-03   5.3750000e-03
   1.9000000e+01   3.1000000e+01   2.7229627e-16   6.0937500e-03   6.0937500e-03
   2.0000000e+01   3.1000000e+01   1.3869198e-16   4.0625000e-03   4.0625000e-03
   2.1000000e+01   3.1000000e+01   2.2690903e-16   6.1250000e-03   6.1250000e-03
   2.2000000e+01   3.1000000e+01   1.6218740e-16   5.1875000e-03   5.1875000e-03
   2.3000000e+01   3.1000000e+01   1.9800332e-16   5.0312500e-03   5.0312500e-03
   2.4000000e+01   3.1000000e+01   2.4660793e-16   6.0312500e-03   6.0312500e-03
   2.5000000e+01   3.1000000e+01   2.3676079e-16   6.5000000e-03   6.5000000e-03
   2.6000000e+01   3.1000000e+01   9.1242772e-17   3.5000000e-03   3.5000000e-03
   2.7000000e+01   3.1000000e+01   1.2752182e-16   4.6875000e-03   4.6875000e-03
   2.8000000e+01   3.1000000e+01   1.0173824e-16   4.5312500e-03   4.5312500e-03
   2.9000000e+01   3.1000000e+01   2.2059308e-16   6.7187500e-03   6.7187500e-03
   3.0000000e+01   3.1000000e+01   1.9400047e-16   4.6250000e-03   4.6250000e-03
   3.1000000e+01   3.1000000e+01   3.1638230e-16   6.4062500e-03   6.4062500e-03
   3.2000000e+01   3.1000000e+01   2.4940474e-16   6.3750000e-03   6.3750000e-03
   3.3000000e+01   3.1000000e+01   1.5792720e-16   4.4687500e-03   4.4687500e-03
   3.4000000e+01   3.1000000e+01   1.7028945e-16   5.2187500e-03   5.2187500e-03
   3.5000000e+01   3.1000000e+01   2.0850398e-16   5.3750000e-03   5.3750000e-03
   1.0000000e+00   3.2000000e+01   1.1508221e-16   3.9375000e-03   3.9375000e-03
   2.0000000e+00   3.2000000e+01   1.2656914e-16   4.3437500e-03   4.3437500e-03
   3.0000000e+00   3.2000000e+01   9.1220803e-17   3.1250000e-03   3.1250000e-03
   4.0000000e+00   3.2000000e+01   2.2491562e-16   5.1875000e-03   5.1875000e-03
   5.0000000e+00   3.2000000e+01   2.8095701e-16   6.2812500e-03   6.2812500e-03
   6.0000000e+00   3.2000000e+01   2.0352485e-16   5.1562500e-03   5.1562500e-03
   7.0000000e+00   3.2000000e+01   1.9682634e-16   5.6875000e-03   5.6875000e-03
   8.0000000e+00   3.2000000e+01   1.8755713e-16   4.8437500e-03   4.8437500e-03
   9.0000000e+00   3.2000000e+01   1.7695593e-16   5.4062500e-03   5.4062500e-03
   1.0000000e+01   3.2000000e+01   2.0710681e-16   4.5000000e-03   4.5000000e-03
   1.1000000e+01   3.2000000e+01   2.9317331e-16   7.0312500e-03   7.0312500e-03
   1.2000000e+01   3.2000000e+01   2.2012989e-16   5.1250000e-03   5.1250000e-03
   1.3000000e+01   3.2000000e+01   1.5259254e-16   4.5000000e-03   4.5000000e-03
   1.4000000e+01   3.2000000e+01   1.6888666e-16   5.1250000e-03   5.1250000e-03
   1.5000000e+01   3.2000000e+01   2.2630379e-16   6.3125000e-03   6.3125000e-03
   1.6000000e+01   3.2000000e+01   2.9811395e-16   6.4687500e-03   6.4687500e-03
   1.7000000e+01   3.2000000e+01   3.1261416e-16   7.1562500e-03   7.1562500e-03
   1.8000000e+01   3.2000000e+01   1.5852521e-16   4.7500000e-03   4.7500000e-03
   1.9000000e+01   3.2000000e+01   2.1024143e-16   5.2812500e-03   5.2812500e-03
   2.0000000e+01   3.2000000e+01   1.9603079e-16   4.7500000e-03   4.7500000e-03
   2.1000000e+01   3.2000000e+01   1.6270641e-16   4.8750000e-03   4.8750000e-03
   2.2000000e+01   3.2000000e+01   2.0235093e-16   4.5000000e-03   4.5000000e-03
   2.3000000e+01   3.2000000e+01   2.4060250e-16   7.4062500e-03   7.4062500e-03
   2.4000000e+01   3.2000000e+01   2.4418961e-16   6.2812500e-03   6.2812500e-03
   2.5000000e+01   3.2000000e+01   2.4845661e-16   6.4687500e-03   6.4687500e-03
   2.6000000e+01   3.2000000e+01   2.4185248e-16   5.7812500e-03   5.7812500e-03
   2.7000000e+01   3.2000000e+01   2.7245093e-16   5.0000000e-03   5.0000000e-03
   2.8000000e+01   3.2000000e+01   2.4196344e-16   5.8437500e-03   5.8437500e-03
   2.9000000e+01   3.2000000e+01   3.0681733e-16   5.5625000e-03   5.5625000e-03
   3.0000000e+01   3.2000000e+01   2.4486071e-16   6.5937500e-03   6.5937500e-03
   3.1000000e+01   3.2000000e+01   1.2776026e-16   3.3750000e-03   3.3750000e-03
   3.2000000e+01   3.2000000e+01   2.1703980e-16   5.9687500e-03   5.9687500e-03
   3.3000000e+01   3.2000000e+01   3.2605321e-16   7.5937500e-03   7.5937500e-03
   3.4000000e+01   3.2000000e+01   1.2645126e-16   4.7500000e-03   4.7500000e-03
   3.5000000e+01   3.2000000e+01   2.0599022e-16   4.9062500e-03   4.9062500e-03
   1.0000000e+00   3.3000000e+01   2.5002147e-16   5.4062500e-03   5.4062500e-03
   2.0000000e+00   3.3000000e+01   3.3759011e-16   7.1562500e-03   7.1562500e-03
   3.0000000e+00   3.3000000e+01   2.8933582e-16   5.8437500e-03   5.8437500e-03
   4.0000000e+00   3.3000000e+01   1.1851054e-16   3.5625000e-03   3.5625000e-03
   5.0000000e+00   3.3000000e+01   1.2025069e-16   4.7500000e-03   4.7500000e-03
   6.0000000e+00   3.3000000e+01   1.2348027e-16   3.9375000e-03   3.9375000e-03
   7.0000000e+00   3.3000000e+01   6.4050172e-17   2.8125000e-03   2.8125000e-03
   8.0000000e+00   3.3000000e+01   1.3070915e-16   3.8125000e-03   3.8125000e-03
   9.0000000e+00   3.3000000e+01   8.8184991e-17   3.5312500e-03   3.5312500e-03
   1.0000000e+01   3.3000000e+01   2.4514605e-16   6.0937500e-03   6.0937500e-03
   1.1000000e+01   3.3000000e+01   2.9983739e-16   5.6250000e-03   5.6250000e-03
   1.2000000e+01   3.3000000e+01   2.1869497e-16   5.4062500e-03   5.4062500e-03
   1.3000000e+01   3.3000000e+01   1.8216220e-16   6.3125000e-03   6.3125000e-03
   1.4000000e+01   3.3000000e+01   2.7035328e-16   6.1562500e-03   6.1562500e-03
   1.5000000e+01   3.3000000e+01   2.0543651e-16   4.9687500e-03   4.9687500e-03
   1.6000000e+01   3.3000000e+01   7.9260668e-17   3.5312500e-03   3.5312500e-03
   1.7000000e+01   3.3000000e+01   1.2124101e-16   4.5312500e-03   4.5312500e-03
   1.8000000e+01   3.3000000e+01   1.0093829e-16   3.8437500e-03   3.8437500e-03
   1.9000000e+01   3.3000000e+01   1.3139145e-16   4.1875000e-03   4.1875000e-03
   2.0000000e+01   3.3000000e+01   1.2659213e-16   3.7500000e-03   3.7500000e-03
   2.1000000e+01   3.3000000e+01   1.7439671e-16   4.7187500e-03   4.7187500e-03
   2.2000000e+01   3.3000000e+01   2.2236490e-16   5.9687500e-03   5.9687500e-03
   2.3000000e+01   3.3000000e+01   1.7171719e-16   5.1250000e-03   5.1250000e-03
   2.4000000e+01   3.3000000e+01   1.9656900e-16   5.5937500e-03   5.5937500e-03
   2.5000000e+01   3.3000000e+01   1.7968791e-16   5.3437500e-03   5.3437500e-03
   2.6000000e+01   3.3000000e+01   1.1279858e-16   4.0937500e-03   4.0937500e-03
   2.7000000e+01   3.3000000e+01   1.4241466e-16   4.2500000e-03   4.2500000e-03
   2.8000000e+01   3.3000000e+01   2.1158060e-16   5.9062500e-03   5.9062500e-03
   2.9000000e+01   3.3000000e+01   1.8594759e-16   5.2812500e-03   5.2812500e-03
   3.0000000e+01   3.3000000e+01   2.5861849e-16   5.9375000e-03   5.9375000e-03
   3.1000000e+01   3.3000000e+01   2.8445149e-16   5.9687500e-03   5.9687500e-03
   3.2000000e+01   3.3000000e+01   2.4671928e-16   6.7187500e-03   6.7187500e-03
   3.3000000e+01   3.3000000e+01   2.4343315e-16   5.6562500e-03   5.6562500e-03
   3.4000000e+01   3.3000000e+01   1.0914695e-16   3.6875000e-03   3.6875000e-03
   3.5000000e+01   3.3000000e+01   1.5208952e-16   4.8750000e-03   4.8750000e-03
   1.0000000e+00   3.4000000e+01   1.6804751e-16   4.0937500e-03   4.0937500e-03
   2.0000000e+00   3.4000000e+01   1.9507906e-16   5.2187500e-03   5.2187500e-03
   3.0000000e+00   3.4000000e+01   2.5551110e-16   5.4687500e-03   5.4687500e-03
   4.0000000e+00   3.4000000e+01   1.2817989e-16   4.0000000e-03   4.0000000e-03
   5.0000000e+00   3.4000000e+01   1.7167120e-16   4.4062500e-03   4.4062500e-03
   6.0000000e+00   3.4000000e+01   2.3506938e-16   6.5312500e-03   6.5312500e-03
   7.0000000e+00   3.4000000e+01   1.9799600e-16   5.1250000e-03   5.1250000e-03
   8.0000000e+00   3.4000000e+01   2.4385688e-16   6.4687500e-03   6.4687500e-03
   9.0000000e+00   3.4000000e+01   2.6642060e-16   5.5625000e-03   5.5625000e-03
   1.0000000e+01   3.4000000e+01   9.9655278e-17   4.5625000e-03   4.5625000e-03
   1.1000000e+01   3.4000000e+01   1.8808960e-16   5.8437500e-03   5.8437500e-03
   1.2000000e+01   3.4000000e+01   1.9874660e-16   5.3125000e-03   5.3125000e-03
   1.3000000e+01   3.4000000e+01   3.0665639e-16   5.6875000e-03   5.6875000e-03
   1.4000000e+01   3.4000000e+01   2.3331261e-16   5.2500000e-03   5.2500000e-03
   1.5000000e+01   3.4000000e+01   2.8011744e-16   6.4687500e-03   6.4687500e-03
   1.6000000e+01   3.4000000e+01   1.0497421e-16   3.6250000e-03   3.6250000e-03
   1.7000000e+01   3.4000000e+01   1.7916057e-16   5.0937500e-03   5.0937500e-03
   1.8000000e+01   3.4000000e+01   2.6774035e-16   6.2500000e-03   6.2500000e-03
   1.9000000e+01   3.4000000e+01   3.1965520e-16   5.8437500e-03   5.8437500e-03
   2.0000000e+01   3.4000000e+01   1.2036822e-16   3.9062500e-03   3.9062500e-03
   2.1000000e+01   3.4000000e+01   1.5421154e-16   3.9687500e-03   3.9687500e-03
   2.2000000e+01   3.4000000e+01   3.6131163e-16   7.9375000e-03   7.9375000e-03
   2.3000000e+01   3.4000000e+01   1.3656101e-16   5.2812500e-03   5.2812500e-03
   2.4000000e+01   3.4000000e+01   2.4305268e-16   7.0312500e-03   7.0312500e-03
   2.5000000e+01   3.4000000e+01   3.1535258e-16   5.7187500e-03   5.7187500e-03
   2.6000000e+01   3.4000000e+01   1.9108454e-16   5.4375000e-03   5.4375000e-03
   2.7000000e+01   3.4000000e+01   1.9098477e-16   4.7812500e-03   4.7812500e-03
   2.8000000e+01   3.4000000e+01   2.6404778e-16   6.5000000e-03   6.5000000e-03
   2.9000000e+01   3.4000000e+01   2.4491281e-16   5.5937500e-03   5.5937500e-03
   3.0000000e+01   3.4000000e+01   1.1718002e-16   4.6875000e-03   4.6875000e-03
   3.1000000e+01   3.4000000e+01   2.1223325e-16   5.8750000e-03   5.8750000e-03
   3.2000000e+01   3.4000000e+01   2.5301431e-16   6.8437500e-03   6.8437500e-03
   3.3000000e+01   3.4000000e+01   2.8202698e-16   6.1562500e-03   6.1562500e-03
   3.4000000e+01   3.4000000e+01   8.2827891e-17   3.6875000e-03   3.6875000e-03
   3.5000000e+01   3.4000000e+01   1.9732627e-16   4.6875000e-03   4.6875000e-03
   1.0000000e+00   3.5000000e+01   2.9238183e-16   6.4375000e-03   6.4375000e-03
   2.0000000e+00   3.5000000e+01   9.7050752e-17   3.5000000e-03   3.5000000e-03
   3.0000000e+00   3.5000000e+01   1.0839682e-16   4.0937500e-03   4.0937500e-03
   4.0000000e+00   3.5000000e+01   1.8381268e-16   5.5000000e-03   5.5000000e-03
   5.0000000e+00   3.5000000e+01   1.9185150e-16   7.0312500e-03   7.0312500e-03
   6.0000000e+00   3.5000000e+01   2.5174131e-16   5.1875000e-03   5.1875000e-03
   7.0000000e+00   3.5000000e+01   2.5750639e-16   6.1250000e-03   6.1250000e-03
   8.0000000e+00   3.5000000e+01   2.9646637e-16   6.4062500e-03   6.4062500e-03
   9.0000000e+00   3.5000000e+01   2.7448040e-16   6.7187500e-03   6.7187500e-03
   1.0000000e+01   3.5000000e+01   1.9476998e-16   5.0312500e-03   5.0312500e-03
   1.1000000e+01   3.5000000e+01   3.2623807e-16   6.4687500e-03   6.4687500e-03
   1.2000000e+01   3.5000000e+01   7.5491021e-17   3.0625000e-03   3.0625000e-03
   1.3000000e+01   3.5000000e+01   8.4704394e-17   3.4062500e-03   3.4062500e-03
   1.4000000e+01   3.5000000e+01   2.0880468e-16   5.7812500e-03   5.7812500e-03
   1.5000000e+01   3.5000000e+01   2.2527996e-16   5.1250000e-03   5.1250000e-03
   1.6000000e+01   3.5000000e+01   3.2260973e-16   6.6562500e-03   6.6562500e-03
   1.7000000e+01   3.5000000e+01   2.9912613e-16   6.6250000e-03   6.6250000e-03
   1.8000000e+01   3.5000000e+01   1.1344784e-16   3.5937500e-03   3.5937500e-03
   1.9000000e+01   3.5000000e+01   1.8819660e-16   4.6562500e-03   4.6562500e-03
   2.0000000e+01   3.5000000e+01   2.7523342e-16   6.0937500e-03   6.0937500e-03
   2.1000000e+01   3.5000000e+01   2.4117566e-16   5.4375000e-03   5.4375000e-03
   2.2000000e+01   3.5000000e+01   3.0982885e-16   6.6562500e-03   6.6562500e-03
   2.3000000e+01   3.5000000e+01   4.9661309e-17   2.7500000e-03   2.7500000e-03
   2.4000000e+01   3.5000000e+01   1.8228339e-16   5.4062500e-03   5.4062500e-03
   2.5000000e+01   3.5000000e+01   2.5414667e-16   5.6250000e-03   5.6250000e-03
   2.6000000e+01   3.5000000e+01   1.4681611e-16   4.6250000e-03   4.6250000e-03
   2.7000000e+01   3.5000000e+01   1.6624201e-16   5.3125000e-03   5.3125000e-03
   2.8000000e+01   3.5000000e+01   1.9969226e-16   5.3437500e-03   5.3437500e-03
   2.9000000e+01   3.5000000e+01   3.0518525e-16   6.3750000e-03   6.3750000e-03
   3.0000000e+01   3.5000000e+01   1.8293214e-16   4.9375000e-03   4.9375000e-03
   3.1000000e+01   3.5000000e+01   9.2782506e-17   3.6875000e-03   3.6875000e-03
   3.2000000e+01   3.5000000e+01   1.6015523e-16   4.2812500e-03   4.2812500e-03
   3.3000000e+01   3.5000000e+01   1.9021031e-16   5.8125000e-03   5.8125000e-03
   3.4000000e+01   3.5000000e+01   2.8177108e-16   6.0000000e-03   6.0000000e-03
   3.5000000e+01   3.5000000e+01   1.3511371e-16   4.0000000e-03   4.0000000e-03
