   1.0000000e+00   1.0000000e+00   1.7468330e-15   2.6321875e-01   2.6321875e-01
   2.0000000e+00   1.0000000e+00   1.7281474e-15   2.5162500e-01   2.5162500e-01
   3.0000000e+00   1.0000000e+00   1.6918576e-15   2.5506250e-01   2.5506250e-01
   4.0000000e+00   1.0000000e+00   1.6440241e-15   2.5681250e-01   2.5681250e-01
   5.0000000e+00   1.0000000e+00   1.5435476e-15   2.4796875e-01   2.4796875e-01
   6.0000000e+00   1.0000000e+00   1.5449417e-15   2.4437500e-01   2.4437500e-01
   7.0000000e+00   1.0000000e+00   1.6020026e-15   2.4471875e-01   2.4471875e-01
   8.0000000e+00   1.0000000e+00   1.7578767e-15   2.4293750e-01   2.4293750e-01
   9.0000000e+00   1.0000000e+00   1.7358470e-15   2.5059375e-01   2.5059375e-01
   1.0000000e+01   1.0000000e+00   1.7884764e-15   2.6665625e-01   2.6665625e-01
   1.1000000e+01   1.0000000e+00   1.9093106e-15   2.8512500e-01   2.8512500e-01
   1.2000000e+01   1.0000000e+00   1.9863865e-15   3.0150000e-01   3.0150000e-01
   1.3000000e+01   1.0000000e+00   2.0567399e-15   3.1221875e-01   3.1221875e-01
   1.4000000e+01   1.0000000e+00   2.1154958e-15   3.1262500e-01   3.1262500e-01
   1.5000000e+01   1.0000000e+00   1.9425544e-15   3.0637500e-01   3.0637500e-01
   1.6000000e+01   1.0000000e+00   1.9839856e-15   2.9518750e-01   2.9518750e-01
   1.7000000e+01   1.0000000e+00   2.0122422e-15   2.7518750e-01   2.7518750e-01
   1.8000000e+01   1.0000000e+00   1.9019034e-15   2.6287500e-01   2.6287500e-01
   1.9000000e+01   1.0000000e+00   1.8005867e-15   2.5978125e-01   2.5978125e-01
   2.0000000e+01   1.0000000e+00   1.7472741e-15   2.6087500e-01   2.6087500e-01
   2.1000000e+01   1.0000000e+00   1.7070168e-15   2.6143750e-01   2.6143750e-01
   2.2000000e+01   1.0000000e+00   1.6429127e-15   2.5212500e-01   2.5212500e-01
   2.3000000e+01   1.0000000e+00   1.5626941e-15   2.5512500e-01   2.5512500e-01
   2.4000000e+01   1.0000000e+00   1.6397350e-15   2.5190625e-01   2.5190625e-01
   2.5000000e+01   1.0000000e+00   1.7654758e-15   2.4750000e-01   2.4750000e-01
   2.6000000e+01   1.0000000e+00   1.8573929e-15   2.6731250e-01   2.6731250e-01
   2.7000000e+01   1.0000000e+00   1.9711161e-15   2.8328125e-01   2.8328125e-01
   2.8000000e+01   1.0000000e+00   2.0296127e-15   3.0625000e-01   3.0625000e-01
   2.9000000e+01   1.0000000e+00   2.1626798e-15   3.2315625e-01   3.2315625e-01
   3.0000000e+01   1.0000000e+00   2.1820364e-15   3.2215625e-01   3.2215625e-01
   3.1000000e+01   1.0000000e+00   2.2603668e-15   3.1034375e-01   3.1034375e-01
   3.2000000e+01   1.0000000e+00   2.1981284e-15   3.0890625e-01   3.0890625e-01
   3.3000000e+01   1.0000000e+00   2.0404545e-15   2.9809375e-01   2.9809375e-01
   3.4000000e+01   1.0000000e+00   1.8332195e-15   2.8031250e-01   2.8031250e-01
   3.5000000e+01   1.0000000e+00   1.7566582e-15   2.7153125e-01   2.7153125e-01
   1.0000000e+00   2.0000000e+00   1.8085410e-15   2.7668750e-01   2.7668750e-01
   2.0000000e+00   2.0000000e+00   1.7210523e-15   2.6125000e-01   2.6125000e-01
   3.0000000e+00   2.0000000e+00   1.8814955e-15   2.5778125e-01   2.5778125e-01
   4.0000000e+00   2.0000000e+00   1.8614489e-15   2.6187500e-01   2.6187500e-01
   5.0000000e+00   2.0000000e+00   1.7264188e-15   2.5875000e-01   2.5875000e-01
   6.0000000e+00   2.0000000e+00   1.8112157e-15   2.5681250e-01   2.5681250e-01
   7.0000000e+00   2.0000000e+00   1.6794141e-15   2.5687500e-01   2.5687500e-01
   8.0000000e+00   2.0000000e+00   1.6672089e-15   2.5425000e-01   2.5425000e-01
   9.0000000e+00   2.0000000e+00   1.6223311e-15   2.6321875e-01   2.6321875e-01
   1.0000000e+01   2.0000000e+00   1.8700632e-15   2.8059375e-01   2.8059375e-01
   1.1000000e+01   2.0000000e+00   2.0982877e-15   2.9190625e-01   2.9190625e-01
   1.2000000e+01   2.0000000e+00   2.2734447e-15   3.1096875e-01   3.1096875e-01
   1.3000000e+01   2.0000000e+00   2.3131663e-15   3.2400000e-01   3.2400000e-01
   1.4000000e+01   2.0000000e+00   2.1739085e-15   3.2181250e-01   3.2181250e-01
   1.5000000e+01   2.0000000e+00   2.2381904e-15   3.1665625e-01   3.1665625e-01
   1.6000000e+01   2.0000000e+00   2.0838637e-15   3.0643750e-01   3.0643750e-01
   1.7000000e+01   2.0000000e+00   1.9954279e-15   2.9943750e-01   2.9943750e-01
   1.8000000e+01   2.0000000e+00   1.8150346e-15   2.8356250e-01   2.8356250e-01
   1.9000000e+01   2.0000000e+00   1.8363968e-15   2.7696875e-01   2.7696875e-01
   2.0000000e+01   2.0000000e+00   1.9418525e-15   2.6825000e-01   2.6825000e-01
   2.1000000e+01   2.0000000e+00   1.9162297e-15   2.7493750e-01   2.7493750e-01
   2.2000000e+01   2.0000000e+00   1.7659503e-15   2.6609375e-01   2.6609375e-01
   2.3000000e+01   2.0000000e+00   1.7334349e-15   2.6421875e-01   2.6421875e-01
   2.4000000e+01   2.0000000e+00   1.8498227e-15   2.5456250e-01   2.5456250e-01
   2.5000000e+01   2.0000000e+00   1.8434778e-15   2.6681250e-01   2.6681250e-01
   2.6000000e+01   2.0000000e+00   1.8941590e-15   2.8243750e-01   2.8243750e-01
   2.7000000e+01   2.0000000e+00   1.9455162e-15   3.0409375e-01   3.0409375e-01
   2.8000000e+01   2.0000000e+00   2.2177309e-15   3.1900000e-01   3.1900000e-01
   2.9000000e+01   2.0000000e+00   2.4095699e-15   3.2740625e-01   3.2740625e-01
   3.0000000e+01   2.0000000e+00   2.3268543e-15   3.3390625e-01   3.3390625e-01
   3.1000000e+01   2.0000000e+00   2.2853531e-15   3.2896875e-01   3.2896875e-01
   3.2000000e+01   2.0000000e+00   2.1402708e-15   3.1775000e-01   3.1775000e-01
   3.3000000e+01   2.0000000e+00   2.1015108e-15   3.1421875e-01   3.1421875e-01
   3.4000000e+01   2.0000000e+00   1.9105993e-15   3.0006250e-01   3.0006250e-01
   3.5000000e+01   2.0000000e+00   1.9150668e-15   2.9362500e-01   2.9362500e-01
   1.0000000e+00   3.0000000e+00   1.9410806e-15   2.9315625e-01   2.9315625e-01
   2.0000000e+00   3.0000000e+00   1.8946654e-15   2.8537500e-01   2.8537500e-01
   3.0000000e+00   3.0000000e+00   1.8365407e-15   2.7990625e-01   2.7990625e-01
   4.0000000e+00   3.0000000e+00   1.7902449e-15   2.7915625e-01   2.7915625e-01
   5.0000000e+00   3.0000000e+00   1.8202661e-15   2.7593750e-01   2.7593750e-01
   6.0000000e+00   3.0000000e+00   1.7331788e-15   2.7071875e-01   2.7071875e-01
   7.0000000e+00   3.0000000e+00   1.7404937e-15   2.7100000e-01   2.7100000e-01
   8.0000000e+00   3.0000000e+00   1.6656585e-15   2.6412500e-01   2.6412500e-01
   9.0000000e+00   3.0000000e+00   1.7866481e-15   2.7950000e-01   2.7950000e-01
   1.0000000e+01   3.0000000e+00   2.0062224e-15   2.9978125e-01   2.9978125e-01
   1.1000000e+01   3.0000000e+00   2.2281179e-15   3.0781250e-01   3.0781250e-01
   1.2000000e+01   3.0000000e+00   2.4176233e-15   3.2865625e-01   3.2865625e-01
   1.3000000e+01   3.0000000e+00   2.3062016e-15   3.3534375e-01   3.3534375e-01
   1.4000000e+01   3.0000000e+00   2.2970417e-15   3.3378125e-01   3.3378125e-01
   1.5000000e+01   3.0000000e+00   2.1588320e-15   3.2603125e-01   3.2603125e-01
   1.6000000e+01   3.0000000e+00   2.1212731e-15   3.1821875e-01   3.1821875e-01
   1.7000000e+01   3.0000000e+00   2.2248304e-15   3.0325000e-01   3.0325000e-01
   1.8000000e+01   3.0000000e+00   2.1020689e-15   3.0028125e-01   3.0028125e-01
   1.9000000e+01   3.0000000e+00   2.0494916e-15   2.9818750e-01   2.9818750e-01
   2.0000000e+01   3.0000000e+00   1.9005716e-15   2.9275000e-01   2.9275000e-01
   2.1000000e+01   3.0000000e+00   1.9132621e-15   2.9037500e-01   2.9037500e-01
   2.2000000e+01   3.0000000e+00   2.0023134e-15   2.7634375e-01   2.7634375e-01
   2.3000000e+01   3.0000000e+00   1.9274557e-15   2.7787500e-01   2.7787500e-01
   2.4000000e+01   3.0000000e+00   1.7927956e-15   2.7593750e-01   2.7593750e-01
   2.5000000e+01   3.0000000e+00   1.7635444e-15   2.8106250e-01   2.8106250e-01
   2.6000000e+01   3.0000000e+00   2.0609095e-15   2.9931250e-01   2.9931250e-01
   2.7000000e+01   3.0000000e+00   2.2813891e-15   3.1262500e-01   3.1262500e-01
   2.8000000e+01   3.0000000e+00   2.3522755e-15   3.3240625e-01   3.3240625e-01
   2.9000000e+01   3.0000000e+00   2.4439781e-15   3.4462500e-01   3.4462500e-01
   3.0000000e+01   3.0000000e+00   2.2615022e-15   3.4028125e-01   3.4028125e-01
   3.1000000e+01   3.0000000e+00   2.3066908e-15   3.3059375e-01   3.3059375e-01
   3.2000000e+01   3.0000000e+00   2.3103649e-15   3.2525000e-01   3.2525000e-01
   3.3000000e+01   3.0000000e+00   2.1194383e-15   3.1978125e-01   3.1978125e-01
   3.4000000e+01   3.0000000e+00   2.1991967e-15   3.0515625e-01   3.0515625e-01
   3.5000000e+01   3.0000000e+00   2.1078848e-15   3.0793750e-01   3.0793750e-01
   1.0000000e+00   4.0000000e+00   2.0337505e-15   3.0000000e-01   3.0000000e-01
   2.0000000e+00   4.0000000e+00   2.0450872e-15   2.9818750e-01   2.9818750e-01
   3.0000000e+00   4.0000000e+00   2.0326223e-15   2.9875000e-01   2.9875000e-01
   4.0000000e+00   4.0000000e+00   1.9561085e-15   2.8531250e-01   2.8531250e-01
   5.0000000e+00   4.0000000e+00   2.0218083e-15   2.8618750e-01   2.8618750e-01
   6.0000000e+00   4.0000000e+00   1.8189958e-15   2.7871875e-01   2.7871875e-01
   7.0000000e+00   4.0000000e+00   1.8368878e-15   2.7937500e-01   2.7937500e-01
   8.0000000e+00   4.0000000e+00   1.9789740e-15   2.7290625e-01   2.7290625e-01
   9.0000000e+00   4.0000000e+00   1.9716051e-15   2.8706250e-01   2.8706250e-01
   1.0000000e+01   4.0000000e+00   2.0523055e-15   3.1240625e-01   3.1240625e-01
   1.1000000e+01   4.0000000e+00   2.3657163e-15   3.1703125e-01   3.1703125e-01
   1.2000000e+01   4.0000000e+00   2.3594173e-15   3.3609375e-01   3.3609375e-01
   1.3000000e+01   4.0000000e+00   2.2859126e-15   3.4287500e-01   3.4287500e-01
   1.4000000e+01   4.0000000e+00   2.4157690e-15   3.3203125e-01   3.3203125e-01
   1.5000000e+01   4.0000000e+00   2.2723611e-15   3.2968750e-01   3.2968750e-01
   1.6000000e+01   4.0000000e+00   2.0979374e-15   3.2381250e-01   3.2381250e-01
   1.7000000e+01   4.0000000e+00   2.2750573e-15   3.0909375e-01   3.0909375e-01
   1.8000000e+01   4.0000000e+00   2.1928358e-15   3.1118750e-01   3.1118750e-01
   1.9000000e+01   4.0000000e+00   2.0094946e-15   3.0525000e-01   3.0525000e-01
   2.0000000e+01   4.0000000e+00   2.0205346e-15   3.0562500e-01   3.0562500e-01
   2.1000000e+01   4.0000000e+00   2.0153695e-15   2.8993750e-01   2.8993750e-01
   2.2000000e+01   4.0000000e+00   2.0991926e-15   2.8565625e-01   2.8565625e-01
   2.3000000e+01   4.0000000e+00   2.0097196e-15   2.8712500e-01   2.8712500e-01
   2.4000000e+01   4.0000000e+00   1.9960547e-15   2.8553125e-01   2.8553125e-01
   2.5000000e+01   4.0000000e+00   1.8760903e-15   2.8981250e-01   2.8981250e-01
   2.6000000e+01   4.0000000e+00   1.9745249e-15   3.0662500e-01   3.0662500e-01
   2.7000000e+01   4.0000000e+00   2.1777683e-15   3.2559375e-01   3.2559375e-01
   2.8000000e+01   4.0000000e+00   2.3392575e-15   3.3043750e-01   3.3043750e-01
   2.9000000e+01   4.0000000e+00   2.4826481e-15   3.3634375e-01   3.3634375e-01
   3.0000000e+01   4.0000000e+00   2.4106740e-15   3.4150000e-01   3.4150000e-01
   3.1000000e+01   4.0000000e+00   2.2656497e-15   3.3165625e-01   3.3165625e-01
   3.2000000e+01   4.0000000e+00   2.1946550e-15   3.2753125e-01   3.2753125e-01
   3.3000000e+01   4.0000000e+00   2.2555817e-15   3.1678125e-01   3.1678125e-01
   3.4000000e+01   4.0000000e+00   2.2773545e-15   3.1193750e-01   3.1193750e-01
   3.5000000e+01   4.0000000e+00   2.1854356e-15   3.1096875e-01   3.1096875e-01
   1.0000000e+00   5.0000000e+00   2.1130108e-15   3.1134375e-01   3.1134375e-01
   2.0000000e+00   5.0000000e+00   2.0318744e-15   3.0518750e-01   3.0518750e-01
   3.0000000e+00   5.0000000e+00   2.0842890e-15   3.0203125e-01   3.0203125e-01
   4.0000000e+00   5.0000000e+00   2.1521424e-15   3.0203125e-01   3.0203125e-01
   5.0000000e+00   5.0000000e+00   2.0082071e-15   2.9250000e-01   2.9250000e-01
   6.0000000e+00   5.0000000e+00   1.9062208e-15   2.8893750e-01   2.8893750e-01
   7.0000000e+00   5.0000000e+00   2.0510887e-15   2.7953125e-01   2.7953125e-01
   8.0000000e+00   5.0000000e+00   1.9972019e-15   2.8893750e-01   2.8893750e-01
   9.0000000e+00   5.0000000e+00   1.9772798e-15   2.9537500e-01   2.9537500e-01
   1.0000000e+01   5.0000000e+00   2.1164082e-15   3.1593750e-01   3.1593750e-01
   1.1000000e+01   5.0000000e+00   2.3825390e-15   3.2493750e-01   3.2493750e-01
   1.2000000e+01   5.0000000e+00   2.2793283e-15   3.3409375e-01   3.3409375e-01
   1.3000000e+01   5.0000000e+00   2.2919734e-15   3.3675000e-01   3.3675000e-01
   1.4000000e+01   5.0000000e+00   2.4253572e-15   3.3487500e-01   3.3487500e-01
   1.5000000e+01   5.0000000e+00   2.1815377e-15   3.2787500e-01   3.2787500e-01
   1.6000000e+01   5.0000000e+00   2.2472605e-15   3.1593750e-01   3.1593750e-01
   1.7000000e+01   5.0000000e+00   2.1641570e-15   3.1606250e-01   3.1606250e-01
   1.8000000e+01   5.0000000e+00   2.0696587e-15   3.1221875e-01   3.1221875e-01
   1.9000000e+01   5.0000000e+00   2.1473070e-15   3.0375000e-01   3.0375000e-01
   2.0000000e+01   5.0000000e+00   2.0902068e-15   3.0771875e-01   3.0771875e-01
   2.1000000e+01   5.0000000e+00   2.0040938e-15   3.0031250e-01   3.0031250e-01
   2.2000000e+01   5.0000000e+00   2.0283150e-15   2.9365625e-01   2.9365625e-01
   2.3000000e+01   5.0000000e+00   1.9525362e-15   2.8890625e-01   2.8890625e-01
   2.4000000e+01   5.0000000e+00   2.0746816e-15   2.8384375e-01   2.8384375e-01
   2.5000000e+01   5.0000000e+00   1.9349431e-15   2.9128125e-01   2.9128125e-01
   2.6000000e+01   5.0000000e+00   2.0926787e-15   3.0193750e-01   3.0193750e-01
   2.7000000e+01   5.0000000e+00   2.1937891e-15   3.1821875e-01   3.1821875e-01
   2.8000000e+01   5.0000000e+00   2.1857085e-15   3.3337500e-01   3.3337500e-01
   2.9000000e+01   5.0000000e+00   2.4470169e-15   3.3081250e-01   3.3081250e-01
   3.0000000e+01   5.0000000e+00   2.3429451e-15   3.3884375e-01   3.3884375e-01
   3.1000000e+01   5.0000000e+00   2.2129264e-15   3.3446875e-01   3.3446875e-01
   3.2000000e+01   5.0000000e+00   2.2542794e-15   3.1100000e-01   3.1100000e-01
   3.3000000e+01   5.0000000e+00   2.1799075e-15   3.1937500e-01   3.1937500e-01
   3.4000000e+01   5.0000000e+00   2.0236152e-15   3.1025000e-01   3.1025000e-01
   3.5000000e+01   5.0000000e+00   2.1610413e-15   3.0090625e-01   3.0090625e-01
   1.0000000e+00   6.0000000e+00   2.1369307e-15   3.0484375e-01   3.0484375e-01
   2.0000000e+00   6.0000000e+00   2.1511201e-15   3.0734375e-01   3.0734375e-01
   3.0000000e+00   6.0000000e+00   1.9380450e-15   3.0443750e-01   3.0443750e-01
   4.0000000e+00   6.0000000e+00   2.0935358e-15   3.0281250e-01   3.0281250e-01
   5.0000000e+00   6.0000000e+00   1.9552389e-15   2.9681250e-01   2.9681250e-01
   6.0000000e+00   6.0000000e+00   1.9686541e-15   2.7940625e-01   2.7940625e-01
   7.0000000e+00   6.0000000e+00   1.9285186e-15   2.8806250e-01   2.8806250e-01
   8.0000000e+00   6.0000000e+00   1.7643493e-15   2.8634375e-01   2.8634375e-01
   9.0000000e+00   6.0000000e+00   1.9816155e-15   2.8187500e-01   2.8187500e-01
   1.0000000e+01   6.0000000e+00   2.0861298e-15   3.0921875e-01   3.0921875e-01
   1.1000000e+01   6.0000000e+00   2.1606129e-15   3.1981250e-01   3.1981250e-01
   1.2000000e+01   6.0000000e+00   2.2412321e-15   3.3587500e-01   3.3587500e-01
   1.3000000e+01   6.0000000e+00   2.3941400e-15   3.2684375e-01   3.2684375e-01
   1.4000000e+01   6.0000000e+00   2.3101901e-15   3.3103125e-01   3.3103125e-01
   1.5000000e+01   6.0000000e+00   2.1146941e-15   3.2609375e-01   3.2609375e-01
   1.6000000e+01   6.0000000e+00   2.2670118e-15   3.1087500e-01   3.1087500e-01
   1.7000000e+01   6.0000000e+00   2.1545964e-15   3.0987500e-01   3.0987500e-01
   1.8000000e+01   6.0000000e+00   1.9757732e-15   3.0600000e-01   3.0600000e-01
   1.9000000e+01   6.0000000e+00   1.9952584e-15   3.0153125e-01   3.0153125e-01
   2.0000000e+01   6.0000000e+00   2.1274916e-15   2.9656250e-01   2.9656250e-01
   2.1000000e+01   6.0000000e+00   1.9479792e-15   2.9671875e-01   2.9671875e-01
   2.2000000e+01   6.0000000e+00   1.8871253e-15   2.8496875e-01   2.8496875e-01
   2.3000000e+01   6.0000000e+00   1.7609898e-15   2.8100000e-01   2.8100000e-01
   2.4000000e+01   6.0000000e+00   1.8789222e-15   2.7056250e-01   2.7056250e-01
   2.5000000e+01   6.0000000e+00   1.9529240e-15   2.8384375e-01   2.8384375e-01
   2.6000000e+01   6.0000000e+00   1.9395047e-15   2.9590625e-01   2.9590625e-01
   2.7000000e+01   6.0000000e+00   1.9556953e-15   3.0959375e-01   3.0959375e-01
   2.8000000e+01   6.0000000e+00   2.1585714e-15   3.2518750e-01   3.2518750e-01
   2.9000000e+01   6.0000000e+00   2.1927211e-15   3.3059375e-01   3.3059375e-01
   3.0000000e+01   6.0000000e+00   2.3439800e-15   3.2334375e-01   3.2334375e-01
   3.1000000e+01   6.0000000e+00   2.1543882e-15   3.2484375e-01   3.2484375e-01
   3.2000000e+01   6.0000000e+00   2.1059218e-15   3.1950000e-01   3.1950000e-01
   3.3000000e+01   6.0000000e+00   1.9858330e-15   3.1065625e-01   3.1065625e-01
   3.4000000e+01   6.0000000e+00   2.1645564e-15   2.9306250e-01   2.9306250e-01
   3.5000000e+01   6.0000000e+00   1.9610914e-15   2.9934375e-01   2.9934375e-01
   1.0000000e+00   7.0000000e+00   2.0062441e-15   2.9615625e-01   2.9615625e-01
   2.0000000e+00   7.0000000e+00   2.0013154e-15   2.9809375e-01   2.9809375e-01
   3.0000000e+00   7.0000000e+00   1.8990499e-15   2.9900000e-01   2.9900000e-01
   4.0000000e+00   7.0000000e+00   2.0812563e-15   2.9575000e-01   2.9575000e-01
   5.0000000e+00   7.0000000e+00   1.8148965e-15   2.8300000e-01   2.8300000e-01
   6.0000000e+00   7.0000000e+00   1.7675461e-15   2.7565625e-01   2.7565625e-01
   7.0000000e+00   7.0000000e+00   1.8979902e-15   2.6950000e-01   2.6950000e-01
   8.0000000e+00   7.0000000e+00   1.7832570e-15   2.7059375e-01   2.7059375e-01
   9.0000000e+00   7.0000000e+00   1.7482054e-15   2.7990625e-01   2.7990625e-01
   1.0000000e+01   7.0000000e+00   2.0702006e-15   2.9206250e-01   2.9206250e-01
   1.1000000e+01   7.0000000e+00   2.0891449e-15   3.0975000e-01   3.0975000e-01
   1.2000000e+01   7.0000000e+00   2.1156067e-15   3.2578125e-01   3.2578125e-01
   1.3000000e+01   7.0000000e+00   2.2563734e-15   3.1768750e-01   3.1768750e-01
   1.4000000e+01   7.0000000e+00   2.2160363e-15   3.2484375e-01   3.2484375e-01
   1.5000000e+01   7.0000000e+00   2.0277211e-15   3.1440625e-01   3.1440625e-01
   1.6000000e+01   7.0000000e+00   1.9711155e-15   3.1059375e-01   3.1059375e-01
   1.7000000e+01   7.0000000e+00   2.0781293e-15   2.9296875e-01   2.9296875e-01
   1.8000000e+01   7.0000000e+00   1.9950359e-15   2.9321875e-01   2.9321875e-01
   1.9000000e+01   7.0000000e+00   1.8575606e-15   2.9128125e-01   2.9128125e-01
   2.0000000e+01   7.0000000e+00   1.8503859e-15   2.9415625e-01   2.9415625e-01
   2.1000000e+01   7.0000000e+00   1.8503324e-15   2.8390625e-01   2.8390625e-01
   2.2000000e+01   7.0000000e+00   1.8383173e-15   2.5900000e-01   2.5900000e-01
   2.3000000e+01   7.0000000e+00   1.7080665e-15   2.6265625e-01   2.6265625e-01
   2.4000000e+01   7.0000000e+00   1.7200478e-15   2.6390625e-01   2.6390625e-01
   2.5000000e+01   7.0000000e+00   1.6976591e-15   2.6503125e-01   2.6503125e-01
   2.6000000e+01   7.0000000e+00   1.9251877e-15   2.7103125e-01   2.7103125e-01
   2.7000000e+01   7.0000000e+00   1.9758486e-15   2.9137500e-01   2.9137500e-01
   2.8000000e+01   7.0000000e+00   1.9717692e-15   3.1015625e-01   3.1015625e-01
   2.9000000e+01   7.0000000e+00   2.1757027e-15   3.0865625e-01   3.0865625e-01
   3.0000000e+01   7.0000000e+00   2.2140051e-15   3.2390625e-01   3.2390625e-01
   3.1000000e+01   7.0000000e+00   2.0974158e-15   3.1637500e-01   3.1637500e-01
   3.2000000e+01   7.0000000e+00   1.9421149e-15   3.0562500e-01   3.0562500e-01
   3.3000000e+01   7.0000000e+00   2.0787408e-15   2.8943750e-01   2.8943750e-01
   3.4000000e+01   7.0000000e+00   1.8898734e-15   2.8550000e-01   2.8550000e-01
   3.5000000e+01   7.0000000e+00   1.8158284e-15   2.8131250e-01   2.8131250e-01
   1.0000000e+00   8.0000000e+00   1.9027414e-15   2.9446875e-01   2.9446875e-01
   2.0000000e+00   8.0000000e+00   1.8825769e-15   2.8046875e-01   2.8046875e-01
   3.0000000e+00   8.0000000e+00   2.0265327e-15   2.7703125e-01   2.7703125e-01
   4.0000000e+00   8.0000000e+00   1.9508791e-15   2.7978125e-01   2.7978125e-01
   5.0000000e+00   8.0000000e+00   1.7924095e-15   2.7271875e-01   2.7271875e-01
   6.0000000e+00   8.0000000e+00   1.7563741e-15   2.6121875e-01   2.6121875e-01
   7.0000000e+00   8.0000000e+00   1.6623705e-15   2.5818750e-01   2.5818750e-01
   8.0000000e+00   8.0000000e+00   1.6550746e-15   2.5556250e-01   2.5556250e-01
   9.0000000e+00   8.0000000e+00   1.6173582e-15   2.5756250e-01   2.5756250e-01
   1.0000000e+01   8.0000000e+00   1.7569922e-15   2.7637500e-01   2.7637500e-01
   1.1000000e+01   8.0000000e+00   1.9064504e-15   2.9187500e-01   2.9187500e-01
   1.2000000e+01   8.0000000e+00   2.0912717e-15   3.0084375e-01   3.0084375e-01
   1.3000000e+01   8.0000000e+00   2.2560397e-15   3.0718750e-01   3.0718750e-01
   1.4000000e+01   8.0000000e+00   2.1726733e-15   3.0356250e-01   3.0356250e-01
   1.5000000e+01   8.0000000e+00   2.1645884e-15   2.9371875e-01   2.9371875e-01
   1.6000000e+01   8.0000000e+00   2.0941148e-15   2.9065625e-01   2.9065625e-01
   1.7000000e+01   8.0000000e+00   1.9389741e-15   2.8650000e-01   2.8650000e-01
   1.8000000e+01   8.0000000e+00   1.9146345e-15   2.8003125e-01   2.8003125e-01
   1.9000000e+01   8.0000000e+00   1.7939679e-15   2.7503125e-01   2.7503125e-01
   2.0000000e+01   8.0000000e+00   1.8136880e-15   2.7753125e-01   2.7753125e-01
   2.1000000e+01   8.0000000e+00   1.7045787e-15   2.6771875e-01   2.6771875e-01
   2.2000000e+01   8.0000000e+00   1.6562734e-15   2.5746875e-01   2.5746875e-01
   2.3000000e+01   8.0000000e+00   1.6727937e-15   2.5181250e-01   2.5181250e-01
   2.4000000e+01   8.0000000e+00   1.5846023e-15   2.4662500e-01   2.4662500e-01
   2.5000000e+01   8.0000000e+00   1.6008779e-15   2.4034375e-01   2.4034375e-01
   2.6000000e+01   8.0000000e+00   1.7015992e-15   2.4590625e-01   2.4590625e-01
   2.7000000e+01   8.0000000e+00   1.7957238e-15   2.5671875e-01   2.5671875e-01
   2.8000000e+01   8.0000000e+00   2.0289404e-15   2.7859375e-01   2.7859375e-01
   2.9000000e+01   8.0000000e+00   2.1678146e-15   2.9312500e-01   2.9312500e-01
   3.0000000e+01   8.0000000e+00   2.1888855e-15   3.0059375e-01   3.0059375e-01
   3.1000000e+01   8.0000000e+00   2.1484607e-15   2.9171875e-01   2.9171875e-01
   3.2000000e+01   8.0000000e+00   2.0629831e-15   2.8356250e-01   2.8356250e-01
   3.3000000e+01   8.0000000e+00   1.9099884e-15   2.7559375e-01   2.7559375e-01
   3.4000000e+01   8.0000000e+00   1.8211701e-15   2.6996875e-01   2.6996875e-01
   3.5000000e+01   8.0000000e+00   1.8140729e-15   2.6500000e-01   2.6500000e-01
   1.0000000e+00   9.0000000e+00   1.8479420e-15   2.7465625e-01   2.7465625e-01
   2.0000000e+00   9.0000000e+00   1.7866576e-15   2.6765625e-01   2.6765625e-01
   3.0000000e+00   9.0000000e+00   1.8374628e-15   2.6712500e-01   2.6712500e-01
   4.0000000e+00   9.0000000e+00   1.9188494e-15   2.6321875e-01   2.6321875e-01
   5.0000000e+00   9.0000000e+00   1.7352955e-15   2.4893750e-01   2.4893750e-01
   6.0000000e+00   9.0000000e+00   1.6280176e-15   2.4684375e-01   2.4684375e-01
   7.0000000e+00   9.0000000e+00   1.4704545e-15   2.4271875e-01   2.4271875e-01
   8.0000000e+00   9.0000000e+00   1.5175172e-15   2.4065625e-01   2.4065625e-01
   9.0000000e+00   9.0000000e+00   1.5222433e-15   2.3946875e-01   2.3946875e-01
   1.0000000e+01   9.0000000e+00   1.6430488e-15   2.5331250e-01   2.5331250e-01
   1.1000000e+01   9.0000000e+00   1.7645253e-15   2.6715625e-01   2.6715625e-01
   1.2000000e+01   9.0000000e+00   1.8379017e-15   2.8409375e-01   2.8409375e-01
   1.3000000e+01   9.0000000e+00   1.9782443e-15   2.9628125e-01   2.9628125e-01
   1.4000000e+01   9.0000000e+00   1.9784985e-15   2.9540625e-01   2.9540625e-01
   1.5000000e+01   9.0000000e+00   2.0315556e-15   2.7759375e-01   2.7759375e-01
   1.6000000e+01   9.0000000e+00   1.8152615e-15   2.7893750e-01   2.7893750e-01
   1.7000000e+01   9.0000000e+00   1.6942868e-15   2.6675000e-01   2.6675000e-01
   1.8000000e+01   9.0000000e+00   1.6812822e-15   2.6084375e-01   2.6084375e-01
   1.9000000e+01   9.0000000e+00   1.7403724e-15   2.5731250e-01   2.5731250e-01
   2.0000000e+01   9.0000000e+00   1.7531381e-15   2.4750000e-01   2.4750000e-01
   2.1000000e+01   9.0000000e+00   1.6534198e-15   2.5078125e-01   2.5078125e-01
   2.2000000e+01   9.0000000e+00   1.5625214e-15   2.4653125e-01   2.4653125e-01
   2.3000000e+01   9.0000000e+00   1.5392308e-15   2.3600000e-01   2.3600000e-01
   2.4000000e+01   9.0000000e+00   1.5722007e-15   2.3203125e-01   2.3203125e-01
   2.5000000e+01   9.0000000e+00   1.4879143e-15   2.2596875e-01   2.2596875e-01
   2.6000000e+01   9.0000000e+00   1.5372799e-15   2.4278125e-01   2.4278125e-01
   2.7000000e+01   9.0000000e+00   1.5660796e-15   2.5131250e-01   2.5131250e-01
   2.8000000e+01   9.0000000e+00   1.9224908e-15   2.6787500e-01   2.6787500e-01
   2.9000000e+01   9.0000000e+00   1.8125883e-15   2.8196875e-01   2.8196875e-01
   3.0000000e+01   9.0000000e+00   1.9215696e-15   2.8503125e-01   2.8503125e-01
   3.1000000e+01   9.0000000e+00   1.9604133e-15   2.7243750e-01   2.7243750e-01
   3.2000000e+01   9.0000000e+00   1.7445980e-15   2.7450000e-01   2.7450000e-01
   3.3000000e+01   9.0000000e+00   1.7877882e-15   2.6459375e-01   2.6459375e-01
   3.4000000e+01   9.0000000e+00   1.6464826e-15   2.5043750e-01   2.5043750e-01
   3.5000000e+01   9.0000000e+00   1.5374407e-15   2.5071875e-01   2.5071875e-01
   1.0000000e+00   1.0000000e+01   1.7156691e-15   2.6309375e-01   2.6309375e-01
   2.0000000e+00   1.0000000e+01   1.6368714e-15   2.5175000e-01   2.5175000e-01
   3.0000000e+00   1.0000000e+01   1.6259065e-15   2.4831250e-01   2.4831250e-01
   4.0000000e+00   1.0000000e+01   1.6811528e-15   2.4725000e-01   2.4725000e-01
   5.0000000e+00   1.0000000e+01   1.6738432e-15   2.3890625e-01   2.3890625e-01
   6.0000000e+00   1.0000000e+01   1.5734818e-15   2.3437500e-01   2.3437500e-01
   7.0000000e+00   1.0000000e+01   1.3853538e-15   2.2509375e-01   2.2509375e-01
   8.0000000e+00   1.0000000e+01   1.5561917e-15   2.2634375e-01   2.2634375e-01
   9.0000000e+00   1.0000000e+01   1.5808821e-15   2.3290625e-01   2.3290625e-01
   1.0000000e+01   1.0000000e+01   1.7201681e-15   2.3887500e-01   2.3887500e-01
   1.1000000e+01   1.0000000e+01   1.6653079e-15   2.5465625e-01   2.5465625e-01
   1.2000000e+01   1.0000000e+01   1.7185926e-15   2.6931250e-01   2.6931250e-01
   1.3000000e+01   1.0000000e+01   1.8270250e-15   2.8143750e-01   2.8143750e-01
   1.4000000e+01   1.0000000e+01   1.9378533e-15   2.8109375e-01   2.8109375e-01
   1.5000000e+01   1.0000000e+01   1.8353719e-15   2.7415625e-01   2.7415625e-01
   1.6000000e+01   1.0000000e+01   1.8554494e-15   2.5675000e-01   2.5675000e-01
   1.7000000e+01   1.0000000e+01   1.6495062e-15   2.6168750e-01   2.6168750e-01
   1.8000000e+01   1.0000000e+01   1.6696805e-15   2.5506250e-01   2.5506250e-01
   1.9000000e+01   1.0000000e+01   1.6828863e-15   2.4737500e-01   2.4737500e-01
   2.0000000e+01   1.0000000e+01   1.7107757e-15   2.3331250e-01   2.3331250e-01
   2.1000000e+01   1.0000000e+01   1.5024200e-15   2.3528125e-01   2.3528125e-01
   2.2000000e+01   1.0000000e+01   1.4696882e-15   2.3515625e-01   2.3515625e-01
   2.3000000e+01   1.0000000e+01   1.4213245e-15   2.2590625e-01   2.2590625e-01
   2.4000000e+01   1.0000000e+01   1.4631426e-15   2.1831250e-01   2.1831250e-01
   2.5000000e+01   1.0000000e+01   1.5233530e-15   2.2456250e-01   2.2456250e-01
   2.6000000e+01   1.0000000e+01   1.6875023e-15   2.3121875e-01   2.3121875e-01
   2.7000000e+01   1.0000000e+01   1.6094786e-15   2.5012500e-01   2.5012500e-01
   2.8000000e+01   1.0000000e+01   1.7499239e-15   2.6640625e-01   2.6640625e-01
   2.9000000e+01   1.0000000e+01   1.8688326e-15   2.7850000e-01   2.7850000e-01
   3.0000000e+01   1.0000000e+01   2.1292788e-15   2.7900000e-01   2.7900000e-01
   3.1000000e+01   1.0000000e+01   1.7947987e-15   2.7025000e-01   2.7025000e-01
   3.2000000e+01   1.0000000e+01   1.7174450e-15   2.6703125e-01   2.6703125e-01
   3.3000000e+01   1.0000000e+01   1.6662813e-15   2.5781250e-01   2.5781250e-01
   3.4000000e+01   1.0000000e+01   1.6952237e-15   2.5234375e-01   2.5234375e-01
   3.5000000e+01   1.0000000e+01   1.6444864e-15   2.4753125e-01   2.4753125e-01
   1.0000000e+00   1.1000000e+01   1.8189373e-15   2.5478125e-01   2.5478125e-01
   2.0000000e+00   1.1000000e+01   1.7477602e-15   2.4256250e-01   2.4256250e-01
   3.0000000e+00   1.1000000e+01   1.5673873e-15   2.4071875e-01   2.4071875e-01
   4.0000000e+00   1.1000000e+01   1.5211471e-15   2.3706250e-01   2.3706250e-01
   5.0000000e+00   1.1000000e+01   1.4897568e-15   2.3328125e-01   2.3328125e-01
   6.0000000e+00   1.1000000e+01   1.5387175e-15   2.3175000e-01   2.3175000e-01
   7.0000000e+00   1.1000000e+01   1.5532708e-15   2.2359375e-01   2.2359375e-01
   8.0000000e+00   1.1000000e+01   1.4510776e-15   2.2109375e-01   2.2109375e-01
   9.0000000e+00   1.1000000e+01   1.6556127e-15   2.2818750e-01   2.2818750e-01
   1.0000000e+01   1.1000000e+01   1.6544446e-15   2.4112500e-01   2.4112500e-01
   1.1000000e+01   1.1000000e+01   1.7794286e-15   2.5956250e-01   2.5956250e-01
   1.2000000e+01   1.1000000e+01   1.8939509e-15   2.7262500e-01   2.7262500e-01
   1.3000000e+01   1.1000000e+01   1.9112748e-15   2.8150000e-01   2.8150000e-01
   1.4000000e+01   1.1000000e+01   1.9779161e-15   2.7787500e-01   2.7787500e-01
   1.5000000e+01   1.1000000e+01   1.9085423e-15   2.6918750e-01   2.6918750e-01
   1.6000000e+01   1.1000000e+01   1.8710009e-15   2.6300000e-01   2.6300000e-01
   1.7000000e+01   1.1000000e+01   1.7932754e-15   2.5890625e-01   2.5890625e-01
   1.8000000e+01   1.1000000e+01   1.6919744e-15   2.5090625e-01   2.5090625e-01
   1.9000000e+01   1.1000000e+01   1.6004487e-15   2.4662500e-01   2.4662500e-01
   2.0000000e+01   1.1000000e+01   1.4490210e-15   2.3903125e-01   2.3903125e-01
   2.1000000e+01   1.1000000e+01   1.5455926e-15   2.3240625e-01   2.3240625e-01
   2.2000000e+01   1.1000000e+01   1.6806602e-15   2.3553125e-01   2.3553125e-01
   2.3000000e+01   1.1000000e+01   1.5258963e-15   2.3278125e-01   2.3278125e-01
   2.4000000e+01   1.1000000e+01   1.4214107e-15   2.2225000e-01   2.2225000e-01
   2.5000000e+01   1.1000000e+01   1.4388331e-15   2.2771875e-01   2.2771875e-01
   2.6000000e+01   1.1000000e+01   1.5710724e-15   2.4053125e-01   2.4053125e-01
   2.7000000e+01   1.1000000e+01   1.6671082e-15   2.5043750e-01   2.5043750e-01
   2.8000000e+01   1.1000000e+01   1.8577959e-15   2.6106250e-01   2.6106250e-01
   2.9000000e+01   1.1000000e+01   1.9771520e-15   2.8187500e-01   2.8187500e-01
   3.0000000e+01   1.1000000e+01   1.9527473e-15   2.8721875e-01   2.8721875e-01
   3.1000000e+01   1.1000000e+01   1.8721927e-15   2.7731250e-01   2.7731250e-01
   3.2000000e+01   1.1000000e+01   1.6928626e-15   2.6759375e-01   2.6759375e-01
   3.3000000e+01   1.1000000e+01   1.7433598e-15   2.4500000e-01   2.4500000e-01
   3.4000000e+01   1.1000000e+01   1.6492437e-15   2.4521875e-01   2.4521875e-01
   3.5000000e+01   1.1000000e+01   1.5571956e-15   2.4281250e-01   2.4281250e-01
   1.0000000e+00   1.2000000e+01   1.7596611e-15   2.5178125e-01   2.5178125e-01
   2.0000000e+00   1.2000000e+01   1.5744322e-15   2.4746875e-01   2.4746875e-01
   3.0000000e+00   1.2000000e+01   1.5115557e-15   2.4343750e-01   2.4343750e-01
   4.0000000e+00   1.2000000e+01   1.5459218e-15   2.3306250e-01   2.3306250e-01
   5.0000000e+00   1.2000000e+01   1.6665319e-15   2.3871875e-01   2.3871875e-01
   6.0000000e+00   1.2000000e+01   1.5870235e-15   2.3828125e-01   2.3828125e-01
   7.0000000e+00   1.2000000e+01   1.3651025e-15   2.3178125e-01   2.3178125e-01
   8.0000000e+00   1.2000000e+01   1.5376990e-15   2.1778125e-01   2.1778125e-01
   9.0000000e+00   1.2000000e+01   1.5021993e-15   2.3121875e-01   2.3121875e-01
   1.0000000e+01   1.2000000e+01   1.5927851e-15   2.4684375e-01   2.4684375e-01
   1.1000000e+01   1.2000000e+01   1.6376053e-15   2.6371875e-01   2.6371875e-01
   1.2000000e+01   1.2000000e+01   1.8079691e-15   2.7103125e-01   2.7103125e-01
   1.3000000e+01   1.2000000e+01   2.0479682e-15   2.7784375e-01   2.7784375e-01
   1.4000000e+01   1.2000000e+01   1.9701927e-15   2.8403125e-01   2.8403125e-01
   1.5000000e+01   1.2000000e+01   1.7795398e-15   2.7356250e-01   2.7356250e-01
   1.6000000e+01   1.2000000e+01   1.6969700e-15   2.6340625e-01   2.6340625e-01
   1.7000000e+01   1.2000000e+01   1.6042955e-15   2.4940625e-01   2.4940625e-01
   1.8000000e+01   1.2000000e+01   1.5191445e-15   2.4596875e-01   2.4596875e-01
   1.9000000e+01   1.2000000e+01   1.5544059e-15   2.4687500e-01   2.4687500e-01
   2.0000000e+01   1.2000000e+01   1.5392561e-15   2.4587500e-01   2.4587500e-01
   2.1000000e+01   1.2000000e+01   1.5810631e-15   2.4928125e-01   2.4928125e-01
   2.2000000e+01   1.2000000e+01   1.5595869e-15   2.4612500e-01   2.4612500e-01
   2.3000000e+01   1.2000000e+01   1.5805810e-15   2.3046875e-01   2.3046875e-01
   2.4000000e+01   1.2000000e+01   1.6035076e-15   2.2859375e-01   2.2859375e-01
   2.5000000e+01   1.2000000e+01   1.5308125e-15   2.2987500e-01   2.2987500e-01
   2.6000000e+01   1.2000000e+01   1.6678877e-15   2.3912500e-01   2.3912500e-01
   2.7000000e+01   1.2000000e+01   1.8323988e-15   2.5000000e-01   2.5000000e-01
   2.8000000e+01   1.2000000e+01   1.8877937e-15   2.6521875e-01   2.6521875e-01
   2.9000000e+01   1.2000000e+01   1.8812210e-15   2.7796875e-01   2.7796875e-01
   3.0000000e+01   1.2000000e+01   1.8476604e-15   2.8828125e-01   2.8828125e-01
   3.1000000e+01   1.2000000e+01   1.8249657e-15   2.8425000e-01   2.8425000e-01
   3.2000000e+01   1.2000000e+01   1.6724297e-15   2.6809375e-01   2.6809375e-01
   3.3000000e+01   1.2000000e+01   1.5805561e-15   2.5387500e-01   2.5387500e-01
   3.4000000e+01   1.2000000e+01   1.5765515e-15   2.4278125e-01   2.4278125e-01
   3.5000000e+01   1.2000000e+01   1.6201622e-15   2.3306250e-01   2.3306250e-01
   1.0000000e+00   1.3000000e+01   1.6506989e-15   2.4543750e-01   2.4543750e-01
   2.0000000e+00   1.3000000e+01   1.6096270e-15   2.4681250e-01   2.4681250e-01
   3.0000000e+00   1.3000000e+01   1.6125713e-15   2.4665625e-01   2.4665625e-01
   4.0000000e+00   1.3000000e+01   1.6081990e-15   2.4684375e-01   2.4684375e-01
   5.0000000e+00   1.3000000e+01   1.6808985e-15   2.5078125e-01   2.5078125e-01
   6.0000000e+00   1.3000000e+01   1.5440531e-15   2.4409375e-01   2.4409375e-01
   7.0000000e+00   1.3000000e+01   1.5035050e-15   2.3840625e-01   2.3840625e-01
   8.0000000e+00   1.3000000e+01   1.4720645e-15   2.3484375e-01   2.3484375e-01
   9.0000000e+00   1.3000000e+01   1.4941159e-15   2.3603125e-01   2.3603125e-01
   1.0000000e+01   1.3000000e+01   1.6037258e-15   2.5021875e-01   2.5021875e-01
   1.1000000e+01   1.3000000e+01   1.7076337e-15   2.6678125e-01   2.6678125e-01
   1.2000000e+01   1.3000000e+01   1.8758652e-15   2.8106250e-01   2.8106250e-01
   1.3000000e+01   1.3000000e+01   1.9424707e-15   2.7987500e-01   2.7987500e-01
   1.4000000e+01   1.3000000e+01   2.0340180e-15   2.8534375e-01   2.8534375e-01
   1.5000000e+01   1.3000000e+01   1.8287702e-15   2.7990625e-01   2.7990625e-01
   1.6000000e+01   1.3000000e+01   1.6719177e-15   2.6159375e-01   2.6159375e-01
   1.7000000e+01   1.3000000e+01   1.6500136e-15   2.5106250e-01   2.5106250e-01
   1.8000000e+01   1.3000000e+01   1.5856740e-15   2.4962500e-01   2.4962500e-01
   1.9000000e+01   1.3000000e+01   1.5869780e-15   2.4718750e-01   2.4718750e-01
   2.0000000e+01   1.3000000e+01   1.7460027e-15   2.4400000e-01   2.4400000e-01
   2.1000000e+01   1.3000000e+01   1.6574031e-15   2.5137500e-01   2.5137500e-01
   2.2000000e+01   1.3000000e+01   1.6306810e-15   2.5165625e-01   2.5165625e-01
   2.3000000e+01   1.3000000e+01   1.5605394e-15   2.4631250e-01   2.4631250e-01
   2.4000000e+01   1.3000000e+01   1.4006429e-15   2.3690625e-01   2.3690625e-01
   2.5000000e+01   1.3000000e+01   1.5182866e-15   2.3859375e-01   2.3859375e-01
   2.6000000e+01   1.3000000e+01   1.5191367e-15   2.4868750e-01   2.4868750e-01
   2.7000000e+01   1.3000000e+01   1.6936161e-15   2.6837500e-01   2.6837500e-01
   2.8000000e+01   1.3000000e+01   1.9659606e-15   2.7371875e-01   2.7371875e-01
   2.9000000e+01   1.3000000e+01   1.9605205e-15   2.9150000e-01   2.9150000e-01
   3.0000000e+01   1.3000000e+01   2.0261380e-15   2.9459375e-01   2.9459375e-01
   3.1000000e+01   1.3000000e+01   1.8668361e-15   2.8646875e-01   2.8646875e-01
   3.2000000e+01   1.3000000e+01   1.6882129e-15   2.7115625e-01   2.7115625e-01
   3.3000000e+01   1.3000000e+01   1.7653876e-15   2.4634375e-01   2.4634375e-01
   3.4000000e+01   1.3000000e+01   1.6548625e-15   2.4865625e-01   2.4865625e-01
   3.5000000e+01   1.3000000e+01   1.7133940e-15   2.5015625e-01   2.5015625e-01
   1.0000000e+00   1.4000000e+01   1.6454506e-15   2.5384375e-01   2.5384375e-01
   2.0000000e+00   1.4000000e+01   1.6749417e-15   2.4150000e-01   2.4150000e-01
   3.0000000e+00   1.4000000e+01   1.8013706e-15   2.4728125e-01   2.4728125e-01
   4.0000000e+00   1.4000000e+01   1.6271706e-15   2.5056250e-01   2.5056250e-01
   5.0000000e+00   1.4000000e+01   1.6530509e-15   2.5084375e-01   2.5084375e-01
   6.0000000e+00   1.4000000e+01   1.6913865e-15   2.4850000e-01   2.4850000e-01
   7.0000000e+00   1.4000000e+01   1.5644436e-15   2.4015625e-01   2.4015625e-01
   8.0000000e+00   1.4000000e+01   1.6415516e-15   2.3687500e-01   2.3687500e-01
   9.0000000e+00   1.4000000e+01   1.5862999e-15   2.4500000e-01   2.4500000e-01
   1.0000000e+01   1.4000000e+01   1.7039345e-15   2.6096875e-01   2.6096875e-01
   1.1000000e+01   1.4000000e+01   1.8974657e-15   2.7615625e-01   2.7615625e-01
   1.2000000e+01   1.4000000e+01   2.0630114e-15   2.8575000e-01   2.8575000e-01
   1.3000000e+01   1.4000000e+01   2.1108983e-15   2.9368750e-01   2.9368750e-01
   1.4000000e+01   1.4000000e+01   2.0485893e-15   2.9568750e-01   2.9568750e-01
   1.5000000e+01   1.4000000e+01   1.8915551e-15   2.8503125e-01   2.8503125e-01
   1.6000000e+01   1.4000000e+01   1.7926180e-15   2.6840625e-01   2.6840625e-01
   1.7000000e+01   1.4000000e+01   1.7624043e-15   2.5581250e-01   2.5581250e-01
   1.8000000e+01   1.4000000e+01   1.7428874e-15   2.5315625e-01   2.5315625e-01
   1.9000000e+01   1.4000000e+01   1.7382220e-15   2.5431250e-01   2.5431250e-01
   2.0000000e+01   1.4000000e+01   1.6953040e-15   2.5243750e-01   2.5243750e-01
   2.1000000e+01   1.4000000e+01   1.6948911e-15   2.5206250e-01   2.5206250e-01
   2.2000000e+01   1.4000000e+01   1.6086607e-15   2.4496875e-01   2.4496875e-01
   2.3000000e+01   1.4000000e+01   1.6143888e-15   2.3981250e-01   2.3981250e-01
   2.4000000e+01   1.4000000e+01   1.5193733e-15   2.3609375e-01   2.3609375e-01
   2.5000000e+01   1.4000000e+01   1.5131551e-15   2.4112500e-01   2.4112500e-01
   2.6000000e+01   1.4000000e+01   1.6260450e-15   2.5831250e-01   2.5831250e-01
   2.7000000e+01   1.4000000e+01   1.7408204e-15   2.7281250e-01   2.7281250e-01
   2.8000000e+01   1.4000000e+01   1.9236491e-15   2.9015625e-01   2.9015625e-01
   2.9000000e+01   1.4000000e+01   2.0160993e-15   2.8440625e-01   2.8440625e-01
   3.0000000e+01   1.4000000e+01   2.0658888e-15   2.9343750e-01   2.9343750e-01
   3.1000000e+01   1.4000000e+01   1.9191333e-15   2.9168750e-01   2.9168750e-01
   3.2000000e+01   1.4000000e+01   1.7703823e-15   2.7462500e-01   2.7462500e-01
   3.3000000e+01   1.4000000e+01   1.6981131e-15   2.5259375e-01   2.5259375e-01
   3.4000000e+01   1.4000000e+01   1.7742069e-15   2.5012500e-01   2.5012500e-01
   3.5000000e+01   1.4000000e+01   1.6831763e-15   2.5340625e-01   2.5340625e-01
   1.0000000e+00   1.5000000e+01   1.6070188e-15   2.5209375e-01   2.5209375e-01
   2.0000000e+00   1.5000000e+01   1.6368386e-15   2.5640625e-01   2.5640625e-01
   3.0000000e+00   1.5000000e+01   1.6752214e-15   2.5606250e-01   2.5606250e-01
   4.0000000e+00   1.5000000e+01   1.7421138e-15   2.4184375e-01   2.4184375e-01
   5.0000000e+00   1.5000000e+01   1.6763590e-15   2.4678125e-01   2.4678125e-01
   6.0000000e+00   1.5000000e+01   1.5502812e-15   2.3934375e-01   2.3934375e-01
   7.0000000e+00   1.5000000e+01   1.4795262e-15   2.3496875e-01   2.3496875e-01
   8.0000000e+00   1.5000000e+01   1.5322126e-15   2.4006250e-01   2.4006250e-01
   9.0000000e+00   1.5000000e+01   1.6123176e-15   2.4840625e-01   2.4840625e-01
   1.0000000e+01   1.5000000e+01   1.8463528e-15   2.5603125e-01   2.5603125e-01
   1.1000000e+01   1.5000000e+01   1.8881672e-15   2.7821875e-01   2.7821875e-01
   1.2000000e+01   1.5000000e+01   1.9360603e-15   2.9128125e-01   2.9128125e-01
   1.3000000e+01   1.5000000e+01   1.9872145e-15   2.9940625e-01   2.9940625e-01
   1.4000000e+01   1.5000000e+01   2.0435249e-15   2.8425000e-01   2.8425000e-01
   1.5000000e+01   1.5000000e+01   1.9712689e-15   2.8606250e-01   2.8606250e-01
   1.6000000e+01   1.5000000e+01   1.8045922e-15   2.7243750e-01   2.7243750e-01
   1.7000000e+01   1.5000000e+01   1.6469060e-15   2.6012500e-01   2.6012500e-01
   1.8000000e+01   1.5000000e+01   1.7625642e-15   2.4475000e-01   2.4475000e-01
   1.9000000e+01   1.5000000e+01   1.6809702e-15   2.5365625e-01   2.5365625e-01
   2.0000000e+01   1.5000000e+01   1.6176498e-15   2.5465625e-01   2.5465625e-01
   2.1000000e+01   1.5000000e+01   1.6687781e-15   2.4809375e-01   2.4809375e-01
   2.2000000e+01   1.5000000e+01   1.7367079e-15   2.3490625e-01   2.3490625e-01
   2.3000000e+01   1.5000000e+01   1.6282858e-15   2.3665625e-01   2.3665625e-01
   2.4000000e+01   1.5000000e+01   1.5198360e-15   2.3721875e-01   2.3721875e-01
   2.5000000e+01   1.5000000e+01   1.5519122e-15   2.3575000e-01   2.3575000e-01
   2.6000000e+01   1.5000000e+01   1.7805045e-15   2.5490625e-01   2.5490625e-01
   2.7000000e+01   1.5000000e+01   1.6877540e-15   2.6565625e-01   2.6565625e-01
   2.8000000e+01   1.5000000e+01   1.9213671e-15   2.8896875e-01   2.8896875e-01
   2.9000000e+01   1.5000000e+01   2.1141851e-15   2.8918750e-01   2.8918750e-01
   3.0000000e+01   1.5000000e+01   2.0751268e-15   2.9690625e-01   2.9690625e-01
   3.1000000e+01   1.5000000e+01   1.9512665e-15   2.9225000e-01   2.9225000e-01
   3.2000000e+01   1.5000000e+01   1.8912030e-15   2.6953125e-01   2.6953125e-01
   3.3000000e+01   1.5000000e+01   1.9386543e-15   2.6131250e-01   2.6131250e-01
   3.4000000e+01   1.5000000e+01   1.7401335e-15   2.5187500e-01   2.5187500e-01
   3.5000000e+01   1.5000000e+01   1.7392317e-15   2.5071875e-01   2.5071875e-01
   1.0000000e+00   1.6000000e+01   1.7123585e-15   2.5512500e-01   2.5512500e-01
   2.0000000e+00   1.6000000e+01   1.7201674e-15   2.5371875e-01   2.5371875e-01
   3.0000000e+00   1.6000000e+01   1.6369929e-15   2.5312500e-01   2.5312500e-01
   4.0000000e+00   1.6000000e+01   1.6655496e-15   2.4996875e-01   2.4996875e-01
   5.0000000e+00   1.6000000e+01   1.6212641e-15   2.4471875e-01   2.4471875e-01
   6.0000000e+00   1.6000000e+01   1.5394840e-15   2.3609375e-01   2.3609375e-01
   7.0000000e+00   1.6000000e+01   1.6338870e-15   2.2662500e-01   2.2662500e-01
   8.0000000e+00   1.6000000e+01   1.6392223e-15   2.3856250e-01   2.3856250e-01
   9.0000000e+00   1.6000000e+01   1.5584712e-15   2.4390625e-01   2.4390625e-01
   1.0000000e+01   1.6000000e+01   1.7158944e-15   2.6118750e-01   2.6118750e-01
   1.1000000e+01   1.6000000e+01   1.8185561e-15   2.7443750e-01   2.7443750e-01
   1.2000000e+01   1.6000000e+01   1.9956407e-15   2.8206250e-01   2.8206250e-01
   1.3000000e+01   1.6000000e+01   2.1549675e-15   2.9075000e-01   2.9075000e-01
   1.4000000e+01   1.6000000e+01   2.1281931e-15   2.9546875e-01   2.9546875e-01
   1.5000000e+01   1.6000000e+01   2.0626389e-15   2.8950000e-01   2.8950000e-01
   1.6000000e+01   1.6000000e+01   1.8480161e-15   2.7415625e-01   2.7415625e-01
   1.7000000e+01   1.6000000e+01   1.8239997e-15   2.6590625e-01   2.6590625e-01
   1.8000000e+01   1.6000000e+01   1.7603035e-15   2.5453125e-01   2.5453125e-01
   1.9000000e+01   1.6000000e+01   1.6989950e-15   2.5350000e-01   2.5350000e-01
   2.0000000e+01   1.6000000e+01   1.7325560e-15   2.5437500e-01   2.5437500e-01
   2.1000000e+01   1.6000000e+01   1.7311802e-15   2.4943750e-01   2.4943750e-01
   2.2000000e+01   1.6000000e+01   1.5440319e-15   2.3700000e-01   2.3700000e-01
   2.3000000e+01   1.6000000e+01   1.5916844e-15   2.3709375e-01   2.3709375e-01
   2.4000000e+01   1.6000000e+01   1.6657114e-15   2.4100000e-01   2.4100000e-01
   2.5000000e+01   1.6000000e+01   1.6616029e-15   2.4206250e-01   2.4206250e-01
   2.6000000e+01   1.6000000e+01   1.6361393e-15   2.4953125e-01   2.4953125e-01
   2.7000000e+01   1.6000000e+01   1.7837389e-15   2.6621875e-01   2.6621875e-01
   2.8000000e+01   1.6000000e+01   1.8933925e-15   2.8665625e-01   2.8665625e-01
   2.9000000e+01   1.6000000e+01   2.0121059e-15   3.0040625e-01   3.0040625e-01
   3.0000000e+01   1.6000000e+01   2.0391490e-15   3.0075000e-01   3.0075000e-01
   3.1000000e+01   1.6000000e+01   2.0027970e-15   2.9871875e-01   2.9871875e-01
   3.2000000e+01   1.6000000e+01   1.8878015e-15   2.8950000e-01   2.8950000e-01
   3.3000000e+01   1.6000000e+01   1.7435225e-15   2.7706250e-01   2.7706250e-01
   3.4000000e+01   1.6000000e+01   1.6730934e-15   2.6340625e-01   2.6340625e-01
   3.5000000e+01   1.6000000e+01   1.6434204e-15   2.5296875e-01   2.5296875e-01
   1.0000000e+00   1.7000000e+01   1.8700536e-15   2.5275000e-01   2.5275000e-01
   2.0000000e+00   1.7000000e+01   1.7419501e-15   2.5040625e-01   2.5040625e-01
   3.0000000e+00   1.7000000e+01   1.7788415e-15   2.5496875e-01   2.5496875e-01
   4.0000000e+00   1.7000000e+01   1.6750974e-15   2.5487500e-01   2.5487500e-01
   5.0000000e+00   1.7000000e+01   1.6290607e-15   2.4843750e-01   2.4843750e-01
   6.0000000e+00   1.7000000e+01   1.6948655e-15   2.3181250e-01   2.3181250e-01
   7.0000000e+00   1.7000000e+01   1.6078760e-15   2.4184375e-01   2.4184375e-01
   8.0000000e+00   1.7000000e+01   1.6372457e-15   2.4490625e-01   2.4490625e-01
   9.0000000e+00   1.7000000e+01   1.5617529e-15   2.4568750e-01   2.4568750e-01
   1.0000000e+01   1.7000000e+01   1.7817568e-15   2.4893750e-01   2.4893750e-01
   1.1000000e+01   1.7000000e+01   1.9752397e-15   2.7434375e-01   2.7434375e-01
   1.2000000e+01   1.7000000e+01   2.0039092e-15   2.9440625e-01   2.9440625e-01
   1.3000000e+01   1.7000000e+01   2.0782646e-15   3.0784375e-01   3.0784375e-01
   1.4000000e+01   1.7000000e+01   2.0316585e-15   3.0706250e-01   3.0706250e-01
   1.5000000e+01   1.7000000e+01   2.1103536e-15   2.9078125e-01   2.9078125e-01
   1.6000000e+01   1.7000000e+01   2.1372090e-15   2.8621875e-01   2.8621875e-01
   1.7000000e+01   1.7000000e+01   1.8920780e-15   2.7678125e-01   2.7678125e-01
   1.8000000e+01   1.7000000e+01   1.7345805e-15   2.6137500e-01   2.6137500e-01
   1.9000000e+01   1.7000000e+01   1.6765836e-15   2.5715625e-01   2.5715625e-01
   2.0000000e+01   1.7000000e+01   1.7103265e-15   2.5793750e-01   2.5793750e-01
   2.1000000e+01   1.7000000e+01   1.7876114e-15   2.4728125e-01   2.4728125e-01
   2.2000000e+01   1.7000000e+01   1.7872650e-15   2.4559375e-01   2.4559375e-01
   2.3000000e+01   1.7000000e+01   1.6657981e-15   2.4700000e-01   2.4700000e-01
   2.4000000e+01   1.7000000e+01   1.6137898e-15   2.4668750e-01   2.4668750e-01
   2.5000000e+01   1.7000000e+01   1.5326184e-15   2.4725000e-01   2.4725000e-01
   2.6000000e+01   1.7000000e+01   1.6723208e-15   2.5784375e-01   2.5784375e-01
   2.7000000e+01   1.7000000e+01   1.8125989e-15   2.7118750e-01   2.7118750e-01
   2.8000000e+01   1.7000000e+01   2.0791472e-15   2.8431250e-01   2.8431250e-01
   2.9000000e+01   1.7000000e+01   2.1565081e-15   3.0721875e-01   3.0721875e-01
   3.0000000e+01   1.7000000e+01   2.1096799e-15   3.1006250e-01   3.1006250e-01
   3.1000000e+01   1.7000000e+01   2.0710439e-15   3.0950000e-01   3.0950000e-01
   3.2000000e+01   1.7000000e+01   2.0010966e-15   3.0325000e-01   3.0325000e-01
   3.3000000e+01   1.7000000e+01   1.9882712e-15   2.8012500e-01   2.8012500e-01
   3.4000000e+01   1.7000000e+01   1.8629614e-15   2.7215625e-01   2.7215625e-01
   3.5000000e+01   1.7000000e+01   1.7132943e-15   2.6171875e-01   2.6171875e-01
   1.0000000e+00   1.8000000e+01   1.8058729e-15   2.6990625e-01   2.6990625e-01
   2.0000000e+00   1.8000000e+01   1.8085669e-15   2.5143750e-01   2.5143750e-01
   3.0000000e+00   1.8000000e+01   1.8240368e-15   2.5596875e-01   2.5596875e-01
   4.0000000e+00   1.8000000e+01   1.7684424e-15   2.5875000e-01   2.5875000e-01
   5.0000000e+00   1.8000000e+01   1.6731841e-15   2.5671875e-01   2.5671875e-01
   6.0000000e+00   1.8000000e+01   1.6281363e-15   2.5259375e-01   2.5259375e-01
   7.0000000e+00   1.8000000e+01   1.7266195e-15   2.4084375e-01   2.4084375e-01
   8.0000000e+00   1.8000000e+01   1.7449737e-15   2.4984375e-01   2.4984375e-01
   9.0000000e+00   1.8000000e+01   1.7166736e-15   2.5368750e-01   2.5368750e-01
   1.0000000e+01   1.8000000e+01   1.8530572e-15   2.7062500e-01   2.7062500e-01
   1.1000000e+01   1.8000000e+01   1.8318113e-15   2.8593750e-01   2.8593750e-01
   1.2000000e+01   1.8000000e+01   2.0607028e-15   3.0325000e-01   3.0325000e-01
   1.3000000e+01   1.8000000e+01   2.1647163e-15   3.1343750e-01   3.1343750e-01
   1.4000000e+01   1.8000000e+01   2.1395478e-15   3.1950000e-01   3.1950000e-01
   1.5000000e+01   1.8000000e+01   2.0951722e-15   3.1443750e-01   3.1443750e-01
   1.6000000e+01   1.8000000e+01   2.2515824e-15   2.9762500e-01   2.9762500e-01
   1.7000000e+01   1.8000000e+01   2.0294571e-15   2.9193750e-01   2.9193750e-01
   1.8000000e+01   1.8000000e+01   1.8334923e-15   2.7390625e-01   2.7390625e-01
   1.9000000e+01   1.8000000e+01   1.7319769e-15   2.6596875e-01   2.6596875e-01
   2.0000000e+01   1.8000000e+01   1.7455248e-15   2.6578125e-01   2.6578125e-01
   2.1000000e+01   1.8000000e+01   1.9649738e-15   2.5978125e-01   2.5978125e-01
   2.2000000e+01   1.8000000e+01   1.8373215e-15   2.5756250e-01   2.5756250e-01
   2.3000000e+01   1.8000000e+01   1.7777616e-15   2.5637500e-01   2.5637500e-01
   2.4000000e+01   1.8000000e+01   1.7158326e-15   2.5634375e-01   2.5634375e-01
   2.5000000e+01   1.8000000e+01   1.7507482e-15   2.5600000e-01   2.5600000e-01
   2.6000000e+01   1.8000000e+01   1.7495870e-15   2.6728125e-01   2.6728125e-01
   2.7000000e+01   1.8000000e+01   1.9157333e-15   2.8565625e-01   2.8565625e-01
   2.8000000e+01   1.8000000e+01   2.0164405e-15   3.0562500e-01   3.0562500e-01
   2.9000000e+01   1.8000000e+01   2.1266715e-15   3.1843750e-01   3.1843750e-01
   3.0000000e+01   1.8000000e+01   2.1306413e-15   3.2434375e-01   3.2434375e-01
   3.1000000e+01   1.8000000e+01   2.1590263e-15   3.2034375e-01   3.2034375e-01
   3.2000000e+01   1.8000000e+01   2.0804638e-15   2.9937500e-01   2.9937500e-01
   3.3000000e+01   1.8000000e+01   2.1755922e-15   2.9975000e-01   2.9975000e-01
   3.4000000e+01   1.8000000e+01   1.9768797e-15   2.8750000e-01   2.8750000e-01
   3.5000000e+01   1.8000000e+01   1.8816844e-15   2.7796875e-01   2.7796875e-01
   1.0000000e+00   1.9000000e+01   1.8961104e-15   2.9128125e-01   2.9128125e-01
   2.0000000e+00   1.9000000e+01   1.8028273e-15   2.7765625e-01   2.7765625e-01
   3.0000000e+00   1.9000000e+01   1.7842521e-15   2.7278125e-01   2.7278125e-01
   4.0000000e+00   1.9000000e+01   1.7761084e-15   2.7321875e-01   2.7321875e-01
   5.0000000e+00   1.9000000e+01   1.7780032e-15   2.6928125e-01   2.6928125e-01
   6.0000000e+00   1.9000000e+01   1.7290273e-15   2.6034375e-01   2.6034375e-01
   7.0000000e+00   1.9000000e+01   1.8841897e-15   2.5162500e-01   2.5162500e-01
   8.0000000e+00   1.9000000e+01   1.8967560e-15   2.5284375e-01   2.5284375e-01
   9.0000000e+00   1.9000000e+01   1.9402652e-15   2.6018750e-01   2.6018750e-01
   1.0000000e+01   1.9000000e+01   2.0378285e-15   2.7440625e-01   2.7440625e-01
   1.1000000e+01   1.9000000e+01   2.1919877e-15   2.9437500e-01   2.9437500e-01
   1.2000000e+01   1.9000000e+01   2.2780768e-15   3.1884375e-01   3.1884375e-01
   1.3000000e+01   1.9000000e+01   2.2667338e-15   3.3018750e-01   3.3018750e-01
   1.4000000e+01   1.9000000e+01   2.2513505e-15   3.2678125e-01   3.2678125e-01
   1.5000000e+01   1.9000000e+01   2.1363663e-15   3.2175000e-01   3.2175000e-01
   1.6000000e+01   1.9000000e+01   2.0930528e-15   3.1509375e-01   3.1509375e-01
   1.7000000e+01   1.9000000e+01   2.0731846e-15   3.0728125e-01   3.0728125e-01
   1.8000000e+01   1.9000000e+01   2.0101949e-15   2.8190625e-01   2.8190625e-01
   1.9000000e+01   1.9000000e+01   2.0538749e-15   2.8040625e-01   2.8040625e-01
   2.0000000e+01   1.9000000e+01   1.9921311e-15   2.7896875e-01   2.7896875e-01
   2.1000000e+01   1.9000000e+01   1.9355208e-15   2.7881250e-01   2.7881250e-01
   2.2000000e+01   1.9000000e+01   1.8220807e-15   2.7403125e-01   2.7403125e-01
   2.3000000e+01   1.9000000e+01   1.8063668e-15   2.7156250e-01   2.7156250e-01
   2.4000000e+01   1.9000000e+01   1.7201692e-15   2.6537500e-01   2.6537500e-01
   2.5000000e+01   1.9000000e+01   1.7700802e-15   2.7003125e-01   2.7003125e-01
   2.6000000e+01   1.9000000e+01   1.9402670e-15   2.7109375e-01   2.7109375e-01
   2.7000000e+01   1.9000000e+01   2.1097383e-15   2.9971875e-01   2.9971875e-01
   2.8000000e+01   1.9000000e+01   2.1872970e-15   3.2184375e-01   3.2184375e-01
   2.9000000e+01   1.9000000e+01   2.2420113e-15   3.3418750e-01   3.3418750e-01
   3.0000000e+01   1.9000000e+01   2.1777414e-15   3.3471875e-01   3.3471875e-01
   3.1000000e+01   1.9000000e+01   2.2883341e-15   3.1862500e-01   3.1862500e-01
   3.2000000e+01   1.9000000e+01   2.1864201e-15   3.1806250e-01   3.1806250e-01
   3.3000000e+01   1.9000000e+01   2.1250618e-15   3.1206250e-01   3.1206250e-01
   3.4000000e+01   1.9000000e+01   1.9354835e-15   3.0309375e-01   3.0309375e-01
   3.5000000e+01   1.9000000e+01   1.9693049e-15   2.9684375e-01   2.9684375e-01
   1.0000000e+00   2.0000000e+01   2.1349950e-15   2.9637500e-01   2.9637500e-01
   2.0000000e+00   2.0000000e+01   1.9770505e-15   2.9331250e-01   2.9331250e-01
   3.0000000e+00   2.0000000e+01   1.9826601e-15   2.9018750e-01   2.9018750e-01
   4.0000000e+00   2.0000000e+01   1.8967150e-15   2.8787500e-01   2.8787500e-01
   5.0000000e+00   2.0000000e+01   1.9261946e-15   2.8600000e-01   2.8600000e-01
   6.0000000e+00   2.0000000e+01   1.7771895e-15   2.7515625e-01   2.7515625e-01
   7.0000000e+00   2.0000000e+01   1.7743672e-15   2.7281250e-01   2.7281250e-01
   8.0000000e+00   2.0000000e+01   1.7395533e-15   2.7356250e-01   2.7356250e-01
   9.0000000e+00   2.0000000e+01   1.8200058e-15   2.8050000e-01   2.8050000e-01
   1.0000000e+01   2.0000000e+01   2.0153552e-15   3.0068750e-01   3.0068750e-01
   1.1000000e+01   2.0000000e+01   2.1044390e-15   3.1500000e-01   3.1500000e-01
   1.2000000e+01   2.0000000e+01   2.2157667e-15   3.3450000e-01   3.3450000e-01
   1.3000000e+01   2.0000000e+01   2.1909736e-15   3.4056250e-01   3.4056250e-01
   1.4000000e+01   2.0000000e+01   2.2001564e-15   3.3559375e-01   3.3559375e-01
   1.5000000e+01   2.0000000e+01   2.2200556e-15   3.2846875e-01   3.2846875e-01
   1.6000000e+01   2.0000000e+01   2.0909729e-15   3.1968750e-01   3.1968750e-01
   1.7000000e+01   2.0000000e+01   2.0723563e-15   3.1496875e-01   3.1496875e-01
   1.8000000e+01   2.0000000e+01   1.9464540e-15   3.0612500e-01   3.0612500e-01
   1.9000000e+01   2.0000000e+01   2.0124038e-15   3.0384375e-01   3.0384375e-01
   2.0000000e+01   2.0000000e+01   2.0152411e-15   2.9128125e-01   2.9128125e-01
   2.1000000e+01   2.0000000e+01   2.0800786e-15   2.8631250e-01   2.8631250e-01
   2.2000000e+01   2.0000000e+01   1.9714619e-15   2.8359375e-01   2.8359375e-01
   2.3000000e+01   2.0000000e+01   1.9551050e-15   2.8090625e-01   2.8090625e-01
   2.4000000e+01   2.0000000e+01   1.8547974e-15   2.7821875e-01   2.7821875e-01
   2.5000000e+01   2.0000000e+01   1.9533690e-15   2.8018750e-01   2.8018750e-01
   2.6000000e+01   2.0000000e+01   2.0389131e-15   2.8446875e-01   2.8446875e-01
   2.7000000e+01   2.0000000e+01   2.0465862e-15   3.0303125e-01   3.0303125e-01
   2.8000000e+01   2.0000000e+01   2.1274626e-15   3.2893750e-01   3.2893750e-01
   2.9000000e+01   2.0000000e+01   2.2866859e-15   3.3893750e-01   3.3893750e-01
   3.0000000e+01   2.0000000e+01   2.2687185e-15   3.3865625e-01   3.3865625e-01
   3.1000000e+01   2.0000000e+01   2.2565150e-15   3.2109375e-01   3.2109375e-01
   3.2000000e+01   2.0000000e+01   2.3267830e-15   3.1821875e-01   3.1821875e-01
   3.3000000e+01   2.0000000e+01   2.1750198e-15   3.1625000e-01   3.1625000e-01
   3.4000000e+01   2.0000000e+01   2.0914629e-15   3.1106250e-01   3.1106250e-01
   3.5000000e+01   2.0000000e+01   2.0566744e-15   3.0690625e-01   3.0690625e-01
   1.0000000e+00   2.1000000e+01   2.0741904e-15   3.1278125e-01   3.1278125e-01
   2.0000000e+00   2.1000000e+01   1.9822508e-15   3.0506250e-01   3.0506250e-01
   3.0000000e+00   2.1000000e+01   1.9917274e-15   3.0509375e-01   3.0509375e-01
   4.0000000e+00   2.1000000e+01   1.9682323e-15   3.0103125e-01   3.0103125e-01
   5.0000000e+00   2.1000000e+01   2.0271229e-15   2.8387500e-01   2.8387500e-01
   6.0000000e+00   2.1000000e+01   2.0139704e-15   2.8668750e-01   2.8668750e-01
   7.0000000e+00   2.1000000e+01   1.9312370e-15   2.8568750e-01   2.8568750e-01
   8.0000000e+00   2.1000000e+01   1.8350800e-15   2.8393750e-01   2.8393750e-01
   9.0000000e+00   2.1000000e+01   1.8476035e-15   2.9115625e-01   2.9115625e-01
   1.0000000e+01   2.1000000e+01   2.0429999e-15   3.0256250e-01   3.0256250e-01
   1.1000000e+01   2.1000000e+01   2.3196798e-15   3.1875000e-01   3.1875000e-01
   1.2000000e+01   2.1000000e+01   2.2911060e-15   3.3696875e-01   3.3696875e-01
   1.3000000e+01   2.1000000e+01   2.3021847e-15   3.4221875e-01   3.4221875e-01
   1.4000000e+01   2.1000000e+01   2.1949301e-15   3.3846875e-01   3.3846875e-01
   1.5000000e+01   2.1000000e+01   2.2641092e-15   3.2075000e-01   3.2075000e-01
   1.6000000e+01   2.1000000e+01   2.3361327e-15   3.2287500e-01   3.2287500e-01
   1.7000000e+01   2.1000000e+01   2.2345032e-15   3.1753125e-01   3.1753125e-01
   1.8000000e+01   2.1000000e+01   2.0383013e-15   3.0937500e-01   3.0937500e-01
   1.9000000e+01   2.1000000e+01   2.0339852e-15   3.0834375e-01   3.0834375e-01
   2.0000000e+01   2.1000000e+01   2.0977519e-15   3.0796875e-01   3.0796875e-01
   2.1000000e+01   2.1000000e+01   2.0009012e-15   2.9581250e-01   2.9581250e-01
   2.2000000e+01   2.1000000e+01   1.9969712e-15   2.8037500e-01   2.8037500e-01
   2.3000000e+01   2.1000000e+01   2.0852774e-15   2.8040625e-01   2.8040625e-01
   2.4000000e+01   2.1000000e+01   1.9930283e-15   2.8531250e-01   2.8531250e-01
   2.5000000e+01   2.1000000e+01   1.9351358e-15   2.8768750e-01   2.8768750e-01
   2.6000000e+01   2.1000000e+01   2.0331381e-15   2.9925000e-01   2.9925000e-01
   2.7000000e+01   2.1000000e+01   2.1261011e-15   3.1471875e-01   3.1471875e-01
   2.8000000e+01   2.1000000e+01   2.1984640e-15   3.2868750e-01   3.2868750e-01
   2.9000000e+01   2.1000000e+01   2.2014163e-15   3.3484375e-01   3.3484375e-01
   3.0000000e+01   2.1000000e+01   2.2676866e-15   3.3853125e-01   3.3853125e-01
   3.1000000e+01   2.1000000e+01   2.1395253e-15   3.3015625e-01   3.3015625e-01
   3.2000000e+01   2.1000000e+01   2.1171552e-15   3.2375000e-01   3.2375000e-01
   3.3000000e+01   2.1000000e+01   2.0887981e-15   3.1821875e-01   3.1821875e-01
   3.4000000e+01   2.1000000e+01   1.9625353e-15   3.1168750e-01   3.1168750e-01
   3.5000000e+01   2.1000000e+01   2.0076024e-15   3.0737500e-01   3.0737500e-01
   1.0000000e+00   2.2000000e+01   2.0854759e-15   3.1378125e-01   3.1378125e-01
   2.0000000e+00   2.2000000e+01   2.0089023e-15   3.0912500e-01   3.0912500e-01
   3.0000000e+00   2.2000000e+01   2.0370337e-15   2.9725000e-01   2.9725000e-01
   4.0000000e+00   2.2000000e+01   2.1863580e-15   3.0062500e-01   3.0062500e-01
   5.0000000e+00   2.2000000e+01   1.9955205e-15   2.9728125e-01   2.9728125e-01
   6.0000000e+00   2.2000000e+01   1.9131719e-15   2.8984375e-01   2.8984375e-01
   7.0000000e+00   2.2000000e+01   1.8678050e-15   2.8996875e-01   2.8996875e-01
   8.0000000e+00   2.2000000e+01   1.8743086e-15   2.7846875e-01   2.7846875e-01
   9.0000000e+00   2.2000000e+01   2.0829091e-15   2.8946875e-01   2.8946875e-01
   1.0000000e+01   2.2000000e+01   2.1302200e-15   3.0921875e-01   3.0921875e-01
   1.1000000e+01   2.2000000e+01   2.1324076e-15   3.2090625e-01   3.2090625e-01
   1.2000000e+01   2.2000000e+01   2.2488024e-15   3.3262500e-01   3.3262500e-01
   1.3000000e+01   2.2000000e+01   2.3667962e-15   3.2321875e-01   3.2321875e-01
   1.4000000e+01   2.2000000e+01   2.4529136e-15   3.3059375e-01   3.3059375e-01
   1.5000000e+01   2.2000000e+01   2.2511797e-15   3.2781250e-01   3.2781250e-01
   1.6000000e+01   2.2000000e+01   2.2848004e-15   3.2265625e-01   3.2265625e-01
   1.7000000e+01   2.2000000e+01   2.1369504e-15   3.1462500e-01   3.1462500e-01
   1.8000000e+01   2.2000000e+01   2.0405330e-15   3.0603125e-01   3.0603125e-01
   1.9000000e+01   2.2000000e+01   2.0329845e-15   3.0825000e-01   3.0825000e-01
   2.0000000e+01   2.2000000e+01   2.1130857e-15   2.9287500e-01   2.9287500e-01
   2.1000000e+01   2.2000000e+01   2.0377439e-15   3.0009375e-01   3.0009375e-01
   2.2000000e+01   2.2000000e+01   1.9223256e-15   2.9012500e-01   2.9012500e-01
   2.3000000e+01   2.2000000e+01   1.8452887e-15   2.8715625e-01   2.8715625e-01
   2.4000000e+01   2.2000000e+01   1.9528746e-15   2.8106250e-01   2.8106250e-01
   2.5000000e+01   2.2000000e+01   2.0190829e-15   2.8246875e-01   2.8246875e-01
   2.6000000e+01   2.2000000e+01   2.0524814e-15   2.9634375e-01   2.9634375e-01
   2.7000000e+01   2.2000000e+01   2.0222587e-15   3.0806250e-01   3.0806250e-01
   2.8000000e+01   2.2000000e+01   2.1636954e-15   3.2437500e-01   3.2437500e-01
   2.9000000e+01   2.2000000e+01   2.4192190e-15   3.2134375e-01   3.2134375e-01
   3.0000000e+01   2.2000000e+01   2.3249722e-15   3.3381250e-01   3.3381250e-01
   3.1000000e+01   2.2000000e+01   2.3032864e-15   3.2881250e-01   3.2881250e-01
   3.2000000e+01   2.2000000e+01   2.0703024e-15   3.2006250e-01   3.2006250e-01
   3.3000000e+01   2.2000000e+01   2.1335410e-15   3.0231250e-01   3.0231250e-01
   3.4000000e+01   2.2000000e+01   2.0760052e-15   3.0412500e-01   3.0412500e-01
   3.5000000e+01   2.2000000e+01   2.0498818e-15   2.9831250e-01   2.9831250e-01
   1.0000000e+00   2.3000000e+01   2.1575310e-15   3.0734375e-01   3.0734375e-01
   2.0000000e+00   2.3000000e+01   2.0280261e-15   3.0381250e-01   3.0381250e-01
   3.0000000e+00   2.3000000e+01   2.0401211e-15   2.9431250e-01   2.9431250e-01
   4.0000000e+00   2.3000000e+01   2.1164668e-15   3.0306250e-01   3.0306250e-01
   5.0000000e+00   2.3000000e+01   1.8852119e-15   2.9262500e-01   2.9262500e-01
   6.0000000e+00   2.3000000e+01   1.9545825e-15   2.7746875e-01   2.7746875e-01
   7.0000000e+00   2.3000000e+01   1.9427752e-15   2.8003125e-01   2.8003125e-01
   8.0000000e+00   2.3000000e+01   1.8591577e-15   2.8215625e-01   2.8215625e-01
   9.0000000e+00   2.3000000e+01   1.8317979e-15   2.8718750e-01   2.8718750e-01
   1.0000000e+01   2.3000000e+01   2.0593027e-15   2.9228125e-01   2.9228125e-01
   1.1000000e+01   2.3000000e+01   2.1916620e-15   3.1093750e-01   3.1093750e-01
   1.2000000e+01   2.3000000e+01   2.2466002e-15   3.2818750e-01   3.2818750e-01
   1.3000000e+01   2.3000000e+01   2.1956973e-15   3.3343750e-01   3.3343750e-01
   1.4000000e+01   2.3000000e+01   2.3639312e-15   3.2000000e-01   3.2000000e-01
   1.5000000e+01   2.3000000e+01   2.2135534e-15   3.2365625e-01   3.2365625e-01
   1.6000000e+01   2.3000000e+01   2.1907437e-15   3.1531250e-01   3.1531250e-01
   1.7000000e+01   2.3000000e+01   2.0373656e-15   3.1187500e-01   3.1187500e-01
   1.8000000e+01   2.3000000e+01   2.0678069e-15   2.8887500e-01   2.8887500e-01
   1.9000000e+01   2.3000000e+01   2.0737116e-15   2.9818750e-01   2.9818750e-01
   2.0000000e+01   2.3000000e+01   1.9723487e-15   3.0000000e-01   3.0000000e-01
   2.1000000e+01   2.3000000e+01   1.9407771e-15   2.9578125e-01   2.9578125e-01
   2.2000000e+01   2.3000000e+01   1.9770244e-15   2.7806250e-01   2.7806250e-01
   2.3000000e+01   2.3000000e+01   1.7174106e-15   2.7046875e-01   2.7046875e-01
   2.4000000e+01   2.3000000e+01   1.7851692e-15   2.7262500e-01   2.7262500e-01
   2.5000000e+01   2.3000000e+01   1.9140256e-15   2.6190625e-01   2.6190625e-01
   2.6000000e+01   2.3000000e+01   1.8600931e-15   2.8000000e-01   2.8000000e-01
   2.7000000e+01   2.3000000e+01   1.9968479e-15   2.9662500e-01   2.9662500e-01
   2.8000000e+01   2.3000000e+01   2.0898442e-15   3.1281250e-01   3.1281250e-01
   2.9000000e+01   2.3000000e+01   2.2865264e-15   3.1887500e-01   3.1887500e-01
   3.0000000e+01   2.3000000e+01   2.2165089e-15   3.2371875e-01   3.2371875e-01
   3.1000000e+01   2.3000000e+01   2.0695220e-15   3.2000000e-01   3.2000000e-01
   3.2000000e+01   2.3000000e+01   2.1539929e-15   3.0171875e-01   3.0171875e-01
   3.3000000e+01   2.3000000e+01   2.1046929e-15   3.0209375e-01   3.0209375e-01
   3.4000000e+01   2.3000000e+01   2.0072555e-15   2.9531250e-01   2.9531250e-01
   3.5000000e+01   2.3000000e+01   1.8355178e-15   2.9128125e-01   2.9128125e-01
   1.0000000e+00   2.4000000e+01   2.0005227e-15   3.0034375e-01   3.0034375e-01
   2.0000000e+00   2.4000000e+01   1.9481575e-15   2.9653125e-01   2.9653125e-01
   3.0000000e+00   2.4000000e+01   2.0927376e-15   2.9009375e-01   2.9009375e-01
   4.0000000e+00   2.4000000e+01   1.9899531e-15   2.9384375e-01   2.9384375e-01
   5.0000000e+00   2.4000000e+01   1.8063190e-15   2.8281250e-01   2.8281250e-01
   6.0000000e+00   2.4000000e+01   1.8850406e-15   2.5990625e-01   2.5990625e-01
   7.0000000e+00   2.4000000e+01   1.7651021e-15   2.6618750e-01   2.6618750e-01
   8.0000000e+00   2.4000000e+01   1.7781658e-15   2.6665625e-01   2.6665625e-01
   9.0000000e+00   2.4000000e+01   1.6831376e-15   2.6871875e-01   2.6871875e-01
   1.0000000e+01   2.4000000e+01   1.9785263e-15   2.7346875e-01   2.7346875e-01
   1.1000000e+01   2.4000000e+01   1.9914879e-15   2.9740625e-01   2.9740625e-01
   1.2000000e+01   2.4000000e+01   2.0309729e-15   3.1365625e-01   3.1365625e-01
   1.3000000e+01   2.4000000e+01   2.2984447e-15   3.1496875e-01   3.1496875e-01
   1.4000000e+01   2.4000000e+01   2.2168580e-15   3.2165625e-01   3.2165625e-01
   1.5000000e+01   2.4000000e+01   2.1657874e-15   3.1515625e-01   3.1515625e-01
   1.6000000e+01   2.4000000e+01   2.1868485e-15   2.9953125e-01   2.9953125e-01
   1.7000000e+01   2.4000000e+01   1.9978053e-15   2.9453125e-01   2.9453125e-01
   1.8000000e+01   2.4000000e+01   1.9616705e-15   2.8534375e-01   2.8534375e-01
   1.9000000e+01   2.4000000e+01   1.9327081e-15   2.8259375e-01   2.8259375e-01
   2.0000000e+01   2.4000000e+01   1.9035553e-15   2.8821875e-01   2.8821875e-01
   2.1000000e+01   2.4000000e+01   1.8780790e-15   2.8153125e-01   2.8153125e-01
   2.2000000e+01   2.4000000e+01   1.7065290e-15   2.6750000e-01   2.6750000e-01
   2.3000000e+01   2.4000000e+01   1.7195294e-15   2.5503125e-01   2.5503125e-01
   2.4000000e+01   2.4000000e+01   1.6972508e-15   2.5362500e-01   2.5362500e-01
   2.5000000e+01   2.4000000e+01   1.6538899e-15   2.5115625e-01   2.5115625e-01
   2.6000000e+01   2.4000000e+01   1.6201720e-15   2.6156250e-01   2.6156250e-01
   2.7000000e+01   2.4000000e+01   1.9522602e-15   2.6868750e-01   2.6868750e-01
   2.8000000e+01   2.4000000e+01   2.0211848e-15   2.9681250e-01   2.9681250e-01
   2.9000000e+01   2.4000000e+01   2.0799971e-15   3.0128125e-01   3.0128125e-01
   3.0000000e+01   2.4000000e+01   2.2298146e-15   3.1565625e-01   3.1565625e-01
   3.1000000e+01   2.4000000e+01   2.0707604e-15   3.0768750e-01   3.0768750e-01
   3.2000000e+01   2.4000000e+01   1.9915006e-15   2.9340625e-01   2.9340625e-01
   3.3000000e+01   2.4000000e+01   1.9334958e-15   2.8906250e-01   2.8906250e-01
   3.4000000e+01   2.4000000e+01   1.8215988e-15   2.8040625e-01   2.8040625e-01
   3.5000000e+01   2.4000000e+01   1.9238889e-15   2.6953125e-01   2.6953125e-01
   1.0000000e+00   2.5000000e+01   1.9223743e-15   2.8875000e-01   2.8875000e-01
   2.0000000e+00   2.5000000e+01   1.8667968e-15   2.7775000e-01   2.7775000e-01
   3.0000000e+00   2.5000000e+01   1.7689362e-15   2.7728125e-01   2.7728125e-01
   4.0000000e+00   2.5000000e+01   1.9655603e-15   2.7409375e-01   2.7409375e-01
   5.0000000e+00   2.5000000e+01   1.6780595e-15   2.6718750e-01   2.6718750e-01
   6.0000000e+00   2.5000000e+01   1.8392216e-15   2.5143750e-01   2.5143750e-01
   7.0000000e+00   2.5000000e+01   1.7167529e-15   2.5140625e-01   2.5140625e-01
   8.0000000e+00   2.5000000e+01   1.7096290e-15   2.4509375e-01   2.4509375e-01
   9.0000000e+00   2.5000000e+01   1.6707010e-15   2.4953125e-01   2.4953125e-01
   1.0000000e+01   2.5000000e+01   1.7143006e-15   2.5612500e-01   2.5612500e-01
   1.1000000e+01   2.5000000e+01   1.8687935e-15   2.7468750e-01   2.7468750e-01
   1.2000000e+01   2.5000000e+01   1.9440669e-15   2.9262500e-01   2.9262500e-01
   1.3000000e+01   2.5000000e+01   2.1969204e-15   3.0225000e-01   3.0225000e-01
   1.4000000e+01   2.5000000e+01   2.1159954e-15   3.0637500e-01   3.0637500e-01
   1.5000000e+01   2.5000000e+01   1.9843934e-15   2.9781250e-01   2.9781250e-01
   1.6000000e+01   2.5000000e+01   1.9750566e-15   2.8818750e-01   2.8818750e-01
   1.7000000e+01   2.5000000e+01   1.8361983e-15   2.7940625e-01   2.7940625e-01
   1.8000000e+01   2.5000000e+01   1.9211237e-15   2.6565625e-01   2.6565625e-01
   1.9000000e+01   2.5000000e+01   1.7574889e-15   2.6431250e-01   2.6431250e-01
   2.0000000e+01   2.5000000e+01   1.8308716e-15   2.6087500e-01   2.6087500e-01
   2.1000000e+01   2.5000000e+01   1.8201548e-15   2.6259375e-01   2.6259375e-01
   2.2000000e+01   2.5000000e+01   1.6028974e-15   2.5109375e-01   2.5109375e-01
   2.3000000e+01   2.5000000e+01   1.7115826e-15   2.3325000e-01   2.3325000e-01
   2.4000000e+01   2.5000000e+01   1.6079470e-15   2.3675000e-01   2.3675000e-01
   2.5000000e+01   2.5000000e+01   1.5458026e-15   2.3518750e-01   2.3518750e-01
   2.6000000e+01   2.5000000e+01   1.6972252e-15   2.4262500e-01   2.4262500e-01
   2.7000000e+01   2.5000000e+01   1.7044236e-15   2.5171875e-01   2.5171875e-01
   2.8000000e+01   2.5000000e+01   1.8384280e-15   2.6384375e-01   2.6384375e-01
   2.9000000e+01   2.5000000e+01   1.9318033e-15   2.8325000e-01   2.8325000e-01
   3.0000000e+01   2.5000000e+01   1.9419331e-15   2.9437500e-01   2.9437500e-01
   3.1000000e+01   2.5000000e+01   1.9540685e-15   2.9012500e-01   2.9012500e-01
   3.2000000e+01   2.5000000e+01   1.9671455e-15   2.7981250e-01   2.7981250e-01
   3.3000000e+01   2.5000000e+01   1.8094797e-15   2.7287500e-01   2.7287500e-01
   3.4000000e+01   2.5000000e+01   1.6989296e-15   2.6337500e-01   2.6337500e-01
   3.5000000e+01   2.5000000e+01   1.8534828e-15   2.4975000e-01   2.4975000e-01
   1.0000000e+00   2.6000000e+01   1.7912791e-15   2.7062500e-01   2.7062500e-01
   2.0000000e+00   2.6000000e+01   1.7794690e-15   2.6734375e-01   2.6734375e-01
   3.0000000e+00   2.6000000e+01   1.8938461e-15   2.5593750e-01   2.5593750e-01
   4.0000000e+00   2.6000000e+01   1.7770543e-15   2.6268750e-01   2.6268750e-01
   5.0000000e+00   2.6000000e+01   1.7059421e-15   2.5659375e-01   2.5659375e-01
   6.0000000e+00   2.6000000e+01   1.5362976e-15   2.3690625e-01   2.3690625e-01
   7.0000000e+00   2.6000000e+01   1.5549744e-15   2.3734375e-01   2.3734375e-01
   8.0000000e+00   2.6000000e+01   1.4639901e-15   2.3153125e-01   2.3153125e-01
   9.0000000e+00   2.6000000e+01   1.5003641e-15   2.3753125e-01   2.3753125e-01
   1.0000000e+01   2.6000000e+01   1.7287988e-15   2.3909375e-01   2.3909375e-01
   1.1000000e+01   2.6000000e+01   1.7205786e-15   2.5468750e-01   2.5468750e-01
   1.2000000e+01   2.6000000e+01   1.7898932e-15   2.7325000e-01   2.7325000e-01
   1.3000000e+01   2.6000000e+01   1.9959183e-15   2.7865625e-01   2.7865625e-01
   1.4000000e+01   2.6000000e+01   1.9370023e-15   2.8662500e-01   2.8662500e-01
   1.5000000e+01   2.6000000e+01   1.9349080e-15   2.7487500e-01   2.7487500e-01
   1.6000000e+01   2.6000000e+01   1.8511765e-15   2.7331250e-01   2.7331250e-01
   1.7000000e+01   2.6000000e+01   1.7605618e-15   2.5909375e-01   2.5909375e-01
   1.8000000e+01   2.6000000e+01   1.7007273e-15   2.5628125e-01   2.5628125e-01
   1.9000000e+01   2.6000000e+01   1.6072919e-15   2.5296875e-01   2.5296875e-01
   2.0000000e+01   2.6000000e+01   1.7688242e-15   2.4090625e-01   2.4090625e-01
   2.1000000e+01   2.6000000e+01   1.6216340e-15   2.4381250e-01   2.4381250e-01
   2.2000000e+01   2.6000000e+01   1.5129796e-15   2.3912500e-01   2.3912500e-01
   2.3000000e+01   2.6000000e+01   1.4847709e-15   2.2509375e-01   2.2509375e-01
   2.4000000e+01   2.6000000e+01   1.4570152e-15   2.2209375e-01   2.2209375e-01
   2.5000000e+01   2.6000000e+01   1.4702857e-15   2.2984375e-01   2.2984375e-01
   2.6000000e+01   2.6000000e+01   1.3940307e-15   2.3568750e-01   2.3568750e-01
   2.7000000e+01   2.6000000e+01   1.5780976e-15   2.3846875e-01   2.3846875e-01
   2.8000000e+01   2.6000000e+01   1.7197299e-15   2.5834375e-01   2.5834375e-01
   2.9000000e+01   2.6000000e+01   1.7386187e-15   2.7259375e-01   2.7259375e-01
   3.0000000e+01   2.6000000e+01   1.8415807e-15   2.7615625e-01   2.7615625e-01
   3.1000000e+01   2.6000000e+01   1.9792155e-15   2.7553125e-01   2.7553125e-01
   3.2000000e+01   2.6000000e+01   1.8329181e-15   2.7259375e-01   2.7259375e-01
   3.3000000e+01   2.6000000e+01   1.6967186e-15   2.6462500e-01   2.6462500e-01
   3.4000000e+01   2.6000000e+01   1.6298629e-15   2.5912500e-01   2.5912500e-01
   3.5000000e+01   2.6000000e+01   1.6058180e-15   2.5537500e-01   2.5537500e-01
   1.0000000e+00   2.7000000e+01   1.7248785e-15   2.6471875e-01   2.6471875e-01
   2.0000000e+00   2.7000000e+01   1.5131357e-15   2.5434375e-01   2.5434375e-01
   3.0000000e+00   2.7000000e+01   1.5996044e-15   2.4887500e-01   2.4887500e-01
   4.0000000e+00   2.7000000e+01   1.5494758e-15   2.4265625e-01   2.4265625e-01
   5.0000000e+00   2.7000000e+01   1.5934630e-15   2.3856250e-01   2.3856250e-01
   6.0000000e+00   2.7000000e+01   1.6321420e-15   2.2634375e-01   2.2634375e-01
   7.0000000e+00   2.7000000e+01   1.4313800e-15   2.2387500e-01   2.2387500e-01
   8.0000000e+00   2.7000000e+01   1.4077644e-15   2.2584375e-01   2.2584375e-01
   9.0000000e+00   2.7000000e+01   1.3716589e-15   2.2612500e-01   2.2612500e-01
   1.0000000e+01   2.7000000e+01   1.5526778e-15   2.4096875e-01   2.4096875e-01
   1.1000000e+01   2.7000000e+01   1.7365056e-15   2.5350000e-01   2.5350000e-01
   1.2000000e+01   2.7000000e+01   1.7944116e-15   2.6721875e-01   2.6721875e-01
   1.3000000e+01   2.7000000e+01   1.8156660e-15   2.7909375e-01   2.7909375e-01
   1.4000000e+01   2.7000000e+01   1.7245010e-15   2.7734375e-01   2.7734375e-01
   1.5000000e+01   2.7000000e+01   1.7441676e-15   2.7706250e-01   2.7706250e-01
   1.6000000e+01   2.7000000e+01   1.7261382e-15   2.6953125e-01   2.6953125e-01
   1.7000000e+01   2.7000000e+01   1.6588038e-15   2.6340625e-01   2.6340625e-01
   1.8000000e+01   2.7000000e+01   1.6683824e-15   2.5812500e-01   2.5812500e-01
   1.9000000e+01   2.7000000e+01   1.5654541e-15   2.4862500e-01   2.4862500e-01
   2.0000000e+01   2.7000000e+01   1.6035880e-15   2.3996875e-01   2.3996875e-01
   2.1000000e+01   2.7000000e+01   1.5351324e-15   2.3503125e-01   2.3503125e-01
   2.2000000e+01   2.7000000e+01   1.5903764e-15   2.3431250e-01   2.3431250e-01
   2.3000000e+01   2.7000000e+01   1.5716553e-15   2.2487500e-01   2.2487500e-01
   2.4000000e+01   2.7000000e+01   1.4112118e-15   2.0856250e-01   2.0856250e-01
   2.5000000e+01   2.7000000e+01   1.4486959e-15   2.2543750e-01   2.2543750e-01
   2.6000000e+01   2.7000000e+01   1.5334801e-15   2.3403125e-01   2.3403125e-01
   2.7000000e+01   2.7000000e+01   1.7136357e-15   2.4659375e-01   2.4659375e-01
   2.8000000e+01   2.7000000e+01   1.6978205e-15   2.6350000e-01   2.6350000e-01
   2.9000000e+01   2.7000000e+01   1.8358491e-15   2.7618750e-01   2.7618750e-01
   3.0000000e+01   2.7000000e+01   1.9376254e-15   2.7359375e-01   2.7359375e-01
   3.1000000e+01   2.7000000e+01   1.7845608e-15   2.8134375e-01   2.8134375e-01
   3.2000000e+01   2.7000000e+01   1.8516009e-15   2.6456250e-01   2.6456250e-01
   3.3000000e+01   2.7000000e+01   1.6172740e-15   2.6268750e-01   2.6268750e-01
   3.4000000e+01   2.7000000e+01   1.7450566e-15   2.5459375e-01   2.5459375e-01
   3.5000000e+01   2.7000000e+01   1.5875429e-15   2.5221875e-01   2.5221875e-01
   1.0000000e+00   2.8000000e+01   1.8149943e-15   2.5596875e-01   2.5596875e-01
   2.0000000e+00   2.8000000e+01   1.6254050e-15   2.5403125e-01   2.5403125e-01
   3.0000000e+00   2.8000000e+01   1.5718033e-15   2.4621875e-01   2.4621875e-01
   4.0000000e+00   2.8000000e+01   1.5334096e-15   2.3456250e-01   2.3456250e-01
   5.0000000e+00   2.8000000e+01   1.4616052e-15   2.3556250e-01   2.3556250e-01
   6.0000000e+00   2.8000000e+01   1.4318714e-15   2.3256250e-01   2.3256250e-01
   7.0000000e+00   2.8000000e+01   1.4497627e-15   2.2684375e-01   2.2684375e-01
   8.0000000e+00   2.8000000e+01   1.4021662e-15   2.1981250e-01   2.1981250e-01
   9.0000000e+00   2.8000000e+01   1.5189255e-15   2.1943750e-01   2.1943750e-01
   1.0000000e+01   2.8000000e+01   1.5153497e-15   2.4168750e-01   2.4168750e-01
   1.1000000e+01   2.8000000e+01   1.8007968e-15   2.5056250e-01   2.5056250e-01
   1.2000000e+01   2.8000000e+01   1.7613674e-15   2.6906250e-01   2.6906250e-01
   1.3000000e+01   2.8000000e+01   1.9420046e-15   2.7096875e-01   2.7096875e-01
   1.4000000e+01   2.8000000e+01   1.7416898e-15   2.7915625e-01   2.7915625e-01
   1.5000000e+01   2.8000000e+01   1.8729307e-15   2.7537500e-01   2.7537500e-01
   1.6000000e+01   2.8000000e+01   1.7224161e-15   2.7000000e-01   2.7000000e-01
   1.7000000e+01   2.8000000e+01   1.7245887e-15   2.5787500e-01   2.5787500e-01
   1.8000000e+01   2.8000000e+01   1.6527339e-15   2.4225000e-01   2.4225000e-01
   1.9000000e+01   2.8000000e+01   1.6224534e-15   2.4515625e-01   2.4515625e-01
   2.0000000e+01   2.8000000e+01   1.5840754e-15   2.3040625e-01   2.3040625e-01
   2.1000000e+01   2.8000000e+01   1.5069657e-15   2.3737500e-01   2.3737500e-01
   2.2000000e+01   2.8000000e+01   1.6074454e-15   2.3231250e-01   2.3231250e-01
   2.3000000e+01   2.8000000e+01   1.4804540e-15   2.3837500e-01   2.3837500e-01
   2.4000000e+01   2.8000000e+01   1.4523504e-15   2.2356250e-01   2.2356250e-01
   2.5000000e+01   2.8000000e+01   1.4363846e-15   2.1403125e-01   2.1403125e-01
   2.6000000e+01   2.8000000e+01   1.4338063e-15   2.3396875e-01   2.3396875e-01
   2.7000000e+01   2.8000000e+01   1.6580111e-15   2.5065625e-01   2.5065625e-01
   2.8000000e+01   2.8000000e+01   1.7911242e-15   2.5915625e-01   2.5915625e-01
   2.9000000e+01   2.8000000e+01   1.8030637e-15   2.7981250e-01   2.7981250e-01
   3.0000000e+01   2.8000000e+01   1.8838929e-15   2.8365625e-01   2.8365625e-01
   3.1000000e+01   2.8000000e+01   1.9049653e-15   2.8325000e-01   2.8325000e-01
   3.2000000e+01   2.8000000e+01   1.8167626e-15   2.7121875e-01   2.7121875e-01
   3.3000000e+01   2.8000000e+01   1.7489957e-15   2.5856250e-01   2.5856250e-01
   3.4000000e+01   2.8000000e+01   1.6588452e-15   2.5121875e-01   2.5121875e-01
   3.5000000e+01   2.8000000e+01   1.6017314e-15   2.4709375e-01   2.4709375e-01
   1.0000000e+00   2.9000000e+01   1.5811603e-15   2.5171875e-01   2.5171875e-01
   2.0000000e+00   2.9000000e+01   1.6151229e-15   2.4731250e-01   2.4731250e-01
   3.0000000e+00   2.9000000e+01   1.6183080e-15   2.4262500e-01   2.4262500e-01
   4.0000000e+00   2.9000000e+01   1.6067408e-15   2.3850000e-01   2.3850000e-01
   5.0000000e+00   2.9000000e+01   1.7027144e-15   2.3531250e-01   2.3531250e-01
   6.0000000e+00   2.9000000e+01   1.4841866e-15   2.4418750e-01   2.4418750e-01
   7.0000000e+00   2.9000000e+01   1.6189594e-15   2.3768750e-01   2.3768750e-01
   8.0000000e+00   2.9000000e+01   1.5009105e-15   2.1768750e-01   2.1768750e-01
   9.0000000e+00   2.9000000e+01   1.4643030e-15   2.2921875e-01   2.2921875e-01
   1.0000000e+01   2.9000000e+01   1.6886415e-15   2.3859375e-01   2.3859375e-01
   1.1000000e+01   2.9000000e+01   1.5818060e-15   2.5737500e-01   2.5737500e-01
   1.2000000e+01   2.9000000e+01   1.8410586e-15   2.7509375e-01   2.7509375e-01
   1.3000000e+01   2.9000000e+01   1.9028536e-15   2.8218750e-01   2.8218750e-01
   1.4000000e+01   2.9000000e+01   1.9463165e-15   2.8518750e-01   2.8518750e-01
   1.5000000e+01   2.9000000e+01   1.8868521e-15   2.6956250e-01   2.6956250e-01
   1.6000000e+01   2.9000000e+01   1.7689236e-15   2.6534375e-01   2.6534375e-01
   1.7000000e+01   2.9000000e+01   1.7467880e-15   2.4246875e-01   2.4246875e-01
   1.8000000e+01   2.9000000e+01   1.5273023e-15   2.4240625e-01   2.4240625e-01
   1.9000000e+01   2.9000000e+01   1.6250370e-15   2.4268750e-01   2.4268750e-01
   2.0000000e+01   2.9000000e+01   1.6382465e-15   2.4043750e-01   2.4043750e-01
   2.1000000e+01   2.9000000e+01   1.5775684e-15   2.4534375e-01   2.4534375e-01
   2.2000000e+01   2.9000000e+01   1.6920955e-15   2.4868750e-01   2.4868750e-01
   2.3000000e+01   2.9000000e+01   1.5570196e-15   2.4631250e-01   2.4631250e-01
   2.4000000e+01   2.9000000e+01   1.5559816e-15   2.3403125e-01   2.3403125e-01
   2.5000000e+01   2.9000000e+01   1.5899703e-15   2.2321875e-01   2.2321875e-01
   2.6000000e+01   2.9000000e+01   1.5093620e-15   2.3906250e-01   2.3906250e-01
   2.7000000e+01   2.9000000e+01   1.6991753e-15   2.5140625e-01   2.5140625e-01
   2.8000000e+01   2.9000000e+01   1.6992191e-15   2.7465625e-01   2.7465625e-01
   2.9000000e+01   2.9000000e+01   1.9518875e-15   2.8668750e-01   2.8668750e-01
   3.0000000e+01   2.9000000e+01   2.0582302e-15   2.7859375e-01   2.7859375e-01
   3.1000000e+01   2.9000000e+01   1.8539150e-15   2.8721875e-01   2.8721875e-01
   3.2000000e+01   2.9000000e+01   1.9085352e-15   2.7328125e-01   2.7328125e-01
   3.3000000e+01   2.9000000e+01   1.6218008e-15   2.5990625e-01   2.5990625e-01
   3.4000000e+01   2.9000000e+01   1.7485937e-15   2.4728125e-01   2.4728125e-01
   3.5000000e+01   2.9000000e+01   1.5457874e-15   2.4765625e-01   2.4765625e-01
   1.0000000e+00   3.0000000e+01   1.5291479e-15   2.4818750e-01   2.4818750e-01
   2.0000000e+00   3.0000000e+01   1.6602702e-15   2.4418750e-01   2.4418750e-01
   3.0000000e+00   3.0000000e+01   1.5785211e-15   2.4765625e-01   2.4765625e-01
   4.0000000e+00   3.0000000e+01   1.6752416e-15   2.4615625e-01   2.4615625e-01
   5.0000000e+00   3.0000000e+01   1.6497225e-15   2.4581250e-01   2.4581250e-01
   6.0000000e+00   3.0000000e+01   1.6244063e-15   2.5215625e-01   2.5215625e-01
   7.0000000e+00   3.0000000e+01   1.5497012e-15   2.4409375e-01   2.4409375e-01
   8.0000000e+00   3.0000000e+01   1.5994750e-15   2.2562500e-01   2.2562500e-01
   9.0000000e+00   3.0000000e+01   1.4338148e-15   2.3328125e-01   2.3328125e-01
   1.0000000e+01   3.0000000e+01   1.6911246e-15   2.5015625e-01   2.5015625e-01
   1.1000000e+01   3.0000000e+01   1.8388639e-15   2.5931250e-01   2.5931250e-01
   1.2000000e+01   3.0000000e+01   1.9187749e-15   2.7950000e-01   2.7950000e-01
   1.3000000e+01   3.0000000e+01   1.9785319e-15   2.8284375e-01   2.8284375e-01
   1.4000000e+01   3.0000000e+01   1.9420274e-15   2.9312500e-01   2.9312500e-01
   1.5000000e+01   3.0000000e+01   1.9265136e-15   2.7850000e-01   2.7850000e-01
   1.6000000e+01   3.0000000e+01   1.8613812e-15   2.6884375e-01   2.6884375e-01
   1.7000000e+01   3.0000000e+01   1.7651346e-15   2.4362500e-01   2.4362500e-01
   1.8000000e+01   3.0000000e+01   1.5842608e-15   2.5053125e-01   2.5053125e-01
   1.9000000e+01   3.0000000e+01   1.7880605e-15   2.4840625e-01   2.4840625e-01
   2.0000000e+01   3.0000000e+01   1.6092712e-15   2.4912500e-01   2.4912500e-01
   2.1000000e+01   3.0000000e+01   1.6432052e-15   2.5068750e-01   2.5068750e-01
   2.2000000e+01   3.0000000e+01   1.6854583e-15   2.4831250e-01   2.4831250e-01
   2.3000000e+01   3.0000000e+01   1.6401756e-15   2.5000000e-01   2.5000000e-01
   2.4000000e+01   3.0000000e+01   1.5877720e-15   2.3765625e-01   2.3765625e-01
   2.5000000e+01   3.0000000e+01   1.6139180e-15   2.3096875e-01   2.3096875e-01
   2.6000000e+01   3.0000000e+01   1.5254475e-15   2.4503125e-01   2.4503125e-01
   2.7000000e+01   3.0000000e+01   1.7680421e-15   2.6162500e-01   2.6162500e-01
   2.8000000e+01   3.0000000e+01   1.9144187e-15   2.7859375e-01   2.7859375e-01
   2.9000000e+01   3.0000000e+01   1.8621713e-15   2.9090625e-01   2.9090625e-01
   3.0000000e+01   3.0000000e+01   2.1074905e-15   2.9787500e-01   2.9787500e-01
   3.1000000e+01   3.0000000e+01   1.9892671e-15   2.8253125e-01   2.8253125e-01
   3.2000000e+01   3.0000000e+01   1.8121900e-15   2.8006250e-01   2.8006250e-01
   3.3000000e+01   3.0000000e+01   1.8310867e-15   2.6675000e-01   2.6675000e-01
   3.4000000e+01   3.0000000e+01   1.8952016e-15   2.4703125e-01   2.4703125e-01
   3.5000000e+01   3.0000000e+01   1.6420918e-15   2.5606250e-01   2.5606250e-01
   1.0000000e+00   3.1000000e+01   1.7044085e-15   2.5396875e-01   2.5396875e-01
   2.0000000e+00   3.1000000e+01   1.8402730e-15   2.4712500e-01   2.4712500e-01
   3.0000000e+00   3.1000000e+01   1.6526506e-15   2.5115625e-01   2.5115625e-01
   4.0000000e+00   3.1000000e+01   1.6143339e-15   2.5059375e-01   2.5059375e-01
   5.0000000e+00   3.1000000e+01   1.7050141e-15   2.5281250e-01   2.5281250e-01
   6.0000000e+00   3.1000000e+01   1.7377183e-15   2.3993750e-01   2.3993750e-01
   7.0000000e+00   3.1000000e+01   1.5290589e-15   2.4540625e-01   2.4540625e-01
   8.0000000e+00   3.1000000e+01   1.4919227e-15   2.3656250e-01   2.3656250e-01
   9.0000000e+00   3.1000000e+01   1.6897437e-15   2.4528125e-01   2.4528125e-01
   1.0000000e+01   3.1000000e+01   1.7350669e-15   2.5300000e-01   2.5300000e-01
   1.1000000e+01   3.1000000e+01   1.7681541e-15   2.6578125e-01   2.6578125e-01
   1.2000000e+01   3.1000000e+01   1.8327233e-15   2.8490625e-01   2.8490625e-01
   1.3000000e+01   3.1000000e+01   1.9855430e-15   2.9437500e-01   2.9437500e-01
   1.4000000e+01   3.1000000e+01   2.0653881e-15   2.9525000e-01   2.9525000e-01
   1.5000000e+01   3.1000000e+01   1.9651609e-15   2.6928125e-01   2.6928125e-01
   1.6000000e+01   3.1000000e+01   1.8906032e-15   2.7856250e-01   2.7856250e-01
   1.7000000e+01   3.1000000e+01   1.6988525e-15   2.5681250e-01   2.5681250e-01
   1.8000000e+01   3.1000000e+01   1.7368990e-15   2.5387500e-01   2.5387500e-01
   1.9000000e+01   3.1000000e+01   1.8098556e-15   2.4462500e-01   2.4462500e-01
   2.0000000e+01   3.1000000e+01   1.6082942e-15   2.5075000e-01   2.5075000e-01
   2.1000000e+01   3.1000000e+01   1.6475544e-15   2.5281250e-01   2.5281250e-01
   2.2000000e+01   3.1000000e+01   1.6027255e-15   2.4506250e-01   2.4506250e-01
   2.3000000e+01   3.1000000e+01   1.6199287e-15   2.4081250e-01   2.4081250e-01
   2.4000000e+01   3.1000000e+01   1.7094465e-15   2.3525000e-01   2.3525000e-01
   2.5000000e+01   3.1000000e+01   1.6495991e-15   2.2584375e-01   2.2584375e-01
   2.6000000e+01   3.1000000e+01   1.7194971e-15   2.5296875e-01   2.5296875e-01
   2.7000000e+01   3.1000000e+01   1.6789558e-15   2.6503125e-01   2.6503125e-01
   2.8000000e+01   3.1000000e+01   1.9171758e-15   2.8478125e-01   2.8478125e-01
   2.9000000e+01   3.1000000e+01   2.0748447e-15   2.9903125e-01   2.9903125e-01
   3.0000000e+01   3.1000000e+01   2.1101471e-15   2.8346875e-01   2.8346875e-01
   3.1000000e+01   3.1000000e+01   1.9902449e-15   2.9843750e-01   2.9843750e-01
   3.2000000e+01   3.1000000e+01   1.8449059e-15   2.8534375e-01   2.8534375e-01
   3.3000000e+01   3.1000000e+01   1.7850706e-15   2.6912500e-01   2.6912500e-01
   3.4000000e+01   3.1000000e+01   1.8010642e-15   2.5906250e-01   2.5906250e-01
   3.5000000e+01   3.1000000e+01   1.8943003e-15   2.5481250e-01   2.5481250e-01
   1.0000000e+00   3.2000000e+01   1.7365858e-15   2.6150000e-01   2.6150000e-01
   2.0000000e+00   3.2000000e+01   1.6403971e-15   2.5868750e-01   2.5868750e-01
   3.0000000e+00   3.2000000e+01   1.6429989e-15   2.6012500e-01   2.6012500e-01
   4.0000000e+00   3.2000000e+01   1.6236390e-15   2.5303125e-01   2.5303125e-01
   5.0000000e+00   3.2000000e+01   1.6725454e-15   2.4893750e-01   2.4893750e-01
   6.0000000e+00   3.2000000e+01   1.6401914e-15   2.4425000e-01   2.4425000e-01
   7.0000000e+00   3.2000000e+01   1.6390224e-15   2.3821875e-01   2.3821875e-01
   8.0000000e+00   3.2000000e+01   1.5614144e-15   2.3746875e-01   2.3746875e-01
   9.0000000e+00   3.2000000e+01   1.6168312e-15   2.4331250e-01   2.4331250e-01
   1.0000000e+01   3.2000000e+01   1.7311695e-15   2.5684375e-01   2.5684375e-01
   1.1000000e+01   3.2000000e+01   1.8486401e-15   2.6893750e-01   2.6893750e-01
   1.2000000e+01   3.2000000e+01   2.0296916e-15   2.8093750e-01   2.8093750e-01
   1.3000000e+01   3.2000000e+01   2.1343632e-15   2.8125000e-01   2.8125000e-01
   1.4000000e+01   3.2000000e+01   2.0005327e-15   2.8015625e-01   2.8015625e-01
   1.5000000e+01   3.2000000e+01   1.9483509e-15   2.7350000e-01   2.7350000e-01
   1.6000000e+01   3.2000000e+01   1.8955523e-15   2.5940625e-01   2.5940625e-01
   1.7000000e+01   3.2000000e+01   1.8344597e-15   2.5018750e-01   2.5018750e-01
   1.8000000e+01   3.2000000e+01   1.6537050e-15   2.4143750e-01   2.4143750e-01
   1.9000000e+01   3.2000000e+01   1.5857257e-15   2.5171875e-01   2.5171875e-01
   2.0000000e+01   3.2000000e+01   1.6212959e-15   2.5587500e-01   2.5587500e-01
   2.1000000e+01   3.2000000e+01   1.6187627e-15   2.5275000e-01   2.5275000e-01
   2.2000000e+01   3.2000000e+01   1.5603606e-15   2.4103125e-01   2.4103125e-01
   2.3000000e+01   3.2000000e+01   1.4371778e-15   2.3621875e-01   2.3621875e-01
   2.4000000e+01   3.2000000e+01   1.5283325e-15   2.3643750e-01   2.3643750e-01
   2.5000000e+01   3.2000000e+01   1.5514071e-15   2.3540625e-01   2.3540625e-01
   2.6000000e+01   3.2000000e+01   1.7057912e-15   2.3796875e-01   2.3796875e-01
   2.7000000e+01   3.2000000e+01   1.8967808e-15   2.5246875e-01   2.5246875e-01
   2.8000000e+01   3.2000000e+01   2.0528829e-15   2.8203125e-01   2.8203125e-01
   2.9000000e+01   3.2000000e+01   1.9327868e-15   2.9493750e-01   2.9493750e-01
   3.0000000e+01   3.2000000e+01   2.0112060e-15   3.0053125e-01   3.0053125e-01
   3.1000000e+01   3.2000000e+01   2.0374219e-15   2.9784375e-01   2.9784375e-01
   3.2000000e+01   3.2000000e+01   1.9286208e-15   2.8637500e-01   2.8637500e-01
   3.3000000e+01   3.2000000e+01   1.8085182e-15   2.7678125e-01   2.7678125e-01
   3.4000000e+01   3.2000000e+01   1.7350266e-15   2.6212500e-01   2.6212500e-01
   3.5000000e+01   3.2000000e+01   1.6623315e-15   2.5606250e-01   2.5606250e-01
   1.0000000e+00   3.3000000e+01   1.7151592e-15   2.6128125e-01   2.6128125e-01
   2.0000000e+00   3.3000000e+01   1.6737884e-15   2.5512500e-01   2.5512500e-01
   3.0000000e+00   3.3000000e+01   1.8686504e-15   2.5075000e-01   2.5075000e-01
   4.0000000e+00   3.3000000e+01   1.5421585e-14   2.7525000e-01   2.7525000e-01
   5.0000000e+00   3.3000000e+01   1.3251906e-14   2.3081250e-01   2.3081250e-01
   6.0000000e+00   3.3000000e+01   2.5119113e-15   2.4084375e-01   2.4084375e-01
   7.0000000e+00   3.3000000e+01   5.6834474e-15   1.7096875e-01   1.7096875e-01
   8.0000000e+00   3.3000000e+01   1.8746410e-14   2.5240625e-01   2.5240625e-01
   9.0000000e+00   3.3000000e+01   1.8335051e-14   2.8812500e-01   2.8812500e-01
   1.0000000e+01   3.3000000e+01   1.9478371e-14   2.9609375e-01   2.9609375e-01
   1.1000000e+01   3.3000000e+01   2.3910091e-14   3.1796875e-01   3.1796875e-01
   1.2000000e+01   3.3000000e+01   2.1871685e-14   3.0903125e-01   3.0903125e-01
   1.3000000e+01   3.3000000e+01   2.0408003e-14   3.1687500e-01   3.1687500e-01
   1.4000000e+01   3.3000000e+01   1.9717648e-14   3.6193750e-01   3.6193750e-01
   1.5000000e+01   3.3000000e+01   2.3622532e-14   3.6943750e-01   3.6943750e-01
   1.6000000e+01   3.3000000e+01   2.2258814e-14   3.7106250e-01   3.7106250e-01
   1.7000000e+01   3.3000000e+01   2.1823732e-14   3.0521875e-01   3.0521875e-01
   1.8000000e+01   3.3000000e+01   1.4390565e-14   2.3040625e-01   2.3040625e-01
   1.9000000e+01   3.3000000e+01   1.7720313e-14   2.8646875e-01   2.8646875e-01
   2.0000000e+01   3.3000000e+01   1.9232983e-14   2.6909375e-01   2.6909375e-01
   2.1000000e+01   3.3000000e+01   1.1277161e-14   2.4250000e-01   2.4250000e-01
   2.2000000e+01   3.3000000e+01   1.5166771e-14   2.5225000e-01   2.5225000e-01
   2.3000000e+01   3.3000000e+01   8.3579534e-15   2.2950000e-01   2.2950000e-01
   2.4000000e+01   3.3000000e+01   1.5577204e-15   2.4150000e-01   2.4150000e-01
   2.5000000e+01   3.3000000e+01   1.5023199e-15   2.4459375e-01   2.4459375e-01
   2.6000000e+01   3.3000000e+01   1.5857477e-15   2.5137500e-01   2.5137500e-01
   2.7000000e+01   3.3000000e+01   1.7156947e-15   2.6418750e-01   2.6418750e-01
   2.8000000e+01   3.3000000e+01   1.9002726e-15   2.8596875e-01   2.8596875e-01
   2.9000000e+01   3.3000000e+01   1.9893303e-15   3.0075000e-01   3.0075000e-01
   3.0000000e+01   3.3000000e+01   2.0135224e-15   3.0406250e-01   3.0406250e-01
   3.1000000e+01   3.3000000e+01   2.1829368e-15   2.9525000e-01   2.9525000e-01
   3.2000000e+01   3.3000000e+01   2.0644610e-15   2.9853125e-01   2.9853125e-01
   3.3000000e+01   3.3000000e+01   1.9115694e-15   2.8593750e-01   2.8593750e-01
   3.4000000e+01   3.3000000e+01   1.8378074e-15   2.6987500e-01   2.6987500e-01
   3.5000000e+01   3.3000000e+01   1.6869228e-15   2.6006250e-01   2.6006250e-01
   1.0000000e+00   3.4000000e+01   1.7744217e-15   2.7203125e-01   2.7203125e-01
   2.0000000e+00   3.4000000e+01   1.6882085e-15   2.6256250e-01   2.6256250e-01
   3.0000000e+00   3.4000000e+01   1.6360228e-15   2.5040625e-01   2.5040625e-01
   4.0000000e+00   3.4000000e+01   1.8087359e-15   2.4825000e-01   2.4825000e-01
   5.0000000e+00   3.4000000e+01   1.7660824e-15   2.5181250e-01   2.5181250e-01
   6.0000000e+00   3.4000000e+01   1.6552198e-15   2.4518750e-01   2.4518750e-01
   7.0000000e+00   3.4000000e+01   1.5857114e-15   2.4350000e-01   2.4350000e-01
   8.0000000e+00   3.4000000e+01   1.6531336e-15   2.4578125e-01   2.4578125e-01
   9.0000000e+00   3.4000000e+01   1.6146100e-15   2.4668750e-01   2.4668750e-01
   1.0000000e+01   3.4000000e+01   1.6108868e-15   2.5343750e-01   2.5343750e-01
   1.1000000e+01   3.4000000e+01   1.7259298e-15   2.6684375e-01   2.6684375e-01
   1.2000000e+01   3.4000000e+01   1.8765114e-15   2.7184375e-01   2.7184375e-01
   1.3000000e+01   3.4000000e+01   2.1337502e-15   2.9946875e-01   2.9946875e-01
   1.4000000e+01   3.4000000e+01   2.0605223e-15   3.0443750e-01   3.0443750e-01
   1.5000000e+01   3.4000000e+01   1.9706747e-15   2.9946875e-01   2.9946875e-01
   1.6000000e+01   3.4000000e+01   1.8719432e-15   2.8431250e-01   2.8431250e-01
   1.7000000e+01   3.4000000e+01   1.9851127e-15   2.8278125e-01   2.8278125e-01
   1.8000000e+01   3.4000000e+01   1.7626160e-15   2.6771875e-01   2.6771875e-01
   1.9000000e+01   3.4000000e+01   1.6546582e-15   2.5912500e-01   2.5912500e-01
   2.0000000e+01   3.4000000e+01   1.7974012e-15   2.4587500e-01   2.4587500e-01
   2.1000000e+01   3.4000000e+01   1.7578495e-15   2.5715625e-01   2.5715625e-01
   2.2000000e+01   3.4000000e+01   1.5792891e-15   2.5156250e-01   2.5156250e-01
   2.3000000e+01   3.4000000e+01   1.6209040e-15   2.3915625e-01   2.3915625e-01
   2.4000000e+01   3.4000000e+01   1.6283027e-15   2.4831250e-01   2.4831250e-01
   2.5000000e+01   3.4000000e+01   1.6337629e-15   2.4971875e-01   2.4971875e-01
   2.6000000e+01   3.4000000e+01   1.5923473e-15   2.5281250e-01   2.5281250e-01
   2.7000000e+01   3.4000000e+01   1.7584109e-15   2.6800000e-01   2.6800000e-01
   2.8000000e+01   3.4000000e+01   2.0003538e-15   2.7368750e-01   2.7368750e-01
   2.9000000e+01   3.4000000e+01   2.0917164e-15   3.0615625e-01   3.0615625e-01
   3.0000000e+01   3.4000000e+01   2.1535192e-15   3.1471875e-01   3.1471875e-01
   3.1000000e+01   3.4000000e+01   2.0950577e-15   3.1425000e-01   3.1425000e-01
   3.2000000e+01   3.4000000e+01   2.0249752e-15   3.0975000e-01   3.0975000e-01
   3.3000000e+01   3.4000000e+01   1.9971857e-15   3.0165625e-01   3.0165625e-01
   3.4000000e+01   3.4000000e+01   1.9887997e-15   2.7100000e-01   2.7100000e-01
   3.5000000e+01   3.4000000e+01   1.8166608e-15   2.6846875e-01   2.6846875e-01
   1.0000000e+00   3.5000000e+01   1.8596071e-15   2.8615625e-01   2.8615625e-01
   2.0000000e+00   3.5000000e+01   1.8054101e-15   2.5884375e-01   2.5884375e-01
   3.0000000e+00   3.5000000e+01   1.8286997e-15   2.5834375e-01   2.5834375e-01
   4.0000000e+00   3.5000000e+01   1.7249732e-15   2.6340625e-01   2.6340625e-01
   5.0000000e+00   3.5000000e+01   1.7300107e-15   2.6162500e-01   2.6162500e-01
   6.0000000e+00   3.5000000e+01   1.5807167e-15   2.5512500e-01   2.5512500e-01
   7.0000000e+00   3.5000000e+01   1.7093149e-15   2.5271875e-01   2.5271875e-01
   8.0000000e+00   3.5000000e+01   1.7906434e-15   2.4759375e-01   2.4759375e-01
   9.0000000e+00   3.5000000e+01   1.6361995e-15   2.5184375e-01   2.5184375e-01
   1.0000000e+01   3.5000000e+01   1.7463173e-15   2.6025000e-01   2.6025000e-01
   1.1000000e+01   3.5000000e+01   1.7796611e-15   2.7475000e-01   2.7475000e-01
   1.2000000e+01   3.5000000e+01   1.9001495e-15   2.9159375e-01   2.9159375e-01
   1.3000000e+01   3.5000000e+01   2.0641310e-15   3.1128125e-01   3.1128125e-01
   1.4000000e+01   3.5000000e+01   2.2387043e-15   3.1118750e-01   3.1118750e-01
   1.5000000e+01   3.5000000e+01   2.1160346e-15   3.0900000e-01   3.0900000e-01
   1.6000000e+01   3.5000000e+01   1.9654315e-15   3.0453125e-01   3.0453125e-01
   1.7000000e+01   3.5000000e+01   1.9120587e-15   2.9178125e-01   2.9178125e-01
   1.8000000e+01   3.5000000e+01   1.9675516e-15   2.7250000e-01   2.7250000e-01
   1.9000000e+01   3.5000000e+01   1.8061795e-15   2.6643750e-01   2.6643750e-01
   2.0000000e+01   3.5000000e+01   1.6901685e-15   2.6137500e-01   2.6137500e-01
   2.1000000e+01   3.5000000e+01   7.4418211e-15   2.9921875e-01   2.9921875e-01
   2.2000000e+01   3.5000000e+01   1.6249512e-14   2.9334375e-01   2.9334375e-01
   2.3000000e+01   3.5000000e+01   1.5802874e-14   2.5625000e-01   2.5625000e-01
   2.4000000e+01   3.5000000e+01   2.5239759e-14   3.7953125e-01   3.7953125e-01
   2.5000000e+01   3.5000000e+01   6.2246077e-15   2.0356250e-01   2.0356250e-01
   2.6000000e+01   3.5000000e+01   9.8623438e-15   2.8284375e-01   2.8284375e-01
   2.7000000e+01   3.5000000e+01   7.5064118e-15   3.0896875e-01   3.0896875e-01
   2.8000000e+01   3.5000000e+01   1.2813722e-14   2.8818750e-01   2.8818750e-01
   2.9000000e+01   3.5000000e+01   1.5702395e-14   2.7384375e-01   2.7384375e-01
   3.0000000e+01   3.5000000e+01   2.1745599e-14   3.6978125e-01   3.6978125e-01
   3.1000000e+01   3.5000000e+01   5.1226497e-15   3.1175000e-01   3.1175000e-01
   3.2000000e+01   3.5000000e+01   7.8638137e-15   3.0581250e-01   3.0581250e-01
   3.3000000e+01   3.5000000e+01   3.9445103e-15   2.6762500e-01   2.6762500e-01
   3.4000000e+01   3.5000000e+01   6.4868527e-15   3.1990625e-01   3.1990625e-01
   3.5000000e+01   3.5000000e+01   9.6200506e-15   3.0678125e-01   3.0678125e-01
